20MICRONS,06-JAN-2021,41.8,41.85,40.5,40.9,256628,166964,1334
21STCENMGM,06-JAN-2021,10.85,10.85,10.5,10.7,6280,5028,65
3IINFOTECH,06-JAN-2021,7.75,7.75,7.75,7.75,1109387,1109387,612
3MINDIA,06-JAN-2021,21775.0,22100.0,21200.0,21458.4,8558,4934,3388
3PLAND,06-JAN-2021,11.45,11.5,10.65,11.35,9485,7031,81
5PAISA,06-JAN-2021,302.65,308.5,302.65,307.9,16456,10663,796
A2ZINFRA,06-JAN-2021,5.95,5.95,5.25,5.5,1705664,1118928,1719
AAKASH,06-JAN-2021,76.5,78.0,74.9,77.75,61669,24548,725
AARON,06-JAN-2021,54.95,54.95,52.8,53.65,8400,6334,45
AARTIDRUGS,06-JAN-2021,713.0,735.0,713.0,719.65,572821,195005,19486
AARTIIND,06-JAN-2021,1337.2,1349.9,1280.0,1290.55,411809,117633,24879
AARTISURF,06-JAN-2021,1030.0,1048.0,1000.0,1014.05,18481,11656,1411
AARVI,06-JAN-2021,49.85,49.85,44.5,46.25,42513,31159,385
AAVAS,06-JAN-2021,2040.9,2053.0,1886.1,1910.3,226683,146452,14499
ABB,06-JAN-2021,1295.0,1316.0,1291.0,1297.65,108081,56178,6210
ABBOTINDIA,06-JAN-2021,15689.25,15800.0,15483.55,15550.95,15681,9023,5119
ABCAPITAL,06-JAN-2021,89.6,90.5,87.3,88.55,2915411,1017821,19565
ABFRL,06-JAN-2021,167.65,168.85,164.6,166.7,1567365,651417,19766
ABSLBANETF,06-JAN-2021,320.0,320.0,314.11,318.24,49,42,10
ABSLNN50ET,06-JAN-2021,327.0,328.0,315.0,327.29,376,240,39
ACC,06-JAN-2021,1658.0,1679.0,1641.0,1674.45,1755315,350684,47451
ACCELYA,06-JAN-2021,967.85,991.4,953.8,961.0,7194,4151,1072
ACCURACY,06-JAN-2021,37.45,37.5,36.5,37.15,46341,36774,112
ACE,06-JAN-2021,146.65,147.8,140.0,142.75,488780,272598,5537
ADANIENT,06-JAN-2021,496.0,500.65,484.25,490.9,3295461,441818,31038
ADANIGAS,06-JAN-2021,375.4,377.0,365.6,369.4,1210896,749401,18561
ADANIGREEN,06-JAN-2021,1100.0,1111.0,1080.0,1107.25,427847,220893,22661
ADANIPORTS,06-JAN-2021,501.8,504.95,489.5,496.8,5203982,811974,55841
ADANIPOWER,06-JAN-2021,50.0,51.85,49.0,50.7,10891911,5029723,30450
ADANITRANS,06-JAN-2021,441.0,459.8,437.7,454.25,1594908,469818,33337
ADFFOODS,06-JAN-2021,642.0,652.3,623.0,632.6,45069,20466,1862
ADORWELD,06-JAN-2021,317.0,320.0,301.0,304.75,230590,86420,7072
ADSL,06-JAN-2021,42.2,44.0,40.4,40.65,458081,309560,3047
ADVENZYMES,06-JAN-2021,328.0,334.7,325.0,327.8,199027,81940,5824
AEGISCHEM,06-JAN-2021,256.0,259.0,251.0,252.9,167369,89846,9418
AFFLE,06-JAN-2021,4036.0,4038.0,3905.0,3944.55,48697,28491,11543
AGARIND,06-JAN-2021,105.8,105.8,100.2,103.0,12683,8819,329
AGROPHOS,06-JAN-2021,16.75,16.75,15.75,16.05,150519,79696,533
AHLEAST,06-JAN-2021,165.85,169.75,164.45,165.25,909,538,78
AHLUCONT,06-JAN-2021,264.95,266.2,260.35,261.55,118284,106718,2703
AHLWEST,06-JAN-2021,258.95,268.0,257.05,260.8,1089,528,145
AIAENG,06-JAN-2021,2021.0,2021.55,1968.05,1987.7,34882,24437,5910
AIRAN,06-JAN-2021,18.0,19.35,18.0,18.65,48289,37864,359
AJANTPHARM,06-JAN-2021,1676.5,1710.0,1665.0,1702.55,204496,92451,22506
AJMERA,06-JAN-2021,139.5,141.3,136.0,136.75,104696,45572,1918
AKASH,06-JAN-2021,232.5,233.9,222.0,224.35,11209,10771,127
AKSHARCHEM,06-JAN-2021,264.0,272.5,263.0,270.45,47703,26703,1814
AKSHOPTFBR,06-JAN-2021,7.5,8.1,7.45,8.1,1891853,917383,1478
AKZOINDIA,06-JAN-2021,2460.1,2506.25,2415.0,2439.0,29467,18289,3616
ALANKIT,06-JAN-2021,19.5,19.6,18.7,18.8,152017,93713,703
ALBERTDAVD,06-JAN-2021,449.0,483.4,449.0,465.45,145531,59145,5689
ALEMBICLTD,06-JAN-2021,109.9,110.5,104.8,106.35,712206,364686,6420
ALICON,06-JAN-2021,375.0,385.05,352.6,375.9,14064,6436,884
ALKALI,06-JAN-2021,50.95,54.8,49.25,53.85,281868,150371,2574
ALKEM,06-JAN-2021,2999.95,3017.95,2972.0,2984.5,110942,88790,7348
ALKYLAMINE,06-JAN-2021,5200.0,5610.0,4952.0,5095.3,1059873,103093,174492
ALLCARGO,06-JAN-2021,133.7,134.6,132.2,133.05,224915,140514,2519
ALLSEC,06-JAN-2021,285.9,294.65,281.0,283.55,15754,10412,593
ALMONDZ,06-JAN-2021,20.9,21.35,20.5,20.55,19043,15708,169
ALOKINDS,06-JAN-2021,22.95,23.15,22.45,22.65,8068284,3974165,12458
AMARAJABAT,06-JAN-2021,985.0,993.75,966.4,978.65,723136,107984,22191
AMBER,06-JAN-2021,2449.95,2699.0,2440.25,2632.15,1263603,249329,143973
AMBIKCO,06-JAN-2021,861.0,924.0,861.0,894.2,60817,34551,3841
AMBUJACEM,06-JAN-2021,255.4,262.0,253.25,261.1,8653520,3024167,65141
AMDIND,06-JAN-2021,22.7,23.05,21.35,21.9,85246,55235,578
AMJLAND,06-JAN-2021,26.4,29.5,26.15,27.8,128075,79118,974
AMRUTANJAN,06-JAN-2021,566.0,571.2,539.1,547.45,157064,56419,6936
ANANTRAJ,06-JAN-2021,27.15,27.3,26.25,26.7,725241,447775,1823
ANDHRACEMT,06-JAN-2021,6.35,6.5,6.1,6.2,748283,365611,940
ANDHRAPAP,06-JAN-2021,217.0,219.7,210.55,214.05,46962,24778,1416
ANDHRSUGAR,06-JAN-2021,323.95,334.6,320.2,331.5,244813,82268,5486
ANGELBRKG,06-JAN-2021,355.5,361.0,348.7,352.95,344067,206965,11507
ANKITMETAL,06-JAN-2021,1.85,1.85,1.85,1.85,40736,37736,36
ANSALHSG,06-JAN-2021,8.45,8.45,7.65,7.7,459351,240448,941
ANUP,06-JAN-2021,717.9,722.9,708.25,711.7,13971,7790,1389
APARINDS,06-JAN-2021,359.0,359.35,350.0,353.35,30920,16743,1303
APCL,06-JAN-2021,216.0,218.5,200.25,209.8,148764,69138,2257
APCOTEXIND,06-JAN-2021,164.0,166.45,161.3,163.2,50823,28124,1085
APEX,06-JAN-2021,308.8,313.0,303.1,304.8,115566,46374,3425
APLAPOLLO,06-JAN-2021,888.95,899.0,879.5,891.65,762569,670631,19404
APLLTD,06-JAN-2021,1104.4,1108.0,1054.8,1070.3,237232,128118,12373
APOLLO,06-JAN-2021,122.8,123.9,121.3,121.95,84539,37960,1523
APOLLOHOSP,06-JAN-2021,2522.0,2538.85,2481.0,2502.15,1108589,315783,33157
APOLLOPIPE,06-JAN-2021,708.0,727.65,693.0,700.1,38570,25999,1659
APOLLOTYRE,06-JAN-2021,187.5,189.7,183.75,186.4,6428061,1224559,32183
APOLSINHOT,06-JAN-2021,600.3,600.75,585.0,587.9,916,717,98
APTECHT,06-JAN-2021,153.3,157.7,149.0,152.55,617094,154003,7447
ARCHIDPLY,06-JAN-2021,43.7,44.7,39.4,40.15,508082,230841,3327
ARCHIES,06-JAN-2021,14.45,14.55,14.1,14.45,170211,145850,514
ARENTERP,06-JAN-2021,12.95,13.3,12.15,12.2,11025,10031,85
ARIES,06-JAN-2021,107.6,107.6,102.55,103.45,79433,41242,1262
ARIHANT,06-JAN-2021,24.95,26.45,23.5,24.65,4869,3441,143
ARIHANTSUP,06-JAN-2021,32.45,34.05,32.4,34.05,145338,141489,97
ARMANFIN,06-JAN-2021,715.0,744.0,695.85,708.3,14391,7663,1263
AROGRANITE,06-JAN-2021,49.85,50.9,48.35,49.0,67191,44868,622
ARROWGREEN,06-JAN-2021,63.7,66.85,61.6,62.65,25854,13343,568
ARSHIYA,06-JAN-2021,23.45,23.45,23.45,23.45,17482,17482,33
ARSSINFRA,06-JAN-2021,32.65,32.75,30.6,31.9,162100,103477,718
ARVIND,06-JAN-2021,49.6,52.45,49.25,50.95,3980543,1818697,12396
ARVINDFASN,06-JAN-2021,166.45,173.6,165.05,171.2,1619740,728305,18688
ARVSMART,06-JAN-2021,113.95,114.7,109.45,110.95,118517,71715,1757
ASAHIINDIA,06-JAN-2021,290.0,294.0,281.0,285.0,81422,44273,1838
ASAHISONG,06-JAN-2021,257.9,258.7,248.6,250.05,26743,16597,1067
ASAL,06-JAN-2021,27.45,28.1,27.25,27.25,8502,7517,87
ASALCBR,06-JAN-2021,330.0,330.0,315.4,321.95,68443,34616,2978
ASHAPURMIN,06-JAN-2021,131.95,132.0,125.75,132.0,1166132,628388,4221
ASHIANA,06-JAN-2021,105.25,107.25,103.5,104.6,121564,55726,1777
ASHOKA,06-JAN-2021,94.0,95.1,92.05,93.65,1283103,513254,6458
ASHOKLEY,06-JAN-2021,104.95,106.75,103.45,105.1,30608984,6541630,82717
ASIANHOTNR,06-JAN-2021,77.0,77.0,74.0,75.55,15208,7189,226
ASIANPAINT,06-JAN-2021,2801.3,2822.45,2780.0,2805.35,1697884,282628,81675
ASIANTILES,06-JAN-2021,294.95,297.9,289.15,290.85,177524,42096,2180
ASPINWALL,06-JAN-2021,167.05,172.05,163.45,165.4,3713,2836,86
ASTEC,06-JAN-2021,1296.8,1328.2,1259.0,1280.65,141000,93827,9816
ASTERDM,06-JAN-2021,170.35,173.35,166.1,167.3,131426,58413,2988
ASTRAL,06-JAN-2021,1783.5,1798.0,1702.05,1726.5,140067,56542,16378
ASTRAMICRO,06-JAN-2021,126.8,127.95,123.15,123.9,410387,183692,3926
ASTRAZEN,06-JAN-2021,4564.05,4597.65,4460.0,4467.95,88085,39733,12146
ASTRON,06-JAN-2021,53.3,54.25,52.3,52.5,65108,47018,550
ATFL,06-JAN-2021,852.0,864.0,845.05,852.1,14898,8146,1940
ATLANTA,06-JAN-2021,10.35,10.4,10.05,10.4,113422,87280,388
ATUL,06-JAN-2021,6640.0,6681.65,6554.8,6578.25,38716,25396,6007
ATULAUTO,06-JAN-2021,185.0,189.7,183.5,186.05,135841,66909,2522
AUBANK,06-JAN-2021,893.0,897.0,873.0,889.55,1308275,848072,23838
AURIONPRO,06-JAN-2021,92.45,92.45,86.2,88.3,44148,25844,373
AUROPHARMA,06-JAN-2021,979.9,983.6,954.45,968.85,2720088,782586,44262
AUSOMENT,06-JAN-2021,51.3,52.7,51.0,51.35,6348,5452,134
AUTOAXLES,06-JAN-2021,1070.0,1079.9,1030.0,1056.55,14401,6724,1472
AUTOIND,06-JAN-2021,35.5,35.5,33.1,35.0,43265,25726,401
AUTOLITIND,06-JAN-2021,25.15,25.6,24.1,24.4,12398,8300,198
AVADHSUGAR,06-JAN-2021,217.2,224.0,216.0,219.9,157284,55954,2849
AVANTIFEED,06-JAN-2021,525.0,530.0,515.05,518.75,399632,151860,11376
AVTNPL,06-JAN-2021,50.05,54.0,49.85,52.85,1031080,586607,5212
AWHCL,06-JAN-2021,361.0,373.5,358.05,361.2,1143788,298819,28396
AXISBANK,06-JAN-2021,662.0,667.15,649.15,654.25,20829645,6664514,232735
AXISBNKETF,06-JAN-2021,314.0,319.45,314.0,317.22,4537,4270,39
AXISCADES,06-JAN-2021,59.8,60.3,57.7,58.15,94072,55804,853
AXISGOLD,06-JAN-2021,44.68,45.09,44.68,44.91,136559,100709,1158
AXISNIFTY,06-JAN-2021,147.32,147.56,145.98,146.89,3415,3223,164
BAJAJ-AUTO,06-JAN-2021,3492.65,3527.0,3435.9,3462.7,591620,138698,43881
BAJAJCON,06-JAN-2021,230.0,231.3,216.55,224.45,334577,163497,7023
BAJAJELEC,06-JAN-2021,624.4,646.8,621.95,629.55,300936,64704,7975
BAJAJFINSV,06-JAN-2021,8900.0,8900.0,8636.0,8786.35,599193,143186,60429
BAJAJHIND,06-JAN-2021,6.25,7.1,6.25,6.95,27690130,12516280,14010
BAJAJHLDNG,06-JAN-2021,3067.0,3137.0,3067.0,3108.75,31359,15552,4313
BAJFINANCE,06-JAN-2021,5130.0,5168.35,4990.3,5030.3,3607923,1020849,202484
BALAJITELE,06-JAN-2021,70.9,71.65,68.5,69.2,221973,123420,2096
BALAMINES,06-JAN-2021,1077.9,1277.75,1074.05,1221.05,1258354,332240,62962
BALAXI,06-JAN-2021,652.0,652.0,609.0,616.75,3114,1864,245
BALKRISIND,06-JAN-2021,1681.95,1693.5,1656.1,1679.3,386405,110180,17731
BALMLAWRIE,06-JAN-2021,129.5,129.75,125.05,126.25,456492,206589,6097
BALRAMCHIN,06-JAN-2021,170.2,176.2,169.75,174.2,2058925,913386,16466
BANARBEADS,06-JAN-2021,57.25,63.9,57.25,59.95,173499,74839,1851
BANARISUG,06-JAN-2021,1463.0,1574.85,1401.2,1498.45,8712,5546,799
BANCOINDIA,06-JAN-2021,142.9,146.7,140.6,142.6,274494,84730,9054
BANDHANBNK,06-JAN-2021,403.95,409.25,394.6,396.0,9455430,3213816,95874
BANG,06-JAN-2021,31.45,31.45,29.5,29.7,10731,7484,216
BANKA,06-JAN-2021,62.55,62.55,57.25,62.55,23394,22457,162
BANKBARODA,06-JAN-2021,66.0,67.7,64.7,65.5,47643226,5991330,77338
BANKBEES,06-JAN-2021,320.64,321.26,317.4,319.67,608840,164881,7418
BANKINDIA,06-JAN-2021,51.0,52.45,50.6,51.2,7617139,2052158,18776
BANSWRAS,06-JAN-2021,140.05,141.9,135.0,137.5,53345,43359,658
BASF,06-JAN-2021,1670.0,1773.95,1670.0,1695.6,306198,82157,18835
BATAINDIA,06-JAN-2021,1618.0,1681.95,1610.0,1658.3,3377267,507967,113167
BAYERCROP,06-JAN-2021,5554.0,5774.25,5520.85,5678.5,76687,36894,10867
BBL,06-JAN-2021,900.05,914.0,881.3,895.0,21406,9869,2123
BBTC,06-JAN-2021,1299.95,1354.7,1292.0,1302.95,265264,76859,15188
BCG,06-JAN-2021,8.25,8.5,8.25,8.25,4313119,2774849,4515
BDL,06-JAN-2021,354.15,360.6,350.05,355.25,1290056,425536,28085
BEARDSELL,06-JAN-2021,10.3,10.45,9.65,9.8,48881,36066,191
BECTORFOOD,06-JAN-2021,476.0,481.7,461.7,464.15,1166890,363950,39177
BEDMUTHA,06-JAN-2021,28.0,28.55,26.7,26.95,28764,20045,346
BEL,06-JAN-2021,132.0,135.4,129.65,133.15,24699603,6267575,85666
BEML,06-JAN-2021,1010.0,1040.0,975.25,993.9,1438147,242558,45209
BEPL,06-JAN-2021,148.15,159.0,147.15,151.7,2080224,895738,21075
BERGEPAINT,06-JAN-2021,791.5,794.35,775.6,783.0,1007682,236255,41732
BFINVEST,06-JAN-2021,300.9,302.4,293.0,293.75,25507,13160,1049
BFUTILITIE,06-JAN-2021,296.95,298.5,283.9,287.55,341986,132759,7392
BHAGERIA,06-JAN-2021,167.0,168.3,162.5,163.6,60977,30760,1648
BHAGYAPROP,06-JAN-2021,25.35,25.35,23.4,23.7,19601,13098,171
BHANDARI,06-JAN-2021,3.0,3.0,3.0,3.0,184386,184386,113
BHARATFORG,06-JAN-2021,557.0,559.0,542.1,548.3,1600465,374513,25418
BHARATRAS,06-JAN-2021,9540.0,9617.95,9440.0,9486.8,3574,1545,1611
BHARATWIRE,06-JAN-2021,38.55,38.6,36.6,37.45,27036,20965,329
BHARTIARTL,06-JAN-2021,515.0,531.75,513.1,525.3,30269288,10666667,268788
BHEL,06-JAN-2021,40.35,40.65,38.25,39.4,78478570,14593102,95425
BIL,06-JAN-2021,153.95,156.3,149.7,152.25,4179,3276,135
BINDALAGRO,06-JAN-2021,20.4,22.7,20.3,21.05,692532,366204,3130
BIOCON,06-JAN-2021,467.35,469.25,453.8,459.75,2960254,1020273,35782
BIRLACABLE,06-JAN-2021,67.15,74.2,63.45,69.2,2207656,694536,18572
BIRLACORPN,06-JAN-2021,733.9,747.1,728.0,743.9,478946,349770,11011
BIRLAMONEY,06-JAN-2021,46.4,46.9,45.55,45.95,337911,185457,2646
BIRLATYRE,06-JAN-2021,29.3,30.1,29.1,29.25,399103,279202,2823
BLBLIMITED,06-JAN-2021,6.1,6.1,5.75,5.95,22443,17141,51
BLISSGVS,06-JAN-2021,200.7,207.0,194.7,203.2,1379569,727373,10757
BLKASHYAP,06-JAN-2021,12.45,12.7,11.5,11.5,838062,594566,1679
BLS,06-JAN-2021,95.7,95.7,90.0,94.25,445958,199395,3780
BLUEDART,06-JAN-2021,4040.0,4069.0,3970.0,4005.0,48393,43829,2552
BLUESTARCO,06-JAN-2021,820.0,823.0,791.55,807.95,134448,64027,8955
BODALCHEM,06-JAN-2021,82.0,82.65,78.1,79.45,633239,347501,4321
BOMDYEING,06-JAN-2021,77.15,80.2,76.6,78.4,4882590,1326829,21528
BOROLTD,06-JAN-2021,235.45,239.75,223.95,226.5,314230,157801,6365
BORORENEW,06-JAN-2021,290.0,295.75,272.0,273.3,1435602,731178,33128
BOSCHLTD,06-JAN-2021,13400.0,13620.0,13173.35,13302.9,65687,18816,12163
BPCL,06-JAN-2021,392.6,396.95,382.55,387.3,8072360,3281060,89945
BPL,06-JAN-2021,23.7,23.9,23.1,23.5,139321,77066,663
BRFL,06-JAN-2021,12.75,12.8,12.05,12.15,253943,179316,689
BRIGADE,06-JAN-2021,258.6,258.6,250.0,251.45,153202,95430,3898
BRITANNIA,06-JAN-2021,3568.0,3602.0,3510.0,3539.7,1099588,463988,71303
BRNL,06-JAN-2021,36.55,36.95,35.1,35.55,154304,108721,1264
BROOKS,06-JAN-2021,75.0,75.0,70.55,70.55,51976,36212,1023
BSE,06-JAN-2021,641.0,650.0,631.2,639.9,499879,182996,13409
BSELINFRA,06-JAN-2021,1.4,1.4,1.4,1.4,19485,19485,27
BSHSL,06-JAN-2021,90.55,95.75,90.0,92.85,790,421,23
BSLGOLDETF,06-JAN-2021,4702.6,5051.3,4680.1,4751.2,969,513,223
BSLNIFTY,06-JAN-2021,158.5,158.5,153.0,156.26,94,54,26
BSOFT,06-JAN-2021,268.7,272.3,255.5,259.35,1887601,1027969,34657
BURGERKING,06-JAN-2021,171.15,171.9,167.0,168.2,2756322,1431455,39203
BUTTERFLY,06-JAN-2021,464.95,489.8,460.25,481.8,83900,49445,2484
CADILAHC,06-JAN-2021,486.0,487.7,475.35,481.6,1926225,473907,37410
CALSOFT,06-JAN-2021,10.6,11.3,10.5,10.85,79414,43818,312
CAMLINFINE,06-JAN-2021,127.0,128.8,122.1,124.25,354954,202779,3931
CAMS,06-JAN-2021,1811.95,1822.05,1761.1,1783.9,101368,43892,13645
CANBK,06-JAN-2021,136.0,137.3,128.1,132.1,39737720,6076579,115048
CANFINHOME,06-JAN-2021,488.9,499.0,480.3,482.7,560531,297151,20040
CANTABIL,06-JAN-2021,382.1,387.65,378.5,379.2,142666,20519,6662
CAPACITE,06-JAN-2021,185.15,185.15,178.05,179.65,121986,43845,4799
CAPLIPOINT,06-JAN-2021,506.0,510.0,499.1,503.35,123683,70602,5974
CAPTRUST,06-JAN-2021,100.0,104.0,98.05,100.15,13578,7232,417
CARBORUNIV,06-JAN-2021,411.4,414.2,400.3,405.05,176239,104034,6635
CAREERP,06-JAN-2021,160.3,166.1,158.8,161.75,71557,30063,1497
CARERATING,06-JAN-2021,531.0,534.0,509.0,514.15,416914,198088,13800
CASTROLIND,06-JAN-2021,124.95,127.3,124.95,125.85,2909512,1498214,24597
CCL,06-JAN-2021,266.6,267.95,260.0,260.7,246106,138660,8366
CDSL,06-JAN-2021,529.9,533.0,518.05,522.25,564689,249970,21990
CEATLTD,06-JAN-2021,1156.0,1174.55,1124.8,1146.05,194989,72525,10918
CEBBCO,06-JAN-2021,23.5,23.8,21.7,22.4,224977,164388,995
CELEBRITY,06-JAN-2021,6.85,6.85,6.85,6.85,182736,178690,271
CENTENKA,06-JAN-2021,213.35,215.4,206.7,207.4,45878,29761,1071
CENTRALBK,06-JAN-2021,14.1,14.2,13.9,14.0,5126864,2575566,6143
CENTRUM,06-JAN-2021,17.0,18.0,16.6,17.65,2034902,925333,3876
CENTUM,06-JAN-2021,445.0,459.7,439.2,450.2,26057,13101,1457
CENTURYPLY,06-JAN-2021,241.9,246.0,240.7,244.4,264246,151259,6807
CENTURYTEX,06-JAN-2021,428.4,431.7,413.2,417.95,1315239,481170,26630
CERA,06-JAN-2021,3565.0,3595.0,3421.35,3472.95,14962,6255,6213
CEREBRAINT,06-JAN-2021,35.9,37.35,34.8,35.35,284476,199937,970
CESC,06-JAN-2021,632.0,639.0,620.0,622.55,627152,386071,14609
CESCVENT,06-JAN-2021,334.0,334.0,314.0,319.05,82800,47183,2277
CGCL,06-JAN-2021,313.3,317.0,309.05,315.05,55407,8314,3758
CGPOWER,06-JAN-2021,44.3,44.6,43.05,43.25,2089386,1549010,10416
CHALET,06-JAN-2021,187.15,194.8,184.5,185.7,240710,123776,3059
CHAMBLFERT,06-JAN-2021,242.0,247.0,238.0,244.95,812545,269670,13491
CHEMBOND,06-JAN-2021,176.9,179.8,171.85,174.1,12859,8138,403
CHEMCON,06-JAN-2021,483.0,488.9,466.75,471.4,521311,167570,15309
CHEMFAB,06-JAN-2021,152.3,153.5,145.25,147.95,10448,5444,383
CHENNPETRO,06-JAN-2021,110.9,113.3,107.45,108.95,1393422,443751,9463
CHOLAFIN,06-JAN-2021,438.95,446.4,430.45,434.85,5684264,826676,52784
CHOLAHLDNG,06-JAN-2021,594.95,597.5,574.55,586.5,508077,468009,4003
CIGNITITEC,06-JAN-2021,388.8,395.0,380.0,381.9,48244,31670,1444
CINELINE,06-JAN-2021,43.0,43.65,39.55,41.55,250440,131874,1801
CINEVISTA,06-JAN-2021,7.6,7.6,7.0,7.15,23574,20033,76
CIPLA,06-JAN-2021,829.0,834.4,815.25,824.8,3318460,607447,59438
CLEDUCATE,06-JAN-2021,66.1,70.2,64.9,69.2,132146,57143,1635
CLNINDIA,06-JAN-2021,374.85,385.0,372.4,377.35,109850,42675,4038
COALINDIA,06-JAN-2021,135.4,137.3,133.8,135.1,14133415,5004757,60724
COCHINSHIP,06-JAN-2021,389.5,392.25,381.0,384.45,507498,228532,11164
COFORGE,06-JAN-2021,2885.0,2909.55,2761.0,2801.55,436993,111167,29139
COLPAL,06-JAN-2021,1605.0,1615.0,1585.3,1597.6,498253,170028,25241
COMPINFO,06-JAN-2021,16.3,17.4,16.1,17.15,942750,499048,2134
CONCOR,06-JAN-2021,420.0,444.9,417.0,433.95,11715662,2354175,153251
CONFIPET,06-JAN-2021,39.4,43.0,38.5,39.7,1886397,789598,6001
CONSOFINVT,06-JAN-2021,48.95,48.95,40.7,45.3,28234,22717,211
CONTROLPR,06-JAN-2021,253.75,257.0,245.05,249.6,14037,8735,713
CORALFINAC,06-JAN-2021,23.25,23.85,23.1,23.6,38563,28555,258
CORDSCABLE,06-JAN-2021,48.95,50.0,47.3,47.75,151791,74671,1925
COROMANDEL,06-JAN-2021,826.75,826.75,808.0,815.7,564177,331758,28222
COSMOFILMS,06-JAN-2021,442.1,455.0,440.0,443.65,55849,30256,2048
CPSEETF,06-JAN-2021,20.88,21.11,20.62,20.92,3986407,3531834,2994
CREATIVE,06-JAN-2021,115.95,116.95,111.0,113.3,32348,4609,295
CREATIVEYE,06-JAN-2021,4.2,4.2,3.9,3.95,76466,61642,146
CREDITACC,06-JAN-2021,767.0,774.1,757.55,764.7,57619,32661,5706
CREST,06-JAN-2021,103.55,109.5,99.6,103.85,153374,61780,1971
CRISIL,06-JAN-2021,1944.1,1949.95,1900.0,1913.75,34330,25832,3962
CROMPTON,06-JAN-2021,374.4,385.35,373.1,383.9,984770,654169,34021
CSBBANK,06-JAN-2021,226.5,231.3,225.9,227.5,1006860,510383,25860
CTE,06-JAN-2021,52.0,52.9,48.5,48.85,28315,20714,294
CUB,06-JAN-2021,183.95,185.95,181.2,182.65,2519586,1139065,36499
CUMMINSIND,06-JAN-2021,616.0,623.7,602.15,610.35,1426472,332199,23863
CUPID,06-JAN-2021,246.6,246.85,239.0,240.0,72362,42177,2560
CYBERTECH,06-JAN-2021,158.0,159.0,149.7,149.85,423356,250783,5890
CYIENT,06-JAN-2021,550.0,551.45,523.0,537.45,353262,185783,16033
DAAWAT,06-JAN-2021,58.7,59.0,57.0,57.35,1610225,889099,7105
DABUR,06-JAN-2021,539.0,541.7,529.6,534.1,4825471,2356545,67392
DALBHARAT,06-JAN-2021,1124.0,1210.0,1117.0,1171.5,418606,260135,15503
DALMIASUG,06-JAN-2021,143.0,150.0,142.0,146.85,434993,219580,4984
DAMODARIND,06-JAN-2021,38.0,38.0,36.0,36.1,15715,13160,122
DANGEE,06-JAN-2021,129.65,131.85,127.3,128.15,10666,7918,111
DATAMATICS,06-JAN-2021,127.0,127.0,119.6,122.25,539269,251879,8112
DBCORP,06-JAN-2021,84.1,85.2,82.75,83.8,265988,158265,1830
DBL,06-JAN-2021,394.9,398.7,388.5,391.95,125433,65926,2022
DBSTOCKBRO,06-JAN-2021,10.6,10.85,10.35,10.7,11801,10598,75
DCAL,06-JAN-2021,140.9,141.6,138.0,139.8,388144,250552,6176
DCBBANK,06-JAN-2021,125.5,126.5,122.0,124.0,1954098,619618,15958
DCMFINSERV,06-JAN-2021,1.9,1.9,1.8,1.9,16351,16351,27
DCMSHRIRAM,06-JAN-2021,393.0,396.8,385.65,389.75,40758,20518,1825
DCW,06-JAN-2021,19.2,19.25,18.7,18.9,781902,553041,1413
DECCANCE,06-JAN-2021,369.2,380.0,365.0,371.6,76970,38194,2434
DEEPAKFERT,06-JAN-2021,160.0,162.8,157.6,159.0,419474,179995,5183
DEEPAKNTR,06-JAN-2021,1015.3,1041.7,1007.1,1033.1,863571,260556,35039
DEEPENR,06-JAN-2021,46.75,46.75,45.0,45.65,85734,58540,769
DELTACORP,06-JAN-2021,158.4,161.3,155.0,156.0,3421754,1628184,21063
DEN,06-JAN-2021,64.3,68.2,63.3,65.65,2553208,1195955,22621
DENORA,06-JAN-2021,276.0,288.8,265.0,268.7,47692,14562,2209
DFMFOODS,06-JAN-2021,410.0,421.0,402.85,404.3,59298,31481,2635
DGCONTENT,06-JAN-2021,15.7,15.75,14.75,15.35,80480,68139,279
DHAMPURSUG,06-JAN-2021,173.0,177.0,170.55,173.3,682209,235229,5839
DHANBANK,06-JAN-2021,14.5,14.5,14.15,14.15,1252958,721059,1424
DHANI,06-JAN-2021,317.7,320.0,306.0,309.85,617135,356885,7430
DHANUKA,06-JAN-2021,788.0,815.95,784.8,793.4,175486,84315,9075
DHFL,06-JAN-2021,27.1,27.1,27.1,27.1,798426,793426,3668
DHUNINV,06-JAN-2021,266.2,273.6,258.0,268.2,3262,2200,256
DIAMONDYD,06-JAN-2021,663.0,675.15,660.15,666.45,3583,2396,480
DICIND,06-JAN-2021,404.75,409.15,396.4,403.6,10125,6909,556
DISHTV,06-JAN-2021,13.0,13.3,12.5,12.75,19524647,8290256,15369
DIVISLAB,06-JAN-2021,3847.0,3889.3,3815.55,3879.85,486212,130170,45629
DIXON,06-JAN-2021,14101.0,14874.95,14050.1,14445.35,66820,31066,25606
DLF,06-JAN-2021,241.7,244.4,234.65,241.05,12995777,1563971,80616
DLINKINDIA,06-JAN-2021,115.7,117.5,114.35,114.85,225448,117121,3483
DMART,06-JAN-2021,3006.45,3100.0,2832.8,2914.95,1112886,319077,86076
DOLAT,06-JAN-2021,61.8,62.85,59.05,61.25,567242,325390,3658
DOLLAR,06-JAN-2021,237.0,239.7,229.1,233.55,194511,69088,4688
DONEAR,06-JAN-2021,35.1,41.75,34.85,40.6,2307431,606459,10481
DPABHUSHAN,06-JAN-2021,90.0,99.4,87.05,94.15,23176,11372,549
DPSCLTD,06-JAN-2021,15.0,16.35,14.5,16.35,2413880,923034,4648
DPWIRES,06-JAN-2021,83.15,85.9,82.35,84.8,10972,6470,287
DREDGECORP,06-JAN-2021,323.9,332.0,316.65,319.05,164472,43008,4563
DRREDDY,06-JAN-2021,5286.9,5315.0,5226.0,5288.3,542678,142205,44072
DSSL,06-JAN-2021,72.0,72.0,65.7,66.6,97310,50293,1163
DTIL,06-JAN-2021,261.05,267.85,258.1,260.7,5892,3209,317
DVL,06-JAN-2021,71.55,78.55,71.5,72.8,56069,8852,551
DWARKESH,06-JAN-2021,31.3,33.85,31.3,32.25,4121793,1821757,9507
DYNAMATECH,06-JAN-2021,825.95,835.0,804.95,810.35,15154,8342,1381
DYNPRO,06-JAN-2021,260.95,265.0,250.65,253.75,122057,75800,3749
EASTSILK,06-JAN-2021,1.35,1.45,1.35,1.45,6125,5915,9
EBANK,06-JAN-2021,3266.56,3461.0,3266.56,3461.0,2,1,2
EBBETF0423,06-JAN-2021,1113.0,1113.5,1112.52,1112.67,17524,13436,92
EBBETF0425,06-JAN-2021,1027.62,1028.95,1027.15,1028.41,1379,916,44
EBBETF0430,06-JAN-2021,1137.6,1138.48,1137.01,1138.07,2638,2104,41
EBBETF0431,06-JAN-2021,1020.0,1022.0,1018.09,1021.89,34283,30468,286
EBIXFOREX,06-JAN-2021,507.15,516.7,501.5,504.4,7169,3040,344
ECLERX,06-JAN-2021,913.8,933.7,887.0,903.8,102531,47539,5223
EDELWEISS,06-JAN-2021,72.0,72.35,70.1,70.7,1326088,739446,9664
EICHERMOT,06-JAN-2021,2668.0,2672.0,2610.0,2645.35,949386,139572,44789
EIDPARRY,06-JAN-2021,346.5,348.2,333.05,335.2,426061,287405,7867
EIHAHOTELS,06-JAN-2021,288.7,293.7,284.6,286.75,10424,5658,740
EIHOTEL,06-JAN-2021,96.85,98.45,95.25,96.45,823757,355836,6221
EIMCOELECO,06-JAN-2021,389.1,392.0,362.65,378.7,13916,6887,818
EKC,06-JAN-2021,54.1,55.85,52.5,55.25,455967,348845,1876
ELECON,06-JAN-2021,55.85,55.9,50.8,53.0,1333405,732524,9963
ELECTCAST,06-JAN-2021,23.75,23.9,22.75,23.05,1226769,672906,2870
ELECTHERM,06-JAN-2021,124.7,126.0,122.1,122.85,31175,18691,642
ELGIEQUIP,06-JAN-2021,159.6,160.0,156.3,158.85,74364,54716,1422
ELGIRUBCO,06-JAN-2021,25.2,25.9,22.8,23.3,134075,93672,711
EMAMILTD,06-JAN-2021,428.0,454.55,426.7,450.3,2684476,1415144,69274
EMAMIPAP,06-JAN-2021,105.35,108.9,104.0,105.1,27883,17220,396
EMAMIREAL,06-JAN-2021,60.35,60.35,55.1,59.35,107956,70400,851
EMKAY,06-JAN-2021,76.45,80.7,69.75,73.55,98900,35669,1036
EMMBI,06-JAN-2021,85.2,86.95,82.1,82.85,46726,28868,813
ENDURANCE,06-JAN-2021,1415.0,1450.0,1414.0,1439.95,173919,93534,14342
ENERGYDEV,06-JAN-2021,11.35,11.4,10.75,11.35,149003,94588,547
ENGINERSIN,06-JAN-2021,78.25,79.25,77.2,77.55,1946818,1000160,16482
ENIL,06-JAN-2021,183.0,185.65,170.65,176.45,320839,155056,3538
EPL,06-JAN-2021,257.5,260.55,256.6,259.15,238863,199500,10669
EQ30,06-JAN-2021,422.0,422.0,421.0,421.0,10,10,3
EQUITAS,06-JAN-2021,68.45,69.2,67.9,68.1,1220493,736207,6525
EQUITASBNK,06-JAN-2021,37.75,37.95,37.45,37.65,936322,709548,7152
ERIS,06-JAN-2021,594.0,627.0,592.25,597.95,558324,209393,24728
EROSMEDIA,06-JAN-2021,23.9,24.35,23.6,23.7,316097,277690,822
ESABINDIA,06-JAN-2021,1872.0,1940.05,1872.0,1893.7,12582,4591,1685
ESCORTS,06-JAN-2021,1311.85,1325.1,1277.5,1294.4,2806134,474487,82541
ESSARSHPNG,06-JAN-2021,10.05,10.2,9.95,10.0,55504,39265,230
ESTER,06-JAN-2021,121.8,129.2,118.95,125.15,969569,453224,10435
EVEREADY,06-JAN-2021,213.0,214.95,203.0,207.2,448548,280907,6583
EVERESTIND,06-JAN-2021,336.15,349.0,327.45,331.35,193290,83025,4821
EXCELINDUS,06-JAN-2021,835.2,858.7,835.2,844.85,26368,13521,2463
EXIDEIND,06-JAN-2021,196.1,198.25,191.45,193.8,4490658,1431677,32076
EXPLEOSOL,06-JAN-2021,575.0,580.0,535.2,543.4,72926,39275,3893
FACT,06-JAN-2021,62.65,64.25,61.1,62.0,393556,155363,2607
FCL,06-JAN-2021,64.95,66.0,61.8,62.3,998411,757723,4342
FCONSUMER,06-JAN-2021,8.4,8.45,8.2,8.25,6573470,3103962,12682
FDC,06-JAN-2021,332.6,335.4,329.0,330.15,93738,62824,2704
FEDERALBNK,06-JAN-2021,73.1,74.2,71.45,72.7,42551006,8591339,75777
FEL,06-JAN-2021,11.4,11.45,11.1,11.2,1068873,710130,2063
FELDVR,06-JAN-2021,14.0,14.5,13.8,14.0,81581,51110,278
FIEMIND,06-JAN-2021,559.95,574.0,554.0,558.5,54525,26930,2949
FILATEX,06-JAN-2021,59.25,69.4,59.05,67.15,6105774,2795144,24000
FINCABLES,06-JAN-2021,364.8,370.0,363.9,368.1,485450,292778,9520
FINEORG,06-JAN-2021,2555.0,2650.0,2537.3,2550.85,103323,29364,13003
FINPIPE,06-JAN-2021,655.0,659.9,645.7,648.1,60160,42968,2168
FLFL,06-JAN-2021,86.5,86.5,82.75,83.1,337374,223277,2260
FLUOROCHEM,06-JAN-2021,637.9,650.0,611.8,620.1,368885,172957,16242
FMGOETZE,06-JAN-2021,320.0,320.0,310.0,312.15,17843,10342,2235
FMNL,06-JAN-2021,18.15,18.8,17.5,17.65,68136,57006,427
FORCEMOT,06-JAN-2021,1387.2,1420.0,1370.0,1382.8,67123,24323,5532
FORTIS,06-JAN-2021,160.0,168.9,158.55,162.1,14196916,6720406,55715
FOSECOIND,06-JAN-2021,1322.45,1378.8,1314.85,1338.7,4804,2476,458
FRETAIL,06-JAN-2021,76.9,77.55,76.0,76.2,1758388,1132175,10468
FSC,06-JAN-2021,101.15,101.35,99.45,99.95,94662,67475,1582
FSL,06-JAN-2021,101.9,105.7,100.55,101.8,5658423,2658069,48664
G5,06-JAN-2021,48.02,48.02,47.92,47.94,14779,14727,18
GABRIEL,06-JAN-2021,108.2,117.0,107.4,114.65,1135281,713478,12324
GAEL,06-JAN-2021,132.5,140.05,131.7,138.35,1550048,705709,13295
GAIL,06-JAN-2021,130.8,136.0,130.5,134.0,45548182,9473270,165165
GAL,06-JAN-2021,3.35,3.5,3.2,3.4,103450,79969,121
GALAXYSURF,06-JAN-2021,2218.9,2250.0,2185.0,2242.2,74141,32789,11485
GALLANTT,06-JAN-2021,41.8,41.8,39.55,40.35,34717,24631,350
GALLISPAT,06-JAN-2021,37.85,38.5,36.0,36.55,63465,38302,350
GAMMNINFRA,06-JAN-2021,0.85,0.85,0.75,0.85,9706016,5223315,1022
GANDHITUBE,06-JAN-2021,272.0,272.95,257.95,262.1,11299,6442,674
GANECOS,06-JAN-2021,468.8,468.8,435.25,444.85,102039,90144,2559
GANESHHOUC,06-JAN-2021,36.45,36.5,33.6,34.2,94895,55138,523
GANGESSECU,06-JAN-2021,63.95,66.0,61.0,61.75,7087,4963,127
GARDENSILK,06-JAN-2021,11.1,11.1,11.1,11.1,59045,59045,139
GARFIBRES,06-JAN-2021,2315.0,2340.0,2250.0,2276.55,7812,5126,2087
GATI,06-JAN-2021,97.5,98.6,95.0,95.85,514885,302696,5048
GAYAPROJ,06-JAN-2021,44.15,44.15,43.0,44.15,1954318,1177688,2518
GDL,06-JAN-2021,125.0,128.1,122.05,126.05,192764,117375,5157
GEECEE,06-JAN-2021,86.5,88.0,83.95,84.55,7213,5506,321
GENESYS,06-JAN-2021,78.35,78.35,78.35,78.35,9555,9555,48
GENUSPOWER,06-JAN-2021,39.75,39.9,38.1,38.45,256863,168085,1083
GEOJITFSL,06-JAN-2021,57.8,59.5,56.15,57.65,542568,283622,3084
GEPIL,06-JAN-2021,290.15,294.4,287.1,288.5,130577,91539,4817
GESHIP,06-JAN-2021,280.6,283.0,275.05,279.0,289814,192644,8559
GET&D,06-JAN-2021,133.0,134.55,126.0,129.3,218713,105134,3076
GFLLIMITED,06-JAN-2021,96.8,101.7,92.7,95.8,284801,156226,3109
GHCL,06-JAN-2021,214.3,219.0,211.1,214.25,756880,306776,15694
GICHSGFIN,06-JAN-2021,121.8,126.0,120.7,122.5,1854001,537796,13627
GICRE,06-JAN-2021,142.5,143.1,138.6,139.85,418932,213674,4643
GILLANDERS,06-JAN-2021,48.45,49.9,46.25,47.85,25569,22600,242
GILLETTE,06-JAN-2021,5883.0,5939.95,5815.15,5855.5,11782,5363,2724
GINNIFILA,06-JAN-2021,23.6,24.2,22.85,23.2,133864,80137,586
GIPCL,06-JAN-2021,84.3,86.0,83.65,85.4,584661,363031,5146
GLAND,06-JAN-2021,2480.0,2486.95,2400.15,2408.45,238280,130281,18196
GLAXO,06-JAN-2021,1595.0,1605.5,1580.0,1600.1,31045,14601,3013
GLENMARK,06-JAN-2021,518.0,525.6,511.15,520.25,2171228,594374,30546
GLFL,06-JAN-2021,2.7,2.7,2.7,2.7,28759,28758,49
GLOBAL,06-JAN-2021,69.0,69.0,65.0,65.15,11337,7284,151
GLOBE,06-JAN-2021,66.5,67.5,63.0,63.0,19337,14976,212
GLOBOFFS,06-JAN-2021,9.8,9.85,9.2,9.7,52110,23698,185
GLOBUSSPR,06-JAN-2021,323.0,329.0,315.0,318.2,177735,60206,5428
GMDCLTD,06-JAN-2021,61.7,62.15,58.5,59.35,3771097,1738610,17419
GMMPFAUDLR,06-JAN-2021,3772.0,4050.0,3750.0,3861.6,276700,96266,33367
GMRINFRA,06-JAN-2021,27.2,27.35,26.4,26.75,15535397,2904048,26136
GNA,06-JAN-2021,303.0,308.5,292.55,297.95,175849,97260,4747
GNFC,06-JAN-2021,229.0,230.8,222.45,224.15,648808,273364,7138
GOCLCORP,06-JAN-2021,205.5,208.75,199.0,200.85,13414,9942,468
GODFRYPHLP,06-JAN-2021,978.0,992.5,957.0,965.9,105200,35124,5678
GODHA,06-JAN-2021,43.0,43.0,39.95,40.2,3796,3365,48
GODREJAGRO,06-JAN-2021,541.0,543.5,531.3,535.05,175560,116635,6088
GODREJCP,06-JAN-2021,763.0,763.0,738.55,744.7,2741990,877479,73530
GODREJIND,06-JAN-2021,423.5,427.25,421.5,422.75,200672,130606,10653
GODREJPROP,06-JAN-2021,1418.0,1472.85,1408.05,1460.6,1804361,270912,51462
GOKEX,06-JAN-2021,93.0,94.2,90.2,91.8,269831,163717,2188
GOKUL,06-JAN-2021,18.2,18.85,17.6,18.15,67528,46238,425
GOKULAGRO,06-JAN-2021,24.2,26.65,24.15,25.5,2138574,932664,5706
GOLDBEES,06-JAN-2021,44.98,45.19,44.8,45.16,5091194,3701351,13463
GOLDENTOBC,06-JAN-2021,52.0,52.55,49.5,50.1,31882,21892,458
GOLDIAM,06-JAN-2021,233.5,252.8,230.45,233.0,531358,175466,8625
GOLDSHARE,06-JAN-2021,5012.3,5012.3,4590.2,4622.75,1433,938,480
GOLDTECH,06-JAN-2021,11.1,11.45,11.0,11.1,76062,61078,297
GOODLUCK,06-JAN-2021,58.45,69.5,57.6,69.5,3062019,686811,13797
GOODYEAR,06-JAN-2021,994.0,994.0,964.2,976.95,13674,8603,1305
GPIL,06-JAN-2021,540.0,541.7,510.2,517.75,193371,116838,6360
GPPL,06-JAN-2021,95.2,95.75,91.8,92.4,714064,434854,6391
GPTINFRA,06-JAN-2021,46.3,46.3,43.8,44.4,95917,63277,723
GRANULES,06-JAN-2021,357.0,363.0,353.0,357.95,1062823,506770,25518
GRAPHITE,06-JAN-2021,313.95,315.0,303.0,307.6,1040019,412146,15225
GRASIM,06-JAN-2021,960.0,989.5,955.05,984.6,2162883,511511,46754
GRAVITA,06-JAN-2021,85.0,87.0,81.8,83.3,361239,202591,4498
GREAVESCOT,06-JAN-2021,100.0,102.0,94.75,96.85,3776170,1550135,46689
GREENLAM,06-JAN-2021,840.0,857.4,820.3,847.15,24345,19646,1366
GREENPANEL,06-JAN-2021,131.55,135.35,129.2,135.35,328431,226544,1667
GREENPLY,06-JAN-2021,128.85,131.5,127.0,128.85,780777,399785,14139
GREENPOWER,06-JAN-2021,3.15,3.15,3.05,3.15,12245972,5665603,2900
GRINDWELL,06-JAN-2021,772.0,785.0,722.55,746.2,130157,62644,13661
GROBTEA,06-JAN-2021,937.0,960.0,918.05,926.15,869,511,159
GRPLTD,06-JAN-2021,916.05,935.0,890.25,903.5,1717,797,316
GRSE,06-JAN-2021,197.45,202.65,193.5,196.05,302024,113341,4082
GSCLCEMENT,06-JAN-2021,37.45,37.85,36.55,37.55,411741,255458,1620
GSFC,06-JAN-2021,83.0,84.35,81.25,82.1,2701788,1063322,10475
GSPL,06-JAN-2021,218.15,219.2,212.1,213.15,1638511,1154683,34041
GSS,06-JAN-2021,69.65,69.65,56.5,57.3,1845833,759858,12143
GTL,06-JAN-2021,7.35,7.35,7.35,7.35,42748,42748,65
GTLINFRA,06-JAN-2021,0.9,0.9,0.9,0.9,7512526,7512526,850
GTNTEX,06-JAN-2021,6.95,7.0,6.8,6.8,19071,9963,17
GTPL,06-JAN-2021,131.0,152.5,130.25,143.15,1231574,301477,20946
GUFICBIO,06-JAN-2021,134.2,134.45,125.55,127.3,351127,178155,5522
GUJALKALI,06-JAN-2021,347.25,351.3,343.0,344.45,162362,89239,3042
GUJAPOLLO,06-JAN-2021,204.55,205.0,200.0,200.2,5445,2942,287
GUJGASLTD,06-JAN-2021,393.3,396.95,380.0,386.3,919295,367101,31341
GULFOILLUB,06-JAN-2021,735.0,735.0,713.1,719.55,29683,16772,3540
GULFPETRO,06-JAN-2021,47.0,47.75,45.5,45.75,156508,91616,1304
GULPOLY,06-JAN-2021,86.7,88.0,84.0,84.25,132678,71333,1132
HAL,06-JAN-2021,934.0,960.45,930.0,943.8,1650561,615400,60674
HAPPSTMNDS,06-JAN-2021,345.0,348.9,333.25,338.2,1672790,604135,37649
HARITASEAT,06-JAN-2021,475.0,480.05,472.05,475.0,3234,2483,161
HARRMALAYA,06-JAN-2021,120.8,121.7,116.3,116.6,139139,69144,2353
HATHWAY,06-JAN-2021,33.2,34.35,32.5,33.3,1615612,557394,6902
HATSUN,06-JAN-2021,728.95,728.95,717.0,718.05,39738,21824,1854
HAVELLS,06-JAN-2021,945.0,953.65,934.05,945.9,2633011,533105,54048
HBANKETF,06-JAN-2021,317.1,318.5,315.41,317.6,6005,4068,193
HBLPOWER,06-JAN-2021,39.45,39.45,36.9,37.85,1231743,750715,7628
HCC,06-JAN-2021,9.25,9.6,9.1,9.45,16641006,5730474,7726
HCG,06-JAN-2021,164.6,164.6,160.0,160.5,60945,31249,1138
HCL-INSYS,06-JAN-2021,9.85,9.95,9.25,9.75,2722701,1692200,4136
HCLTECH,06-JAN-2021,997.9,998.0,966.1,978.2,5995748,1618747,142578
HDFC,06-JAN-2021,2664.7,2665.0,2619.0,2638.85,3401085,1679728,126726
HDFCAMC,06-JAN-2021,3119.1,3138.95,3052.5,3099.8,366690,145589,25319
HDFCBANK,06-JAN-2021,1435.0,1440.0,1413.1,1420.55,11067025,4458054,151854
HDFCLIFE,06-JAN-2021,713.0,720.5,705.4,719.05,3582162,1704316,80321
HDFCMFGETF,06-JAN-2021,4604.4,4649.9,4592.0,4624.9,14883,10145,1108
HDFCNIFETF,06-JAN-2021,1496.0,1498.63,1482.31,1494.03,1273,1086,119
HDFCSENETF,06-JAN-2021,5115.0,5163.86,5105.0,5134.24,141,105,48
HEG,06-JAN-2021,948.0,955.5,925.0,930.85,480227,146795,14858
HEIDELBERG,06-JAN-2021,229.9,231.75,225.0,228.8,303519,135137,11824
HEMIPROP,06-JAN-2021,92.4,92.85,88.4,89.95,2925371,1902016,19532
HERCULES,06-JAN-2021,121.45,138.6,121.1,136.45,2363657,560313,18561
HERITGFOOD,06-JAN-2021,296.0,318.0,291.7,297.6,136201,59026,7376
HEROMOTOCO,06-JAN-2021,3081.3,3123.6,3046.0,3083.55,1370394,411518,71998
HESTERBIO,06-JAN-2021,1698.75,1733.0,1672.0,1680.4,16509,7600,1984
HEXATRADEX,06-JAN-2021,39.0,39.0,39.0,39.0,9666,9666,26
HFCL,06-JAN-2021,27.3,27.65,25.9,26.75,12116337,4430508,15371
HGINFRA,06-JAN-2021,241.9,247.0,236.0,238.55,181223,87275,4909
HGS,06-JAN-2021,1154.0,1200.0,1143.5,1168.85,49774,27143,3271
HIKAL,06-JAN-2021,177.0,181.95,174.0,177.3,1001922,387386,9557
HIL,06-JAN-2021,2252.05,2299.05,2189.95,2261.1,9877,5206,2001
HILTON,06-JAN-2021,13.1,13.1,13.1,13.1,57887,57887,91
HIMATSEIDE,06-JAN-2021,150.0,153.8,145.0,150.8,460827,236810,9643
HINDALCO,06-JAN-2021,250.75,260.0,247.75,259.05,18029077,3037898,91495
HINDCOMPOS,06-JAN-2021,228.15,234.5,226.7,231.3,26070,12216,522
HINDCOPPER,06-JAN-2021,62.25,63.0,59.4,62.0,3069513,1008193,11876
HINDMOTORS,06-JAN-2021,7.55,8.2,7.45,7.85,1223302,964478,1568
HINDNATGLS,06-JAN-2021,35.05,35.25,33.25,34.25,22838,19394,204
HINDOILEXP,06-JAN-2021,88.25,89.4,85.95,86.75,1051848,397899,7150
HINDPETRO,06-JAN-2021,224.0,226.0,217.25,220.95,7500657,3051430,48213
HINDUNILVR,06-JAN-2021,2445.8,2450.0,2401.6,2417.3,1641627,821704,86124
HINDZINC,06-JAN-2021,257.25,279.9,256.95,275.1,8436991,1654058,100308
HIRECT,06-JAN-2021,160.0,180.15,158.95,173.1,1576854,463678,16807
HISARMETAL,06-JAN-2021,87.25,90.25,83.5,84.85,101859,40470,1373
HITECH,06-JAN-2021,199.1,219.6,198.85,212.9,171243,67101,2228
HITECHCORP,06-JAN-2021,116.75,123.05,113.85,119.2,12160,7628,221
HLVLTD,06-JAN-2021,5.55,6.6,5.4,6.6,2746246,1735885,2390
HMVL,06-JAN-2021,59.65,61.0,57.2,58.9,166155,80023,1236
HNDFDS,06-JAN-2021,1589.0,1590.0,1542.3,1552.85,15023,8211,2064
HNGSNGBEES,06-JAN-2021,369.9,390.0,341.5,356.58,2080,1350,144
HONAUT,06-JAN-2021,37450.0,38250.0,37233.0,37804.3,6432,2738,3435
HONDAPOWER,06-JAN-2021,1042.2,1068.65,1042.2,1050.05,15001,9172,1384
HOTELRUGBY,06-JAN-2021,1.15,1.2,1.15,1.2,1200,1101,9
HPL,06-JAN-2021,44.0,46.7,43.0,44.85,699624,300954,3573
HSCL,06-JAN-2021,46.35,48.5,45.85,47.7,15430150,4689021,41140
HSIL,06-JAN-2021,121.25,123.15,117.5,118.8,187767,111099,2950
HTMEDIA,06-JAN-2021,16.4,18.2,15.85,18.2,1853822,957627,3884
HUBTOWN,06-JAN-2021,20.05,20.05,18.9,20.05,261887,207905,459
HUDCO,06-JAN-2021,43.15,45.3,42.5,43.35,9427009,3012249,27382
HUHTAMAKI,06-JAN-2021,323.0,325.75,311.3,316.85,113647,73889,4700
IBMFNIFTY,06-JAN-2021,142.75,142.75,137.18,138.95,968,850,48
IBREALEST,06-JAN-2021,79.0,80.85,77.2,78.4,5918487,1586905,23662
IBULHSGFIN,06-JAN-2021,220.0,227.0,215.85,220.0,27782084,3947880,151518
ICEMAKE,06-JAN-2021,105.8,105.8,99.0,100.15,28922,19118,382
ICICI500,06-JAN-2021,198.0,199.89,189.0,192.22,2863,1801,192
ICICIALPLV,06-JAN-2021,149.25,158.0,137.15,140.65,12047,6070,216
ICICIB22,06-JAN-2021,32.6,32.94,32.31,32.71,410211,357195,5704
ICICIBANK,06-JAN-2021,538.75,550.6,535.85,546.7,28178838,8046348,256515
ICICIBANKN,06-JAN-2021,327.7,327.7,314.15,315.92,4944,3464,329
ICICIBANKP,06-JAN-2021,172.65,173.9,171.45,172.4,13446,6346,107
ICICIGI,06-JAN-2021,1589.0,1626.45,1575.55,1611.7,1321608,955895,47723
ICICIGOLD,06-JAN-2021,45.74,46.49,45.66,46.01,140987,84669,1620
ICICILIQ,06-JAN-2021,1000.0,1000.0,999.99,999.99,28629,28517,44
ICICILOVOL,06-JAN-2021,103.7,137.0,103.7,115.35,31810,28574,480
ICICIM150,06-JAN-2021,97.0,97.0,81.05,82.0,20394,16875,160
ICICIMCAP,06-JAN-2021,82.8,82.8,81.5,81.94,7904,6957,223
ICICINF100,06-JAN-2021,168.3,168.3,153.01,154.07,5129,2693,174
ICICINIFTY,06-JAN-2021,157.45,157.45,149.0,150.3,72029,36769,3687
ICICINV20,06-JAN-2021,77.7,87.0,72.2,73.3,33772,21665,726
ICICINXT50,06-JAN-2021,35.2,35.2,34.0,34.22,38435,20306,359
ICICIPRULI,06-JAN-2021,512.0,518.85,504.15,510.4,2500109,1103619,39877
ICICISENSX,06-JAN-2021,522.9,523.6,515.0,520.0,2259,1828,83
ICICITECH,06-JAN-2021,259.0,268.0,253.54,255.38,25326,13521,411
ICIL,06-JAN-2021,149.5,151.7,144.15,147.15,197228,133509,4827
ICRA,06-JAN-2021,2943.65,2969.55,2881.0,2903.55,4244,3674,774
IDBI,06-JAN-2021,32.0,32.15,31.55,31.7,6173139,3355800,11945
IDBIGOLD,06-JAN-2021,4701.85,4709.0,4670.0,4704.25,254,169,62
IDEA,06-JAN-2021,12.0,12.25,11.5,11.85,374712576,107126781,191395
IDFC,06-JAN-2021,38.25,38.7,36.9,38.25,12577233,6264892,22299
IDFCFIRSTB,06-JAN-2021,39.75,42.85,38.5,41.4,80681106,18812201,117382
IDFNIFTYET,06-JAN-2021,151.0,159.0,143.6,147.27,2787,1147,114
IEX,06-JAN-2021,220.0,224.5,220.0,222.0,649643,243465,9364
IFBAGRO,06-JAN-2021,474.55,475.75,457.0,458.1,31296,17394,2004
IFBIND,06-JAN-2021,1210.0,1215.75,1150.0,1160.6,61679,35838,4492
IFCI,06-JAN-2021,9.55,9.8,9.35,9.45,9908252,3354954,27141
IFGLEXPOR,06-JAN-2021,265.0,290.0,265.0,269.6,98443,56630,2887
IGARASHI,06-JAN-2021,380.0,387.15,353.8,364.15,364803,131001,15669
IGL,06-JAN-2021,522.85,545.3,521.0,542.4,7179407,1782926,108996
IGPL,06-JAN-2021,420.0,423.1,403.15,409.35,71109,34757,2322
IIFL,06-JAN-2021,116.35,118.8,114.65,115.8,995585,403133,10221
IIFLSEC,06-JAN-2021,50.35,51.45,48.15,49.0,1334092,810573,6652
IIFLWAM,06-JAN-2021,1079.0,1080.0,1022.0,1027.95,25376,19346,1851
IMFA,06-JAN-2021,298.0,298.0,284.45,289.6,47023,25836,2392
IMPAL,06-JAN-2021,574.85,590.0,571.2,574.3,2487,872,400
INDBANK,06-JAN-2021,12.25,12.35,11.7,11.9,210096,147238,547
INDHOTEL,06-JAN-2021,124.15,125.3,122.5,123.35,1061107,418617,8185
INDIACEM,06-JAN-2021,175.7,175.95,168.0,172.7,3882156,1637674,23265
INDIAGLYCO,06-JAN-2021,327.8,343.35,324.85,338.15,542159,192989,11092
INDIAMART,06-JAN-2021,7250.4,7599.0,7010.0,7084.55,222682,100847,47293
INDIANB,06-JAN-2021,88.4,89.85,87.0,87.75,2423058,633956,10958
INDIANCARD,06-JAN-2021,141.5,150.05,141.3,142.95,14036,7204,289
INDIANHUME,06-JAN-2021,198.0,209.6,198.0,202.05,607930,161487,11050
INDIGO,06-JAN-2021,1731.45,1743.0,1708.85,1732.5,1039152,125916,24837
INDNIPPON,06-JAN-2021,355.4,360.7,346.65,348.95,18407,11095,793
INDOCO,06-JAN-2021,320.0,326.5,314.0,322.55,317984,129999,8954
INDORAMA,06-JAN-2021,44.0,44.35,42.4,42.4,135423,111127,811
INDOSTAR,06-JAN-2021,337.6,341.15,326.15,328.7,39124,18029,1720
INDOTECH,06-JAN-2021,114.55,117.8,109.0,111.05,24282,11748,680
INDOTHAI,06-JAN-2021,31.0,31.85,30.45,31.8,22479,19187,220
INDRAMEDCO,06-JAN-2021,60.55,60.6,58.25,58.75,377407,168819,2323
INDSWFTLAB,06-JAN-2021,72.0,75.6,72.0,75.6,174949,144859,536
INDTERRAIN,06-JAN-2021,43.5,44.4,40.2,41.5,1539847,832488,5582
INDUSINDBK,06-JAN-2021,924.95,936.75,909.4,922.35,9768197,1992612,158353
INDUSTOWER,06-JAN-2021,256.5,270.75,255.15,261.35,9036353,2239693,74588
INEOSSTYRO,06-JAN-2021,829.8,848.0,821.0,836.55,35790,23629,1518
INFIBEAM,06-JAN-2021,86.0,86.95,82.0,82.75,839837,450402,7226
INFOBEAN,06-JAN-2021,158.75,159.0,145.9,146.1,43870,30592,783
INFRABEES,06-JAN-2021,388.95,388.95,383.94,387.04,587,447,49
INFY,06-JAN-2021,1300.0,1302.0,1268.05,1282.1,7161715,2780840,178942
INGERRAND,06-JAN-2021,647.05,651.9,635.95,638.8,20101,11131,1917
INOXLEISUR,06-JAN-2021,317.9,340.85,317.0,333.55,5010108,1199860,85171
INOXWIND,06-JAN-2021,67.9,68.55,64.2,64.95,346399,181814,3062
INSECTICID,06-JAN-2021,470.0,481.95,466.0,467.25,43995,21416,1759
INSPIRISYS,06-JAN-2021,34.2,35.05,33.05,33.6,24353,16780,181
INTELLECT,06-JAN-2021,333.0,342.5,321.5,324.1,729416,450227,16015
INTENTECH,06-JAN-2021,43.55,45.5,42.5,43.05,69876,41368,692
INVENTURE,06-JAN-2021,16.75,17.15,16.5,16.85,14376,11381,128
IOB,06-JAN-2021,11.45,11.45,11.1,11.15,3841684,1785583,4184
IOC,06-JAN-2021,93.35,95.6,93.2,94.1,24710986,5352058,70716
IOLCP,06-JAN-2021,744.95,763.8,736.0,744.2,394114,118530,16350
IPCALAB,06-JAN-2021,2163.15,2186.0,2133.75,2147.55,280992,176680,28833
IRB,06-JAN-2021,115.25,117.0,113.2,114.0,797846,387315,6636
IRCON,06-JAN-2021,92.1,94.1,91.05,92.15,10991792,3790561,153535
IRCTC,06-JAN-2021,1461.95,1514.9,1449.0,1483.45,4244765,1148321,168400
ISEC,06-JAN-2021,459.95,468.4,450.5,453.45,436116,246877,17208
ISFT,06-JAN-2021,82.05,83.75,81.05,83.75,34184,27230,258
ISMTLTD,06-JAN-2021,11.55,11.9,11.3,11.5,368024,271996,597
ITC,06-JAN-2021,211.45,211.5,204.5,205.4,49067837,23747706,275629
ITDC,06-JAN-2021,330.0,333.35,320.0,323.9,73308,24694,2464
ITDCEM,06-JAN-2021,66.75,67.35,62.2,64.1,850729,427533,7272
ITI,06-JAN-2021,128.4,130.3,126.0,128.3,533522,172069,5532
IVZINGOLD,06-JAN-2021,4725.0,4725.0,4655.0,4699.75,134,122,22
IVZINNIFTY,06-JAN-2021,1537.0,1537.0,1528.55,1534.35,4,2,4
IZMO,06-JAN-2021,48.3,48.3,46.5,46.9,21680,14574,419
J&KBANK,06-JAN-2021,24.7,25.2,23.8,23.9,5263834,2151539,9535
JAGRAN,06-JAN-2021,46.1,46.45,44.6,45.2,773552,366080,4218
JAGSNPHARM,06-JAN-2021,83.5,88.85,79.15,83.55,228940,107465,3153
JAIBALAJI,06-JAN-2021,21.5,22.55,20.45,20.55,89807,75064,234
JAICORPLTD,06-JAN-2021,94.65,96.0,91.7,93.4,1096909,280333,7074
JAMNAAUTO,06-JAN-2021,62.0,62.2,59.8,60.15,861737,418422,5231
JASH,06-JAN-2021,242.0,242.0,225.0,227.6,8131,6415,212
JAYAGROGN,06-JAN-2021,116.0,120.95,116.0,119.35,19876,15676,332
JAYBARMARU,06-JAN-2021,254.65,261.8,249.0,251.4,127790,32936,3757
JAYSREETEA,06-JAN-2021,72.9,73.2,70.6,71.3,107488,46457,1041
JBCHEPHARM,06-JAN-2021,1067.0,1067.0,1051.0,1056.55,124727,92972,5638
JBMA,06-JAN-2021,288.85,322.9,287.4,313.05,391527,117058,8486
JCHAC,06-JAN-2021,2805.0,2842.5,2656.85,2709.05,26462,15755,4203
JHS,06-JAN-2021,23.45,24.15,22.7,22.95,76388,50027,483
JINDALPOLY,06-JAN-2021,465.7,468.0,451.2,453.2,20703,14871,1316
JINDALSAW,06-JAN-2021,82.75,84.25,79.2,82.3,3610696,1258938,19454
JINDALSTEL,06-JAN-2021,285.95,290.6,278.15,284.2,12378749,1915556,64169
JINDRILL,06-JAN-2021,89.8,92.6,88.6,89.5,87213,47970,1166
JINDWORLD,06-JAN-2021,63.5,64.0,59.35,60.35,267697,65143,3453
JISLDVREQS,06-JAN-2021,13.45,14.3,13.45,14.3,603608,330049,962
JISLJALEQS,06-JAN-2021,21.35,21.35,21.35,21.35,1633150,1623235,1638
JKCEMENT,06-JAN-2021,2100.0,2210.0,2050.0,2186.75,183987,64629,15982
JKIL,06-JAN-2021,145.9,147.35,138.15,142.0,409937,182636,7241
JKLAKSHMI,06-JAN-2021,344.9,346.95,337.0,341.65,552133,353142,16249
JKPAPER,06-JAN-2021,128.7,132.0,123.6,125.35,4052295,1393160,28744
JKTYRE,06-JAN-2021,77.75,78.3,75.9,76.3,1680599,812442,8467
JMA,06-JAN-2021,32.1,32.6,30.45,32.05,21001,14511,172
JMCPROJECT,06-JAN-2021,67.35,71.4,66.85,68.4,751698,275813,5085
JMFINANCIL,06-JAN-2021,86.9,92.9,86.4,91.3,10553487,5917126,31148
JMTAUTOLTD,06-JAN-2021,3.55,3.55,3.55,3.55,151247,151247,140
JOCIL,06-JAN-2021,182.95,182.95,176.2,178.35,8503,4608,250
JPASSOCIAT,06-JAN-2021,7.9,8.05,7.8,8.05,31618116,16725649,27069
JPPOWER,06-JAN-2021,3.35,3.4,3.15,3.25,42471546,20967130,11253
JSL,06-JAN-2021,88.8,92.0,85.7,87.5,4061972,2004865,17904
JSLHISAR,06-JAN-2021,152.65,159.0,148.05,153.7,1329471,495648,11551
JSWENERGY,06-JAN-2021,68.0,68.5,66.8,67.3,2832539,1650155,6681
JSWHL,06-JAN-2021,3824.75,3849.95,3700.0,3736.05,1443,789,426
JSWISPL,06-JAN-2021,32.95,33.5,31.5,33.5,1260315,805435,1989
JSWSTEEL,06-JAN-2021,397.2,407.35,395.75,401.7,7910567,812527,75979
JTEKTINDIA,06-JAN-2021,95.9,96.85,88.15,91.45,963706,433752,11035
JUBILANT,06-JAN-2021,876.0,920.0,866.25,908.8,1269814,597218,35414
JUBLFOOD,06-JAN-2021,2800.0,2856.05,2747.1,2788.6,1028625,130755,49075
JUBLINDS,06-JAN-2021,272.0,272.0,244.0,251.55,136840,75350,3320
JUMPNET,06-JAN-2021,14.25,14.25,14.25,14.25,49072,49072,179
JUNIORBEES,06-JAN-2021,359.0,359.0,347.95,353.29,87070,47695,3732
JUSTDIAL,06-JAN-2021,744.85,765.85,695.0,722.6,4278323,512807,117004
JYOTHYLAB,06-JAN-2021,149.95,151.5,146.6,147.4,322999,178526,4629
KABRAEXTRU,06-JAN-2021,99.25,102.4,97.2,98.65,61319,39944,716
KAJARIACER,06-JAN-2021,709.0,715.45,705.0,710.75,203117,113315,8487
KAKATCEM,06-JAN-2021,197.0,198.45,191.1,193.65,27757,13945,892
KALPATPOWR,06-JAN-2021,321.0,333.9,318.0,327.05,929063,392221,16718
KAMATHOTEL,06-JAN-2021,39.4,39.4,37.65,38.0,60595,37848,673
KAMDHENU,06-JAN-2021,131.85,137.8,128.75,131.55,157410,78779,2419
KANANIIND,06-JAN-2021,4.0,4.1,3.8,4.1,61531,51347,60
KANORICHEM,06-JAN-2021,65.0,72.95,65.0,69.2,2119560,530772,20363
KANPRPLA,06-JAN-2021,133.95,133.95,128.0,129.95,13766,8076,487
KANSAINER,06-JAN-2021,625.1,632.0,609.0,612.75,254479,107349,13382
KARDA,06-JAN-2021,126.8,127.0,122.5,123.1,12460,6444,316
KARMAENG,06-JAN-2021,14.3,16.65,13.8,16.65,28620,20278,230
KARURVYSYA,06-JAN-2021,48.2,48.9,47.0,47.7,2311230,1213653,9081
KAYA,06-JAN-2021,271.1,274.0,267.05,270.4,33331,23442,1155
KCP,06-JAN-2021,74.85,75.75,72.25,73.25,280152,157218,2098
KCPSUGIND,06-JAN-2021,17.35,17.95,17.3,17.8,906411,520153,1595
KDDL,06-JAN-2021,227.45,270.0,213.4,254.25,38038,19538,1610
KEC,06-JAN-2021,380.0,382.0,370.0,370.65,341791,227911,7174
KECL,06-JAN-2021,16.4,16.7,15.7,16.1,231487,152910,823
KEERTI,06-JAN-2021,24.6,26.5,24.5,25.5,8324,5663,63
KEI,06-JAN-2021,467.05,490.0,467.05,479.55,363530,158297,11596
KELLTONTEC,06-JAN-2021,72.0,72.85,67.25,68.3,1741610,898517,8864
KENNAMET,06-JAN-2021,878.45,879.4,852.0,862.35,4913,3524,1244
KESORAMIND,06-JAN-2021,64.3,65.9,63.0,64.55,688877,327867,3473
KEYFINSERV,06-JAN-2021,82.95,82.95,77.15,78.9,7465,4763,173
KHADIM,06-JAN-2021,125.0,128.9,123.15,124.8,239550,92815,4336
KHAICHEM,06-JAN-2021,28.0,28.45,26.85,27.1,244393,138336,1719
KICL,06-JAN-2021,1469.45,1508.95,1458.85,1464.7,1270,1074,196
KINGFA,06-JAN-2021,641.0,654.85,625.3,629.85,6897,4195,1548
KIOCL,06-JAN-2021,139.9,139.9,134.15,134.8,106066,59675,1909
KIRIINDUS,06-JAN-2021,530.5,533.6,518.0,522.65,122970,60236,3679
KIRLFER,06-JAN-2021,146.6,151.0,141.55,143.7,86343,56938,2223
KIRLOSBROS,06-JAN-2021,136.0,144.0,134.55,139.45,528177,197055,6185
KIRLOSENG,06-JAN-2021,131.0,132.75,126.75,129.65,279087,152814,3398
KIRLOSIND,06-JAN-2021,796.25,807.95,784.95,791.0,4623,4234,189
KITEX,06-JAN-2021,112.0,116.8,111.75,113.7,580209,244148,5267
KKCL,06-JAN-2021,955.0,979.0,902.0,936.5,4596,2509,738
KMSUGAR,06-JAN-2021,11.9,12.45,11.8,12.05,716633,361801,1112
KNRCON,06-JAN-2021,339.5,341.5,333.0,336.8,283132,135739,8197
KOKUYOCMLN,06-JAN-2021,69.75,69.75,66.2,67.75,259253,144863,4707
KOLTEPATIL,06-JAN-2021,253.75,270.0,252.05,257.8,789564,238794,11295
KOPRAN,06-JAN-2021,139.0,141.75,135.0,137.1,210592,132612,2659
KOTAKBANK,06-JAN-2021,1973.9,1979.0,1948.4,1970.4,3452515,1664533,105749
KOTAKBKETF,06-JAN-2021,320.52,322.89,318.13,321.47,20425,11579,614
KOTAKGOLD,06-JAN-2021,450.5,453.0,448.25,452.3,48598,29469,1290
KOTAKNIFTY,06-JAN-2021,147.82,148.59,146.9,147.5,143047,29789,749
KOTAKNV20,06-JAN-2021,76.0,76.0,74.75,75.71,4305,2101,118
KOTAKPSUBK,06-JAN-2021,179.73,182.6,177.0,178.65,31076,21192,413
KOTARISUG,06-JAN-2021,18.8,19.45,18.6,18.95,124073,60720,384
KOTHARIPET,06-JAN-2021,24.7,25.5,23.35,23.95,210516,134212,669
KOTHARIPRO,06-JAN-2021,75.55,77.6,72.3,72.9,13392,8094,628
KPITTECH,06-JAN-2021,144.25,145.45,133.3,136.4,1817053,1017301,19326
KPRMILL,06-JAN-2021,877.2,880.0,848.8,866.25,60507,28618,4639
KRBL,06-JAN-2021,248.0,252.0,242.1,243.6,599613,280982,13706
KREBSBIO,06-JAN-2021,126.3,126.3,114.35,116.8,78431,48347,1302
KSB,06-JAN-2021,651.9,658.0,640.0,643.1,18246,7666,1064
KSCL,06-JAN-2021,531.9,539.9,518.7,527.2,471218,171330,10653
KSL,06-JAN-2021,286.0,287.9,277.15,282.0,171752,86886,4347
KTKBANK,06-JAN-2021,62.15,63.85,62.05,62.75,11051025,4163307,32671
KUANTUM,06-JAN-2021,55.75,57.3,54.95,55.85,25539,17591,554
KWALITY,06-JAN-2021,3.55,3.6,3.5,3.6,826853,645120,652
L&TFH,06-JAN-2021,102.45,106.35,100.55,102.75,28864010,5545385,94498
LALPATHLAB,06-JAN-2021,2387.0,2405.05,2327.0,2352.0,182407,83367,30156
LAMBODHARA,06-JAN-2021,48.25,49.2,47.5,48.05,21140,15986,322
LAOPALA,06-JAN-2021,235.0,242.8,234.95,238.95,404233,236540,10951
LASA,06-JAN-2021,88.7,88.7,85.25,86.3,105299,51172,1405
LAURUSLABS,06-JAN-2021,360.4,363.9,353.0,355.7,2428903,1319043,31473
LAXMIMACH,06-JAN-2021,4812.6,4895.0,4654.5,4754.6,7721,4049,1891
LEMONTREE,06-JAN-2021,44.25,45.0,42.8,43.45,2293235,1261500,17483
LFIC,06-JAN-2021,73.0,75.65,73.0,74.25,1195,1009,33
LGBBROSLTD,06-JAN-2021,303.5,305.0,293.0,297.6,61724,32154,2096
LIBAS,06-JAN-2021,34.9,34.95,33.5,33.95,54975,30314,319
LIBERTSHOE,06-JAN-2021,149.95,155.4,149.0,150.55,335875,104344,5319
LICHSGFIN,06-JAN-2021,395.95,417.85,394.95,408.3,11763166,2345219,131733
LICNETFGSC,06-JAN-2021,22.14,22.16,21.94,22.05,7032,6408,79
LICNETFN50,06-JAN-2021,145.63,145.63,142.01,142.62,885,286,168
LICNETFSEN,06-JAN-2021,511.79,511.79,485.6,507.58,346,198,61
LICNFNHGP,06-JAN-2021,140.1,143.5,140.1,141.0,487,148,48
LIKHITHA,06-JAN-2021,205.1,206.5,195.0,200.35,464784,168244,9971
LINCOLN,06-JAN-2021,246.0,250.9,241.45,245.25,216736,79355,4309
LINCPEN,06-JAN-2021,178.25,181.3,177.55,177.95,6815,6099,161
LINDEINDIA,06-JAN-2021,982.0,1019.75,978.0,1005.5,202687,120438,7694
LIQUIDBEES,06-JAN-2021,1002.3,1002.3,999.15,999.99,845047,710503,4329
LIQUIDETF,06-JAN-2021,1000.04,1000.04,999.99,1000.0,3932,2522,61
LOKESHMACH,06-JAN-2021,36.0,43.1,35.9,42.95,997713,486307,3491
LOTUSEYE,06-JAN-2021,33.4,35.0,33.4,34.05,22029,18064,183
LPDC,06-JAN-2021,1.8,1.8,1.75,1.8,8616,8616,38
LT,06-JAN-2021,1308.0,1330.0,1300.0,1314.0,4615963,2079697,101860
LTI,06-JAN-2021,4147.0,4159.0,3935.0,3956.9,597076,262945,62848
LTTS,06-JAN-2021,2528.0,2620.0,2415.0,2492.35,335490,157907,44149
LUMAXIND,06-JAN-2021,1402.05,1414.9,1385.0,1395.4,7350,4340,673
LUMAXTECH,06-JAN-2021,134.9,138.9,131.25,133.75,297980,135497,4624
LUPIN,06-JAN-2021,1039.95,1039.95,991.0,1000.6,5558602,1666406,111414
LUXIND,06-JAN-2021,1662.8,1709.7,1645.25,1650.4,47763,12109,3708
LYKALABS,06-JAN-2021,34.6,34.8,32.45,32.45,88977,62208,676
M&M,06-JAN-2021,741.0,746.45,730.45,736.1,3601608,984102,86314
M&MFIN,06-JAN-2021,185.4,191.0,184.7,188.55,11360129,4010654,75868
M100,06-JAN-2021,26.0,26.0,22.53,23.25,1065953,695674,3322
M50,06-JAN-2021,138.95,139.0,137.75,138.48,2416,1428,44
MAANALU,06-JAN-2021,127.6,127.6,118.55,120.05,51995,32652,816
MACPOWER,06-JAN-2021,111.5,119.1,111.0,115.6,16663,10287,184
MADHAV,06-JAN-2021,42.5,46.0,42.5,44.8,258592,78897,565
MADRASFERT,06-JAN-2021,21.95,21.95,20.8,21.1,402696,206258,1205
MAESGETF,06-JAN-2021,25.27,25.27,24.3,24.44,4176,3365,62
MAGADSUGAR,06-JAN-2021,115.6,120.75,115.6,118.45,38468,24818,509
MAGMA,06-JAN-2021,42.5,43.35,41.85,42.15,880125,565037,2808
MAGNUM,06-JAN-2021,4.95,5.05,4.75,5.0,35560,24404,103
MAHABANK,06-JAN-2021,13.5,13.7,13.2,13.35,2206217,1173860,3222
MAHASTEEL,06-JAN-2021,109.0,109.0,102.0,106.6,92962,46791,1427
MAHEPC,06-JAN-2021,160.6,161.55,154.85,157.4,138693,65030,3088
MAHINDCIE,06-JAN-2021,174.0,174.65,169.05,171.6,104434,69573,4493
MAHLIFE,06-JAN-2021,370.0,375.0,367.05,372.3,111571,94331,2965
MAHLOG,06-JAN-2021,420.0,424.95,420.0,422.15,23086,15660,2533
MAHSCOOTER,06-JAN-2021,3778.0,3815.0,3725.0,3739.75,4277,2407,1032
MAHSEAMLES,06-JAN-2021,323.9,329.9,319.85,325.0,88647,29107,3099
MAITHANALL,06-JAN-2021,643.65,659.9,625.1,642.25,135385,66000,6747
MAJESCO,06-JAN-2021,18.7,18.7,18.7,18.7,109569,109567,428
MAN50ETF,06-JAN-2021,144.93,145.21,143.5,144.41,6858,4683,111
MANAKALUCO,06-JAN-2021,9.5,10.25,9.5,9.9,104876,76375,338
MANAKCOAT,06-JAN-2021,8.0,8.45,7.9,7.95,33710,25217,170
MANAKSIA,06-JAN-2021,59.95,59.95,56.5,57.55,67619,47201,757
MANAKSTEEL,06-JAN-2021,29.6,29.6,28.0,28.65,376443,280137,1142
MANALIPETC,06-JAN-2021,35.5,36.5,35.2,35.4,674878,320399,2170
MANAPPURAM,06-JAN-2021,175.0,175.75,171.25,173.95,5773730,1463053,25095
MANGALAM,06-JAN-2021,140.5,141.5,138.1,139.25,44411,31345,582
MANGCHEFER,06-JAN-2021,56.0,58.0,53.15,55.15,3157658,1660500,10026
MANGLMCEM,06-JAN-2021,263.45,269.4,259.0,263.45,120449,64588,2357
MANGTIMBER,06-JAN-2021,10.7,10.7,10.0,10.4,10644,8976,73
MANINDS,06-JAN-2021,86.9,87.9,81.9,84.75,607225,266605,5860
MANINFRA,06-JAN-2021,34.35,36.9,34.0,35.55,3735598,1219381,12166
MANUGRAPH,06-JAN-2021,15.05,15.05,13.65,14.8,53712,35653,352
MANXT50,06-JAN-2021,335.18,338.75,331.44,334.69,9310,4527,159
MARATHON,06-JAN-2021,98.2,100.9,97.15,98.1,221207,184180,408
MARICO,06-JAN-2021,423.0,424.9,415.05,418.65,3156306,781960,29969
MARINE,06-JAN-2021,221.65,222.0,210.0,211.35,69211,35099,543
MARKSANS,06-JAN-2021,60.45,61.5,59.6,60.15,1630187,946868,6577
MARUTI,06-JAN-2021,7654.0,7749.0,7555.5,7628.6,840678,204373,66618
MASFIN,06-JAN-2021,942.75,942.75,910.0,927.8,41433,21406,2624
MASTEK,06-JAN-2021,1324.05,1384.8,1295.0,1364.0,340981,66563,19840
MATRIMONY,06-JAN-2021,907.65,914.0,852.15,870.55,40196,24205,2579
MAXHEALTH,06-JAN-2021,142.0,144.9,141.2,143.65,331190,218273,4564
MAXIND,06-JAN-2021,65.7,66.8,64.05,65.1,585655,361091,4551
MAXVIL,06-JAN-2021,48.95,49.75,46.65,47.05,295128,187400,1479
MAYURUNIQ,06-JAN-2021,313.85,317.6,308.1,313.55,94100,54833,4543
MAZDA,06-JAN-2021,517.5,523.1,508.25,509.35,3275,2140,262
MAZDOCK,06-JAN-2021,226.5,227.05,216.0,219.3,1720088,538428,20442
MBLINFRA,06-JAN-2021,20.9,23.0,20.9,20.9,1075322,554250,2125
MCDOWELL-N,06-JAN-2021,584.0,595.8,577.8,586.15,2493024,566349,45100
MCLEODRUSS,06-JAN-2021,23.3,23.3,22.2,22.45,274116,201919,828
MCX,06-JAN-2021,1773.0,1782.5,1710.0,1739.8,172471,72864,11961
MEGASOFT,06-JAN-2021,13.4,13.6,12.4,12.4,503222,329023,1273
MEGH,06-JAN-2021,87.1,87.95,82.5,83.4,1982648,909929,11782
MEP,06-JAN-2021,19.45,19.5,17.7,18.4,456513,292802,1147
METROPOLIS,06-JAN-2021,2112.0,2149.0,2063.0,2086.6,114242,72651,17697
MFSL,06-JAN-2021,707.55,716.5,697.2,709.4,1966993,797895,33102
MGEL,06-JAN-2021,49.35,49.4,45.35,45.65,4843,3079,101
MGL,06-JAN-2021,1109.9,1132.7,1100.0,1129.5,1462556,223277,37873
MHRIL,06-JAN-2021,213.65,221.95,213.0,217.15,255854,81279,4940
MIDHANI,06-JAN-2021,202.4,203.9,198.75,200.1,426910,193215,6237
MINDACORP,06-JAN-2021,95.45,98.5,93.2,94.65,1860021,823373,10806
MINDAIND,06-JAN-2021,409.95,412.0,390.3,395.95,143681,73021,5147
MINDTECK,06-JAN-2021,54.2,55.9,51.75,52.6,46757,34215,596
MINDTREE,06-JAN-2021,1720.0,1724.0,1668.0,1694.85,842883,204501,35365
MIRZAINT,06-JAN-2021,56.3,58.85,56.3,57.1,1018734,377820,5706
MITTAL,06-JAN-2021,13.65,13.65,13.65,13.65,69610,64898,217
MMFL,06-JAN-2021,435.0,440.0,414.05,424.95,23048,15593,858
MMP,06-JAN-2021,85.0,89.7,84.15,85.05,34381,21183,406
MMTC,06-JAN-2021,30.2,30.7,28.8,29.4,4351168,1409580,11487
MOHOTAIND,06-JAN-2021,13.2,13.2,12.15,12.45,219974,129187,736
MOIL,06-JAN-2021,150.5,154.4,149.45,151.55,1148328,446833,14138
MOLDTKPAC,06-JAN-2021,289.0,337.0,285.65,319.5,487974,173651,13247
MONTECARLO,06-JAN-2021,254.8,256.4,248.75,250.2,50514,26913,2283
MOREPENLAB,06-JAN-2021,30.2,31.1,29.75,29.9,2806388,1337366,5596
MOTHERSUMI,06-JAN-2021,168.25,170.35,163.8,166.4,8255109,2597917,40330
MOTILALOFS,06-JAN-2021,613.0,614.9,598.55,600.75,152360,104098,7998
MPHASIS,06-JAN-2021,1595.55,1697.4,1586.0,1615.75,973000,339691,52815
MPSLTD,06-JAN-2021,374.0,374.0,363.0,364.95,7640,5698,545
MRF,06-JAN-2021,79053.0,79800.0,77619.2,78752.25,30427,5168,16271
MRPL,06-JAN-2021,39.85,40.3,38.35,39.25,6525603,2679496,19638
MSPL,06-JAN-2021,7.5,7.7,7.0,7.05,455843,331731,764
MSTCLTD,06-JAN-2021,173.5,191.0,171.55,183.8,2235295,787624,27864
MTEDUCARE,06-JAN-2021,9.35,9.35,9.0,9.15,573402,390066,1192
MTNL,06-JAN-2021,13.65,15.25,13.6,14.7,15302326,4478995,18412
MUKANDENGG,06-JAN-2021,14.05,14.75,14.0,14.75,20092,19521,100
MUKANDLTD,06-JAN-2021,71.5,76.0,70.5,75.0,1459715,473624,7807
MUKTAARTS,06-JAN-2021,33.15,33.6,32.55,33.1,22792,16921,257
MUNJALAU,06-JAN-2021,61.35,63.0,60.25,61.05,658751,282475,4355
MUNJALSHOW,06-JAN-2021,143.85,145.5,140.1,141.25,52614,28175,982
MURUDCERA,06-JAN-2021,22.65,22.85,21.7,22.0,207644,126667,1092
MUTHOOTCAP,06-JAN-2021,414.0,414.0,404.45,408.2,27872,16380,1367
MUTHOOTFIN,06-JAN-2021,1299.8,1311.05,1258.05,1280.9,2359748,468747,69220
N100,06-JAN-2021,921.9,921.9,902.55,907.16,168023,147298,2983
NACLIND,06-JAN-2021,45.8,47.5,44.0,44.35,107892,67378,896
NAGREEKCAP,06-JAN-2021,5.9,6.5,5.9,6.5,2024,2024,5
NAGREEKEXP,06-JAN-2021,24.45,24.9,22.75,22.9,28924,21122,191
NAHARCAP,06-JAN-2021,94.6,94.6,90.1,91.8,8836,4777,333
NAHARPOLY,06-JAN-2021,95.0,95.85,92.25,94.05,56424,45383,462
NAM-INDIA,06-JAN-2021,313.0,314.45,302.25,305.65,728278,383272,17820
NATCOPHARM,06-JAN-2021,970.0,979.0,936.95,953.05,315429,73989,10084
NATHBIOGEN,06-JAN-2021,268.0,272.5,266.0,270.8,64079,46893,1164
NATIONALUM,06-JAN-2021,46.3,47.55,45.7,47.1,28977403,6397412,32649
NAUKRI,06-JAN-2021,5500.0,5880.0,5181.05,5259.8,4159539,442026,361856
NAVINFLUOR,06-JAN-2021,2640.0,2822.0,2623.0,2747.45,444372,137415,54459
NAVKARCORP,06-JAN-2021,47.05,47.95,44.7,45.75,1521061,791352,6372
NAVNETEDUL,06-JAN-2021,84.95,85.95,83.1,83.6,234853,190754,1365
NBCC,06-JAN-2021,32.95,33.7,31.5,32.4,30614196,11610903,45896
NBIFIN,06-JAN-2021,1633.05,1689.65,1626.0,1647.15,1550,1425,155
NBVENTURES,06-JAN-2021,63.0,64.75,61.35,62.05,1549333,767301,15118
NCC,06-JAN-2021,63.25,63.7,59.65,61.65,9829427,3623065,37719
NCLIND,06-JAN-2021,147.65,149.6,145.25,147.7,249297,138676,2821
NCPSESDL24,06-JAN-2021,103.23,103.3,103.2,103.21,13487,10723,10
NDGL,06-JAN-2021,866.05,913.0,852.0,862.5,511,419,86
NDL,06-JAN-2021,28.5,29.3,27.55,28.2,122685,62643,609
NDRAUTO,06-JAN-2021,245.0,250.0,232.5,234.8,10508,7396,525
NDTV,06-JAN-2021,40.75,41.6,40.2,40.85,32089,12573,379
NECCLTD,06-JAN-2021,10.1,10.15,9.7,9.9,27301,21341,175
NECLIFE,06-JAN-2021,22.65,23.45,22.35,22.6,528751,324796,1746
NELCAST,06-JAN-2021,65.1,65.25,62.05,62.55,123641,68575,1237
NELCO,06-JAN-2021,196.6,200.0,190.55,193.05,110476,49419,2595
NEOGEN,06-JAN-2021,731.2,737.0,710.6,715.6,69137,50756,5570
NESCO,06-JAN-2021,552.65,564.9,546.05,558.85,200555,112061,5147
NESTLEIND,06-JAN-2021,18510.05,18600.0,18430.0,18515.25,57706,21979,16111
NETF,06-JAN-2021,166.9,173.48,166.9,173.48,32,32,4
NETFCONSUM,06-JAN-2021,65.88,65.88,64.0,64.67,3213,2116,90
NETFDIVOPP,06-JAN-2021,35.66,35.66,33.5,34.61,3087,2037,124
NETFIT,06-JAN-2021,26.0,26.27,25.4,25.63,1214454,810818,4191
NETFLTGILT,06-JAN-2021,23.24,23.24,22.0,22.47,14914,10618,150
NETFMID150,06-JAN-2021,82.51,83.45,81.38,82.45,77858,55288,749
NETFNIF100,06-JAN-2021,147.79,148.0,145.35,146.49,732,570,53
NETFNV20,06-JAN-2021,80.0,80.95,75.5,76.07,109264,88609,575
NETWORK18,06-JAN-2021,36.5,37.05,35.8,36.15,3105249,1776173,4656
NEULANDLAB,06-JAN-2021,1140.0,1164.9,1115.0,1139.8,66525,34830,5875
NEWGEN,06-JAN-2021,276.95,293.8,276.95,288.3,363110,162033,17102
NFL,06-JAN-2021,40.65,40.85,39.25,39.45,1888500,907182,8355
NH,06-JAN-2021,452.0,455.0,445.8,452.35,121080,77461,17357
NHPC,06-JAN-2021,24.75,25.0,24.1,24.4,9786844,3890815,26488
NIACL,06-JAN-2021,129.7,129.7,126.4,126.75,323736,162642,6261
NIFTYBEES,06-JAN-2021,159.7,159.7,145.58,151.22,1890161,726782,12285
NIFTYEES,06-JAN-2021,17800.01,18393.38,17800.01,18393.38,5,4,5
NIITLTD,06-JAN-2021,203.25,210.7,202.5,205.25,1316219,460719,20023
NILAINFRA,06-JAN-2021,6.3,6.9,6.15,6.85,1952857,1130827,1490
NILKAMAL,06-JAN-2021,1548.0,1554.95,1520.6,1526.6,17398,7975,2135
NIPPOBATRY,06-JAN-2021,729.0,729.0,700.95,704.05,1795,1104,308
NITCO,06-JAN-2021,26.4,26.4,25.55,25.65,58352,42198,363
NLCINDIA,06-JAN-2021,56.45,56.65,55.25,55.6,1001817,626981,4933
NMDC,06-JAN-2021,122.0,126.4,121.25,123.25,19998927,3697942,51378
NOCIL,06-JAN-2021,158.4,159.4,150.65,152.65,1607852,749770,18198
NORBTEAEXP,06-JAN-2021,9.15,9.25,8.75,8.95,7894,5823,55
NOVARTIND,06-JAN-2021,691.05,694.65,680.0,682.65,9846,6662,730
NPBET,06-JAN-2021,170.06,175.0,170.0,170.36,710,504,30
NRAIL,06-JAN-2021,235.9,242.0,225.05,228.45,40295,28574,903
NRBBEARING,06-JAN-2021,115.0,119.8,112.4,113.9,6975243,2308354,57169
NSIL,06-JAN-2021,987.05,994.95,973.05,979.85,1382,969,245
NTL,06-JAN-2021,1.25,1.35,1.25,1.25,51665,45972,267
NTPC,06-JAN-2021,98.0,99.0,97.25,97.85,21952878,7814189,52230
NUCLEUS,06-JAN-2021,624.0,638.0,604.5,610.5,98381,54473,7342
NXTDIGITAL,06-JAN-2021,586.85,598.0,570.2,573.8,3258,2032,359
OAL,06-JAN-2021,560.0,562.8,551.05,554.6,14604,8846,939
OBEROIRLTY,06-JAN-2021,585.6,592.95,575.05,587.55,215113,65365,7529
OCCL,06-JAN-2021,849.95,869.95,819.5,835.35,23538,15722,2369
OFSS,06-JAN-2021,3448.5,3480.0,3333.3,3364.95,65935,34523,11835
OIL,06-JAN-2021,114.9,115.9,112.3,113.0,3071778,917204,17761
OLECTRA,06-JAN-2021,138.3,140.15,134.25,139.75,1148901,650293,10232
OMAXAUTO,06-JAN-2021,45.25,46.7,43.2,43.9,40496,24918,897
OMAXE,06-JAN-2021,82.55,82.55,80.05,80.8,34909,23813,469
OMMETALS,06-JAN-2021,21.9,22.25,21.15,21.8,147126,103970,600
ONGC,06-JAN-2021,98.9,99.3,96.25,96.95,50306161,10764561,150227
ONMOBILE,06-JAN-2021,67.6,68.0,64.25,64.25,427975,278900,2111
ONWARDTEC,06-JAN-2021,106.15,108.0,101.0,102.5,149505,98196,2232
ORBTEXP,06-JAN-2021,72.7,74.4,71.1,73.75,33750,20934,496
ORICONENT,06-JAN-2021,27.65,28.55,26.1,27.35,915169,479889,3682
ORIENTABRA,06-JAN-2021,24.35,24.8,23.25,23.6,127810,79168,785
ORIENTALTL,06-JAN-2021,11.2,11.45,11.0,11.0,177720,161174,199
ORIENTBELL,06-JAN-2021,212.95,213.45,199.05,208.1,70768,33196,1716
ORIENTCEM,06-JAN-2021,89.15,90.25,83.8,87.85,598495,288515,5704
ORIENTELEC,06-JAN-2021,242.75,244.7,235.9,240.55,181880,121404,6245
ORIENTHOT,06-JAN-2021,25.2,26.3,25.1,26.0,55495,44264,599
ORIENTLTD,06-JAN-2021,82.05,82.55,78.0,79.7,1606,512,146
ORIENTPPR,06-JAN-2021,23.15,23.4,22.2,22.6,1448911,827445,3164
ORIENTREF,06-JAN-2021,239.3,245.9,239.05,244.25,123773,103289,1161
ORISSAMINE,06-JAN-2021,2634.0,2640.0,2535.55,2596.9,12774,7094,2322
ORTINLABSS,06-JAN-2021,32.25,32.25,30.4,30.75,162091,112524,960
OSWALAGRO,06-JAN-2021,11.7,12.85,11.6,12.5,457666,274262,1417
PAGEIND,06-JAN-2021,28790.0,29422.45,28407.7,28748.75,61303,8982,19641
PAISALO,06-JAN-2021,700.0,712.25,690.0,698.8,254301,238902,1612
PANACEABIO,06-JAN-2021,236.1,238.8,229.85,230.8,191622,106954,3006
PANACHE,06-JAN-2021,41.35,41.35,40.45,40.45,11990,1299,44
PANAMAPET,06-JAN-2021,103.9,105.6,99.5,100.7,115736,67952,1309
PARACABLES,06-JAN-2021,7.75,9.0,7.7,8.9,1693796,988908,2800
PARAGMILK,06-JAN-2021,113.8,114.5,110.7,111.6,441843,268064,3644
PATELENG,06-JAN-2021,14.65,14.9,14.35,14.4,584909,394305,1830
PATINTLOG,06-JAN-2021,31.55,31.9,31.0,31.3,62155,49982,295
PCJEWELLER,06-JAN-2021,26.8,29.2,26.4,28.55,13775154,5263490,22468
PDMJEPAPER,06-JAN-2021,24.0,24.0,22.2,22.85,242402,156445,886
PDSMFL,06-JAN-2021,509.05,520.0,509.0,519.15,4402,3973,218
PEARLPOLY,06-JAN-2021,20.05,20.7,20.05,20.15,3468,2457,38
PEL,06-JAN-2021,1449.4,1454.5,1382.0,1415.45,1789303,538633,72878
PENIND,06-JAN-2021,23.8,24.3,23.15,23.85,543887,317726,1449
PENINLAND,06-JAN-2021,6.5,6.7,6.4,6.7,429008,354150,395
PERSISTENT,06-JAN-2021,1579.3,1599.0,1512.65,1540.85,149093,76785,18738
PETRONET,06-JAN-2021,258.95,259.4,252.55,256.1,3053234,1052527,30479
PFC,06-JAN-2021,119.7,120.3,117.2,118.75,5847952,1447028,21694
PFIZER,06-JAN-2021,5207.4,5225.0,5155.0,5165.4,57899,29066,7432
PFOCUS,06-JAN-2021,51.25,51.25,48.5,48.85,156689,91733,1215
PFS,06-JAN-2021,21.0,21.0,19.75,20.15,1243362,826003,2708
PGEL,06-JAN-2021,132.95,138.75,132.5,138.75,156517,138994,969
PGHH,06-JAN-2021,11042.0,11266.05,11042.0,11236.5,9145,4353,2678
PGHL,06-JAN-2021,7020.0,7155.95,6902.15,6932.9,8207,3967,3110
PGIL,06-JAN-2021,195.1,195.25,188.25,190.15,5123,3645,183
PHILIPCARB,06-JAN-2021,179.0,179.85,169.2,170.35,2090788,954323,19271
PHOENIXLTD,06-JAN-2021,765.0,777.0,759.0,767.35,227096,193893,9233
PIDILITIND,06-JAN-2021,1800.55,1800.55,1770.0,1795.4,588130,212668,28514
PIIND,06-JAN-2021,2260.35,2290.0,2216.2,2229.15,640965,404723,36589
PILANIINVS,06-JAN-2021,1931.2,2021.0,1931.2,1961.55,11487,3565,1582
PILITA,06-JAN-2021,11.4,11.9,10.75,11.55,807667,360335,758
PIONDIST,06-JAN-2021,115.75,116.05,113.05,114.2,10450,5363,239
PIONEEREMB,06-JAN-2021,39.3,39.9,38.1,38.6,56211,43045,372
PITTIENG,06-JAN-2021,57.5,57.65,55.1,55.55,211919,51466,2038
PLASTIBLEN,06-JAN-2021,258.0,261.1,250.55,251.7,13467,11005,340
PNB,06-JAN-2021,35.8,36.4,34.75,35.2,202327890,41830023,158327
PNBGILTS,06-JAN-2021,44.4,48.9,44.1,47.75,6293421,1812375,19021
PNBHOUSING,06-JAN-2021,370.9,378.0,364.05,366.3,241176,102186,6309
PNC,06-JAN-2021,23.95,24.45,22.25,22.85,49389,34822,491
PNCINFRA,06-JAN-2021,186.0,186.9,170.15,175.65,11791210,4592377,43841
PODDARHOUS,06-JAN-2021,255.0,268.7,235.15,240.9,123317,59149,3480
PODDARMENT,06-JAN-2021,197.45,202.0,192.0,192.9,11895,6990,563
POLYCAB,06-JAN-2021,1150.4,1204.95,1145.0,1176.1,1614440,525811,76944
POLYMED,06-JAN-2021,519.4,527.6,505.85,512.05,91171,36872,3980
POLYPLEX,06-JAN-2021,708.4,713.8,695.0,705.3,89957,54639,4717
PONNIERODE,06-JAN-2021,165.9,169.3,165.05,165.55,5865,4160,199
POWERGRID,06-JAN-2021,188.0,197.6,187.0,196.15,30524202,19059736,89335
POWERINDIA,06-JAN-2021,1299.2,1311.6,1253.0,1265.9,49557,34256,4043
POWERMECH,06-JAN-2021,430.1,434.45,421.0,427.5,34935,21055,1580
PPAP,06-JAN-2021,263.65,270.75,258.1,262.5,41280,23626,1455
PPL,06-JAN-2021,115.8,116.0,109.0,110.45,260534,158332,3511
PRABHAT,06-JAN-2021,73.4,74.0,72.1,72.85,54062,39888,351
PRAJIND,06-JAN-2021,124.2,125.75,118.6,121.95,2521982,694583,19594
PRAKASH,06-JAN-2021,60.95,62.7,58.6,60.4,1673550,726889,6969
PRAXIS,06-JAN-2021,54.5,55.8,49.1,50.25,189295,126107,2541
PRECAM,06-JAN-2021,45.75,47.0,44.4,45.1,278237,172518,1695
PRECWIRE,06-JAN-2021,155.05,163.2,154.25,161.2,100825,38430,1850
PREMEXPLN,06-JAN-2021,159.8,159.8,154.0,155.65,22277,17945,395
PREMIER,06-JAN-2021,5.25,5.25,5.25,5.25,22638,22241,43
PREMIERPOL,06-JAN-2021,43.95,43.95,41.0,42.2,31072,19290,623
PRESSMN,06-JAN-2021,28.55,28.55,25.4,26.1,176873,103789,1386
PRESTIGE,06-JAN-2021,276.8,286.0,275.3,280.9,1263689,553872,16554
PRICOLLTD,06-JAN-2021,52.7,52.8,49.75,50.2,1090860,692485,4838
PRIMESECU,06-JAN-2021,46.8,46.9,44.55,45.1,139534,118860,461
PRINCEPIPE,06-JAN-2021,301.45,302.8,291.35,294.95,360732,237577,11448
PRIVISCL,06-JAN-2021,555.0,556.0,536.0,553.9,33164,23013,2478
PROZONINTU,06-JAN-2021,22.55,23.1,21.6,22.2,501598,249967,1465
PRSMJOHNSN,06-JAN-2021,92.5,93.75,87.0,88.5,1327496,446007,10700
PSB,06-JAN-2021,13.45,13.55,13.25,13.3,418018,233320,833
PSPPROJECT,06-JAN-2021,420.9,421.25,410.0,412.75,130908,38803,2732
PSUBNKBEES,06-JAN-2021,20.78,20.78,19.8,19.97,458651,297646,1081
PTC,06-JAN-2021,60.45,61.15,59.75,60.2,1123245,673026,8763
PTL,06-JAN-2021,43.9,46.65,43.9,45.5,339844,173333,2766
PUNJABCHEM,06-JAN-2021,821.0,831.0,785.45,796.8,11044,5555,1212
PURVA,06-JAN-2021,92.0,93.0,90.1,91.05,394244,219492,3476
PVR,06-JAN-2021,1426.0,1467.9,1418.35,1438.1,2653676,349017,70725
QGOLDHALF,06-JAN-2021,2234.0,2240.0,2225.0,2239.9,1149,1030,139
QNIFTY,06-JAN-2021,1466.0,1469.0,1459.0,1459.0,18,16,7
QUESS,06-JAN-2021,528.9,542.9,520.5,525.6,174459,53825,6706
QUICKHEAL,06-JAN-2021,172.0,177.3,168.8,171.15,670893,203120,8600
RADAAN,06-JAN-2021,1.3,1.3,1.3,1.3,4836,4836,9
RADICO,06-JAN-2021,466.0,484.25,461.95,481.2,1466153,471458,29868
RAIN,06-JAN-2021,145.75,146.6,138.8,141.7,1820114,699683,15190
RAJESHEXPO,06-JAN-2021,486.3,490.0,468.35,479.05,241195,118429,5761
RAJRATAN,06-JAN-2021,446.5,447.0,443.55,444.15,5929,4762,134
RAJSREESUG,06-JAN-2021,18.25,18.65,17.3,17.65,74041,46085,400
RAJTV,06-JAN-2021,38.55,38.55,36.15,36.35,33826,21961,305
RALLIS,06-JAN-2021,292.7,299.0,291.0,297.05,1216636,531501,19839
RAMANEWS,06-JAN-2021,15.8,16.1,15.4,15.55,94116,71355,271
RAMASTEEL,06-JAN-2021,61.2,61.2,61.2,61.2,12673,12673,39
RAMCOCEM,06-JAN-2021,796.0,805.0,786.15,802.45,972642,450510,18063
RAMCOIND,06-JAN-2021,236.0,238.0,230.1,235.9,69472,35952,1380
RAMCOSYS,06-JAN-2021,738.0,756.9,696.0,715.2,663052,225597,21340
RANASUG,06-JAN-2021,7.25,7.4,7.1,7.2,539657,249993,549
RANEENGINE,06-JAN-2021,277.0,280.7,270.05,271.9,4758,3650,162
RANEHOLDIN,06-JAN-2021,665.2,680.2,644.0,649.0,31428,18225,1525
RATNAMANI,06-JAN-2021,1630.0,1640.0,1562.65,1582.2,13424,8439,1762
RAYMOND,06-JAN-2021,349.5,355.55,342.3,346.9,1323326,396995,17431
RBL,06-JAN-2021,785.6,785.9,774.2,776.0,12013,4871,842
RBLBANK,06-JAN-2021,252.95,270.55,252.05,264.2,49424461,7411258,249254
RCF,06-JAN-2021,55.15,55.95,53.9,54.3,2567170,1076912,7795
RCOM,06-JAN-2021,2.3,2.3,2.2,2.2,22417597,18079351,12211
RECLTD,06-JAN-2021,139.55,142.4,138.6,141.05,7154837,2289286,26867
REDINGTON,06-JAN-2021,132.0,133.8,130.45,131.0,309030,169116,7159
RELAXO,06-JAN-2021,919.0,928.0,865.0,898.85,767088,175466,33409
RELIANCE,06-JAN-2021,1965.9,1966.0,1905.15,1914.25,21414270,9038101,659284
RELIGARE,06-JAN-2021,71.0,71.65,67.5,68.3,548802,375676,3308
RELINFRA,06-JAN-2021,30.3,30.65,29.15,29.65,5065730,3056236,10836
REMSONSIND,06-JAN-2021,119.9,122.5,114.35,116.75,12134,6912,465
RENUKA,06-JAN-2021,11.85,12.9,11.85,12.5,10050128,4637840,7331
REPCOHOME,06-JAN-2021,243.5,246.9,235.0,239.8,542640,298990,11039
REPL,06-JAN-2021,122.45,122.95,118.7,121.95,33440,30730,164
REPRO,06-JAN-2021,407.75,408.9,396.05,401.4,6852,4760,535
RESPONIND,06-JAN-2021,190.0,190.55,183.4,185.5,81689,9414,1149
REVATHI,06-JAN-2021,640.1,652.0,611.6,617.2,57120,17299,3983
RGL,06-JAN-2021,318.0,329.8,307.0,320.85,31812,13654,1450
RICOAUTO,06-JAN-2021,39.3,39.8,37.35,38.25,914682,517284,4386
RIIL,06-JAN-2021,401.45,408.0,391.0,396.1,200734,53987,5041
RITES,06-JAN-2021,280.15,285.0,278.2,280.55,1172179,465180,17454
RKDL,06-JAN-2021,9.4,9.5,9.15,9.2,21294,15649,147
RKEC,06-JAN-2021,46.8,47.7,45.5,45.9,20477,15642,245
RKFORGE,06-JAN-2021,494.65,518.0,491.05,510.95,57782,38957,2289
RML,06-JAN-2021,269.95,272.2,259.85,262.3,19499,10896,767
RNAVAL,06-JAN-2021,3.4,3.45,3.25,3.25,4317989,3160845,1841
ROHLTD,06-JAN-2021,77.3,77.85,74.3,75.6,75366,48254,807
ROLTA,06-JAN-2021,6.7,6.7,6.1,6.25,1126264,666649,19606
ROML,06-JAN-2021,58.5,58.5,58.5,58.5,2630,2630,10
ROSSARI,06-JAN-2021,896.6,910.15,875.0,881.9,211644,65762,11938
ROSSELLIND,06-JAN-2021,127.0,130.0,125.0,125.25,13235,8850,318
ROUTE,06-JAN-2021,1180.0,1252.0,1166.0,1199.35,1232889,210583,62499
RPGLIFE,06-JAN-2021,379.65,379.65,370.65,372.15,43483,25320,1450
RPPINFRA,06-JAN-2021,67.0,70.5,65.7,66.55,189190,93122,1091
RSSOFTWARE,06-JAN-2021,34.25,34.25,33.3,34.25,526754,293083,2412
RSYSTEMS,06-JAN-2021,122.0,122.3,117.5,119.55,47271,27617,1100
RTNINFRA,06-JAN-2021,7.6,7.75,7.45,7.75,705285,470505,770
RTNPOWER,06-JAN-2021,3.55,4.0,3.5,4.0,245932659,81358529,69077
RUBYMILLS,06-JAN-2021,198.95,213.0,197.2,204.1,45847,15136,1555
RUPA,06-JAN-2021,303.65,315.25,297.55,302.3,235607,94566,6674
RUSHIL,06-JAN-2021,166.0,182.3,156.95,181.85,206224,91429,3842
RVHL,06-JAN-2021,27.65,29.05,26.25,27.95,188697,93050,1084
RVNL,06-JAN-2021,27.75,29.8,26.75,28.1,66776302,16380729,95559
SADBHAV,06-JAN-2021,65.0,66.1,62.3,63.55,880158,405889,4747
SADBHIN,06-JAN-2021,21.4,21.5,20.8,21.05,530466,281395,1051
SAFARI,06-JAN-2021,528.95,595.0,526.3,560.6,61583,26970,4244
SAGCEM,06-JAN-2021,663.7,674.0,655.0,666.8,88449,66718,3394
SAIL,06-JAN-2021,78.3,79.15,75.2,76.2,56609755,13679259,92063
SAKAR,06-JAN-2021,117.0,117.9,110.3,113.75,78234,50665,952
SAKHTISUG,06-JAN-2021,10.25,10.8,10.2,10.55,175814,94929,520
SAKSOFT,06-JAN-2021,384.5,384.5,359.05,364.45,63991,38541,2865
SAKUMA,06-JAN-2021,7.85,8.15,7.4,7.55,1314193,780405,1367
SALASAR,06-JAN-2021,255.0,255.95,252.05,254.05,100795,31724,988
SALONA,06-JAN-2021,75.5,82.4,74.8,80.65,5195,734,142
SALSTEEL,06-JAN-2021,4.7,4.75,4.45,4.5,84551,56942,189
SALZERELEC,06-JAN-2021,132.95,136.35,128.3,132.25,142991,78028,2463
SAMBHAAV,06-JAN-2021,2.3,2.35,2.25,2.35,19269,19268,40
SANCO,06-JAN-2021,13.75,13.75,13.35,13.55,40544,32399,167
SANDESH,06-JAN-2021,645.0,667.95,630.0,635.2,2037,1159,330
SANDHAR,06-JAN-2021,233.0,234.45,226.0,227.5,52157,17747,2035
SANGAMIND,06-JAN-2021,92.0,104.0,89.5,100.8,441112,163417,4439
SANGHIIND,06-JAN-2021,34.4,34.85,32.1,32.95,2817813,1557701,6888
SANGHVIMOV,06-JAN-2021,122.35,124.95,119.3,119.9,122752,106614,1046
SANGINITA,06-JAN-2021,28.5,28.5,27.7,27.9,60324,49623,361
SANOFI,06-JAN-2021,8180.0,8215.0,8113.0,8139.4,13395,9205,3921
SARDAEN,06-JAN-2021,385.0,390.85,368.15,377.45,102944,44787,3665
SAREGAMA,06-JAN-2021,895.0,898.5,851.0,856.25,53231,26337,4578
SARLAPOLY,06-JAN-2021,27.2,29.2,27.1,27.85,890560,511267,3849
SASKEN,06-JAN-2021,827.0,885.9,822.7,836.35,196383,37912,9198
SASTASUNDR,06-JAN-2021,127.7,127.7,122.15,123.35,19467,15368,370
SATIA,06-JAN-2021,97.85,100.85,94.35,94.7,530078,167346,4273
SATIN,06-JAN-2021,77.5,81.0,75.5,81.0,1045113,555087,4911
SBICARD,06-JAN-2021,918.2,975.0,918.2,969.0,7456425,2531780,213344
SBIETFIT,06-JAN-2021,265.0,265.0,253.0,256.15,5404,3878,193
SBIETFPB,06-JAN-2021,180.87,180.87,173.55,175.51,874,739,55
SBIETFQLTY,06-JAN-2021,129.9,129.9,126.9,127.88,1729,1634,105
SBILIFE,06-JAN-2021,906.55,915.0,901.0,910.3,1214878,571209,34535
SBIN,06-JAN-2021,283.0,289.15,281.4,285.05,40765708,6201351,224327
SCAPDVR,06-JAN-2021,1.55,1.6,1.45,1.5,192923,159097,271
SCHAEFFLER,06-JAN-2021,4632.85,4635.0,4536.35,4600.95,10877,7106,5984
SCHAND,06-JAN-2021,71.35,72.5,68.55,69.1,190476,113132,1479
SCHNEIDER,06-JAN-2021,89.5,89.5,84.6,85.65,494379,267169,6209
SCI,06-JAN-2021,90.0,90.2,88.1,88.5,1951800,991873,8494
SDBL,06-JAN-2021,32.7,33.6,31.75,31.95,249073,151923,1262
SEAMECLTD,06-JAN-2021,489.25,501.85,474.4,477.25,127099,14581,1553
SELAN,06-JAN-2021,129.95,141.35,129.15,134.0,676692,157338,7966
SEPOWER,06-JAN-2021,3.85,3.85,3.85,3.85,24701,24691,47
SEQUENT,06-JAN-2021,181.8,188.8,176.5,184.05,1685352,966691,13232
SESHAPAPER,06-JAN-2021,158.1,161.5,155.2,156.35,74097,42951,1114
SETCO,06-JAN-2021,12.05,12.4,11.8,12.4,181815,130736,351
SETF10GILT,06-JAN-2021,206.0,206.0,202.55,202.6,659,641,19
SETFGOLD,06-JAN-2021,4605.0,4629.95,4592.0,4625.65,19327,15181,1737
SETFNIF50,06-JAN-2021,147.89,149.99,146.0,146.94,136439,105437,1471
SETFNIFBK,06-JAN-2021,315.0,318.5,314.59,316.8,64190,20588,873
SETFNN50,06-JAN-2021,381.5,381.5,344.8,347.21,19413,16995,397
SEYAIND,06-JAN-2021,67.45,67.75,66.0,66.35,23215,17125,422
SFL,06-JAN-2021,1894.0,1989.0,1891.55,1925.65,46086,18941,7087
SGL,06-JAN-2021,10.5,10.5,9.8,9.9,84083,70570,368
SHAHALLOYS,06-JAN-2021,10.3,10.3,9.55,10.3,31182,21474,63
SHALBY,06-JAN-2021,118.0,129.0,118.0,127.55,4827549,1235078,36272
SHALPAINTS,06-JAN-2021,95.0,99.0,92.2,96.95,822054,336506,6859
SHANKARA,06-JAN-2021,351.7,352.0,341.95,345.3,50989,27259,1537
SHANTIGEAR,06-JAN-2021,124.6,124.6,121.5,121.6,56892,32583,1102
SHARDACROP,06-JAN-2021,277.15,281.0,272.4,274.65,40979,17892,1687
SHARDAMOTR,06-JAN-2021,2099.0,2164.0,2055.0,2110.25,11796,5355,2035
SHAREINDIA,06-JAN-2021,196.0,204.0,195.95,200.95,45268,25849,998
SHARIABEES,06-JAN-2021,374.7,385.0,360.25,362.8,14334,13381,148
SHIL,06-JAN-2021,192.0,194.7,175.0,182.2,482692,265653,8042
SHILPAMED,06-JAN-2021,453.05,453.4,441.5,443.5,244401,141524,9065
SHIVAMAUTO,06-JAN-2021,21.35,21.35,20.0,20.45,144291,113460,480
SHIVAMILLS,06-JAN-2021,34.65,38.7,34.55,37.25,254369,102050,2263
SHIVATEX,06-JAN-2021,126.9,131.55,126.9,131.55,14611,13439,109
SHK,06-JAN-2021,123.15,124.75,120.05,121.35,262180,156642,7516
SHOPERSTOP,06-JAN-2021,205.3,209.2,200.0,202.3,180572,82625,3304
SHRADHA,06-JAN-2021,66.95,66.95,64.5,64.75,3047,2200,75
SHREDIGCEM,06-JAN-2021,62.5,63.1,60.5,61.8,740180,341938,3946
SHREECEM,06-JAN-2021,24084.0,24947.4,23850.0,24824.35,73142,20713,20190
SHREEPUSHK,06-JAN-2021,143.8,147.0,135.7,139.6,166972,81080,4266
SHREERAMA,06-JAN-2021,8.85,9.4,8.7,8.8,120838,72820,381
SHRENIK,06-JAN-2021,4.15,4.15,4.0,4.0,5069466,2495840,2613
SHREYANIND,06-JAN-2021,92.65,92.65,87.0,88.4,45351,29507,786
SHREYAS,06-JAN-2021,74.4,75.9,73.0,75.85,342095,229016,1687
SHRIRAMCIT,06-JAN-2021,1068.0,1096.5,1068.0,1076.2,46918,27363,7381
SHRIRAMEPC,06-JAN-2021,4.8,5.1,4.75,4.85,943513,620641,960
SHYAMCENT,06-JAN-2021,7.35,7.35,7.15,7.35,108598,108598,164
SICAGEN,06-JAN-2021,17.95,17.95,16.45,16.8,70796,52278,468
SIEMENS,06-JAN-2021,1617.7,1635.45,1602.15,1618.55,399518,77510,25199
SIGIND,06-JAN-2021,28.5,32.3,26.5,32.3,644361,228774,3111
SILINV,06-JAN-2021,215.05,224.8,213.15,215.9,26734,11605,884
SIMBHALS,06-JAN-2021,8.0,8.1,7.7,8.0,35653,30829,102
SIMPLEXINF,06-JAN-2021,41.8,42.0,39.3,40.15,177384,117350,1059
SINTERCOM,06-JAN-2021,82.4,82.4,78.0,81.5,11887,11440,30
SIRCA,06-JAN-2021,347.0,347.0,320.0,332.6,114130,65449,3771
SIS,06-JAN-2021,421.35,429.0,421.0,425.0,203634,119344,8476
SIYSIL,06-JAN-2021,210.1,210.7,200.05,202.7,124867,60497,2578
SJVN,06-JAN-2021,25.9,26.15,25.5,25.65,2603559,1395936,7416
SKFINDIA,06-JAN-2021,1762.0,1775.0,1735.25,1760.05,35481,25052,3329
SKIL,06-JAN-2021,3.8,3.8,3.5,3.5,1017498,805169,657
SKIPPER,06-JAN-2021,67.2,68.3,63.5,65.15,97511,53910,884
SKMEGGPROD,06-JAN-2021,62.5,63.35,58.5,59.65,375470,196703,3555
SMLISUZU,06-JAN-2021,482.9,488.0,464.95,470.45,42495,17694,2480
SMSLIFE,06-JAN-2021,621.9,630.0,607.0,608.4,7407,4725,475
SMSPHARMA,06-JAN-2021,127.65,128.45,121.0,122.95,373168,254107,3834
SNOWMAN,06-JAN-2021,61.95,62.3,58.5,59.8,3857667,2421516,19889
SOBHA,06-JAN-2021,415.05,425.75,408.15,410.65,523526,173694,11151
SOLARA,06-JAN-2021,1206.0,1250.0,1203.05,1228.4,116692,67303,5468
SOLARINDS,06-JAN-2021,1119.0,1129.6,1110.45,1124.85,36399,23673,5517
SOMANYCERA,06-JAN-2021,342.6,346.9,335.0,340.4,58565,40532,2132
SOMICONVEY,06-JAN-2021,29.0,30.05,28.0,28.55,15102,13001,181
SONATSOFTW,06-JAN-2021,410.0,412.1,388.0,400.55,318304,128845,13406
SORILINFRA,06-JAN-2021,135.0,150.1,128.1,136.45,613208,184816,8095
SOTL,06-JAN-2021,729.5,729.9,716.45,719.8,9147,7231,585
SOUTHBANK,06-JAN-2021,9.35,9.5,9.15,9.3,23915408,11824458,42890
SOUTHWEST,06-JAN-2021,44.6,44.85,41.55,41.85,37339,31916,115
SPAL,06-JAN-2021,175.0,177.0,168.55,171.7,49196,28074,1238
SPANDANA,06-JAN-2021,775.0,776.8,755.9,760.05,23639,16227,1255
SPARC,06-JAN-2021,203.8,205.25,191.5,195.4,1847901,733845,16975
SPECIALITY,06-JAN-2021,49.0,49.0,46.65,47.45,109265,74816,792
SPENCERS,06-JAN-2021,86.1,88.25,84.15,85.4,951558,383974,6314
SPIC,06-JAN-2021,24.65,24.75,23.8,24.05,405973,227686,1402
SPICEJET,06-JAN-2021,94.35,95.5,92.5,93.6,4951975,1659160,22651
SPLIL,06-JAN-2021,38.85,39.0,36.0,38.3,123147,70443,810
SREEL,06-JAN-2021,147.6,148.9,146.85,147.15,8084,4432,278
SREINFRA,06-JAN-2021,8.7,8.9,8.2,8.4,3593003,2052267,3847
SRF,06-JAN-2021,5701.0,5794.7,5646.0,5701.45,190537,18842,16827
SRHHYPOLTD,06-JAN-2021,254.0,261.9,250.0,252.05,55532,33919,1989
SRIPIPES,06-JAN-2021,160.0,162.0,154.0,156.3,249612,142085,3562
SRPL,06-JAN-2021,33.0,33.45,31.95,32.35,8045,5709,64
SRTRANSFIN,06-JAN-2021,1117.95,1208.5,1116.5,1197.2,8907705,2083331,166555
SSWL,06-JAN-2021,581.4,586.0,572.0,580.05,42049,25222,1997
STAR,06-JAN-2021,969.8,983.5,925.0,948.9,977814,315034,21628
STARCEMENT,06-JAN-2021,107.0,108.0,104.4,106.25,1046915,459895,7920
STARPAPER,06-JAN-2021,123.0,125.5,118.65,120.25,280764,131375,3344
STCINDIA,06-JAN-2021,83.0,83.15,80.35,80.5,40657,23105,560
STEELCITY,06-JAN-2021,38.95,39.35,37.0,37.65,14173,11972,122
STEELXIND,06-JAN-2021,52.5,53.9,51.0,52.9,284526,172580,1173
STEL,06-JAN-2021,74.0,75.8,69.1,70.85,48087,37317,588
STERTOOLS,06-JAN-2021,198.65,199.8,195.05,197.6,20009,9981,799
STLTECH,06-JAN-2021,197.5,197.5,188.5,193.65,1430822,640242,15565
SUBEXLTD,06-JAN-2021,28.6,28.8,27.15,27.65,4773461,2785002,10316
SUBROS,06-JAN-2021,348.0,352.05,342.45,351.05,64593,39847,5025
SUDARSCHEM,06-JAN-2021,488.65,490.0,484.1,485.1,143390,96416,2977
SUMICHEM,06-JAN-2021,325.0,334.95,313.35,319.05,999356,362740,18019
SUMMITSEC,06-JAN-2021,559.6,562.65,544.15,551.1,1831,1459,238
SUNCLAYLTD,06-JAN-2021,2699.95,2717.0,2650.0,2685.8,8801,4291,548
SUNDARAM,06-JAN-2021,1.65,1.65,1.65,1.65,85538,85538,40
SUNDARMFIN,06-JAN-2021,1837.0,1844.95,1820.0,1830.65,24030,17514,2653
SUNDARMHLD,06-JAN-2021,76.65,76.65,75.0,75.5,121510,98533,767
SUNDRMBRAK,06-JAN-2021,322.0,325.0,311.5,318.5,6584,3939,468
SUNDRMFAST,06-JAN-2021,558.8,565.0,535.75,539.95,93646,41013,4991
SUNFLAG,06-JAN-2021,69.25,70.4,65.4,66.45,1132886,413581,6757
SUNPHARMA,06-JAN-2021,604.1,610.95,596.15,605.3,6422080,1334589,76159
SUNTECK,06-JAN-2021,356.0,358.0,344.05,347.3,250054,105147,5388
SUNTV,06-JAN-2021,495.0,502.5,477.25,487.0,3475134,364801,36061
SUPERHOUSE,06-JAN-2021,129.5,131.9,126.0,127.5,78328,31525,1778
SUPERSPIN,06-JAN-2021,5.5,5.5,5.05,5.5,512079,305264,908
SUPPETRO,06-JAN-2021,347.2,354.45,339.0,340.35,71598,60386,2491
SUPRAJIT,06-JAN-2021,202.95,223.0,199.5,218.0,1449729,463490,28248
SUPREMEENG,06-JAN-2021,28.5,28.5,28.1,28.5,33783,30056,67
SUPREMEIND,06-JAN-2021,1748.0,1765.0,1720.3,1756.85,105528,73826,10487
SURANASOL,06-JAN-2021,13.95,14.7,13.3,13.3,1357273,774580,2934
SURANAT&P,06-JAN-2021,7.1,7.1,6.35,6.5,734425,475569,1661
SURYAROSNI,06-JAN-2021,363.0,365.75,347.1,352.9,109426,73952,3900
SUTLEJTEX,06-JAN-2021,50.7,52.0,48.5,49.3,1633852,909208,8024
SUULD,06-JAN-2021,151.95,151.95,138.15,140.85,175467,104884,1652
SUVEN,06-JAN-2021,91.35,91.65,87.5,88.6,617845,404049,6254
SUVENPHAR,06-JAN-2021,465.0,465.0,453.25,461.35,279100,143187,16049
SWANENERGY,06-JAN-2021,132.1,135.35,131.55,132.5,146775,13698,3237
SWARAJENG,06-JAN-2021,1455.0,1458.0,1425.05,1439.4,11584,6130,1274
SWELECTES,06-JAN-2021,221.0,225.7,213.4,215.45,42563,27726,1213
SWSOLAR,06-JAN-2021,276.75,278.7,258.85,268.05,1203369,483125,12196
SYMPHONY,06-JAN-2021,1048.8,1066.75,1029.0,1039.3,91136,37688,7643
SYNGENE,06-JAN-2021,631.0,639.9,614.0,616.95,560456,295037,31690
TAINWALCHM,06-JAN-2021,80.85,81.0,77.05,79.85,41327,20195,618
TAJGVK,06-JAN-2021,143.0,143.75,138.0,139.75,111465,72880,2154
TAKE,06-JAN-2021,57.0,57.7,53.6,55.55,3429562,1581880,13589
TALBROAUTO,06-JAN-2021,163.55,169.4,152.55,158.05,158661,80558,3096
TANLA,06-JAN-2021,706.95,738.25,689.0,738.25,1164684,613539,31829
TARC,06-JAN-2021,24.75,25.8,23.5,24.05,331567,224417,1236
TARMAT,06-JAN-2021,54.0,54.0,51.0,51.45,27481,20631,546
TASTYBITE,06-JAN-2021,11799.95,12300.0,11602.0,11735.45,2576,1108,1313
TATACHEM,06-JAN-2021,487.0,504.6,481.7,491.05,7590353,1629493,99730
TATACOFFEE,06-JAN-2021,108.0,108.85,106.0,106.65,788876,372767,4215
TATACOMM,06-JAN-2021,1118.9,1118.9,1065.0,1074.05,275505,159572,13953
TATACONSUM,06-JAN-2021,613.0,613.8,595.4,604.95,2167700,768644,51037
TATAELXSI,06-JAN-2021,1967.0,2018.35,1947.15,1994.6,770176,247251,40901
TATAINVEST,06-JAN-2021,1026.8,1040.0,1015.0,1019.75,19990,9810,1618
TATAMETALI,06-JAN-2021,645.95,654.0,630.0,632.45,144066,57976,4648
TATAMOTORS,06-JAN-2021,194.45,197.6,190.65,195.4,75621947,14274504,302100
TATAMTRDVR,06-JAN-2021,78.3,79.95,77.2,79.05,9892840,3418393,30516
TATAPOWER,06-JAN-2021,82.0,83.5,80.75,82.45,46157617,12023021,96899
TATASTEEL,06-JAN-2021,684.0,696.65,675.0,683.8,19610522,3135082,193951
TATASTLBSL,06-JAN-2021,42.25,43.25,41.7,42.35,6967834,2059387,8549
TATASTLLP,06-JAN-2021,613.8,628.8,604.45,613.15,153543,68198,3886
TBZ,06-JAN-2021,73.7,88.7,73.0,87.5,7295430,1181441,48793
TCI,06-JAN-2021,246.6,250.7,246.55,247.7,30542,21232,718
TCIDEVELOP,06-JAN-2021,317.5,335.0,316.55,318.25,968,412,293
TCIEXP,06-JAN-2021,965.0,998.7,965.0,980.1,64024,23779,4453
TCNSBRANDS,06-JAN-2021,444.5,447.55,437.0,439.9,21645,15969,1274
TCPLPACK,06-JAN-2021,384.55,388.95,379.45,383.1,2085,1389,154
TCS,06-JAN-2021,3100.0,3113.5,3037.2,3051.5,3726716,1054841,172084
TDPOWERSYS,06-JAN-2021,140.4,144.05,137.0,139.45,53430,30723,1155
TEAMLEASE,06-JAN-2021,2770.0,2799.0,2715.0,2778.65,142943,122503,4947
TECHIN,06-JAN-2021,3.15,3.15,3.15,3.15,670,670,4
TECHM,06-JAN-2021,1004.0,1026.0,983.35,997.15,4677359,1201314,96635
TECHNOE,06-JAN-2021,235.0,238.85,225.0,230.15,226106,129235,4402
TEJASNET,06-JAN-2021,140.7,140.8,134.0,136.3,383460,239749,4320
TERASOFT,06-JAN-2021,71.0,72.5,65.6,65.6,603563,376615,6285
TEXINFRA,06-JAN-2021,47.85,47.85,46.5,47.25,134374,75716,834
TEXMOPIPES,06-JAN-2021,26.0,27.65,25.55,26.2,856642,479642,3007
TEXRAIL,06-JAN-2021,33.95,34.65,32.7,33.45,2643900,1023679,7329
TFCILTD,06-JAN-2021,51.4,54.25,50.5,51.5,1217961,481103,5171
TFL,06-JAN-2021,2.75,2.85,2.75,2.75,1424,1324,5
THANGAMAYL,06-JAN-2021,639.8,653.8,624.45,641.55,102403,26260,7143
THEMISMED,06-JAN-2021,360.0,360.0,353.05,354.65,8840,6354,211
THERMAX,06-JAN-2021,956.45,966.45,943.0,958.3,31544,18982,2385
THOMASCOOK,06-JAN-2021,49.2,50.2,47.4,48.8,623858,374597,3504
THYROCARE,06-JAN-2021,989.9,1005.9,945.0,958.35,221773,88962,11150
TI,06-JAN-2021,29.3,29.8,27.2,28.55,402653,234785,2023
TIDEWATER,06-JAN-2021,4411.05,4727.95,4411.05,4521.0,22102,8497,4311
TIIL,06-JAN-2021,376.0,394.6,362.4,367.7,102077,55859,3013
TIINDIA,06-JAN-2021,825.05,837.0,804.7,812.25,58216,25924,4935
TIL,06-JAN-2021,180.15,191.4,178.2,184.55,45255,22909,1636
TIMESGTY,06-JAN-2021,28.4,28.4,27.7,27.85,440,403,34
TIMETECHNO,06-JAN-2021,52.5,53.3,50.0,50.9,1044084,553767,4021
TIMKEN,06-JAN-2021,1321.0,1334.9,1315.45,1321.3,46905,35586,4461
TINPLATE,06-JAN-2021,178.95,179.7,171.1,174.65,1045482,394414,14991
TIPSINDLTD,06-JAN-2021,418.55,440.0,407.2,416.6,154182,43618,5924
TIRUMALCHM,06-JAN-2021,97.5,102.45,97.3,98.6,1919840,677163,11635
TITAN,06-JAN-2021,1578.0,1621.35,1561.85,1572.6,3312171,621716,94942
TMRVL,06-JAN-2021,11.55,12.15,11.55,12.05,52444,34046,363
TNPETRO,06-JAN-2021,43.0,45.55,42.8,45.25,1527981,652582,7154
TNPL,06-JAN-2021,133.65,135.65,127.05,130.55,563054,226229,7176
TOKYOPLAST,06-JAN-2021,81.9,82.0,74.1,76.9,52711,29311,847
TORNTPHARM,06-JAN-2021,2825.0,2855.95,2768.4,2790.7,261496,62781,15879
TORNTPOWER,06-JAN-2021,321.0,333.8,320.55,330.1,2667351,444602,29120
TOTAL,06-JAN-2021,73.9,76.45,73.9,76.45,168781,158600,1113
TOUCHWOOD,06-JAN-2021,52.2,62.5,51.55,62.5,50558,29541,490
TPLPLASTEH,06-JAN-2021,175.45,178.9,173.0,175.85,45922,35489,1407
TREEHOUSE,06-JAN-2021,7.0,7.0,6.65,6.7,39731,34756,98
TREJHARA,06-JAN-2021,39.3,41.5,37.85,38.35,46208,36447,445
TRENT,06-JAN-2021,678.9,684.3,672.0,676.65,227409,94846,9102
TRIDENT,06-JAN-2021,16.7,16.95,14.7,16.0,270244231,90129593,291409
TRIGYN,06-JAN-2021,90.8,92.7,86.15,88.3,260271,171411,2010
TRITURBINE,06-JAN-2021,81.95,85.8,80.8,84.25,258088,156529,3241
TRIVENI,06-JAN-2021,72.85,74.5,71.3,72.3,832603,347460,5011
TTKHLTCARE,06-JAN-2021,572.0,579.4,556.85,564.4,4522,2594,594
TTKPRESTIG,06-JAN-2021,6245.1,6323.55,6150.0,6169.85,3953,2089,1370
TTL,06-JAN-2021,55.45,56.0,53.25,53.7,20428,12657,362
TV18BRDCST,06-JAN-2021,30.9,31.4,30.2,30.55,5389097,1922748,7090
TVSMOTOR,06-JAN-2021,492.2,495.2,481.8,488.15,1049245,255256,14509
TVSSRICHAK,06-JAN-2021,1920.0,1920.0,1860.0,1866.45,8054,4550,1596
TVTODAY,06-JAN-2021,224.7,227.8,221.95,223.25,119263,89445,1216
TWL,06-JAN-2021,60.25,62.2,59.15,60.6,1600206,543864,9272
UBL,06-JAN-2021,1193.0,1237.45,1180.95,1221.05,1205283,246662,32964
UCALFUEL,06-JAN-2021,133.6,134.45,128.75,129.5,59770,38225,1216
UCOBANK,06-JAN-2021,13.0,13.35,12.85,13.0,2817758,970878,9657
UFLEX,06-JAN-2021,386.35,386.85,373.2,375.4,148374,110691,2886
UFO,06-JAN-2021,93.35,93.75,89.3,90.3,336620,189244,2804
UGARSUGAR,06-JAN-2021,17.75,18.7,17.55,17.9,402366,160361,1285
UJAAS,06-JAN-2021,3.4,3.4,3.2,3.4,9073539,6757036,3723
UJJIVAN,06-JAN-2021,282.0,286.0,278.05,279.6,750611,242739,12252
UJJIVANSFB,06-JAN-2021,40.0,40.3,39.6,39.7,1253254,703759,4709
ULTRACEMCO,06-JAN-2021,5360.0,5468.5,5300.0,5448.35,701452,180085,56126
UMANGDAIRY,06-JAN-2021,63.0,64.75,61.35,61.9,49953,29483,883
UNICHEMLAB,06-JAN-2021,266.85,268.0,260.1,262.4,50568,29527,1452
UNIDT,06-JAN-2021,282.0,298.2,282.0,285.15,58076,32290,1181
UNIENTER,06-JAN-2021,69.15,70.7,68.35,68.9,20391,11609,594
UNIONBANK,06-JAN-2021,32.35,32.55,31.75,31.85,6726368,2092141,10863
UNITEDTEA,06-JAN-2021,322.75,325.95,319.0,319.6,1988,1537,108
UNIVASTU,06-JAN-2021,34.95,35.0,32.5,33.35,2367,1732,58
UNIVCABLES,06-JAN-2021,154.85,165.3,150.7,158.3,503545,164188,6576
UNIVPHOTO,06-JAN-2021,163.75,168.4,161.1,162.3,2449,1837,229
UPL,06-JAN-2021,471.95,481.9,467.15,472.4,5947103,1249007,78315
USHAMART,06-JAN-2021,37.95,38.15,34.3,35.8,2118660,1223662,8638
UTIAMC,06-JAN-2021,555.1,557.0,539.45,542.4,271580,187882,7008
UTIBANKETF,06-JAN-2021,320.42,320.42,315.55,317.06,299,230,21
UTINEXT50,06-JAN-2021,346.85,357.0,345.0,349.07,1544,1162,58
UTINIFTETF,06-JAN-2021,1515.0,1519.63,1500.01,1514.01,251,244,38
UTISENSETF,06-JAN-2021,522.99,522.99,505.27,513.53,546,489,70
UTISXN50,06-JAN-2021,425.89,426.9,388.8,405.4,100,64,41
UTTAMSTL,06-JAN-2021,9.45,9.45,9.45,9.45,39645,39645,74
UTTAMSUGAR,06-JAN-2021,109.85,112.4,106.1,108.65,296761,104384,4507
VADILALIND,06-JAN-2021,795.0,824.0,784.25,812.6,28674,18149,1098
VAIBHAVGBL,06-JAN-2021,2850.0,2879.75,2755.0,2773.0,39061,18758,7548
VAISHALI,06-JAN-2021,64.55,71.25,64.55,64.55,585695,315067,4363
VAKRANGEE,06-JAN-2021,62.65,63.9,59.5,60.45,5139281,3310319,13823
VALIANTORG,06-JAN-2021,1535.0,1559.9,1524.0,1534.4,16038,10852,1549
VARDHACRLC,06-JAN-2021,41.65,41.65,38.15,38.75,214937,147325,1067
VARDMNPOLY,06-JAN-2021,16.8,17.2,15.6,16.1,154018,104715,681
VARROC,06-JAN-2021,400.0,411.0,395.8,399.75,220263,99417,11486
VASWANI,06-JAN-2021,6.55,6.65,6.5,6.65,12136,11952,27
VBL,06-JAN-2021,968.0,975.0,953.0,960.1,171532,79417,10175
VEDL,06-JAN-2021,170.75,183.95,170.55,180.3,49999500,10066027,178856
VENKEYS,06-JAN-2021,1625.0,1625.0,1550.0,1559.45,542063,165938,34901
VENUSREM,06-JAN-2021,174.0,179.0,166.15,171.25,53575,33649,1449
VERTOZ,06-JAN-2021,219.9,224.4,215.0,216.9,62851,12872,888
VESUVIUS,06-JAN-2021,1102.85,1110.0,1071.0,1078.9,19630,17637,640
VETO,06-JAN-2021,88.2,89.7,85.05,86.3,61140,36657,657
VGUARD,06-JAN-2021,196.0,213.45,195.25,204.8,3642268,1422390,41303
VHL,06-JAN-2021,1486.75,1486.75,1435.0,1451.95,628,477,93
VIDHIING,06-JAN-2021,124.0,129.0,122.6,124.6,95455,65147,1730
VIKASECO,06-JAN-2021,4.1,4.25,4.1,4.25,4846669,2671632,2338
VIKASMCORP,06-JAN-2021,5.15,5.5,5.15,5.45,28061839,18461470,21823
VIKASPROP,06-JAN-2021,3.2,3.35,3.05,3.35,10806536,5290679,7044
VIKASWSP,06-JAN-2021,4.85,5.0,4.8,4.95,624580,532709,492
VIMTALABS,06-JAN-2021,183.0,184.95,174.25,176.65,60775,43712,902
VINATIORGA,06-JAN-2021,1228.0,1340.0,1215.0,1322.0,954247,277955,43016
VINDHYATEL,06-JAN-2021,884.2,894.5,847.85,859.15,29457,13697,2631
VINYLINDIA,06-JAN-2021,124.45,127.1,122.45,124.05,132646,71884,2044
VIPCLOTHNG,06-JAN-2021,15.9,15.95,14.65,15.9,829761,460203,1556
VIPIND,06-JAN-2021,384.9,385.9,375.55,382.15,439909,194063,14498
VIPULLTD,06-JAN-2021,22.7,22.75,21.5,21.8,16111,12355,127
VISAKAIND,06-JAN-2021,394.75,411.0,393.35,401.0,213436,74023,5461
VISASTEEL,06-JAN-2021,7.5,7.5,7.5,7.5,18438,18438,30
VISHAL,06-JAN-2021,54.65,54.65,54.65,54.65,15839,15839,205
VISHNU,06-JAN-2021,198.2,199.65,188.9,190.6,13909,10909,565
VISHWARAJ,06-JAN-2021,120.05,124.15,119.0,119.45,5991,5014,93
VIVIMEDLAB,06-JAN-2021,18.6,18.95,17.9,18.15,160614,112310,621
VLSFINANCE,06-JAN-2021,87.55,89.5,84.1,86.35,229349,79143,3115
VMART,06-JAN-2021,2500.5,2504.95,2443.85,2463.7,25273,16935,5916
VOLTAMP,06-JAN-2021,1280.15,1299.95,1250.0,1260.6,9543,4490,1411
VOLTAS,06-JAN-2021,837.0,877.7,834.3,869.3,3129336,549003,56680
VRLLOG,06-JAN-2021,205.7,206.95,200.9,204.6,239298,137017,7484
VSSL,06-JAN-2021,128.0,131.15,128.0,131.15,95490,89402,288
VSTIND,06-JAN-2021,3730.0,3730.4,3663.05,3672.6,9465,5974,3012
VSTTILLERS,06-JAN-2021,1982.0,2010.0,1935.0,1957.25,16594,9171,2715
VTL,06-JAN-2021,1084.7,1165.0,1043.0,1046.95,239866,109858,20207
WABAG,06-JAN-2021,210.3,213.8,203.1,205.95,345292,170056,5439
WABCOINDIA,06-JAN-2021,5639.85,5639.9,5551.05,5563.8,3694,2326,828
WALCHANNAG,06-JAN-2021,69.8,70.8,68.0,68.7,192478,98496,2231
WATERBASE,06-JAN-2021,129.05,130.9,125.6,126.6,249205,74244,4407
WEBELSOLAR,06-JAN-2021,50.0,50.95,47.05,47.55,443839,262658,2066
WEIZMANIND,06-JAN-2021,46.0,47.0,44.6,45.1,9485,6437,179
WELCORP,06-JAN-2021,134.0,135.0,130.15,133.05,791180,341378,10664
WELENT,06-JAN-2021,85.9,86.9,84.05,84.5,122566,95319,1116
WELINV,06-JAN-2021,360.4,369.95,360.4,364.6,1300,929,103
WELSPUNIND,06-JAN-2021,73.6,73.95,69.85,70.6,856311,565401,4944
WENDT,06-JAN-2021,3200.0,3250.0,3085.0,3104.8,356,194,212
WESTLIFE,06-JAN-2021,434.6,440.0,430.0,432.7,218171,94662,5255
WHEELS,06-JAN-2021,502.35,504.0,493.4,494.4,15169,9631,881
WHIRLPOOL,06-JAN-2021,2607.35,2610.0,2522.1,2543.3,50559,21137,9252
WILLAMAGOR,06-JAN-2021,21.0,23.65,20.95,23.25,92199,52536,669
WIPRO,06-JAN-2021,405.0,417.4,403.3,406.4,22486300,5485151,193337
WOCKPHARMA,06-JAN-2021,529.0,531.2,511.6,518.6,620018,196399,13832
WONDERLA,06-JAN-2021,213.0,213.85,208.1,209.6,105543,52869,3408
WORTH,06-JAN-2021,53.5,54.9,52.1,52.45,34324,16553,302
WSTCSTPAPR,06-JAN-2021,192.1,196.5,184.5,190.4,428069,227176,5233
XCHANGING,06-JAN-2021,86.2,87.0,85.0,85.75,669033,544942,3715
XELPMOC,06-JAN-2021,350.0,358.7,332.75,338.05,95473,67200,3021
YAARII,06-JAN-2021,111.1,111.1,100.6,111.1,3514942,1721730,18711
YESBANK,06-JAN-2021,18.2,18.4,17.8,18.0,196901365,80238713,142359
ZEEL,06-JAN-2021,222.5,225.3,217.0,221.2,14154683,2349150,76086
ZEELEARN,06-JAN-2021,13.65,13.85,13.45,13.6,582922,353522,1029
ZEEMEDIA,06-JAN-2021,5.9,5.95,5.65,5.8,6032810,3839991,3835
ZENSARTECH,06-JAN-2021,238.5,241.9,234.0,235.2,124273,60547,4130
ZENTEC,06-JAN-2021,97.0,101.35,95.5,98.1,1902994,572872,14408
ZODIACLOTH,06-JAN-2021,111.95,112.4,106.55,108.15,197050,159309,1292
ZODJRDMKJ,06-JAN-2021,30.75,30.75,28.5,29.35,4194,2196,193
ZOTA,06-JAN-2021,168.05,172.9,163.4,167.2,45074,20674,790
ZUARI,06-JAN-2021,106.7,112.4,103.6,106.75,857824,250667,8397
ZUARIGLOB,06-JAN-2021,87.0,101.4,83.55,99.15,1207463,529962,10470
ZYDUSWELL,06-JAN-2021,2113.6,2137.0,2050.0,2085.45,53720,23327,4848
