20MICRONS,08-JAN-2021,41.8,42.0,40.2,41.65,600137,336262,2754
21STCENMGM,08-JAN-2021,10.8,10.8,10.5,10.75,5991,4913,57
3IINFOTECH,08-JAN-2021,8.5,8.5,8.5,8.5,1852252,1429817,826
3MINDIA,08-JAN-2021,21553.0,21898.95,21331.0,21735.4,15435,12447,4911
3PLAND,08-JAN-2021,11.0,11.35,10.6,10.95,8982,7819,85
5PAISA,08-JAN-2021,310.35,335.75,295.0,315.1,31421,16964,1198
A2ZINFRA,08-JAN-2021,5.25,5.4,4.95,5.05,1121333,871783,1107
AAKASH,08-JAN-2021,78.45,78.75,77.5,78.55,26572,7944,379
AARON,08-JAN-2021,53.4,54.1,52.2,54.0,5568,3837,59
AARTIDRUGS,08-JAN-2021,731.0,749.0,728.0,736.05,824889,222023,33152
AARTIIND,08-JAN-2021,1282.0,1301.85,1270.5,1280.4,326480,211674,10830
AARTISURF,08-JAN-2021,1011.5,1029.8,1005.0,1008.4,13379,8730,1131
AARVI,08-JAN-2021,47.85,48.5,46.65,46.75,20493,15021,186
AAVAS,08-JAN-2021,1896.0,1948.0,1896.0,1933.1,148479,108076,13911
ABB,08-JAN-2021,1307.55,1330.0,1300.0,1315.0,285838,236995,5544
ABBOTINDIA,08-JAN-2021,15549.9,15699.95,15445.05,15496.05,13199,8525,4374
ABCAPITAL,08-JAN-2021,93.7,94.2,91.55,92.4,4179333,1650340,23201
ABFRL,08-JAN-2021,168.6,170.55,165.5,166.45,1879933,614618,14663
ABSLBANETF,08-JAN-2021,328.85,339.3,308.6,320.52,1084,1009,26
ABSLNN50ET,08-JAN-2021,320.0,339.98,320.0,339.84,133,120,26
ACC,08-JAN-2021,1720.0,1769.55,1713.05,1761.25,2133816,906875,64866
ACCELYA,08-JAN-2021,955.7,970.0,955.7,967.1,5085,3643,532
ACCURACY,08-JAN-2021,37.95,39.25,37.0,39.25,158438,151771,140
ACE,08-JAN-2021,144.9,146.35,140.8,141.95,267965,146362,3217
ADANIENT,08-JAN-2021,523.0,526.6,514.1,518.0,3702267,639016,38483
ADANIGAS,08-JAN-2021,371.45,374.5,367.0,369.35,1133002,774372,15793
ADANIGREEN,08-JAN-2021,1071.0,1076.0,1009.95,1014.9,1646213,931642,48326
ADANIPORTS,08-JAN-2021,520.0,527.35,514.5,517.0,7272250,1519864,105599
ADANIPOWER,08-JAN-2021,51.5,53.55,51.2,53.45,18350326,8664871,34622
ADANITRANS,08-JAN-2021,456.7,460.0,452.5,454.75,354700,165487,9688
ADFFOODS,08-JAN-2021,634.95,646.8,618.2,632.0,51750,26343,2689
ADORWELD,08-JAN-2021,301.2,317.5,300.4,310.55,123321,60121,6031
ADSL,08-JAN-2021,43.8,44.45,41.5,43.55,304542,212211,2072
ADVENZYMES,08-JAN-2021,331.95,334.5,325.55,328.1,137967,70099,4483
AEGISCHEM,08-JAN-2021,259.9,261.9,253.25,256.75,600620,445728,13104
AFFLE,08-JAN-2021,3967.05,4010.05,3935.95,3965.5,33515,18645,8065
AGARIND,08-JAN-2021,104.65,115.45,103.0,110.95,87806,47635,1774
AGROPHOS,08-JAN-2021,15.85,16.2,15.6,15.7,92132,62759,434
AHLEAST,08-JAN-2021,167.45,170.0,164.8,168.35,1686,1298,90
AHLUCONT,08-JAN-2021,264.8,266.0,262.35,264.35,26530,16544,732
AHLWEST,08-JAN-2021,259.35,264.75,259.3,259.95,1286,768,123
AIAENG,08-JAN-2021,1976.95,2014.0,1975.05,2000.8,54808,41294,6947
AIRAN,08-JAN-2021,19.7,19.95,19.0,19.2,94431,73577,695
AJANTPHARM,08-JAN-2021,1790.0,1834.0,1711.15,1790.45,318431,142273,36135
AJMERA,08-JAN-2021,140.95,142.9,137.2,138.8,96168,40885,1925
AKASH,08-JAN-2021,238.0,247.15,235.0,241.95,135923,130234,791
AKSHARCHEM,08-JAN-2021,279.15,299.0,274.0,291.0,254861,77458,8599
AKSHOPTFBR,08-JAN-2021,9.35,9.5,8.35,8.6,1620145,1054844,2624
AKZOINDIA,08-JAN-2021,2430.5,2474.0,2380.2,2401.6,10368,5475,2270
ALANKIT,08-JAN-2021,19.2,19.4,18.65,19.15,201852,130176,690
ALBERTDAVD,08-JAN-2021,470.9,471.0,458.55,460.8,15770,8243,1038
ALEMBICLTD,08-JAN-2021,106.05,108.45,105.4,105.75,477085,215828,4577
ALICON,08-JAN-2021,378.65,384.95,369.0,370.15,6342,2507,578
ALKALI,08-JAN-2021,55.9,55.9,53.85,54.6,80772,50884,891
ALKEM,08-JAN-2021,3020.0,3068.8,3000.0,3041.25,98299,44766,10246
ALKYLAMINE,08-JAN-2021,4830.0,4914.7,4690.45,4830.6,60588,18737,11633
ALLCARGO,08-JAN-2021,141.35,141.35,135.6,136.35,432316,209683,4800
ALLSEC,08-JAN-2021,288.0,288.0,276.1,277.3,16732,9348,720
ALMONDZ,08-JAN-2021,20.55,21.0,20.3,20.55,8968,5030,150
ALOKINDS,08-JAN-2021,23.05,23.1,22.7,22.75,7315418,3984567,10933
AMARAJABAT,08-JAN-2021,990.0,1006.65,990.0,1002.0,820276,199158,21865
AMBER,08-JAN-2021,2739.0,2743.85,2651.0,2671.15,179394,51662,19392
AMBIKCO,08-JAN-2021,929.0,1030.0,925.0,1011.45,123772,65701,7473
AMBUJACEM,08-JAN-2021,265.0,271.4,264.3,269.95,8135272,2979203,55445
AMDIND,08-JAN-2021,21.75,22.0,21.1,21.2,29980,26590,381
AMJLAND,08-JAN-2021,27.6,28.75,27.0,27.35,25309,16203,327
AMRUTANJAN,08-JAN-2021,546.3,566.7,543.6,550.3,147638,36708,8165
ANANTRAJ,08-JAN-2021,27.3,27.3,26.6,26.7,446624,263317,1510
ANDHRACEMT,08-JAN-2021,6.7,6.7,6.4,6.6,623582,443380,1693
ANDHRAPAP,08-JAN-2021,216.85,216.85,210.9,212.35,29118,17853,1847
ANDHRSUGAR,08-JAN-2021,334.8,336.0,326.5,327.55,80654,43938,2513
ANGELBRKG,08-JAN-2021,365.0,375.8,362.0,364.0,404986,200443,12601
ANSALHSG,08-JAN-2021,7.35,7.6,7.15,7.3,103662,79341,397
ANUP,08-JAN-2021,770.0,770.95,717.6,725.1,24508,14317,3918
APARINDS,08-JAN-2021,352.0,369.8,352.0,358.75,141715,65903,3433
APCL,08-JAN-2021,216.5,220.0,211.55,212.35,63945,46670,1133
APCOTEXIND,08-JAN-2021,165.8,171.75,163.95,166.35,186649,92992,3007
APEX,08-JAN-2021,308.0,310.95,303.0,306.05,98616,50960,2049
APLAPOLLO,08-JAN-2021,922.0,967.9,918.95,962.1,1526888,1163790,34444
APLLTD,08-JAN-2021,1084.9,1109.55,1074.5,1092.9,251242,113775,12615
APOLLO,08-JAN-2021,122.85,131.5,120.45,130.0,548193,246637,7173
APOLLOHOSP,08-JAN-2021,2533.9,2579.0,2515.7,2553.5,862326,295645,27401
APOLLOPIPE,08-JAN-2021,711.95,718.45,705.0,708.2,22157,16957,1294
APOLLOTYRE,08-JAN-2021,194.0,196.55,191.75,192.6,9558639,2505901,51063
APOLSINHOT,08-JAN-2021,599.95,599.95,589.2,592.55,555,322,85
APTECHT,08-JAN-2021,153.5,155.4,149.5,150.45,426497,171003,6041
ARCHIDPLY,08-JAN-2021,42.4,42.4,38.6,39.95,112537,63979,879
ARCHIES,08-JAN-2021,14.55,14.75,14.3,14.35,172986,150934,309
ARENTERP,08-JAN-2021,12.45,13.0,12.05,13.0,3419,2910,36
ARIES,08-JAN-2021,107.8,110.0,106.35,106.95,128428,62756,2005
ARIHANT,08-JAN-2021,25.7,25.7,24.0,25.05,3773,2817,114
ARIHANTSUP,08-JAN-2021,37.5,37.5,37.5,37.5,13950,13950,38
ARMANFIN,08-JAN-2021,725.0,735.0,711.1,716.2,5279,3180,553
AROGRANITE,08-JAN-2021,50.8,59.4,50.7,58.05,2539908,631182,7103
ARROWGREEN,08-JAN-2021,62.9,64.15,59.65,61.8,11714,4902,523
ARSHIYA,08-JAN-2021,25.75,25.8,25.75,25.8,17817,17817,39
ARSSINFRA,08-JAN-2021,28.85,28.85,28.85,28.85,6170,6170,63
ARVIND,08-JAN-2021,50.8,51.5,50.25,50.95,1191491,538931,5092
ARVINDFASN,08-JAN-2021,169.75,172.4,165.4,167.2,433111,171917,6238
ARVSMART,08-JAN-2021,114.0,114.9,112.0,112.65,79980,43392,1255
ASAHIINDIA,08-JAN-2021,284.45,292.5,284.45,290.1,93510,60699,2566
ASAHISONG,08-JAN-2021,254.3,254.3,241.75,243.85,33811,25416,1330
ASAL,08-JAN-2021,28.9,29.8,28.0,29.15,17805,14032,205
ASALCBR,08-JAN-2021,335.05,343.0,318.0,321.45,134427,65652,3978
ASHAPURMIN,08-JAN-2021,142.8,143.0,131.7,131.7,448375,272145,4126
ASHIANA,08-JAN-2021,104.55,105.0,103.2,103.9,70041,33964,1034
ASHOKA,08-JAN-2021,96.0,96.35,94.4,94.85,1202749,680232,10985
ASHOKLEY,08-JAN-2021,112.3,113.75,111.05,112.8,40182892,6251587,114088
ASIANHOTNR,08-JAN-2021,79.5,79.5,64.3,77.3,32922,10457,548
ASIANPAINT,08-JAN-2021,2818.0,2849.8,2789.05,2844.7,1660967,678569,100519
ASIANTILES,08-JAN-2021,294.8,295.0,287.15,291.25,218844,74663,2574
ASPINWALL,08-JAN-2021,171.5,173.0,165.85,170.95,5583,4896,94
ASTEC,08-JAN-2021,1294.8,1294.8,1250.0,1270.3,39881,20225,3367
ASTERDM,08-JAN-2021,167.25,168.75,165.0,166.45,139863,88890,2493
ASTRAL,08-JAN-2021,1739.5,1785.0,1725.0,1762.7,533530,472909,13031
ASTRAMICRO,08-JAN-2021,123.1,131.5,123.1,128.75,1185598,659043,9611
ASTRAZEN,08-JAN-2021,4391.0,4450.0,4360.0,4392.45,69303,17495,9622
ASTRON,08-JAN-2021,52.5,53.4,51.0,52.1,69089,38355,447
ATFL,08-JAN-2021,845.0,865.0,844.05,849.8,22318,15775,1488
ATLANTA,08-JAN-2021,10.5,10.55,9.85,9.95,68199,50534,298
ATUL,08-JAN-2021,6590.0,6679.9,6590.0,6640.55,97592,85131,5532
ATULAUTO,08-JAN-2021,187.0,188.0,184.0,184.6,113617,72761,1761
AUBANK,08-JAN-2021,899.0,916.3,887.9,893.6,987790,548422,38098
AURIONPRO,08-JAN-2021,89.0,93.0,86.4,87.5,27636,21370,667
AUROPHARMA,08-JAN-2021,957.0,967.0,940.6,945.45,2685467,900517,52721
AUSOMENT,08-JAN-2021,52.65,53.45,52.25,52.3,7019,6305,163
AUTOAXLES,08-JAN-2021,1085.0,1110.0,1081.0,1092.35,71827,61818,2506
AUTOIND,08-JAN-2021,35.5,36.0,34.25,34.75,26395,20838,209
AUTOLITIND,08-JAN-2021,25.15,25.2,23.8,23.95,12856,9902,186
AVADHSUGAR,08-JAN-2021,225.0,225.65,220.0,221.5,140666,55766,2866
AVANTIFEED,08-JAN-2021,517.1,523.9,517.1,521.45,201583,99847,6126
AVTNPL,08-JAN-2021,52.5,54.7,51.0,51.1,232190,136738,1948
AWHCL,08-JAN-2021,367.9,378.7,365.05,374.9,1002929,333462,24618
AXISBANK,08-JAN-2021,678.0,678.85,668.5,672.7,12272794,5669577,136289
AXISBNKETF,08-JAN-2021,320.25,321.12,318.88,319.46,396,210,36
AXISCADES,08-JAN-2021,58.6,59.4,57.5,57.75,41613,20652,511
AXISGOLD,08-JAN-2021,44.79,44.79,43.83,43.91,183476,160555,2088
AXISNIFTY,08-JAN-2021,146.48,148.34,146.48,148.07,4035,2655,129
BAJAJ-AUTO,08-JAN-2021,3469.0,3544.6,3438.05,3529.15,675643,283849,42080
BAJAJCON,08-JAN-2021,224.25,224.25,218.5,220.4,815178,608592,17265
BAJAJELEC,08-JAN-2021,643.0,672.1,639.95,665.35,408336,127665,12425
BAJAJFINSV,08-JAN-2021,9036.0,9265.0,8948.0,9171.6,824261,228034,68802
BAJAJHIND,08-JAN-2021,6.95,7.1,6.8,6.9,6632911,3388478,5949
BAJAJHLDNG,08-JAN-2021,3150.0,3150.0,3124.0,3131.3,44992,28516,5398
BAJFINANCE,08-JAN-2021,5130.0,5138.75,5042.0,5082.0,2998451,785268,161323
BALAJITELE,08-JAN-2021,70.45,71.35,69.3,69.45,243914,119529,1853
BALAMINES,08-JAN-2021,1182.85,1190.0,1135.0,1145.7,274282,67210,13467
BALAXI,08-JAN-2021,641.6,645.0,625.65,635.65,4502,2865,268
BALKRISIND,08-JAN-2021,1667.7,1733.45,1665.1,1721.85,834793,271428,29650
BALMLAWRIE,08-JAN-2021,126.25,127.15,123.25,124.75,637484,243533,8122
BALRAMCHIN,08-JAN-2021,175.0,177.0,170.4,172.0,1199210,661843,22670
BANARBEADS,08-JAN-2021,64.5,64.5,61.1,62.45,20888,10387,366
BANARISUG,08-JAN-2021,1463.15,1500.0,1450.0,1475.95,1206,720,164
BANCOINDIA,08-JAN-2021,143.8,144.65,142.05,142.75,86613,48150,1845
BANDHANBNK,08-JAN-2021,411.05,424.0,409.4,419.4,16763434,5776279,150662
BANG,08-JAN-2021,30.0,31.0,29.4,29.7,15914,11112,226
BANKA,08-JAN-2021,68.5,68.5,65.0,67.05,17181,11458,258
BANKBARODA,08-JAN-2021,67.0,67.15,65.3,65.55,22794827,3569545,37388
BANKBEES,08-JAN-2021,324.1,324.1,321.2,321.82,635337,215527,4831
BANKINDIA,08-JAN-2021,51.5,51.95,50.6,50.9,2473192,643416,7070
BANSWRAS,08-JAN-2021,143.0,143.0,133.2,135.65,37666,31013,515
BASF,08-JAN-2021,1747.0,1747.0,1700.0,1708.5,37517,22631,3149
BATAINDIA,08-JAN-2021,1660.0,1662.3,1614.45,1649.15,643757,194475,28034
BAYERCROP,08-JAN-2021,5789.95,5850.95,5740.7,5796.0,36302,15591,7160
BBL,08-JAN-2021,954.0,963.9,925.0,931.15,66470,31218,4934
BBTC,08-JAN-2021,1296.0,1314.9,1278.1,1288.3,129113,84545,6817
BCG,08-JAN-2021,8.35,8.45,7.75,7.75,9830147,6695348,8574
BDL,08-JAN-2021,351.95,352.7,344.75,345.5,336704,164548,7267
BEARDSELL,08-JAN-2021,10.2,10.2,9.7,9.75,17575,12239,92
BECTORFOOD,08-JAN-2021,457.0,467.9,453.7,456.8,955664,289645,30584
BEDMUTHA,08-JAN-2021,28.4,28.45,26.5,26.9,13780,9067,63
BEL,08-JAN-2021,133.05,133.75,131.55,132.1,6635449,1901729,32168
BEML,08-JAN-2021,999.0,1001.4,978.0,984.3,436939,127742,13263
BEPL,08-JAN-2021,166.2,167.5,158.1,158.75,2244442,1365078,27542
BERGEPAINT,08-JAN-2021,793.45,812.95,792.65,810.6,967826,337490,28464
BFINVEST,08-JAN-2021,304.0,308.7,300.0,302.1,62830,21310,2573
BFUTILITIE,08-JAN-2021,300.7,306.9,294.25,298.6,437009,114813,9464
BHAGERIA,08-JAN-2021,166.35,167.45,162.0,162.45,45746,27869,1033
BHAGYAPROP,08-JAN-2021,24.7,24.8,23.7,23.9,3831,2828,69
BHANDARI,08-JAN-2021,3.3,3.3,3.05,3.3,3591860,1579592,1514
BHARATFORG,08-JAN-2021,601.0,606.0,593.6,603.3,2897356,458052,45978
BHARATRAS,08-JAN-2021,10124.95,10550.0,10021.0,10205.05,54907,14399,15294
BHARATWIRE,08-JAN-2021,36.2,37.0,35.85,36.0,13779,9490,189
BHARTIARTL,08-JAN-2021,549.3,549.75,537.3,540.25,14270435,6394886,125210
BHEL,08-JAN-2021,39.65,40.55,39.0,39.35,68394773,12019802,73047
BIL,08-JAN-2021,155.3,157.5,152.95,156.35,36019,26755,651
BINDALAGRO,08-JAN-2021,21.85,23.0,21.0,21.2,267246,156339,1401
BIOCON,08-JAN-2021,466.15,467.95,461.25,465.65,5550289,1415646,61266
BIRLACABLE,08-JAN-2021,70.25,70.8,66.05,67.65,300623,172960,3325
BIRLACORPN,08-JAN-2021,749.45,762.6,749.15,755.65,325762,170094,17829
BIRLAMONEY,08-JAN-2021,47.95,51.7,46.45,50.55,2933387,781503,13780
BIRLATYRE,08-JAN-2021,29.5,29.6,28.7,28.85,385720,282232,2700
BLBLIMITED,08-JAN-2021,6.35,6.35,5.85,5.95,30701,21371,84
BLISSGVS,08-JAN-2021,205.0,207.0,200.05,201.0,1091098,524651,4934
BLKASHYAP,08-JAN-2021,11.6,11.9,11.05,11.9,408569,367733,368
BLS,08-JAN-2021,121.0,133.0,117.15,123.8,3745084,1567421,44222
BLUEDART,08-JAN-2021,4004.0,4131.9,3963.25,3996.2,13224,6313,2822
BLUESTARCO,08-JAN-2021,800.0,822.0,794.15,812.05,96451,52903,7034
BODALCHEM,08-JAN-2021,80.55,81.55,79.6,79.8,391272,190340,2495
BOMDYEING,08-JAN-2021,83.0,83.5,80.5,81.25,2908017,1043545,16888
BOROLTD,08-JAN-2021,229.0,233.95,226.0,227.45,285380,149753,4907
BORORENEW,08-JAN-2021,274.9,283.0,268.05,283.0,1684050,820286,18786
BOSCHLTD,08-JAN-2021,14000.0,14181.75,13801.05,13856.55,91160,17483,18027
BPCL,08-JAN-2021,395.0,406.0,394.25,400.15,12377956,4107980,164601
BPL,08-JAN-2021,24.2,24.6,23.3,23.65,97145,68216,548
BRFL,08-JAN-2021,12.7,12.75,11.85,12.0,230905,178987,546
BRIGADE,08-JAN-2021,263.75,263.75,259.1,262.2,134589,74764,3141
BRITANNIA,08-JAN-2021,3574.0,3589.95,3532.85,3575.25,961239,454740,71792
BRNL,08-JAN-2021,37.2,37.4,35.6,36.05,174174,104675,1562
BROOKS,08-JAN-2021,77.75,77.75,73.0,73.7,102774,56320,1066
BSE,08-JAN-2021,646.0,653.0,640.15,643.9,610601,249157,18736
BSELINFRA,08-JAN-2021,1.5,1.5,1.4,1.45,894215,590935,495
BSHSL,08-JAN-2021,89.4,94.35,87.5,93.2,232,165,18
BSLGOLDETF,08-JAN-2021,4662.9,4685.15,4575.0,4602.75,543,284,164
BSLNIFTY,08-JAN-2021,154.5,159.2,153.11,158.21,432,255,34
BSOFT,08-JAN-2021,264.55,269.7,258.6,264.5,1628361,824765,36866
BURGERKING,08-JAN-2021,166.25,169.75,164.0,166.8,3554211,1515342,43857
BUTTERFLY,08-JAN-2021,523.0,536.0,508.0,513.2,110615,60135,3441
CADILAHC,08-JAN-2021,485.0,489.4,483.5,485.15,2216314,597401,28059
CALSOFT,08-JAN-2021,11.15,11.15,10.7,11.1,58579,43481,228
CAMLINFINE,08-JAN-2021,125.5,125.9,123.0,123.5,516711,132421,10597
CAMS,08-JAN-2021,1822.5,1823.0,1776.95,1786.95,75264,36463,9053
CANBK,08-JAN-2021,134.0,134.9,130.65,131.0,20197579,5407744,60260
CANFINHOME,08-JAN-2021,497.85,509.5,491.2,503.5,882576,414529,25196
CANTABIL,08-JAN-2021,384.0,387.15,375.25,378.45,142527,24402,7879
CAPACITE,08-JAN-2021,184.05,186.6,183.4,184.5,461070,381236,6071
CAPLIPOINT,08-JAN-2021,500.0,509.9,497.5,499.95,123460,70667,6643
CAPTRUST,08-JAN-2021,104.0,104.85,101.3,101.95,20889,13142,449
CARBORUNIV,08-JAN-2021,412.0,412.0,400.8,408.55,156474,90774,7897
CAREERP,08-JAN-2021,163.6,163.7,161.0,161.65,20501,11173,402
CARERATING,08-JAN-2021,513.55,521.8,511.0,513.6,194505,110160,10977
CASTROLIND,08-JAN-2021,129.5,130.0,127.3,128.75,1661310,865004,12716
CCL,08-JAN-2021,263.2,263.8,258.05,259.35,190501,139076,6104
CDSL,08-JAN-2021,545.0,547.25,535.0,538.55,720459,275690,21126
CEATLTD,08-JAN-2021,1163.9,1205.0,1156.05,1200.7,425886,187249,15900
CEBBCO,08-JAN-2021,22.25,24.75,22.1,24.45,606432,409245,1627
CELEBRITY,08-JAN-2021,7.5,7.5,6.85,7.0,255729,192769,567
CENTENKA,08-JAN-2021,211.0,225.9,211.0,219.25,223210,113119,5502
CENTRALBK,08-JAN-2021,14.15,14.25,13.95,14.0,6179497,2512181,5750
CENTRUM,08-JAN-2021,18.2,19.5,17.6,18.85,2583323,1717752,4166
CENTUM,08-JAN-2021,451.0,473.0,442.9,467.7,40798,27338,1914
CENTURYPLY,08-JAN-2021,250.5,258.45,245.0,247.15,827531,364125,16513
CENTURYTEX,08-JAN-2021,420.45,424.45,414.3,416.2,962920,325975,15827
CERA,08-JAN-2021,3536.0,3595.0,3503.55,3546.95,11745,5763,2388
CEREBRAINT,08-JAN-2021,35.7,36.7,34.75,36.3,156969,110269,660
CESC,08-JAN-2021,625.0,628.95,621.0,623.15,309766,225240,14797
CESCVENT,08-JAN-2021,314.55,320.7,314.55,317.3,42856,27693,1500
CGCL,08-JAN-2021,317.0,341.0,315.2,339.0,214543,77496,9086
CGPOWER,08-JAN-2021,43.5,44.45,42.75,42.85,2725919,1548672,9032
CHALET,08-JAN-2021,186.35,189.0,182.0,182.9,317345,197260,8014
CHAMBLFERT,08-JAN-2021,244.0,245.7,238.6,240.0,612570,289626,9887
CHEMBOND,08-JAN-2021,184.0,184.0,177.0,178.45,10648,5972,485
CHEMCON,08-JAN-2021,473.9,488.0,472.15,474.4,375619,100566,12193
CHEMFAB,08-JAN-2021,151.8,152.95,147.75,148.75,8057,4634,258
CHENNPETRO,08-JAN-2021,110.3,112.45,110.3,110.85,745292,341931,5740
CHOLAFIN,08-JAN-2021,435.05,437.45,427.7,431.8,3344933,886685,48756
CHOLAHLDNG,08-JAN-2021,593.7,595.0,570.55,577.65,266781,233746,4583
CIGNITITEC,08-JAN-2021,388.9,394.8,386.0,388.9,55028,32284,1926
CINELINE,08-JAN-2021,41.25,43.6,41.05,41.3,255329,70797,1756
CINEVISTA,08-JAN-2021,7.1,7.2,6.95,6.95,31920,18292,98
CIPLA,08-JAN-2021,830.7,846.2,827.4,838.7,5072916,1560403,125099
CLEDUCATE,08-JAN-2021,82.9,83.7,78.0,79.25,216446,90583,3837
CLNINDIA,08-JAN-2021,375.0,377.6,371.0,373.0,28653,17670,1187
COALINDIA,08-JAN-2021,137.1,140.95,137.1,139.7,27964099,11318989,163024
COCHINSHIP,08-JAN-2021,388.0,395.6,387.05,391.45,668703,293193,12778
COFORGE,08-JAN-2021,2776.5,2825.0,2745.0,2804.2,498550,135941,27195
COLPAL,08-JAN-2021,1599.0,1625.0,1599.0,1614.75,738807,442739,45574
COMPINFO,08-JAN-2021,17.2,17.85,16.8,17.0,637345,252304,1360
CONCOR,08-JAN-2021,436.95,446.95,433.8,442.55,5146410,3080095,199882
CONFIPET,08-JAN-2021,39.8,41.15,39.25,39.55,1083930,496009,4142
CONSOFINVT,08-JAN-2021,48.85,48.85,45.25,45.45,8091,6902,56
CONTROLPR,08-JAN-2021,251.65,251.7,244.05,246.25,11163,8204,406
CORALFINAC,08-JAN-2021,23.8,23.85,23.0,23.2,16977,11316,208
CORDSCABLE,08-JAN-2021,49.0,51.5,48.1,50.7,542424,255405,3383
COROMANDEL,08-JAN-2021,815.95,822.0,810.0,817.3,448087,268721,16755
COSMOFILMS,08-JAN-2021,455.0,458.0,448.15,449.45,40316,27739,1626
CPSEETF,08-JAN-2021,21.12,21.6,21.11,21.48,6354746,5619319,4133
CREATIVE,08-JAN-2021,116.95,116.95,111.95,114.0,95825,45873,546
CREATIVEYE,08-JAN-2021,4.1,4.1,3.85,4.0,66758,46266,121
CREDITACC,08-JAN-2021,785.05,802.0,780.1,799.9,191115,139085,11207
CREST,08-JAN-2021,106.8,106.8,102.45,103.05,14330,8532,467
CRISIL,08-JAN-2021,1964.0,1972.0,1940.0,1956.35,19095,12093,3382
CROMPTON,08-JAN-2021,399.9,405.4,390.85,400.15,1882075,1550203,63099
CSBBANK,08-JAN-2021,239.45,240.0,234.1,235.35,534867,240655,8027
CTE,08-JAN-2021,50.0,53.0,50.0,52.25,21801,13884,249
CUB,08-JAN-2021,185.45,187.65,182.3,184.7,3000359,2008253,36728
CUMMINSIND,08-JAN-2021,647.8,648.0,626.0,635.0,1843346,448775,42300
CUPID,08-JAN-2021,240.9,244.0,237.75,238.75,52464,29958,1819
CYBERMEDIA,08-JAN-2021,3.45,3.45,3.45,3.45,50,50,1
CYBERTECH,08-JAN-2021,143.5,150.0,142.2,145.4,407684,194588,6671
CYIENT,08-JAN-2021,535.0,544.0,530.65,535.2,344400,234247,14299
DAAWAT,08-JAN-2021,58.0,58.4,57.15,57.3,1016633,577775,5180
DABUR,08-JAN-2021,537.0,542.45,534.0,540.1,3665938,1996781,46551
DALBHARAT,08-JAN-2021,1177.8,1229.8,1170.05,1204.05,391647,122395,21903
DALMIASUG,08-JAN-2021,145.25,146.9,141.5,142.45,164235,85281,1971
DAMODARIND,08-JAN-2021,37.05,41.8,36.05,40.8,229891,91378,2060
DANGEE,08-JAN-2021,127.5,131.3,125.0,128.2,14583,8740,113
DATAMATICS,08-JAN-2021,126.0,128.7,123.25,124.65,370187,155019,6962
DBCORP,08-JAN-2021,85.05,86.65,84.0,84.35,354883,206453,3021
DBL,08-JAN-2021,420.0,428.8,406.2,411.0,499993,171318,11719
DBSTOCKBRO,08-JAN-2021,10.5,11.0,10.25,10.35,14430,10103,77
DCAL,08-JAN-2021,142.95,147.65,141.5,142.35,585768,259056,7350
DCBBANK,08-JAN-2021,124.1,124.55,120.0,120.85,1433589,703926,14408
DCMFINSERV,08-JAN-2021,1.95,2.0,1.9,2.0,21435,17055,47
DCMSHRIRAM,08-JAN-2021,390.0,394.3,385.05,388.5,61693,29959,2229
DCW,08-JAN-2021,19.2,19.25,18.6,18.7,656864,548367,1225
DECCANCE,08-JAN-2021,382.4,385.9,373.05,376.6,74359,40744,2561
DEEPAKFERT,08-JAN-2021,161.0,169.0,160.8,165.85,2521040,803854,32657
DEEPAKNTR,08-JAN-2021,1086.0,1086.0,1040.1,1054.65,655421,212699,29828
DEEPENR,08-JAN-2021,45.85,45.95,44.65,44.9,31062,22060,453
DELTACORP,08-JAN-2021,155.5,157.05,152.25,153.9,1691920,810020,14213
DEN,08-JAN-2021,66.45,67.75,66.25,66.95,764994,357167,4575
DENORA,08-JAN-2021,279.85,279.85,270.0,271.3,7485,4572,484
DFMFOODS,08-JAN-2021,409.6,409.6,402.0,403.65,19326,10652,1077
DGCONTENT,08-JAN-2021,16.7,16.7,15.2,15.55,37874,32666,306
DHAMPURSUG,08-JAN-2021,174.7,175.9,170.3,170.95,327911,156412,4251
DHANBANK,08-JAN-2021,14.4,14.45,14.0,14.1,1012850,690869,2269
DHANI,08-JAN-2021,350.0,378.0,335.0,362.45,6374532,2805652,74104
DHANUKA,08-JAN-2021,799.5,810.0,780.0,792.4,111997,73252,6625
DHFL,08-JAN-2021,24.5,25.2,24.5,24.5,4113474,2658293,7084
DHUNINV,08-JAN-2021,265.05,270.0,260.6,264.45,2727,1733,162
DIAMONDYD,08-JAN-2021,661.05,669.5,659.0,666.2,2441,1560,335
DICIND,08-JAN-2021,403.85,413.0,401.1,404.45,5721,3482,350
DISHTV,08-JAN-2021,12.95,13.5,12.6,12.8,40631645,19666666,28986
DIVISLAB,08-JAN-2021,3819.0,3868.7,3810.1,3859.15,594069,265247,41071
DIXON,08-JAN-2021,16144.0,16786.0,14955.0,15369.05,173583,73294,71995
DLF,08-JAN-2021,247.9,252.45,245.9,248.3,15045597,2818377,102455
DLINKINDIA,08-JAN-2021,115.45,116.9,114.6,114.9,179139,89018,2419
DMART,08-JAN-2021,2949.9,2999.0,2932.25,2967.5,742344,383247,58008
DOLAT,08-JAN-2021,60.2,60.9,59.0,59.6,207079,129853,1715
DOLLAR,08-JAN-2021,234.8,239.0,231.1,233.6,142588,61714,4440
DONEAR,08-JAN-2021,39.2,39.55,37.0,37.4,178206,121982,1437
DPABHUSHAN,08-JAN-2021,94.8,96.05,91.5,92.55,7394,5791,115
DPSCLTD,08-JAN-2021,16.15,16.5,15.1,15.65,297383,181822,1326
DPWIRES,08-JAN-2021,86.95,92.9,85.15,89.9,8203,5800,287
DREDGECORP,08-JAN-2021,322.8,340.8,321.8,327.75,660942,104163,14554
DRREDDY,08-JAN-2021,5299.9,5360.0,5279.0,5338.25,809183,251194,45991
DSSL,08-JAN-2021,72.0,72.0,68.0,69.95,76176,36998,1150
DTIL,08-JAN-2021,264.35,264.35,252.5,257.25,6617,4981,388
DVL,08-JAN-2021,75.0,75.0,71.1,72.25,17199,12217,253
DWARKESH,08-JAN-2021,32.7,33.15,31.6,31.8,1051712,598024,2776
DYNAMATECH,08-JAN-2021,824.95,828.0,804.95,808.25,12025,8814,850
DYNPRO,08-JAN-2021,280.25,300.45,270.5,277.3,340081,162997,10019
EASTSILK,08-JAN-2021,1.55,1.55,1.55,1.55,15638,15638,23
EBANK,08-JAN-2021,3461.0,3461.0,3461.0,3461.0,1,1,1
EBBETF0423,08-JAN-2021,1114.98,1114.98,1113.07,1113.34,12156,12107,74
EBBETF0425,08-JAN-2021,1032.03,1033.99,1032.02,1033.98,5896,4536,62
EBBETF0430,08-JAN-2021,1137.1,1138.93,1136.02,1137.0,28246,23469,92
EBBETF0431,08-JAN-2021,1023.0,1024.98,1022.5,1023.83,13489,12887,199
EBIXFOREX,08-JAN-2021,514.5,514.5,505.1,510.0,952,745,77
ECLERX,08-JAN-2021,907.4,922.0,903.05,914.75,81999,47661,3594
EDELWEISS,08-JAN-2021,71.3,71.4,70.3,70.55,964061,703844,14148
EICHERMOT,08-JAN-2021,2661.0,2771.3,2661.0,2760.85,2585123,475304,109691
EIDPARRY,08-JAN-2021,334.65,336.6,330.0,331.9,220563,112953,7549
EIHAHOTELS,08-JAN-2021,283.1,312.4,283.05,289.5,37163,18584,1608
EIHOTEL,08-JAN-2021,97.7,99.55,97.0,97.95,900807,479646,7048
EIMCOELECO,08-JAN-2021,383.3,385.0,370.05,372.3,3271,1410,531
EKC,08-JAN-2021,58.8,60.9,56.25,59.15,1742348,895763,5662
ELECON,08-JAN-2021,53.85,53.85,49.75,50.1,771074,496325,7803
ELECTCAST,08-JAN-2021,23.25,23.6,22.6,22.9,869281,481316,2134
ELECTHERM,08-JAN-2021,124.75,136.0,122.45,126.7,165420,71443,3050
ELGIEQUIP,08-JAN-2021,159.35,184.0,159.35,179.4,3101365,901738,34073
ELGIRUBCO,08-JAN-2021,23.35,25.95,23.3,24.8,189541,161940,677
EMAMILTD,08-JAN-2021,453.0,459.9,448.05,456.7,912333,664354,29178
EMAMIPAP,08-JAN-2021,105.6,106.0,101.0,103.15,19671,12186,417
EMAMIREAL,08-JAN-2021,65.4,65.4,63.5,65.4,97990,91313,348
EMKAY,08-JAN-2021,76.0,76.05,71.0,72.4,92254,69886,824
EMMBI,08-JAN-2021,85.0,85.0,82.25,82.45,22099,13612,450
ENDURANCE,08-JAN-2021,1436.1,1453.15,1392.0,1411.65,222329,120512,23911
ENERGYDEV,08-JAN-2021,12.2,12.45,12.0,12.45,194990,169247,557
ENGINERSIN,08-JAN-2021,79.7,80.95,79.0,80.05,5712095,2595525,23789
ENIL,08-JAN-2021,174.05,178.0,169.55,171.25,169002,102403,1981
EPL,08-JAN-2021,260.0,285.0,258.45,274.45,1561668,633952,27484
EQ30,08-JAN-2021,421.0,426.0,408.51,425.99,218,180,71
EQUITAS,08-JAN-2021,73.8,77.65,73.0,74.6,7083164,3341385,38819
EQUITASBNK,08-JAN-2021,40.3,40.5,39.1,39.45,2127779,1154279,7435
ERIS,08-JAN-2021,614.0,624.0,610.45,619.45,176443,62635,12054
EROSMEDIA,08-JAN-2021,24.15,24.15,23.2,23.35,180470,123258,722
ESABINDIA,08-JAN-2021,1833.05,1855.0,1752.6,1774.25,24637,10845,1975
ESCORTS,08-JAN-2021,1328.0,1355.0,1320.0,1349.0,2413770,695698,66296
ESSARSHPNG,08-JAN-2021,9.85,10.1,9.7,10.0,64254,53019,284
ESTER,08-JAN-2021,127.8,128.75,122.75,123.9,282707,164496,5409
EUROTEXIND,08-JAN-2021,8.5,8.5,8.2,8.2,1402,1402,9
EVEREADY,08-JAN-2021,208.7,211.6,203.0,204.1,263483,131044,4976
EVERESTIND,08-JAN-2021,334.3,339.95,330.0,334.7,35664,17637,1369
EXCELINDUS,08-JAN-2021,924.0,934.0,895.15,900.8,34103,17110,3519
EXIDEIND,08-JAN-2021,199.0,201.8,196.0,198.35,5154775,1794309,37453
EXPLEOSOL,08-JAN-2021,557.9,564.0,544.0,550.3,14946,8313,1355
FACT,08-JAN-2021,66.0,76.0,65.35,76.0,6716816,1422293,27871
FAIRCHEMOR,08-JAN-2021,684.9,694.0,620.1,624.75,65504,51179,1398
FCL,08-JAN-2021,63.85,63.85,60.3,61.0,502823,346890,3947
FCONSUMER,08-JAN-2021,8.3,8.35,8.2,8.25,3646946,2000597,7651
FDC,08-JAN-2021,330.05,332.8,328.0,328.9,116725,71614,2809
FEDERALBNK,08-JAN-2021,76.4,76.8,75.4,75.75,25199203,6986810,45624
FEL,08-JAN-2021,11.2,11.35,11.15,11.25,800174,527981,1248
FELDVR,08-JAN-2021,13.4,13.9,13.4,13.7,45874,29430,189
FIEMIND,08-JAN-2021,569.6,604.7,568.85,594.5,192392,81027,9886
FILATEX,08-JAN-2021,70.0,70.8,65.25,66.6,1738657,1185166,6025
FINCABLES,08-JAN-2021,414.0,426.35,391.0,421.05,1551064,535673,47411
FINEORG,08-JAN-2021,2551.15,2599.0,2540.0,2571.8,65941,49817,6418
FINPIPE,08-JAN-2021,654.0,673.5,646.05,663.9,148244,66191,6302
FLFL,08-JAN-2021,83.95,84.9,83.0,84.2,220802,126554,1285
FLUOROCHEM,08-JAN-2021,629.95,630.0,616.0,621.45,77350,40102,3589
FMGOETZE,08-JAN-2021,314.7,318.0,311.0,315.6,10735,8628,303
FMNL,08-JAN-2021,18.2,18.3,17.55,17.7,50273,36436,249
FORCEMOT,08-JAN-2021,1376.8,1385.0,1362.6,1366.3,35552,13400,3086
FORTIS,08-JAN-2021,165.7,181.2,164.85,179.4,16293902,5948697,99162
FOSECOIND,08-JAN-2021,1340.05,1382.0,1340.05,1354.2,3061,1963,426
FRETAIL,08-JAN-2021,75.45,76.25,75.3,75.45,1174033,817894,7187
FSC,08-JAN-2021,98.3,100.0,98.3,98.95,69540,43589,1364
FSL,08-JAN-2021,101.0,102.25,100.2,101.6,3648035,2077296,45750
G5,08-JAN-2021,47.98,48.01,47.97,47.97,20581,14505,46
GABRIEL,08-JAN-2021,118.05,120.9,116.5,117.05,711817,218637,8399
GAEL,08-JAN-2021,142.0,142.0,134.8,136.05,362098,183565,4851
GAIL,08-JAN-2021,134.5,134.65,131.65,132.75,17130661,6382852,60600
GAL,08-JAN-2021,3.6,3.6,3.35,3.35,52387,48431,103
GALAXYSURF,08-JAN-2021,2290.0,2295.0,2235.05,2290.45,47286,24841,6787
GALLANTT,08-JAN-2021,40.6,48.6,39.7,48.6,800559,291590,4033
GALLISPAT,08-JAN-2021,39.0,45.75,39.0,45.75,617285,293142,2503
GAMMNINFRA,08-JAN-2021,0.95,0.95,0.9,0.95,5219600,4656400,1594
GANDHITUBE,08-JAN-2021,268.0,270.0,264.0,264.95,6861,4645,457
GANECOS,08-JAN-2021,451.95,451.95,432.5,434.35,81071,68794,1379
GANESHHOUC,08-JAN-2021,35.05,37.15,34.25,35.0,49837,29051,554
GANGESSECU,08-JAN-2021,60.05,62.0,58.6,59.0,6115,2883,327
GARDENSILK,08-JAN-2021,10.05,10.05,10.05,10.05,155252,155252,172
GARFIBRES,08-JAN-2021,2294.05,2321.0,2270.0,2295.25,11098,7329,2650
GATI,08-JAN-2021,98.85,101.3,98.0,98.25,536732,276385,5103
GAYAPROJ,08-JAN-2021,47.8,48.65,44.05,45.9,2968974,1458938,10495
GDL,08-JAN-2021,123.95,125.8,122.1,123.0,151587,78152,8999
GEECEE,08-JAN-2021,87.25,92.0,86.65,89.6,67011,25041,1493
GENESYS,08-JAN-2021,86.35,86.35,78.15,78.55,144188,103297,1335
GENUSPOWER,08-JAN-2021,38.2,39.4,37.85,38.05,262033,132650,2823
GEOJITFSL,08-JAN-2021,57.95,59.45,57.2,57.4,556905,270406,2965
GEPIL,08-JAN-2021,293.5,294.0,289.75,290.5,106426,77605,2922
GESHIP,08-JAN-2021,279.95,283.5,276.4,278.05,187014,139767,6281
GET&D,08-JAN-2021,134.0,134.5,129.75,130.7,162991,67726,2980
GFLLIMITED,08-JAN-2021,95.5,101.25,95.5,96.75,148317,65060,1280
GFSTEELS,08-JAN-2021,2.2,2.2,2.2,2.2,280,280,3
GHCL,08-JAN-2021,215.65,217.7,213.0,215.1,250323,180003,3447
GICHSGFIN,08-JAN-2021,128.15,130.75,126.0,127.65,1411195,436583,14347
GICRE,08-JAN-2021,141.3,147.2,141.3,144.65,1802161,658490,14425
GILLANDERS,08-JAN-2021,46.65,47.6,45.05,46.1,7857,6306,73
GILLETTE,08-JAN-2021,5895.0,5930.0,5821.05,5875.3,10042,4661,2615
GINNIFILA,08-JAN-2021,23.55,24.25,23.1,23.75,284788,168388,552
GIPCL,08-JAN-2021,84.75,85.9,83.5,83.9,255108,157229,4555
GLAND,08-JAN-2021,2408.95,2417.4,2350.1,2368.1,194282,112353,15261
GLAXO,08-JAN-2021,1607.75,1618.3,1570.05,1587.0,35869,20657,4094
GLENMARK,08-JAN-2021,516.0,523.9,513.25,517.65,1514739,323625,22882
GLFL,08-JAN-2021,2.9,2.9,2.9,2.9,9260,9260,14
GLOBAL,08-JAN-2021,64.05,66.35,61.75,65.25,7843,4708,121
GLOBE,08-JAN-2021,64.55,64.6,63.0,63.15,4505,2546,54
GLOBOFFS,08-JAN-2021,10.05,10.5,10.0,10.1,40253,17515,168
GLOBUSSPR,08-JAN-2021,404.0,412.95,365.2,374.2,1138947,351088,34535
GMDCLTD,08-JAN-2021,60.2,60.7,59.05,59.25,1549986,805565,7166
GMMPFAUDLR,08-JAN-2021,3825.0,3935.0,3800.0,3875.2,88362,39007,11873
GMRINFRA,08-JAN-2021,27.45,28.3,26.85,27.65,36429482,10771456,45663
GNA,08-JAN-2021,313.0,327.7,311.5,323.2,333974,143311,8380
GNFC,08-JAN-2021,227.45,232.85,220.9,222.85,1355662,665434,14200
GOCLCORP,08-JAN-2021,208.0,210.9,202.0,204.55,20737,14450,650
GODFRYPHLP,08-JAN-2021,963.0,974.7,958.95,970.9,70463,31391,5736
GODHA,08-JAN-2021,40.0,42.7,40.0,40.55,8829,8304,39
GODREJAGRO,08-JAN-2021,531.1,538.05,529.95,535.9,202081,111142,7437
GODREJCP,08-JAN-2021,738.9,752.3,735.4,750.35,2097317,1120776,74210
GODREJIND,08-JAN-2021,430.0,435.55,427.6,431.3,595357,383155,19499
GODREJPROP,08-JAN-2021,1458.0,1484.9,1430.0,1463.15,1183150,174785,40682
GOKEX,08-JAN-2021,92.5,93.4,88.5,90.3,248546,142510,2183
GOKUL,08-JAN-2021,19.8,20.1,19.45,19.55,95004,61317,630
GOKULAGRO,08-JAN-2021,27.2,27.5,26.0,26.05,255267,173254,1371
GOLDBEES,08-JAN-2021,44.34,44.39,43.78,43.83,8779381,7713507,20628
GOLDENTOBC,08-JAN-2021,53.5,54.05,52.0,52.8,21016,12936,336
GOLDIAM,08-JAN-2021,235.5,241.8,228.5,229.55,189324,93008,3606
GOLDSHARE,08-JAN-2021,4850.0,4850.0,4522.0,4561.25,2139,1324,505
GOLDTECH,08-JAN-2021,11.2,11.8,10.9,11.05,29780,21515,208
GOODLUCK,08-JAN-2021,78.2,78.9,71.8,72.8,469641,209275,6329
GOODYEAR,08-JAN-2021,979.55,983.95,962.25,965.85,27309,18650,2582
GPIL,08-JAN-2021,539.05,558.5,531.8,534.2,158005,86312,8090
GPPL,08-JAN-2021,94.65,96.4,93.85,95.55,692847,427661,6850
GPTINFRA,08-JAN-2021,45.9,46.75,44.45,44.95,32152,21442,348
GRANULES,08-JAN-2021,369.0,370.1,365.5,367.45,927356,538007,25163
GRAPHITE,08-JAN-2021,321.5,332.0,316.8,324.55,2852311,703136,48489
GRASIM,08-JAN-2021,999.65,1023.85,992.1,1004.3,2381402,1049624,44294
GRAVITA,08-JAN-2021,83.7,85.5,81.8,82.85,181906,114927,2407
GREAVESCOT,08-JAN-2021,97.6,98.55,95.25,95.8,1318929,604248,13145
GREENLAM,08-JAN-2021,865.0,915.95,844.0,900.05,57739,51256,1984
GREENPANEL,08-JAN-2021,148.0,149.2,147.95,149.2,117559,115417,217
GREENPLY,08-JAN-2021,132.7,137.75,131.6,136.55,793355,395932,8454
GREENPOWER,08-JAN-2021,3.45,3.45,3.45,3.45,904722,904722,418
GRINDWELL,08-JAN-2021,755.05,763.5,740.0,745.35,34785,15554,4541
GROBTEA,08-JAN-2021,987.0,987.0,945.0,962.9,727,542,117
GRPLTD,08-JAN-2021,930.05,935.0,902.45,915.7,974,331,208
GRSE,08-JAN-2021,196.15,197.85,194.1,195.55,172165,105871,2482
GSCLCEMENT,08-JAN-2021,40.5,45.5,39.9,44.4,9294382,2545027,28133
GSFC,08-JAN-2021,86.9,88.1,84.1,84.6,2122488,928799,9512
GSPL,08-JAN-2021,213.35,213.35,208.1,210.1,1552609,1115213,21068
GSS,08-JAN-2021,53.5,55.8,52.3,52.65,692020,324749,3678
GTL,08-JAN-2021,8.05,8.05,8.05,8.05,32526,32526,81
GTLINFRA,08-JAN-2021,0.9,0.95,0.85,0.95,57763272,34368652,8704
GTNTEX,08-JAN-2021,6.8,7.35,6.8,7.35,3320,3301,10
GTPL,08-JAN-2021,147.45,162.0,146.95,154.25,1016291,417721,13107
GUFICBIO,08-JAN-2021,128.9,131.75,128.55,129.6,124314,72347,1551
GUJALKALI,08-JAN-2021,346.5,352.85,346.5,348.2,102980,51034,2882
GUJAPOLLO,08-JAN-2021,204.85,204.85,200.5,201.4,5485,3632,318
GUJGASLTD,08-JAN-2021,390.9,391.5,385.0,389.95,458324,207006,13667
GULFOILLUB,08-JAN-2021,728.0,744.95,716.3,735.95,64899,35787,5803
GULFPETRO,08-JAN-2021,46.5,50.75,45.8,48.45,478677,241977,3331
GULPOLY,08-JAN-2021,84.95,86.0,83.8,84.65,84830,55807,673
HAL,08-JAN-2021,932.1,940.45,910.0,912.5,355307,151087,17503
HAPPSTMNDS,08-JAN-2021,338.55,346.7,338.25,344.9,1255351,414193,16923
HARITASEAT,08-JAN-2021,471.35,518.3,471.3,484.45,33309,20733,1296
HARRMALAYA,08-JAN-2021,134.5,134.5,129.5,131.85,458286,131349,9026
HATHWAY,08-JAN-2021,34.2,34.7,33.5,33.7,1284718,487269,6144
HATSUN,08-JAN-2021,734.0,734.0,720.65,728.15,32822,18435,2238
HAVELLS,08-JAN-2021,976.1,1012.55,974.1,1007.5,3536689,1335379,75470
HBANKETF,08-JAN-2021,320.0,321.53,319.01,319.54,5219,2699,138
HBLPOWER,08-JAN-2021,38.8,38.8,37.35,37.6,791150,483118,4264
HCC,08-JAN-2021,9.3,9.4,9.0,9.05,5724490,4108262,4771
HCG,08-JAN-2021,162.0,164.65,158.0,158.5,95472,56083,2263
HCL-INSYS,08-JAN-2021,10.1,10.15,9.65,9.7,1065717,721495,2005
HCLTECH,08-JAN-2021,974.9,1003.5,970.0,994.65,8034775,2810366,112810
HDFC,08-JAN-2021,2668.0,2674.4,2631.0,2657.5,4497042,2430085,129843
HDFCAMC,08-JAN-2021,3063.0,3145.0,3053.15,3137.85,468406,244939,40252
HDFCBANK,08-JAN-2021,1432.0,1442.0,1423.1,1431.65,6884382,3373763,162375
HDFCLIFE,08-JAN-2021,715.4,721.95,708.1,717.0,2841346,1285999,54878
HDFCMFGETF,08-JAN-2021,4570.0,4570.0,4502.0,4509.05,11643,8812,1352
HDFCNIFETF,08-JAN-2021,1500.0,1508.5,1495.78,1502.78,790,682,103
HDFCSENETF,08-JAN-2021,5100.02,5179.99,5100.01,5156.47,199,126,62
HEG,08-JAN-2021,976.9,1003.45,966.2,977.7,1255998,208207,37781
HEIDELBERG,08-JAN-2021,228.75,243.7,227.5,235.5,1609268,502890,24068
HEMIPROP,08-JAN-2021,98.65,113.25,96.5,112.6,20949147,6586151,106771
HERCULES,08-JAN-2021,135.0,135.0,128.5,130.0,139602,73554,2760
HERITGFOOD,08-JAN-2021,318.6,322.0,301.75,306.1,229812,100236,10713
HEROMOTOCO,08-JAN-2021,3070.0,3165.95,3063.1,3161.1,1576465,639268,75281
HESTERBIO,08-JAN-2021,1699.95,1699.95,1665.25,1679.8,5219,3246,617
HEXATRADEX,08-JAN-2021,42.95,42.95,42.95,42.95,10276,10276,52
HFCL,08-JAN-2021,27.9,30.55,27.6,30.1,30710292,12910741,37764
HGINFRA,08-JAN-2021,243.6,249.25,242.0,243.95,112505,61294,4789
HGS,08-JAN-2021,1169.0,1198.0,1160.3,1171.35,15745,9575,1499
HIKAL,08-JAN-2021,180.35,183.25,178.0,178.65,1131559,468990,11781
HIL,08-JAN-2021,2242.3,2282.15,2220.0,2231.4,8618,5272,1525
HILTON,08-JAN-2021,14.4,14.4,14.0,14.4,100126,97792,151
HIMATSEIDE,08-JAN-2021,149.0,161.95,146.8,157.05,1628043,436445,14483
HINDALCO,08-JAN-2021,273.95,274.45,265.15,268.2,20606695,7605808,107247
HINDCOMPOS,08-JAN-2021,234.95,248.0,232.05,244.85,43560,20980,1132
HINDCOPPER,08-JAN-2021,68.2,69.65,66.1,67.55,6052296,2116620,21600
HINDMOTORS,08-JAN-2021,9.45,10.0,9.15,9.6,1984397,1164771,3747
HINDNATGLS,08-JAN-2021,35.0,35.5,33.35,34.0,27214,18173,275
HINDOILEXP,08-JAN-2021,87.6,88.0,86.3,86.55,252496,133206,2474
HINDPETRO,08-JAN-2021,224.75,230.15,224.25,225.5,8764169,3599577,58300
HINDUNILVR,08-JAN-2021,2390.0,2400.0,2360.8,2391.2,2797948,1679133,130288
HINDZINC,08-JAN-2021,312.0,324.9,298.2,304.0,9070406,1437956,135977
HIRECT,08-JAN-2021,169.5,172.25,166.0,167.45,77588,40824,1652
HISARMETAL,08-JAN-2021,94.85,110.2,90.05,100.4,505559,134997,5907
HITECH,08-JAN-2021,236.0,272.4,236.0,267.85,276752,107175,6960
HITECHCORP,08-JAN-2021,119.55,120.0,116.2,117.1,8445,6272,362
HLVLTD,08-JAN-2021,8.0,8.0,7.15,7.15,2908522,1673647,3569
HMVL,08-JAN-2021,61.1,62.0,58.5,59.2,146592,92500,1545
HNDFDS,08-JAN-2021,1588.0,1588.0,1525.0,1539.0,14760,7787,2469
HNGSNGBEES,08-JAN-2021,355.98,355.98,348.0,350.45,696,666,40
HONAUT,08-JAN-2021,39200.0,41710.0,39200.0,40622.05,25979,8006,12340
HONDAPOWER,08-JAN-2021,1054.0,1054.0,1035.0,1037.95,14396,9772,1515
HOTELRUGBY,08-JAN-2021,1.3,1.3,1.3,1.3,4325,4325,3
HPL,08-JAN-2021,46.0,47.75,45.05,45.45,378813,206356,2512
HSCL,08-JAN-2021,49.05,51.7,49.05,50.65,14104928,5848447,49038
HSIL,08-JAN-2021,123.3,123.7,120.8,122.3,193359,97663,2531
HTMEDIA,08-JAN-2021,19.35,19.95,18.2,18.5,638453,424946,2948
HUBTOWN,08-JAN-2021,22.1,22.1,20.0,20.4,441530,324006,1357
HUDCO,08-JAN-2021,44.15,44.65,43.1,43.3,3181007,1226264,10924
HUHTAMAKI,08-JAN-2021,323.0,323.0,310.0,312.8,76492,55105,2420
IBMFNIFTY,08-JAN-2021,159.9,159.9,139.5,141.18,2645,992,208
IBREALEST,08-JAN-2021,90.45,91.5,85.55,86.45,20735803,6548285,73664
IBULHSGFIN,08-JAN-2021,250.0,250.9,238.0,241.3,45274312,6544507,266042
ICEMAKE,08-JAN-2021,101.35,101.35,95.0,96.45,46794,29217,705
ICICI500,08-JAN-2021,199.99,199.99,192.61,194.04,1515,706,117
ICICIALPLV,08-JAN-2021,149.0,149.0,141.6,143.51,1412,776,66
ICICIB22,08-JAN-2021,33.5,33.65,33.06,33.36,637689,546351,5806
ICICIBANK,08-JAN-2021,547.0,547.1,536.35,542.05,21937965,10666796,169218
ICICIBANKN,08-JAN-2021,327.7,327.7,317.94,318.15,4637,2737,175
ICICIBANKP,08-JAN-2021,175.08,176.0,174.2,175.2,1593,1118,86
ICICIGI,08-JAN-2021,1583.9,1617.95,1562.0,1605.15,719490,412647,34066
ICICIGOLD,08-JAN-2021,45.99,45.99,44.82,44.92,354339,323067,7255
ICICILIQ,08-JAN-2021,999.45,1000.01,999.45,999.99,13332,10948,57
ICICILOVOL,08-JAN-2021,116.97,117.59,113.29,117.5,14748,11224,411
ICICIM150,08-JAN-2021,83.14,84.34,83.14,83.9,3600,3280,112
ICICIMCAP,08-JAN-2021,84.5,84.5,83.05,84.01,11046,5678,199
ICICINF100,08-JAN-2021,161.0,165.0,153.95,155.77,3010,2132,194
ICICINIFTY,08-JAN-2021,153.4,153.4,148.1,151.91,77723,45763,3913
ICICINV20,08-JAN-2021,74.0,75.0,73.0,74.44,33211,31324,558
ICICINXT50,08-JAN-2021,35.7,35.7,33.75,34.83,50318,42934,299
ICICIPRULI,08-JAN-2021,512.95,534.5,512.95,525.9,3319428,1150724,70171
ICICISENSX,08-JAN-2021,533.7,533.7,519.58,522.74,1187,937,93
ICICITECH,08-JAN-2021,261.0,263.0,253.65,262.48,212670,197322,436
ICIL,08-JAN-2021,147.5,150.0,144.05,144.65,133946,98617,1909
ICRA,08-JAN-2021,2917.45,2963.65,2835.05,2935.2,1856,1240,487
IDBI,08-JAN-2021,31.85,31.9,31.25,31.55,6854053,3621840,13943
IDBIGOLD,08-JAN-2021,4689.9,4689.9,4619.55,4632.45,304,245,74
IDEA,08-JAN-2021,12.1,12.3,11.65,11.75,290761549,94993882,168417
IDFC,08-JAN-2021,44.5,45.4,42.25,43.15,45750483,15234632,70408
IDFCFIRSTB,08-JAN-2021,46.8,46.95,43.85,44.4,74289673,19027175,133035
IDFNIFTYET,08-JAN-2021,148.03,149.29,148.03,149.04,242,231,22
IEX,08-JAN-2021,223.6,225.2,221.85,223.2,1620167,1331337,12560
IFBAGRO,08-JAN-2021,464.5,490.0,457.65,483.4,52725,22895,3141
IFBIND,08-JAN-2021,1209.6,1225.0,1200.0,1201.65,33950,16864,2725
IFCI,08-JAN-2021,9.6,10.4,9.45,10.2,11793872,5565622,39156
IFGLEXPOR,08-JAN-2021,271.4,280.0,263.0,266.0,19115,12743,840
IGARASHI,08-JAN-2021,365.0,381.75,361.1,362.25,275125,107576,10107
IGL,08-JAN-2021,543.55,553.75,541.05,550.7,3552973,1363883,60239
IGPL,08-JAN-2021,415.9,415.9,386.45,387.7,98741,74715,3582
IIFL,08-JAN-2021,116.8,118.5,114.15,115.2,632028,380085,7127
IIFLSEC,08-JAN-2021,50.25,50.4,49.3,50.1,651254,512196,1820
IIFLWAM,08-JAN-2021,1044.9,1063.55,1044.9,1053.85,113558,108079,2944
IMFA,08-JAN-2021,298.65,317.0,284.0,304.15,110858,56851,3834
IMPAL,08-JAN-2021,585.0,594.95,561.9,574.35,16610,14304,511
INDBANK,08-JAN-2021,12.45,12.45,12.0,12.05,131075,86991,369
INDHOTEL,08-JAN-2021,125.45,125.45,123.0,123.35,1278121,682641,11734
INDIACEM,08-JAN-2021,173.0,175.5,168.5,170.75,2843808,1509483,18773
INDIAGLYCO,08-JAN-2021,376.0,396.65,375.0,387.8,845521,306834,21547
INDIAMART,08-JAN-2021,7565.0,7598.0,7423.3,7491.35,86630,34882,17491
INDIANB,08-JAN-2021,88.0,89.5,86.8,87.1,2319766,1013262,13085
INDIANCARD,08-JAN-2021,144.7,155.5,144.7,146.0,26194,13500,684
INDIANHUME,08-JAN-2021,219.0,219.5,207.5,210.1,184215,87394,4757
INDIGO,08-JAN-2021,1770.0,1774.9,1723.0,1732.3,946898,229118,33500
INDNIPPON,08-JAN-2021,355.95,373.0,343.55,369.9,72104,40821,2363
INDOCO,08-JAN-2021,314.0,330.0,313.7,325.2,284965,200809,5323
INDORAMA,08-JAN-2021,41.55,41.55,39.8,40.5,86971,61007,527
INDOSTAR,08-JAN-2021,336.95,339.15,327.1,330.3,30109,12112,1338
INDOTECH,08-JAN-2021,113.05,114.75,110.7,111.25,17309,12731,415
INDOTHAI,08-JAN-2021,35.0,35.0,35.0,35.0,21727,21727,47
INDRAMEDCO,08-JAN-2021,59.05,60.0,58.55,58.8,197344,103902,1707
INDSWFTLAB,08-JAN-2021,83.3,83.3,76.5,83.3,772834,390486,3183
INDTERRAIN,08-JAN-2021,42.3,47.45,42.05,46.65,2393806,1467188,8988
INDUSINDBK,08-JAN-2021,965.0,976.0,932.1,939.8,10838196,3061063,160280
INDUSTOWER,08-JAN-2021,267.45,273.0,266.25,270.45,4047880,1894970,39177
INEOSSTYRO,08-JAN-2021,854.65,935.0,854.65,912.65,238390,112711,9445
INFIBEAM,08-JAN-2021,81.35,82.4,80.4,81.45,635997,485791,4396
INFOBEAN,08-JAN-2021,151.9,153.55,148.15,150.7,18579,13570,476
INFRABEES,08-JAN-2021,393.0,399.0,393.0,398.06,32115,31613,87
INFY,08-JAN-2021,1278.25,1316.8,1278.25,1312.1,13186251,5653372,227983
INGERRAND,08-JAN-2021,648.05,764.65,646.0,745.85,2200431,266133,62195
INOXLEISUR,08-JAN-2021,333.0,349.45,329.15,346.3,2544661,930406,58550
INOXWIND,08-JAN-2021,67.95,67.95,65.05,66.55,132333,86961,1502
INSECTICID,08-JAN-2021,475.0,482.0,473.0,475.25,41552,23116,1565
INSPIRISYS,08-JAN-2021,35.15,37.3,34.2,37.3,177607,108991,812
INTELLECT,08-JAN-2021,350.0,357.0,346.3,348.35,600767,346219,12603
INTENTECH,08-JAN-2021,43.05,44.8,41.8,42.65,102651,63344,909
INVENTURE,08-JAN-2021,16.8,17.2,16.65,17.05,41119,36585,160
IOB,08-JAN-2021,11.2,11.3,11.05,11.1,2981793,1160162,5761
IOC,08-JAN-2021,95.1,96.4,94.65,96.15,22542041,9720655,58002
IOLCP,08-JAN-2021,745.0,748.6,730.85,736.5,216821,107823,9332
IPCALAB,08-JAN-2021,2128.2,2150.0,2110.6,2142.8,267102,164047,28028
IRB,08-JAN-2021,114.85,116.5,114.0,114.6,1078071,561682,6530
IRCON,08-JAN-2021,92.55,94.15,89.95,90.4,2444503,1165762,47019
IRCTC,08-JAN-2021,1504.0,1509.8,1460.75,1471.5,1568909,630425,71467
ISEC,08-JAN-2021,453.5,459.35,449.5,450.95,471715,270200,13374
ISFT,08-JAN-2021,92.25,92.25,92.25,92.25,7272,7272,57
ISMTLTD,08-JAN-2021,11.6,11.6,11.3,11.4,83122,55215,360
ITC,08-JAN-2021,204.35,206.0,200.25,201.5,56427360,31087312,287998
ITDC,08-JAN-2021,327.3,354.0,326.6,338.3,727092,135580,15846
ITDCEM,08-JAN-2021,65.35,73.55,64.95,72.6,4664116,2192061,24672
ITI,08-JAN-2021,128.0,129.7,126.9,127.3,418636,137254,4359
IVZINGOLD,08-JAN-2021,4620.0,4690.0,4580.0,4649.65,234,223,42
IVZINNIFTY,08-JAN-2021,1543.25,1543.25,1543.25,1543.25,1,1,1
IZMO,08-JAN-2021,48.2,48.2,46.45,47.1,35595,23572,494
J&KBANK,08-JAN-2021,24.4,26.55,24.2,26.55,34234535,11879370,33492
JAGRAN,08-JAN-2021,46.15,46.5,45.15,45.5,419806,259312,2479
JAGSNPHARM,08-JAN-2021,82.85,89.05,79.65,83.85,507039,163436,6288
JAIBALAJI,08-JAN-2021,20.0,20.0,19.0,19.25,111735,101382,173
JAICORPLTD,08-JAN-2021,96.3,97.7,94.75,95.3,1113557,296812,7038
JAMNAAUTO,08-JAN-2021,64.55,65.95,63.0,63.4,3914134,1920694,19227
JASH,08-JAN-2021,229.0,229.2,221.5,224.2,8783,6247,306
JAYAGROGN,08-JAN-2021,118.5,122.0,118.5,121.35,21221,13768,679
JAYBARMARU,08-JAN-2021,258.05,273.25,253.1,263.8,203546,65971,6043
JAYSREETEA,08-JAN-2021,74.15,74.8,72.1,72.5,240521,97206,2252
JBCHEPHARM,08-JAN-2021,1047.1,1078.8,1025.05,1045.5,554556,202567,29657
JBMA,08-JAN-2021,315.5,318.4,303.0,305.05,62211,27059,2773
JCHAC,08-JAN-2021,2668.0,2687.0,2601.0,2618.3,13764,7823,2729
JHS,08-JAN-2021,23.75,24.4,23.0,24.2,127663,100745,462
JINDALPOLY,08-JAN-2021,457.05,463.0,454.0,458.5,93103,84406,1170
JINDALSAW,08-JAN-2021,84.2,84.95,82.0,82.35,1579977,695445,8433
JINDALSTEL,08-JAN-2021,300.5,302.6,290.9,293.8,9970177,1998698,61460
JINDRILL,08-JAN-2021,90.35,91.65,89.15,89.65,19835,10002,472
JINDWORLD,08-JAN-2021,58.7,61.05,57.05,57.9,236311,46733,3294
JISLDVREQS,08-JAN-2021,14.95,16.05,14.1,15.85,615407,204299,1443
JISLJALEQS,08-JAN-2021,21.6,22.35,21.05,22.3,13496001,5691680,9952
JKCEMENT,08-JAN-2021,2309.75,2358.95,2205.0,2252.3,177116,46324,20487
JKIL,08-JAN-2021,143.9,145.4,142.0,144.7,211108,136232,3937
JKLAKSHMI,08-JAN-2021,348.0,354.6,346.0,353.75,798919,475726,24629
JKPAPER,08-JAN-2021,129.0,130.0,124.4,128.3,2607564,1461689,14364
JKTYRE,08-JAN-2021,77.6,78.1,77.0,77.25,1373296,681863,6957
JMA,08-JAN-2021,32.45,34.4,32.3,32.7,117887,49934,531
JMCPROJECT,08-JAN-2021,73.4,76.0,72.65,73.6,629131,396798,4788
JMFINANCIL,08-JAN-2021,94.65,97.5,94.55,94.9,3538539,1505417,14887
JMTAUTOLTD,08-JAN-2021,3.85,3.85,3.55,3.55,15322208,6870378,7441
JOCIL,08-JAN-2021,196.4,196.4,184.55,192.7,72492,54516,895
JPASSOCIAT,08-JAN-2021,8.75,8.85,8.05,8.05,33361607,19164584,29155
JPPOWER,08-JAN-2021,3.4,3.5,3.2,3.3,34728223,17218879,8299
JSL,08-JAN-2021,87.9,90.2,87.3,88.55,1243737,653684,6071
JSLHISAR,08-JAN-2021,155.55,164.85,155.0,159.45,929175,400491,9929
JSWENERGY,08-JAN-2021,68.2,68.2,66.85,67.05,1678181,1024277,6523
JSWHL,08-JAN-2021,3661.2,3759.95,3661.0,3673.5,1108,791,295
JSWISPL,08-JAN-2021,36.4,36.9,33.4,34.05,3202799,1461363,5025
JSWSTEEL,08-JAN-2021,410.3,410.45,398.5,402.85,7559664,1978015,96666
JTEKTINDIA,08-JAN-2021,89.8,91.0,88.0,88.75,1051950,829669,3832
JUBILANT,08-JAN-2021,945.0,947.0,921.15,928.8,395221,170613,14975
JUBLFOOD,08-JAN-2021,2900.0,2948.0,2877.35,2912.6,1399726,331844,63934
JUBLINDS,08-JAN-2021,252.9,253.8,245.05,247.3,42592,25856,1040
JUMPNET,08-JAN-2021,13.75,13.75,13.75,13.75,30524,30524,188
JUNIORBEES,08-JAN-2021,363.0,363.0,355.0,357.26,62981,34758,4223
JUSTDIAL,08-JAN-2021,738.75,757.0,731.0,736.3,1963387,353090,63145
JYOTHYLAB,08-JAN-2021,149.3,151.0,148.15,149.3,742480,372474,11744
KABRAEXTRU,08-JAN-2021,106.5,108.9,104.1,105.6,155922,92288,2128
KAJARIACER,08-JAN-2021,728.0,735.5,721.0,726.8,394185,232933,12634
KAKATCEM,08-JAN-2021,201.1,203.8,196.1,197.3,25425,13323,1009
KALPATPOWR,08-JAN-2021,338.4,354.75,338.0,351.3,938499,599954,23269
KAMATHOTEL,08-JAN-2021,39.4,39.4,38.0,38.2,88812,43728,694
KAMDHENU,08-JAN-2021,131.8,133.0,127.15,127.9,66903,47682,1452
KANANIIND,08-JAN-2021,4.5,4.5,4.25,4.5,32445,31430,37
KANORICHEM,08-JAN-2021,65.9,69.45,64.5,64.8,158383,81889,2122
KANPRPLA,08-JAN-2021,134.0,134.0,127.0,128.75,8949,6199,162
KANSAINER,08-JAN-2021,606.9,623.5,595.65,619.45,424761,195440,15954
KARDA,08-JAN-2021,126.35,126.35,122.8,123.35,24596,20463,264
KARMAENG,08-JAN-2021,21.9,21.9,21.0,21.9,56166,38586,194
KARURVYSYA,08-JAN-2021,48.45,49.8,47.8,48.9,4924438,2464602,12391
KAYA,08-JAN-2021,266.0,324.4,266.0,306.95,303777,113705,8982
KCP,08-JAN-2021,76.3,77.45,74.75,75.1,302419,153478,2534
KCPSUGIND,08-JAN-2021,17.65,17.75,16.7,17.0,359806,194856,1277
KDDL,08-JAN-2021,250.8,264.5,250.0,258.85,4605,3254,277
KEC,08-JAN-2021,367.95,371.8,359.05,362.35,540385,292721,25463
KECL,08-JAN-2021,16.65,16.65,15.75,16.0,142038,106231,592
KEERTI,08-JAN-2021,25.75,25.9,22.6,25.25,19549,11689,229
KEI,08-JAN-2021,481.5,486.45,481.0,483.6,87637,46097,3976
KELLTONTEC,08-JAN-2021,78.6,78.6,75.05,77.3,4032870,1273183,9116
KENNAMET,08-JAN-2021,902.0,920.0,895.0,898.2,8783,4994,1085
KESORAMIND,08-JAN-2021,63.55,64.45,62.9,63.15,406625,177346,2448
KEYFINSERV,08-JAN-2021,81.45,81.5,78.2,78.55,4681,3333,126
KHADIM,08-JAN-2021,124.5,138.0,124.5,130.85,911629,251843,13017
KHAICHEM,08-JAN-2021,27.85,27.9,27.15,27.25,199245,102764,1359
KICL,08-JAN-2021,1585.9,1605.0,1573.25,1597.2,3184,2747,651
KINGFA,08-JAN-2021,638.05,638.05,606.15,608.7,5154,2849,612
KIOCL,08-JAN-2021,148.55,148.55,137.7,139.7,108899,71841,2002
KIRIINDUS,08-JAN-2021,525.0,526.85,515.1,517.3,104129,50737,2936
KIRLFER,08-JAN-2021,142.8,149.75,139.65,145.45,206973,121000,4724
KIRLOSBROS,08-JAN-2021,137.95,140.45,136.6,136.8,116714,75022,1967
KIRLOSENG,08-JAN-2021,132.5,137.45,132.1,132.65,481105,270715,5487
KIRLOSIND,08-JAN-2021,809.95,813.35,800.0,807.65,1321,909,189
KITEX,08-JAN-2021,114.3,116.5,113.25,114.15,282292,136028,3165
KKCL,08-JAN-2021,950.0,985.95,933.55,952.5,1469,823,428
KMSUGAR,08-JAN-2021,12.35,12.45,12.15,12.2,425562,296514,620
KNRCON,08-JAN-2021,348.9,348.9,340.2,345.5,287736,163226,6443
KOKUYOCMLN,08-JAN-2021,68.1,75.4,67.65,71.6,3146731,843454,20363
KOLTEPATIL,08-JAN-2021,277.0,285.6,270.25,274.55,328309,87529,6731
KOPRAN,08-JAN-2021,140.55,141.9,136.7,137.35,146794,99669,2303
KOTAKBANK,08-JAN-2021,1972.0,1976.0,1946.25,1970.7,3262897,1733152,82858
KOTAKBKETF,08-JAN-2021,322.56,324.82,322.03,322.34,202015,183479,848
KOTAKGOLD,08-JAN-2021,444.9,445.4,438.9,439.9,62078,38018,1399
KOTAKNIFTY,08-JAN-2021,148.73,149.57,148.1,149.2,30260,21264,491
KOTAKNV20,08-JAN-2021,81.1,81.1,74.12,75.74,12049,7930,132
KOTAKPSUBK,08-JAN-2021,182.0,182.5,178.1,179.99,47498,34991,550
KOTARISUG,08-JAN-2021,19.0,19.2,18.8,18.85,32370,24919,163
KOTHARIPET,08-JAN-2021,24.25,24.5,23.0,23.4,263308,141957,343
KOTHARIPRO,08-JAN-2021,77.9,77.9,74.05,75.75,23221,8592,348
KPITTECH,08-JAN-2021,136.4,140.5,133.1,139.8,1226824,542554,17214
KPRMILL,08-JAN-2021,930.0,980.0,930.0,957.7,206391,90012,12817
KRBL,08-JAN-2021,245.0,246.55,244.3,245.05,227171,137029,2776
KREBSBIO,08-JAN-2021,133.3,135.8,130.0,130.8,73937,47954,1698
KSB,08-JAN-2021,641.8,644.0,635.0,637.2,16325,8648,1496
KSCL,08-JAN-2021,531.7,537.0,529.3,535.15,287020,150157,7496
KSL,08-JAN-2021,301.2,303.4,290.2,292.0,233746,104171,6986
KTKBANK,08-JAN-2021,64.75,65.2,62.5,64.25,3997622,1515214,12043
KUANTUM,08-JAN-2021,55.35,56.7,52.25,54.6,14360,10126,515
KWALITY,08-JAN-2021,3.9,3.9,3.6,3.6,2674982,1712097,1598
L&TFH,08-JAN-2021,105.25,105.5,102.55,103.15,9883133,2157094,36364
LALPATHLAB,08-JAN-2021,2423.9,2445.0,2375.3,2406.85,320669,175280,25771
LAMBODHARA,08-JAN-2021,46.7,48.6,45.15,46.85,76462,45957,1140
LAOPALA,08-JAN-2021,234.8,247.5,234.1,236.7,647796,238126,10989
LASA,08-JAN-2021,86.25,100.9,86.0,93.15,890346,320774,5402
LAURUSLABS,08-JAN-2021,354.1,359.85,351.5,353.6,1719966,940263,25315
LAXMIMACH,08-JAN-2021,4960.2,4960.2,4802.45,4839.4,13468,7347,4351
LEMONTREE,08-JAN-2021,43.45,43.6,42.4,42.8,1388080,851817,9049
LFIC,08-JAN-2021,77.4,78.0,74.25,76.55,1853,1661,38
LGBBROSLTD,08-JAN-2021,295.0,302.7,294.0,296.75,58403,29972,2087
LIBAS,08-JAN-2021,34.8,37.95,34.1,36.95,212238,136281,974
LIBERTSHOE,08-JAN-2021,151.2,157.0,151.2,152.95,619734,122051,7605
LICHSGFIN,08-JAN-2021,440.85,447.6,436.5,442.15,10006470,3210287,125811
LICNETFGSC,08-JAN-2021,22.12,22.12,21.4,21.92,38900,32559,140
LICNETFN50,08-JAN-2021,146.9,151.95,142.01,147.45,4068,1439,265
LICNETFSEN,08-JAN-2021,502.06,511.97,495.5,498.58,263,140,84
LICNFNHGP,08-JAN-2021,144.49,151.7,141.0,146.54,1959,863,114
LIKHITHA,08-JAN-2021,206.0,206.7,198.0,200.95,357272,148907,5882
LINCOLN,08-JAN-2021,243.8,245.95,239.0,240.0,86697,43380,2565
LINCPEN,08-JAN-2021,178.95,184.6,174.65,182.25,48099,17249,1070
LINDEINDIA,08-JAN-2021,1001.0,1018.95,996.35,1000.1,63050,36096,3394
LIQUIDBEES,08-JAN-2021,1001.9,1001.9,999.32,1000.0,1381270,1087783,4784
LIQUIDETF,08-JAN-2021,1005.0,1005.0,999.99,999.99,20181,17073,107
LOKESHMACH,08-JAN-2021,43.45,43.9,41.6,42.95,101016,48116,1063
LOTUSEYE,08-JAN-2021,35.0,35.8,35.0,35.5,12506,11447,111
LPDC,08-JAN-2021,1.85,1.9,1.85,1.9,17711,16661,35
LT,08-JAN-2021,1349.8,1382.95,1347.0,1373.4,4984995,1937169,136691
LTI,08-JAN-2021,3920.85,4114.0,3920.0,4092.2,582258,247350,54921
LTTS,08-JAN-2021,2409.0,2470.0,2407.95,2456.4,162434,79195,23188
LUMAXIND,08-JAN-2021,1421.15,1439.0,1395.0,1403.0,4954,2509,808
LUMAXTECH,08-JAN-2021,133.5,133.5,129.25,130.5,63166,40527,1662
LUPIN,08-JAN-2021,1023.5,1047.35,1022.6,1038.8,3927080,1092039,65483
LUXIND,08-JAN-2021,1682.1,1706.0,1682.1,1695.45,37280,12941,5039
LYKALABS,08-JAN-2021,30.0,31.0,29.35,29.35,102747,75024,522
M&M,08-JAN-2021,750.0,772.8,745.0,770.5,5998381,2250194,124731
M&MFIN,08-JAN-2021,196.8,197.5,189.15,189.95,11747481,3505343,56983
M100,08-JAN-2021,23.4,26.0,23.0,23.13,148334,109183,1160
M50,08-JAN-2021,138.4,140.0,138.34,140.0,10756,684,42
MAANALU,08-JAN-2021,112.25,122.95,112.0,118.85,79424,37183,1951
MACPOWER,08-JAN-2021,126.0,126.0,118.0,122.65,9593,7665,105
MADHAV,08-JAN-2021,48.2,55.45,47.6,53.15,672802,243812,3228
MADRASFERT,08-JAN-2021,22.45,25.65,22.3,25.65,4166891,1609424,10765
MAESGETF,08-JAN-2021,24.5,24.76,24.5,24.75,10265,5861,63
MAGADSUGAR,08-JAN-2021,120.0,120.0,117.0,117.35,9357,6300,279
MAGMA,08-JAN-2021,43.0,45.9,42.6,43.2,1885985,879457,6057
MAGNUM,08-JAN-2021,5.0,5.1,4.85,4.95,32305,24268,97
MAHABANK,08-JAN-2021,13.6,14.5,13.5,14.15,7773954,3393606,8053
MAHASTEEL,08-JAN-2021,108.05,109.2,103.8,104.4,34441,18198,773
MAHEPC,08-JAN-2021,175.05,176.0,168.05,168.75,439200,190700,6657
MAHINDCIE,08-JAN-2021,170.25,174.8,170.25,174.3,152854,122292,3255
MAHLIFE,08-JAN-2021,379.8,389.8,372.6,380.9,64574,33569,3844
MAHLOG,08-JAN-2021,432.75,447.0,431.65,441.8,134277,77883,6911
MAHSCOOTER,08-JAN-2021,3743.35,3784.0,3691.85,3735.55,7375,4330,1087
MAHSEAMLES,08-JAN-2021,329.0,332.3,317.0,319.85,83835,45901,2744
MAITHANALL,08-JAN-2021,676.0,691.6,660.15,665.4,100578,49644,5098
MAJESCO,08-JAN-2021,20.55,20.55,20.55,20.55,71019,71019,185
MAN50ETF,08-JAN-2021,143.8,146.66,140.6,146.34,7223,6805,85
MANAKALUCO,08-JAN-2021,9.7,9.95,9.45,9.75,20062,17959,130
MANAKCOAT,08-JAN-2021,8.3,8.55,7.9,7.9,60553,33982,144
MANAKSIA,08-JAN-2021,58.5,58.5,57.15,57.45,42926,27690,622
MANAKSTEEL,08-JAN-2021,26.05,26.6,25.9,25.9,61583,42879,271
MANALIPETC,08-JAN-2021,37.65,37.65,36.4,36.7,1187367,690030,3484
MANAPPURAM,08-JAN-2021,177.5,177.5,173.65,174.25,3803277,1046625,25355
MANGALAM,08-JAN-2021,139.95,141.95,137.5,137.9,53143,37083,701
MANGCHEFER,08-JAN-2021,56.3,61.35,55.3,60.4,4017247,1800045,14419
MANGLMCEM,08-JAN-2021,260.5,264.55,258.0,260.1,46628,22374,1387
MANGTIMBER,08-JAN-2021,9.95,10.0,9.5,10.0,9981,9730,45
MANINDS,08-JAN-2021,84.7,86.5,83.25,83.7,196579,111127,2671
MANINFRA,08-JAN-2021,36.7,36.7,35.25,35.4,479639,303939,2391
MANUGRAPH,08-JAN-2021,14.15,15.0,14.0,14.45,25561,14870,220
MANXT50,08-JAN-2021,339.39,341.76,338.7,341.06,1823,1345,43
MARATHON,08-JAN-2021,99.65,102.65,95.45,96.25,30498,25029,382
MARICO,08-JAN-2021,418.8,425.8,418.8,424.7,2514098,1155377,32258
MARINE,08-JAN-2021,218.0,223.8,213.7,217.5,98426,70840,463
MARKSANS,08-JAN-2021,62.6,63.0,60.8,60.9,1328369,811098,6806
MARUTI,08-JAN-2021,7600.0,8060.0,7600.0,8014.9,2557157,628669,206469
MASFIN,08-JAN-2021,935.0,935.0,915.0,918.7,29440,15098,2442
MASTEK,08-JAN-2021,1334.7,1353.35,1300.5,1321.4,216146,99723,12646
MATRIMONY,08-JAN-2021,872.1,878.0,842.0,850.15,15040,9186,1353
MAXHEALTH,08-JAN-2021,157.8,158.45,153.05,154.3,841611,564082,24405
MAXIND,08-JAN-2021,67.1,67.1,65.35,65.8,556072,435055,2243
MAXVIL,08-JAN-2021,50.0,51.85,49.7,51.2,270553,160377,1875
MAYURUNIQ,08-JAN-2021,306.85,313.55,306.85,308.75,75555,54418,1994
MAZDA,08-JAN-2021,518.75,519.9,511.1,516.55,7095,5018,346
MAZDOCK,08-JAN-2021,222.6,227.0,220.1,221.7,1198545,347109,14396
MBLINFRA,08-JAN-2021,19.9,20.7,18.95,19.0,713861,445741,2024
MCDOWELL-N,08-JAN-2021,622.0,637.6,613.85,630.9,7907269,4143072,135173
MCLEODRUSS,08-JAN-2021,24.35,24.4,23.05,23.3,360320,263002,967
MCX,08-JAN-2021,1762.0,1762.0,1706.8,1715.45,195953,129171,9817
MEGASOFT,08-JAN-2021,12.4,12.4,11.65,11.75,163967,98772,603
MEGH,08-JAN-2021,85.2,86.65,83.4,83.9,1476919,481015,9491
MEP,08-JAN-2021,18.25,19.3,18.25,18.6,225251,123333,616
METROPOLIS,08-JAN-2021,2111.15,2124.8,2088.5,2114.6,102641,80398,5143
MFSL,08-JAN-2021,728.0,740.45,718.0,726.85,2251641,623511,61168
MGEL,08-JAN-2021,50.0,53.8,46.9,47.05,22867,9785,301
MGL,08-JAN-2021,1120.05,1134.3,1112.55,1116.55,623408,194574,30528
MHRIL,08-JAN-2021,215.0,217.9,211.3,212.4,67596,46076,1841
MIDHANI,08-JAN-2021,202.55,204.6,200.5,201.15,739667,356381,9647
MINDACORP,08-JAN-2021,94.25,95.3,92.2,92.8,499306,305206,4398
MINDAIND,08-JAN-2021,391.9,402.45,390.95,401.25,132324,71378,5073
MINDTECK,08-JAN-2021,52.0,52.9,51.2,51.85,19588,16115,260
MINDTREE,08-JAN-2021,1692.0,1745.0,1690.8,1740.15,1029933,252528,30539
MIRZAINT,08-JAN-2021,56.85,59.75,56.05,57.95,2139870,588741,9553
MITTAL,08-JAN-2021,14.95,15.0,14.6,15.0,127533,112857,389
MMFL,08-JAN-2021,449.7,449.7,437.75,440.0,46797,41663,913
MMP,08-JAN-2021,85.0,87.2,83.55,85.85,19117,16934,165
MMTC,08-JAN-2021,29.55,29.85,28.5,28.65,2082927,999294,5615
MOHOTAIND,08-JAN-2021,13.1,13.1,12.2,12.5,69388,52891,280
MOIL,08-JAN-2021,154.4,154.45,150.05,150.9,360235,182864,4859
MOLDTKPAC,08-JAN-2021,320.0,321.9,309.0,316.75,51155,30031,2062
MONTECARLO,08-JAN-2021,250.0,252.0,247.25,248.4,41645,21386,1812
MOREPENLAB,08-JAN-2021,31.8,32.05,30.6,30.85,2588410,1498656,5509
MOTHERSUMI,08-JAN-2021,168.8,168.8,166.6,168.0,9095229,4432086,43995
MOTILALOFS,08-JAN-2021,654.0,676.0,645.1,656.65,680532,298719,23054
MPHASIS,08-JAN-2021,1669.0,1673.0,1605.0,1639.3,853366,368924,52334
MPSLTD,08-JAN-2021,370.0,371.75,361.3,367.85,9296,6039,543
MRF,08-JAN-2021,77780.0,81399.0,77600.0,80602.1,31729,7507,17817
MRPL,08-JAN-2021,39.1,39.45,38.1,38.7,2079836,979148,6368
MSPL,08-JAN-2021,7.75,7.75,7.75,7.75,21481,21481,32
MSTCLTD,08-JAN-2021,182.8,188.0,179.05,180.9,711221,257449,12297
MTEDUCARE,08-JAN-2021,9.3,9.9,9.15,9.65,1276946,833944,1938
MTNL,08-JAN-2021,14.55,14.55,14.05,14.15,2124500,1060857,2602
MUKANDENGG,08-JAN-2021,15.4,15.4,14.4,14.55,13072,11144,114
MUKANDLTD,08-JAN-2021,71.15,73.95,70.85,71.35,79248,47911,1017
MUKTAARTS,08-JAN-2021,34.0,34.0,31.6,32.4,39828,27977,324
MUNJALAU,08-JAN-2021,61.1,61.65,60.4,60.75,278743,137619,2212
MUNJALSHOW,08-JAN-2021,144.75,145.15,141.5,144.65,51062,31645,896
MURUDCERA,08-JAN-2021,25.1,25.6,23.65,23.8,518933,266146,2460
MUTHOOTCAP,08-JAN-2021,412.3,422.8,407.25,414.4,88483,62132,2349
MUTHOOTFIN,08-JAN-2021,1280.0,1294.0,1267.35,1283.3,1382458,541993,67199
N100,08-JAN-2021,933.9,939.89,922.0,936.56,45763,28201,2167
NACLIND,08-JAN-2021,45.4,45.9,42.2,43.7,89365,51251,893
NAGREEKCAP,08-JAN-2021,6.45,6.8,6.45,6.8,192,192,5
NAGREEKEXP,08-JAN-2021,23.5,23.5,22.45,22.75,19199,10759,165
NAHARCAP,08-JAN-2021,88.6,101.95,88.6,98.35,46251,26027,854
NAHARPOLY,08-JAN-2021,94.75,95.0,93.1,93.55,28145,21788,395
NAM-INDIA,08-JAN-2021,305.0,314.0,304.95,309.0,1919811,1046464,21712
NATCOPHARM,08-JAN-2021,940.4,952.9,932.0,938.3,399488,258990,16507
NATHBIOGEN,08-JAN-2021,279.75,295.0,274.25,290.5,300596,134134,5317
NATIONALUM,08-JAN-2021,48.75,50.0,47.6,47.85,40719826,11648050,49020
NAUKRI,08-JAN-2021,5344.0,5450.0,5288.55,5412.2,728189,176563,59529
NAVINFLUOR,08-JAN-2021,2821.75,2850.0,2700.0,2711.0,194123,105740,29359
NAVKARCORP,08-JAN-2021,46.95,47.2,46.0,46.2,653091,364851,3291
NAVNETEDUL,08-JAN-2021,85.0,86.7,84.55,84.8,131618,74543,1600
NBCC,08-JAN-2021,32.5,32.9,31.9,32.2,10486342,4227779,19232
NBIFIN,08-JAN-2021,1636.8,1660.0,1632.1,1648.75,1956,1903,166
NBVENTURES,08-JAN-2021,63.25,63.85,62.25,62.35,1427254,845698,8974
NCC,08-JAN-2021,63.45,63.45,62.05,62.7,5958659,2026423,24863
NCLIND,08-JAN-2021,156.85,158.5,153.1,154.65,425789,238273,5257
NCPSESDL24,08-JAN-2021,103.55,103.55,103.35,103.45,107,107,5
NDGL,08-JAN-2021,891.35,891.35,805.0,815.1,655,392,88
NDL,08-JAN-2021,29.7,32.7,29.7,32.7,174240,156606,489
NDRAUTO,08-JAN-2021,232.0,243.0,232.0,236.6,8254,5612,396
NDTV,08-JAN-2021,40.1,41.35,39.0,39.15,68455,42702,579
NECCLTD,08-JAN-2021,9.95,10.1,9.6,9.85,65226,46335,257
NECLIFE,08-JAN-2021,24.15,24.9,23.05,23.45,1340642,686346,4212
NELCAST,08-JAN-2021,64.1,64.8,63.05,63.4,149887,55103,1280
NELCO,08-JAN-2021,203.45,208.0,202.6,205.35,201194,91213,4578
NEOGEN,08-JAN-2021,719.0,726.0,712.0,714.4,58097,40999,5894
NESCO,08-JAN-2021,586.0,595.0,567.95,577.85,204229,91523,8360
NESTLEIND,08-JAN-2021,18227.3,18350.0,18000.0,18306.25,151635,65679,36021
NETF,08-JAN-2021,173.62,173.62,173.62,173.62,53,53,14
NETFCONSUM,08-JAN-2021,65.98,66.0,64.06,65.85,3692,2549,102
NETFDIVOPP,08-JAN-2021,35.08,35.08,34.0,34.98,2150,1929,71
NETFIT,08-JAN-2021,26.07,26.55,25.4,26.43,1795251,1458663,3941
NETFLTGILT,08-JAN-2021,23.16,23.16,22.44,22.48,44626,25832,126
NETFMID150,08-JAN-2021,83.89,84.55,83.51,84.16,46309,38010,491
NETFNIF100,08-JAN-2021,148.5,148.89,147.77,148.43,2838,2749,29
NETFNV20,08-JAN-2021,76.99,77.33,75.2,76.95,7351,2937,123
NETWORK18,08-JAN-2021,36.1,38.85,36.05,37.25,5513740,2011401,10780
NEULANDLAB,08-JAN-2021,1113.8,1122.5,1089.0,1097.5,33001,20199,2223
NEWGEN,08-JAN-2021,297.0,316.2,293.95,306.4,512693,170570,24621
NFL,08-JAN-2021,40.6,42.2,40.35,41.15,7662455,2259365,27470
NH,08-JAN-2021,447.05,455.0,443.8,451.2,187663,142065,6371
NHPC,08-JAN-2021,25.1,25.45,25.0,25.1,12496609,6731952,40387
NIACL,08-JAN-2021,129.9,133.45,128.25,129.6,1558934,711733,22367
NIFTYBEES,08-JAN-2021,168.88,168.88,151.73,152.88,1488219,621027,11755
NIITLTD,08-JAN-2021,204.0,208.5,203.25,206.15,923318,427122,11902
NILAINFRA,08-JAN-2021,8.3,8.3,7.1,7.5,2163386,1548425,2168
NILKAMAL,08-JAN-2021,1525.8,1545.05,1501.0,1511.05,12055,4667,2092
NIPPOBATRY,08-JAN-2021,710.05,715.5,688.0,693.9,3337,2302,410
NITCO,08-JAN-2021,28.2,28.2,27.3,28.2,173748,145232,654
NLCINDIA,08-JAN-2021,55.75,56.75,55.6,56.0,1520577,814747,10591
NMDC,08-JAN-2021,129.5,129.5,125.0,125.5,11402276,3259646,32814
NOCIL,08-JAN-2021,154.7,159.45,154.25,155.05,1640643,609186,15430
NORBTEAEXP,08-JAN-2021,8.9,9.45,8.65,9.1,6291,5116,47
NOVARTIND,08-JAN-2021,685.35,693.5,681.0,686.3,9488,5654,636
NPBET,08-JAN-2021,169.7,183.8,168.63,177.91,5903,5027,89
NRAIL,08-JAN-2021,230.6,233.0,225.85,226.45,24000,12962,1300
NRBBEARING,08-JAN-2021,112.2,113.8,108.55,109.9,597665,339493,9574
NSIL,08-JAN-2021,998.8,1020.0,996.0,998.85,1678,1328,241
NTL,08-JAN-2021,1.3,1.35,1.3,1.35,49949,37039,86
NTPC,08-JAN-2021,97.6,100.5,97.35,100.15,43240591,18367517,80118
NUCLEUS,08-JAN-2021,615.0,628.0,612.0,618.35,71455,35965,3989
NXTDIGITAL,08-JAN-2021,566.05,627.0,540.9,606.1,25548,12260,2218
OAL,08-JAN-2021,576.9,584.0,563.15,570.15,18872,10645,2226
OBEROIRLTY,08-JAN-2021,591.0,604.8,585.4,590.5,558387,302034,17564
OCCL,08-JAN-2021,835.8,848.65,832.35,834.9,13237,8918,1344
OFSS,08-JAN-2021,3368.45,3368.45,3305.55,3342.4,103532,80659,8603
OIL,08-JAN-2021,113.9,114.0,112.8,113.55,1319269,618783,8266
OLECTRA,08-JAN-2021,140.55,140.9,135.5,136.1,342928,233451,3802
OMAXAUTO,08-JAN-2021,47.5,49.0,45.6,46.35,41977,23390,918
OMAXE,08-JAN-2021,81.5,83.9,77.4,81.95,123163,70605,1145
OMMETALS,08-JAN-2021,23.95,23.95,23.5,23.95,645081,622668,759
ONGC,08-JAN-2021,98.95,101.3,98.55,100.65,36022114,16328774,94894
ONMOBILE,08-JAN-2021,63.25,63.25,60.55,61.0,372850,243087,2045
ONWARDTEC,08-JAN-2021,106.1,111.9,104.3,106.85,347938,162732,4421
ORBTEXP,08-JAN-2021,78.0,89.05,77.2,84.35,547397,208738,5252
ORICONENT,08-JAN-2021,27.45,29.0,27.45,28.55,626828,467981,2058
ORIENTABRA,08-JAN-2021,24.45,26.9,23.7,25.4,943332,356805,4110
ORIENTALTL,08-JAN-2021,11.05,11.3,11.0,11.0,76783,66451,134
ORIENTBELL,08-JAN-2021,208.5,209.5,199.0,200.7,23291,13208,931
ORIENTCEM,08-JAN-2021,90.0,90.8,88.05,89.0,753812,420459,6112
ORIENTELEC,08-JAN-2021,242.5,248.95,232.0,236.0,734154,373392,27468
ORIENTHOT,08-JAN-2021,25.8,26.5,25.2,25.6,36875,26480,324
ORIENTLTD,08-JAN-2021,84.0,86.4,83.1,86.15,1401,951,60
ORIENTPPR,08-JAN-2021,23.0,23.2,22.55,22.65,725537,366517,1747
ORIENTREF,08-JAN-2021,242.85,249.05,238.0,240.55,151522,129519,1488
ORISSAMINE,08-JAN-2021,2610.05,2639.95,2545.0,2559.3,9950,6054,1766
ORTINLABSS,08-JAN-2021,30.4,31.2,29.45,29.55,167512,140267,883
OSWALAGRO,08-JAN-2021,12.4,12.85,11.95,12.1,182315,110220,710
PAGEIND,08-JAN-2021,28889.0,29989.95,28700.0,29843.3,55712,14394,19370
PAISALO,08-JAN-2021,721.0,721.0,695.0,701.75,20312,11985,1148
PANACEABIO,08-JAN-2021,241.3,242.05,232.0,233.55,128238,76597,3220
PANACHE,08-JAN-2021,45.3,47.0,44.5,44.9,62420,44778,419
PANAMAPET,08-JAN-2021,100.5,102.55,100.05,100.15,66694,42823,827
PARACABLES,08-JAN-2021,10.95,11.85,9.65,10.25,3709670,1858287,7011
PARAGMILK,08-JAN-2021,113.95,114.9,112.85,113.1,478986,199599,6147
PATELENG,08-JAN-2021,14.9,15.3,14.8,14.85,916259,624647,1490
PATINTLOG,08-JAN-2021,34.4,35.2,33.1,33.5,139793,82203,1217
PCJEWELLER,08-JAN-2021,29.0,29.4,28.1,28.25,4653198,2465797,9582
PDMJEPAPER,08-JAN-2021,22.85,23.4,22.4,22.65,130495,95022,480
PDSMFL,08-JAN-2021,526.0,537.0,524.75,534.9,7779,6443,256
PEARLPOLY,08-JAN-2021,19.7,19.9,19.5,19.5,8090,6838,47
PEL,08-JAN-2021,1503.0,1569.85,1500.1,1524.55,4843627,1069152,181899
PENIND,08-JAN-2021,24.5,24.7,23.6,23.9,390205,273170,1111
PENINLAND,08-JAN-2021,7.15,7.35,6.75,7.35,627938,401340,879
PERSISTENT,08-JAN-2021,1533.0,1580.0,1525.2,1570.9,190956,130417,12168
PETRONET,08-JAN-2021,260.7,271.8,260.5,268.4,9051914,4454906,67956
PFC,08-JAN-2021,120.7,121.85,119.75,120.95,6738729,2203841,40315
PFIZER,08-JAN-2021,5163.4,5320.0,5115.0,5130.0,193076,50028,23937
PFOCUS,08-JAN-2021,50.5,50.9,48.65,49.1,101615,50123,754
PFS,08-JAN-2021,20.4,21.4,20.25,20.95,3067111,1684376,5176
PGEL,08-JAN-2021,149.0,152.9,141.0,152.75,71784,46245,1173
PGHH,08-JAN-2021,11291.4,11320.0,11089.55,11257.05,4725,2578,1498
PGHL,08-JAN-2021,6910.55,6969.0,6899.15,6954.6,7727,5008,3682
PGIL,08-JAN-2021,198.7,200.55,191.1,192.0,11629,5624,388
PHILIPCARB,08-JAN-2021,173.8,176.3,172.95,173.85,940181,387397,14844
PHOENIXLTD,08-JAN-2021,762.5,819.5,755.0,790.6,718377,256657,46053
PIDILITIND,08-JAN-2021,1782.3,1823.9,1771.65,1819.05,803362,400589,34380
PIIND,08-JAN-2021,2197.0,2359.0,2192.85,2339.65,831643,415365,80357
PILANIINVS,08-JAN-2021,1975.0,1999.0,1961.0,1987.4,13838,2810,1263
PILITA,08-JAN-2021,11.65,12.0,10.8,11.75,352214,147244,580
PIONDIST,08-JAN-2021,123.9,128.75,120.55,125.5,110775,35955,2314
PIONEEREMB,08-JAN-2021,39.75,40.9,38.65,40.75,220775,165901,686
PITTIENG,08-JAN-2021,59.0,64.9,58.45,59.3,311499,107174,4000
PLASTIBLEN,08-JAN-2021,258.0,258.0,250.55,251.4,15771,9074,719
PNB,08-JAN-2021,35.65,35.9,35.1,35.4,80655853,19451295,64986
PNBGILTS,08-JAN-2021,47.0,47.3,45.4,45.6,497499,336927,2815
PNBHOUSING,08-JAN-2021,380.0,385.2,371.35,375.75,300646,157650,9289
PNC,08-JAN-2021,23.5,23.75,22.75,22.8,31951,19029,209
PNCINFRA,08-JAN-2021,184.4,194.0,183.65,192.2,4386557,2314969,46189
PODDARHOUS,08-JAN-2021,263.65,265.5,240.3,243.1,40317,23390,1167
PODDARMENT,08-JAN-2021,198.95,205.95,192.0,201.8,37366,17643,1105
POLYCAB,08-JAN-2021,1310.0,1310.0,1212.6,1248.6,1027680,417479,50422
POLYMED,08-JAN-2021,524.2,528.0,510.95,512.4,75547,33576,6156
POLYPLEX,08-JAN-2021,732.3,739.5,720.0,723.2,101545,52460,5330
PONNIERODE,08-JAN-2021,169.9,170.95,161.15,163.7,11821,6593,531
POWERGRID,08-JAN-2021,198.75,204.0,197.55,203.55,16586958,9474365,70433
POWERINDIA,08-JAN-2021,1299.5,1331.85,1291.0,1297.4,11366,6967,1163
POWERMECH,08-JAN-2021,427.35,435.4,427.15,431.75,39812,24435,1994
PPAP,08-JAN-2021,260.0,269.0,258.05,267.75,43623,30984,1609
PPL,08-JAN-2021,113.1,114.2,108.45,110.8,110108,52809,1670
PRABHAT,08-JAN-2021,72.25,74.9,71.8,72.15,66621,27124,918
PRAJIND,08-JAN-2021,123.6,125.2,122.2,124.3,1752186,752867,14341
PRAKASH,08-JAN-2021,62.65,63.5,61.0,61.35,1590303,908631,7958
PRAXIS,08-JAN-2021,49.65,51.55,48.15,50.15,41445,30310,468
PRECAM,08-JAN-2021,45.55,48.45,45.3,46.45,491929,253040,2743
PRECWIRE,08-JAN-2021,161.45,163.9,160.0,160.45,23309,15271,582
PREMEXPLN,08-JAN-2021,163.05,166.7,159.0,160.45,21785,15847,487
PREMIER,08-JAN-2021,5.7,5.75,5.5,5.7,13398,13296,78
PREMIERPOL,08-JAN-2021,41.0,42.75,40.3,41.15,27396,17863,574
PRESSMN,08-JAN-2021,26.1,26.5,25.6,25.85,61928,46613,387
PRESTIGE,08-JAN-2021,285.45,290.2,280.6,286.65,2217568,1737111,13521
PRICOLLTD,08-JAN-2021,51.1,51.75,49.9,50.05,399045,255336,2386
PRIMESECU,08-JAN-2021,45.5,45.95,44.6,45.0,110978,98715,277
PRINCEPIPE,08-JAN-2021,292.15,299.5,292.15,298.05,367751,278494,7002
PRIVISCL,08-JAN-2021,558.0,560.0,551.95,558.35,24906,16711,1737
PROZONINTU,08-JAN-2021,22.85,23.3,22.05,22.2,196619,127135,732
PRSMJOHNSN,08-JAN-2021,90.0,90.65,87.35,88.5,412994,177650,3728
PSB,08-JAN-2021,13.5,13.95,13.3,13.85,1448923,799492,2093
PSPPROJECT,08-JAN-2021,421.0,421.0,412.15,418.55,178082,61508,2843
PSUBNKBEES,08-JAN-2021,20.14,20.59,20.0,20.06,228995,148851,689
PTC,08-JAN-2021,60.2,61.25,60.2,60.6,1005375,574022,8235
PTL,08-JAN-2021,45.75,46.15,45.15,45.75,86839,50259,612
PUNJABCHEM,08-JAN-2021,805.05,809.9,798.05,800.35,4165,3215,381
PURVA,08-JAN-2021,94.45,94.75,91.4,92.5,322327,217167,3671
PVR,08-JAN-2021,1455.0,1471.3,1441.05,1455.0,1179674,233614,37221
QGOLDHALF,08-JAN-2021,2204.0,2204.0,2178.0,2180.5,902,642,137
QNIFTY,08-JAN-2021,1474.3,1479.8,1473.2,1478.35,45,43,27
QUESS,08-JAN-2021,533.0,539.45,523.5,526.55,118929,54585,5997
QUICKHEAL,08-JAN-2021,172.7,175.0,171.15,172.1,358190,134897,4917
RADAAN,08-JAN-2021,1.4,1.4,1.4,1.4,5203,5203,11
RADICO,08-JAN-2021,493.7,515.0,493.0,508.65,1917277,540735,35855
RAIN,08-JAN-2021,155.65,156.25,150.15,151.9,2368492,935558,21156
RAJESHEXPO,08-JAN-2021,483.9,490.0,481.95,484.35,249725,163156,6441
RAJRATAN,08-JAN-2021,456.2,459.9,446.3,448.55,6824,3064,490
RAJSREESUG,08-JAN-2021,17.8,17.8,17.0,17.15,29731,20242,163
RAJTV,08-JAN-2021,37.2,38.2,36.6,37.5,31256,17789,297
RALLIS,08-JAN-2021,296.55,314.4,296.15,302.85,2511092,602481,48174
RAMANEWS,08-JAN-2021,15.75,16.3,15.5,15.6,138530,75213,391
RAMASTEEL,08-JAN-2021,67.45,67.45,65.0,67.45,97844,69455,347
RAMCOCEM,08-JAN-2021,841.05,856.0,836.15,851.85,1682275,374245,37461
RAMCOIND,08-JAN-2021,236.75,236.75,231.0,232.65,123105,98708,1851
RAMCOSYS,08-JAN-2021,740.0,740.0,717.0,720.55,109536,54238,4392
RANASUG,08-JAN-2021,7.2,7.3,6.95,7.0,407018,304007,618
RANEENGINE,08-JAN-2021,276.5,280.0,272.65,273.55,4130,2242,136
RANEHOLDIN,08-JAN-2021,649.0,675.0,648.95,656.65,27604,12117,1492
RATNAMANI,08-JAN-2021,1576.05,1607.05,1555.25,1581.4,19900,9715,2064
RAYMOND,08-JAN-2021,351.75,353.75,347.0,348.2,606329,276255,9909
RBL,08-JAN-2021,791.0,804.0,777.75,785.65,19634,9332,1502
RBLBANK,08-JAN-2021,272.05,274.3,263.85,265.05,12634258,1821191,72622
RCF,08-JAN-2021,54.55,56.5,54.4,54.85,5347183,1624019,16325
RCOM,08-JAN-2021,2.15,2.15,2.05,2.05,11228614,9536122,7537
RECLTD,08-JAN-2021,144.8,146.2,143.4,144.75,6342470,2586044,25584
REDINGTON,08-JAN-2021,132.85,140.85,132.6,135.6,1635335,685795,24542
RELAXO,08-JAN-2021,885.0,898.45,874.0,891.65,314407,81111,16548
RELIANCE,08-JAN-2021,1918.0,1938.4,1912.1,1933.7,12709792,5303550,270966
RELIGARE,08-JAN-2021,68.0,69.9,66.35,66.75,707382,300657,2744
RELINFRA,08-JAN-2021,28.7,29.85,28.5,29.45,3410303,2244953,6326
REMSONSIND,08-JAN-2021,118.0,118.0,112.5,114.7,10647,5186,302
RENUKA,08-JAN-2021,12.6,12.8,12.1,12.2,2779143,1739945,2700
REPCOHOME,08-JAN-2021,252.9,255.6,247.05,251.9,467438,289927,12857
REPL,08-JAN-2021,134.0,134.4,131.95,134.4,23901,22356,212
REPRO,08-JAN-2021,396.05,400.95,385.0,388.4,6847,4393,488
RESPONIND,08-JAN-2021,191.9,198.7,183.0,185.55,110125,5682,2517
REVATHI,08-JAN-2021,603.8,603.8,570.25,582.85,9579,6577,813
RGL,08-JAN-2021,324.0,324.0,310.0,310.6,10082,6388,565
RICOAUTO,08-JAN-2021,39.55,40.5,38.4,38.65,956252,476309,4250
RIIL,08-JAN-2021,402.0,407.65,400.05,402.4,219863,54232,5080
RITES,08-JAN-2021,276.1,278.75,272.25,273.7,582859,308592,15401
RKDL,08-JAN-2021,10.75,10.8,9.9,9.95,103173,61062,338
RKEC,08-JAN-2021,47.8,47.8,45.0,45.9,15746,11479,161
RKFORGE,08-JAN-2021,536.9,543.95,518.75,525.35,30401,18454,2481
RML,08-JAN-2021,269.9,275.1,265.05,266.7,26939,14416,846
RNAVAL,08-JAN-2021,3.25,3.25,3.15,3.2,2224848,1595173,1279
ROHLTD,08-JAN-2021,75.25,76.5,75.0,75.1,41931,26326,576
ROLTA,08-JAN-2021,6.65,6.75,6.35,6.5,720798,493515,19662
ROML,08-JAN-2021,64.45,64.45,64.45,64.45,1323,1323,18
ROSSARI,08-JAN-2021,889.0,889.4,877.0,880.6,73477,33167,4904
ROSSELLIND,08-JAN-2021,125.5,128.5,124.05,125.05,18665,13591,408
ROUTE,08-JAN-2021,1196.4,1224.85,1196.35,1204.65,381924,99062,19081
RPGLIFE,08-JAN-2021,370.0,382.0,367.5,372.95,85604,38192,2997
RPPINFRA,08-JAN-2021,66.8,72.4,66.25,68.45,432888,274242,2393
RSSOFTWARE,08-JAN-2021,31.0,32.0,30.95,30.95,56765,51404,357
RSYSTEMS,08-JAN-2021,119.1,127.5,119.05,123.2,115774,57103,2272
RTNINFRA,08-JAN-2021,8.4,8.45,7.7,7.7,2405361,1394555,2086
RTNPOWER,08-JAN-2021,3.85,3.95,3.5,3.5,84660228,44236464,34186
RUBYMILLS,08-JAN-2021,204.0,207.25,197.3,199.65,10322,6605,416
RUPA,08-JAN-2021,305.0,308.3,301.0,303.75,89329,39604,2244
RUSHIL,08-JAN-2021,200.0,200.0,182.55,188.75,145400,73880,3420
RVHL,08-JAN-2021,35.95,35.95,30.15,30.6,431500,245438,2452
RVNL,08-JAN-2021,31.0,33.9,30.75,33.25,119562396,25899706,168240
SADBHAV,08-JAN-2021,64.7,65.4,62.0,62.15,1042006,698200,9707
SADBHIN,08-JAN-2021,21.35,21.55,20.75,20.8,687374,435400,4132
SAFARI,08-JAN-2021,554.25,560.0,546.0,556.35,7740,4355,510
SAGCEM,08-JAN-2021,684.95,689.95,680.0,683.3,51150,39050,2954
SAIL,08-JAN-2021,79.0,79.8,76.45,77.05,26952958,6453631,51368
SAKAR,08-JAN-2021,115.55,116.0,109.0,110.25,32987,14213,674
SAKHTISUG,08-JAN-2021,10.75,11.0,10.5,10.55,80022,50768,287
SAKSOFT,08-JAN-2021,366.0,402.0,366.0,394.5,437664,114874,13155
SAKUMA,08-JAN-2021,7.35,7.4,6.95,7.0,961367,640095,1399
SALASAR,08-JAN-2021,266.5,277.0,265.25,275.95,186474,38415,1791
SALONA,08-JAN-2021,79.95,79.95,74.4,75.1,4214,2370,118
SALSTEEL,08-JAN-2021,4.9,4.9,4.7,4.9,43059,33035,69
SALZERELEC,08-JAN-2021,131.65,135.45,129.0,130.55,112802,60790,1984
SAMBHAAV,08-JAN-2021,2.45,2.55,2.45,2.55,39685,39685,50
SANCO,08-JAN-2021,13.55,16.2,13.3,16.2,1784905,1121635,1764
SANDESH,08-JAN-2021,649.95,667.5,640.0,644.6,1827,919,316
SANDHAR,08-JAN-2021,234.2,246.9,233.45,239.5,68930,34573,4637
SANGAMIND,08-JAN-2021,98.85,98.9,91.3,95.5,46914,32346,1095
SANGHIIND,08-JAN-2021,34.95,38.9,34.55,37.85,11542486,5011986,24225
SANGHVIMOV,08-JAN-2021,116.35,119.25,114.75,115.4,49998,41683,996
SANGINITA,08-JAN-2021,27.95,28.3,27.5,28.0,145016,118744,531
SANOFI,08-JAN-2021,8140.4,8230.0,8121.4,8206.35,14543,10828,4795
SARDAEN,08-JAN-2021,383.8,388.75,373.0,374.9,84989,39910,2910
SAREGAMA,08-JAN-2021,857.1,864.4,840.1,849.05,25605,9136,3409
SARLAPOLY,08-JAN-2021,31.25,31.45,29.0,29.75,504194,303653,2111
SASKEN,08-JAN-2021,834.85,889.9,830.05,867.5,158224,50689,7629
SASTASUNDR,08-JAN-2021,125.0,125.0,121.0,123.65,31070,23123,488
SATIA,08-JAN-2021,94.9,97.0,93.35,95.55,183255,64911,1773
SATIN,08-JAN-2021,87.6,89.3,81.65,83.75,920956,505365,4867
SBICARD,08-JAN-2021,980.0,989.0,958.0,965.15,1525747,450422,63085
SBIETFIT,08-JAN-2021,253.22,264.36,253.22,263.2,7135,5581,151
SBIETFPB,08-JAN-2021,179.95,179.95,177.0,177.27,2347,1891,54
SBIETFQLTY,08-JAN-2021,129.9,129.9,127.51,129.07,3395,2988,86
SBILIFE,08-JAN-2021,920.0,954.5,918.0,935.5,4436263,1447148,125721
SBIN,08-JAN-2021,290.1,291.4,285.2,286.0,32543357,7276745,169736
SCAPDVR,08-JAN-2021,1.45,1.5,1.4,1.45,50928,38161,124
SCHAEFFLER,08-JAN-2021,4600.0,4675.0,4538.15,4571.75,13964,8361,4731
SCHAND,08-JAN-2021,72.0,72.0,69.3,69.65,111350,62429,1016
SCHNEIDER,08-JAN-2021,86.3,90.5,85.6,88.35,898375,318062,6785
SCI,08-JAN-2021,89.0,89.3,87.65,88.05,1606958,863602,5853
SDBL,08-JAN-2021,33.85,33.95,32.75,32.9,227290,173761,1056
SEAMECLTD,08-JAN-2021,485.0,490.0,475.0,480.0,117069,13152,950
SELAN,08-JAN-2021,134.45,134.5,129.0,130.65,40611,23689,1046
SEPOWER,08-JAN-2021,4.2,4.2,4.2,4.2,21502,21502,36
SEQUENT,08-JAN-2021,188.2,189.15,183.75,185.7,686206,363471,12756
SESHAPAPER,08-JAN-2021,157.3,158.95,154.85,157.65,38450,22831,916
SETCO,08-JAN-2021,13.65,13.65,13.65,13.65,101265,101263,178
SETF10GILT,08-JAN-2021,206.0,206.0,201.25,204.39,748,636,19
SETFGOLD,08-JAN-2021,4565.05,4575.5,4481.65,4499.4,14757,10141,1909
SETFNIF50,08-JAN-2021,147.88,148.59,147.37,148.37,166909,102037,973
SETFNIFBK,08-JAN-2021,320.44,320.53,318.22,318.82,44953,28644,764
SETFNN50,08-JAN-2021,366.6,366.6,350.4,355.28,12655,11590,307
SEYAIND,08-JAN-2021,67.35,70.2,66.45,67.65,33752,23279,1133
SFL,08-JAN-2021,1995.65,2000.0,1952.0,1967.9,12353,4414,2518
SGL,08-JAN-2021,9.8,9.85,9.2,9.45,58862,48532,247
SHAHALLOYS,08-JAN-2021,11.3,11.3,11.25,11.3,10802,10100,33
SHALBY,08-JAN-2021,132.4,134.6,120.55,122.0,4342877,1282382,42314
SHALPAINTS,08-JAN-2021,101.3,102.65,97.8,99.25,483734,212954,4678
SHANKARA,08-JAN-2021,354.15,363.0,352.95,355.15,122288,49935,4660
SHANTIGEAR,08-JAN-2021,123.7,136.0,122.6,126.5,1508770,411304,15488
SHARDACROP,08-JAN-2021,273.55,283.0,272.75,276.3,37247,21870,1559
SHARDAMOTR,08-JAN-2021,2097.2,2150.0,2070.4,2076.6,4381,2494,628
SHAREINDIA,08-JAN-2021,200.65,206.75,200.0,204.05,32888,19638,377
SHARIABEES,08-JAN-2021,369.53,369.53,360.59,367.06,1347,791,40
SHIL,08-JAN-2021,182.65,193.0,181.0,183.45,148206,95642,2902
SHILPAMED,08-JAN-2021,450.0,453.5,438.5,440.65,323074,193835,15351
SHIVAMAUTO,08-JAN-2021,20.85,21.3,20.7,20.85,112406,69623,479
SHIVAMILLS,08-JAN-2021,38.45,39.5,35.3,38.55,79704,46701,738
SHIVATEX,08-JAN-2021,139.85,143.0,130.25,130.8,21471,16229,349
SHK,08-JAN-2021,130.55,141.4,129.25,136.25,3369470,908947,37897
SHOPERSTOP,08-JAN-2021,205.0,207.0,202.0,202.8,141838,77659,2844
SHRADHA,08-JAN-2021,66.9,66.9,64.85,65.4,1921,852,61
SHREDIGCEM,08-JAN-2021,62.0,62.75,61.3,61.5,607455,275078,3003
SHREECEM,08-JAN-2021,24960.0,25979.5,24960.0,25813.4,76285,23758,20347
SHREEPUSHK,08-JAN-2021,140.1,142.0,135.0,136.4,110914,59448,2593
SHREERAMA,08-JAN-2021,9.1,9.1,8.6,8.65,30741,21965,122
SHRENIK,08-JAN-2021,4.1,4.3,4.05,4.3,8616219,4738896,3760
SHREYANIND,08-JAN-2021,92.3,92.3,87.3,87.8,26384,15816,439
SHREYAS,08-JAN-2021,77.75,79.0,73.15,73.25,172452,128526,961
SHRIRAMCIT,08-JAN-2021,1145.0,1173.7,1117.95,1144.35,87797,46031,13108
SHRIRAMEPC,08-JAN-2021,5.5,5.75,5.45,5.55,1163523,826618,1381
SHYAMCENT,08-JAN-2021,7.4,7.5,6.9,6.9,370880,221201,775
SICAGEN,08-JAN-2021,16.75,17.5,16.25,16.45,24066,15320,157
SIEMENS,08-JAN-2021,1639.4,1665.0,1633.0,1654.9,480120,195643,23697
SIGIND,08-JAN-2021,35.9,36.5,33.0,33.55,229816,99555,2909
SILINV,08-JAN-2021,221.0,222.65,215.25,216.6,5106,2357,256
SIMBHALS,08-JAN-2021,8.4,8.8,8.2,8.3,29796,19560,185
SIMPLEXINF,08-JAN-2021,41.95,41.95,40.0,40.5,180324,111931,907
SINTERCOM,08-JAN-2021,83.0,83.0,78.1,79.2,1026,592,42
SIRCA,08-JAN-2021,341.5,347.9,323.0,327.05,54842,39180,1373
SIS,08-JAN-2021,429.8,431.35,423.35,425.35,77474,50007,3390
SIYSIL,08-JAN-2021,200.9,209.4,200.2,205.4,110252,51013,2144
SJVN,08-JAN-2021,25.95,27.25,25.85,26.75,5189758,2418237,8864
SKFINDIA,08-JAN-2021,1885.0,1885.0,1825.25,1837.35,57217,31587,6011
SKIL,08-JAN-2021,3.8,3.8,3.55,3.8,657352,520778,422
SKIPPER,08-JAN-2021,68.8,73.95,67.7,70.75,410552,185359,3203
SKMEGGPROD,08-JAN-2021,58.5,60.1,58.0,58.1,140241,77488,1320
SMLISUZU,08-JAN-2021,475.7,494.0,473.25,486.2,76317,28392,4116
SMSLIFE,08-JAN-2021,610.1,614.95,601.0,605.55,4397,2911,334
SMSPHARMA,08-JAN-2021,123.65,124.9,121.05,121.9,130718,84197,1653
SNOWMAN,08-JAN-2021,61.15,61.4,59.0,59.85,2527483,1577716,11074
SOBHA,08-JAN-2021,445.45,487.75,409.95,472.75,1385143,395249,43689
SOLARA,08-JAN-2021,1266.0,1276.0,1240.1,1251.35,37779,19572,3258
SOLARINDS,08-JAN-2021,1135.0,1143.95,1107.0,1128.7,35600,21447,3407
SOMANYCERA,08-JAN-2021,344.7,354.7,343.4,348.3,79181,45703,2289
SOMICONVEY,08-JAN-2021,36.9,41.1,36.5,41.1,633605,192847,3335
SONATSOFTW,08-JAN-2021,410.65,432.0,409.0,429.6,1169865,340364,30465
SORILINFRA,08-JAN-2021,144.0,148.75,135.1,137.05,385870,157981,5018
SOTL,08-JAN-2021,718.0,742.0,718.0,719.55,32338,23148,1894
SOUTHBANK,08-JAN-2021,9.4,9.5,9.2,9.2,20994625,11073413,55773
SOUTHWEST,08-JAN-2021,41.75,41.75,39.75,41.0,27293,26597,40
SPAL,08-JAN-2021,175.9,183.9,172.0,176.2,111330,64220,2311
SPANDANA,08-JAN-2021,767.95,776.5,752.5,759.8,33436,14073,2298
SPARC,08-JAN-2021,196.6,203.4,196.05,200.4,1712126,578803,18312
SPECIALITY,08-JAN-2021,48.3,48.9,47.0,47.5,95808,56066,579
SPENCERS,08-JAN-2021,85.5,89.6,85.45,86.75,1065192,375777,9569
SPIC,08-JAN-2021,24.6,28.65,24.5,26.8,10179599,3283451,24455
SPICEJET,08-JAN-2021,94.4,94.95,93.5,93.85,2563972,1438926,15464
SPLIL,08-JAN-2021,38.0,39.2,37.05,37.35,64361,39142,796
SREEL,08-JAN-2021,148.15,155.35,145.75,147.2,133797,56067,2267
SREINFRA,08-JAN-2021,8.35,8.5,7.9,8.05,2153269,1454257,2464
SRF,08-JAN-2021,5765.0,5965.0,5724.7,5916.95,218155,65973,21994
SRHHYPOLTD,08-JAN-2021,259.9,259.9,250.0,250.4,21943,13600,1224
SRIPIPES,08-JAN-2021,158.0,159.45,149.85,152.9,126715,68306,2287
SRPL,08-JAN-2021,31.9,32.85,31.6,32.35,4308,250,28
SRTRANSFIN,08-JAN-2021,1306.2,1313.35,1265.0,1295.7,6264854,1340223,159864
SSWL,08-JAN-2021,587.0,614.6,587.0,608.8,92691,40998,4631
STAR,08-JAN-2021,999.0,999.0,938.1,943.85,2127564,787259,53747
STARCEMENT,08-JAN-2021,107.3,107.85,105.0,105.8,436918,240420,3884
STARPAPER,08-JAN-2021,120.55,121.35,118.05,119.35,137137,63975,2207
STCINDIA,08-JAN-2021,82.35,82.7,78.85,79.55,50166,29845,792
STEELCITY,08-JAN-2021,38.4,38.4,37.3,38.05,11682,10962,84
STEELXIND,08-JAN-2021,52.9,53.0,49.0,51.65,151848,109589,727
STEL,08-JAN-2021,70.9,70.9,68.5,68.85,22267,16356,350
STERTOOLS,08-JAN-2021,201.15,229.9,201.15,222.0,368163,134959,9087
STLTECH,08-JAN-2021,191.9,197.0,190.1,192.1,1215167,419217,16362
SUBEXLTD,08-JAN-2021,27.35,27.4,25.9,26.3,5986615,3664826,14920
SUBROS,08-JAN-2021,358.65,359.7,347.05,351.1,46689,23152,2146
SUDARSCHEM,08-JAN-2021,491.2,504.0,491.2,495.15,305994,120353,7698
SUMICHEM,08-JAN-2021,327.9,328.6,321.05,322.35,1208466,782263,19705
SUMMITSEC,08-JAN-2021,555.8,556.35,547.75,555.05,1207,845,131
SUNCLAYLTD,08-JAN-2021,2705.0,2789.8,2581.6,2640.8,24343,17234,4349
SUNDARAM,08-JAN-2021,1.75,1.75,1.65,1.7,1002927,689514,431
SUNDARMFIN,08-JAN-2021,1890.0,1890.0,1840.0,1866.6,34873,17597,10122
SUNDARMHLD,08-JAN-2021,76.45,78.85,75.7,76.15,81693,51349,828
SUNDRMBRAK,08-JAN-2021,320.05,326.35,318.05,321.4,2866,2001,149
SUNDRMFAST,08-JAN-2021,545.4,558.65,545.05,557.45,102215,68434,4909
SUNFLAG,08-JAN-2021,69.9,70.5,67.4,68.05,634040,347993,4605
SUNPHARMA,08-JAN-2021,607.0,622.8,604.0,620.8,11451416,3178246,134402
SUNTECK,08-JAN-2021,360.0,371.45,357.2,366.3,456165,98873,11522
SUNTV,08-JAN-2021,528.65,539.5,520.0,527.9,9100927,1957632,94012
SUPERHOUSE,08-JAN-2021,130.1,148.4,127.0,136.05,864005,182337,11676
SUPERSPIN,08-JAN-2021,5.95,6.0,5.5,5.8,242363,155887,302
SUPPETRO,08-JAN-2021,356.0,369.8,356.0,365.4,165709,122496,3823
SUPRAJIT,08-JAN-2021,218.35,222.0,215.5,217.5,317733,217235,5851
SUPREMEENG,08-JAN-2021,31.35,31.35,31.35,31.35,19482,19481,25
SUPREMEIND,08-JAN-2021,1800.0,1819.0,1776.0,1798.7,188202,151165,8633
SURANASOL,08-JAN-2021,12.15,12.5,12.05,12.05,222755,165890,466
SURANAT&P,08-JAN-2021,6.45,6.45,6.05,6.1,288500,178928,762
SURYAROSNI,08-JAN-2021,344.4,346.85,335.2,338.05,80640,56768,4490
SUTLEJTEX,08-JAN-2021,49.15,49.5,47.5,47.85,152637,99209,1082
SUULD,08-JAN-2021,143.65,144.0,140.05,143.7,41875,25805,449
SUVEN,08-JAN-2021,87.35,88.0,84.0,84.2,844937,535487,14137
SUVENPHAR,08-JAN-2021,465.5,467.0,457.1,460.95,173091,92947,19313
SWANENERGY,08-JAN-2021,133.95,134.55,128.1,131.3,193012,50553,2294
SWARAJENG,08-JAN-2021,1453.0,1460.0,1421.0,1426.55,18439,11299,1991
SWELECTES,08-JAN-2021,204.7,214.5,194.5,210.2,66821,35721,1993
SWSOLAR,08-JAN-2021,271.0,276.75,268.1,269.35,565618,325940,8131
SYMPHONY,08-JAN-2021,1055.0,1061.0,1046.0,1052.9,37099,17208,3963
SYNGENE,08-JAN-2021,618.0,625.55,600.1,603.05,577778,331768,25021
TAINWALCHM,08-JAN-2021,79.95,82.0,77.55,78.1,31744,13241,1428
TAJGVK,08-JAN-2021,140.35,141.75,140.35,141.15,77080,43287,1408
TAKE,08-JAN-2021,55.9,60.9,55.55,59.85,10547585,3876285,38095
TALBROAUTO,08-JAN-2021,163.85,170.0,156.7,162.8,83448,28900,2887
TANLA,08-JAN-2021,785.0,797.8,746.0,766.1,626190,344420,26220
TARC,08-JAN-2021,24.5,25.0,24.0,24.05,269593,190150,695
TARMAT,08-JAN-2021,51.55,52.0,46.3,49.45,37982,22892,623
TASTYBITE,08-JAN-2021,11668.0,12350.0,11612.0,11808.45,12869,6985,3563
TATACHEM,08-JAN-2021,504.9,509.0,496.25,500.0,4156351,817693,53851
TATACOFFEE,08-JAN-2021,107.0,108.2,105.65,106.3,934578,445064,5317
TATACOMM,08-JAN-2021,1071.35,1089.4,1048.9,1061.25,212301,144424,8552
TATACONSUM,08-JAN-2021,606.8,612.5,602.6,609.55,3458752,1538239,57544
TATAELXSI,08-JAN-2021,2009.7,2052.8,2009.55,2043.3,381158,101231,20715
TATAINVEST,08-JAN-2021,1030.2,1039.0,1022.65,1025.4,25018,14377,2047
TATAMETALI,08-JAN-2021,665.8,674.0,640.85,655.2,166788,53312,7800
TATAMOTORS,08-JAN-2021,198.75,201.5,197.1,198.15,53991568,7076664,191216
TATAMTRDVR,08-JAN-2021,80.85,83.2,80.7,81.85,9118887,3396029,25407
TATAPOWER,08-JAN-2021,84.35,84.6,82.6,83.05,41178215,11893024,98735
TATASTEEL,08-JAN-2021,727.0,727.25,703.1,713.15,19329313,3996244,188934
TATASTLBSL,08-JAN-2021,45.6,45.6,43.65,44.35,8599423,3529596,13625
TATASTLLP,08-JAN-2021,642.0,650.6,632.5,642.35,130320,49930,5080
TBZ,08-JAN-2021,90.0,90.0,84.6,84.9,2199947,909954,21854
TCI,08-JAN-2021,249.7,258.6,248.8,255.5,72538,46993,2090
TCIDEVELOP,08-JAN-2021,317.95,331.3,317.05,318.65,1567,938,236
TCIEXP,08-JAN-2021,1009.0,1009.95,980.0,990.0,42881,25387,7948
TCNSBRANDS,08-JAN-2021,440.9,441.05,434.0,435.65,35136,23558,3318
TCPLPACK,08-JAN-2021,390.0,390.0,377.0,378.25,7049,5006,589
TCS,08-JAN-2021,3090.0,3128.0,3060.0,3120.9,5879039,1754802,214010
TDPOWERSYS,08-JAN-2021,145.4,149.8,143.7,146.65,92980,57207,1824
TEAMLEASE,08-JAN-2021,2751.95,2787.35,2703.0,2722.15,5230,2613,1508
TECHIN,08-JAN-2021,3.45,3.45,3.15,3.4,4143,4143,12
TECHM,08-JAN-2021,1007.75,1060.0,1005.45,1051.1,9279370,2712542,139872
TECHNOE,08-JAN-2021,257.0,269.1,247.7,252.65,1294605,1056979,12689
TEJASNET,08-JAN-2021,138.85,139.0,135.95,136.25,290446,170846,3133
TERASOFT,08-JAN-2021,59.25,59.25,59.25,59.25,45563,45541,688
TEXINFRA,08-JAN-2021,49.4,50.5,48.0,49.65,83069,48191,676
TEXMOPIPES,08-JAN-2021,25.05,25.5,24.4,24.8,127400,89378,681
TEXRAIL,08-JAN-2021,34.0,34.6,33.75,33.9,1533749,759113,3945
TFCILTD,08-JAN-2021,57.85,58.5,54.8,55.3,806325,423518,5100
TFL,08-JAN-2021,2.7,2.7,2.7,2.7,200,200,2
THANGAMAYL,08-JAN-2021,618.0,625.35,602.3,604.85,30584,17069,2963
THEMISMED,08-JAN-2021,359.45,359.45,345.0,346.9,18420,9517,1020
THERMAX,08-JAN-2021,980.0,989.0,960.6,976.2,40666,24520,5857
THOMASCOOK,08-JAN-2021,49.15,49.15,47.65,47.9,350043,245165,2156
THYROCARE,08-JAN-2021,966.5,983.0,958.5,969.65,114343,43029,7628
TI,08-JAN-2021,30.7,31.25,29.25,29.6,357388,218413,1664
TIDEWATER,08-JAN-2021,4580.95,4581.0,4510.0,4531.05,2925,1747,811
TIIL,08-JAN-2021,374.9,375.0,359.0,360.7,20873,13729,948
TIINDIA,08-JAN-2021,828.0,836.0,818.05,833.7,335005,292166,15344
TIL,08-JAN-2021,186.0,189.9,180.1,181.0,11408,6845,467
TIMESGTY,08-JAN-2021,28.1,28.1,27.25,27.4,578,479,42
TIMETECHNO,08-JAN-2021,57.3,59.2,55.2,56.75,2054490,803586,9313
TIMKEN,08-JAN-2021,1334.25,1339.85,1275.0,1281.6,33555,19509,5684
TINPLATE,08-JAN-2021,184.0,184.5,178.3,179.45,741948,338100,11669
TIPSINDLTD,08-JAN-2021,399.0,405.0,375.0,376.4,49127,25485,2665
TIRUMALCHM,08-JAN-2021,98.5,99.9,95.35,95.9,811913,410432,5835
TITAN,08-JAN-2021,1547.9,1555.3,1521.5,1548.6,3478504,1314768,96106
TMRVL,08-JAN-2021,11.85,11.9,11.5,11.6,50261,29840,375
TNPETRO,08-JAN-2021,45.5,45.85,44.15,44.4,503788,253950,3487
TNPL,08-JAN-2021,131.2,144.3,130.3,138.35,1798907,489087,17029
TOKYOPLAST,08-JAN-2021,73.2,75.0,70.55,71.35,17411,8775,504
TORNTPHARM,08-JAN-2021,2789.0,2872.0,2775.5,2851.9,521368,196761,22925
TORNTPOWER,08-JAN-2021,336.0,348.75,333.6,335.95,4637625,706550,51676
TOTAL,08-JAN-2021,84.05,84.05,76.25,76.25,164532,131621,1295
TOUCHWOOD,08-JAN-2021,79.0,82.5,76.0,82.1,179325,67166,1858
TPLPLASTEH,08-JAN-2021,181.2,181.5,176.1,176.75,6363,4287,220
TREEHOUSE,08-JAN-2021,7.15,7.15,6.85,6.85,50948,36378,105
TREJHARA,08-JAN-2021,37.9,39.35,37.35,38.25,25168,15830,263
TRENT,08-JAN-2021,678.0,701.0,674.9,695.4,897082,360560,31162
TRIDENT,08-JAN-2021,14.25,15.0,13.4,14.6,83660792,26179995,94592
TRIGYN,08-JAN-2021,89.0,91.75,87.8,89.15,144862,95515,1125
TRITURBINE,08-JAN-2021,84.1,90.7,83.8,89.0,957291,512713,9874
TRIVENI,08-JAN-2021,72.85,72.9,71.8,72.0,287899,155830,1826
TTKHLTCARE,08-JAN-2021,561.95,582.0,561.3,570.2,3160,2048,249
TTKPRESTIG,08-JAN-2021,6190.0,6330.0,6105.0,6190.4,10594,4087,3333
TTL,08-JAN-2021,53.2,54.1,51.2,51.65,29587,15466,497
TV18BRDCST,08-JAN-2021,30.6,32.1,30.5,31.45,14083889,5678044,18010
TVSMOTOR,08-JAN-2021,506.4,517.0,500.2,513.35,3684918,803752,44201
TVSSRICHAK,08-JAN-2021,1849.0,1887.35,1825.85,1863.1,7583,3093,1649
TVTODAY,08-JAN-2021,227.8,246.95,225.1,239.0,487427,143091,9895
TWL,08-JAN-2021,60.95,61.9,58.6,58.95,790927,414052,5320
UBL,08-JAN-2021,1253.0,1267.15,1240.15,1249.95,547218,186476,22425
UCALFUEL,08-JAN-2021,133.75,136.5,130.35,131.25,62069,26709,1528
UCOBANK,08-JAN-2021,13.15,13.4,12.85,12.95,4291847,1139665,4405
UFLEX,08-JAN-2021,375.45,378.9,370.0,371.2,119175,57616,3272
UFO,08-JAN-2021,92.75,93.3,89.0,91.25,519300,211679,4809
UGARSUGAR,08-JAN-2021,18.15,18.7,18.15,18.25,537743,341459,1314
UJAAS,08-JAN-2021,3.85,3.85,3.85,3.85,1842809,1842809,543
UJJIVAN,08-JAN-2021,298.55,310.95,293.35,302.15,2349500,787844,36843
UJJIVANSFB,08-JAN-2021,44.0,44.1,42.1,42.6,6112838,2713738,18485
ULTRACEMCO,08-JAN-2021,5419.0,5613.3,5417.55,5591.75,802681,310667,61053
UMANGDAIRY,08-JAN-2021,62.5,70.0,60.7,66.65,545969,190403,4658
UNICHEMLAB,08-JAN-2021,268.0,289.9,267.0,280.6,666550,245123,20263
UNIDT,08-JAN-2021,303.0,329.8,303.0,326.05,72711,35505,1277
UNIENTER,08-JAN-2021,68.45,73.55,68.15,71.8,52344,25066,1642
UNIONBANK,08-JAN-2021,32.15,32.3,31.55,31.8,5371701,2244251,9160
UNITEDTEA,08-JAN-2021,317.25,326.45,317.25,323.0,2770,2298,122
UNIVASTU,08-JAN-2021,34.85,35.8,34.15,35.25,3491,2817,65
UNIVCABLES,08-JAN-2021,160.65,162.0,153.1,155.25,56197,33551,1303
UNIVPHOTO,08-JAN-2021,167.45,170.9,162.75,163.6,3992,2729,282
UPL,08-JAN-2021,485.0,506.0,484.8,503.65,16114942,2858423,180917
USHAMART,08-JAN-2021,35.4,36.05,34.9,35.3,1001503,528048,3517
UTIAMC,08-JAN-2021,553.9,553.95,547.65,550.65,222725,177730,13641
UTIBANKETF,08-JAN-2021,324.66,324.66,319.1,321.69,199,147,29
UTINEXT50,08-JAN-2021,351.0,362.0,351.0,353.65,1049,582,57
UTINIFTETF,08-JAN-2021,1521.26,1534.39,1516.0,1530.5,497,492,42
UTISENSETF,08-JAN-2021,520.0,520.49,514.22,519.2,788,750,59
UTISXN50,08-JAN-2021,422.28,424.0,378.9,403.95,804,505,77
UTTAMSTL,08-JAN-2021,10.35,10.35,10.35,10.35,74904,74904,105
UTTAMSUGAR,08-JAN-2021,111.75,114.0,101.3,104.3,364825,165516,4766
VADILALIND,08-JAN-2021,810.05,835.0,805.5,815.85,16985,13407,1060
VAIBHAVGBL,08-JAN-2021,2740.0,2768.8,2650.0,2678.65,22213,14006,6133
VAISHALI,08-JAN-2021,58.3,61.25,58.3,58.3,196251,136106,1901
VAKRANGEE,08-JAN-2021,64.8,66.6,64.1,66.05,5945240,3647717,12921
VALIANTORG,08-JAN-2021,1550.0,1554.95,1518.05,1538.25,25339,18295,1852
VARDHACRLC,08-JAN-2021,40.9,42.0,39.95,40.6,176067,120393,886
VARDMNPOLY,08-JAN-2021,17.0,17.0,16.0,16.05,99512,57824,427
VARROC,08-JAN-2021,395.1,414.95,395.1,409.7,365280,161955,11811
VASWANI,08-JAN-2021,7.25,7.25,7.25,7.25,2524,2524,13
VBL,08-JAN-2021,985.6,1015.1,972.85,990.1,253110,114630,17771
VEDL,08-JAN-2021,188.0,189.75,176.65,182.05,25476849,7350896,94727
VENKEYS,08-JAN-2021,1605.0,1628.1,1564.0,1579.8,392883,95495,24220
VENUSREM,08-JAN-2021,174.3,179.95,168.0,170.0,47574,35462,843
VERTOZ,08-JAN-2021,218.75,232.0,213.5,225.35,397247,119457,4125
VESUVIUS,08-JAN-2021,1171.0,1185.25,1136.95,1175.5,49345,41942,2885
VETO,08-JAN-2021,84.55,94.25,84.55,94.25,115552,93527,920
VGUARD,08-JAN-2021,216.7,220.4,211.05,214.55,926773,426366,19738
VHL,08-JAN-2021,1462.0,1493.0,1462.0,1469.0,599,183,91
VIDHIING,08-JAN-2021,127.0,127.0,125.0,125.45,61009,37192,840
VIKASECO,08-JAN-2021,4.1,4.25,3.85,3.85,25052873,11913278,4637
VIKASMCORP,08-JAN-2021,5.95,5.95,5.85,5.95,30407612,20196567,20823
VIKASPROP,08-JAN-2021,3.65,3.65,3.55,3.65,5350249,3028917,4026
VIKASWSP,08-JAN-2021,4.95,5.05,4.85,4.95,426351,347180,532
VIMTALABS,08-JAN-2021,177.9,178.6,169.15,173.3,59325,34654,1255
VINATIORGA,08-JAN-2021,1310.0,1350.0,1299.05,1317.0,225745,104558,15942
VINDHYATEL,08-JAN-2021,877.7,878.45,851.3,855.95,9984,5607,1165
VINYLINDIA,08-JAN-2021,124.5,125.65,123.0,123.3,72798,37603,1356
VIPCLOTHNG,08-JAN-2021,17.3,17.45,17.0,17.45,170910,117469,476
VIPIND,08-JAN-2021,378.55,381.5,375.0,377.5,143592,69797,7178
VIPULLTD,08-JAN-2021,22.65,22.65,21.3,21.85,32354,22310,198
VISAKAIND,08-JAN-2021,396.1,402.0,393.5,393.95,34987,19452,1815
VISASTEEL,08-JAN-2021,8.2,8.2,8.0,8.2,39755,30340,111
VISHAL,08-JAN-2021,52.55,52.55,52.55,52.55,11687,11687,160
VISHNU,08-JAN-2021,197.95,199.6,194.15,197.85,10699,7653,450
VISHWARAJ,08-JAN-2021,120.25,124.9,120.25,122.55,16620,15552,135
VIVIMEDLAB,08-JAN-2021,18.1,18.5,17.8,17.9,248235,164090,796
VLSFINANCE,08-JAN-2021,85.1,86.5,81.7,82.7,94196,65083,1554
VMART,08-JAN-2021,2431.05,2466.6,2409.5,2458.1,13483,6975,2734
VOLTAMP,08-JAN-2021,1258.9,1289.9,1251.0,1265.4,9074,5904,1429
VOLTAS,08-JAN-2021,882.0,909.4,881.5,902.2,1928335,422543,28372
VRLLOG,08-JAN-2021,206.0,207.8,202.95,204.85,231464,134860,7735
VSSL,08-JAN-2021,125.05,135.0,125.05,131.8,24953,17550,413
VSTIND,08-JAN-2021,3675.0,3699.0,3618.25,3661.45,55476,51322,4499
VSTTILLERS,08-JAN-2021,1980.0,1981.0,1952.25,1967.95,11170,5987,2100
VTL,08-JAN-2021,1070.0,1085.4,1058.05,1073.75,77812,54396,13090
WABAG,08-JAN-2021,207.8,213.75,207.0,209.95,628222,345458,9290
WABCOINDIA,08-JAN-2021,5599.4,5660.0,5580.0,5601.55,2408,1070,798
WALCHANNAG,08-JAN-2021,68.5,71.0,68.5,69.05,254932,102993,2477
WATERBASE,08-JAN-2021,128.7,129.5,126.75,127.15,175592,73926,3316
WEBELSOLAR,08-JAN-2021,48.05,49.25,47.55,48.4,302129,189787,1488
WEIZMANIND,08-JAN-2021,46.4,46.4,44.25,44.8,7010,4454,108
WELCORP,08-JAN-2021,143.45,145.5,140.0,142.9,1773732,856937,18485
WELENT,08-JAN-2021,86.65,87.75,86.0,86.4,88278,54056,1159
WELINV,08-JAN-2021,370.0,376.0,362.15,372.4,6326,1179,187
WELSPUNIND,08-JAN-2021,74.5,75.0,72.1,73.05,765695,493614,4933
WENDT,08-JAN-2021,3125.0,3563.45,3102.0,3558.25,42859,20569,3554
WESTLIFE,08-JAN-2021,448.7,456.0,436.6,452.85,161969,86413,8990
WHEELS,08-JAN-2021,500.0,516.7,494.65,505.35,44428,19439,2508
WHIRLPOOL,08-JAN-2021,2490.0,2528.0,2485.0,2493.7,56682,27253,8527
WILLAMAGOR,08-JAN-2021,22.45,22.95,22.0,22.1,10170,6975,109
WIPRO,08-JAN-2021,407.5,432.65,407.25,430.2,40993230,10074049,277996
WOCKPHARMA,08-JAN-2021,521.4,532.0,510.0,516.8,685511,229820,17044
WONDERLA,08-JAN-2021,214.4,214.6,211.5,212.2,68420,37875,3216
WORTH,08-JAN-2021,54.4,60.9,53.05,58.1,167083,84972,1074
WSTCSTPAPR,08-JAN-2021,188.85,189.9,185.0,186.9,165758,74575,2858
XCHANGING,08-JAN-2021,87.7,89.65,86.7,87.1,412611,251009,4060
XELPMOC,08-JAN-2021,340.0,341.8,320.9,329.15,63109,39942,2151
YAARII,08-JAN-2021,119.0,119.75,110.15,110.15,641661,441602,7766
YESBANK,08-JAN-2021,18.2,18.3,17.8,18.05,183783931,86593141,107495
ZEEL,08-JAN-2021,221.85,236.85,220.7,231.15,44035673,8383376,214941
ZEELEARN,08-JAN-2021,14.0,14.25,13.7,13.8,1039224,603964,1674
ZEEMEDIA,08-JAN-2021,5.8,5.85,5.7,5.75,5066487,3247637,11078
ZENSARTECH,08-JAN-2021,239.9,241.0,236.4,238.05,134685,63506,3970
ZENTEC,08-JAN-2021,100.75,102.0,98.0,98.75,634738,304890,5730
ZODIACLOTH,08-JAN-2021,108.95,109.0,107.0,107.9,47573,33094,706
ZODJRDMKJ,08-JAN-2021,29.9,30.7,29.25,30.0,4682,2648,226
ZOTA,08-JAN-2021,167.35,170.0,165.1,166.25,8676,5953,206
ZUARI,08-JAN-2021,110.3,117.95,110.05,111.15,746057,249383,7092
ZUARIGLOB,08-JAN-2021,120.0,123.9,118.75,123.4,2882797,960205,21812
ZYDUSWELL,08-JAN-2021,2080.85,2080.9,2056.0,2065.6,24257,13844,3935
