20MICRONS,05-FEB-2021,37.85,38.4,36.6,36.85,98353,66751,696
21STCENMGM,05-FEB-2021,11.25,11.25,11.25,11.25,3932,3932,18
3IINFOTECH,05-FEB-2021,7.3,7.4,6.95,7.0,9613106,6010729,8701
3MINDIA,05-FEB-2021,21220.0,21375.0,20381.55,20907.75,4954,1931,2645
3PLAND,05-FEB-2021,9.95,10.25,9.5,9.7,4324,3036,58
5PAISA,05-FEB-2021,275.7,279.0,271.25,273.5,19227,11090,1038
63MOONS,05-FEB-2021,77.2,85.45,74.05,83.15,435464,209259,4419
A2ZINFRA,05-FEB-2021,4.6,4.6,4.45,4.45,324210,194343,302
AARON,05-FEB-2021,50.2,50.2,46.55,48.15,2913,1888,62
AARTIDRUGS,05-FEB-2021,681.8,689.45,675.3,677.3,271092,114797,12323
AARTIIND,05-FEB-2021,1192.0,1198.0,1175.1,1190.45,183614,102160,9275
AARTISURF,05-FEB-2021,1023.8,1023.8,960.45,973.0,74270,28173,3999
AARVEEDEN,05-FEB-2021,20.1,21.95,19.25,20.5,11535,8176,174
AARVI,05-FEB-2021,45.9,45.9,40.3,41.3,10658,6520,187
AAVAS,05-FEB-2021,1988.25,2021.0,1955.05,1996.5,48554,24936,7103
ABAN,05-FEB-2021,29.6,30.65,28.7,28.85,116658,74603,869
ABB,05-FEB-2021,1518.0,1523.85,1481.6,1495.3,79091,24244,10272
ABBOTINDIA,05-FEB-2021,14542.5,14550.0,14405.0,14477.75,22721,16616,4867
ABCAPITAL,05-FEB-2021,91.0,91.9,89.4,90.15,3654733,1353967,17086
ABFRL,05-FEB-2021,158.85,169.9,158.0,166.75,6805330,3049681,72138
ABMINTLTD,05-FEB-2021,34.2,34.2,34.2,34.2,2169,2014,15
ABSLBANETF,05-FEB-2021,338.03,363.03,338.03,354.86,3244,3032,41
ABSLNN50ET,05-FEB-2021,342.0,342.0,326.35,330.0,181,58,18
ACC,05-FEB-2021,1755.0,1763.0,1715.0,1723.0,1089231,248749,35208
ACCELYA,05-FEB-2021,975.2,975.2,945.0,951.95,9460,4604,1116
ACCURACY,05-FEB-2021,38.25,45.95,38.0,45.95,28659,17196,218
ACE,05-FEB-2021,155.7,163.0,148.25,150.25,671485,469571,11574
ACRYSIL,05-FEB-2021,202.4,208.4,198.1,208.4,197877,158402,1758
ADANIENT,05-FEB-2021,595.0,607.85,588.6,595.35,4754950,549258,61829
ADANIGREEN,05-FEB-2021,1101.0,1131.0,1053.75,1077.15,692820,357810,33616
ADANIPORTS,05-FEB-2021,571.0,573.95,561.65,566.95,5586868,1627931,65457
ADANIPOWER,05-FEB-2021,53.0,53.9,52.05,52.3,5894618,3188473,17121
ADANITRANS,05-FEB-2021,531.0,544.95,517.55,529.25,1328135,315337,31982
ADFFOODS,05-FEB-2021,691.6,692.35,666.0,672.45,84828,33534,1716
ADHUNIKIND,05-FEB-2021,23.5,23.85,22.5,22.7,10631,8681,135
ADORWELD,05-FEB-2021,302.6,305.0,292.0,294.95,21291,11812,1086
ADROITINFO,05-FEB-2021,9.2,9.55,9.2,9.55,159,159,4
ADSL,05-FEB-2021,40.35,42.1,38.0,40.05,133573,71557,1193
ADVANIHOTR,05-FEB-2021,47.8,47.8,46.8,47.05,6102,5225,93
ADVENZYMES,05-FEB-2021,340.0,342.75,331.6,334.3,208894,93974,8020
AEGISCHEM,05-FEB-2021,297.0,302.95,293.5,295.3,267464,155260,9981
AFFLE,05-FEB-2021,3850.0,4174.55,3834.4,4174.55,416049,164809,53312
AGCNET,05-FEB-2021,898.0,909.9,845.0,848.65,10728,7733,645
AGRITECH,05-FEB-2021,38.25,41.0,35.0,35.6,24289,15529,365
AGROPHOS,05-FEB-2021,14.5,14.5,13.75,13.8,34480,23203,321
AHLADA,05-FEB-2021,68.9,69.0,65.55,66.1,41685,34032,215
AHLEAST,05-FEB-2021,163.0,163.0,156.9,157.45,1814,1419,113
AHLUCONT,05-FEB-2021,276.5,304.8,276.3,299.5,244605,132351,10186
AHLWEST,05-FEB-2021,249.65,250.05,243.7,245.25,1190,780,124
AIAENG,05-FEB-2021,2068.0,2069.95,1992.5,1999.75,11228,5238,2393
AIRAN,05-FEB-2021,18.75,19.0,18.0,18.5,39671,19882,428
AJANTPHARM,05-FEB-2021,1826.9,1826.9,1792.75,1814.4,128480,63601,17674
AJMERA,05-FEB-2021,136.7,138.2,134.2,134.9,71622,29300,1469
AKASH,05-FEB-2021,233.05,233.05,224.6,225.55,1231,535,122
AKSHARCHEM,05-FEB-2021,266.9,271.0,257.95,260.75,12784,8271,773
AKSHOPTFBR,05-FEB-2021,7.25,7.25,6.95,7.0,166204,122135,362
AKZOINDIA,05-FEB-2021,2295.5,2317.15,2260.0,2275.1,7435,4449,1121
ALANKIT,05-FEB-2021,17.3,17.3,16.75,17.0,74441,54099,250
ALBERTDAVD,05-FEB-2021,458.8,460.9,430.1,441.7,13276,7813,738
ALEMBICLTD,05-FEB-2021,102.1,102.6,98.5,98.9,383855,204036,3362
ALICON,05-FEB-2021,431.55,433.7,421.1,423.7,4823,2569,444
ALKALI,05-FEB-2021,58.25,58.25,54.6,54.9,7871,6145,293
ALKEM,05-FEB-2021,3014.7,3015.0,2919.0,2943.95,216978,105875,17898
ALKYLAMINE,05-FEB-2021,5015.0,5048.0,4926.6,4952.75,19107,7935,4017
ALLCARGO,05-FEB-2021,130.1,131.45,129.55,130.35,167041,84094,1728
ALLSEC,05-FEB-2021,296.95,301.75,290.0,292.3,6502,4670,313
ALMONDZ,05-FEB-2021,20.55,21.0,20.55,20.9,8622,8230,39
ALOKINDS,05-FEB-2021,21.4,21.55,20.85,20.9,8830816,3696953,12176
ALPA,05-FEB-2021,39.5,39.5,38.2,38.85,59988,44008,506
ALPHAGEO,05-FEB-2021,210.2,216.0,203.05,207.7,36796,24863,1005
AMARAJABAT,05-FEB-2021,962.5,964.4,935.8,940.6,540240,144888,21113
AMBER,05-FEB-2021,2727.0,2754.0,2690.3,2705.0,50695,16098,7753
AMBIKCO,05-FEB-2021,1020.0,1031.65,972.0,977.5,14218,7880,1786
AMBUJACEM,05-FEB-2021,273.0,275.6,268.55,271.3,5119967,1165062,39739
AMDIND,05-FEB-2021,18.8,18.9,18.1,18.2,14195,11442,171
AMJLAND,05-FEB-2021,27.25,27.8,25.8,26.25,22506,12478,235
AMRUTANJAN,05-FEB-2021,518.4,521.1,515.05,516.75,17742,8735,1136
ANANTRAJ,05-FEB-2021,40.0,42.0,40.0,41.35,975113,688001,5094
ANDHRACEMT,05-FEB-2021,6.0,6.0,5.7,5.75,251492,201672,1390
ANDHRAPAP,05-FEB-2021,220.0,222.0,214.2,215.65,23004,12653,619
ANDHRSUGAR,05-FEB-2021,320.0,325.0,306.0,308.85,99352,54937,3444
ANGELBRKG,05-FEB-2021,344.0,353.1,337.15,339.2,176012,84915,5026
ANIKINDS,05-FEB-2021,16.15,16.25,15.6,16.0,15381,10943,102
ANSALAPI,05-FEB-2021,6.55,6.8,6.5,6.5,156200,152469,141
ANSALHSG,05-FEB-2021,6.15,6.15,5.85,5.95,12276,10968,68
ANUP,05-FEB-2021,608.4,608.4,591.55,593.5,22778,12391,1794
APARINDS,05-FEB-2021,385.1,389.5,370.0,373.35,131142,76479,3924
APCL,05-FEB-2021,221.85,233.0,217.3,224.5,179507,102972,3210
APCOTEXIND,05-FEB-2021,182.0,188.0,179.1,181.95,126143,56958,3156
APEX,05-FEB-2021,282.95,283.65,277.6,278.65,62633,32412,1713
APLAPOLLO,05-FEB-2021,932.0,936.0,920.1,927.75,104458,74384,4600
APLLTD,05-FEB-2021,945.05,947.95,928.1,932.7,298438,184329,10883
APOLLO,05-FEB-2021,122.45,123.5,118.55,119.2,163799,100308,2772
APOLLOHOSP,05-FEB-2021,2740.0,2783.0,2687.65,2738.6,941316,403867,59634
APOLLOPIPE,05-FEB-2021,711.85,717.8,684.05,705.25,26768,12485,2027
APOLLOTYRE,05-FEB-2021,245.8,249.95,235.0,241.6,24192684,2122431,168861
APOLSINHOT,05-FEB-2021,572.75,572.75,561.2,562.9,1000,760,57
APTECHT,05-FEB-2021,223.3,225.35,213.15,216.0,669796,144193,16913
ARCHIES,05-FEB-2021,12.75,12.9,12.6,12.7,68030,55389,365
ARENTERP,05-FEB-2021,11.5,12.0,11.15,11.35,5266,3529,62
ARIES,05-FEB-2021,101.05,102.95,98.7,99.5,58812,31928,1381
ARIHANT,05-FEB-2021,25.5,25.6,23.5,24.3,11341,2311,134
ARIHANTSUP,05-FEB-2021,36.05,38.95,35.05,37.45,16180,3591,112
ARMANFIN,05-FEB-2021,716.25,729.9,711.0,716.75,8671,5374,901
AROGRANITE,05-FEB-2021,46.45,48.6,44.95,45.15,32118,19148,388
ARROWGREEN,05-FEB-2021,56.2,58.95,56.2,57.0,5187,3350,289
ARSSINFRA,05-FEB-2021,24.25,24.9,23.8,24.3,39211,25405,172
ARTEMISMED,05-FEB-2021,232.4,232.95,214.0,220.75,5608,4401,160
ARVIND,05-FEB-2021,52.4,55.55,52.2,54.75,5023410,1767609,18221
ARVINDFASN,05-FEB-2021,145.85,146.25,140.7,141.45,376409,237077,6951
ARVSMART,05-FEB-2021,101.45,106.15,100.9,103.95,185982,105278,2178
ASAHIINDIA,05-FEB-2021,295.95,299.0,288.3,290.55,66871,42454,1957
ASAHISONG,05-FEB-2021,245.0,250.95,240.05,243.55,19672,10875,545
ASALCBR,05-FEB-2021,322.0,331.5,321.55,328.15,43243,27789,1683
ASHAPURMIN,05-FEB-2021,118.9,118.9,114.0,115.05,159638,112836,1685
ASHIANA,05-FEB-2021,103.0,103.35,93.6,96.9,655377,534148,5960
ASHIMASYN,05-FEB-2021,13.65,14.2,13.0,13.5,104430,70233,370
ASHOKA,05-FEB-2021,103.45,105.35,97.6,103.95,2917928,1033386,20836
ASHOKLEY,05-FEB-2021,136.7,137.4,130.2,131.65,27819560,6320887,121189
ASIANHOTNR,05-FEB-2021,69.45,70.1,68.75,69.45,9023,7471,123
ASIANPAINT,05-FEB-2021,2420.0,2423.9,2370.8,2376.75,3303319,1640282,149221
ASIANTILES,05-FEB-2021,285.95,287.7,273.0,277.0,270468,97516,4708
ASPINWALL,05-FEB-2021,158.45,160.2,150.0,152.3,3485,2693,143
ASTEC,05-FEB-2021,1142.0,1149.95,1079.9,1089.85,54644,38391,4017
ASTERDM,05-FEB-2021,154.8,154.8,151.3,151.75,173148,133855,2085
ASTRAL,05-FEB-2021,2088.55,2155.0,1981.05,2001.8,383991,81377,37225
ASTRAMICRO,05-FEB-2021,121.0,121.9,119.0,120.8,191478,88399,2001
ASTRAZEN,05-FEB-2021,3889.8,3942.2,3875.35,3898.75,42429,14957,6437
ASTRON,05-FEB-2021,44.8,44.8,43.7,43.95,31130,21037,342
ATFL,05-FEB-2021,847.1,851.0,828.0,841.6,5692,3890,475
ATGL,05-FEB-2021,391.0,395.35,379.0,382.05,441742,250982,9175
ATLANTA,05-FEB-2021,8.1,8.25,7.9,8.0,41601,39290,130
ATUL,05-FEB-2021,6489.85,6489.95,6359.0,6380.6,13457,7954,4219
ATULAUTO,05-FEB-2021,184.9,185.0,180.0,180.75,77416,39719,2689
AUBANK,05-FEB-2021,970.0,995.0,965.0,981.9,747248,327614,38273
AURIONPRO,05-FEB-2021,84.2,89.7,82.45,85.15,79145,38322,1017
AUROPHARMA,05-FEB-2021,932.0,954.9,925.0,942.85,4131354,1239626,78519
AUSOMENT,05-FEB-2021,47.75,48.35,46.0,47.35,9413,2948,351
AUTOAXLES,05-FEB-2021,1089.0,1098.0,1063.05,1081.75,9530,5202,1210
AUTOIND,05-FEB-2021,32.7,32.7,31.2,31.4,17918,12718,231
AVADHSUGAR,05-FEB-2021,195.8,198.65,194.85,195.75,32016,13007,783
AVANTIFEED,05-FEB-2021,518.8,523.5,500.0,502.1,350045,201329,9608
AVTNPL,05-FEB-2021,48.45,48.45,45.15,45.85,105019,59829,879
AWHCL,05-FEB-2021,317.0,325.9,310.85,322.25,389581,125913,12189
AXISBANK,05-FEB-2021,749.0,766.3,717.0,719.6,31121503,8725102,381780
AXISBNKETF,05-FEB-2021,354.0,370.0,354.0,356.18,6805,5522,130
AXISCADES,05-FEB-2021,54.5,54.5,52.75,53.6,32570,19565,324
AXISGOLD,05-FEB-2021,41.2,41.71,40.89,41.19,185629,144785,2054
AXISNIFTY,05-FEB-2021,151.26,154.5,149.83,153.76,28246,23589,281
AYMSYNTEX,05-FEB-2021,58.45,58.45,55.7,58.45,199358,171262,611
BAFNAPH,05-FEB-2021,122.45,122.5,117.1,118.85,4493,3338,148
BAGFILMS,05-FEB-2021,2.85,2.95,2.75,2.75,85233,57554,1390
BAJAJ-AUTO,05-FEB-2021,4260.0,4272.8,4161.0,4231.25,729191,136850,51831
BAJAJCON,05-FEB-2021,262.5,277.0,253.05,258.6,2627938,719784,62762
BAJAJELEC,05-FEB-2021,801.0,922.05,801.0,922.05,4451066,1185945,139654
BAJAJFINSV,05-FEB-2021,9780.0,9940.0,9556.0,9722.2,922561,139894,82958
BAJAJHIND,05-FEB-2021,6.7,6.75,6.6,6.6,2211049,1427759,1998
BAJAJHLDNG,05-FEB-2021,3420.0,3529.9,3414.8,3457.7,54438,20112,9094
BAJFINANCE,05-FEB-2021,5526.0,5627.0,5470.0,5538.55,4437987,826342,206223
BALAJITELE,05-FEB-2021,64.2,64.35,62.45,62.7,81022,42060,872
BALAMINES,05-FEB-2021,1229.6,1245.8,1189.0,1211.3,104917,45391,6500
BALAXI,05-FEB-2021,562.5,562.5,562.5,562.5,2204,2203,58
BALKRISIND,05-FEB-2021,1849.8,1850.0,1782.65,1798.6,660329,127437,35535
BALMLAWRIE,05-FEB-2021,121.5,122.75,119.25,120.4,333877,185087,6190
BALPHARMA,05-FEB-2021,54.05,56.3,53.65,54.35,64509,22274,723
BALRAMCHIN,05-FEB-2021,163.3,167.5,158.2,159.85,1636565,579647,16306
BANARBEADS,05-FEB-2021,58.45,58.55,58.0,58.0,6182,5757,130
BANARISUG,05-FEB-2021,1610.8,1620.0,1530.0,1535.65,1067,409,191
BANCOINDIA,05-FEB-2021,155.7,157.95,154.6,157.15,329381,200913,3389
BANDHANBNK,05-FEB-2021,350.0,357.0,328.0,329.55,23638691,7513231,246718
BANG,05-FEB-2021,27.35,28.5,26.0,26.5,8582,5236,214
BANKA,05-FEB-2021,83.85,83.85,76.5,77.05,104500,75326,653
BANKBARODA,05-FEB-2021,83.7,89.0,81.7,82.5,121275419,19573672,281652
BANKBEES,05-FEB-2021,355.0,367.0,355.0,357.81,1661040,382645,18346
BANKINDIA,05-FEB-2021,58.5,63.45,58.5,59.55,31909754,6341548,81326
BANSWRAS,05-FEB-2021,114.0,114.0,103.2,108.55,9679,6520,372
BASF,05-FEB-2021,1654.95,1655.0,1612.25,1625.95,17699,11786,1761
BASML,05-FEB-2021,146.0,148.25,143.2,144.4,21111,16203,550
BATAINDIA,05-FEB-2021,1591.0,1602.0,1545.45,1548.2,645291,250539,24370
BAYERCROP,05-FEB-2021,5450.0,5508.95,5385.05,5490.6,31597,18859,7638
BBL,05-FEB-2021,1005.0,1063.65,1005.0,1043.65,76142,36241,7521
BBTC,05-FEB-2021,1279.55,1285.0,1247.0,1251.35,39324,23946,3309
BCG,05-FEB-2021,7.35,7.4,6.9,7.2,3300673,1989053,3470
BCP,05-FEB-2021,5.85,5.95,5.6,5.65,94270,63989,262
BDL,05-FEB-2021,337.0,339.85,335.0,337.6,194631,68691,4885
BEARDSELL,05-FEB-2021,9.85,10.4,9.85,10.0,41789,35756,95
BECTORFOOD,05-FEB-2021,424.0,426.9,409.6,410.85,658799,301004,22817
BEDMUTHA,05-FEB-2021,23.2,24.7,23.2,23.65,8048,5780,51
BEL,05-FEB-2021,142.0,143.2,138.7,140.2,9954380,2309322,47846
BEML,05-FEB-2021,944.85,972.75,930.2,941.05,621378,129630,21791
BEPL,05-FEB-2021,137.1,138.95,134.5,136.25,482912,252247,7314
BERGEPAINT,05-FEB-2021,737.4,740.6,720.0,730.15,886998,356605,17414
BFINVEST,05-FEB-2021,287.6,291.95,284.0,285.85,13907,3675,583
BFUTILITIE,05-FEB-2021,287.4,292.1,283.95,285.55,237116,57510,4606
BGRENERGY,05-FEB-2021,46.7,47.1,44.5,44.65,78074,47058,746
BHAGERIA,05-FEB-2021,174.1,189.7,171.5,172.2,172957,93803,2723
BHAGYANGR,05-FEB-2021,35.35,35.35,32.5,34.05,69762,49669,560
BHAGYAPROP,05-FEB-2021,24.95,25.15,24.7,25.0,13744,12990,55
BHARATFORG,05-FEB-2021,632.0,646.0,615.0,617.9,2202933,555668,39233
BHARATGEAR,05-FEB-2021,75.0,81.2,74.0,75.95,31389,17583,690
BHARATRAS,05-FEB-2021,10098.0,10293.35,9942.5,9995.6,2842,1416,1274
BHARATWIRE,05-FEB-2021,35.5,35.8,34.25,34.5,37400,24743,264
BHARTIARTL,05-FEB-2021,603.8,605.9,576.25,581.1,34811620,13998379,372792
BHEL,05-FEB-2021,42.65,44.15,41.25,43.55,146833328,33833974,193030
BIGBLOC,05-FEB-2021,113.9,119.2,113.8,119.2,108484,28290,1280
BIL,05-FEB-2021,144.6,166.95,144.6,166.95,163645,46196,2817
BINDALAGRO,05-FEB-2021,18.3,18.5,17.45,17.55,47428,28583,327
BIOCON,05-FEB-2021,417.7,417.7,398.2,407.2,9808981,2022215,106706
BIOFILCHEM,05-FEB-2021,97.3,97.35,88.15,88.55,541819,308058,8776
BIRLACABLE,05-FEB-2021,64.0,64.0,62.25,62.6,81027,34372,1064
BIRLACORPN,05-FEB-2021,821.0,842.95,801.0,830.7,595780,194219,23219
BIRLAMONEY,05-FEB-2021,45.15,45.4,43.8,44.0,125401,70064,916
BIRLATYRE,05-FEB-2021,32.0,32.0,30.05,30.3,1011977,671702,5951
BKMINDST,05-FEB-2021,1.05,1.05,0.95,1.0,62196,51460,120
BLBLIMITED,05-FEB-2021,5.55,5.55,4.85,5.05,22954,22839,58
BLISSGVS,05-FEB-2021,189.15,190.9,186.8,188.05,547998,150538,4607
BLS,05-FEB-2021,110.4,110.4,105.1,105.5,78310,44596,1577
BLUEDART,05-FEB-2021,4413.8,4451.0,4255.0,4333.45,34759,14273,5659
BLUESTARCO,05-FEB-2021,805.9,821.4,797.8,815.0,77062,44808,7358
BODALCHEM,05-FEB-2021,76.3,76.8,73.55,73.85,298740,151114,2269
BOMDYEING,05-FEB-2021,77.05,77.7,75.6,75.9,1593086,508161,10185
BOROLTD,05-FEB-2021,196.25,212.0,193.55,208.25,276286,144790,5702
BORORENEW,05-FEB-2021,274.7,276.0,268.1,271.0,372925,157739,10581
BOSCHLTD,05-FEB-2021,16449.0,16589.95,16051.8,16176.2,59820,18858,13790
BPCL,05-FEB-2021,420.5,422.3,413.1,415.0,3861284,1298742,45703
BPL,05-FEB-2021,22.7,22.95,22.25,22.95,234432,134560,955
BRFL,05-FEB-2021,11.0,11.5,10.95,11.4,123437,81793,296
BRIGADE,05-FEB-2021,266.5,274.0,265.1,270.45,302099,116212,5807
BRITANNIA,05-FEB-2021,3616.0,3616.0,3530.45,3541.65,1159183,483513,72807
BRNL,05-FEB-2021,33.95,34.1,32.9,33.15,103486,67420,752
BROOKS,05-FEB-2021,68.15,68.65,64.15,64.4,19384,13683,352
BSE,05-FEB-2021,618.0,619.05,607.1,610.15,272826,115402,8153
BSELINFRA,05-FEB-2021,1.0,1.0,0.95,0.95,354022,277272,58
BSL,05-FEB-2021,35.95,35.95,32.0,32.7,7131,5366,125
BSLGOLDETF,05-FEB-2021,4345.5,4345.5,4295.0,4318.8,566,372,144
BSLNIFTY,05-FEB-2021,166.0,169.0,163.4,163.52,497,277,47
BSOFT,05-FEB-2021,271.45,274.2,264.0,271.4,1778584,1199721,30147
BURGERKING,05-FEB-2021,153.0,153.9,144.6,146.0,5167373,2169745,53107
BUTTERFLY,05-FEB-2021,629.9,636.95,585.0,593.1,125443,76952,4313
BYKE,05-FEB-2021,19.75,20.6,19.5,19.85,61405,47573,195
CADILAHC,05-FEB-2021,482.5,488.95,471.85,475.25,8272131,1849687,89092
CALSOFT,05-FEB-2021,9.1,9.4,8.9,9.2,58219,32519,365
CAMLINFINE,05-FEB-2021,110.9,114.3,109.0,111.4,577610,346661,7729
CAMS,05-FEB-2021,1864.95,1874.0,1811.15,1822.45,66705,33563,8984
CANBK,05-FEB-2021,166.7,172.2,158.0,160.85,69090863,8918908,262903
CANFINHOME,05-FEB-2021,507.65,514.6,496.0,498.95,506970,245983,20317
CANTABIL,05-FEB-2021,381.0,404.55,377.05,383.7,130202,35261,3863
CAPACITE,05-FEB-2021,195.0,195.9,188.85,193.45,114534,55113,2679
CAPLIPOINT,05-FEB-2021,480.2,484.8,464.8,466.65,252713,150142,10021
CAPTRUST,05-FEB-2021,91.1,97.0,91.05,91.95,8171,5720,200
CARBORUNIV,05-FEB-2021,452.7,494.45,431.05,474.95,1306710,751924,41468
CAREERP,05-FEB-2021,162.75,162.75,156.7,157.45,31423,21317,712
CARERATING,05-FEB-2021,530.0,549.3,524.9,536.55,392950,191812,17681
CASTROLIND,05-FEB-2021,132.6,132.6,128.7,129.6,2026880,935485,16462
CCHHL,05-FEB-2021,4.85,5.25,4.85,4.95,47877,35128,114
CCL,05-FEB-2021,252.0,253.3,242.3,244.9,123779,76322,6606
CDSL,05-FEB-2021,526.85,530.25,508.0,509.9,810572,437839,18568
CEATLTD,05-FEB-2021,1664.0,1697.4,1622.0,1652.4,421907,64818,21843
CENTENKA,05-FEB-2021,248.7,259.8,242.05,252.55,221910,104514,5810
CENTEXT,05-FEB-2021,4.9,5.35,4.75,4.9,329689,231214,545
CENTRALBK,05-FEB-2021,14.5,15.5,14.5,14.8,24930750,10010192,25320
CENTRUM,05-FEB-2021,24.05,25.8,23.8,24.2,4310164,1857790,8430
CENTUM,05-FEB-2021,448.95,459.75,440.0,445.65,8853,5800,698
CENTURYPLY,05-FEB-2021,271.4,276.25,271.0,273.2,163201,78688,4178
CENTURYTEX,05-FEB-2021,454.0,463.95,450.45,457.15,960947,136282,21558
CERA,05-FEB-2021,3580.0,3580.0,3495.2,3544.4,26813,19282,3347
CEREBRAINT,05-FEB-2021,50.0,50.8,49.5,49.65,126761,95604,657
CESC,05-FEB-2021,619.0,623.5,608.0,609.0,324732,156416,9953
CGCL,05-FEB-2021,370.0,370.0,364.2,365.05,142626,108942,1697
CGPOWER,05-FEB-2021,44.3,44.3,41.95,42.6,2137183,1494130,5131
CHALET,05-FEB-2021,173.95,181.95,173.0,179.35,474545,155094,6528
CHAMBLFERT,05-FEB-2021,265.0,265.65,245.35,246.85,1591529,571024,18513
CHEMBOND,05-FEB-2021,191.35,192.45,185.0,186.5,19362,10458,675
CHEMCON,05-FEB-2021,449.45,450.35,438.05,439.35,110068,42604,3546
CHEMFAB,05-FEB-2021,138.75,138.8,134.0,134.85,3151,2564,135
CHENNPETRO,05-FEB-2021,96.35,96.7,92.35,93.1,1085315,621745,8470
CHOLAFIN,05-FEB-2021,468.0,473.95,449.25,451.1,4324685,1499516,53749
CHOLAHLDNG,05-FEB-2021,565.4,574.95,551.1,556.3,125022,76745,2905
CIGNITITEC,05-FEB-2021,368.9,375.5,361.65,370.3,106816,75240,2000
CINELINE,05-FEB-2021,42.75,43.1,41.3,41.65,90933,57049,696
CINEVISTA,05-FEB-2021,6.05,6.25,5.65,5.9,14600,12408,60
CIPLA,05-FEB-2021,839.6,854.9,830.5,847.7,7381183,1509438,116960
CLEDUCATE,05-FEB-2021,68.5,72.5,66.85,68.8,59265,17640,1138
CLNINDIA,05-FEB-2021,363.55,365.1,357.0,358.05,25224,13656,1514
CMICABLES,05-FEB-2021,37.3,37.75,35.5,37.0,76056,50781,428
CNOVAPETRO,05-FEB-2021,6.3,7.55,6.3,7.35,6879,4698,41
COALINDIA,05-FEB-2021,144.1,144.3,139.35,140.85,19930467,8186460,81218
COCHINSHIP,05-FEB-2021,351.0,353.6,345.15,346.65,167587,101799,4811
COFORGE,05-FEB-2021,2565.0,2572.55,2435.25,2498.6,575079,251576,34088
COLPAL,05-FEB-2021,1626.0,1639.0,1585.0,1589.75,528936,167024,23470
COMPINFO,05-FEB-2021,15.15,15.9,15.15,15.3,240890,103765,1011
COMPUSOFT,05-FEB-2021,9.4,9.4,8.9,9.05,52734,34238,155
CONCOR,05-FEB-2021,488.95,491.5,461.75,466.85,4967630,1618711,66646
CONFIPET,05-FEB-2021,42.4,45.0,42.1,42.95,1581550,741863,6784
CONSOFINVT,05-FEB-2021,41.0,41.95,40.1,40.45,1449,1223,29
CONTROLPR,05-FEB-2021,244.0,245.65,234.2,235.55,12213,7960,682
CORALFINAC,05-FEB-2021,22.9,22.95,21.6,21.75,5992,3982,131
CORDSCABLE,05-FEB-2021,44.2,47.4,44.2,46.7,50809,36353,855
COROMANDEL,05-FEB-2021,779.9,779.9,752.8,754.95,1002631,726686,51329
COSMOFILMS,05-FEB-2021,502.5,517.9,493.5,498.4,140607,79632,4773
CPSEETF,05-FEB-2021,21.6,22.05,21.32,21.54,5179594,3892886,6568
CREATIVE,05-FEB-2021,105.5,108.0,104.0,104.65,22981,13122,144
CREATIVEYE,05-FEB-2021,3.05,3.2,3.05,3.2,2149,2049,12
CREDITACC,05-FEB-2021,736.4,741.2,710.0,719.25,55500,29043,5362
CREST,05-FEB-2021,97.45,99.85,94.05,95.35,9680,4178,351
CRISIL,05-FEB-2021,1931.0,1952.8,1911.65,1921.05,11274,5499,2427
CROMPTON,05-FEB-2021,414.5,421.0,406.65,410.05,1175415,674654,40497
CSBBANK,05-FEB-2021,226.1,231.05,217.85,219.05,311942,167915,3976
CTE,05-FEB-2021,41.0,41.0,38.2,39.45,11517,6063,180
CUB,05-FEB-2021,177.0,180.8,169.35,171.1,2486181,1277410,23068
CUBEXTUB,05-FEB-2021,16.7,18.3,15.55,16.7,11489,7569,126
CUMMINSIND,05-FEB-2021,780.0,794.8,777.85,787.0,1027482,198823,20674
CUPID,05-FEB-2021,226.6,226.9,220.1,221.45,33544,22135,1204
CYBERTECH,05-FEB-2021,135.95,137.8,130.1,130.9,116664,62497,2067
CYIENT,05-FEB-2021,658.0,689.0,629.5,640.0,1986145,522471,64446
DAAWAT,05-FEB-2021,52.8,52.9,51.65,51.8,923087,588288,5261
DABUR,05-FEB-2021,527.0,528.55,517.8,521.75,2592937,1223051,34602
DALBHARAT,05-FEB-2021,1265.0,1304.85,1206.0,1240.05,310803,122247,21396
DALMIASUG,05-FEB-2021,143.5,144.0,139.95,141.85,75447,37442,1376
DAMODARIND,05-FEB-2021,34.85,35.75,34.25,35.3,55346,34917,687
DANGEE,05-FEB-2021,123.5,132.1,123.5,128.95,50798,43999,456
DATAMATICS,05-FEB-2021,119.3,119.8,114.2,114.85,115023,73157,1909
DBCORP,05-FEB-2021,91.95,92.6,86.35,87.3,722334,379811,6164
DBL,05-FEB-2021,482.1,498.9,464.1,492.5,326659,118415,8483
DBSTOCKBRO,05-FEB-2021,9.45,9.75,9.45,9.65,804,803,12
DCAL,05-FEB-2021,127.8,128.95,123.4,124.05,289562,162034,3708
DCBBANK,05-FEB-2021,116.8,122.35,114.25,115.5,3079415,1155013,25209
DCM,05-FEB-2021,27.1,27.1,25.15,25.8,49478,33159,231
DCMSHRIRAM,05-FEB-2021,452.9,456.65,444.0,449.1,134821,93058,4338
DCW,05-FEB-2021,20.5,20.9,20.0,20.05,500686,374232,914
DECCANCE,05-FEB-2021,384.3,384.6,371.3,373.7,20757,10514,1094
DEEPAKFERT,05-FEB-2021,167.45,168.5,162.65,163.45,554597,288763,7663
DEEPAKNTR,05-FEB-2021,1034.45,1037.9,1009.05,1012.65,329802,101025,15638
DEEPENR,05-FEB-2021,41.65,42.25,41.3,41.6,20525,13091,291
DELTACORP,05-FEB-2021,155.25,155.55,148.05,149.2,1100704,437600,14965
DELTAMAGNT,05-FEB-2021,27.1,27.2,25.8,26.45,6241,4354,60
DEN,05-FEB-2021,62.2,62.3,59.6,60.2,293757,183437,3560
DENORA,05-FEB-2021,336.0,336.0,316.75,323.05,59521,33301,2197
DFMFOODS,05-FEB-2021,425.0,428.0,400.0,404.7,56736,34763,2303
DGCONTENT,05-FEB-2021,13.7,14.6,13.7,14.0,18521,14056,121
DHAMPURSUG,05-FEB-2021,170.8,172.4,167.8,168.85,325106,126476,3569
DHANBANK,05-FEB-2021,14.15,14.45,14.0,14.0,995311,482383,1399
DHANI,05-FEB-2021,344.25,352.0,338.0,343.0,444079,118445,14580
DHANUKA,05-FEB-2021,740.0,763.0,740.0,754.3,72939,38778,4056
DHARSUGAR,05-FEB-2021,5.55,5.9,5.05,5.6,18651,13940,65
DHFL,05-FEB-2021,17.4,17.4,17.4,17.4,606071,605813,3283
DHUNINV,05-FEB-2021,252.0,256.35,248.1,250.5,1954,1126,163
DIAMONDYD,05-FEB-2021,720.0,741.8,690.95,706.65,42093,30479,3833
DICIND,05-FEB-2021,391.3,401.3,390.4,397.45,4633,2439,260
DISHTV,05-FEB-2021,12.5,12.65,12.15,12.2,4749233,2586554,6872
DIVISLAB,05-FEB-2021,3699.0,3859.8,3665.05,3822.45,2152555,698423,127248
DIXON,05-FEB-2021,16225.0,16750.0,15700.0,16310.15,127818,67495,40771
DLF,05-FEB-2021,307.65,314.9,298.1,305.3,29462092,2324190,180195
DLINKINDIA,05-FEB-2021,107.9,108.6,105.6,105.9,139340,84905,2068
DMART,05-FEB-2021,2959.95,2987.0,2922.85,2946.05,349721,84603,35167
DNAMEDIA,05-FEB-2021,0.75,0.75,0.7,0.75,95922,85922,66
DOLAT,05-FEB-2021,58.6,59.55,57.3,58.05,99438,43745,1015
DOLLAR,05-FEB-2021,265.2,274.0,248.0,257.6,742880,329343,16704
DONEAR,05-FEB-2021,35.0,35.35,34.4,34.6,36052,22861,312
DPABHUSHAN,05-FEB-2021,99.45,100.65,97.85,98.5,1917,1786,27
DPSCLTD,05-FEB-2021,14.0,14.0,13.2,13.5,42239,38817,190
DPWIRES,05-FEB-2021,117.1,117.35,112.0,112.45,7894,5222,204
DREDGECORP,05-FEB-2021,298.6,304.4,292.0,293.7,77576,22061,5299
DRREDDY,05-FEB-2021,4685.0,4830.0,4625.65,4800.9,2407681,820492,144171
DSSL,05-FEB-2021,60.9,62.25,56.45,57.05,21803,11943,575
DTIL,05-FEB-2021,248.35,249.45,244.5,247.15,1813,1186,108
DUCON,05-FEB-2021,6.85,6.9,6.25,6.8,97045,71923,270
DVL,05-FEB-2021,73.7,76.75,73.5,75.25,26133,17548,536
DWARKESH,05-FEB-2021,28.1,28.35,27.65,27.75,952183,478206,2119
DYNAMATECH,05-FEB-2021,826.0,845.0,810.95,824.7,15807,9162,1206
DYNPRO,05-FEB-2021,305.9,343.7,300.35,330.8,369580,171439,9579
EBANK,05-FEB-2021,3853.78,3853.78,3551.0,3560.0,5,3,4
EBBETF0423,05-FEB-2021,1103.86,1104.0,1102.07,1102.07,4312,4292,89
EBBETF0425,05-FEB-2021,1019.0,1020.0,1018.05,1018.73,8222,7681,58
EBBETF0430,05-FEB-2021,1122.99,1122.99,1119.07,1119.94,21223,20018,106
EBBETF0431,05-FEB-2021,1010.0,1010.0,1004.03,1006.47,22059,13969,216
EBIXFOREX,05-FEB-2021,498.0,499.45,480.05,482.3,6479,3659,366
ECLERX,05-FEB-2021,1034.3,1041.1,995.6,1003.55,80586,45010,6095
EDELWEISS,05-FEB-2021,68.95,69.05,65.5,65.85,1411840,974331,8739
EICHERMOT,05-FEB-2021,2973.2,2990.0,2905.2,2932.15,915838,218871,47243
EIDPARRY,05-FEB-2021,341.1,352.0,340.55,342.6,340453,111691,7620
EIHAHOTELS,05-FEB-2021,284.8,284.8,272.0,275.6,13984,7427,733
EIHOTEL,05-FEB-2021,94.5,97.0,94.5,96.15,1045008,517293,7134
EIMCOELECO,05-FEB-2021,354.9,376.8,345.0,366.35,11489,7620,723
EKC,05-FEB-2021,65.5,65.5,58.2,60.55,1249351,549573,8278
ELECON,05-FEB-2021,49.85,50.05,47.25,48.15,154343,103108,2020
ELECTCAST,05-FEB-2021,22.5,22.85,22.0,22.5,653106,484013,1224
ELECTHERM,05-FEB-2021,112.4,112.4,108.0,108.7,33016,23826,511
ELGIEQUIP,05-FEB-2021,166.65,166.65,163.0,164.7,73235,35398,1626
ELGIRUBCO,05-FEB-2021,31.85,32.0,29.8,29.95,108164,71064,504
EMAMILTD,05-FEB-2021,504.45,514.95,486.0,502.7,643606,256655,26545
EMAMIPAP,05-FEB-2021,97.95,99.55,96.55,97.9,5624,3571,283
EMAMIREAL,05-FEB-2021,63.0,63.0,58.5,59.2,56050,32681,628
EMKAY,05-FEB-2021,70.85,72.5,64.1,67.05,107711,64563,1446
EMMBI,05-FEB-2021,91.25,91.5,86.15,86.5,40872,23482,833
ENDURANCE,05-FEB-2021,1454.05,1488.95,1446.5,1469.0,173019,108814,11383
ENGINERSIN,05-FEB-2021,75.0,75.8,74.05,74.35,1660295,870752,12445
ENIL,05-FEB-2021,156.05,160.3,153.6,155.2,52949,23941,1214
EPL,05-FEB-2021,223.4,223.4,213.5,214.0,561001,364963,15657
EQ30,05-FEB-2021,405.13,435.04,405.13,435.0,89,88,11
EQUITAS,05-FEB-2021,82.35,88.0,82.3,83.5,3805274,1193334,29048
EQUITASBNK,05-FEB-2021,44.0,45.25,43.65,45.0,1987525,1359788,14004
ERIS,05-FEB-2021,586.15,590.8,573.0,577.7,78986,27586,5533
EROSMEDIA,05-FEB-2021,25.1,25.5,24.5,24.8,466580,349493,1787
ESABINDIA,05-FEB-2021,2087.0,2121.5,1976.0,1994.8,10259,4601,1998
ESCORTS,05-FEB-2021,1415.65,1444.9,1391.0,1400.25,1644014,261774,58747
ESSARSHPNG,05-FEB-2021,10.2,10.2,9.55,9.55,32362,22108,224
ESTER,05-FEB-2021,108.7,108.7,105.65,106.45,223990,81390,4813
EUROTEXIND,05-FEB-2021,8.25,8.25,8.25,8.25,50,50,1
EVEREADY,05-FEB-2021,212.8,216.0,206.2,211.75,433279,217342,8094
EVERESTIND,05-FEB-2021,304.75,305.9,290.5,294.25,41592,19321,1462
EXCEL,05-FEB-2021,2.85,2.85,2.75,2.85,117369,94258,113
EXCELINDUS,05-FEB-2021,853.0,863.75,842.0,845.05,13353,6307,1326
EXIDEIND,05-FEB-2021,205.8,207.4,202.35,203.75,6370952,1821995,43112
EXPLEOSOL,05-FEB-2021,483.0,483.0,446.95,474.0,82144,43902,3119
FACT,05-FEB-2021,83.0,87.7,80.3,85.1,862650,248861,11068
FAIRCHEMOR,05-FEB-2021,605.0,605.0,589.0,596.95,14313,11338,402
FCL,05-FEB-2021,70.9,71.9,67.0,67.8,557484,314829,3584
FCONSUMER,05-FEB-2021,7.8,8.15,7.65,7.95,7582007,2756927,10357
FDC,05-FEB-2021,295.0,298.6,286.0,287.85,429194,208853,8012
FEDERALBNK,05-FEB-2021,85.5,87.25,82.85,83.2,37901726,8789016,79814
FEL,05-FEB-2021,9.95,11.2,9.95,10.7,7267071,3059591,7258
FELDVR,05-FEB-2021,12.5,14.25,12.2,13.25,173333,89305,616
FIEMIND,05-FEB-2021,644.7,646.95,615.45,623.2,49716,26939,2340
FILATEX,05-FEB-2021,62.75,62.75,60.0,60.65,217986,153051,1389
FINCABLES,05-FEB-2021,373.9,374.7,369.05,372.2,118104,62051,6076
FINEORG,05-FEB-2021,2431.0,2440.0,2398.0,2406.25,6478,3705,1550
FINPIPE,05-FEB-2021,688.5,694.95,673.0,678.2,312313,148109,12754
FLEXITUFF,05-FEB-2021,16.45,17.3,15.1,17.3,58912,37752,313
FLFL,05-FEB-2021,79.0,86.6,79.0,83.5,680114,296830,6257
FLUOROCHEM,05-FEB-2021,595.0,597.0,575.85,580.15,19573,11971,837
FMGOETZE,05-FEB-2021,285.0,294.25,278.0,281.2,182104,82314,4350
FMNL,05-FEB-2021,19.0,19.6,18.45,18.6,154792,85114,789
FORCEMOT,05-FEB-2021,1445.5,1454.7,1402.0,1408.05,40332,15817,4268
FORTIS,05-FEB-2021,172.5,173.0,164.1,167.5,2680143,1280025,18841
FOSECOIND,05-FEB-2021,1325.0,1325.0,1290.25,1293.05,1547,930,248
FRETAIL,05-FEB-2021,70.05,76.7,70.0,74.05,6235696,2424232,39671
FSC,05-FEB-2021,91.35,98.9,91.35,95.35,204636,100426,2737
FSL,05-FEB-2021,99.0,102.0,97.45,97.6,5305418,2682590,35992
G5,05-FEB-2021,47.51,47.51,47.25,47.25,240,193,11
GABRIEL,05-FEB-2021,115.6,119.25,115.6,117.95,355005,203972,4066
GAEL,05-FEB-2021,138.6,139.1,130.0,133.75,299219,201526,3160
GAIL,05-FEB-2021,132.2,132.7,127.5,128.2,16472506,4457744,71825
GAL,05-FEB-2021,2.95,2.95,2.75,2.85,51681,38101,79
GALAXYSURF,05-FEB-2021,2250.0,2253.05,2175.0,2186.75,13860,6962,2416
GALLANTT,05-FEB-2021,41.3,43.1,41.2,41.5,11669,8689,245
GALLISPAT,05-FEB-2021,39.55,39.55,37.6,38.35,17094,10262,219
GAMMNINFRA,05-FEB-2021,0.8,0.85,0.75,0.8,2020871,1144671,7394
GANDHITUBE,05-FEB-2021,267.3,296.4,267.3,291.55,39069,18969,1166
GANECOS,05-FEB-2021,495.0,495.0,473.25,482.6,755509,660738,6998
GANESHHOUC,05-FEB-2021,49.9,50.25,45.6,45.65,96329,61618,724
GANGESSECU,05-FEB-2021,54.85,65.8,54.85,65.8,60043,39412,825
GARFIBRES,05-FEB-2021,2256.9,2298.0,2251.1,2254.2,6174,2994,1412
GATI,05-FEB-2021,99.0,101.85,94.0,95.7,1622243,858883,17177
GAYAPROJ,05-FEB-2021,44.7,48.5,42.0,42.95,5707705,1756627,17174
GBGLOBAL,05-FEB-2021,6.7,7.35,6.7,7.35,2912,2445,25
GDL,05-FEB-2021,163.2,164.8,155.2,158.5,228697,135432,7509
GEECEE,05-FEB-2021,89.85,92.95,89.8,90.25,13097,4221,520
GEEKAYWIRE,05-FEB-2021,79.85,79.85,77.55,78.95,9568,9510,35
GENUSPAPER,05-FEB-2021,6.65,6.85,6.5,6.7,171252,134341,294
GENUSPOWER,05-FEB-2021,38.95,39.0,37.3,37.85,266521,116557,1351
GEOJITFSL,05-FEB-2021,54.0,54.45,53.55,53.75,271731,139038,1669
GEPIL,05-FEB-2021,294.0,296.7,288.85,291.15,265191,139153,5941
GESHIP,05-FEB-2021,262.8,266.35,259.7,261.85,130991,78411,2505
GET&D,05-FEB-2021,124.65,125.9,114.35,116.15,362469,222017,6215
GFLLIMITED,05-FEB-2021,88.45,88.45,85.25,85.85,85988,54550,867
GHCL,05-FEB-2021,213.5,215.85,208.4,209.85,165882,93847,2549
GICHSGFIN,05-FEB-2021,123.0,124.4,119.75,120.45,382845,181456,3910
GICRE,05-FEB-2021,141.45,141.65,138.0,138.45,301711,125138,3583
GILLANDERS,05-FEB-2021,46.3,50.7,45.0,48.2,16787,10971,280
GILLETTE,05-FEB-2021,6000.0,6000.0,5605.1,5659.15,43919,12978,7763
GINNIFILA,05-FEB-2021,20.3,20.3,19.0,19.25,85217,66854,367
GIPCL,05-FEB-2021,76.2,81.6,76.2,79.5,1209587,365740,10847
GISOLUTION,05-FEB-2021,2.5,2.7,2.5,2.6,1005,1005,7
GKWLIMITED,05-FEB-2021,512.0,525.35,512.0,516.0,1762,120,1607
GLAND,05-FEB-2021,2152.7,2312.0,2127.0,2293.7,389302,207651,27899
GLAXO,05-FEB-2021,1463.0,1472.0,1425.5,1430.15,88815,56310,8057
GLENMARK,05-FEB-2021,506.1,511.5,497.15,503.2,2182037,630339,43639
GLFL,05-FEB-2021,2.75,2.85,2.6,2.65,30244,21321,75
GLOBAL,05-FEB-2021,51.95,52.15,51.0,51.45,4847,3917,83
GLOBOFFS,05-FEB-2021,6.5,6.5,6.5,6.5,44864,44864,95
GLOBUSSPR,05-FEB-2021,394.75,397.7,384.0,386.9,98737,47591,2729
GMBREW,05-FEB-2021,445.0,473.0,429.0,440.3,224708,56240,7215
GMDCLTD,05-FEB-2021,61.0,61.2,59.2,59.4,1282506,552639,8106
GMMPFAUDLR,05-FEB-2021,3680.3,3719.95,3610.0,3679.7,45155,20673,8705
GMRINFRA,05-FEB-2021,26.95,27.1,26.0,26.15,18317417,5568218,23357
GNA,05-FEB-2021,387.3,389.9,375.25,376.85,47283,23497,2033
GNFC,05-FEB-2021,238.0,239.9,226.6,228.15,3311288,1515575,31089
GOACARBON,05-FEB-2021,265.0,279.4,261.0,267.75,58433,28257,2373
GOCLCORP,05-FEB-2021,236.0,246.5,234.45,237.45,16275,9722,682
GODFRYPHLP,05-FEB-2021,978.2,978.2,925.25,935.55,85739,37019,4855
GODHA,05-FEB-2021,36.65,36.65,35.0,35.0,51,51,8
GODREJAGRO,05-FEB-2021,531.0,531.65,505.3,508.2,343294,193511,17532
GODREJCP,05-FEB-2021,770.0,773.8,746.0,749.15,859569,256770,22699
GODREJIND,05-FEB-2021,462.5,468.6,457.95,463.9,1003813,835838,19649
GODREJPROP,05-FEB-2021,1340.4,1427.4,1336.05,1397.15,2880187,429669,86737
GOKEX,05-FEB-2021,81.5,82.9,80.05,80.4,79278,40892,2421
GOKUL,05-FEB-2021,20.65,21.15,20.35,20.4,74039,50214,542
GOKULAGRO,05-FEB-2021,25.5,25.5,24.0,24.3,111906,66826,662
GOLDBEES,05-FEB-2021,42.7,42.7,40.82,41.13,8879165,7151365,28577
GOLDENTOBC,05-FEB-2021,49.45,49.95,46.95,47.3,11023,6454,387
GOLDIAM,05-FEB-2021,213.95,222.9,213.3,218.75,89043,39196,2015
GOLDSHARE,05-FEB-2021,4285.0,4285.0,4235.15,4269.85,5016,3548,2049
GOLDTECH,05-FEB-2021,9.7,11.15,9.6,11.1,434390,238040,1075
GOODLUCK,05-FEB-2021,72.9,72.9,70.0,70.25,103075,58161,1356
GOODYEAR,05-FEB-2021,1001.1,1001.1,966.0,971.2,26485,13367,3562
GPIL,05-FEB-2021,541.0,543.0,513.55,518.35,205178,95177,7618
GPPL,05-FEB-2021,95.4,96.45,94.05,95.65,796724,534421,16944
GPTINFRA,05-FEB-2021,46.0,47.1,43.35,44.2,81271,45880,682
GRANULES,05-FEB-2021,350.0,350.0,335.7,336.85,1386733,683942,27995
GRAPHITE,05-FEB-2021,337.0,360.0,333.1,353.4,4558438,1307918,83601
GRASIM,05-FEB-2021,1188.5,1208.8,1173.0,1186.1,1636133,371641,58845
GRAVITA,05-FEB-2021,78.0,79.5,76.0,76.5,258732,128658,2423
GREAVESCOT,05-FEB-2021,89.6,90.2,85.65,86.6,1308901,683218,13838
GREENLAM,05-FEB-2021,916.85,935.7,908.85,924.75,31684,26304,2486
GREENPANEL,05-FEB-2021,200.0,203.0,191.45,192.7,124583,89492,2663
GREENPLY,05-FEB-2021,127.65,129.2,111.4,123.4,852362,393903,10014
GRINDWELL,05-FEB-2021,787.9,827.9,780.0,800.75,145426,75467,17949
GROBTEA,05-FEB-2021,859.0,859.0,832.6,838.05,479,336,80
GRPLTD,05-FEB-2021,820.0,850.0,800.05,820.55,3544,1055,641
GRSE,05-FEB-2021,190.0,191.75,184.8,185.75,105306,63896,2335
GSCLCEMENT,05-FEB-2021,38.0,38.0,36.7,37.0,184179,100695,1152
GSFC,05-FEB-2021,83.45,83.9,80.4,81.0,1292892,635294,6930
GSPL,05-FEB-2021,206.0,208.0,205.3,206.65,853760,541769,19401
GSS,05-FEB-2021,48.5,49.5,47.1,48.3,164723,71445,853
GTL,05-FEB-2021,7.1,7.2,6.8,6.95,183350,127037,562
GTLINFRA,05-FEB-2021,1.2,1.2,1.1,1.1,30446488,16948105,5712
GTNIND,05-FEB-2021,11.8,11.85,11.5,11.55,5429,5123,18
GTNTEX,05-FEB-2021,5.8,6.1,5.65,6.1,8708,8111,23
GTPL,05-FEB-2021,136.75,137.7,132.7,133.35,68803,39814,1725
GUFICBIO,05-FEB-2021,121.6,122.5,117.5,118.05,167178,132366,2384
GUJALKALI,05-FEB-2021,337.45,340.5,332.0,333.35,62760,28669,1870
GUJAPOLLO,05-FEB-2021,227.05,228.95,219.05,223.45,6068,3217,392
GUJGASLTD,05-FEB-2021,384.0,387.0,376.35,379.85,1498860,1231223,11071
GULFOILLUB,05-FEB-2021,693.45,730.0,676.5,694.45,33724,9088,2486
GULFPETRO,05-FEB-2021,44.45,44.45,42.25,42.75,40691,28063,511
GULPOLY,05-FEB-2021,99.5,99.9,95.5,96.0,136976,40613,2529
HAL,05-FEB-2021,980.0,1019.0,970.0,1013.35,1498037,604169,60385
HAPPSTMNDS,05-FEB-2021,351.0,357.0,349.9,351.1,805587,324677,19698
HARITASEAT,05-FEB-2021,614.95,679.8,595.1,657.45,85791,39915,5129
HARRMALAYA,05-FEB-2021,126.6,126.8,114.6,116.25,182777,103952,3783
HATHWAY,05-FEB-2021,30.9,31.4,30.0,30.4,560682,268497,4488
HATSUN,05-FEB-2021,718.0,729.0,715.5,724.0,40382,24452,2837
HAVELLS,05-FEB-2021,1140.0,1158.0,1106.35,1110.05,2156894,542301,64260
HBANKETF,05-FEB-2021,356.06,363.98,343.14,353.11,7316,4973,300
HBLPOWER,05-FEB-2021,36.3,36.55,35.5,35.65,367870,199181,2306
HCC,05-FEB-2021,8.4,8.5,8.2,8.25,1717980,1023812,2642
HCG,05-FEB-2021,156.8,157.8,154.05,156.7,42969,29417,758
HCL-INSYS,05-FEB-2021,9.95,10.1,9.5,9.6,1139723,698932,2331
HCLTECH,05-FEB-2021,960.8,963.9,940.05,946.15,4631703,1957789,104547
HDFC,05-FEB-2021,2724.5,2767.8,2696.2,2721.5,4575345,2285725,185133
HDFCAMC,05-FEB-2021,3025.55,3051.1,2934.45,2966.8,242841,112841,21978
HDFCBANK,05-FEB-2021,1548.0,1618.25,1548.0,1597.6,13527358,5044918,274934
HDFCLIFE,05-FEB-2021,682.6,684.95,672.4,681.55,2759333,1534420,125060
HDFCMFGETF,05-FEB-2021,4219.0,4233.95,4200.0,4225.05,10769,7665,1639
HDFCNIFETF,05-FEB-2021,1568.04,1580.39,1560.1,1563.17,2488,1947,174
HDFCSENETF,05-FEB-2021,5350.0,5423.94,5350.0,5368.18,142,104,60
HEG,05-FEB-2021,1066.95,1104.65,1042.0,1075.75,863707,148922,39171
HEIDELBERG,05-FEB-2021,240.0,241.0,235.15,239.25,299228,193963,6553
HERCULES,05-FEB-2021,131.55,132.5,126.45,126.8,56368,32183,1222
HERITGFOOD,05-FEB-2021,280.45,282.8,278.0,278.9,91503,62355,2185
HEROMOTOCO,05-FEB-2021,3500.0,3560.0,3366.0,3429.2,2719249,343824,155888
HESTERBIO,05-FEB-2021,1717.35,1746.0,1701.0,1703.3,9151,6788,789
HEXATRADEX,05-FEB-2021,43.05,43.25,39.3,42.75,19563,14867,98
HFCL,05-FEB-2021,26.7,27.4,25.8,26.95,15649779,5736788,20288
HGINFRA,05-FEB-2021,282.4,285.0,271.7,280.2,171582,79642,4807
HGS,05-FEB-2021,1246.95,1274.05,1226.0,1241.65,18076,10034,2115
HIKAL,05-FEB-2021,183.0,183.0,173.05,176.1,896975,449364,10939
HIL,05-FEB-2021,2870.0,2990.0,2805.35,2824.25,42922,19295,8995
HILTON,05-FEB-2021,12.05,12.4,12.05,12.15,3874,2655,72
HIMATSEIDE,05-FEB-2021,154.9,156.7,142.5,146.7,261517,120535,3587
HINDALCO,05-FEB-2021,264.0,266.0,255.9,262.05,12833374,2190252,86179
HINDCOMPOS,05-FEB-2021,301.85,304.0,297.0,300.6,8094,4929,473
HINDCOPPER,05-FEB-2021,73.8,76.2,70.0,71.0,8616697,3791854,37731
HINDNATGLS,05-FEB-2021,27.85,28.0,26.45,26.9,14013,10522,184
HINDOILEXP,05-FEB-2021,86.8,87.8,85.05,86.05,418262,210181,3361
HINDPETRO,05-FEB-2021,232.7,233.0,224.3,225.05,5956692,2269288,38033
HINDUNILVR,05-FEB-2021,2245.6,2285.0,2241.0,2269.55,4036942,2371338,135087
HINDZINC,05-FEB-2021,295.0,295.0,287.5,293.25,1113508,625169,13852
HIRECT,05-FEB-2021,156.0,157.0,151.25,152.6,21033,13896,466
HISARMETAL,05-FEB-2021,102.6,102.6,98.4,99.7,28937,19307,382
HITECH,05-FEB-2021,258.1,294.25,257.0,279.7,121094,68517,2241
HITECHCORP,05-FEB-2021,114.65,118.9,113.1,114.4,3866,3080,88
HITECHGEAR,05-FEB-2021,199.7,208.75,193.6,196.0,15749,9646,397
HLVLTD,05-FEB-2021,6.0,6.05,5.95,6.05,212396,165393,273
HMVL,05-FEB-2021,56.0,57.2,55.3,55.45,35910,24450,337
HNDFDS,05-FEB-2021,1575.1,1600.0,1542.05,1550.05,8373,4907,1622
HNGSNGBEES,05-FEB-2021,365.98,365.98,356.6,357.85,737,611,83
HOMEFIRST,05-FEB-2021,570.0,576.0,545.0,547.9,1179817,441570,47143
HONAUT,05-FEB-2021,42301.0,42495.0,41189.6,41837.95,8824,3888,4521
HONDAPOWER,05-FEB-2021,1080.0,1080.0,1048.05,1062.5,4067,2439,825
HOTELRUGBY,05-FEB-2021,1.2,1.3,1.2,1.2,2070,2070,4
HOVS,05-FEB-2021,40.8,42.5,40.4,41.1,10552,9615,171
HPL,05-FEB-2021,39.6,41.9,38.9,39.2,530188,308495,2531
HSCL,05-FEB-2021,48.2,48.55,46.75,47.25,1960419,860932,7552
HSIL,05-FEB-2021,181.95,188.0,171.1,172.85,544341,261262,9250
HTMEDIA,05-FEB-2021,17.65,17.8,17.2,17.25,137338,89849,515
HUDCO,05-FEB-2021,43.75,44.3,42.4,42.95,1858398,738907,5912
HUHTAMAKI,05-FEB-2021,304.7,308.1,304.1,304.95,24142,14657,865
IBMFNIFTY,05-FEB-2021,149.1,159.0,148.0,152.1,1043,422,88
IBREALEST,05-FEB-2021,84.7,85.4,80.6,82.55,4281453,1298138,19275
IBULHSGFIN,05-FEB-2021,223.95,225.85,213.0,215.3,14485162,2559975,94127
ICEMAKE,05-FEB-2021,77.95,77.95,72.05,76.9,14866,10828,265
ICICI500,05-FEB-2021,202.34,203.99,196.6,201.45,11928,11152,180
ICICIALPLV,05-FEB-2021,142.0,142.0,136.63,141.0,1982,1222,126
ICICIB22,05-FEB-2021,36.0,36.87,36.0,36.41,2998400,2250106,7139
ICICIBANK,05-FEB-2021,628.3,635.3,611.0,614.15,32015570,11570841,393296
ICICIBANKN,05-FEB-2021,340.3,363.27,340.3,353.14,7899,3548,588
ICICIBANKP,05-FEB-2021,191.5,195.0,186.0,188.16,104499,52012,496
ICICIGI,05-FEB-2021,1479.85,1487.2,1450.1,1467.75,784535,472408,56642
ICICIGOLD,05-FEB-2021,41.4,42.19,39.8,42.13,651234,598577,3167
ICICILIQ,05-FEB-2021,1000.0,1000.0,999.5,999.99,8624,6834,48
ICICILOVOL,05-FEB-2021,121.7,121.7,117.7,118.51,25396,22300,498
ICICIM150,05-FEB-2021,86.9,86.9,84.1,84.91,12047,8387,172
ICICIMCAP,05-FEB-2021,86.0,86.0,84.2,84.88,101820,78992,203
ICICINF100,05-FEB-2021,158.1,162.35,158.1,160.68,7167,4696,216
ICICINIFTY,05-FEB-2021,166.83,166.83,154.0,158.18,119490,52757,4796
ICICINV20,05-FEB-2021,77.0,78.0,75.76,76.46,16500,7267,534
ICICINXT50,05-FEB-2021,34.6,35.18,34.02,34.41,33226,23317,395
ICICIPRULI,05-FEB-2021,477.0,484.5,470.05,472.35,2196185,817392,61696
ICICISENSX,05-FEB-2021,552.19,552.19,540.02,546.21,789,452,100
ICICITECH,05-FEB-2021,261.95,261.95,253.7,255.5,11130,8754,300
ICIL,05-FEB-2021,135.95,136.8,122.85,124.2,484362,323469,7076
ICRA,05-FEB-2021,2849.85,2850.0,2765.0,2828.2,11871,4747,1203
IDBI,05-FEB-2021,30.95,31.45,29.2,29.95,18158666,8317148,24949
IDBIGOLD,05-FEB-2021,4398.0,4398.0,4315.05,4322.4,173,93,49
IDEA,05-FEB-2021,12.2,12.45,11.9,12.0,196604376,51695775,129120
IDFC,05-FEB-2021,44.25,45.2,42.75,43.1,8207123,4115924,15830
IDFCFIRSTB,05-FEB-2021,49.5,50.8,48.05,48.3,61029118,17022323,107371
IDFNIFTYET,05-FEB-2021,157.5,157.5,154.1,155.74,314,240,22
IEX,05-FEB-2021,259.5,264.7,254.2,259.95,2755483,1735131,50075
IFBAGRO,05-FEB-2021,460.0,463.65,447.1,450.65,10147,5054,844
IFBIND,05-FEB-2021,1410.0,1430.0,1303.9,1341.4,42225,22937,3594
IFCI,05-FEB-2021,9.2,9.55,9.05,9.1,4612522,2519457,40668
IFGLEXPOR,05-FEB-2021,249.0,257.2,243.1,244.95,46179,29450,1236
IGARASHI,05-FEB-2021,333.0,337.9,323.4,327.35,105844,55974,4544
IGL,05-FEB-2021,549.3,550.1,535.1,537.0,852355,205254,29612
IGPL,05-FEB-2021,449.9,470.35,436.0,437.95,174309,107054,6617
IIFL,05-FEB-2021,200.0,212.9,197.65,198.7,724153,273055,12130
IIFLSEC,05-FEB-2021,48.0,48.8,47.9,48.4,611884,455463,1811
IIFLWAM,05-FEB-2021,1107.0,1145.0,1067.9,1130.5,305446,253119,24187
IITL,05-FEB-2021,63.9,64.7,62.35,64.4,276,201,13
IMAGICAA,05-FEB-2021,5.55,5.65,5.3,5.6,79879,67809,178
IMFA,05-FEB-2021,477.7,481.4,456.5,467.8,79623,35125,2934
IMPAL,05-FEB-2021,562.3,563.85,550.1,555.05,1705,1403,160
INDBANK,05-FEB-2021,12.85,12.85,11.35,11.65,417592,211660,1278
INDHOTEL,05-FEB-2021,120.6,121.4,118.7,119.3,1436539,696453,12165
INDIACEM,05-FEB-2021,173.85,178.0,169.35,171.35,3596080,1061033,25455
INDIAGLYCO,05-FEB-2021,428.6,437.8,418.5,433.0,213170,104878,5404
INDIAMART,05-FEB-2021,9350.0,9950.0,9350.0,9780.9,528242,95476,114650
INDIANB,05-FEB-2021,119.65,137.0,119.1,127.75,36199779,5307082,171493
INDIANCARD,05-FEB-2021,134.0,148.9,134.0,137.5,7260,4453,196
INDIANHUME,05-FEB-2021,202.65,202.95,195.0,197.55,32381,17786,1063
INDIGO,05-FEB-2021,1692.85,1732.4,1667.5,1680.85,1716622,354495,56487
INDIGOPNTS,05-FEB-2021,2866.0,2900.0,2603.0,2630.05,587315,181430,103675
INDLMETER,05-FEB-2021,16.1,19.35,16.1,17.7,2729,2398,77
INDNIPPON,05-FEB-2021,368.05,373.45,350.1,351.9,28471,19098,1378
INDOCO,05-FEB-2021,323.25,323.25,314.0,315.75,45704,24216,1841
INDORAMA,05-FEB-2021,33.25,33.55,31.5,32.25,125623,107040,499
INDOSTAR,05-FEB-2021,359.0,360.0,325.3,341.75,61644,31020,2572
INDOTECH,05-FEB-2021,101.0,105.65,100.85,101.4,6507,3178,170
INDRAMEDCO,05-FEB-2021,55.8,55.8,54.1,54.4,141868,74231,1137
INDSWFTLAB,05-FEB-2021,70.45,71.7,68.75,69.5,71592,49986,585
INDUSINDBK,05-FEB-2021,1045.0,1085.0,1016.3,1025.1,19524257,2762320,354818
INDUSTOWER,05-FEB-2021,256.0,256.3,246.8,254.05,7472097,4455346,81278
INEOSSTYRO,05-FEB-2021,998.65,1014.45,986.25,1002.65,15135,9964,891
INFIBEAM,05-FEB-2021,83.0,83.4,81.25,82.75,335976,143604,6570
INFOBEAN,05-FEB-2021,139.65,139.65,136.55,138.9,15796,11587,318
INFOMEDIA,05-FEB-2021,2.95,3.05,2.85,2.85,13742,12271,31
INFRABEES,05-FEB-2021,428.89,428.89,415.01,417.19,4740,4189,125
INFY,05-FEB-2021,1286.4,1288.75,1262.0,1272.1,5477481,2774704,176339
INGERRAND,05-FEB-2021,746.1,749.85,732.0,742.7,19384,7727,2307
INOXLEISUR,05-FEB-2021,334.1,335.0,328.95,330.2,1079634,427638,16666
INOXWIND,05-FEB-2021,66.0,68.45,64.7,66.5,255614,79866,3079
INSECTICID,05-FEB-2021,515.0,537.85,455.5,469.15,388718,127408,12522
INSPIRISYS,05-FEB-2021,36.4,36.8,33.55,33.95,12788,10100,218
INTEGRA,05-FEB-2021,1.3,1.3,1.3,1.3,2414,2414,8
INTELLECT,05-FEB-2021,421.75,459.0,385.35,450.1,2659382,923922,78731
INTENTECH,05-FEB-2021,40.0,41.65,39.5,40.0,50593,35111,485
INVENTURE,05-FEB-2021,16.8,16.95,16.4,16.55,30073,14881,168
IOB,05-FEB-2021,12.0,12.25,11.35,11.45,20912440,7998289,15846
IOC,05-FEB-2021,104.5,104.6,102.05,102.4,31422905,10751501,69926
IOLCP,05-FEB-2021,709.9,712.6,690.1,693.8,148349,66974,6681
IPCALAB,05-FEB-2021,2009.0,2029.1,1905.6,1932.1,309427,143826,25012
IRB,05-FEB-2021,109.9,110.4,107.5,107.75,709716,400331,7129
IRCON,05-FEB-2021,86.25,86.75,85.3,85.65,583949,338403,13964
IRCTC,05-FEB-2021,1549.7,1568.0,1515.0,1555.0,3005886,945750,141932
IRFC,05-FEB-2021,25.6,26.2,25.55,25.7,56318695,25712230,95724
ISEC,05-FEB-2021,417.95,421.95,411.05,413.7,903512,523801,23788
ISFT,05-FEB-2021,72.15,72.45,67.25,67.25,11446,9131,220
ISMTLTD,05-FEB-2021,11.45,11.85,10.75,11.7,473025,321069,623
ITC,05-FEB-2021,232.15,238.85,227.25,234.35,125490301,30643189,462141
ITDC,05-FEB-2021,304.0,305.0,298.9,299.95,20712,10040,991
ITDCEM,05-FEB-2021,70.0,70.45,67.0,67.35,499946,241216,4955
ITI,05-FEB-2021,127.5,127.85,125.15,125.6,281173,112811,3147
IVC,05-FEB-2021,4.75,4.75,4.6,4.65,134688,83234,270
IVP,05-FEB-2021,81.0,81.0,79.15,79.2,1518,1496,21
IVZINGOLD,05-FEB-2021,4302.15,4305.15,4250.0,4300.05,75,62,34
IZMO,05-FEB-2021,47.1,47.95,46.0,46.7,14578,9730,267
J&KBANK,05-FEB-2021,31.55,32.45,29.65,30.15,7370485,4266179,12956
JAGRAN,05-FEB-2021,44.0,44.4,42.9,43.1,211129,122796,1279
JAGSNPHARM,05-FEB-2021,75.25,76.85,74.45,74.85,53953,33756,577
JAICORPLTD,05-FEB-2021,92.15,92.75,89.55,89.9,546399,160194,3890
JAMNAAUTO,05-FEB-2021,68.65,73.9,67.0,70.5,8878276,2122869,39678
JASH,05-FEB-2021,285.65,289.1,273.6,278.8,9868,6079,409
JAYAGROGN,05-FEB-2021,142.25,144.8,138.0,138.35,17029,12435,407
JAYBARMARU,05-FEB-2021,263.45,264.3,256.55,259.15,31486,17816,757
JAYNECOIND,05-FEB-2021,5.75,5.75,5.6,5.65,65001,62939,102
JAYSREETEA,05-FEB-2021,68.4,68.6,65.8,66.25,153303,99481,1580
JBCHEPHARM,05-FEB-2021,1012.9,1047.0,1002.75,1008.8,144694,86496,15076
JBFIND,05-FEB-2021,14.0,14.65,13.05,13.75,149038,79885,558
JBMA,05-FEB-2021,417.0,417.9,403.0,409.55,60532,26007,2573
JCHAC,05-FEB-2021,2614.0,2628.7,2550.0,2559.7,14865,12293,1599
JHS,05-FEB-2021,32.85,32.85,31.4,32.8,602862,490518,965
JINDALPHOT,05-FEB-2021,30.6,32.0,30.6,31.25,11546,10013,176
JINDALPOLY,05-FEB-2021,480.0,482.0,472.0,476.3,38721,19695,2439
JINDALSAW,05-FEB-2021,78.25,78.9,75.3,75.7,868744,418122,4840
JINDALSTEL,05-FEB-2021,291.35,301.05,280.5,299.2,14614529,2389268,112598
JINDRILL,05-FEB-2021,84.05,88.25,84.0,86.6,35548,23610,790
JINDWORLD,05-FEB-2021,63.9,63.9,61.5,62.85,275814,73843,3324
JISLJALEQS,05-FEB-2021,20.25,20.5,19.6,19.7,1763161,1063934,2528
JKCEMENT,05-FEB-2021,2297.5,2299.0,2225.0,2238.1,131481,67825,10664
JKIL,05-FEB-2021,169.4,174.0,166.35,169.05,368514,220066,5274
JKLAKSHMI,05-FEB-2021,359.7,361.0,347.65,350.1,397651,227010,8877
JKPAPER,05-FEB-2021,135.35,136.0,132.3,133.5,1498795,502583,12265
JKTYRE,05-FEB-2021,136.0,136.9,130.0,131.75,3052361,1239734,24370
JMA,05-FEB-2021,34.9,35.25,34.8,34.85,10341,9711,74
JMCPROJECT,05-FEB-2021,75.45,76.95,72.25,75.75,417160,218179,3334
JMFINANCIL,05-FEB-2021,87.2,87.65,84.2,84.95,622070,254372,4375
JOCIL,05-FEB-2021,170.0,179.0,170.0,178.3,35717,22156,726
JPASSOCIAT,05-FEB-2021,7.0,7.05,6.75,6.75,4641945,3531881,9389
JPINFRATEC,05-FEB-2021,1.95,1.95,1.85,1.85,1302349,799087,629
JPPOWER,05-FEB-2021,2.8,2.85,2.7,2.75,9719331,7280485,5502
JSL,05-FEB-2021,81.7,82.7,75.25,76.45,3064996,1369065,13695
JSLHISAR,05-FEB-2021,131.5,131.8,124.5,126.4,420945,204801,4386
JSWENERGY,05-FEB-2021,72.65,72.65,70.0,70.8,2930517,1713297,9957
JSWHL,05-FEB-2021,3724.55,3762.0,3700.2,3755.95,10557,10137,381
JSWISPL,05-FEB-2021,28.7,28.7,27.05,27.4,386509,221503,1098
JSWSTEEL,05-FEB-2021,403.0,406.6,389.15,402.2,9008833,949189,76433
JTEKTINDIA,05-FEB-2021,91.1,92.2,87.0,88.15,418127,246558,9756
JUBLFOOD,05-FEB-2021,2830.0,2849.5,2736.5,2750.25,900608,229175,55679
JUBLINDS,05-FEB-2021,246.8,246.8,228.6,232.05,103800,56581,2668
JUMPNET,05-FEB-2021,11.65,11.65,11.55,11.65,2305120,919816,2289
JUNIORBEES,05-FEB-2021,365.0,365.0,322.5,353.02,66604,41150,3167
JUSTDIAL,05-FEB-2021,628.35,629.8,611.95,614.9,600186,125460,19038
JYOTHYLAB,05-FEB-2021,158.3,159.5,153.35,155.6,397283,224355,5874
KABRAEXTRU,05-FEB-2021,113.0,119.55,109.35,114.15,192202,104373,3199
KAJARIACER,05-FEB-2021,899.4,909.4,880.0,899.45,309222,157792,18079
KAKATCEM,05-FEB-2021,170.3,171.75,164.5,166.1,16749,10616,700
KALPATPOWR,05-FEB-2021,367.0,371.95,349.85,364.05,1043659,754533,12251
KAMATHOTEL,05-FEB-2021,36.6,37.5,36.1,36.35,42511,29365,353
KAMDHENU,05-FEB-2021,128.7,130.4,120.0,122.6,111607,56510,1927
KANANIIND,05-FEB-2021,4.4,4.45,3.85,4.05,24646,6269,62
KANPRPLA,05-FEB-2021,125.0,125.0,120.0,123.75,11249,8951,409
KANSAINER,05-FEB-2021,588.9,592.4,575.0,585.35,213833,138737,7324
KARDA,05-FEB-2021,105.3,108.0,104.9,105.0,25570,7615,234
KARURVYSYA,05-FEB-2021,49.05,54.4,49.0,53.05,17898911,8123406,61348
KAUSHALYA,05-FEB-2021,1.7,1.8,1.65,1.8,3915,3915,24
KAYA,05-FEB-2021,336.0,341.0,325.95,336.15,31834,15255,1038
KCP,05-FEB-2021,79.4,82.4,77.1,78.9,2715711,853685,18557
KCPSUGIND,05-FEB-2021,15.5,16.1,15.3,16.05,440583,248665,990
KDDL,05-FEB-2021,246.45,246.55,238.0,241.4,1878,1684,79
KEC,05-FEB-2021,415.35,420.4,406.8,408.5,387176,198419,12839
KECL,05-FEB-2021,15.1,15.1,13.85,14.45,131671,75559,562
KEERTI,05-FEB-2021,28.0,29.7,26.5,26.7,284245,40075,1601
KEI,05-FEB-2021,484.9,494.0,481.0,486.8,108317,43169,9653
KELLTONTEC,05-FEB-2021,77.5,83.0,77.0,80.2,5260586,2013846,13332
KENNAMET,05-FEB-2021,954.0,976.5,943.05,970.35,9288,6570,669
KESORAMIND,05-FEB-2021,66.65,67.15,64.1,64.75,463893,224005,3183
KEYFINSERV,05-FEB-2021,65.15,67.1,65.15,65.3,1948,1734,69
KHADIM,05-FEB-2021,127.05,136.8,127.05,134.5,451249,255174,7531
KHAICHEM,05-FEB-2021,28.65,29.4,26.6,27.2,389215,167215,3948
KHANDSE,05-FEB-2021,14.75,14.85,13.95,14.4,1398,1243,20
KICL,05-FEB-2021,1553.0,1576.8,1536.35,1554.3,1261,924,275
KILITCH,05-FEB-2021,90.55,91.5,89.0,89.5,2815,2362,113
KINGFA,05-FEB-2021,669.0,673.75,612.65,629.55,29595,15576,1881
KIOCL,05-FEB-2021,135.4,135.4,130.0,131.2,26671,16412,789
KIRIINDUS,05-FEB-2021,475.0,483.3,470.5,473.3,56633,22927,2313
KIRLFER,05-FEB-2021,150.0,150.0,145.4,147.25,80875,64399,1370
KIRLOSBROS,05-FEB-2021,156.85,164.9,152.15,159.5,715232,305396,10561
KIRLOSENG,05-FEB-2021,138.05,147.3,136.6,142.25,1258729,630302,13300
KIRLOSIND,05-FEB-2021,843.7,925.0,843.7,899.9,6752,5475,560
KITEX,05-FEB-2021,108.4,109.7,107.0,107.95,115350,61463,1301
KKCL,05-FEB-2021,932.0,932.0,895.0,895.65,2254,1665,311
KMSUGAR,05-FEB-2021,10.6,10.95,10.45,10.65,162868,80169,362
KNRCON,05-FEB-2021,230.15,231.85,207.9,211.15,2856288,1545375,37816
KOKUYOCMLN,05-FEB-2021,64.75,64.8,63.0,63.15,154697,69879,2307
KOLTEPATIL,05-FEB-2021,277.0,281.95,263.75,270.4,1301289,342252,23499
KOPRAN,05-FEB-2021,128.0,134.6,124.2,128.35,1194115,329336,15262
KOTAKBANK,05-FEB-2021,1915.0,1998.5,1913.15,1982.7,16268336,6485686,233945
KOTAKBKETF,05-FEB-2021,324.2,370.0,324.2,360.75,790246,735054,3230
KOTAKGOLD,05-FEB-2021,417.4,417.4,410.0,412.05,158303,122767,2809
KOTAKNIFTY,05-FEB-2021,154.73,156.49,152.0,155.17,60961,48452,698
KOTAKNV20,05-FEB-2021,78.5,79.3,76.1,77.64,11047,7697,143
KOTAKPSUBK,05-FEB-2021,216.0,244.39,215.0,224.21,322644,249376,2915
KOTARISUG,05-FEB-2021,20.9,22.0,19.8,21.15,536761,354508,660
KOTHARIPET,05-FEB-2021,24.3,24.9,23.0,23.15,124274,38406,844
KOTHARIPRO,05-FEB-2021,73.55,78.85,73.55,75.05,8958,5171,293
KPITTECH,05-FEB-2021,136.1,139.9,132.1,132.65,847117,465046,18367
KPRMILL,05-FEB-2021,931.0,938.6,914.0,921.4,42329,28438,3432
KRBL,05-FEB-2021,206.1,207.0,196.25,200.6,652554,403590,10127
KREBSBIO,05-FEB-2021,118.35,119.75,111.0,112.65,28381,21491,702
KRIDHANINF,05-FEB-2021,4.05,4.3,3.85,4.0,120750,66938,265
KRISHANA,05-FEB-2021,70.95,71.0,68.25,70.0,182,155,15
KSB,05-FEB-2021,659.95,679.05,652.1,658.55,29517,20193,2313
KSCL,05-FEB-2021,568.8,569.3,557.0,559.55,172373,94862,7079
KSL,05-FEB-2021,288.0,293.0,281.9,285.25,146890,55169,3856
KTKBANK,05-FEB-2021,66.25,70.45,66.25,67.65,9558401,2959225,33741
KUANTUM,05-FEB-2021,58.55,59.9,57.0,59.15,97186,29465,1038
KWALITY,05-FEB-2021,2.8,2.8,2.7,2.7,518125,313766,583
L&TFH,05-FEB-2021,94.0,94.55,89.9,90.5,16360084,4357662,66772
LALPATHLAB,05-FEB-2021,2478.0,2478.95,2387.0,2396.35,116656,46874,12503
LAMBODHARA,05-FEB-2021,46.5,49.85,46.5,48.75,48433,34268,500
LAOPALA,05-FEB-2021,216.5,217.95,214.45,215.25,121823,70467,3276
LASA,05-FEB-2021,83.3,84.1,79.0,79.75,122763,73869,1876
LAURUSLABS,05-FEB-2021,348.5,349.65,341.1,341.75,1911346,930607,28644
LAXMIMACH,05-FEB-2021,6038.0,6049.95,5825.05,5957.2,8268,4578,2798
LEMONTREE,05-FEB-2021,43.35,43.4,42.25,43.0,1518510,883537,7181
LFIC,05-FEB-2021,89.0,89.55,73.65,86.3,14746,7798,175
LGBBROSLTD,05-FEB-2021,333.5,339.05,318.25,325.6,124915,91608,2060
LGBFORGE,05-FEB-2021,3.5,3.7,3.45,3.65,58497,43704,116
LIBERTSHOE,05-FEB-2021,144.8,146.8,142.6,145.2,94210,33353,1929
LICHSGFIN,05-FEB-2021,457.0,458.4,431.05,433.2,8966900,1725953,99061
LICNETFGSC,05-FEB-2021,22.49,22.49,21.55,21.7,23554,19547,167
LICNETFN50,05-FEB-2021,163.0,163.0,155.95,158.97,2732,1617,273
LICNETFSEN,05-FEB-2021,533.75,560.0,515.9,530.08,710,532,148
LICNFNHGP,05-FEB-2021,153.95,155.9,149.1,153.15,700,451,92
LIKHITHA,05-FEB-2021,224.9,225.0,210.15,212.75,170609,73004,5035
LINCOLN,05-FEB-2021,221.6,221.6,216.6,218.3,149595,111373,1862
LINCPEN,05-FEB-2021,184.0,184.0,174.95,175.35,1993,1451,145
LINDEINDIA,05-FEB-2021,990.0,990.0,969.65,985.15,32003,23861,1492
LIQUIDBEES,05-FEB-2021,998.3,1001.9,998.3,1000.0,1173768,898921,4952
LIQUIDETF,05-FEB-2021,999.99,1000.01,999.99,1000.0,15846,8338,97
LOTUSEYE,05-FEB-2021,35.45,35.9,35.4,35.5,6561,4999,47
LOVABLE,05-FEB-2021,87.0,93.45,85.15,86.65,58305,35908,1572
LSIL,05-FEB-2021,1.0,1.05,1.0,1.0,3305752,2088227,1555
LT,05-FEB-2021,1534.4,1547.0,1511.1,1516.5,3270494,938028,133202
LTI,05-FEB-2021,4301.0,4320.0,4118.6,4124.65,142196,77179,32606
LTTS,05-FEB-2021,2624.0,2760.0,2620.05,2727.65,345565,143201,33332
LUMAXIND,05-FEB-2021,1412.3,1430.0,1405.0,1418.1,7269,5364,805
LUMAXTECH,05-FEB-2021,130.9,130.9,123.0,126.2,123477,79322,2015
LUPIN,05-FEB-2021,1059.4,1081.9,1042.85,1069.85,3230271,692594,72301
LUXIND,05-FEB-2021,1671.0,1687.45,1660.1,1670.3,45336,11228,1870
LYPSAGEMS,05-FEB-2021,4.45,4.9,4.1,4.4,18401,13444,74
M&M,05-FEB-2021,879.9,881.7,841.2,865.5,15668083,2269089,276241
M&MFIN,05-FEB-2021,183.0,184.5,175.6,176.95,8252129,2532589,66058
M100,05-FEB-2021,23.66,23.89,23.4,23.53,108499,72203,1046
M50,05-FEB-2021,147.3,147.3,143.35,144.95,2073,1801,49
MAANALU,05-FEB-2021,111.0,117.05,111.0,114.95,53062,24520,1255
MADHAV,05-FEB-2021,54.1,54.1,52.1,52.4,20865,13674,366
MADHUCON,05-FEB-2021,5.45,5.55,4.8,5.25,42054,28720,162
MAESGETF,05-FEB-2021,25.95,28.34,25.1,25.32,8829,3105,104
MAGADSUGAR,05-FEB-2021,112.15,112.5,108.1,109.6,5893,2916,165
MAGMA,05-FEB-2021,57.15,60.55,55.6,58.65,2059677,1234838,7240
MAGNUM,05-FEB-2021,4.2,4.55,4.15,4.35,130902,92860,139
MAHABANK,05-FEB-2021,16.2,16.85,16.05,16.15,11760190,4690422,12100
MAHASTEEL,05-FEB-2021,115.4,115.4,107.45,112.05,11342,4961,396
MAHEPC,05-FEB-2021,157.6,157.6,152.55,153.2,156702,85438,2887
MAHESHWARI,05-FEB-2021,88.0,90.1,87.0,88.4,90766,61958,865
MAHINDCIE,05-FEB-2021,166.0,166.75,160.8,162.35,60170,32009,1292
MAHLIFE,05-FEB-2021,419.9,462.0,412.25,456.95,310909,116804,9151
MAHLOG,05-FEB-2021,489.9,509.4,488.1,500.6,139476,52626,7709
MAHSCOOTER,05-FEB-2021,3890.0,3972.5,3831.0,3859.4,12157,5762,2215
MAHSEAMLES,05-FEB-2021,294.9,295.4,282.95,283.75,39592,25360,1544
MAITHANALL,05-FEB-2021,629.0,634.9,621.9,629.95,21617,11760,1151
MALUPAPER,05-FEB-2021,27.55,28.75,26.75,27.4,10886,6741,151
MAN50ETF,05-FEB-2021,165.0,165.0,151.25,151.75,72128,67334,279
MANAKALUCO,05-FEB-2021,9.65,9.65,9.0,9.15,19087,17869,134
MANAKCOAT,05-FEB-2021,10.3,10.5,9.8,10.35,160764,118737,225
MANAKSIA,05-FEB-2021,54.25,55.4,53.05,53.35,29049,17322,408
MANAKSTEEL,05-FEB-2021,21.85,22.4,21.0,21.4,47859,32593,247
MANALIPETC,05-FEB-2021,37.6,38.8,36.8,38.1,1413828,802955,4411
MANAPPURAM,05-FEB-2021,183.7,184.7,176.35,176.9,4731720,1162426,34175
MANGALAM,05-FEB-2021,144.0,146.9,131.05,132.75,199561,94392,3511
MANGCHEFER,05-FEB-2021,55.0,61.05,54.6,59.2,2425796,1253986,10852
MANGLMCEM,05-FEB-2021,250.55,252.8,243.35,250.5,49270,23550,1369
MANGTIMBER,05-FEB-2021,9.9,9.9,9.3,9.3,4758,4082,50
MANINDS,05-FEB-2021,81.0,81.4,77.95,78.65,209271,111118,2695
MANINFRA,05-FEB-2021,37.0,38.25,36.3,37.0,1404522,588246,3981
MANUGRAPH,05-FEB-2021,12.65,12.65,12.0,12.15,6770,4699,58
MANXT50,05-FEB-2021,340.0,340.0,335.61,335.9,7364,5796,94
MARATHON,05-FEB-2021,77.95,78.45,75.05,76.5,122907,104565,474
MARICO,05-FEB-2021,415.35,416.9,406.0,408.2,1683298,461465,19986
MARINE,05-FEB-2021,231.6,234.0,229.95,230.7,26046,3321,332
MARKSANS,05-FEB-2021,58.4,59.35,58.1,58.9,1082546,750312,5157
MARUTI,05-FEB-2021,7680.0,7736.0,7461.0,7494.15,1128089,328854,116860
MASFIN,05-FEB-2021,920.0,923.0,901.5,903.45,18683,14162,1516
MASTEK,05-FEB-2021,1182.0,1197.55,1182.0,1185.05,103696,54323,4564
MATRIMONY,05-FEB-2021,874.0,897.0,845.0,854.15,54425,36426,2793
MAWANASUG,05-FEB-2021,31.6,32.1,31.0,31.15,36974,25332,379
MAXHEALTH,05-FEB-2021,176.8,182.0,173.05,179.2,625277,389859,8171
MAXIND,05-FEB-2021,62.45,62.5,61.5,61.9,130641,82001,746
MAXVIL,05-FEB-2021,51.3,52.55,50.9,51.25,102379,49704,690
MAYURUNIQ,05-FEB-2021,299.0,331.0,297.45,319.0,495625,321220,8300
MAZDA,05-FEB-2021,568.65,599.0,568.65,582.05,27590,12649,1475
MAZDOCK,05-FEB-2021,221.15,222.9,217.0,219.1,572071,215733,8287
MBLINFRA,05-FEB-2021,19.95,19.95,19.5,19.8,162072,111782,439
MCDHOLDING,05-FEB-2021,32.0,34.5,31.4,34.4,156474,78056,819
MCDOWELL-N,05-FEB-2021,594.6,594.6,579.05,580.7,1793709,502992,52433
MCL,05-FEB-2021,98.85,98.85,89.35,93.1,57608,32974,509
MCLEODRUSS,05-FEB-2021,18.85,19.0,18.5,18.7,125666,91848,508
MCX,05-FEB-2021,1599.95,1617.95,1572.0,1585.25,198076,60918,13300
MEGASOFT,05-FEB-2021,11.1,11.15,10.9,11.05,27071,21282,160
MEGH,05-FEB-2021,86.4,86.6,84.0,85.1,791437,364975,5658
MENONBE,05-FEB-2021,53.7,54.9,52.85,53.35,49218,36552,512
MEP,05-FEB-2021,17.45,17.6,17.05,17.5,197894,136412,584
METROPOLIS,05-FEB-2021,2275.0,2295.0,2150.0,2166.1,41888,14360,6426
MFSL,05-FEB-2021,725.0,727.4,705.7,715.8,800166,178981,18152
MGEL,05-FEB-2021,44.05,48.4,44.05,46.45,5207,4233,40
MGL,05-FEB-2021,1108.0,1121.0,1075.1,1083.0,556310,166966,22987
MHRIL,05-FEB-2021,236.65,241.9,234.0,235.75,66711,36769,1849
MIDHANI,05-FEB-2021,196.0,197.8,187.8,189.45,1171540,558479,14828
MINDACORP,05-FEB-2021,100.2,100.65,95.8,96.25,1013462,478649,6707
MINDAIND,05-FEB-2021,515.4,579.45,515.0,551.9,2069370,390613,63683
MINDTECK,05-FEB-2021,47.75,47.75,43.7,45.0,14371,10781,234
MINDTREE,05-FEB-2021,1718.0,1721.75,1679.0,1683.75,461216,114183,24327
MIRCELECTR,05-FEB-2021,11.25,11.55,10.9,11.5,440682,344129,540
MIRZAINT,05-FEB-2021,52.45,53.0,52.0,52.35,465295,236138,2370
MITTAL,05-FEB-2021,11.2,11.2,10.8,10.9,111428,82259,372
MMFL,05-FEB-2021,521.6,523.05,500.9,507.85,5661,2431,550
MMP,05-FEB-2021,88.0,92.0,86.0,90.45,24759,17773,226
MMTC,05-FEB-2021,29.65,29.7,28.6,28.75,1505760,538305,4354
MOHITIND,05-FEB-2021,6.5,6.6,6.05,6.6,5310,2766,51
MOIL,05-FEB-2021,142.8,144.0,141.3,141.6,250310,128189,3476
MOLDTECH,05-FEB-2021,47.95,48.9,46.95,47.15,14388,10660,174
MOLDTKPAC,05-FEB-2021,350.0,350.0,337.75,345.85,38177,23216,1396
MONTECARLO,05-FEB-2021,234.7,245.0,233.0,243.2,83017,53816,3556
MORARJEE,05-FEB-2021,11.75,13.25,11.75,12.35,12548,10530,93
MOREPENLAB,05-FEB-2021,29.95,30.25,29.2,29.4,1623630,881759,3863
MOTHERSUMI,05-FEB-2021,159.05,160.35,153.8,156.35,8334304,2104741,55548
MOTILALOFS,05-FEB-2021,638.0,648.0,619.35,623.1,103481,57595,4658
MOTOGENFIN,05-FEB-2021,19.3,21.6,19.05,19.3,7333,2583,79
MPHASIS,05-FEB-2021,1597.0,1610.95,1556.0,1574.6,573788,408461,45445
MPSLTD,05-FEB-2021,448.45,460.0,443.45,446.35,9277,5697,743
MRF,05-FEB-2021,93318.3,93566.95,90272.15,90693.05,49120,5393,26166
MRPL,05-FEB-2021,36.45,36.45,35.1,35.4,1187531,503684,4306
MSPL,05-FEB-2021,7.4,7.4,7.1,7.25,15886,12835,88
MSTCLTD,05-FEB-2021,269.55,311.0,265.35,302.75,3470461,657482,89582
MTEDUCARE,05-FEB-2021,9.0,9.0,8.75,8.75,46338,29488,257
MTNL,05-FEB-2021,13.1,13.25,12.8,12.85,1185187,631171,1898
MUKANDENGG,05-FEB-2021,12.25,12.3,11.4,11.65,4620,3524,71
MUKANDLTD,05-FEB-2021,66.15,69.0,66.1,66.55,59715,45370,665
MUKTAARTS,05-FEB-2021,32.7,32.7,31.1,31.15,7458,3935,83
MUNJALAU,05-FEB-2021,61.5,61.95,59.1,59.7,330443,116002,3619
MUNJALSHOW,05-FEB-2021,154.9,154.9,149.25,150.3,286014,153238,5668
MURUDCERA,05-FEB-2021,22.6,22.6,21.25,21.65,109332,62342,693
MUTHOOTCAP,05-FEB-2021,404.2,404.2,392.0,398.05,35502,20137,1523
MUTHOOTFIN,05-FEB-2021,1192.5,1194.8,1155.5,1164.1,1726460,906638,45105
N100,05-FEB-2021,994.9,994.9,971.0,978.35,34058,20140,1836
NACLIND,05-FEB-2021,43.7,43.7,40.15,40.55,188081,141989,1144
NAGREEKCAP,05-FEB-2021,7.0,7.0,7.0,7.0,45,45,3
NAGREEKEXP,05-FEB-2021,17.6,18.7,17.2,18.65,4654,3568,75
NAHARCAP,05-FEB-2021,96.5,96.5,90.35,91.7,14308,8886,295
NAHARINDUS,05-FEB-2021,46.7,47.9,43.8,45.45,18875,11193,266
NAHARPOLY,05-FEB-2021,97.5,97.5,89.1,91.45,56950,37210,712
NAHARSPING,05-FEB-2021,85.85,89.85,77.3,82.95,134836,96646,903
NAM-INDIA,05-FEB-2021,330.7,334.8,325.75,330.35,675214,401115,9762
NATCOPHARM,05-FEB-2021,907.0,934.0,898.0,911.15,728820,339855,17050
NATHBIOGEN,05-FEB-2021,283.15,284.35,273.85,274.75,22687,13729,840
NATIONALUM,05-FEB-2021,50.95,52.15,49.6,50.2,49505156,7284038,45500
NATNLSTEEL,05-FEB-2021,4.65,4.65,4.65,4.65,34197,34197,33
NAUKRI,05-FEB-2021,4849.95,4913.4,4740.0,4817.65,438250,78392,46676
NAVINFLUOR,05-FEB-2021,2527.2,2539.1,2489.05,2521.25,56746,26221,7437
NAVKARCORP,05-FEB-2021,41.4,41.65,40.1,40.25,395913,195126,2247
NAVNETEDUL,05-FEB-2021,82.75,82.95,82.0,82.25,55146,25737,2357
NBCC,05-FEB-2021,32.95,33.0,31.9,32.05,8955457,3653861,20506
NBIFIN,05-FEB-2021,1660.1,1743.0,1510.0,1661.85,1554,1191,173
NBVENTURES,05-FEB-2021,61.85,62.25,60.3,60.7,551466,294621,3334
NCC,05-FEB-2021,75.0,85.65,74.15,83.05,41316352,7876107,109204
NCLIND,05-FEB-2021,162.0,163.5,159.3,160.7,228782,113892,2915
NCPSESDL24,05-FEB-2021,102.5,102.65,102.0,102.12,1068,1067,13
NDGL,05-FEB-2021,666.5,758.0,666.5,720.65,456,261,47
NDL,05-FEB-2021,29.05,30.2,28.4,28.95,30069,18192,227
NDRAUTO,05-FEB-2021,227.95,227.95,216.0,217.85,4027,2385,241
NDTV,05-FEB-2021,41.0,41.8,40.1,40.25,33968,24138,493
NECCLTD,05-FEB-2021,9.45,10.0,9.05,9.9,43755,34265,145
NECLIFE,05-FEB-2021,20.9,21.35,20.65,20.75,234647,132400,742
NELCAST,05-FEB-2021,72.05,72.7,71.0,71.2,44104,30571,560
NELCO,05-FEB-2021,218.3,239.45,216.5,235.05,1159763,387829,17468
NEOGEN,05-FEB-2021,715.95,721.0,702.0,705.1,13301,8256,1029
NESCO,05-FEB-2021,612.25,614.45,598.45,603.2,88036,32742,4336
NESTLEIND,05-FEB-2021,17131.05,17167.2,17003.0,17115.75,98097,53189,20251
NETF,05-FEB-2021,181.64,181.64,181.64,181.64,195,195,30
NETFCONSUM,05-FEB-2021,65.51,68.0,65.51,66.73,3213,2490,108
NETFDIVOPP,05-FEB-2021,38.49,38.49,33.4,35.42,2558,1717,208
NETFIT,05-FEB-2021,25.74,26.25,25.2,25.61,2303036,1310423,3124
NETFLTGILT,05-FEB-2021,21.85,22.27,21.85,22.14,182564,159715,1289
NETFMID150,05-FEB-2021,86.67,86.67,85.04,85.41,146931,130276,1818
NETFNIF100,05-FEB-2021,153.0,154.86,153.0,153.05,1692,1461,28
NETFNV20,05-FEB-2021,80.4,83.95,77.2,78.95,4009,3765,72
NETWORK18,05-FEB-2021,37.65,37.75,36.65,36.9,906159,576303,1907
NEULANDLAB,05-FEB-2021,1483.5,1560.0,1456.6,1499.6,202333,92761,9825
NEWGEN,05-FEB-2021,292.5,293.75,285.35,286.2,35421,19134,1674
NEXTMEDIA,05-FEB-2021,5.45,5.45,5.25,5.3,2146,2146,17
NFL,05-FEB-2021,41.65,42.15,41.1,41.45,879100,323276,3121
NH,05-FEB-2021,500.0,518.0,492.45,505.4,301919,150728,20468
NHPC,05-FEB-2021,24.15,24.6,24.15,24.5,5651105,2670970,7767
NIACL,05-FEB-2021,138.9,139.3,134.1,134.65,260906,119159,4730
NIFTYBEES,05-FEB-2021,159.27,159.99,158.48,159.05,2162707,646254,13315
NIFTYEES,05-FEB-2021,19065.99,19065.99,18705.0,18900.01,10,10,7
NIITLTD,05-FEB-2021,198.6,202.0,193.6,195.75,733500,278557,9777
NILKAMAL,05-FEB-2021,1540.0,1590.0,1540.0,1566.85,41587,17953,4455
NIPPOBATRY,05-FEB-2021,670.0,674.95,651.1,654.1,5791,1688,734
NIRAJ,05-FEB-2021,42.9,42.9,39.15,40.4,7344,6300,66
NITCO,05-FEB-2021,24.9,25.1,24.05,24.35,29710,21371,221
NITINSPIN,05-FEB-2021,76.4,78.85,75.5,76.35,76813,63615,662
NKIND,05-FEB-2021,17.55,18.9,17.55,17.8,1704,1152,70
NLCINDIA,05-FEB-2021,56.85,57.75,55.05,55.6,3155095,1579747,9783
NMDC,05-FEB-2021,117.15,118.0,114.1,116.05,9067469,2058799,34559
NOCIL,05-FEB-2021,152.4,153.3,147.15,149.65,894406,340181,9188
NOIDATOLL,05-FEB-2021,6.05,6.05,5.75,5.8,62013,51390,188
NORBTEAEXP,05-FEB-2021,7.0,7.4,7.0,7.05,2814,2613,17
NOVARTIND,05-FEB-2021,660.0,667.05,655.0,662.0,10065,7424,525
NPBET,05-FEB-2021,185.6,194.0,179.37,180.13,1539,1129,73
NRAIL,05-FEB-2021,212.0,217.45,205.55,207.9,36247,23185,1225
NRBBEARING,05-FEB-2021,113.1,113.7,110.3,111.85,342400,183291,3845
NSIL,05-FEB-2021,960.85,968.0,937.0,959.25,1160,894,316
NTL,05-FEB-2021,1.0,1.0,0.95,0.95,4751,4751,12
NTPC,05-FEB-2021,100.4,102.0,98.15,99.5,54911202,19613194,151164
NUCLEUS,05-FEB-2021,575.0,577.2,544.9,546.6,124191,67189,6223
NXTDIGITAL,05-FEB-2021,537.8,541.9,525.65,526.75,1297,913,138
OAL,05-FEB-2021,606.5,606.55,587.0,594.5,17218,10251,1260
OBEROIRLTY,05-FEB-2021,576.5,584.2,561.25,570.7,298296,157180,11714
OCCL,05-FEB-2021,976.4,1000.0,921.0,938.8,32817,17941,2731
OFSS,05-FEB-2021,3324.0,3324.9,3282.0,3293.1,18239,10931,2923
OIL,05-FEB-2021,119.9,122.05,116.1,117.05,2193844,720655,15588
OLECTRA,05-FEB-2021,175.7,175.7,175.7,175.7,83705,83705,455
OMAXAUTO,05-FEB-2021,51.1,51.8,48.5,49.05,21473,14323,556
OMAXE,05-FEB-2021,75.95,76.6,74.75,75.35,38141,20871,723
OMMETALS,05-FEB-2021,23.4,24.4,23.1,23.9,134900,83915,514
ONEPOINT,05-FEB-2021,17.2,18.0,16.1,17.05,312236,309996,136
ONGC,05-FEB-2021,98.95,99.95,96.8,97.65,30514219,9313715,112662
ONMOBILE,05-FEB-2021,68.9,72.0,65.6,68.6,2890485,1301588,24273
ONWARDTEC,05-FEB-2021,97.05,99.5,94.5,95.25,126937,42527,2912
OPTIEMUS,05-FEB-2021,89.0,92.95,87.5,87.85,44299,40034,321
OPTOCIRCUI,05-FEB-2021,4.95,5.1,4.95,5.05,340975,265329,509
ORBTEXP,05-FEB-2021,67.75,68.5,66.55,67.7,17809,11345,245
ORIENTABRA,05-FEB-2021,23.8,24.25,23.8,23.9,41668,27738,346
ORIENTALTL,05-FEB-2021,9.5,9.5,8.65,9.15,108194,91527,268
ORIENTBELL,05-FEB-2021,229.8,235.0,226.0,226.25,21635,13364,682
ORIENTCEM,05-FEB-2021,95.1,95.45,91.7,92.5,563162,289402,4683
ORIENTELEC,05-FEB-2021,284.7,295.0,278.0,279.8,419170,177049,15149
ORIENTHOT,05-FEB-2021,24.0,25.15,23.25,23.75,132544,79043,609
ORIENTLTD,05-FEB-2021,93.55,95.35,91.1,92.15,376,217,58
ORIENTPPR,05-FEB-2021,21.15,21.5,20.85,21.05,537062,210746,1377
ORIENTREF,05-FEB-2021,232.65,232.65,226.45,228.0,119411,102423,989
ORISSAMINE,05-FEB-2021,2315.0,2350.0,2268.55,2286.1,6343,3659,1397
OSWALAGRO,05-FEB-2021,11.0,11.15,10.7,10.8,70977,39127,344
PAGEIND,05-FEB-2021,29800.0,30400.0,29225.0,29400.95,34183,5292,11701
PAISALO,05-FEB-2021,725.0,875.0,714.4,854.15,241143,111830,5367
PALASHSECU,05-FEB-2021,38.65,45.7,38.65,45.05,3564,2959,51
PANACEABIO,05-FEB-2021,217.4,220.95,210.2,211.4,230664,66913,5314
PANACHE,05-FEB-2021,41.5,44.4,40.9,43.55,30365,12878,329
PANAMAPET,05-FEB-2021,132.0,133.15,123.0,129.25,507875,237444,8145
PARACABLES,05-FEB-2021,8.7,8.9,8.55,8.65,113853,75325,332
PARAGMILK,05-FEB-2021,116.5,117.2,109.0,110.0,1109982,567311,10044
PARSVNATH,05-FEB-2021,4.95,5.1,4.9,4.95,35420,33378,127
PATELENG,05-FEB-2021,13.5,13.75,13.05,13.2,665031,483863,1111
PATINTLOG,05-FEB-2021,28.75,29.95,28.75,29.0,52673,40952,351
PATSPINLTD,05-FEB-2021,5.4,5.85,5.4,5.6,2198,1785,17
PCJEWELLER,05-FEB-2021,27.2,27.5,26.55,26.7,2696708,717542,7934
PDMJEPAPER,05-FEB-2021,21.25,21.95,21.25,21.45,85056,54581,408
PDSMFL,05-FEB-2021,621.05,621.05,610.55,615.95,6186,6016,142
PEARLPOLY,05-FEB-2021,17.0,17.0,16.25,16.7,9801,8570,172
PEL,05-FEB-2021,1524.95,1579.9,1521.95,1541.55,2346846,446167,84032
PENIND,05-FEB-2021,22.0,22.5,21.6,21.75,300412,199350,980
PENINLAND,05-FEB-2021,6.4,6.5,6.1,6.15,261078,191995,331
PERSISTENT,05-FEB-2021,1695.0,1725.0,1660.0,1700.5,189863,117489,14458
PETRONET,05-FEB-2021,252.7,252.8,242.85,243.75,2586977,1141010,29617
PFC,05-FEB-2021,127.75,132.2,125.4,126.15,12652086,2907597,52921
PFIZER,05-FEB-2021,4515.0,4590.0,4480.0,4512.45,118625,31890,17388
PFOCUS,05-FEB-2021,46.05,46.5,45.6,45.85,25179,15712,255
PFS,05-FEB-2021,18.7,19.1,18.4,18.55,1837581,1209306,3498
PGEL,05-FEB-2021,221.2,221.2,210.7,221.2,171102,105804,2069
PGHH,05-FEB-2021,12401.0,12454.45,12100.0,12356.65,23783,5909,6945
PGHL,05-FEB-2021,7178.95,7204.0,7120.0,7172.25,6111,3637,2264
PGIL,05-FEB-2021,181.0,181.0,175.0,175.15,1565,1345,68
PHILIPCARB,05-FEB-2021,204.0,204.4,198.0,201.0,1294715,484966,18271
PHOENIXLTD,05-FEB-2021,814.95,824.95,800.05,802.85,21613,7623,1909
PIDILITIND,05-FEB-2021,1761.95,1765.0,1725.0,1728.75,407166,152888,24087
PIIND,05-FEB-2021,2258.0,2294.0,2217.05,2246.5,296164,164782,30137
PILANIINVS,05-FEB-2021,1950.0,1950.0,1915.0,1921.35,6080,1390,590
PILITA,05-FEB-2021,12.45,13.0,12.2,12.75,271426,134416,547
PIONDIST,05-FEB-2021,116.45,118.95,114.55,114.85,12541,8427,319
PIONEEREMB,05-FEB-2021,47.9,48.65,45.2,45.6,47943,29970,855
PITTIENG,05-FEB-2021,65.4,67.5,63.8,66.0,225164,59916,4595
PLASTIBLEN,05-FEB-2021,241.2,241.25,235.25,237.5,5447,3185,294
PNB,05-FEB-2021,41.3,42.75,39.7,40.15,329090924,96755893,328278
PNBGILTS,05-FEB-2021,51.4,56.45,51.0,56.45,13345564,4445568,38826
PNBHOUSING,05-FEB-2021,364.0,370.0,356.65,359.8,212629,88615,6618
PNC,05-FEB-2021,21.0,21.0,19.0,19.5,11676,7442,163
PNCINFRA,05-FEB-2021,231.7,268.0,231.7,245.1,6749724,2488781,95382
PODDARMENT,05-FEB-2021,190.85,193.3,185.85,186.65,5205,3375,232
POKARNA,05-FEB-2021,241.5,244.5,232.5,239.3,189450,108581,5483
POLYCAB,05-FEB-2021,1330.3,1330.35,1260.0,1285.4,252502,97420,17549
POLYMED,05-FEB-2021,520.5,570.0,515.3,553.75,1157090,781882,14784
POLYPLEX,05-FEB-2021,750.4,752.8,728.0,730.0,77821,47771,2632
PONNIERODE,05-FEB-2021,158.0,175.0,148.1,150.8,31534,8854,970
POWERGRID,05-FEB-2021,205.65,208.3,201.25,207.1,16174758,9962066,70549
POWERINDIA,05-FEB-2021,1300.0,1307.0,1269.65,1281.0,29962,13234,2910
POWERMECH,05-FEB-2021,496.95,509.0,491.1,497.65,73527,45816,2756
PPAP,05-FEB-2021,268.1,270.0,261.5,263.1,33104,21671,1010
PPL,05-FEB-2021,122.65,124.35,119.3,120.2,142637,84183,2142
PRABHAT,05-FEB-2021,71.9,72.85,71.35,72.3,16526,10140,314
PRAENG,05-FEB-2021,9.9,9.9,8.4,9.05,20388,16633,118
PRAJIND,05-FEB-2021,129.9,136.0,126.0,133.85,5517289,2646863,41143
PRAKASH,05-FEB-2021,55.75,56.65,54.75,55.7,544554,291286,3336
PRAKASHSTL,05-FEB-2021,0.95,0.95,0.85,0.85,81438,79017,91
PRECAM,05-FEB-2021,46.0,47.5,44.9,45.85,209093,105783,1184
PRECOT,05-FEB-2021,88.0,88.0,84.3,85.3,1301,1022,25
PRECWIRE,05-FEB-2021,163.1,163.7,157.55,158.25,14161,7469,478
PREMEXPLN,05-FEB-2021,150.45,173.0,148.45,166.85,71531,54727,1241
PREMIERPOL,05-FEB-2021,40.85,41.1,40.2,40.65,4340,3599,78
PRESSMN,05-FEB-2021,24.9,24.9,23.5,23.7,29700,20148,271
PRESTIGE,05-FEB-2021,285.4,286.25,278.0,281.1,456129,257904,10760
PRICOLLTD,05-FEB-2021,52.0,58.4,52.0,56.7,8374624,3871377,29056
PRIMESECU,05-FEB-2021,41.85,44.0,41.3,43.15,37152,24810,508
PRINCEPIPE,05-FEB-2021,404.4,425.0,388.9,401.4,1230648,334722,38876
PRIVISCL,05-FEB-2021,708.0,722.35,590.0,628.0,92580,44904,4170
PROZONINTU,05-FEB-2021,20.85,21.9,20.55,20.7,183984,113675,670
PRSMJOHNSN,05-FEB-2021,103.1,103.1,97.1,97.7,461168,183633,6458
PSB,05-FEB-2021,14.65,15.05,14.35,14.45,1708444,971966,3130
PSPPROJECT,05-FEB-2021,459.9,531.3,455.0,475.15,983287,160741,25077
PSUBNKBEES,05-FEB-2021,25.0,27.28,24.35,24.92,4863157,3588793,7221
PTC,05-FEB-2021,64.15,65.35,60.75,61.35,2769456,1404424,14038
PTL,05-FEB-2021,44.55,45.5,43.6,43.85,63471,42356,815
PUNJABCHEM,05-FEB-2021,893.0,893.0,860.0,862.25,7887,3452,770
PURVA,05-FEB-2021,84.5,85.0,80.5,80.95,97451,53625,1279
PVR,05-FEB-2021,1510.0,1519.9,1476.0,1499.45,1243150,202466,41839
QGOLDHALF,05-FEB-2021,2035.0,2052.0,2032.0,2046.1,1589,1324,180
QNIFTY,05-FEB-2021,1548.0,1548.0,1542.0,1542.0,25,17,9
QUESS,05-FEB-2021,639.8,725.0,636.5,689.15,1761110,544866,82481
QUICKHEAL,05-FEB-2021,160.0,160.75,155.3,155.65,278275,134745,5575
RADICO,05-FEB-2021,525.2,536.9,507.0,513.1,387769,202839,9381
RADIOCITY,05-FEB-2021,23.8,23.8,23.25,23.25,185222,164265,303
RAIN,05-FEB-2021,134.75,134.85,130.1,131.1,1243760,456828,12001
RAJESHEXPO,05-FEB-2021,479.75,482.7,478.15,478.6,186500,140919,4254
RAJRATAN,05-FEB-2021,588.9,588.9,551.35,555.5,18309,9419,3354
RAJSREESUG,05-FEB-2021,15.8,16.9,15.8,16.3,59020,32990,312
RAJTV,05-FEB-2021,35.85,36.6,35.0,35.05,13568,7778,143
RALLIS,05-FEB-2021,271.35,275.0,270.1,271.55,728021,379985,22271
RAMANEWS,05-FEB-2021,15.1,15.3,14.65,14.75,61889,35255,296
RAMCOCEM,05-FEB-2021,873.4,898.0,861.0,871.55,1073429,231955,26221
RAMCOIND,05-FEB-2021,237.0,239.4,236.9,237.1,55916,31685,2672
RAMCOSYS,05-FEB-2021,653.7,664.0,630.05,639.35,120564,74189,7554
RAMKY,05-FEB-2021,51.75,53.35,51.0,51.7,118063,78864,626
RANASUG,05-FEB-2021,6.4,6.75,6.4,6.55,346893,212548,484
RANEENGINE,05-FEB-2021,278.45,278.45,262.7,265.4,11564,7151,338
RANEHOLDIN,05-FEB-2021,642.25,642.3,622.35,625.75,31869,15631,1883
RATNAMANI,05-FEB-2021,1646.0,1649.9,1605.0,1609.6,10576,4475,1449
RAYMOND,05-FEB-2021,346.0,347.4,336.5,341.1,696210,246540,10873
RBL,05-FEB-2021,827.0,842.95,815.0,818.3,12465,4068,1212
RBLBANK,05-FEB-2021,259.0,268.8,248.8,251.1,29235565,5192799,184104
RCF,05-FEB-2021,56.55,56.95,55.85,56.45,3009741,1430089,10294
RCOM,05-FEB-2021,1.95,1.95,1.85,1.85,15147890,10031120,8132
RECLTD,05-FEB-2021,154.5,155.0,146.55,147.6,7112649,1224832,34514
REDINGTON,05-FEB-2021,153.15,159.0,150.05,154.5,313363,119136,5681
REFEX,05-FEB-2021,99.0,101.75,95.0,95.9,220201,98685,2352
RELAXO,05-FEB-2021,844.8,893.75,840.0,882.8,799679,245553,27590
RELCAPITAL,05-FEB-2021,11.2,11.4,10.25,10.5,3485458,1965027,4303
RELIANCE,05-FEB-2021,1930.05,1944.65,1920.0,1923.75,9344470,3564531,263144
RELIGARE,05-FEB-2021,73.0,73.7,69.15,69.6,1052410,594648,4568
RELINFRA,05-FEB-2021,33.9,34.1,31.6,33.35,5899667,3721452,10972
REMSONSIND,05-FEB-2021,112.95,122.1,112.95,116.95,19101,7799,633
RENUKA,05-FEB-2021,9.95,10.0,9.75,9.85,1480645,1019264,1388
REPCOHOME,05-FEB-2021,264.9,265.5,258.35,260.15,138468,84927,2681
REPL,05-FEB-2021,173.05,173.05,160.5,171.5,54865,45687,1057
REPRO,05-FEB-2021,378.0,383.95,367.6,374.3,7925,4464,569
RESPONIND,05-FEB-2021,190.0,190.0,180.6,181.5,46131,14359,683
REVATHI,05-FEB-2021,619.05,624.95,591.5,596.5,2662,617,667
RGL,05-FEB-2021,316.3,322.5,307.75,311.25,15820,9117,771
RHFL,05-FEB-2021,2.4,2.4,2.25,2.35,1223550,782629,1067
RICOAUTO,05-FEB-2021,38.25,38.5,36.6,36.95,694921,257882,3293
RIIL,05-FEB-2021,393.3,396.0,386.45,388.05,138807,38450,3218
RITES,05-FEB-2021,261.4,263.35,256.1,258.2,308609,158675,8540
RKDL,05-FEB-2021,8.35,8.65,8.15,8.25,12169,11716,44
RKEC,05-FEB-2021,46.35,55.05,45.9,48.5,87648,49084,1030
RKFORGE,05-FEB-2021,557.25,564.85,538.0,540.2,13961,7505,951
RMCL,05-FEB-2021,3.0,3.0,2.9,2.95,40285,26916,68
RML,05-FEB-2021,289.9,294.1,284.0,285.6,13836,7412,852
ROHLTD,05-FEB-2021,73.6,75.2,69.95,71.05,106230,33375,693
ROLTA,05-FEB-2021,4.2,4.2,4.1,4.1,555293,441280,8512
ROSSARI,05-FEB-2021,905.0,909.7,881.5,888.25,56310,31823,7824
ROSSELLIND,05-FEB-2021,126.9,132.0,125.55,130.15,74309,50601,1513
ROUTE,05-FEB-2021,1143.7,1178.0,1136.0,1157.9,384005,112537,18264
RPGLIFE,05-FEB-2021,412.4,421.7,410.15,412.2,40933,18580,1672
RPOWER,05-FEB-2021,3.45,3.5,3.3,3.35,10608582,7034074,5495
RPPINFRA,05-FEB-2021,71.4,71.5,67.0,67.4,41699,29665,690
RPSGVENT,05-FEB-2021,325.7,331.5,319.0,327.8,42194,24378,1538
RSSOFTWARE,05-FEB-2021,27.8,27.8,25.6,25.85,57306,40654,525
RSWM,05-FEB-2021,170.9,170.95,158.05,159.2,27931,20622,371
RSYSTEMS,05-FEB-2021,114.4,116.5,112.1,114.2,15600,9715,404
RTNINFRA,05-FEB-2021,7.75,8.0,6.9,7.6,1912386,1026988,1918
RTNPOWER,05-FEB-2021,3.2,3.2,3.05,3.05,8208643,4509118,3355
RUBYMILLS,05-FEB-2021,201.9,208.15,192.8,193.0,15905,9714,447
RUCHI,05-FEB-2021,738.7,738.7,671.25,695.6,139813,79941,6844
RUCHIRA,05-FEB-2021,61.25,63.0,61.25,62.5,49055,32413,639
RUPA,05-FEB-2021,290.9,309.5,290.9,301.1,289738,114964,5821
RUSHIL,05-FEB-2021,176.0,183.95,176.0,179.35,33472,24368,960
RVHL,05-FEB-2021,22.35,23.55,22.35,22.8,40141,30930,374
RVNL,05-FEB-2021,31.7,31.85,30.7,30.9,7596565,3973155,20474
SABEVENTS,05-FEB-2021,1.35,1.35,1.35,1.35,2888,2888,4
SADBHAV,05-FEB-2021,65.9,66.45,63.05,63.7,776699,457427,3470
SADBHIN,05-FEB-2021,21.15,21.3,20.5,20.6,188455,129816,728
SAFARI,05-FEB-2021,555.0,565.0,550.25,556.35,6427,4066,502
SAGARDEEP,05-FEB-2021,42.1,42.85,41.3,41.9,30116,18623,269
SAGCEM,05-FEB-2021,705.0,705.25,688.05,689.75,17490,9399,1164
SAIL,05-FEB-2021,65.0,65.9,62.25,65.05,53271875,15580639,94541
SAKAR,05-FEB-2021,105.95,107.5,98.7,102.45,57327,28220,963
SAKHTISUG,05-FEB-2021,10.0,10.2,9.9,9.95,49618,38481,264
SAKSOFT,05-FEB-2021,350.0,352.95,306.6,324.65,172050,84939,5021
SAKUMA,05-FEB-2021,6.5,6.75,6.0,6.1,1050619,588036,1587
SALASAR,05-FEB-2021,315.45,329.95,315.45,325.45,47121,16307,1267
SALONA,05-FEB-2021,67.5,73.45,67.5,69.35,577,228,51
SALSTEEL,05-FEB-2021,4.35,4.45,4.1,4.1,73056,52321,191
SALZERELEC,05-FEB-2021,129.35,132.0,121.0,122.35,306936,54056,2134
SAMBHAAV,05-FEB-2021,2.9,3.0,2.8,2.8,21412,14878,83
SANCO,05-FEB-2021,19.55,19.55,18.0,18.4,424276,197716,943
SANDESH,05-FEB-2021,674.6,708.35,651.0,664.45,2772,1256,659
SANDHAR,05-FEB-2021,244.7,245.0,236.0,242.0,22211,10684,1307
SANGHIIND,05-FEB-2021,40.5,40.9,38.55,38.9,2580421,1450136,10196
SANGHVIFOR,05-FEB-2021,20.25,21.0,18.9,20.6,1919,1134,48
SANGHVIMOV,05-FEB-2021,117.45,117.85,108.0,109.65,22560,14206,591
SANGINITA,05-FEB-2021,27.0,27.6,26.0,26.2,46881,23394,305
SANOFI,05-FEB-2021,7844.0,7874.0,7785.1,7839.3,32770,25354,5000
SARDAEN,05-FEB-2021,377.0,382.75,364.95,373.9,95142,65431,2977
SAREGAMA,05-FEB-2021,1033.25,1043.25,955.05,979.85,62691,35793,5866
SARLAPOLY,05-FEB-2021,29.7,29.9,27.65,28.95,221637,142100,1170
SASKEN,05-FEB-2021,836.45,841.5,812.05,814.9,13387,7593,1233
SASTASUNDR,05-FEB-2021,122.0,123.7,121.0,121.9,10560,7225,315
SATIA,05-FEB-2021,92.9,93.0,88.0,88.5,79305,29482,670
SATIN,05-FEB-2021,82.8,82.8,75.0,78.2,322174,190118,2894
SBICARD,05-FEB-2021,993.95,1015.2,976.0,981.45,1746296,667080,70841
SBIETFIT,05-FEB-2021,256.4,264.0,253.8,255.83,8452,5341,154
SBIETFPB,05-FEB-2021,195.0,195.0,188.1,189.91,3249,2789,86
SBIETFQLTY,05-FEB-2021,128.55,130.0,127.48,129.0,1874,1231,107
SBILIFE,05-FEB-2021,866.75,870.0,853.65,864.2,1766235,895257,65549
SBIN,05-FEB-2021,387.0,408.35,385.15,393.1,214955688,40372151,1155236
SCAPDVR,05-FEB-2021,2.5,2.5,2.3,2.5,566941,478429,1273
SCHAEFFLER,05-FEB-2021,4576.05,4660.0,4545.0,4626.3,10213,6654,2932
SCHAND,05-FEB-2021,66.55,68.4,66.2,66.7,138846,42206,2011
SCHNEIDER,05-FEB-2021,102.55,103.45,99.8,101.2,735885,262078,6393
SCI,05-FEB-2021,89.2,90.7,88.55,89.0,3785595,1850867,15477
SDBL,05-FEB-2021,29.6,30.35,29.6,29.7,63388,36017,348
SEAMECLTD,05-FEB-2021,485.0,498.0,480.0,490.8,72823,7029,6681
SECURKLOUD,05-FEB-2021,100.2,105.9,100.2,100.2,73732,50676,949
SELAN,05-FEB-2021,138.4,139.65,131.3,133.05,61120,32422,1521
SEQUENT,05-FEB-2021,235.25,238.55,229.0,235.05,637083,321607,9725
SESHAPAPER,05-FEB-2021,145.45,148.5,145.45,146.2,22338,11877,560
SETCO,05-FEB-2021,16.4,16.9,15.1,15.65,759758,543495,1550
SETF10GILT,05-FEB-2021,203.4,203.4,200.11,200.6,658,566,32
SETFGOLD,05-FEB-2021,4265.0,4265.0,4190.1,4218.9,26963,21075,2229
SETFNIF50,05-FEB-2021,152.53,163.9,152.53,154.8,141232,69668,3364
SETFNIFBK,05-FEB-2021,360.0,364.88,330.2,354.72,79920,39490,1721
SETFNN50,05-FEB-2021,354.0,384.3,347.15,349.38,8822,6094,340
SEYAIND,05-FEB-2021,63.1,63.95,62.85,63.0,23988,19131,287
SFL,05-FEB-2021,2055.0,2113.95,1977.95,2076.7,29251,11942,6802
SGL,05-FEB-2021,9.3,9.95,9.2,9.25,29336,21034,178
SHAKTIPUMP,05-FEB-2021,435.4,446.9,417.95,432.45,317855,133868,8613
SHALBY,05-FEB-2021,113.0,114.4,111.3,111.95,127362,78159,2755
SHALPAINTS,05-FEB-2021,110.95,110.95,105.1,106.15,180924,115473,2175
SHANKARA,05-FEB-2021,398.7,413.8,388.0,392.1,262659,105450,7913
SHANTIGEAR,05-FEB-2021,123.4,123.4,120.0,120.4,26390,12531,802
SHARDACROP,05-FEB-2021,285.6,294.8,285.6,290.45,127950,69363,4406
SHARDAMOTR,05-FEB-2021,2158.0,2190.0,2121.0,2170.1,7450,4847,884
SHAREINDIA,05-FEB-2021,196.65,199.1,188.55,192.45,21637,15373,392
SHARIABEES,05-FEB-2021,367.93,367.93,355.0,356.93,894,859,40
SHEMAROO,05-FEB-2021,70.2,72.4,69.25,69.65,27368,23115,329
SHIL,05-FEB-2021,225.25,229.65,207.65,213.2,280197,149600,6245
SHILPAMED,05-FEB-2021,442.0,444.4,425.0,428.05,129155,65442,4275
SHIVAMAUTO,05-FEB-2021,22.5,23.2,21.1,21.2,173188,102175,680
SHIVATEX,05-FEB-2021,125.85,137.2,125.85,137.1,10730,6373,275
SHK,05-FEB-2021,127.5,128.15,124.2,124.75,276971,190284,12054
SHOPERSTOP,05-FEB-2021,206.0,207.0,200.1,201.8,84493,49575,1803
SHREDIGCEM,05-FEB-2021,60.6,60.8,58.65,58.95,532464,330351,2606
SHREECEM,05-FEB-2021,27112.5,27286.95,26614.05,26722.85,63260,5476,19678
SHREEPUSHK,05-FEB-2021,139.6,145.2,138.2,143.9,177385,113362,2251
SHREERAMA,05-FEB-2021,8.15,9.4,8.15,8.85,354242,156539,1068
SHRENIK,05-FEB-2021,3.15,3.3,3.15,3.3,961765,597796,1053
SHREYANIND,05-FEB-2021,83.55,83.55,81.0,81.6,22046,14091,352
SHREYAS,05-FEB-2021,76.15,76.55,74.3,75.25,38922,24457,357
SHRIRAMCIT,05-FEB-2021,1415.0,1448.0,1374.0,1410.15,43669,21687,3816
SHRIRAMEPC,05-FEB-2021,5.25,5.25,4.8,4.9,454706,328960,527
SHYAMCENT,05-FEB-2021,5.9,5.9,5.4,5.75,50819,34644,204
SHYAMTEL,05-FEB-2021,6.2,6.2,5.65,6.05,4160,1517,19
SICAGEN,05-FEB-2021,16.05,17.1,16.05,16.25,51800,39941,233
SICAL,05-FEB-2021,14.9,15.65,14.75,15.3,387635,257186,946
SIEMENS,05-FEB-2021,1850.0,1868.9,1813.0,1839.9,312898,57236,16546
SIGIND,05-FEB-2021,36.7,38.0,33.15,33.45,490811,218299,4797
SILINV,05-FEB-2021,204.55,206.1,197.5,204.25,5848,3189,505
SIMBHALS,05-FEB-2021,7.4,7.4,6.8,7.0,15035,8842,64
SIMPLEXINF,05-FEB-2021,39.2,39.2,37.45,37.65,160163,111075,1055
SINTERCOM,05-FEB-2021,89.95,94.05,88.0,90.1,11034,9798,90
SIS,05-FEB-2021,413.0,420.0,405.5,407.2,258719,144495,7553
SITINET,05-FEB-2021,1.2,1.2,1.1,1.1,7491248,5772734,1704
SIYSIL,05-FEB-2021,201.55,202.95,192.0,194.7,97694,50120,2247
SJVN,05-FEB-2021,26.7,26.7,26.2,26.25,1563213,840349,4145
SKFINDIA,05-FEB-2021,2025.0,2074.75,1955.1,2019.05,129459,76102,8576
SKIPPER,05-FEB-2021,67.0,67.2,64.5,65.1,50664,31614,646
SKMEGGPROD,05-FEB-2021,56.6,56.6,55.0,55.1,37148,26563,428
SMARTLINK,05-FEB-2021,88.95,88.95,87.65,87.9,3602,3337,52
SMLISUZU,05-FEB-2021,536.0,541.25,511.55,515.2,61777,17922,4031
SMSLIFE,05-FEB-2021,571.1,571.1,561.8,568.3,1271,969,169
SMSPHARMA,05-FEB-2021,122.9,124.65,117.8,123.65,240716,171778,2287
SNOWMAN,05-FEB-2021,54.5,54.55,53.0,53.1,1968215,896292,11190
SOBHA,05-FEB-2021,463.65,471.5,455.0,458.85,95080,52635,6181
SOLARA,05-FEB-2021,1424.0,1439.95,1389.0,1415.3,53653,29890,7305
SOLARINDS,05-FEB-2021,1230.0,1258.0,1209.0,1241.8,29585,15614,3576
SOMANYCERA,05-FEB-2021,409.8,412.0,369.5,384.35,464760,252317,8427
SOMATEX,05-FEB-2021,3.6,3.6,3.6,3.6,116276,116276,122
SONATSOFTW,05-FEB-2021,401.0,414.4,376.1,406.1,400465,166873,11957
SORILINFRA,05-FEB-2021,133.0,133.85,125.5,126.4,97318,53649,1759
SOTL,05-FEB-2021,811.0,835.0,785.0,794.85,122161,68893,6185
SOUTHBANK,05-FEB-2021,8.65,8.8,8.3,8.4,24675403,9946082,103064
SOUTHWEST,05-FEB-2021,55.0,55.0,53.35,53.95,33553,31173,122
SPAL,05-FEB-2021,156.3,156.3,151.4,152.35,17360,11838,448
SPANDANA,05-FEB-2021,750.4,764.95,732.95,757.6,35135,22593,1751
SPARC,05-FEB-2021,190.8,191.3,186.3,187.5,537946,161842,5710
SPECIALITY,05-FEB-2021,47.3,47.3,45.75,45.9,29800,22809,490
SPENCERS,05-FEB-2021,79.5,82.7,78.5,80.55,1085524,357233,7347
SPIC,05-FEB-2021,26.35,26.75,25.05,26.25,599109,282328,2187
SPICEJET,05-FEB-2021,89.0,92.0,88.0,88.35,6158603,2105366,31643
SPLIL,05-FEB-2021,41.9,49.4,41.9,43.4,72154,43790,648
SPMLINFRA,05-FEB-2021,14.3,14.5,13.6,14.05,21544,18066,133
SPTL,05-FEB-2021,3.4,3.5,3.25,3.3,1976387,1202310,1341
SREEL,05-FEB-2021,147.3,148.1,145.35,145.9,51584,45332,1159
SREINFRA,05-FEB-2021,7.75,7.75,7.4,7.5,908763,614373,1235
SRF,05-FEB-2021,5710.7,5714.35,5550.0,5567.9,129729,42036,16195
SRHHYPOLTD,05-FEB-2021,233.6,235.85,232.8,234.5,16114,13335,445
SRIPIPES,05-FEB-2021,159.9,161.95,156.5,159.25,234262,147233,6022
SRTRANSFIN,05-FEB-2021,1428.95,1471.0,1372.05,1384.45,3309891,527590,78410
SSWL,05-FEB-2021,621.5,629.55,615.95,625.25,33009,19736,1902
STAR,05-FEB-2021,888.0,893.0,863.0,867.3,524263,124060,15727
STARCEMENT,05-FEB-2021,103.4,104.0,101.2,101.75,279336,141383,3034
STARPAPER,05-FEB-2021,111.8,112.4,109.15,109.35,92959,30896,1740
STCINDIA,05-FEB-2021,75.45,76.15,73.5,74.0,42664,23060,814
STEELCITY,05-FEB-2021,39.0,39.45,36.85,37.05,73488,42909,652
STEELXIND,05-FEB-2021,50.9,51.3,49.8,50.25,56611,42734,261
STERTOOLS,05-FEB-2021,207.0,207.0,202.25,204.45,7474,4019,346
STLTECH,05-FEB-2021,177.95,178.25,174.8,175.7,534969,232389,7289
STOVEKRAFT,05-FEB-2021,498.0,498.0,435.0,445.95,10755080,4037255,331817
SUBEXLTD,05-FEB-2021,25.6,25.9,24.5,24.6,2840459,1687802,6925
SUBROS,05-FEB-2021,338.0,339.85,332.8,335.1,49631,35979,1772
SUDARSCHEM,05-FEB-2021,503.0,509.35,492.6,500.4,138787,65638,4724
SUMICHEM,05-FEB-2021,323.85,334.0,308.55,318.8,1740315,541760,33791
SUMIT,05-FEB-2021,9.2,9.6,9.0,9.15,23591,21243,100
SUMMITSEC,05-FEB-2021,577.05,585.0,572.0,574.95,5037,3400,413
SUNCLAYLTD,05-FEB-2021,3674.0,3756.0,3620.0,3719.0,16726,8851,1363
SUNDARAM,05-FEB-2021,1.5,1.5,1.45,1.45,458862,342778,324
SUNDARMFIN,05-FEB-2021,1899.0,1920.0,1856.5,1889.15,78341,21672,5721
SUNDARMHLD,05-FEB-2021,75.0,75.05,72.6,73.7,127168,66946,1936
SUNDRMBRAK,05-FEB-2021,348.05,360.0,348.0,355.55,2446,1680,227
SUNDRMFAST,05-FEB-2021,608.25,614.0,596.25,604.55,120255,69038,6400
SUNFLAG,05-FEB-2021,61.3,62.35,60.2,61.15,282595,114555,2357
SUNPHARMA,05-FEB-2021,633.5,644.25,623.15,634.75,10981738,3191684,162460
SUNTECK,05-FEB-2021,349.0,352.4,342.25,347.45,138886,41482,3506
SUNTV,05-FEB-2021,553.9,561.15,534.6,553.3,5254268,706872,78582
SUPERHOUSE,05-FEB-2021,127.05,135.0,124.5,130.5,81767,30226,1770
SUPERSPIN,05-FEB-2021,4.8,5.05,4.75,4.95,42687,29152,113
SUPPETRO,05-FEB-2021,375.9,378.35,359.0,362.95,80897,56810,3983
SUPRAJIT,05-FEB-2021,216.2,228.85,215.4,225.6,471540,163289,8556
SUPREMEENG,05-FEB-2021,25.7,26.45,24.35,26.2,5005,2295,58
SUPREMEIND,05-FEB-2021,1973.65,1999.0,1899.45,1941.45,118358,42429,16153
SURANAT&P,05-FEB-2021,5.0,5.1,4.8,4.9,108117,75711,259
SURYALAXMI,05-FEB-2021,32.45,32.5,29.55,29.65,6385,5264,206
SURYAROSNI,05-FEB-2021,340.0,346.0,329.35,332.0,427839,345342,4568
SUTLEJTEX,05-FEB-2021,42.5,43.0,39.05,39.5,316467,257155,1589
SUVEN,05-FEB-2021,85.1,86.05,80.1,82.4,987653,523400,8911
SUVENPHAR,05-FEB-2021,495.0,497.5,490.1,495.25,134078,65696,8973
SUZLON,05-FEB-2021,6.85,6.85,6.4,6.55,50607112,25889997,25147
SWANENERGY,05-FEB-2021,136.15,138.6,128.15,133.75,168680,51221,3166
SWARAJENG,05-FEB-2021,1300.0,1317.0,1295.1,1298.95,24156,14288,3414
SWELECTES,05-FEB-2021,202.0,202.0,189.05,194.95,18791,12159,707
SWSOLAR,05-FEB-2021,251.8,254.9,242.75,243.85,339603,160758,5358
SYMPHONY,05-FEB-2021,1012.8,1023.4,998.0,1000.9,48290,26130,4036
SYNGENE,05-FEB-2021,571.8,580.75,568.2,577.4,695916,485847,31148
TAINWALCHM,05-FEB-2021,76.55,78.8,74.0,74.1,10055,5401,234
TAJGVK,05-FEB-2021,134.75,135.5,132.0,132.8,125432,51987,2079
TAKE,05-FEB-2021,58.0,61.65,55.8,60.95,3834119,1346356,19772
TALBROAUTO,05-FEB-2021,189.8,193.7,182.25,183.55,217269,82209,3731
TANLA,05-FEB-2021,708.9,717.75,700.55,704.35,184360,129564,7901
TARC,05-FEB-2021,21.85,23.0,21.7,22.85,909016,646931,2184
TARMAT,05-FEB-2021,54.85,54.9,51.1,52.15,11993,8149,208
TASTYBITE,05-FEB-2021,13077.0,13077.5,12750.0,12917.25,2572,1128,1182
TATACHEM,05-FEB-2021,532.0,534.6,519.0,525.0,2596192,637079,33789
TATACOFFEE,05-FEB-2021,113.95,114.35,111.05,111.3,909441,410286,6084
TATACOMM,05-FEB-2021,1057.45,1065.0,1022.45,1036.85,152776,53486,8357
TATACONSUM,05-FEB-2021,593.9,600.0,589.2,592.5,5918498,2080509,98195
TATAELXSI,05-FEB-2021,2863.55,2863.55,2800.0,2817.75,501301,80072,41573
TATAINVEST,05-FEB-2021,1100.15,1123.55,1100.15,1109.0,32824,16878,2628
TATAMETALI,05-FEB-2021,776.0,784.2,752.7,756.8,231314,80218,14573
TATAMOTORS,05-FEB-2021,327.6,330.0,312.6,315.9,103512235,13161252,620367
TATAMTRDVR,05-FEB-2021,132.4,133.75,125.1,126.5,8443571,3683800,49110
TATAPOWER,05-FEB-2021,91.45,91.65,85.0,87.45,98504307,14841333,239074
TATASTEEL,05-FEB-2021,656.9,690.6,651.4,685.05,29100888,3589299,331556
TATASTLBSL,05-FEB-2021,41.45,43.5,40.95,43.1,7243841,2760746,12050
TATASTLLP,05-FEB-2021,671.0,679.9,647.0,653.1,141855,52009,5908
TBZ,05-FEB-2021,77.2,77.95,74.7,75.3,282689,113797,5634
TCI,05-FEB-2021,258.2,259.0,255.25,256.55,45587,31839,2290
TCIDEVELOP,05-FEB-2021,316.05,337.0,316.05,327.65,757,227,235
TCIEXP,05-FEB-2021,964.0,992.0,962.95,976.35,21782,12970,4348
TCIFINANCE,05-FEB-2021,4.95,5.4,4.95,5.4,22140,17161,141
TCNSBRANDS,05-FEB-2021,399.55,406.95,392.0,398.8,43103,31527,1018
TCPLPACK,05-FEB-2021,395.9,415.0,386.0,394.15,47931,30521,1364
TCS,05-FEB-2021,3198.95,3205.85,3129.0,3157.95,2366135,992928,143150
TDPOWERSYS,05-FEB-2021,155.9,159.9,152.0,156.35,300625,179324,3893
TEAMLEASE,05-FEB-2021,3195.0,3484.9,3165.05,3239.65,120879,31005,21394
TECHM,05-FEB-2021,972.35,980.85,950.05,959.4,3077720,1266254,66606
TECHNOE,05-FEB-2021,266.25,274.8,265.75,270.25,92864,45515,5542
TEJASNET,05-FEB-2021,158.0,166.35,152.2,164.7,1662355,814583,24087
TERASOFT,05-FEB-2021,48.25,49.1,47.0,47.35,32494,19347,491
TEXINFRA,05-FEB-2021,61.25,64.4,60.3,61.25,365723,274278,1780
TEXMOPIPES,05-FEB-2021,28.0,29.75,26.6,29.2,2795804,1006528,9508
TEXRAIL,05-FEB-2021,29.9,30.2,29.45,29.55,557517,319850,2072
TFCILTD,05-FEB-2021,52.2,52.25,50.7,51.9,278490,174579,1684
TGBHOTELS,05-FEB-2021,5.2,5.35,5.0,5.1,38240,24615,93
THANGAMAYL,05-FEB-2021,624.95,624.95,604.0,608.35,13641,7641,1138
THEINVEST,05-FEB-2021,109.15,112.5,104.0,104.75,5072,3816,218
THEMISMED,05-FEB-2021,330.0,350.0,327.65,333.6,8980,4488,522
THERMAX,05-FEB-2021,1207.0,1286.0,1136.0,1179.8,1029936,163389,70710
THOMASCOOK,05-FEB-2021,48.6,49.1,45.0,45.7,1094275,564004,6013
THYROCARE,05-FEB-2021,933.0,933.0,916.0,926.5,53864,25518,5396
TI,05-FEB-2021,28.4,28.6,27.5,27.65,93851,58764,566
TIDEWATER,05-FEB-2021,4385.7,4444.4,4365.05,4382.4,1498,991,409
TIIL,05-FEB-2021,366.1,368.9,355.3,357.5,14876,9539,798
TIINDIA,05-FEB-2021,831.0,874.0,806.2,858.3,127118,70746,6963
TIL,05-FEB-2021,198.95,198.95,183.2,186.2,5828,3668,303
TIMESGTY,05-FEB-2021,25.6,25.6,24.2,24.35,1087,374,112
TIMETECHNO,05-FEB-2021,53.05,54.8,52.55,53.15,399109,144704,2249
TIMKEN,05-FEB-2021,1276.05,1344.75,1270.0,1312.7,88743,58514,3914
TINPLATE,05-FEB-2021,169.15,171.5,166.7,168.2,367821,95630,7840
TIRUMALCHM,05-FEB-2021,99.5,99.5,96.8,97.9,451970,190396,3428
TITAN,05-FEB-2021,1518.55,1538.95,1504.5,1509.45,1344007,362620,52568
TMRVL,05-FEB-2021,12.0,12.5,11.9,12.15,39079,27808,415
TNPETRO,05-FEB-2021,42.45,42.5,41.5,42.0,230329,134432,1435
TNPL,05-FEB-2021,127.75,128.9,124.55,125.05,140366,86121,1601
TOKYOPLAST,05-FEB-2021,76.0,76.0,71.1,73.65,14970,6720,345
TORNTPHARM,05-FEB-2021,2681.7,2765.0,2637.45,2752.05,349538,86807,23286
TORNTPOWER,05-FEB-2021,321.9,322.25,316.4,318.5,1528572,851583,10089
TOTAL,05-FEB-2021,63.35,63.55,59.1,60.5,25655,17105,439
TPLPLASTEH,05-FEB-2021,156.45,157.8,153.65,155.45,986,687,85
TREEHOUSE,05-FEB-2021,7.5,7.55,7.1,7.15,40280,27426,114
TREJHARA,05-FEB-2021,32.55,32.55,29.65,29.8,17021,11009,223
TRENT,05-FEB-2021,679.2,692.1,668.0,688.45,1424089,726202,39473
TRF,05-FEB-2021,102.05,105.05,100.25,101.2,15594,10838,388
TRIDENT,05-FEB-2021,14.5,14.65,14.05,14.1,12066613,6972881,23843
TRIGYN,05-FEB-2021,79.1,80.0,70.2,74.7,118990,79282,1280
TRIL,05-FEB-2021,17.15,18.75,17.1,18.75,289092,196173,941
TRITURBINE,05-FEB-2021,91.0,92.3,90.2,91.45,205127,163925,2101
TRIVENI,05-FEB-2021,76.5,76.5,72.2,72.9,594381,384277,4000
TTKHLTCARE,05-FEB-2021,620.2,620.6,591.0,600.2,5701,3381,558
TTKPRESTIG,05-FEB-2021,6194.65,6200.0,6035.05,6064.6,9701,6359,3268
TTL,05-FEB-2021,50.75,50.85,48.7,48.85,11179,6559,212
TV18BRDCST,05-FEB-2021,31.0,31.35,29.8,30.05,6184368,2818968,7982
TVSELECT,05-FEB-2021,127.0,128.8,121.15,123.45,67100,41535,1438
TVSMOTOR,05-FEB-2021,652.5,653.95,622.2,628.3,3608600,728741,55857
TVSSRICHAK,05-FEB-2021,2198.0,2198.5,2100.0,2115.2,15368,8367,3194
TVTODAY,05-FEB-2021,252.3,254.15,242.55,244.15,57724,33597,1336
TVVISION,05-FEB-2021,2.0,2.0,1.9,1.9,12360,12357,25
TWL,05-FEB-2021,53.7,54.05,51.75,52.0,457439,234201,3161
UBL,05-FEB-2021,1294.0,1329.65,1272.55,1278.65,1150845,221901,37427
UCALFUEL,05-FEB-2021,133.95,134.5,130.05,132.05,51030,24027,1558
UCOBANK,05-FEB-2021,13.65,14.15,13.25,13.3,12086406,4339225,12885
UFLEX,05-FEB-2021,352.9,358.0,347.35,348.4,137293,72100,8027
UFO,05-FEB-2021,86.2,87.4,85.05,85.2,139102,66532,1642
UGARSUGAR,05-FEB-2021,16.25,16.6,15.95,16.05,219777,145542,631
UJJIVAN,05-FEB-2021,256.0,257.75,250.0,250.85,884898,399595,15429
UJJIVANSFB,05-FEB-2021,36.6,36.7,36.1,36.5,3285116,1859206,7288
ULTRACEMCO,05-FEB-2021,6180.0,6399.0,6120.0,6352.1,1174059,347684,89391
UMANGDAIRY,05-FEB-2021,61.15,62.0,60.5,60.6,10647,5367,203
UNICHEMLAB,05-FEB-2021,325.0,331.75,317.15,318.65,288753,101747,6552
UNIDT,05-FEB-2021,271.6,271.6,264.0,266.3,15605,2931,447
UNIENTER,05-FEB-2021,83.15,83.35,79.95,81.1,74907,61687,861
UNIONBANK,05-FEB-2021,35.0,36.3,34.6,34.8,28208919,8168010,41021
UNITEDTEA,05-FEB-2021,306.6,318.4,304.0,309.5,864,465,108
UNIVCABLES,05-FEB-2021,140.55,141.75,137.8,138.6,37304,28897,554
UNIVPHOTO,05-FEB-2021,192.4,199.0,185.3,188.95,5009,3433,262
UPL,05-FEB-2021,553.85,553.85,535.0,536.5,6377789,2662734,76497
USHAMART,05-FEB-2021,32.6,33.4,32.6,33.1,777855,502092,2447
UTIAMC,05-FEB-2021,564.0,572.2,559.55,561.95,223479,134207,7107
UTIBANKETF,05-FEB-2021,357.01,393.94,343.6,356.1,818,292,152
UTINEXT50,05-FEB-2021,345.83,354.98,335.6,350.16,573,444,77
UTINIFTETF,05-FEB-2021,1595.94,1600.0,1563.65,1593.8,3442,3386,56
UTISENSETF,05-FEB-2021,539.13,543.0,535.05,541.85,799,733,60
UTISXN50,05-FEB-2021,394.18,406.37,389.95,395.95,89,43,31
UTTAMSUGAR,05-FEB-2021,96.9,96.9,94.45,94.65,22293,9423,327
V2RETAIL,05-FEB-2021,145.95,145.95,136.15,145.95,838057,368329,4590
VADILALIND,05-FEB-2021,818.65,818.65,787.95,791.9,4137,1979,409
VAIBHAVGBL,05-FEB-2021,2737.25,2763.95,2691.0,2732.25,81863,75951,4605
VAKRANGEE,05-FEB-2021,54.5,55.0,53.2,54.55,2974822,1895715,4995
VALIANTORG,05-FEB-2021,1412.85,1427.85,1377.1,1380.45,10931,7016,1171
VARDHACRLC,05-FEB-2021,36.95,37.5,36.7,37.15,23413,19009,142
VARDMNPOLY,05-FEB-2021,14.6,14.6,13.95,14.2,27404,18759,154
VARROC,05-FEB-2021,448.0,456.0,438.25,446.2,110660,48365,6037
VASCONEQ,05-FEB-2021,16.45,16.8,15.8,16.5,719840,513291,2816
VASWANI,05-FEB-2021,7.4,8.1,7.35,7.8,4097,3635,102
VBL,05-FEB-2021,907.0,910.1,891.7,901.25,120319,54176,13951
VEDL,05-FEB-2021,178.5,179.35,172.55,174.45,12315157,3219822,53904
VENKEYS,05-FEB-2021,1667.65,1696.8,1645.25,1681.35,150890,41399,10975
VENUSREM,05-FEB-2021,177.85,185.0,175.0,176.65,37167,19256,814
VERTOZ,05-FEB-2021,236.75,241.85,236.6,238.7,57248,11724,873
VESUVIUS,05-FEB-2021,1056.95,1069.9,1040.0,1057.85,5944,2033,746
VETO,05-FEB-2021,89.95,98.65,89.75,98.65,192657,134666,726
VGUARD,05-FEB-2021,253.0,253.7,239.0,241.1,998632,418450,26083
VHL,05-FEB-2021,1381.6,1408.0,1360.0,1366.55,777,587,119
VIDHIING,05-FEB-2021,133.7,141.3,131.35,140.2,280370,147857,5039
VIJIFIN,05-FEB-2021,0.65,0.7,0.6,0.7,305391,196263,191
VIKASECO,05-FEB-2021,2.55,2.75,2.55,2.75,6105654,3998250,9750
VIKASMCORP,05-FEB-2021,3.85,3.9,3.6,3.85,58219095,27462999,36134
VIKASPROP,05-FEB-2021,2.8,2.85,2.75,2.85,805112,456565,892
VIKASWSP,05-FEB-2021,3.9,4.0,3.85,3.95,461031,299523,522
VIMTALABS,05-FEB-2021,177.0,181.0,170.0,173.3,37505,18520,1222
VINATIORGA,05-FEB-2021,1256.2,1258.7,1220.05,1223.65,39121,21399,4668
VINDHYATEL,05-FEB-2021,840.7,850.05,822.0,827.1,7049,4316,753
VINYLINDIA,05-FEB-2021,121.4,122.9,120.0,120.35,52528,24747,827
VIPIND,05-FEB-2021,357.0,359.9,352.5,355.05,399200,245990,5194
VIPULLTD,05-FEB-2021,19.9,19.9,18.05,19.2,24062,16699,134
VISAKAIND,05-FEB-2021,433.65,436.0,414.5,422.2,51846,26750,3007
VISASTEEL,05-FEB-2021,7.0,7.2,6.75,6.75,31377,25277,89
VISHAL,05-FEB-2021,47.45,47.45,47.45,47.45,21141,21141,83
VISHNU,05-FEB-2021,178.9,182.0,176.75,178.45,7847,5012,357
VISHWARAJ,05-FEB-2021,130.25,138.0,128.25,134.55,9607,8104,186
VIVIMEDLAB,05-FEB-2021,16.5,16.75,16.25,16.4,159337,94649,544
VLSFINANCE,05-FEB-2021,79.0,79.95,78.5,79.25,30581,16870,461
VMART,05-FEB-2021,2498.1,2510.4,2420.0,2482.2,19863,10505,3288
VOLTAMP,05-FEB-2021,1247.85,1260.0,1225.0,1229.35,4705,2537,733
VOLTAS,05-FEB-2021,1010.0,1040.85,989.45,1001.2,3672736,886203,84221
VRLLOG,05-FEB-2021,201.0,207.9,199.2,204.7,842518,312821,11527
VSSL,05-FEB-2021,125.0,125.0,120.0,120.85,25784,23446,308
VSTIND,05-FEB-2021,3668.0,3668.0,3595.0,3610.85,21114,19463,1304
VSTTILLERS,05-FEB-2021,1870.05,1895.0,1840.0,1885.7,13007,7615,1767
VTL,05-FEB-2021,1066.1,1098.0,1066.1,1082.35,94523,60780,5059
WABAG,05-FEB-2021,202.75,203.5,199.0,199.55,191287,105168,4476
WABCOINDIA,05-FEB-2021,5659.0,5699.95,5555.0,5566.45,1746,950,497
WALCHANNAG,05-FEB-2021,65.3,65.45,62.1,62.4,68298,44470,914
WATERBASE,05-FEB-2021,123.05,123.65,117.1,118.85,122839,51489,2268
WEALTH,05-FEB-2021,129.45,131.15,122.65,128.2,1995,828,178
WEBELSOLAR,05-FEB-2021,41.7,41.7,39.0,40.25,157937,90627,1095
WEIZMANIND,05-FEB-2021,45.95,45.95,43.0,44.7,19165,9149,280
WELCORP,05-FEB-2021,129.0,129.5,125.05,126.15,1080971,516105,9225
WELENT,05-FEB-2021,92.9,93.8,90.1,92.85,244270,155280,2370
WELINV,05-FEB-2021,368.8,378.05,357.2,360.7,8288,1981,721
WELSPUNIND,05-FEB-2021,74.0,74.3,68.35,68.9,1476616,840918,7571
WENDT,05-FEB-2021,3226.7,3320.0,3225.0,3255.75,488,251,178
WESTLIFE,05-FEB-2021,460.15,469.7,453.0,455.6,52857,21261,2372
WHEELS,05-FEB-2021,494.15,494.15,486.0,490.05,10195,6518,911
WHIRLPOOL,05-FEB-2021,2479.8,2548.4,2370.0,2422.65,270173,130690,21426
WILLAMAGOR,05-FEB-2021,25.4,25.4,24.15,24.15,12104,11789,134
WINDMACHIN,05-FEB-2021,20.8,20.8,20.8,20.8,57892,57892,94
WIPRO,05-FEB-2021,432.0,433.4,420.55,425.55,8679026,2817052,88201
WOCKPHARMA,05-FEB-2021,522.4,523.45,505.5,508.55,463968,128611,15115
WONDERLA,05-FEB-2021,210.1,211.9,206.5,206.95,77197,36521,3253
WORTH,05-FEB-2021,63.4,65.0,62.15,62.7,8282,5908,164
WSI,05-FEB-2021,4.05,4.05,3.6,3.65,2833,2432,18
WSTCSTPAPR,05-FEB-2021,186.85,188.05,183.0,184.5,248402,177488,2526
XCHANGING,05-FEB-2021,80.2,80.2,76.0,76.7,366083,228222,2636
XELPMOC,05-FEB-2021,280.8,295.55,280.8,282.6,129150,73725,3073
XPROINDIA,05-FEB-2021,43.5,44.4,42.2,44.4,35942,32736,138
YAARII,05-FEB-2021,108.7,110.0,105.0,106.45,810642,443376,5088
YESBANK,05-FEB-2021,16.85,17.45,16.75,16.9,235552294,92176146,151331
ZEEL,05-FEB-2021,251.5,251.5,212.05,215.3,83931232,18462973,465910
ZEELEARN,05-FEB-2021,12.75,12.8,12.15,12.3,472037,318729,1039
ZEEMEDIA,05-FEB-2021,5.4,5.45,5.1,5.1,4471421,3234926,8871
ZENITHEXPO,05-FEB-2021,68.25,68.4,66.05,67.0,2480,2340,33
ZENSARTECH,05-FEB-2021,236.0,241.2,236.0,237.7,162667,91213,5418
ZENTEC,05-FEB-2021,91.8,92.9,88.4,89.4,214457,128247,2582
ZODIACLOTH,05-FEB-2021,108.45,115.5,106.4,112.45,277449,155799,6001
ZODJRDMKJ,05-FEB-2021,27.0,28.45,26.85,27.9,3314,1261,128
ZOTA,05-FEB-2021,154.75,154.75,150.5,151.2,6043,4908,140
ZUARI,05-FEB-2021,100.7,101.5,98.55,99.8,105625,69614,1375
ZYDUSWELL,05-FEB-2021,1890.45,1896.55,1850.0,1871.45,25624,14815,3199
