20MICRONS,10-FEB-2021,37.5,37.5,36.5,37.2,63668,43293,479
21STCENMGM,10-FEB-2021,11.85,11.85,11.85,11.85,1823,1813,13
3IINFOTECH,10-FEB-2021,6.55,6.7,6.25,6.3,9796479,5116726,14182
3MINDIA,10-FEB-2021,21185.0,21637.95,21150.0,21577.55,22164,11438,5620
3PLAND,10-FEB-2021,9.15,9.65,9.0,9.3,2920,2698,33
5PAISA,10-FEB-2021,269.05,271.95,246.8,252.75,136174,86031,4799
63MOONS,10-FEB-2021,78.0,81.0,77.95,78.35,64661,44111,1216
A2ZINFRA,10-FEB-2021,4.35,4.4,4.25,4.3,261507,175886,302
AARON,10-FEB-2021,49.8,54.75,49.8,52.85,9284,6744,104
AARTIDRUGS,10-FEB-2021,672.0,677.75,662.0,664.2,190835,90380,9657
AARTIIND,10-FEB-2021,1241.1,1241.1,1200.0,1203.25,215327,89128,14748
AARTISURF,10-FEB-2021,960.1,960.1,915.1,928.95,19115,11737,1920
AARVEEDEN,10-FEB-2021,21.5,21.5,20.35,20.5,4849,4006,108
AARVI,10-FEB-2021,43.75,45.05,43.15,44.4,14521,11356,175
AAVAS,10-FEB-2021,2275.0,2380.0,2266.0,2353.6,207699,75867,15858
ABAN,10-FEB-2021,29.45,29.9,28.6,29.1,129173,45209,1956
ABB,10-FEB-2021,1462.0,1487.45,1430.1,1445.0,356376,196315,21696
ABBOTINDIA,10-FEB-2021,14630.0,14630.0,14291.05,14371.5,39275,20519,8709
ABCAPITAL,10-FEB-2021,89.1,90.85,88.65,89.3,2128773,694314,13371
ABFRL,10-FEB-2021,167.85,168.15,162.0,165.0,3285415,1738542,47137
ABMINTLTD,10-FEB-2021,38.6,38.85,37.0,38.85,3269,3128,43
ABSLBANETF,10-FEB-2021,367.0,367.0,353.95,355.56,52,42,16
ABSLNN50ET,10-FEB-2021,334.0,335.0,330.0,335.0,33,28,13
ACC,10-FEB-2021,1769.0,1802.45,1747.0,1761.75,1419214,208785,53690
ACCELYA,10-FEB-2021,943.0,943.0,898.0,901.85,11665,8093,1204
ACCURACY,10-FEB-2021,55.0,55.0,51.2,52.2,34257,26036,258
ACE,10-FEB-2021,161.5,171.3,161.5,166.45,999406,400503,12496
ACRYSIL,10-FEB-2021,241.15,241.15,229.7,241.15,311668,176029,1588
ADANIENT,10-FEB-2021,633.05,654.9,622.1,650.7,5991927,436173,71564
ADANIGREEN,10-FEB-2021,1076.0,1097.9,1060.0,1080.45,4856552,2780796,46341
ADANIPORTS,10-FEB-2021,584.75,587.0,550.5,576.85,19987392,3957004,202060
ADANIPOWER,10-FEB-2021,53.0,53.1,52.0,52.1,4263047,2788872,15820
ADANITRANS,10-FEB-2021,565.65,572.8,556.1,564.45,380597,134854,16001
ADFFOODS,10-FEB-2021,699.0,732.8,693.0,718.35,88296,19359,4270
ADHUNIKIND,10-FEB-2021,21.95,22.2,21.35,21.5,19706,12973,176
ADORWELD,10-FEB-2021,301.95,309.0,299.9,303.0,131680,118981,1183
ADROITINFO,10-FEB-2021,9.1,9.95,9.05,9.05,8490,8290,62
ADSL,10-FEB-2021,39.25,40.8,38.55,39.05,78796,47950,1043
ADVANIHOTR,10-FEB-2021,49.0,49.0,48.05,48.3,2636,2130,67
ADVENZYMES,10-FEB-2021,373.1,373.1,358.05,369.15,325763,132774,8645
AEGISCHEM,10-FEB-2021,305.4,308.05,294.05,297.4,196773,107261,4351
AFFLE,10-FEB-2021,4280.0,4629.6,4250.05,4629.6,256786,118373,39854
AGCNET,10-FEB-2021,876.95,876.95,843.15,862.75,3637,2813,159
AGRITECH,10-FEB-2021,36.85,37.0,35.35,35.55,7764,4760,173
AGROPHOS,10-FEB-2021,13.4,14.2,13.15,13.2,37481,23132,252
AHLADA,10-FEB-2021,65.9,65.9,61.15,64.15,8581,4769,69
AHLEAST,10-FEB-2021,158.4,163.35,156.95,160.1,390,293,36
AHLUCONT,10-FEB-2021,308.5,324.0,301.35,309.8,79918,25441,4547
AHLWEST,10-FEB-2021,246.0,251.65,240.1,243.3,1523,261,400
AIAENG,10-FEB-2021,1993.25,1993.3,1950.3,1962.6,52338,38642,3388
AIRAN,10-FEB-2021,18.6,19.0,18.2,18.3,88991,77111,329
AJANTPHARM,10-FEB-2021,1816.95,1823.05,1770.0,1790.85,87987,40176,6236
AJMERA,10-FEB-2021,130.0,131.55,128.0,128.65,68242,22733,1567
AKASH,10-FEB-2021,240.0,240.0,228.8,232.65,16556,15322,169
AKSHARCHEM,10-FEB-2021,263.05,265.5,261.4,262.2,11505,8631,591
AKSHOPTFBR,10-FEB-2021,6.75,7.05,6.3,6.9,293840,167728,548
AKZOINDIA,10-FEB-2021,2318.0,2318.0,2195.0,2207.8,40236,22530,3989
ALANKIT,10-FEB-2021,16.8,16.8,16.5,16.6,39826,28507,198
ALBERTDAVD,10-FEB-2021,435.0,440.0,418.55,423.25,33311,20809,1980
ALEMBICLTD,10-FEB-2021,104.05,104.45,101.0,101.95,396651,169496,6858
ALICON,10-FEB-2021,423.05,426.6,415.1,418.1,10289,5791,639
ALKALI,10-FEB-2021,59.85,61.4,57.2,57.5,81692,53405,1014
ALKEM,10-FEB-2021,2902.0,2922.9,2852.05,2886.3,123673,86686,13017
ALKYLAMINE,10-FEB-2021,5138.0,5200.0,5081.0,5175.75,31859,12778,6353
ALLCARGO,10-FEB-2021,131.5,133.4,128.6,132.5,343288,174213,2535
ALLSEC,10-FEB-2021,321.0,342.9,321.0,334.35,68682,26678,3261
ALMONDZ,10-FEB-2021,21.6,22.05,21.0,21.6,23590,11972,203
ALOKINDS,10-FEB-2021,20.8,20.85,20.25,20.35,9623401,5071236,14092
ALPA,10-FEB-2021,39.1,40.1,37.3,38.05,39185,22803,347
ALPHAGEO,10-FEB-2021,211.05,212.0,205.35,208.0,12085,6628,704
AMARAJABAT,10-FEB-2021,972.35,995.0,966.05,992.15,930203,157978,30029
AMBER,10-FEB-2021,2974.1,3018.0,2884.0,2962.5,224306,47598,26092
AMBIKCO,10-FEB-2021,959.95,982.0,955.25,978.2,10559,5678,1364
AMBUJACEM,10-FEB-2021,271.35,277.8,271.0,271.9,6276033,1090785,54654
AMDIND,10-FEB-2021,17.95,17.95,17.55,17.85,12022,9575,122
AMJLAND,10-FEB-2021,25.2,25.9,25.2,25.5,5828,4214,76
AMRUTANJAN,10-FEB-2021,520.65,529.7,517.0,527.3,57979,21979,3448
ANANTRAJ,10-FEB-2021,46.95,47.5,43.3,43.35,1830241,1105068,6092
ANDHRACEMT,10-FEB-2021,5.5,5.5,5.3,5.35,166875,128581,925
ANDHRAPAP,10-FEB-2021,222.4,225.15,217.5,224.0,38584,25752,1287
ANDHRSUGAR,10-FEB-2021,312.0,314.95,308.3,313.0,22026,12409,956
ANGELBRKG,10-FEB-2021,345.0,347.9,341.0,343.95,63633,28565,2088
ANIKINDS,10-FEB-2021,15.2,15.85,14.9,15.35,6105,4821,47
ANKITMETAL,10-FEB-2021,1.1,1.2,1.1,1.1,100046,85654,58
ANSALAPI,10-FEB-2021,6.8,6.8,6.8,6.8,57350,57350,47
ANSALHSG,10-FEB-2021,6.55,6.55,6.35,6.4,24736,16228,96
ANUP,10-FEB-2021,626.65,655.0,607.25,615.95,95761,43494,7730
APARINDS,10-FEB-2021,385.0,394.9,376.0,390.8,1343154,580863,18315
APCL,10-FEB-2021,219.3,222.35,212.5,214.5,89739,49641,1821
APCOTEXIND,10-FEB-2021,177.1,179.15,173.4,174.45,81092,31729,3226
APEX,10-FEB-2021,275.1,279.7,273.2,274.9,52008,21267,1684
APLAPOLLO,10-FEB-2021,948.0,953.9,920.7,949.3,242501,179150,6121
APLLTD,10-FEB-2021,945.45,951.0,929.1,934.9,528429,380710,14909
APOLLO,10-FEB-2021,120.0,121.6,115.55,116.75,229083,140610,3578
APOLLOHOSP,10-FEB-2021,2813.85,2828.0,2745.65,2756.5,745906,201417,43074
APOLLOPIPE,10-FEB-2021,696.6,712.0,690.6,706.75,57468,43145,1913
APOLLOTYRE,10-FEB-2021,244.0,250.95,240.3,249.15,12835226,1745856,74575
APOLSINHOT,10-FEB-2021,562.65,564.3,547.0,559.0,2368,2086,133
APTECHT,10-FEB-2021,217.2,225.0,215.6,222.05,1014272,178216,20924
ARCHIES,10-FEB-2021,12.35,13.75,12.3,12.55,138497,62297,367
ARENTERP,10-FEB-2021,11.8,12.0,11.15,11.8,2439,1871,20
ARIES,10-FEB-2021,100.0,100.0,94.5,95.2,145569,93375,2312
ARIHANT,10-FEB-2021,23.95,24.05,22.6,23.1,5236,4245,65
ARIHANTSUP,10-FEB-2021,43.3,43.3,38.0,40.15,21172,4598,267
ARMANFIN,10-FEB-2021,714.0,719.8,706.0,713.4,11984,7431,1090
AROGRANITE,10-FEB-2021,45.0,45.55,43.2,43.6,18290,12245,213
ARROWGREEN,10-FEB-2021,62.2,63.55,60.05,61.65,6241,3279,286
ARSSINFRA,10-FEB-2021,24.65,24.65,24.0,24.2,15822,8373,117
ARTEMISMED,10-FEB-2021,218.25,218.25,188.2,198.6,13552,7872,350
ARVIND,10-FEB-2021,58.1,63.5,57.3,61.35,9492301,2812994,35019
ARVINDFASN,10-FEB-2021,143.7,146.3,141.65,144.5,551840,359617,3796
ARVSMART,10-FEB-2021,101.0,102.45,98.5,99.5,97766,54463,1413
ASAHIINDIA,10-FEB-2021,287.0,297.9,280.15,283.25,349346,70646,7797
ASAHISONG,10-FEB-2021,254.85,254.85,246.5,248.35,21821,12417,518
ASALCBR,10-FEB-2021,340.0,350.0,339.9,347.45,99998,58735,3106
ASHAPURMIN,10-FEB-2021,121.0,123.4,117.6,122.65,193546,116213,2348
ASHIANA,10-FEB-2021,100.9,101.5,98.25,100.0,42711,22737,513
ASHIMASYN,10-FEB-2021,13.35,13.35,12.8,13.15,39013,35323,115
ASHOKA,10-FEB-2021,111.9,113.05,109.0,111.8,2891204,765282,18635
ASHOKLEY,10-FEB-2021,134.7,135.2,131.1,133.9,22853991,4598719,82282
ASIANHOTNR,10-FEB-2021,69.4,72.0,69.4,70.4,9776,8085,162
ASIANPAINT,10-FEB-2021,2529.0,2555.0,2475.0,2510.6,4473123,1426820,194967
ASIANTILES,10-FEB-2021,273.4,278.0,265.0,269.55,365601,173210,5366
ASPINWALL,10-FEB-2021,170.0,172.0,162.7,164.7,3528,2481,124
ASTEC,10-FEB-2021,1067.1,1075.85,1054.1,1058.0,16352,9964,1661
ASTERDM,10-FEB-2021,151.0,152.75,148.4,149.2,791296,615189,12212
ASTRAL,10-FEB-2021,2030.15,2089.0,1998.55,2029.1,230921,127073,27874
ASTRAMICRO,10-FEB-2021,119.8,120.0,118.25,119.4,158753,103651,2302
ASTRAZEN,10-FEB-2021,3778.0,3788.0,3684.2,3700.65,39476,13344,5924
ASTRON,10-FEB-2021,44.8,46.1,43.75,44.0,45107,29522,368
ATFL,10-FEB-2021,848.8,849.9,830.0,832.6,6705,4975,658
ATGL,10-FEB-2021,384.9,384.9,376.2,382.3,786555,599103,10128
ATLANTA,10-FEB-2021,7.8,8.0,7.5,7.55,72291,56776,170
ATUL,10-FEB-2021,6315.0,6369.65,6280.0,6339.85,22513,14575,3436
ATULAUTO,10-FEB-2021,186.0,188.3,183.3,186.7,62703,30643,1796
AUBANK,10-FEB-2021,1074.0,1114.8,1057.85,1099.0,1145055,669055,44613
AURIONPRO,10-FEB-2021,79.65,81.4,75.55,77.0,22417,13915,589
AUROPHARMA,10-FEB-2021,961.95,980.0,948.0,967.95,3629095,1107293,73369
AUSOMENT,10-FEB-2021,51.95,52.5,48.5,52.5,51252,33141,378
AUTOAXLES,10-FEB-2021,1098.0,1112.75,1081.5,1097.0,11177,6038,1373
AUTOIND,10-FEB-2021,31.35,31.4,30.0,30.5,7644,5757,130
AVADHSUGAR,10-FEB-2021,188.5,190.9,184.7,185.7,56549,23487,1578
AVANTIFEED,10-FEB-2021,505.35,510.0,503.0,503.45,151578,79352,4324
AVTNPL,10-FEB-2021,46.35,48.0,45.0,47.3,275702,110056,2449
AWHCL,10-FEB-2021,321.0,336.4,315.85,329.5,178527,67446,6666
AXISBANK,10-FEB-2021,741.55,746.4,726.1,734.8,15140744,6113880,218238
AXISBNKETF,10-FEB-2021,368.6,368.6,354.4,358.55,508,383,50
AXISCADES,10-FEB-2021,50.35,51.25,50.35,50.85,26086,19121,380
AXISGOLD,10-FEB-2021,42.09,42.09,41.68,41.72,102362,79305,1523
AXISNIFTY,10-FEB-2021,151.53,157.0,151.53,156.22,4490,3608,178
AYMSYNTEX,10-FEB-2021,51.55,52.65,50.45,51.8,42211,30933,272
BAFNAPH,10-FEB-2021,116.05,116.05,111.0,113.1,3994,3192,159
BAGFILMS,10-FEB-2021,2.7,2.7,2.6,2.65,59253,42314,140
BAJAJ-AUTO,10-FEB-2021,4160.0,4215.0,4100.1,4151.55,989105,226727,62050
BAJAJCON,10-FEB-2021,261.4,267.95,255.0,264.0,647764,263271,9445
BAJAJELEC,10-FEB-2021,1062.9,1075.0,1012.5,1022.35,770705,162186,28047
BAJAJFINSV,10-FEB-2021,9901.0,10354.6,9901.0,10227.95,1430667,107999,145592
BAJAJHIND,10-FEB-2021,6.55,6.55,6.4,6.45,1668468,827303,1627
BAJAJHLDNG,10-FEB-2021,3525.0,3559.0,3500.65,3522.35,28033,11079,3802
BAJFINANCE,10-FEB-2021,5434.7,5502.35,5395.0,5475.9,2638012,404881,142815
BALAJITELE,10-FEB-2021,62.45,62.9,61.55,61.75,70312,32513,909
BALAMINES,10-FEB-2021,1459.0,1485.5,1410.0,1465.3,476247,68898,24112
BALAXI,10-FEB-2021,644.0,644.0,603.0,622.4,8657,5511,595
BALKRISIND,10-FEB-2021,1665.0,1694.0,1632.0,1648.25,3416644,1209495,140593
BALMLAWRIE,10-FEB-2021,114.9,117.45,114.0,114.75,301110,128148,4147
BALPHARMA,10-FEB-2021,57.5,58.0,55.1,55.95,33329,18857,404
BALRAMCHIN,10-FEB-2021,160.95,162.45,157.1,158.95,781580,256285,7797
BANARBEADS,10-FEB-2021,57.8,58.75,57.5,57.55,6720,4739,55
BANARISUG,10-FEB-2021,1675.0,1675.0,1579.15,1581.6,1510,1114,162
BANCOINDIA,10-FEB-2021,171.5,174.15,162.25,170.75,924343,411958,12054
BANDHANBNK,10-FEB-2021,330.0,334.45,321.25,331.2,8294890,2430320,102807
BANG,10-FEB-2021,27.0,27.45,25.4,26.6,4075,3489,82
BANKA,10-FEB-2021,79.0,79.95,75.05,77.05,9406,6140,121
BANKBARODA,10-FEB-2021,80.1,81.1,78.0,79.7,43516962,7312091,105336
BANKBEES,10-FEB-2021,361.74,363.95,356.4,360.25,942002,292903,11959
BANKINDIA,10-FEB-2021,59.8,61.85,58.6,60.8,13888342,2311932,43511
BANSWRAS,10-FEB-2021,109.0,111.75,107.5,109.8,7782,2789,302
BASF,10-FEB-2021,1717.0,1797.0,1701.0,1767.7,359307,131452,24516
BASML,10-FEB-2021,147.0,150.0,146.0,148.95,14812,8889,587
BATAINDIA,10-FEB-2021,1574.0,1591.0,1544.6,1569.05,719984,234777,33945
BAYERCROP,10-FEB-2021,5525.0,5550.0,5444.2,5506.65,13896,8793,4308
BBL,10-FEB-2021,1041.0,1050.35,983.4,1033.65,56808,27830,3506
BBTC,10-FEB-2021,1247.9,1261.95,1235.0,1246.7,41654,14577,3461
BCG,10-FEB-2021,7.1,7.8,7.05,7.65,8967607,2940385,4048
BCP,10-FEB-2021,6.6,6.6,5.7,5.7,1223984,663847,1300
BDL,10-FEB-2021,344.7,346.4,337.9,340.25,248562,144843,4297
BEARDSELL,10-FEB-2021,10.2,10.2,9.7,10.15,1186,599,14
BECTORFOOD,10-FEB-2021,398.95,399.0,386.25,389.3,680537,311497,18495
BEDMUTHA,10-FEB-2021,24.85,25.35,23.75,25.3,9789,7742,87
BEL,10-FEB-2021,138.9,142.35,138.35,139.85,11220712,3637894,60146
BEML,10-FEB-2021,975.0,1004.9,962.7,979.25,1448566,144785,48557
BEPL,10-FEB-2021,142.2,143.7,136.75,140.6,541533,207110,5984
BERGEPAINT,10-FEB-2021,780.0,792.8,746.1,762.8,8686682,951161,170023
BFINVEST,10-FEB-2021,281.55,284.8,278.0,280.0,25348,8054,1250
BFUTILITIE,10-FEB-2021,286.0,290.0,283.5,286.4,256916,51300,4976
BGRENERGY,10-FEB-2021,44.8,44.9,43.2,44.15,75178,28964,885
BHAGERIA,10-FEB-2021,169.85,169.95,167.1,168.8,21639,12775,670
BHAGYANGR,10-FEB-2021,33.75,35.45,33.55,34.05,11467,7105,232
BHAGYAPROP,10-FEB-2021,27.55,27.95,26.15,26.55,180408,67739,980
BHARATFORG,10-FEB-2021,649.0,659.0,637.35,655.9,2813641,650299,69829
BHARATGEAR,10-FEB-2021,80.0,80.65,76.8,79.05,14938,8603,329
BHARATRAS,10-FEB-2021,10000.0,10100.0,9922.0,10017.05,2724,1675,923
BHARATWIRE,10-FEB-2021,37.0,37.0,35.5,36.0,29158,20317,264
BHARTIARTL,10-FEB-2021,604.95,607.75,580.25,590.2,31059522,12487736,314607
BHEL,10-FEB-2021,38.65,39.4,37.8,38.25,38714221,11605811,60659
BIGBLOC,10-FEB-2021,122.0,124.25,121.5,122.5,19012,12845,327
BIL,10-FEB-2021,161.0,164.55,157.2,160.45,5447,3256,267
BINDALAGRO,10-FEB-2021,16.4,17.05,16.4,16.8,84600,53562,340
BIOCON,10-FEB-2021,404.4,409.85,400.0,408.15,2646877,903504,41306
BIOFILCHEM,10-FEB-2021,76.2,83.8,76.2,76.2,131000,88773,2492
BIRLACABLE,10-FEB-2021,63.95,64.4,63.1,63.45,76061,33799,818
BIRLACORPN,10-FEB-2021,823.0,826.55,800.1,815.15,228695,135863,9495
BIRLAMONEY,10-FEB-2021,44.0,44.0,42.85,43.1,96178,51515,710
BIRLATYRE,10-FEB-2021,30.2,30.55,29.8,29.95,374574,267794,2331
BKMINDST,10-FEB-2021,1.05,1.05,1.0,1.0,109845,109835,101
BLBLIMITED,10-FEB-2021,5.4,5.7,5.25,5.65,22859,20409,83
BLISSGVS,10-FEB-2021,184.85,186.0,180.1,181.35,425215,76484,3199
BLS,10-FEB-2021,106.0,106.8,103.8,104.45,51146,25461,1035
BLUECOAST,10-FEB-2021,4.1,4.1,3.8,4.1,4356,3752,32
BLUEDART,10-FEB-2021,4515.0,4765.0,4400.0,4713.4,135350,62785,13015
BLUESTARCO,10-FEB-2021,812.9,818.1,796.8,814.35,293912,247921,6417
BODALCHEM,10-FEB-2021,75.4,76.35,73.25,73.75,536906,234271,3579
BOMDYEING,10-FEB-2021,73.0,73.9,72.6,73.25,1086701,311949,7312
BOROLTD,10-FEB-2021,214.9,217.95,210.6,212.5,247148,103972,4218
BORORENEW,10-FEB-2021,305.0,317.4,301.0,309.05,1766128,646843,37746
BOSCHLTD,10-FEB-2021,16400.0,16466.1,16074.8,16284.05,64242,15687,18651
BPCL,10-FEB-2021,422.2,424.95,409.05,415.8,9580296,3946779,93016
BPL,10-FEB-2021,22.3,22.95,22.0,22.2,64729,38517,467
BRFL,10-FEB-2021,11.1,11.1,10.7,10.95,71400,57415,334
BRIGADE,10-FEB-2021,288.0,289.3,280.0,285.65,231629,98679,8301
BRITANNIA,10-FEB-2021,3467.9,3485.1,3417.05,3424.85,893690,405793,59472
BRNL,10-FEB-2021,33.05,33.05,32.65,32.85,31913,18628,327
BROOKS,10-FEB-2021,60.95,63.55,60.05,62.05,26333,15023,431
BSE,10-FEB-2021,608.2,608.65,596.5,599.85,225950,94918,8324
BSELINFRA,10-FEB-2021,1.0,1.0,0.95,1.0,46705,40305,30
BSL,10-FEB-2021,32.9,32.95,31.85,32.5,4746,2983,102
BSLGOLDETF,10-FEB-2021,4412.3,4412.3,4380.0,4396.4,152,101,59
BSLNIFTY,10-FEB-2021,170.0,170.0,164.32,165.04,593,285,40
BSOFT,10-FEB-2021,258.9,261.0,251.65,252.7,664245,333895,17553
BURGERKING,10-FEB-2021,148.0,154.3,146.0,152.45,6953228,3259636,69997
BUTTERFLY,10-FEB-2021,599.0,599.0,565.0,571.5,49978,27615,2431
BYKE,10-FEB-2021,19.05,19.95,17.65,18.95,54513,45088,209
CADILAHC,10-FEB-2021,470.0,471.25,459.8,469.5,3481108,1523454,31065
CALSOFT,10-FEB-2021,9.4,9.45,9.05,9.2,38493,29525,97
CAMLINFINE,10-FEB-2021,117.5,117.8,112.5,113.4,530534,312099,5890
CAMS,10-FEB-2021,1886.0,1946.6,1855.0,1873.1,242790,92634,25348
CANBK,10-FEB-2021,156.5,161.45,153.8,160.65,32676392,5052303,111841
CANFINHOME,10-FEB-2021,501.0,504.1,486.2,491.0,177453,76860,8265
CANTABIL,10-FEB-2021,379.7,381.8,366.0,371.95,146034,35010,7256
CAPACITE,10-FEB-2021,193.0,196.0,186.8,187.55,131580,61056,2585
CAPLIPOINT,10-FEB-2021,464.5,464.5,456.1,457.75,101657,58229,3752
CAPTRUST,10-FEB-2021,90.45,91.15,84.85,85.7,14389,10225,383
CARBORUNIV,10-FEB-2021,530.4,543.2,518.1,525.0,456545,203226,16182
CAREERP,10-FEB-2021,158.05,158.85,156.7,157.35,12543,8356,473
CARERATING,10-FEB-2021,491.0,495.75,471.8,474.65,302581,192703,14215
CASTROLIND,10-FEB-2021,130.4,132.5,129.5,130.05,824615,332601,8042
CCHHL,10-FEB-2021,5.05,5.2,4.8,4.85,39571,25071,93
CCL,10-FEB-2021,249.0,249.9,239.5,240.25,185909,116879,6797
CDSL,10-FEB-2021,514.7,524.3,510.05,521.5,553129,200684,13701
CEATLTD,10-FEB-2021,1609.0,1624.0,1556.05,1589.45,293383,69283,16555
CENTENKA,10-FEB-2021,246.3,250.5,242.0,247.9,93984,53230,2224
CENTEXT,10-FEB-2021,4.5,4.8,4.5,4.65,116788,84113,272
CENTRALBK,10-FEB-2021,14.8,15.0,14.25,14.3,9158687,3865985,8987
CENTRUM,10-FEB-2021,24.9,25.5,24.1,24.7,3168722,1595057,5167
CENTUM,10-FEB-2021,451.0,451.0,430.0,436.15,12888,4923,845
CENTURYPLY,10-FEB-2021,290.9,301.0,282.0,290.9,658131,170484,11906
CENTURYTEX,10-FEB-2021,461.6,463.2,452.55,455.7,258808,53989,5818
CERA,10-FEB-2021,3545.0,3599.0,3500.0,3577.9,7311,3116,1587
CEREBRAINT,10-FEB-2021,60.2,63.2,57.1,58.4,915085,622904,3706
CESC,10-FEB-2021,603.5,618.8,602.25,617.6,396783,126488,14416
CGCL,10-FEB-2021,367.9,367.9,365.0,365.7,167148,106440,1688
CGPOWER,10-FEB-2021,46.9,46.9,44.6,45.25,6436704,4327901,13645
CHALET,10-FEB-2021,170.0,173.5,169.6,170.35,209583,101408,3815
CHAMBLFERT,10-FEB-2021,236.0,236.85,232.0,233.45,2145793,1726233,14922
CHEMBOND,10-FEB-2021,187.0,188.65,178.2,182.2,10754,5876,455
CHEMCON,10-FEB-2021,435.0,439.2,431.4,433.3,77714,32188,3103
CHEMFAB,10-FEB-2021,135.15,137.7,129.65,130.5,12820,9912,486
CHENNPETRO,10-FEB-2021,91.8,95.45,91.3,94.65,1367919,389134,14922
CHOLAFIN,10-FEB-2021,460.1,470.9,454.5,467.75,4986969,856669,72134
CHOLAHLDNG,10-FEB-2021,546.8,549.95,531.55,540.05,39297,21475,3895
CIGNITITEC,10-FEB-2021,358.0,365.05,356.7,359.35,29583,17638,896
CINELINE,10-FEB-2021,41.55,42.45,41.05,41.35,116662,30924,1484
CINEVISTA,10-FEB-2021,5.9,6.1,5.45,6.0,81041,19048,263
CIPLA,10-FEB-2021,847.6,867.0,841.0,863.4,5665209,1290161,107639
CLEDUCATE,10-FEB-2021,67.6,70.15,64.4,64.7,28820,20185,541
CLNINDIA,10-FEB-2021,386.0,394.95,383.05,387.9,198777,102335,6219
CMICABLES,10-FEB-2021,42.7,44.45,41.8,43.9,193320,103120,1272
CNOVAPETRO,10-FEB-2021,8.0,8.55,7.5,8.45,8384,6240,37
COALINDIA,10-FEB-2021,139.9,140.55,136.8,138.3,8709612,2016305,53694
COCHINSHIP,10-FEB-2021,343.45,349.6,343.45,348.4,130653,46267,3905
COFORGE,10-FEB-2021,2555.0,2620.0,2520.15,2605.65,340844,107018,19671
COLPAL,10-FEB-2021,1575.0,1589.3,1567.5,1582.6,400583,204745,19845
COMPINFO,10-FEB-2021,15.2,15.2,14.75,14.9,75379,41980,201
COMPUSOFT,10-FEB-2021,8.85,8.85,8.6,8.65,20967,17038,131
CONCOR,10-FEB-2021,506.0,511.25,493.65,500.25,1834353,704441,50642
CONFIPET,10-FEB-2021,43.0,48.0,43.0,46.7,5089831,1979669,14102
CONSOFINVT,10-FEB-2021,40.7,43.05,40.6,42.75,5018,3085,82
CONTROLPR,10-FEB-2021,236.5,241.9,234.05,236.0,7948,5387,486
CORALFINAC,10-FEB-2021,22.25,22.25,20.55,21.15,26124,17649,160
CORDSCABLE,10-FEB-2021,45.95,47.0,45.05,45.85,43853,21046,787
COROMANDEL,10-FEB-2021,769.95,771.85,761.2,768.3,134306,54863,5597
COSMOFILMS,10-FEB-2021,507.0,510.95,482.25,503.35,86413,37227,3092
CPSEETF,10-FEB-2021,21.94,21.94,21.46,21.64,2656320,1755790,2680
CREATIVE,10-FEB-2021,113.5,113.5,106.5,107.9,49352,40277,161
CREATIVEYE,10-FEB-2021,3.05,3.1,3.05,3.1,1599,1400,6
CREDITACC,10-FEB-2021,733.6,736.5,708.0,712.05,66697,44136,5301
CREST,10-FEB-2021,95.2,95.3,92.35,93.4,11368,5563,656
CRISIL,10-FEB-2021,1958.0,1960.0,1915.2,1920.0,41331,36082,2431
CROMPTON,10-FEB-2021,408.55,410.1,403.35,408.35,1335357,800359,45530
CSBBANK,10-FEB-2021,220.1,220.1,216.7,218.65,107641,51379,1552
CTE,10-FEB-2021,40.2,40.2,39.0,39.65,4540,2845,90
CUB,10-FEB-2021,169.5,171.5,163.1,164.1,3118639,1630909,25242
CUBEXTUB,10-FEB-2021,17.4,17.4,16.0,16.15,6329,5267,50
CUMMINSIND,10-FEB-2021,774.0,798.8,769.7,795.2,1191178,105267,26149
CUPID,10-FEB-2021,229.0,234.0,225.0,227.25,56368,32758,1660
CYBERTECH,10-FEB-2021,132.0,132.35,124.8,128.05,93501,46194,1936
CYIENT,10-FEB-2021,639.1,652.0,631.0,634.35,462001,99885,15824
DAAWAT,10-FEB-2021,52.5,52.65,51.55,52.05,778090,294040,6141
DABUR,10-FEB-2021,527.4,528.85,522.4,524.65,1871619,909798,42035
DALBHARAT,10-FEB-2021,1354.0,1370.65,1305.6,1365.2,182550,78573,13818
DALMIASUG,10-FEB-2021,143.0,143.9,141.2,141.75,94356,55015,3013
DAMODARIND,10-FEB-2021,34.5,34.5,32.65,33.05,6148,4693,108
DANGEE,10-FEB-2021,136.75,137.0,127.95,133.9,38365,31502,209
DATAMATICS,10-FEB-2021,113.0,118.0,112.8,115.75,167291,52771,2661
DBCORP,10-FEB-2021,88.1,90.0,87.25,87.95,278765,151202,1889
DBL,10-FEB-2021,494.0,496.95,479.0,485.35,254628,79383,6641
DBSTOCKBRO,10-FEB-2021,9.05,9.7,9.05,9.5,1212,777,16
DCAL,10-FEB-2021,128.0,128.95,124.75,125.6,347934,169658,7795
DCBBANK,10-FEB-2021,108.7,109.7,107.65,108.85,1148777,420657,11219
DCM,10-FEB-2021,28.5,29.3,28.4,29.3,112702,91535,359
DCMSHRIRAM,10-FEB-2021,458.0,469.0,451.5,461.7,126164,45781,5389
DCW,10-FEB-2021,20.8,21.8,20.7,20.9,1339147,826152,2427
DECCANCE,10-FEB-2021,388.95,395.0,382.3,391.9,90723,48798,3132
DEEPAKFERT,10-FEB-2021,157.5,159.5,156.3,157.3,344562,127749,5642
DEEPAKNTR,10-FEB-2021,1047.65,1080.9,1033.25,1071.35,741879,289657,25626
DEEPENR,10-FEB-2021,42.1,42.4,41.05,41.8,15354,10654,247
DELTACORP,10-FEB-2021,159.4,159.95,154.35,155.85,1810326,519412,19528
DELTAMAGNT,10-FEB-2021,26.75,26.75,25.45,26.65,2828,1700,34
DEN,10-FEB-2021,59.7,60.0,58.6,58.8,205215,112114,2053
DENORA,10-FEB-2021,284.9,289.2,262.1,265.35,40148,24689,1669
DFMFOODS,10-FEB-2021,404.7,407.85,395.0,396.6,45455,24436,1511
DGCONTENT,10-FEB-2021,16.15,16.15,16.15,16.15,4946,4946,34
DHAMPURSUG,10-FEB-2021,170.95,172.0,169.0,171.6,322956,150959,3257
DHANBANK,10-FEB-2021,13.85,13.85,13.6,13.65,555688,311730,1133
DHANI,10-FEB-2021,345.7,364.75,345.7,361.25,1273631,446168,21568
DHANUKA,10-FEB-2021,782.75,785.95,764.7,773.05,50318,23119,3724
DHARSUGAR,10-FEB-2021,5.8,5.8,5.45,5.65,5681,3831,52
DHFL,10-FEB-2021,15.0,15.0,15.0,15.0,557392,557392,2420
DHUNINV,10-FEB-2021,254.15,298.9,252.2,298.9,28036,19762,759
DIAMONDYD,10-FEB-2021,663.9,679.0,646.05,666.25,12676,7846,1165
DICIND,10-FEB-2021,398.45,400.0,391.5,394.3,4309,2419,311
DISHTV,10-FEB-2021,11.75,12.15,11.75,12.0,3071851,1655313,3507
DIVISLAB,10-FEB-2021,3740.0,3760.0,3675.4,3750.35,953446,309134,55676
DIXON,10-FEB-2021,18077.0,19079.9,18009.15,18728.45,133224,63173,46819
DLF,10-FEB-2021,309.0,315.95,308.05,311.4,20575150,2616903,120955
DLINKINDIA,10-FEB-2021,105.7,106.45,104.1,104.45,106306,61311,1662
DMART,10-FEB-2021,2925.0,2980.0,2910.35,2967.7,326068,141679,38517
DNAMEDIA,10-FEB-2021,0.7,0.75,0.65,0.75,37519,26678,38
DOLAT,10-FEB-2021,58.9,59.7,57.55,58.05,411479,53453,7886
DOLLAR,10-FEB-2021,257.8,263.5,253.05,259.45,136949,55111,3074
DONEAR,10-FEB-2021,34.0,34.0,33.15,33.55,31578,19119,296
DPABHUSHAN,10-FEB-2021,99.55,100.05,96.25,96.3,5999,5504,65
DPSCLTD,10-FEB-2021,13.3,13.65,13.25,13.3,13650,9888,127
DPWIRES,10-FEB-2021,112.8,118.3,112.8,116.05,13043,9252,266
DREDGECORP,10-FEB-2021,300.85,301.45,294.35,297.25,61847,12444,5010
DRREDDY,10-FEB-2021,4845.0,4884.1,4761.0,4824.05,1153423,442210,71166
DSSL,10-FEB-2021,58.4,58.5,56.0,56.8,22380,12951,299
DTIL,10-FEB-2021,260.0,305.0,254.1,290.6,199385,52347,7858
DUCON,10-FEB-2021,5.8,6.4,5.8,6.1,52300,42230,254
DVL,10-FEB-2021,81.95,89.3,81.95,89.3,109808,79411,1553
DWARKESH,10-FEB-2021,26.9,27.3,26.6,27.0,709953,332111,2000
DYNAMATECH,10-FEB-2021,826.85,842.9,813.0,831.35,7204,4954,782
DYNPRO,10-FEB-2021,377.6,379.95,360.0,365.95,193704,117780,4538
EBBETF0423,10-FEB-2021,1102.08,1102.49,1101.07,1101.09,8438,8436,56
EBBETF0425,10-FEB-2021,1017.69,1020.45,1017.69,1018.08,1445,1353,84
EBBETF0430,10-FEB-2021,1119.5,1119.5,1115.26,1115.97,9097,8597,145
EBBETF0431,10-FEB-2021,1004.99,1005.99,1002.0,1005.04,11104,9842,135
EBIXFOREX,10-FEB-2021,519.0,525.0,514.0,521.35,8625,3668,655
ECLERX,10-FEB-2021,969.2,984.1,951.0,957.7,27756,9316,2563
EDELWEISS,10-FEB-2021,65.0,65.5,63.65,64.0,975485,745056,6614
EICHERMOT,10-FEB-2021,2968.0,2998.9,2876.75,2901.3,2160932,317173,116131
EIDPARRY,10-FEB-2021,332.35,340.0,327.6,329.25,542442,284396,7933
EIHAHOTELS,10-FEB-2021,279.65,280.9,273.95,276.5,4039,1656,405
EIHOTEL,10-FEB-2021,97.25,98.0,95.5,97.4,1497005,334354,10688
EIMCOELECO,10-FEB-2021,357.65,365.0,342.0,354.4,4158,1467,793
EKC,10-FEB-2021,61.9,62.75,60.3,61.25,396756,119269,5649
ELECON,10-FEB-2021,52.85,54.15,50.6,51.05,1016945,444304,8781
ELECTCAST,10-FEB-2021,22.2,22.85,21.6,21.7,846332,656959,1335
ELECTHERM,10-FEB-2021,110.55,110.6,103.2,106.7,13099,9774,256
ELGIEQUIP,10-FEB-2021,176.0,176.0,168.55,169.7,272428,182644,7912
ELGIRUBCO,10-FEB-2021,28.95,29.0,27.8,28.0,38793,33309,333
EMAMILTD,10-FEB-2021,492.9,500.15,473.3,489.65,710925,338714,22407
EMAMIPAP,10-FEB-2021,95.2,100.5,94.65,97.45,59305,53316,429
EMAMIREAL,10-FEB-2021,59.0,60.6,58.5,58.75,22398,16330,436
EMKAY,10-FEB-2021,70.45,71.7,68.2,69.85,22864,14007,425
EMMBI,10-FEB-2021,84.65,92.7,84.65,91.85,183207,80995,2496
ENDURANCE,10-FEB-2021,1485.0,1492.0,1460.0,1482.95,143810,70128,12461
ENGINERSIN,10-FEB-2021,76.9,77.5,75.6,76.1,1266034,645361,6352
ENIL,10-FEB-2021,162.0,165.0,158.55,160.3,73482,35725,1596
EPL,10-FEB-2021,209.7,212.3,203.55,204.9,514282,325223,23363
EQ30,10-FEB-2021,434.8,434.8,432.0,434.8,113,113,12
EQUITAS,10-FEB-2021,86.2,86.8,84.3,84.8,988365,466198,12871
EQUITASBNK,10-FEB-2021,46.2,47.0,44.85,45.5,636005,338393,2711
ERIS,10-FEB-2021,585.0,601.95,574.55,577.15,99342,39957,7281
EROSMEDIA,10-FEB-2021,24.0,24.75,23.35,24.5,173773,130106,616
ESABINDIA,10-FEB-2021,2009.0,2028.75,1892.25,1932.3,14699,6998,1957
ESCORTS,10-FEB-2021,1429.0,1453.95,1408.0,1442.4,1968341,306138,58809
ESSARSHPNG,10-FEB-2021,9.3,9.45,9.05,9.1,23676,20612,173
ESTER,10-FEB-2021,100.2,107.3,100.2,106.75,531517,188606,8030
EUROTEXIND,10-FEB-2021,7.85,7.85,7.85,7.85,521,521,3
EVEREADY,10-FEB-2021,237.0,244.8,226.05,240.15,927638,366570,13015
EVERESTIND,10-FEB-2021,294.0,294.5,287.5,290.75,37880,13401,1458
EXCEL,10-FEB-2021,3.2,3.2,3.2,3.2,102336,102336,51
EXCELINDUS,10-FEB-2021,839.0,849.55,836.0,841.9,10921,5336,1149
EXIDEIND,10-FEB-2021,211.5,215.5,209.6,214.5,6032319,775055,42377
EXPLEOSOL,10-FEB-2021,507.95,510.7,491.55,496.75,16002,9261,923
FACT,10-FEB-2021,82.9,84.8,81.35,83.85,1735377,161700,12777
FAIRCHEMOR,10-FEB-2021,630.0,630.0,615.0,622.35,20339,14605,802
FCL,10-FEB-2021,69.5,70.9,68.05,68.4,534495,382366,1600
FCONSUMER,10-FEB-2021,8.7,8.75,8.2,8.3,11421628,5635811,14862
FDC,10-FEB-2021,278.9,284.0,272.85,277.65,252740,119497,10195
FEDERALBNK,10-FEB-2021,83.0,83.75,81.8,82.85,20062934,3094801,53934
FEL,10-FEB-2021,12.4,12.55,11.4,11.7,3353593,1629744,4646
FELDVR,10-FEB-2021,15.75,16.2,14.85,15.25,232874,129640,1004
FIEMIND,10-FEB-2021,620.0,633.0,608.7,615.15,30041,15142,1924
FILATEX,10-FEB-2021,60.6,60.6,57.0,58.9,345486,233852,1762
FINCABLES,10-FEB-2021,368.05,371.0,367.2,369.4,138671,103782,3705
FINEORG,10-FEB-2021,2370.45,2378.95,2345.5,2351.35,12799,7760,2191
FINPIPE,10-FEB-2021,666.9,685.0,660.0,679.6,240956,102936,11476
FLEXITUFF,10-FEB-2021,18.2,18.2,16.75,17.65,6473,3820,198
FLFL,10-FEB-2021,91.75,95.55,86.4,87.15,488065,213246,7173
FLUOROCHEM,10-FEB-2021,569.1,589.4,556.1,583.85,77646,33857,5383
FMGOETZE,10-FEB-2021,282.5,286.15,279.9,281.5,142390,76105,1604
FMNL,10-FEB-2021,19.7,19.85,18.6,19.1,90009,52949,388
FORCEMOT,10-FEB-2021,1435.0,1438.7,1400.0,1406.95,27072,11916,2350
FORTIS,10-FEB-2021,175.0,180.0,171.55,177.8,5106654,1785420,36029
FOSECOIND,10-FEB-2021,1277.95,1328.8,1277.9,1310.35,2683,1959,422
FRETAIL,10-FEB-2021,80.5,81.4,75.75,77.25,5496943,2700748,40739
FSC,10-FEB-2021,103.5,103.5,99.05,100.65,183897,109692,2115
FSL,10-FEB-2021,98.95,101.65,97.1,98.35,4878090,1918702,40117
G5,10-FEB-2021,47.23,47.31,47.2,47.26,2663,2246,13
GABRIEL,10-FEB-2021,116.5,117.1,114.25,115.8,217422,123063,2509
GAEL,10-FEB-2021,132.4,134.25,129.5,131.2,204237,122597,2677
GAIL,10-FEB-2021,132.4,134.0,130.8,133.6,29017416,7062935,121723
GAL,10-FEB-2021,2.75,2.8,2.7,2.8,25956,20910,78
GALAXYSURF,10-FEB-2021,2266.0,2266.0,2163.3,2180.9,23475,11105,3779
GALLANTT,10-FEB-2021,41.85,42.8,41.5,41.6,11727,9490,182
GALLISPAT,10-FEB-2021,37.05,37.9,36.15,36.65,29252,17147,270
GAMMNINFRA,10-FEB-2021,0.8,0.8,0.75,0.75,2363368,1109364,4509
GANDHITUBE,10-FEB-2021,296.4,311.0,288.0,289.55,10983,6098,866
GANECOS,10-FEB-2021,516.95,549.0,515.2,544.35,221290,135047,5275
GANESHHOUC,10-FEB-2021,43.6,43.95,42.6,43.5,19689,12552,240
GANGESSECU,10-FEB-2021,70.0,70.0,65.25,65.95,5186,3405,202
GARFIBRES,10-FEB-2021,2250.05,2367.6,2250.05,2318.1,16500,9955,3061
GATI,10-FEB-2021,92.0,94.0,90.35,92.2,478235,152105,4058
GAYAPROJ,10-FEB-2021,44.15,45.0,43.15,43.65,334218,173907,2783
GBGLOBAL,10-FEB-2021,7.6,7.6,7.0,7.05,4450,4031,24
GDL,10-FEB-2021,163.5,165.95,159.45,164.05,109826,46010,2192
GEECEE,10-FEB-2021,88.5,90.7,86.2,86.7,10315,8344,302
GEEKAYWIRE,10-FEB-2021,79.4,79.4,75.45,75.7,13561,9959,148
GENUSPAPER,10-FEB-2021,6.55,6.55,6.35,6.45,137679,101059,197
GENUSPOWER,10-FEB-2021,36.8,38.0,35.85,37.8,592116,229492,2595
GEOJITFSL,10-FEB-2021,52.0,53.35,52.0,52.55,250243,97411,2817
GEPIL,10-FEB-2021,283.0,287.5,280.85,283.8,67048,26144,2074
GESHIP,10-FEB-2021,258.9,263.5,255.5,257.4,155006,105070,4374
GET&D,10-FEB-2021,111.0,113.5,109.5,112.05,313191,153833,2991
GFLLIMITED,10-FEB-2021,85.85,86.3,83.9,85.5,67769,48693,800
GFSTEELS,10-FEB-2021,2.1,2.1,2.1,2.1,350,350,2
GHCL,10-FEB-2021,212.25,213.15,207.1,211.7,113389,52853,3870
GICHSGFIN,10-FEB-2021,118.15,119.7,117.05,118.0,224208,95450,2571
GICRE,10-FEB-2021,135.5,138.0,134.8,137.1,312599,140407,4643
GILLANDERS,10-FEB-2021,47.2,47.65,45.9,46.4,5713,5262,60
GILLETTE,10-FEB-2021,5689.95,5725.0,5637.2,5697.8,4865,2721,1593
GINNIFILA,10-FEB-2021,19.3,19.5,18.65,18.8,36174,21754,243
GIPCL,10-FEB-2021,77.15,77.9,76.6,77.1,83666,42131,1139
GISOLUTION,10-FEB-2021,2.55,2.55,2.45,2.45,9296,9296,20
GKWLIMITED,10-FEB-2021,531.0,537.95,504.05,524.9,2406,237,1601
GLAND,10-FEB-2021,2274.0,2325.0,2253.0,2297.95,324925,245624,15881
GLAXO,10-FEB-2021,1465.0,1469.0,1443.4,1446.85,68342,46639,9169
GLENMARK,10-FEB-2021,505.0,510.0,492.3,507.7,2065039,442595,41981
GLFL,10-FEB-2021,2.7,2.7,2.5,2.65,9614,7227,57
GLOBAL,10-FEB-2021,53.5,53.5,51.2,51.65,5319,4157,102
GLOBOFFS,10-FEB-2021,7.4,7.45,7.0,7.45,44758,29702,64
GLOBUSSPR,10-FEB-2021,393.9,406.05,386.65,401.65,193473,80664,4922
GMBREW,10-FEB-2021,430.15,434.25,411.5,416.45,18102,11099,1182
GMDCLTD,10-FEB-2021,57.0,57.4,55.0,56.65,4207459,1983738,18913
GMMPFAUDLR,10-FEB-2021,3730.0,3748.6,3672.0,3688.15,28057,11913,4492
GMRINFRA,10-FEB-2021,26.3,26.85,26.0,26.3,9378853,1016794,23128
GNA,10-FEB-2021,365.2,369.6,363.0,367.35,41829,16682,1545
GNFC,10-FEB-2021,228.65,228.8,222.0,223.2,551830,221044,5383
GOACARBON,10-FEB-2021,291.0,306.7,277.2,300.55,172002,45076,6500
GOCLCORP,10-FEB-2021,244.45,244.45,237.35,238.95,3820,1864,348
GODFRYPHLP,10-FEB-2021,923.0,924.0,913.0,917.3,40575,18337,2330
GODHA,10-FEB-2021,36.75,43.85,36.6,42.05,2314,701,38
GODREJAGRO,10-FEB-2021,492.0,508.85,491.0,503.25,142017,54144,5625
GODREJCP,10-FEB-2021,740.0,751.0,740.0,749.7,921127,284423,27251
GODREJIND,10-FEB-2021,450.0,458.2,445.3,449.95,213631,106185,6721
GODREJPROP,10-FEB-2021,1424.0,1470.0,1422.85,1464.75,1490656,468291,60587
GOKEX,10-FEB-2021,77.4,78.0,76.75,77.0,142241,115926,1210
GOKUL,10-FEB-2021,19.8,19.8,19.0,19.2,37700,27750,345
GOKULAGRO,10-FEB-2021,24.9,24.9,23.5,24.0,59683,39748,498
GOLDBEES,10-FEB-2021,42.95,43.8,41.71,41.76,3116867,2386125,16833
GOLDENTOBC,10-FEB-2021,47.25,47.25,46.0,46.2,8615,4325,190
GOLDIAM,10-FEB-2021,225.75,226.55,221.0,225.15,36308,17861,1087
GOLDSHARE,10-FEB-2021,4333.35,4344.95,4315.0,4324.4,1282,867,327
GOLDTECH,10-FEB-2021,11.25,11.25,10.65,10.75,76692,59644,278
GOODLUCK,10-FEB-2021,70.25,79.0,69.45,78.15,864447,320853,7971
GOODYEAR,10-FEB-2021,971.85,984.95,966.2,977.95,16610,9510,1187
GPIL,10-FEB-2021,498.9,503.35,485.0,494.8,99790,35102,4896
GPPL,10-FEB-2021,96.95,97.65,94.35,97.4,534182,324650,7364
GPTINFRA,10-FEB-2021,43.6,45.3,42.25,44.05,37111,24157,370
GRANULES,10-FEB-2021,333.0,342.95,332.8,338.5,2110573,603594,37002
GRAPHITE,10-FEB-2021,401.0,447.0,401.0,442.3,5545770,1083856,106785
GRASIM,10-FEB-2021,1216.0,1249.0,1216.0,1231.4,3264009,684843,97031
GRAVITA,10-FEB-2021,77.8,79.0,77.0,77.55,149308,64863,1264
GREAVESCOT,10-FEB-2021,86.25,87.2,85.1,86.8,697001,372959,9942
GREENLAM,10-FEB-2021,887.65,902.65,870.5,874.5,6216,4235,702
GREENPANEL,10-FEB-2021,171.0,182.6,165.3,181.05,344181,200743,6957
GREENPLY,10-FEB-2021,132.0,135.5,130.05,133.45,1218934,785202,11799
GRINDWELL,10-FEB-2021,860.0,869.0,830.9,838.65,44748,18719,4761
GROBTEA,10-FEB-2021,801.05,855.0,800.0,848.2,1602,1142,174
GRPLTD,10-FEB-2021,800.0,855.0,792.95,830.0,3809,2028,538
GRSE,10-FEB-2021,198.0,199.85,192.3,193.35,187176,79803,3540
GSCLCEMENT,10-FEB-2021,35.5,38.8,35.5,37.55,934426,316914,3953
GSFC,10-FEB-2021,79.0,79.1,77.4,77.7,609979,318201,3915
GSPL,10-FEB-2021,223.8,228.4,222.0,226.6,1737188,1004109,32167
GSS,10-FEB-2021,49.1,51.0,48.0,50.3,195097,93777,1191
GTL,10-FEB-2021,7.0,7.0,6.6,6.7,207595,139209,1560
GTLINFRA,10-FEB-2021,1.05,1.1,1.05,1.05,18874981,11547446,3523
GTNIND,10-FEB-2021,11.5,11.65,11.0,11.05,2452,1905,36
GTNTEX,10-FEB-2021,5.75,5.75,5.75,5.75,901,901,6
GTPL,10-FEB-2021,132.9,135.0,131.0,132.45,118374,54685,3716
GUFICBIO,10-FEB-2021,116.6,118.5,116.0,116.6,71942,39386,1147
GUJALKALI,10-FEB-2021,323.0,323.0,313.5,314.2,550691,308281,11815
GUJAPOLLO,10-FEB-2021,225.3,229.0,218.6,221.25,2792,887,295
GUJGASLTD,10-FEB-2021,466.0,476.6,443.2,453.3,2380002,404751,58654
GULFOILLUB,10-FEB-2021,721.0,745.0,710.5,742.25,23101,14557,1964
GULFPETRO,10-FEB-2021,43.15,43.15,42.0,42.15,27039,16354,379
GULPOLY,10-FEB-2021,93.75,95.85,93.0,94.0,129345,28802,4338
HAL,10-FEB-2021,1017.15,1024.0,992.0,1009.65,566806,154180,19957
HAPPSTMNDS,10-FEB-2021,354.9,361.75,352.5,355.9,1415744,408707,31435
HARITASEAT,10-FEB-2021,734.7,735.0,685.0,713.95,31583,13683,1736
HARRMALAYA,10-FEB-2021,118.8,119.1,114.75,116.1,107995,38824,2159
HATHWAY,10-FEB-2021,29.6,30.9,29.3,29.95,852294,270202,4635
HATSUN,10-FEB-2021,721.05,733.0,721.05,727.8,23163,10255,2820
HAVELLS,10-FEB-2021,1144.8,1151.65,1126.0,1136.55,1389370,237592,38808
HBANKETF,10-FEB-2021,350.0,367.0,350.0,359.55,5328,4549,199
HBLPOWER,10-FEB-2021,34.8,35.4,34.4,34.9,403397,190260,2065
HCC,10-FEB-2021,8.35,8.75,8.35,8.45,2468953,1528095,3417
HCG,10-FEB-2021,154.9,154.9,152.0,153.15,57567,33217,1198
HCL-INSYS,10-FEB-2021,9.3,9.4,9.1,9.2,231506,151743,815
HCLTECH,10-FEB-2021,955.05,965.1,946.15,959.45,4896963,1728568,113186
HDFC,10-FEB-2021,2745.95,2780.0,2739.2,2767.1,5602915,3654412,166441
HDFCAMC,10-FEB-2021,2998.65,3029.0,2984.0,2999.3,222359,112892,21453
HDFCBANK,10-FEB-2021,1608.35,1614.85,1567.0,1581.75,9894003,4736412,229610
HDFCLIFE,10-FEB-2021,710.05,723.9,710.0,719.05,8514545,3220990,174202
HDFCMFGETF,10-FEB-2021,4299.8,4299.85,4282.5,4286.9,6798,4618,895
HDFCNIFETF,10-FEB-2021,1591.0,1594.99,1572.95,1585.72,1123,911,166
HDFCSENETF,10-FEB-2021,5430.0,5616.0,5385.01,5466.22,256,154,96
HEG,10-FEB-2021,1095.0,1234.9,1080.05,1217.45,3045479,359375,134832
HEIDELBERG,10-FEB-2021,228.85,233.8,225.7,232.5,331625,168949,11037
HERCULES,10-FEB-2021,125.95,127.3,123.5,123.9,41612,20815,1012
HERITGFOOD,10-FEB-2021,279.95,281.7,274.25,276.25,80687,47053,1824
HEROMOTOCO,10-FEB-2021,3490.0,3568.75,3485.25,3538.95,1477082,433211,98193
HESTERBIO,10-FEB-2021,1703.5,1742.0,1701.0,1704.8,4035,1833,739
HEXATRADEX,10-FEB-2021,44.65,45.9,42.0,45.15,39685,33576,153
HFCL,10-FEB-2021,27.3,28.6,26.7,28.4,19769128,5973542,24759
HGINFRA,10-FEB-2021,291.9,310.0,286.15,299.95,436876,117304,9536
HGS,10-FEB-2021,1167.05,1192.75,1152.15,1178.35,24906,12021,2773
HIKAL,10-FEB-2021,169.0,171.15,167.3,169.45,293094,147336,4155
HIL,10-FEB-2021,3040.0,3124.2,3040.0,3057.05,35454,17649,5406
HILTON,10-FEB-2021,11.55,12.25,11.55,11.9,4271,2372,71
HIMATSEIDE,10-FEB-2021,152.0,153.95,148.45,151.65,153823,72068,4182
HINDALCO,10-FEB-2021,281.0,283.35,274.7,279.4,16789592,2927080,132892
HINDCOMPOS,10-FEB-2021,308.55,318.0,301.3,303.1,11014,5243,815
HINDCOPPER,10-FEB-2021,75.25,76.5,72.6,74.0,2799477,781792,16725
HINDMOTORS,10-FEB-2021,6.75,6.8,6.25,6.65,216216,158669,1476
HINDNATGLS,10-FEB-2021,28.9,28.9,27.45,28.0,92046,70883,333
HINDOILEXP,10-FEB-2021,87.45,87.8,84.25,84.65,342938,162555,3929
HINDPETRO,10-FEB-2021,227.45,229.25,221.65,224.9,10528622,6229544,66678
HINDUNILVR,10-FEB-2021,2220.0,2241.0,2212.75,2235.5,2055520,1020498,108586
HINDZINC,10-FEB-2021,297.9,301.0,294.25,298.6,771602,293696,10920
HIRECT,10-FEB-2021,155.05,160.8,146.3,147.15,105674,59704,1862
HISARMETAL,10-FEB-2021,107.0,111.5,104.45,110.35,256906,127528,4247
HITECH,10-FEB-2021,276.4,282.35,275.05,276.1,139466,94430,1163
HITECHCORP,10-FEB-2021,123.0,134.9,122.45,134.9,50299,34624,622
HITECHGEAR,10-FEB-2021,174.25,176.85,170.0,174.1,14380,9053,350
HLVLTD,10-FEB-2021,5.95,6.0,5.9,5.9,147637,77501,229
HMVL,10-FEB-2021,55.95,56.0,54.5,54.9,19961,13827,307
HNDFDS,10-FEB-2021,1598.2,1707.2,1577.2,1707.2,52759,28180,4915
HNGSNGBEES,10-FEB-2021,358.0,362.45,350.0,355.84,1904,1569,114
HOMEFIRST,10-FEB-2021,545.1,555.0,542.25,553.05,676897,354581,36543
HONAUT,10-FEB-2021,42940.0,43000.0,41930.0,42340.65,3886,1999,2450
HONDAPOWER,10-FEB-2021,1052.05,1057.8,1042.0,1051.8,2694,1464,427
HOTELRUGBY,10-FEB-2021,1.15,1.25,1.15,1.25,600,400,3
HOVS,10-FEB-2021,39.9,39.9,38.45,38.75,5854,5402,93
HPL,10-FEB-2021,39.2,39.2,38.1,38.2,71529,41702,738
HSCL,10-FEB-2021,46.0,46.55,44.8,45.1,4376986,2291169,17522
HSIL,10-FEB-2021,175.65,181.4,174.0,176.55,167290,63342,5032
HTMEDIA,10-FEB-2021,18.05,18.6,17.4,18.35,171711,125547,484
HUDCO,10-FEB-2021,43.1,44.1,43.05,43.6,1295513,447111,4172
HUHTAMAKI,10-FEB-2021,306.7,306.7,300.0,302.35,42880,18959,1346
IBMFNIFTY,10-FEB-2021,152.0,152.45,150.0,151.45,281,159,37
IBREALEST,10-FEB-2021,86.3,87.45,83.6,84.8,4036738,1141914,18744
IBULHSGFIN,10-FEB-2021,219.1,234.4,217.05,231.15,44182876,8620573,237428
ICEMAKE,10-FEB-2021,78.4,78.4,74.05,76.9,17385,10678,257
ICICI500,10-FEB-2021,205.0,207.5,201.21,203.39,3621,1597,142
ICICIALPLV,10-FEB-2021,143.7,144.3,141.5,142.81,21879,21225,151
ICICIB22,10-FEB-2021,36.75,36.75,36.18,36.52,1344779,1121842,4161
ICICIBANK,10-FEB-2021,633.35,638.2,626.4,632.15,23967387,11204614,245454
ICICIBANKN,10-FEB-2021,367.7,367.7,352.64,356.57,3946,2494,372
ICICIBANKP,10-FEB-2021,190.0,190.89,186.01,188.05,21963,14677,717
ICICIGI,10-FEB-2021,1528.5,1530.0,1472.0,1501.0,1245064,632433,57468
ICICIGOLD,10-FEB-2021,42.15,43.45,42.15,42.75,637394,547370,8481
ICICILIQ,10-FEB-2021,999.5,1000.0,999.5,999.99,13058,12795,29
ICICILOVOL,10-FEB-2021,122.7,122.7,114.7,119.3,7415,5908,432
ICICIM150,10-FEB-2021,87.9,87.9,86.07,86.99,21408,19850,129
ICICIMCAP,10-FEB-2021,87.43,87.5,85.5,87.15,47458,26014,259
ICICINF100,10-FEB-2021,163.99,164.0,161.71,163.81,9521,8161,222
ICICINIFTY,10-FEB-2021,140.0,174.6,140.0,160.34,68540,35944,3946
ICICINV20,10-FEB-2021,79.7,79.7,76.2,76.96,8963,6199,440
ICICINXT50,10-FEB-2021,34.98,34.98,34.5,34.65,45930,38744,292
ICICIPRULI,10-FEB-2021,481.0,484.0,471.6,476.15,4595501,2872413,81288
ICICISENSX,10-FEB-2021,552.4,553.8,547.0,553.39,529,294,117
ICICITECH,10-FEB-2021,258.0,261.24,257.54,259.89,199850,190923,579
ICIL,10-FEB-2021,133.0,133.85,127.0,128.6,189107,106900,4631
ICRA,10-FEB-2021,2817.35,2831.1,2800.0,2817.0,677,420,152
IDBI,10-FEB-2021,30.3,30.4,29.45,29.65,8760114,3998974,14643
IDBIGOLD,10-FEB-2021,4392.7,4410.05,4392.0,4395.05,115,85,38
IDEA,10-FEB-2021,11.95,12.1,11.7,11.9,127210199,31643333,130606
IDFC,10-FEB-2021,45.2,48.0,44.35,47.15,33436400,9601899,62578
IDFCFIRSTB,10-FEB-2021,50.45,51.0,49.5,50.55,39925669,7485964,75554
IDFNIFTYET,10-FEB-2021,150.0,157.86,145.11,156.96,234,178,26
IEX,10-FEB-2021,272.0,286.0,268.55,270.65,3867745,1389877,111805
IFBAGRO,10-FEB-2021,445.0,450.9,420.4,435.75,19651,9318,1495
IFBIND,10-FEB-2021,1369.5,1502.9,1322.65,1334.15,84656,38365,7763
IFCI,10-FEB-2021,9.0,9.1,8.9,9.0,1292434,778110,39505
IFGLEXPOR,10-FEB-2021,246.05,247.7,237.95,239.85,31560,22367,736
IGARASHI,10-FEB-2021,333.0,339.1,324.65,328.75,129195,55803,3509
IGL,10-FEB-2021,562.0,563.8,550.0,556.5,2232080,459333,35672
IGPL,10-FEB-2021,494.95,499.9,450.0,454.35,436767,225427,11937
IIFL,10-FEB-2021,228.0,244.4,226.0,244.4,2265941,807782,19861
IIFLSEC,10-FEB-2021,46.95,47.95,46.7,47.5,868322,630440,1722
IIFLWAM,10-FEB-2021,1205.0,1225.0,1202.0,1217.7,33095,21745,2584
IITL,10-FEB-2021,62.8,62.95,56.9,58.5,5174,3283,185
IMAGICAA,10-FEB-2021,5.45,5.55,4.95,5.3,260728,169475,317
IMFA,10-FEB-2021,453.0,459.0,439.1,450.05,195512,102682,5480
IMPAL,10-FEB-2021,579.0,586.15,573.9,577.65,4545,4071,248
INDBANK,10-FEB-2021,11.6,11.75,11.25,11.5,55899,35248,318
INDHOTEL,10-FEB-2021,124.95,127.55,123.1,126.85,2060042,949283,20404
INDIACEM,10-FEB-2021,168.0,169.5,165.55,167.2,1294513,331470,9445
INDIAGLYCO,10-FEB-2021,436.0,438.3,418.8,421.3,206017,137376,4217
INDIAMART,10-FEB-2021,9171.95,9540.0,9137.15,9326.0,155503,47312,35008
INDIANB,10-FEB-2021,126.7,126.8,121.35,122.65,3479132,939165,21808
INDIANCARD,10-FEB-2021,144.45,144.45,137.55,138.05,1473,320,39
INDIANHUME,10-FEB-2021,198.6,202.35,195.8,199.65,40400,17510,1383
INDIGO,10-FEB-2021,1681.9,1691.15,1615.0,1623.65,1657187,625667,51827
INDIGOPNTS,10-FEB-2021,2706.2,2730.0,2641.0,2666.25,167707,38885,22388
INDLMETER,10-FEB-2021,18.0,18.0,17.1,17.4,7324,5957,69
INDNIPPON,10-FEB-2021,361.0,364.0,354.0,359.3,15843,8810,925
INDOCO,10-FEB-2021,314.0,317.75,298.75,301.75,215547,106473,5886
INDORAMA,10-FEB-2021,33.7,33.7,32.3,32.7,31393,20675,319
INDOSTAR,10-FEB-2021,325.1,332.0,321.5,327.7,23507,10808,1187
INDOTECH,10-FEB-2021,100.1,104.8,100.1,101.6,5365,3064,300
INDRAMEDCO,10-FEB-2021,53.7,53.85,52.85,53.05,137371,81480,995
INDSWFTLAB,10-FEB-2021,77.8,79.15,73.45,79.05,345912,208842,2926
INDUSINDBK,10-FEB-2021,1035.0,1038.45,1003.6,1022.8,7815034,1390143,156341
INDUSTOWER,10-FEB-2021,253.5,253.7,244.3,247.6,7449138,3216711,71038
INEOSSTYRO,10-FEB-2021,1040.8,1094.0,1021.3,1074.2,315707,116946,11976
INFIBEAM,10-FEB-2021,83.5,84.5,82.1,83.35,1216181,907512,7491
INFOBEAN,10-FEB-2021,142.9,143.9,139.0,140.05,7734,4746,226
INFOMEDIA,10-FEB-2021,2.85,2.85,2.75,2.75,23199,23199,33
INFRABEES,10-FEB-2021,426.81,427.88,421.02,423.26,2159,1215,111
INFY,10-FEB-2021,1295.8,1304.35,1283.6,1296.5,5951207,2693010,175936
INGERRAND,10-FEB-2021,735.7,752.55,731.3,737.05,56388,46240,2307
INOXLEISUR,10-FEB-2021,335.1,336.8,329.2,331.4,399273,137841,8337
INOXWIND,10-FEB-2021,67.4,68.3,65.85,66.85,165258,77011,1981
INSECTICID,10-FEB-2021,478.25,482.95,470.75,473.15,27971,15318,1670
INSPIRISYS,10-FEB-2021,37.0,37.1,34.2,34.75,35522,20470,467
INTEGRA,10-FEB-2021,1.4,1.45,1.4,1.45,1846,1846,11
INTELLECT,10-FEB-2021,441.0,451.5,433.1,447.35,381153,204155,12481
INTENTECH,10-FEB-2021,41.9,41.9,39.5,40.1,45239,26205,412
INVENTURE,10-FEB-2021,22.8,23.4,20.55,20.8,1272609,458370,4261
IOB,10-FEB-2021,11.45,11.6,11.25,11.35,5683051,1631254,5122
IOC,10-FEB-2021,98.1,98.75,96.1,96.75,22672022,4837935,73456
IOLCP,10-FEB-2021,706.9,714.6,700.1,702.2,412148,129693,11926
IPCALAB,10-FEB-2021,1988.0,1988.0,1960.9,1972.85,100405,46844,10208
IRB,10-FEB-2021,110.8,112.8,110.55,111.95,785762,282504,7659
IRCON,10-FEB-2021,97.0,104.45,95.3,103.35,27088864,5730859,137668
IRCTC,10-FEB-2021,1648.4,1674.0,1611.1,1618.4,3051054,671894,110219
IRFC,10-FEB-2021,25.4,25.8,25.0,25.4,33132159,14723994,49630
ISEC,10-FEB-2021,412.5,424.4,410.15,417.4,1308966,904307,22953
ISFT,10-FEB-2021,68.2,69.4,65.55,67.4,14473,7269,352
ISMTLTD,10-FEB-2021,11.4,11.6,10.9,11.0,100130,78096,243
ITC,10-FEB-2021,229.0,231.1,223.1,227.55,47283127,19348550,261647
ITDC,10-FEB-2021,303.9,307.65,300.65,301.6,43380,16436,1314
ITDCEM,10-FEB-2021,71.1,71.8,70.2,70.85,480469,257274,4174
ITI,10-FEB-2021,126.0,127.3,125.05,125.5,313829,85860,3157
IVC,10-FEB-2021,4.65,4.65,4.45,4.5,124116,80030,215
IVP,10-FEB-2021,89.0,93.0,85.05,93.0,6715,6366,85
IVZINGOLD,10-FEB-2021,4353.75,4394.95,4340.0,4359.1,38,32,17
IVZINNIFTY,10-FEB-2021,1628.95,1630.45,1624.3,1624.3,4,1,4
IZMO,10-FEB-2021,47.95,47.95,46.15,47.2,12267,8203,218
J&KBANK,10-FEB-2021,31.9,32.2,29.0,29.75,6914597,4238475,14455
JAGRAN,10-FEB-2021,45.15,45.15,44.0,44.25,177842,97912,1200
JAGSNPHARM,10-FEB-2021,81.75,81.75,79.1,80.3,97133,56238,1013
JAICORPLTD,10-FEB-2021,90.0,90.8,88.4,89.45,493691,103769,3535
JAMNAAUTO,10-FEB-2021,69.85,71.1,69.2,70.2,1008049,561032,7765
JASH,10-FEB-2021,268.75,275.05,255.0,257.5,14834,10776,454
JAYAGROGN,10-FEB-2021,143.75,145.75,139.15,140.65,9380,5463,274
JAYBARMARU,10-FEB-2021,257.65,259.95,253.5,254.8,19073,7880,668
JAYNECOIND,10-FEB-2021,5.2,5.55,5.15,5.25,31985,19997,154
JAYSREETEA,10-FEB-2021,68.3,69.9,67.2,67.75,257350,79673,2575
JBCHEPHARM,10-FEB-2021,1055.0,1098.95,1050.0,1077.5,637693,288408,36429
JBFIND,10-FEB-2021,13.3,14.15,13.1,13.95,158786,90256,694
JBMA,10-FEB-2021,415.6,415.6,395.0,397.1,64856,28849,3158
JCHAC,10-FEB-2021,2498.0,2550.0,2450.1,2491.45,35802,20130,3203
JHS,10-FEB-2021,28.65,28.65,28.65,28.65,107573,107573,56
JINDALPHOT,10-FEB-2021,31.6,32.7,31.6,32.0,7356,7185,53
JINDALPOLY,10-FEB-2021,485.05,544.9,485.05,532.5,797911,334386,19192
JINDALSAW,10-FEB-2021,73.5,73.95,71.25,72.25,542760,270732,3360
JINDALSTEL,10-FEB-2021,314.0,318.4,303.95,311.45,15272126,3938676,178951
JINDRILL,10-FEB-2021,84.15,86.15,83.1,83.75,18359,10728,526
JINDWORLD,10-FEB-2021,65.0,66.45,63.0,64.3,260405,38817,3044
JISLJALEQS,10-FEB-2021,20.8,20.85,20.2,20.3,1064331,625749,2138
JKCEMENT,10-FEB-2021,2303.0,2428.0,2299.95,2385.6,413421,94347,27587
JKIL,10-FEB-2021,184.0,190.0,178.0,188.3,445020,235079,7981
JKLAKSHMI,10-FEB-2021,380.0,380.5,362.35,373.5,632994,276353,14373
JKPAPER,10-FEB-2021,133.85,140.0,133.5,138.65,2838908,902909,19377
JKTYRE,10-FEB-2021,129.6,130.7,125.3,127.35,2835322,746954,20463
JMA,10-FEB-2021,35.65,35.65,30.1,33.2,34733,19251,387
JMCPROJECT,10-FEB-2021,77.5,80.0,76.9,79.2,1030755,545782,11392
JMFINANCIL,10-FEB-2021,87.5,90.7,87.5,90.2,1810254,718160,13487
JOCIL,10-FEB-2021,175.1,181.0,175.0,175.45,18689,11448,510
JPASSOCIAT,10-FEB-2021,7.3,7.35,6.95,7.0,8177261,5004376,5936
JPINFRATEC,10-FEB-2021,1.8,1.8,1.75,1.75,1144553,612642,715
JPPOWER,10-FEB-2021,2.5,2.5,2.4,2.4,10542172,5910171,4941
JSL,10-FEB-2021,75.45,76.25,73.8,75.2,926996,363271,8611
JSLHISAR,10-FEB-2021,129.1,129.7,123.35,125.15,692513,345907,6349
JSWENERGY,10-FEB-2021,70.8,74.0,70.45,72.65,3108574,1868010,8145
JSWHL,10-FEB-2021,3851.8,3900.0,3822.0,3886.25,4737,712,1776
JSWISPL,10-FEB-2021,27.7,27.7,25.75,26.2,349692,227108,1051
JSWSTEEL,10-FEB-2021,410.0,413.95,400.0,410.75,8008124,1075432,76048
JTEKTINDIA,10-FEB-2021,90.2,91.65,88.85,89.75,201994,109530,3211
JUBLFOOD,10-FEB-2021,2810.0,2822.9,2772.35,2781.0,443060,144019,40878
JUBLINDS,10-FEB-2021,229.0,229.0,214.4,215.5,55750,36217,1732
JUMPNET,10-FEB-2021,12.25,12.25,12.2,12.25,3253295,2307110,2403
JUNIORBEES,10-FEB-2021,363.0,372.0,348.05,357.19,42450,20880,2910
JUSTDIAL,10-FEB-2021,631.0,663.75,625.1,641.6,2399310,296418,65105
JYOTHYLAB,10-FEB-2021,153.75,155.85,152.5,153.3,252229,137405,4576
KABRAEXTRU,10-FEB-2021,113.5,113.9,110.35,112.35,28731,17694,591
KAJARIACER,10-FEB-2021,888.9,924.75,882.5,917.55,917245,572697,21463
KAKATCEM,10-FEB-2021,169.2,169.25,164.0,165.15,7446,3789,274
KALPATPOWR,10-FEB-2021,375.6,379.8,362.55,365.3,249423,160881,7178
KAMATHOTEL,10-FEB-2021,35.2,36.4,34.35,36.15,69353,41656,549
KAMDHENU,10-FEB-2021,122.0,122.35,119.0,120.0,35675,18130,656
KANANIIND,10-FEB-2021,5.3,5.3,5.0,5.3,57039,31577,206
KANPRPLA,10-FEB-2021,123.85,135.0,119.0,127.6,44323,26465,1044
KANSAINER,10-FEB-2021,590.0,595.95,581.0,586.5,110207,47093,3946
KARDA,10-FEB-2021,105.95,105.95,104.0,105.1,24462,4977,150
KARURVYSYA,10-FEB-2021,56.1,56.7,53.5,54.45,2777757,1553520,16607
KAUSHALYA,10-FEB-2021,2.2,2.2,2.2,2.2,27032,27032,13
KAYA,10-FEB-2021,335.0,348.55,331.0,340.7,34265,17321,1235
KCP,10-FEB-2021,75.9,76.25,73.4,74.15,188223,95984,1703
KCPSUGIND,10-FEB-2021,15.1,15.8,15.1,15.4,179548,101141,434
KDDL,10-FEB-2021,247.65,247.65,237.0,239.05,1519,983,90
KEC,10-FEB-2021,423.9,427.45,419.35,423.7,396585,291462,9277
KECL,10-FEB-2021,13.8,14.3,13.7,13.95,65202,46089,373
KEERTI,10-FEB-2021,26.35,27.45,24.05,25.65,68541,23040,491
KEI,10-FEB-2021,489.4,502.9,484.1,499.4,199708,127025,10935
KELLTONTEC,10-FEB-2021,84.0,84.0,81.4,82.65,1186919,713035,2607
KENNAMET,10-FEB-2021,1009.95,1014.95,970.65,980.65,2966,2091,531
KESORAMIND,10-FEB-2021,64.1,69.2,62.55,68.25,1547588,935203,8588
KEYFINSERV,10-FEB-2021,62.75,64.5,62.15,64.45,2609,1413,53
KHADIM,10-FEB-2021,144.0,153.0,138.8,142.6,572242,230527,8865
KHAICHEM,10-FEB-2021,26.45,26.45,25.45,25.65,207055,75922,3180
KHANDSE,10-FEB-2021,13.35,13.35,12.75,12.8,3269,2230,59
KICL,10-FEB-2021,1599.2,1619.3,1571.0,1605.3,849,505,236
KILITCH,10-FEB-2021,91.5,93.05,87.8,91.1,8563,6514,211
KINGFA,10-FEB-2021,671.3,671.95,623.75,625.1,29508,19231,1500
KIOCL,10-FEB-2021,147.0,148.0,142.2,143.55,185220,89042,3883
KIRIINDUS,10-FEB-2021,474.45,475.0,466.9,468.95,81664,40106,2760
KIRLFER,10-FEB-2021,156.2,156.6,149.0,152.55,100119,61713,1660
KIRLOSBROS,10-FEB-2021,159.8,161.9,155.5,157.9,115272,54378,1777
KIRLOSENG,10-FEB-2021,140.35,142.5,136.55,138.3,165891,87085,2488
KIRLOSIND,10-FEB-2021,945.0,956.45,930.05,948.85,2982,2018,454
KITEX,10-FEB-2021,111.4,112.5,104.0,106.0,287233,157632,3630
KKCL,10-FEB-2021,886.15,904.35,881.0,883.25,660,474,140
KMSUGAR,10-FEB-2021,10.6,10.9,10.6,10.75,89914,53754,292
KNRCON,10-FEB-2021,217.8,217.9,212.8,216.6,359808,138528,6799
KOKUYOCMLN,10-FEB-2021,62.65,62.95,62.3,62.75,95583,45301,869
KOLTEPATIL,10-FEB-2021,261.0,261.65,252.4,254.15,123290,53109,3234
KOPRAN,10-FEB-2021,120.3,125.7,120.2,122.3,189576,99170,2441
KOTAKBANK,10-FEB-2021,1950.0,1962.9,1937.0,1952.05,2860941,1498323,97632
KOTAKBKETF,10-FEB-2021,376.0,376.0,357.55,360.45,81133,65339,864
KOTAKGOLD,10-FEB-2021,420.0,420.9,418.25,419.1,28761,16966,1288
KOTAKNIFTY,10-FEB-2021,161.6,161.97,156.0,157.47,162410,130910,819
KOTAKNV20,10-FEB-2021,79.18,86.0,77.8,78.76,7458,5089,454
KOTAKPSUBK,10-FEB-2021,222.4,224.88,219.11,222.41,57042,36607,1644
KOTARISUG,10-FEB-2021,22.0,24.0,21.85,22.95,2294461,501695,3033
KOTHARIPET,10-FEB-2021,23.6,24.6,23.55,23.75,61498,20321,396
KOTHARIPRO,10-FEB-2021,74.3,75.45,72.45,73.5,4912,2991,222
KPITTECH,10-FEB-2021,138.0,138.15,134.5,135.25,757841,402943,10055
KPRMILL,10-FEB-2021,931.05,947.9,930.3,936.45,19688,9653,1624
KRBL,10-FEB-2021,205.35,206.55,192.25,193.4,1657570,968657,21048
KREBSBIO,10-FEB-2021,109.8,113.0,103.2,110.8,42004,23529,975
KRIDHANINF,10-FEB-2021,4.1,4.1,3.9,4.0,39538,36519,112
KRISHANA,10-FEB-2021,68.25,73.0,65.3,69.1,2305,2078,41
KSB,10-FEB-2021,672.35,672.35,652.25,656.85,23861,14382,1674
KSCL,10-FEB-2021,546.0,547.95,520.25,521.3,410389,230421,14175
KSL,10-FEB-2021,282.85,297.9,278.9,283.25,332482,148250,8833
KTKBANK,10-FEB-2021,65.85,66.35,64.65,65.0,1740487,533255,6344
KUANTUM,10-FEB-2021,58.25,59.0,57.3,58.3,47332,10974,420
KWALITY,10-FEB-2021,2.75,2.8,2.65,2.7,563445,293713,819
L&TFH,10-FEB-2021,88.95,91.45,88.75,90.7,15050963,2026958,54503
LALPATHLAB,10-FEB-2021,2390.1,2408.65,2350.55,2391.4,97895,47811,10997
LAMBODHARA,10-FEB-2021,46.65,47.6,43.8,45.2,9421,5892,225
LAOPALA,10-FEB-2021,214.6,216.9,209.0,210.1,200596,112438,4358
LASA,10-FEB-2021,75.75,77.15,72.6,73.25,102305,53349,1413
LAURUSLABS,10-FEB-2021,361.35,363.6,355.5,359.3,1758227,737295,19937
LAXMIMACH,10-FEB-2021,6250.0,6347.0,6110.0,6199.1,7493,3120,2384
LEMONTREE,10-FEB-2021,42.3,42.55,41.2,41.4,1018952,500553,4688
LFIC,10-FEB-2021,78.25,85.95,73.85,79.75,14710,1750,449
LGBBROSLTD,10-FEB-2021,330.1,342.0,328.55,332.6,80809,43348,2686
LGBFORGE,10-FEB-2021,3.8,3.9,3.65,3.7,72383,44108,122
LIBERTSHOE,10-FEB-2021,143.0,145.35,141.6,142.75,54651,15914,1284
LICHSGFIN,10-FEB-2021,439.0,442.7,432.8,439.25,3504928,406169,42342
LICNETFGSC,10-FEB-2021,21.88,21.88,21.62,21.77,11667,10322,94
LICNETFN50,10-FEB-2021,160.0,166.0,156.15,159.19,1971,1383,216
LICNETFSEN,10-FEB-2021,548.0,548.0,525.1,530.05,134,110,63
LICNFNHGP,10-FEB-2021,155.0,158.96,154.55,155.7,205,113,39
LIKHITHA,10-FEB-2021,224.0,225.0,218.85,219.95,246117,71966,4084
LINCOLN,10-FEB-2021,221.05,224.9,219.55,223.3,259335,176007,3408
LINCPEN,10-FEB-2021,189.95,189.95,183.5,184.45,4699,2590,162
LINDEINDIA,10-FEB-2021,1084.8,1144.65,1044.0,1098.95,417642,146532,22499
LIQUIDBEES,10-FEB-2021,1000.0,1001.9,999.13,1000.0,691775,552762,3313
LIQUIDETF,10-FEB-2021,1000.04,1000.04,999.99,1000.0,15004,9102,73
LOTUSEYE,10-FEB-2021,35.8,36.0,34.6,35.6,8108,6071,106
LOVABLE,10-FEB-2021,82.35,87.65,82.05,85.1,35682,16231,948
LSIL,10-FEB-2021,1.0,1.0,0.95,1.0,1031493,591660,654
LT,10-FEB-2021,1560.0,1564.0,1528.7,1552.85,2578777,926789,98508
LTI,10-FEB-2021,4075.0,4100.0,3957.8,3999.9,109185,64899,20367
LTTS,10-FEB-2021,2680.0,2689.0,2565.0,2622.15,168571,67055,17388
LUMAXIND,10-FEB-2021,1417.75,1422.0,1400.0,1403.45,3088,1601,521
LUMAXTECH,10-FEB-2021,127.6,130.65,127.6,130.05,28813,17674,706
LUPIN,10-FEB-2021,1058.3,1073.7,1048.7,1069.1,1281670,171626,31726
LUXIND,10-FEB-2021,1710.0,1790.0,1695.4,1765.2,101435,26961,6258
LYPSAGEMS,10-FEB-2021,4.4,4.4,3.9,4.1,16828,11166,56
M&M,10-FEB-2021,899.0,917.0,886.1,914.15,6465767,1113826,135337
M&MFIN,10-FEB-2021,185.0,195.35,183.5,190.55,22157384,5058279,118723
M100,10-FEB-2021,23.88,23.94,23.55,23.85,78787,55461,607
M50,10-FEB-2021,150.0,150.0,146.15,148.09,2398,1888,67
MAANALU,10-FEB-2021,107.95,109.9,106.1,109.55,9442,5378,309
MADHAV,10-FEB-2021,54.45,55.85,54.0,54.6,11311,8243,144
MADHUCON,10-FEB-2021,4.9,5.45,4.9,5.0,11729,8358,56
MAESGETF,10-FEB-2021,25.6,25.7,25.37,25.58,15005,13000,72
MAGADSUGAR,10-FEB-2021,110.75,111.75,106.65,108.1,11613,7110,350
MAGMA,10-FEB-2021,82.8,85.05,77.0,85.05,6926558,3239186,24953
MAGNUM,10-FEB-2021,4.35,4.35,4.2,4.25,17421,11643,53
MAHABANK,10-FEB-2021,16.0,16.0,15.3,15.4,3409503,1237043,4778
MAHASTEEL,10-FEB-2021,109.5,109.5,102.0,102.9,14837,8608,447
MAHEPC,10-FEB-2021,153.0,156.05,152.55,153.5,100456,38511,1786
MAHESHWARI,10-FEB-2021,98.5,100.2,94.15,99.4,435184,178834,2033
MAHINDCIE,10-FEB-2021,166.7,168.35,164.0,165.95,154490,50603,5762
MAHLIFE,10-FEB-2021,467.05,483.8,463.35,478.1,48291,24993,2342
MAHLOG,10-FEB-2021,488.0,502.6,488.0,495.25,50073,20864,2517
MAHSCOOTER,10-FEB-2021,3887.0,3925.0,3884.95,3890.3,5184,2459,885
MAHSEAMLES,10-FEB-2021,282.05,292.0,282.05,288.9,27802,13275,1067
MAITHANALL,10-FEB-2021,633.9,648.95,630.0,637.85,41034,15488,2923
MALUPAPER,10-FEB-2021,28.25,28.8,27.6,27.85,4116,2433,66
MAN50ETF,10-FEB-2021,157.2,157.2,153.17,154.44,53823,41533,875
MANAKALUCO,10-FEB-2021,9.45,9.6,9.0,9.45,28962,26527,82
MANAKCOAT,10-FEB-2021,9.8,11.0,9.75,10.75,97261,62996,177
MANAKSIA,10-FEB-2021,54.5,54.85,53.2,54.6,25167,15611,385
MANAKSTEEL,10-FEB-2021,19.7,20.65,19.65,20.3,31602,21370,242
MANALIPETC,10-FEB-2021,42.5,45.3,42.5,45.3,11766934,4554894,29288
MANAPPURAM,10-FEB-2021,174.0,175.3,170.75,173.6,4713581,1080262,33690
MANGALAM,10-FEB-2021,136.0,139.0,134.1,137.5,33534,19178,724
MANGCHEFER,10-FEB-2021,57.95,63.8,55.7,62.1,2265128,1132192,9214
MANGLMCEM,10-FEB-2021,267.0,271.95,265.7,270.25,82581,36370,2031
MANGTIMBER,10-FEB-2021,12.15,12.3,11.5,12.3,34497,33751,98
MANINDS,10-FEB-2021,76.9,77.55,73.75,75.95,224372,123330,2549
MANINFRA,10-FEB-2021,38.0,39.35,37.45,38.9,1937983,1038952,6224
MANUGRAPH,10-FEB-2021,12.75,13.0,11.95,12.15,6134,3944,64
MANXT50,10-FEB-2021,339.95,341.51,337.71,341.5,6974,4865,102
MARATHON,10-FEB-2021,76.95,77.3,73.55,74.45,25624,19911,373
MARICO,10-FEB-2021,414.0,416.8,408.4,410.85,1825990,916868,29764
MARINE,10-FEB-2021,234.15,240.0,232.2,236.05,92092,37527,593
MARKSANS,10-FEB-2021,59.0,59.6,56.4,58.0,1626274,831146,7124
MARUTI,10-FEB-2021,7605.2,7674.9,7506.05,7621.7,1015600,233643,97257
MASFIN,10-FEB-2021,886.0,895.0,872.2,879.1,17390,9294,1699
MASTEK,10-FEB-2021,1094.0,1128.9,1065.0,1108.2,219584,64697,13454
MATRIMONY,10-FEB-2021,859.35,878.0,853.0,873.5,9291,7172,901
MAWANASUG,10-FEB-2021,32.5,33.75,29.5,29.8,507538,347889,1616
MAXHEALTH,10-FEB-2021,185.0,188.5,177.5,179.95,512282,312352,6186
MAXIND,10-FEB-2021,63.05,64.15,63.0,63.05,262747,171772,1188
MAXVIL,10-FEB-2021,53.0,55.35,52.15,54.6,259181,100805,2011
MAYURUNIQ,10-FEB-2021,338.8,362.8,330.1,351.85,258281,91486,7233
MAZDA,10-FEB-2021,580.25,593.1,570.0,586.7,9436,4905,800
MAZDOCK,10-FEB-2021,221.05,228.0,219.1,224.95,1761757,493902,22358
MBLINFRA,10-FEB-2021,19.8,19.95,19.15,19.45,106693,67844,319
MCDHOLDING,10-FEB-2021,36.5,36.9,35.1,36.25,63092,37243,838
MCDOWELL-N,10-FEB-2021,570.95,575.0,563.05,572.85,2102358,681622,70465
MCL,10-FEB-2021,93.05,93.1,89.0,89.85,13233,10620,107
MCLEODRUSS,10-FEB-2021,19.0,19.0,18.1,18.45,272199,205861,675
MCX,10-FEB-2021,1552.0,1559.0,1491.2,1495.8,773408,498348,46723
MEGASOFT,10-FEB-2021,11.25,11.25,11.0,11.1,39907,26442,132
MEGH,10-FEB-2021,81.85,82.85,80.1,80.95,873704,339632,4837
MENONBE,10-FEB-2021,60.95,61.9,58.65,59.25,121258,77049,1725
MEP,10-FEB-2021,17.15,17.8,16.6,16.9,441225,282652,882
METALFORGE,10-FEB-2021,5.0,5.0,5.0,5.0,25172,25172,42
METROPOLIS,10-FEB-2021,2185.95,2253.0,2128.0,2143.45,43254,22732,6293
MFSL,10-FEB-2021,747.4,798.95,742.75,776.9,7208761,1089630,194325
MGEL,10-FEB-2021,47.5,47.5,45.3,46.5,5665,5470,21
MGL,10-FEB-2021,1154.8,1154.8,1098.85,1128.55,1510652,246433,73518
MHRIL,10-FEB-2021,232.0,234.95,231.2,232.05,44193,24393,1078
MIDHANI,10-FEB-2021,189.0,190.75,185.65,186.05,788828,449660,12810
MINDACORP,10-FEB-2021,93.65,94.9,92.65,93.05,708002,269083,3837
MINDAIND,10-FEB-2021,587.7,587.7,560.0,578.4,180519,74883,9020
MINDTECK,10-FEB-2021,45.8,45.8,44.05,44.35,9312,7220,169
MINDTREE,10-FEB-2021,1725.0,1740.0,1712.2,1726.8,360216,91230,16095
MIRCELECTR,10-FEB-2021,12.25,13.2,12.1,13.2,1874061,1003252,1936
MIRZAINT,10-FEB-2021,51.95,52.5,51.35,51.55,315080,137982,1970
MITTAL,10-FEB-2021,11.45,11.5,11.1,11.2,57626,36602,185
MMFL,10-FEB-2021,509.0,509.0,494.0,506.3,10412,4467,707
MMP,10-FEB-2021,85.4,86.95,83.1,84.65,2997,1684,66
MMTC,10-FEB-2021,29.1,29.8,28.7,29.0,2368675,494870,4905
MOHITIND,10-FEB-2021,7.0,7.35,6.55,7.35,11606,11581,36
MOIL,10-FEB-2021,142.35,143.0,141.05,141.95,161961,69029,2921
MOLDTECH,10-FEB-2021,47.0,49.05,45.6,46.65,22555,16549,420
MOLDTKPAC,10-FEB-2021,360.95,386.25,356.75,373.45,240279,78586,7426
MONTECARLO,10-FEB-2021,231.25,235.75,230.1,231.2,43892,17113,2275
MORARJEE,10-FEB-2021,13.6,13.7,12.6,13.25,17957,11909,82
MOREPENLAB,10-FEB-2021,29.3,29.35,28.7,29.0,1427899,696007,4633
MOTHERSUMI,10-FEB-2021,161.1,176.8,159.1,174.15,59211661,14310563,258919
MOTILALOFS,10-FEB-2021,614.0,615.95,598.65,601.0,162858,98336,6855
MOTOGENFIN,10-FEB-2021,20.5,20.5,18.55,19.0,8369,3404,257
MPHASIS,10-FEB-2021,1652.2,1665.9,1625.9,1639.15,309641,180463,32853
MPSLTD,10-FEB-2021,470.0,498.95,462.0,485.5,34983,19640,1801
MRF,10-FEB-2021,93852.0,97880.8,92750.0,96973.85,72305,5061,40674
MRO-TEK,10-FEB-2021,29.5,32.1,29.5,31.6,17623,14602,67
MRPL,10-FEB-2021,35.45,35.85,34.6,34.85,1024435,414923,3531
MSPL,10-FEB-2021,7.65,8.3,7.65,8.25,103401,73042,262
MSTCLTD,10-FEB-2021,359.5,371.9,332.35,343.4,1833618,503056,45438
MTEDUCARE,10-FEB-2021,8.95,8.95,8.65,8.7,33767,27992,131
MTNL,10-FEB-2021,13.0,13.25,12.8,12.9,1378888,703008,4231
MUKANDENGG,10-FEB-2021,12.6,12.75,11.9,12.5,8554,7004,72
MUKANDLTD,10-FEB-2021,67.3,69.8,65.1,66.3,308556,129492,5155
MUKTAARTS,10-FEB-2021,31.05,31.4,30.2,31.0,8813,6006,100
MUNJALAU,10-FEB-2021,60.9,61.35,59.3,59.9,158714,73208,1497
MUNJALSHOW,10-FEB-2021,167.7,167.7,161.25,162.85,183420,66019,3619
MURUDCERA,10-FEB-2021,22.45,22.8,22.1,22.2,135160,85389,636
MUTHOOTCAP,10-FEB-2021,398.3,406.5,390.2,393.3,53283,24769,1707
MUTHOOTFIN,10-FEB-2021,1200.0,1274.8,1190.0,1267.9,9275539,1677441,278359
N100,10-FEB-2021,998.9,998.9,985.0,988.18,33153,18877,1476
NACLIND,10-FEB-2021,40.2,40.7,39.55,40.3,41694,24663,360
NAGREEKCAP,10-FEB-2021,6.75,6.75,6.75,6.75,634,634,3
NAGREEKEXP,10-FEB-2021,18.8,18.8,17.65,18.05,4096,2741,80
NAHARCAP,10-FEB-2021,94.0,95.2,93.2,94.2,6833,3246,266
NAHARINDUS,10-FEB-2021,42.3,45.0,42.15,44.1,6212,4334,107
NAHARPOLY,10-FEB-2021,93.8,93.8,90.8,92.25,28080,17925,410
NAHARSPING,10-FEB-2021,82.35,82.4,77.9,78.7,20517,14632,304
NAM-INDIA,10-FEB-2021,327.5,330.2,316.75,319.15,986960,630535,9336
NATCOPHARM,10-FEB-2021,907.95,909.85,878.0,885.85,461312,345865,7097
NATHBIOGEN,10-FEB-2021,272.05,277.95,268.3,273.1,22488,14229,679
NATIONALUM,10-FEB-2021,48.75,50.1,48.65,49.15,19154211,3910776,22576
NATNLSTEEL,10-FEB-2021,5.3,5.3,5.3,5.3,39922,39922,30
NAUKRI,10-FEB-2021,4968.05,5177.0,4877.1,5119.65,954475,115349,89679
NAVINFLUOR,10-FEB-2021,2535.25,2570.65,2501.7,2549.15,165296,123009,7457
NAVKARCORP,10-FEB-2021,38.65,39.65,38.4,39.15,274351,77318,2733
NAVNETEDUL,10-FEB-2021,82.0,82.35,80.45,80.85,46524,30507,774
NBCC,10-FEB-2021,32.95,33.1,32.05,32.55,10000027,3902426,20868
NBIFIN,10-FEB-2021,1900.0,1900.0,1790.6,1798.0,579,404,125
NBVENTURES,10-FEB-2021,62.0,62.5,60.85,61.25,690145,314138,3518
NCC,10-FEB-2021,90.55,95.0,87.55,90.9,19792439,4936177,73842
NCLIND,10-FEB-2021,165.0,166.85,158.5,160.45,479275,232713,6331
NCPSESDL24,10-FEB-2021,101.96,102.45,101.96,102.45,26,26,3
NDGL,10-FEB-2021,724.75,797.6,713.05,797.6,2573,1988,161
NDL,10-FEB-2021,29.2,29.8,28.1,29.1,43433,23489,203
NDRAUTO,10-FEB-2021,232.65,240.85,228.0,237.45,7127,5241,325
NDTV,10-FEB-2021,43.9,43.9,43.9,43.9,75955,75955,304
NECCLTD,10-FEB-2021,9.75,10.4,9.65,9.75,22868,14892,115
NECLIFE,10-FEB-2021,20.65,20.8,20.35,20.4,140055,61609,552
NELCAST,10-FEB-2021,71.2,72.7,69.0,70.5,126018,40554,2290
NELCO,10-FEB-2021,220.5,224.45,213.6,222.35,185032,64983,3560
NEOGEN,10-FEB-2021,749.0,756.7,735.15,745.1,92738,69276,4408
NESCO,10-FEB-2021,600.25,609.0,590.0,593.95,39411,17961,2377
NESTLEIND,10-FEB-2021,17340.2,17436.8,17086.5,17177.35,116576,57516,31207
NETF,10-FEB-2021,185.65,185.65,185.65,185.65,157,156,43
NETFCONSUM,10-FEB-2021,66.79,68.5,65.9,66.81,4954,3687,146
NETFDIVOPP,10-FEB-2021,33.53,36.5,33.53,35.99,1109,522,72
NETFIT,10-FEB-2021,26.22,26.22,25.91,26.07,472873,304866,1784
NETFLTGILT,10-FEB-2021,22.5,22.5,22.16,22.25,71799,60826,115
NETFMID150,10-FEB-2021,87.18,89.25,86.25,87.06,51713,40291,534
NETFNIF100,10-FEB-2021,157.0,157.0,154.22,155.93,507,365,36
NETFNV20,10-FEB-2021,79.91,79.91,78.96,79.46,2410,2281,52
NETWORK18,10-FEB-2021,36.3,36.7,36.3,36.45,548728,346581,1161
NEULANDLAB,10-FEB-2021,1999.0,2091.55,1981.8,2009.45,502032,145760,40963
NEWGEN,10-FEB-2021,288.0,290.0,285.3,287.9,29874,17291,941
NEXTMEDIA,10-FEB-2021,4.85,5.0,4.65,5.0,10836,10336,38
NFL,10-FEB-2021,40.9,42.8,40.35,41.65,3813188,598611,14372
NH,10-FEB-2021,488.0,489.9,461.0,468.7,982991,926576,10766
NHPC,10-FEB-2021,24.35,24.95,24.3,24.8,6727657,3976964,9029
NIACL,10-FEB-2021,132.25,133.9,130.3,132.4,380853,150635,7713
NIFTYBEES,10-FEB-2021,161.83,161.92,160.15,161.46,2086456,464721,13110
NIFTYEES,10-FEB-2021,19000.0,19400.0,19000.0,19385.0,7,6,7
NIITLTD,10-FEB-2021,192.35,195.35,192.0,193.45,246174,127412,7188
NILKAMAL,10-FEB-2021,1750.0,1768.9,1707.0,1737.25,92956,22152,6924
NIPPOBATRY,10-FEB-2021,699.9,708.0,685.0,702.6,3855,2341,500
NIRAJ,10-FEB-2021,40.25,41.85,38.75,39.45,1445,693,47
NITCO,10-FEB-2021,23.7,24.35,23.65,23.9,26516,17409,179
NITINSPIN,10-FEB-2021,74.55,75.8,70.5,71.6,62495,45559,574
NKIND,10-FEB-2021,17.65,19.95,17.6,18.7,459,257,15
NLCINDIA,10-FEB-2021,58.4,59.8,57.0,57.85,4616514,1773829,15592
NMDC,10-FEB-2021,117.9,118.5,115.75,117.1,7087466,1382539,25927
NOCIL,10-FEB-2021,153.0,153.0,147.6,148.55,762369,404891,7238
NOIDATOLL,10-FEB-2021,6.0,6.2,5.8,6.0,58761,41190,209
NORBTEAEXP,10-FEB-2021,6.6,7.15,6.6,7.0,2991,2410,25
NOVARTIND,10-FEB-2021,651.15,651.15,634.9,641.7,18476,11204,1261
NPBET,10-FEB-2021,180.7,185.0,180.7,184.43,146,98,37
NRAIL,10-FEB-2021,223.4,224.6,217.35,223.7,29220,19218,908
NRBBEARING,10-FEB-2021,120.0,122.6,119.0,120.6,870823,355336,13628
NSIL,10-FEB-2021,1008.0,1028.35,991.0,1013.55,1786,1087,401
NTL,10-FEB-2021,0.85,0.85,0.8,0.8,9690,9690,28
NTPC,10-FEB-2021,100.0,100.5,98.65,99.85,19070866,6794367,64916
NUCLEUS,10-FEB-2021,539.0,554.5,539.0,550.5,61525,34066,3534
NXTDIGITAL,10-FEB-2021,520.75,531.0,483.7,516.35,5773,3659,609
OAL,10-FEB-2021,592.0,600.0,576.85,592.65,15188,8845,1015
OBEROIRLTY,10-FEB-2021,566.9,594.0,564.0,590.0,782454,337977,22787
OCCL,10-FEB-2021,922.0,927.7,901.2,910.25,19106,12325,1716
OFSS,10-FEB-2021,3242.8,3247.15,3184.25,3197.8,68172,54931,5048
OIL,10-FEB-2021,120.4,120.9,119.5,119.9,920887,461435,8273
OLECTRA,10-FEB-2021,181.7,185.0,174.35,178.65,526445,279614,9884
OMAXAUTO,10-FEB-2021,49.25,50.0,48.45,48.9,25786,17811,356
OMAXE,10-FEB-2021,75.4,75.4,73.5,74.45,21804,17269,342
OMINFRAL,10-FEB-2021,23.05,23.4,22.2,22.45,69032,58226,365
ONEPOINT,10-FEB-2021,17.1,18.45,15.75,17.0,12291,10100,123
ONGC,10-FEB-2021,102.0,102.5,98.6,100.0,21467230,5999403,86975
ONMOBILE,10-FEB-2021,64.0,64.5,61.95,62.3,254299,159866,1967
ONWARDTEC,10-FEB-2021,100.0,101.0,96.2,99.95,87692,31757,2274
OPTIEMUS,10-FEB-2021,85.1,89.5,82.75,84.9,25755,18751,492
OPTOCIRCUI,10-FEB-2021,5.0,5.0,4.8,4.85,287208,199619,418
ORBTEXP,10-FEB-2021,66.95,67.0,63.5,63.85,20838,16352,458
ORIENTABRA,10-FEB-2021,23.9,24.3,23.15,23.45,43083,26261,350
ORIENTALTL,10-FEB-2021,8.85,9.5,8.55,8.75,337318,219276,932
ORIENTBELL,10-FEB-2021,225.95,231.95,216.4,218.75,68307,25225,2099
ORIENTCEM,10-FEB-2021,90.55,92.0,88.25,89.95,475880,200549,5971
ORIENTELEC,10-FEB-2021,284.7,287.0,275.05,279.9,316542,169109,12720
ORIENTHOT,10-FEB-2021,23.9,25.0,23.45,24.55,54875,38065,236
ORIENTLTD,10-FEB-2021,95.0,95.4,92.5,94.9,432,212,61
ORIENTPPR,10-FEB-2021,21.6,21.75,20.8,21.25,690124,197054,1878
ORIENTREF,10-FEB-2021,237.2,239.95,231.0,233.05,124218,59860,3187
ORISSAMINE,10-FEB-2021,2366.4,2415.6,2331.0,2344.35,3933,2106,903
OSWALAGRO,10-FEB-2021,11.05,11.05,10.5,10.6,46810,26826,233
PAGEIND,10-FEB-2021,30210.0,32205.65,29800.0,31933.7,170377,25949,50851
PAISALO,10-FEB-2021,801.0,812.0,770.25,796.45,100397,30127,1956
PALASHSECU,10-FEB-2021,46.75,46.75,43.05,44.7,834,409,23
PANACEABIO,10-FEB-2021,211.6,214.65,208.4,210.7,96268,24456,2966
PANACHE,10-FEB-2021,44.0,45.4,41.85,44.55,70084,34952,774
PANAMAPET,10-FEB-2021,126.9,127.6,121.1,122.55,213931,116189,2734
PARACABLES,10-FEB-2021,8.7,8.8,8.55,8.65,138691,74922,318
PARAGMILK,10-FEB-2021,110.0,110.0,108.0,108.4,281643,165785,2405
PARSVNATH,10-FEB-2021,4.9,5.05,4.9,4.95,78705,62678,136
PATELENG,10-FEB-2021,14.85,15.0,14.35,14.45,431359,247073,974
PATINTLOG,10-FEB-2021,29.3,29.9,29.1,29.45,16473,10689,162
PATSPINLTD,10-FEB-2021,5.55,5.6,5.45,5.55,1312,1312,12
PCJEWELLER,10-FEB-2021,26.55,26.85,26.05,26.6,1345496,419089,3816
PDMJEPAPER,10-FEB-2021,20.9,22.15,20.9,21.5,161988,94203,610
PDSMFL,10-FEB-2021,620.05,620.05,603.0,609.0,2557,2194,193
PEARLPOLY,10-FEB-2021,16.6,16.6,15.25,15.45,2951,2354,58
PEL,10-FEB-2021,1590.0,1639.35,1582.05,1621.05,2109626,494497,87611
PENIND,10-FEB-2021,22.6,22.8,22.05,22.1,85437,52881,383
PENINLAND,10-FEB-2021,6.1,6.15,5.95,5.95,111579,80811,219
PERSISTENT,10-FEB-2021,1722.6,1778.0,1710.0,1772.55,97149,34863,9254
PETRONET,10-FEB-2021,244.0,244.0,237.15,240.9,5449342,2493743,62577
PFC,10-FEB-2021,125.95,128.25,125.25,127.15,7931113,2627162,36895
PFIZER,10-FEB-2021,4458.15,4479.7,4400.0,4415.8,38386,17962,6365
PFOCUS,10-FEB-2021,49.7,51.7,48.3,51.4,521237,450811,1475
PFS,10-FEB-2021,18.0,18.3,17.95,18.15,492520,267306,1152
PGEL,10-FEB-2021,252.45,256.0,244.9,256.0,98901,62579,967
PGHH,10-FEB-2021,12780.0,12885.25,12501.0,12533.7,7296,2578,3058
PGHL,10-FEB-2021,7315.0,7492.95,7270.0,7337.5,7150,4179,2414
PGIL,10-FEB-2021,178.1,178.4,175.55,176.05,991,562,43
PHILIPCARB,10-FEB-2021,205.55,206.4,197.5,199.0,2390898,815997,28078
PHOENIXLTD,10-FEB-2021,828.0,828.0,787.35,807.85,106404,61872,4395
PIDILITIND,10-FEB-2021,1764.75,1782.0,1743.0,1757.15,412296,117776,21833
PIIND,10-FEB-2021,2230.0,2241.65,2203.0,2229.55,150288,70851,18675
PILANIINVS,10-FEB-2021,1935.0,1940.0,1880.7,1896.1,3857,609,567
PILITA,10-FEB-2021,13.2,14.0,12.8,12.9,315831,171191,712
PIONDIST,10-FEB-2021,110.0,112.75,110.0,111.9,5976,2588,145
PIONEEREMB,10-FEB-2021,44.9,44.9,44.1,44.3,19691,13941,400
PITTIENG,10-FEB-2021,66.3,67.35,65.1,66.45,201354,49507,4234
PLASTIBLEN,10-FEB-2021,244.3,247.0,237.1,238.3,4958,3603,196
PNB,10-FEB-2021,38.8,39.95,38.65,39.45,213081321,19161593,177856
PNBGILTS,10-FEB-2021,56.5,56.9,55.8,55.95,1212979,853842,4866
PNBHOUSING,10-FEB-2021,353.15,360.05,351.15,357.05,134606,46779,3216
PNC,10-FEB-2021,19.25,19.4,18.65,18.85,9614,6840,75
PNCINFRA,10-FEB-2021,266.0,270.0,259.7,263.85,1433103,861325,25481
PODDARMENT,10-FEB-2021,199.05,199.05,195.2,196.05,8311,5899,345
POKARNA,10-FEB-2021,252.15,257.8,237.0,239.3,93936,61504,2170
POLYCAB,10-FEB-2021,1299.95,1308.0,1270.0,1301.15,259528,115540,15677
POLYMED,10-FEB-2021,557.9,567.0,550.2,563.25,88110,37813,3616
POLYPLEX,10-FEB-2021,860.15,892.0,840.0,883.5,3139714,671600,74763
PONNIERODE,10-FEB-2021,144.1,147.0,143.9,146.65,3303,2686,106
POWERGRID,10-FEB-2021,210.55,214.0,207.0,210.45,19231530,9898504,81514
POWERINDIA,10-FEB-2021,1323.3,1334.55,1302.4,1327.25,37069,23072,6988
POWERMECH,10-FEB-2021,544.9,566.9,541.15,553.15,268246,81490,7736
PPAP,10-FEB-2021,257.95,258.05,251.5,252.8,94931,61723,2731
PPL,10-FEB-2021,114.15,114.8,111.9,112.6,91616,47534,1289
PRABHAT,10-FEB-2021,71.75,76.45,71.75,75.7,86047,72457,1061
PRAENG,10-FEB-2021,9.4,9.4,8.9,9.1,37554,32104,65
PRAJIND,10-FEB-2021,132.9,134.9,128.0,128.65,1519790,693561,14442
PRAKASH,10-FEB-2021,50.3,50.9,49.0,49.25,498339,279588,4076
PRAKASHSTL,10-FEB-2021,0.85,0.9,0.85,0.9,185750,151347,87
PRECAM,10-FEB-2021,48.9,51.4,47.25,48.85,579441,267615,3872
PRECOT,10-FEB-2021,94.0,96.7,90.05,91.4,38608,34243,178
PRECWIRE,10-FEB-2021,161.9,167.0,156.6,164.65,45593,26793,1622
PREMEXPLN,10-FEB-2021,145.0,149.0,137.3,141.45,39222,19724,996
PREMIERPOL,10-FEB-2021,40.8,41.0,39.05,40.85,4084,3141,102
PRESSMN,10-FEB-2021,23.05,23.9,22.65,22.95,23393,13461,191
PRESTIGE,10-FEB-2021,284.0,293.5,280.5,291.7,762885,300774,11443
PRICOLLTD,10-FEB-2021,58.2,60.0,57.6,58.55,1055995,515212,5411
PRIMESECU,10-FEB-2021,40.8,43.4,40.6,41.35,22392,11590,211
PRINCEPIPE,10-FEB-2021,398.0,423.9,392.0,417.1,307890,120544,9602
PRIVISCL,10-FEB-2021,613.8,618.4,605.45,607.85,15090,6345,2004
PROZONINTU,10-FEB-2021,20.4,20.75,19.75,19.95,144342,97220,444
PRSMJOHNSN,10-FEB-2021,100.5,107.85,99.35,106.3,1910400,629974,19344
PSB,10-FEB-2021,14.55,14.6,14.15,14.2,506533,288623,983
PSPPROJECT,10-FEB-2021,476.0,486.5,449.05,465.8,345486,119565,6287
PSUBNKBEES,10-FEB-2021,24.8,25.15,24.29,24.66,535058,284416,1092
PTC,10-FEB-2021,63.8,65.65,63.65,64.65,2115093,984284,11299
PTL,10-FEB-2021,42.6,43.9,41.65,42.05,74695,55358,753
PUNJABCHEM,10-FEB-2021,855.0,871.0,850.0,860.6,10164,8712,488
PURVA,10-FEB-2021,82.0,83.4,81.55,82.75,64240,36785,715
PVR,10-FEB-2021,1514.5,1524.75,1490.0,1498.8,949058,237711,30686
QGOLDHALF,10-FEB-2021,2084.0,2086.0,2078.0,2080.0,1442,1266,107
QNIFTY,10-FEB-2021,1560.0,1563.95,1552.0,1558.0,39,28,17
QUESS,10-FEB-2021,701.0,718.0,697.0,706.95,314493,112063,13795
QUICKHEAL,10-FEB-2021,156.25,156.5,152.45,153.25,318054,72122,14039
RADICO,10-FEB-2021,519.85,527.6,516.2,521.25,491493,266457,9191
RADIOCITY,10-FEB-2021,23.7,23.8,23.45,23.55,114232,80665,290
RAIN,10-FEB-2021,136.45,137.5,132.85,134.4,1592506,483597,14580
RAJESHEXPO,10-FEB-2021,486.9,489.9,483.0,483.05,524037,401402,6689
RAJRATAN,10-FEB-2021,576.85,576.85,560.0,563.2,8303,6021,424
RAJSREESUG,10-FEB-2021,16.2,16.4,15.3,15.95,10156,5476,112
RAJTV,10-FEB-2021,34.95,35.2,33.3,34.0,6126,3630,117
RALLIS,10-FEB-2021,270.0,270.4,265.0,266.9,263580,96499,8000
RAMANEWS,10-FEB-2021,14.45,14.7,14.3,14.45,50122,32597,216
RAMCOCEM,10-FEB-2021,933.8,946.05,914.95,928.1,1024413,416950,27557
RAMCOIND,10-FEB-2021,233.6,239.25,233.6,238.55,50706,35132,1304
RAMCOSYS,10-FEB-2021,643.85,643.85,623.2,626.0,70975,33475,3044
RAMKY,10-FEB-2021,53.9,56.0,51.5,52.15,89601,63183,445
RANASUG,10-FEB-2021,6.8,7.5,6.6,7.0,2567536,954138,2195
RANEENGINE,10-FEB-2021,274.5,274.5,262.1,264.25,2720,1451,130
RANEHOLDIN,10-FEB-2021,613.2,624.05,587.4,591.2,39026,21159,2858
RATNAMANI,10-FEB-2021,1620.0,1656.65,1600.0,1616.9,11132,6112,1246
RAYMOND,10-FEB-2021,333.0,339.8,328.0,334.65,1524074,391180,19548
RBL,10-FEB-2021,820.3,820.3,809.6,810.4,3568,2010,310
RBLBANK,10-FEB-2021,246.35,248.8,239.3,243.05,15882144,1903114,90067
RCF,10-FEB-2021,53.55,54.3,53.1,53.45,1631999,673873,6233
RCOM,10-FEB-2021,1.8,1.85,1.75,1.8,8822593,4621109,4741
RECLTD,10-FEB-2021,146.2,148.65,145.4,146.8,3996999,1253464,22878
REDINGTON,10-FEB-2021,158.6,163.9,157.0,162.1,362903,175136,8391
REFEX,10-FEB-2021,106.0,107.1,104.0,104.45,138771,86908,2266
RELAXO,10-FEB-2021,880.05,897.9,877.1,893.9,237538,108819,10313
RELCAPITAL,10-FEB-2021,10.05,10.25,10.0,10.05,840576,500305,1633
RELIANCE,10-FEB-2021,1953.75,1984.75,1927.3,1974.3,9799560,3630351,288994
RELIGARE,10-FEB-2021,67.0,67.9,66.3,66.7,210376,149113,1006
RELINFRA,10-FEB-2021,32.0,32.2,30.8,31.3,2604870,1550881,5465
REMSONSIND,10-FEB-2021,118.0,122.95,115.0,121.55,4558,1443,355
RENUKA,10-FEB-2021,9.75,9.8,9.35,9.65,3363384,2396921,2820
REPCOHOME,10-FEB-2021,263.9,263.9,254.95,259.5,153823,84039,2522
REPL,10-FEB-2021,159.3,180.7,159.3,178.45,51400,42781,752
REPRO,10-FEB-2021,374.05,398.9,372.85,394.45,13468,7540,896
RESPONIND,10-FEB-2021,171.9,194.9,167.9,183.9,190744,50647,2386
REVATHI,10-FEB-2021,588.95,595.65,585.0,587.25,2073,275,584
RGL,10-FEB-2021,304.4,308.0,297.95,304.2,3925,2501,267
RHFL,10-FEB-2021,2.35,2.35,2.15,2.2,1268225,860439,885
RICOAUTO,10-FEB-2021,36.8,37.6,36.5,37.25,308602,138780,1684
RIIL,10-FEB-2021,389.45,390.65,383.4,387.1,127823,24845,2577
RITES,10-FEB-2021,255.75,256.7,244.3,245.5,1399508,700777,25083
RKDL,10-FEB-2021,8.15,8.45,8.05,8.1,3953,2531,50
RKEC,10-FEB-2021,50.7,51.1,49.0,49.8,8306,5315,103
RKFORGE,10-FEB-2021,535.8,540.0,526.05,534.9,10315,3879,876
RMCL,10-FEB-2021,3.15,3.2,2.9,2.95,196028,161707,182
RML,10-FEB-2021,292.4,293.7,280.0,286.75,11203,4407,489
ROHLTD,10-FEB-2021,72.35,72.4,70.25,70.55,38023,24187,468
ROLTA,10-FEB-2021,4.1,4.25,4.05,4.15,476604,261904,1482
ROSSARI,10-FEB-2021,897.0,899.9,880.0,883.0,37840,9742,2161
ROSSELLIND,10-FEB-2021,118.0,118.35,111.6,113.25,42707,21876,1501
ROUTE,10-FEB-2021,1233.0,1285.05,1230.0,1271.1,588212,131130,22116
RPGLIFE,10-FEB-2021,404.85,420.0,399.0,402.7,58429,19648,2683
RPOWER,10-FEB-2021,3.5,3.55,3.25,3.3,22538547,13609001,7143
RPPINFRA,10-FEB-2021,69.85,75.25,67.65,73.85,541999,236950,4215
RPSGVENT,10-FEB-2021,339.9,344.25,332.5,338.0,40475,23592,1441
RSSOFTWARE,10-FEB-2021,25.95,26.0,24.9,25.3,50952,32962,381
RSWM,10-FEB-2021,160.5,160.5,152.05,153.6,12346,10819,305
RSYSTEMS,10-FEB-2021,116.15,116.6,115.4,116.15,7684,6172,340
RTNINFRA,10-FEB-2021,7.1,7.3,6.8,6.95,995335,741627,1036
RTNPOWER,10-FEB-2021,3.0,3.05,2.9,2.9,11634211,5502169,4440
RUBYMILLS,10-FEB-2021,192.4,192.5,186.4,188.0,3443,1397,255
RUCHI,10-FEB-2021,707.0,716.0,701.0,710.8,33765,23734,1666
RUCHIRA,10-FEB-2021,61.8,61.9,60.1,60.65,18984,10548,305
RUPA,10-FEB-2021,305.0,318.8,304.2,312.4,266563,72223,5994
RUSHIL,10-FEB-2021,177.95,178.0,170.25,172.6,11705,9000,724
RVHL,10-FEB-2021,23.45,23.45,22.2,22.4,42049,29032,316
RVNL,10-FEB-2021,30.95,31.45,30.3,30.6,5001834,2160106,12331
SABEVENTS,10-FEB-2021,1.4,1.4,1.35,1.35,1485,1485,10
SADBHAV,10-FEB-2021,63.6,63.95,62.25,62.6,937521,678101,3267
SADBHIN,10-FEB-2021,20.35,21.1,20.2,20.35,229914,152800,709
SAFARI,10-FEB-2021,557.35,563.5,552.0,555.35,2199,1086,337
SAGARDEEP,10-FEB-2021,43.15,43.9,43.15,43.5,36775,21102,240
SAGCEM,10-FEB-2021,681.0,695.15,677.0,688.0,23087,13244,1477
SAIL,10-FEB-2021,68.25,69.75,66.05,66.7,125531414,31084161,156424
SAKAR,10-FEB-2021,97.95,100.0,96.45,99.8,22602,10272,344
SAKHTISUG,10-FEB-2021,9.7,9.95,9.55,9.7,9746,7309,121
SAKSOFT,10-FEB-2021,345.0,347.6,340.25,344.05,20405,12814,644
SAKUMA,10-FEB-2021,5.8,6.0,5.7,5.8,393160,230378,561
SALASAR,10-FEB-2021,343.95,363.2,341.75,359.7,157141,42453,5599
SALONA,10-FEB-2021,73.1,75.0,71.65,73.95,366,118,47
SALSTEEL,10-FEB-2021,3.8,3.9,3.65,3.65,56223,47473,96
SALZERELEC,10-FEB-2021,123.2,123.2,119.3,119.6,23349,13631,437
SAMBHAAV,10-FEB-2021,2.85,2.9,2.75,2.75,46069,39870,53
SANCO,10-FEB-2021,19.05,20.0,16.45,17.65,1711395,778298,2372
SANDESH,10-FEB-2021,744.0,744.0,700.3,720.95,8047,4908,955
SANDHAR,10-FEB-2021,240.4,247.6,237.0,245.9,40934,25831,1832
SANGHIIND,10-FEB-2021,39.0,40.5,38.6,39.85,1544075,729749,4319
SANGHVIFOR,10-FEB-2021,20.0,21.2,18.15,19.95,2107,1440,78
SANGHVIMOV,10-FEB-2021,120.95,121.6,117.6,120.1,71934,63572,459
SANGINITA,10-FEB-2021,27.45,27.45,25.35,26.35,11646,10163,80
SANOFI,10-FEB-2021,7979.9,7999.0,7790.05,7801.0,50586,28051,9986
SARDAEN,10-FEB-2021,363.25,380.0,358.9,375.45,44358,21329,2105
SAREGAMA,10-FEB-2021,967.05,1016.8,967.05,996.2,61361,13824,5992
SARLAPOLY,10-FEB-2021,28.05,28.8,27.65,28.55,75580,39462,471
SASKEN,10-FEB-2021,814.5,826.0,809.0,816.15,9849,3709,1060
SASTASUNDR,10-FEB-2021,133.9,134.9,126.0,130.25,47391,17901,1348
SATIA,10-FEB-2021,87.8,87.9,84.1,84.55,43383,23019,674
SATIN,10-FEB-2021,79.9,79.9,75.0,77.15,132932,81459,1183
SBICARD,10-FEB-2021,1000.0,1031.0,998.95,1024.35,1022092,333379,43100
SBIETFIT,10-FEB-2021,255.53,263.0,255.53,260.26,1385,701,103
SBIETFPB,10-FEB-2021,194.3,194.3,189.1,189.49,2331,2093,51
SBIETFQLTY,10-FEB-2021,131.9,131.9,128.55,129.23,3548,1978,105
SBILIFE,10-FEB-2021,898.0,915.25,894.0,911.35,4993209,1167765,121901
SBIN,10-FEB-2021,394.05,397.9,388.0,392.25,54163507,11147782,395057
SCAPDVR,10-FEB-2021,2.8,2.8,2.6,2.6,309452,268738,599
SCHAEFFLER,10-FEB-2021,5000.0,5000.15,4882.7,4940.7,18059,13006,4319
SCHAND,10-FEB-2021,64.3,65.3,63.9,64.55,70298,9839,1410
SCHNEIDER,10-FEB-2021,107.0,109.85,102.55,105.1,998470,355947,9932
SCI,10-FEB-2021,86.2,86.6,84.35,84.75,1483211,773470,6077
SDBL,10-FEB-2021,30.9,30.9,29.1,29.85,69457,48988,540
SEAMECLTD,10-FEB-2021,483.85,483.9,452.5,465.5,62919,18462,4537
SECURKLOUD,10-FEB-2021,88.2,94.95,87.0,94.9,87171,58983,1422
SELAN,10-FEB-2021,133.7,135.6,132.0,133.3,27744,13513,767
SEQUENT,10-FEB-2021,239.7,265.0,239.5,246.7,2218571,852042,36559
SESHAPAPER,10-FEB-2021,137.0,140.1,136.7,138.65,37010,17772,958
SETCO,10-FEB-2021,15.3,15.45,14.4,14.6,153990,89073,504
SETF10GILT,10-FEB-2021,203.5,204.0,199.9,200.0,270,222,14
SETFGOLD,10-FEB-2021,4287.0,4293.95,4270.0,4280.35,11704,8840,1456
SETFNIF50,10-FEB-2021,159.0,159.0,155.7,157.13,171002,93446,1436
SETFNIFBK,10-FEB-2021,358.54,362.06,354.01,356.96,34230,21389,1039
SETFNN50,10-FEB-2021,354.0,356.0,350.0,355.36,34573,32614,336
SEYAIND,10-FEB-2021,60.4,61.7,59.55,60.2,13368,8353,308
SFL,10-FEB-2021,2081.4,2085.05,2039.15,2054.55,27198,21754,2834
SGL,10-FEB-2021,9.05,9.35,8.95,9.05,11175,7407,108
SHAKTIPUMP,10-FEB-2021,420.55,445.0,412.3,434.55,159701,68306,5655
SHALBY,10-FEB-2021,109.5,110.55,109.1,109.7,74281,27046,1180
SHALPAINTS,10-FEB-2021,108.2,109.05,105.1,106.8,152356,90667,1865
SHANKARA,10-FEB-2021,375.8,375.8,359.0,363.8,91396,43538,3560
SHANTIGEAR,10-FEB-2021,125.0,125.95,120.05,124.1,92220,40046,1189
SHARDACROP,10-FEB-2021,293.75,298.55,287.55,293.1,131491,64533,5849
SHARDAMOTR,10-FEB-2021,2354.0,2398.0,2244.9,2349.75,9627,5747,1328
SHAREINDIA,10-FEB-2021,209.7,209.7,203.05,205.9,11845,8358,269
SHARIABEES,10-FEB-2021,361.6,362.0,358.18,361.8,662,566,26
SHEMAROO,10-FEB-2021,70.55,73.0,70.2,72.15,52656,23041,1370
SHIL,10-FEB-2021,227.0,232.2,225.0,226.9,99840,61178,1776
SHILPAMED,10-FEB-2021,429.9,434.0,425.0,431.1,87642,45593,4595
SHIVAMAUTO,10-FEB-2021,20.75,21.7,20.4,20.6,73490,45374,352
SHIVATEX,10-FEB-2021,142.25,144.0,137.35,138.25,4021,2845,124
SHK,10-FEB-2021,125.5,127.9,124.0,126.45,429778,267282,11153
SHOPERSTOP,10-FEB-2021,200.1,202.0,197.5,198.3,79275,49002,1492
SHREDIGCEM,10-FEB-2021,58.2,58.95,57.4,57.65,499222,195020,2298
SHREECEM,10-FEB-2021,28245.0,28596.0,27853.05,28293.75,86564,13958,23159
SHREEPUSHK,10-FEB-2021,143.4,146.75,137.65,145.3,72783,33658,1818
SHREERAMA,10-FEB-2021,8.7,8.75,8.1,8.45,52513,37139,221
SHRENIK,10-FEB-2021,3.75,3.75,3.7,3.75,2111519,1928105,1753
SHREYANIND,10-FEB-2021,83.7,83.7,78.0,79.0,40427,28538,664
SHREYAS,10-FEB-2021,77.65,80.5,76.65,79.7,66645,42399,640
SHRIRAMCIT,10-FEB-2021,1478.0,1529.85,1465.2,1478.85,27715,16553,3417
SHRIRAMEPC,10-FEB-2021,4.85,4.95,4.75,4.8,293100,187372,409
SHYAMCENT,10-FEB-2021,6.0,6.45,5.75,6.15,102833,52206,244
SHYAMTEL,10-FEB-2021,6.15,6.35,5.5,5.8,6991,6299,56
SICAGEN,10-FEB-2021,15.95,16.7,15.55,15.75,8101,7569,94
SICAL,10-FEB-2021,17.7,18.0,16.65,18.0,1743203,998310,2451
SIEMENS,10-FEB-2021,1854.95,1869.25,1830.0,1859.9,226598,62062,12307
SIGIND,10-FEB-2021,32.1,34.15,31.7,32.7,50181,20275,695
SILINV,10-FEB-2021,207.95,217.95,200.5,212.35,16614,5788,819
SIMBHALS,10-FEB-2021,6.65,7.2,6.65,6.95,48938,44544,69
SIMPLEXINF,10-FEB-2021,37.25,38.6,36.75,38.3,240974,177493,1137
SINTERCOM,10-FEB-2021,90.65,91.85,89.0,89.0,4005,3550,26
SIS,10-FEB-2021,422.0,423.65,405.1,409.55,144157,73674,6617
SITINET,10-FEB-2021,1.0,1.05,1.0,1.0,7149812,6431813,2236
SIYSIL,10-FEB-2021,195.1,199.7,192.5,197.0,75704,34592,1772
SJVN,10-FEB-2021,26.35,26.7,26.3,26.55,1304793,637350,3092
SKFINDIA,10-FEB-2021,2318.0,2423.95,2304.35,2388.15,169577,140379,9251
SKIPPER,10-FEB-2021,63.3,63.9,62.75,62.95,18122,12034,402
SKMEGGPROD,10-FEB-2021,53.55,54.15,53.0,53.45,15965,11870,250
SMARTLINK,10-FEB-2021,89.85,89.9,88.1,88.2,8847,7683,123
SMLISUZU,10-FEB-2021,511.25,517.1,500.0,505.55,31824,9819,3488
SMSLIFE,10-FEB-2021,583.05,593.35,571.05,587.95,3755,2493,199
SMSPHARMA,10-FEB-2021,133.4,134.65,126.5,129.0,221242,133587,2915
SNOWMAN,10-FEB-2021,51.1,51.75,48.55,49.7,2383304,1093454,14553
SOBHA,10-FEB-2021,452.8,458.55,443.0,449.15,137454,54926,7142
SOLARA,10-FEB-2021,1519.85,1520.0,1464.05,1502.65,91641,53436,8601
SOLARINDS,10-FEB-2021,1256.6,1256.6,1222.55,1240.4,15299,11411,1844
SOMANYCERA,10-FEB-2021,376.7,395.0,375.95,392.5,133737,75904,4638
SOMATEX,10-FEB-2021,4.5,4.5,4.5,4.5,18331,18331,15
SONATSOFTW,10-FEB-2021,407.0,408.95,399.5,401.35,306106,210035,8957
SORILINFRA,10-FEB-2021,119.9,122.45,117.2,119.35,104776,29924,2581
SOTL,10-FEB-2021,822.85,954.7,820.0,899.8,235538,88953,14568
SOUTHBANK,10-FEB-2021,8.3,8.35,8.15,8.2,8397234,4015445,132389
SOUTHWEST,10-FEB-2021,53.4,53.6,50.75,51.8,62341,58286,211
SPAL,10-FEB-2021,148.0,151.45,147.95,149.85,11995,7883,342
SPANDANA,10-FEB-2021,745.0,745.0,708.15,714.85,113787,66597,6632
SPARC,10-FEB-2021,183.05,185.35,181.3,182.35,330416,104340,4886
SPECIALITY,10-FEB-2021,45.6,46.9,45.3,45.6,36703,22197,433
SPENCERS,10-FEB-2021,77.6,81.5,77.6,80.65,491008,230978,3988
SPIC,10-FEB-2021,25.45,25.6,24.8,24.9,222917,93963,727
SPICEJET,10-FEB-2021,87.5,90.4,87.05,87.9,4611476,1278467,23957
SPLIL,10-FEB-2021,42.4,42.85,41.3,42.45,34257,25473,365
SPMLINFRA,10-FEB-2021,15.3,15.7,14.5,14.65,58535,46902,220
SPTL,10-FEB-2021,3.2,3.4,3.2,3.2,1122332,794027,843
SREEL,10-FEB-2021,146.55,146.65,145.25,145.35,21002,17915,179
SREINFRA,10-FEB-2021,7.25,7.4,7.15,7.25,767887,405202,1181
SRF,10-FEB-2021,5559.0,5596.0,5490.0,5535.1,156448,73925,15012
SRHHYPOLTD,10-FEB-2021,243.0,245.0,237.65,239.35,16951,11559,529
SRIPIPES,10-FEB-2021,159.8,165.75,158.9,163.5,258779,161953,3216
SRTRANSFIN,10-FEB-2021,1401.1,1456.0,1390.8,1428.1,3816335,420457,93819
SSWL,10-FEB-2021,631.0,635.3,614.0,618.6,26364,13857,1812
STAR,10-FEB-2021,854.0,858.0,843.0,846.5,242086,78722,9371
STARCEMENT,10-FEB-2021,96.9,97.8,96.1,96.7,335320,226807,2554
STARPAPER,10-FEB-2021,108.7,110.25,105.25,108.35,95930,26869,1684
STCINDIA,10-FEB-2021,79.4,83.55,79.0,79.95,70543,33079,927
STEELCITY,10-FEB-2021,37.85,37.85,36.2,36.75,6606,4164,92
STEELXIND,10-FEB-2021,50.1,53.85,50.1,51.95,422225,263070,2668
STERTOOLS,10-FEB-2021,209.95,214.95,209.9,210.5,15143,11905,396
STLTECH,10-FEB-2021,179.6,181.25,178.05,178.8,346612,131671,7697
STOVEKRAFT,10-FEB-2021,460.95,473.85,456.0,468.35,618854,183361,15949
SUBEXLTD,10-FEB-2021,24.65,26.5,24.6,26.15,5605752,2925425,9959
SUBROS,10-FEB-2021,327.0,334.85,323.1,324.05,33968,16969,1580
SUDARSCHEM,10-FEB-2021,503.35,516.45,500.5,509.1,229574,50619,6679
SUMICHEM,10-FEB-2021,309.0,309.35,304.0,305.5,227577,106739,4903
SUMIT,10-FEB-2021,9.6,9.6,9.0,9.2,11207,9347,47
SUMMITSEC,10-FEB-2021,615.0,615.0,571.9,595.75,5264,3099,532
SUNCLAYLTD,10-FEB-2021,3874.0,3906.1,3750.4,3781.55,2016,855,611
SUNDARAM,10-FEB-2021,1.3,1.35,1.3,1.35,180816,159502,228
SUNDARMFIN,10-FEB-2021,2302.0,2329.95,2123.6,2201.2,192395,64864,19314
SUNDARMHLD,10-FEB-2021,75.3,76.15,74.3,74.9,76905,52127,693
SUNDRMBRAK,10-FEB-2021,360.8,377.35,360.8,366.3,8843,4203,511
SUNDRMFAST,10-FEB-2021,594.65,607.0,586.25,599.2,69438,39358,4259
SUNFLAG,10-FEB-2021,62.0,64.4,62.0,63.35,515780,232592,2938
SUNPHARMA,10-FEB-2021,623.05,631.55,614.1,627.1,6902162,1394254,116211
SUNTECK,10-FEB-2021,370.2,378.8,367.3,372.6,189851,42350,5323
SUNTV,10-FEB-2021,531.0,545.0,522.2,526.0,4216997,1637584,53882
SUPERHOUSE,10-FEB-2021,127.95,129.05,124.2,124.95,24153,9400,753
SUPERSPIN,10-FEB-2021,5.15,5.15,4.8,4.8,28415,20718,93
SUPPETRO,10-FEB-2021,369.75,381.5,367.0,379.95,66334,44894,3039
SUPRAJIT,10-FEB-2021,238.9,245.0,235.0,243.55,147850,71285,3277
SUPREMEENG,10-FEB-2021,25.05,26.95,24.8,26.0,13429,9231,91
SUPREMEIND,10-FEB-2021,1910.0,1924.9,1890.0,1902.65,55165,43176,3596
SURANAT&P,10-FEB-2021,4.85,4.95,4.6,4.75,131848,80148,214
SURYALAXMI,10-FEB-2021,28.5,29.75,28.5,28.85,4805,3055,118
SURYAROSNI,10-FEB-2021,314.0,334.0,312.0,322.0,237706,126055,7544
SUTLEJTEX,10-FEB-2021,39.1,41.0,38.6,39.9,228958,180819,1047
SUVEN,10-FEB-2021,83.05,84.7,81.6,82.55,417386,168190,3105
SUVENPHAR,10-FEB-2021,486.0,515.25,468.65,507.45,1251697,429247,30308
SUZLON,10-FEB-2021,6.2,6.25,6.0,6.1,23937851,10331918,16982
SWANENERGY,10-FEB-2021,140.65,144.0,136.7,142.55,248038,52278,6468
SWARAJENG,10-FEB-2021,1288.75,1294.85,1276.1,1279.5,13649,8756,1627
SWELECTES,10-FEB-2021,195.35,196.0,191.0,192.8,11235,8116,375
SWSOLAR,10-FEB-2021,236.45,245.1,236.1,239.8,311090,105384,5395
SYMPHONY,10-FEB-2021,1020.0,1083.65,1020.0,1035.65,339663,85153,25736
SYNGENE,10-FEB-2021,585.1,586.0,568.0,574.2,330757,169888,24181
TAINWALCHM,10-FEB-2021,74.3,74.75,73.0,73.6,2775,1627,78
TAJGVK,10-FEB-2021,134.4,134.4,130.7,133.15,90805,40187,1914
TAKE,10-FEB-2021,60.0,61.95,58.5,61.15,2136516,689264,10196
TALBROAUTO,10-FEB-2021,182.05,184.6,178.05,183.6,19866,9638,696
TANLA,10-FEB-2021,694.7,700.45,678.2,689.8,244124,181304,18387
TARC,10-FEB-2021,26.1,26.5,25.05,25.6,424032,261855,1615
TARMAT,10-FEB-2021,52.8,54.15,52.15,52.45,9932,7215,216
TASTYBITE,10-FEB-2021,13125.0,13698.0,13000.0,13145.05,5457,2964,1573
TATACHEM,10-FEB-2021,577.7,577.8,552.6,561.05,7824688,1290998,104606
TATACOFFEE,10-FEB-2021,110.35,110.6,107.1,108.0,954128,448457,7704
TATACOMM,10-FEB-2021,1040.05,1047.1,1016.15,1028.6,58331,27996,4031
TATACONSUM,10-FEB-2021,600.75,605.95,597.3,600.75,2435907,871698,39565
TATAELXSI,10-FEB-2021,2862.0,2874.85,2810.0,2823.3,436432,137744,35103
TATAINVEST,10-FEB-2021,1100.7,1100.7,1075.3,1080.7,20078,8969,1793
TATAMETALI,10-FEB-2021,792.0,795.95,766.9,774.7,196394,45866,8820
TATAMOTORS,10-FEB-2021,326.0,332.65,319.5,328.9,93466949,5592345,474065
TATAMTRDVR,10-FEB-2021,134.3,135.9,130.1,134.2,7498242,2662620,54051
TATAPOWER,10-FEB-2021,88.05,89.95,86.35,88.1,57056934,13222541,111340
TATASTEEL,10-FEB-2021,710.0,724.5,680.05,690.25,57397919,4747972,586586
TATASTLBSL,10-FEB-2021,45.0,45.25,42.8,43.4,5969500,1814941,9607
TATASTLLP,10-FEB-2021,664.0,671.8,642.0,646.25,133512,67861,4660
TBZ,10-FEB-2021,80.6,82.1,78.15,80.7,657777,197383,7416
TCI,10-FEB-2021,250.45,253.9,248.9,250.1,14603,7473,967
TCIDEVELOP,10-FEB-2021,327.0,332.0,307.6,314.2,2142,249,790
TCIEXP,10-FEB-2021,953.5,968.2,934.15,962.45,12210,4803,2518
TCIFINANCE,10-FEB-2021,6.75,6.75,6.75,6.75,12924,12924,21
TCNSBRANDS,10-FEB-2021,415.0,415.0,406.25,408.75,21809,12354,1599
TCPLPACK,10-FEB-2021,397.7,398.9,381.55,383.95,7113,5033,257
TCS,10-FEB-2021,3185.0,3219.4,3157.3,3213.3,2127983,713331,115813
TDPOWERSYS,10-FEB-2021,155.3,160.9,151.45,157.95,217719,163925,2502
TEAMLEASE,10-FEB-2021,3595.0,3595.0,3350.0,3418.7,68590,50191,7273
TECHM,10-FEB-2021,975.5,980.25,957.6,974.9,2776301,1269223,101957
TECHNOE,10-FEB-2021,270.0,290.0,270.0,282.75,158591,68924,5882
TEJASNET,10-FEB-2021,171.7,171.9,161.65,166.15,735760,334746,10388
TERASOFT,10-FEB-2021,47.5,47.75,46.05,46.4,60732,37326,695
TEXINFRA,10-FEB-2021,70.0,73.2,67.4,68.05,1972194,791516,8969
TEXMOPIPES,10-FEB-2021,26.4,31.15,26.15,28.95,1837868,641951,6719
TEXRAIL,10-FEB-2021,30.0,30.4,29.75,29.95,409704,212572,1504
TFCILTD,10-FEB-2021,51.6,53.35,50.2,52.95,759305,378881,4727
TGBHOTELS,10-FEB-2021,5.05,5.1,4.85,5.05,7619,5310,41
THANGAMAYL,10-FEB-2021,614.95,619.95,605.3,610.85,8263,3067,703
THEINVEST,10-FEB-2021,104.5,107.7,95.2,102.9,24868,18929,607
THEMISMED,10-FEB-2021,331.95,343.0,330.6,339.75,10959,6870,549
THERMAX,10-FEB-2021,1149.95,1150.0,1130.0,1133.9,38422,21333,2460
THOMASCOOK,10-FEB-2021,46.05,48.4,45.4,47.65,1041507,726065,3438
THYROCARE,10-FEB-2021,929.95,932.95,918.5,925.45,43744,22597,4483
TI,10-FEB-2021,28.0,28.3,26.5,26.75,215209,144624,813
TIDEWATER,10-FEB-2021,4350.0,4444.4,4350.0,4376.7,2185,1221,571
TIIL,10-FEB-2021,369.9,415.0,365.0,409.75,219821,124957,6823
TIINDIA,10-FEB-2021,915.2,935.0,905.0,921.4,260579,220330,4537
TIL,10-FEB-2021,185.7,188.1,178.05,179.65,6402,4206,232
TIMESGTY,10-FEB-2021,25.35,26.65,24.25,24.65,1922,438,49
TIMETECHNO,10-FEB-2021,55.1,55.45,54.0,54.25,240834,118636,1433
TIMKEN,10-FEB-2021,1335.0,1375.0,1320.0,1345.7,32559,13130,3005
TINPLATE,10-FEB-2021,174.8,175.0,170.2,173.35,475089,122865,7574
TIRUMALCHM,10-FEB-2021,104.0,104.9,100.2,102.9,1177716,580169,8597
TITAN,10-FEB-2021,1575.4,1588.0,1526.0,1563.15,2125469,555570,82319
TMRVL,10-FEB-2021,12.05,12.4,11.8,11.9,43440,30806,328
TNPETRO,10-FEB-2021,42.4,43.1,40.6,40.9,845226,298459,3217
TNPL,10-FEB-2021,124.1,127.35,124.1,124.6,168722,112765,1737
TOKYOPLAST,10-FEB-2021,74.1,74.15,71.6,72.15,6478,4651,122
TORNTPHARM,10-FEB-2021,2595.8,2605.0,2542.45,2586.1,875894,363758,46569
TORNTPOWER,10-FEB-2021,323.75,335.7,315.1,330.5,3692386,794912,42248
TOTAL,10-FEB-2021,61.0,62.0,58.55,61.25,12217,8859,210
TPLPLASTEH,10-FEB-2021,163.0,163.0,151.6,156.35,8020,5931,329
TREEHOUSE,10-FEB-2021,8.25,8.25,7.25,7.45,25442,18288,86
TREJHARA,10-FEB-2021,31.15,32.7,30.1,32.7,38997,25963,335
TRENT,10-FEB-2021,676.95,699.0,670.0,690.85,336479,202070,10435
TRF,10-FEB-2021,99.8,101.5,98.0,98.9,15575,11095,414
TRIDENT,10-FEB-2021,14.0,14.1,13.8,13.9,8822533,4582137,19366
TRIGYN,10-FEB-2021,78.75,78.75,74.2,75.35,168720,105300,1514
TRIL,10-FEB-2021,18.35,18.35,17.45,17.55,57916,32734,393
TRITURBINE,10-FEB-2021,96.1,102.4,95.1,98.4,600904,254717,6700
TRIVENI,10-FEB-2021,71.3,73.3,71.3,71.85,344915,177847,2086
TTKHLTCARE,10-FEB-2021,589.75,589.95,550.0,557.05,14614,5295,1229
TTKPRESTIG,10-FEB-2021,5921.1,7097.75,5851.25,6933.25,331037,59889,41990
TTL,10-FEB-2021,52.5,52.5,49.05,50.3,5168,1966,125
TV18BRDCST,10-FEB-2021,30.0,30.2,29.5,29.7,2973030,1201154,4103
TVSELECT,10-FEB-2021,123.5,123.65,119.9,120.75,22770,13773,617
TVSMOTOR,10-FEB-2021,649.95,656.55,638.55,652.8,2337229,410383,32064
TVSSRICHAK,10-FEB-2021,2221.0,2247.85,2165.95,2178.15,12447,6946,2017
TVTODAY,10-FEB-2021,240.4,249.0,240.4,248.45,361695,291710,2182
TVVISION,10-FEB-2021,1.75,1.8,1.75,1.75,9322,9322,19
TWL,10-FEB-2021,51.45,51.95,50.55,50.65,321027,171459,2220
UBL,10-FEB-2021,1276.9,1281.0,1226.1,1255.95,981419,314965,64495
UCALFUEL,10-FEB-2021,129.0,130.15,127.4,128.95,13471,5938,463
UCOBANK,10-FEB-2021,13.1,13.15,12.95,12.95,1404033,631306,10094
UFLEX,10-FEB-2021,341.5,358.3,341.5,351.85,429363,189169,7779
UFO,10-FEB-2021,85.2,85.9,84.0,84.2,61362,38249,960
UGARSUGAR,10-FEB-2021,15.3,17.0,15.3,16.35,377592,156940,1362
UJJIVAN,10-FEB-2021,243.0,250.0,241.4,245.9,1848329,684217,24056
UJJIVANSFB,10-FEB-2021,35.8,36.0,35.4,35.45,1197366,656002,4984
ULTRACEMCO,10-FEB-2021,6441.1,6589.0,6321.1,6392.15,1045511,204547,89141
UMANGDAIRY,10-FEB-2021,60.35,61.45,59.85,60.45,10564,6602,215
UNICHEMLAB,10-FEB-2021,318.0,319.8,306.45,307.4,67524,41990,1862
UNIDT,10-FEB-2021,270.0,275.25,265.4,272.95,15146,3972,385
UNIENTER,10-FEB-2021,81.75,82.2,80.2,81.5,82847,78374,405
UNIONBANK,10-FEB-2021,33.6,34.1,33.4,33.65,7365678,1461489,12540
UNITEDTEA,10-FEB-2021,310.5,310.95,307.8,308.1,226,165,22
UNIVCABLES,10-FEB-2021,136.5,139.8,135.0,138.6,16103,10491,351
UNIVPHOTO,10-FEB-2021,207.0,208.3,190.0,198.75,13057,7742,687
UPL,10-FEB-2021,543.0,546.45,532.45,534.4,4446858,1379373,60983
USHAMART,10-FEB-2021,32.4,32.4,30.45,30.7,1011404,601168,3224
UTIAMC,10-FEB-2021,555.85,562.0,555.8,560.85,213530,167027,7499
UTIBANKETF,10-FEB-2021,428.0,428.0,355.3,359.89,1450,1031,168
UTINEXT50,10-FEB-2021,361.37,361.37,351.9,355.32,6379,5744,51
UTINIFTETF,10-FEB-2021,1667.0,1681.3,1600.0,1608.01,214,138,79
UTISENSETF,10-FEB-2021,549.99,550.0,543.76,546.42,1983,1773,99
UTISXN50,10-FEB-2021,408.37,408.96,408.37,408.96,7,4,3
UTTAMSUGAR,10-FEB-2021,96.0,96.45,93.4,93.7,26798,11147,360
V2RETAIL,10-FEB-2021,143.95,143.95,137.0,138.4,37082,19637,645
VADILALIND,10-FEB-2021,809.95,819.9,794.3,809.95,9978,3791,703
VAIBHAVGBL,10-FEB-2021,2790.0,2810.0,2726.0,2803.2,37607,32153,3257
VAKRANGEE,10-FEB-2021,51.4,51.9,48.95,50.55,3084148,1637414,7871
VALIANTORG,10-FEB-2021,1395.0,1395.0,1330.2,1341.65,32239,20134,3325
VARDHACRLC,10-FEB-2021,35.95,36.65,35.55,35.95,28133,20324,152
VARDMNPOLY,10-FEB-2021,13.35,14.2,13.35,13.95,19796,14670,142
VARROC,10-FEB-2021,431.35,432.7,395.25,419.8,873525,375578,25086
VASCONEQ,10-FEB-2021,18.5,18.85,17.4,17.65,377056,223187,890
VASWANI,10-FEB-2021,8.15,8.15,6.95,6.95,95272,76675,314
VBL,10-FEB-2021,903.45,910.0,880.45,890.95,193969,99338,12523
VEDL,10-FEB-2021,184.0,187.7,180.75,186.1,19580392,5049151,90704
VENKEYS,10-FEB-2021,1638.0,1654.1,1615.0,1623.35,55752,20216,4916
VENUSREM,10-FEB-2021,188.1,188.1,175.95,178.95,54473,34630,1248
VERTOZ,10-FEB-2021,247.9,255.0,246.0,250.6,216943,63618,1858
VESUVIUS,10-FEB-2021,1046.25,1069.0,1035.35,1056.85,31946,30676,403
VETO,10-FEB-2021,97.5,109.05,97.5,109.05,144183,81272,1092
VGUARD,10-FEB-2021,229.0,232.85,222.25,224.7,496531,208806,9118
VHL,10-FEB-2021,1379.0,1379.0,1353.0,1360.1,321,291,57
VIDHIING,10-FEB-2021,140.9,143.7,132.1,133.5,139639,77365,2959
VIJIFIN,10-FEB-2021,0.7,0.75,0.65,0.65,236162,130594,214
VIKASECO,10-FEB-2021,2.6,2.65,2.6,2.6,943790,805414,727
VIKASMCORP,10-FEB-2021,3.55,3.55,3.55,3.55,2377254,2377254,5187
VIKASPROP,10-FEB-2021,2.7,2.75,2.65,2.65,2886305,1767325,3637
VIKASWSP,10-FEB-2021,3.95,3.95,3.8,3.85,397917,222167,251
VIMTALABS,10-FEB-2021,175.0,177.05,171.75,172.85,17961,9842,532
VINATIORGA,10-FEB-2021,1261.0,1348.0,1257.0,1337.75,413630,200779,17176
VINDHYATEL,10-FEB-2021,832.0,836.35,822.25,831.0,9337,6028,650
VINYLINDIA,10-FEB-2021,120.0,122.5,119.7,120.5,63933,27656,854
VIPIND,10-FEB-2021,353.9,354.35,346.5,348.05,188730,72074,5147
VIPULLTD,10-FEB-2021,21.5,23.3,21.5,22.65,111487,80418,561
VISAKAIND,10-FEB-2021,442.3,457.0,432.0,452.45,173138,105291,5017
VISASTEEL,10-FEB-2021,7.05,7.05,6.6,6.75,15870,12427,72
VISHAL,10-FEB-2021,50.25,50.25,50.25,50.25,18175,18174,77
VISHNU,10-FEB-2021,178.3,181.95,174.85,179.65,3062,2372,168
VISHWARAJ,10-FEB-2021,149.9,150.0,137.0,146.85,225840,80562,2059
VIVIMEDLAB,10-FEB-2021,16.8,16.85,16.0,16.15,163740,118910,414
VLSFINANCE,10-FEB-2021,87.5,88.3,85.5,87.25,86158,60632,1005
VMART,10-FEB-2021,2428.4,2505.0,2428.4,2488.55,18427,9925,7468
VOLTAMP,10-FEB-2021,1305.0,1330.0,1281.55,1320.25,13363,7292,2299
VOLTAS,10-FEB-2021,1070.1,1096.1,1056.9,1091.05,3676383,1215290,70619
VRLLOG,10-FEB-2021,226.1,227.25,216.95,220.4,334329,131272,7147
VSSL,10-FEB-2021,123.9,131.0,123.9,127.35,91301,65365,975
VSTIND,10-FEB-2021,3650.9,3658.95,3600.0,3620.0,3538,2134,1068
VSTTILLERS,10-FEB-2021,1950.0,1979.95,1920.0,1924.9,58528,49606,2723
VTL,10-FEB-2021,1047.0,1055.4,1036.25,1046.95,18614,11160,1226
WABAG,10-FEB-2021,202.45,209.6,198.4,206.8,984470,305182,15752
WABCOINDIA,10-FEB-2021,5620.0,5680.0,5490.0,5598.2,3343,1277,906
WALCHANNAG,10-FEB-2021,63.5,63.65,60.2,61.5,69505,41546,873
WATERBASE,10-FEB-2021,118.25,119.4,116.95,117.3,71232,32779,1123
WEALTH,10-FEB-2021,121.35,126.7,121.1,122.35,370,233,31
WEBELSOLAR,10-FEB-2021,37.4,38.45,36.45,38.15,149204,73597,1093
WEIZMANIND,10-FEB-2021,54.7,54.7,51.3,51.3,32103,16124,314
WELCORP,10-FEB-2021,123.05,124.7,122.2,123.6,368323,166914,3878
WELENT,10-FEB-2021,92.0,92.95,88.0,88.95,198124,126486,2411
WELINV,10-FEB-2021,364.2,367.25,357.95,363.05,1669,300,269
WELSPUNIND,10-FEB-2021,66.8,68.0,66.1,67.8,403362,226283,2325
WENDT,10-FEB-2021,3271.05,3271.05,3165.0,3210.2,341,177,133
WESTLIFE,10-FEB-2021,453.8,471.1,448.45,462.35,83818,31499,4709
WHEELS,10-FEB-2021,484.75,484.8,476.05,480.1,5844,3648,452
WHIRLPOOL,10-FEB-2021,2350.0,2488.0,2333.5,2472.6,539916,206990,28672
WILLAMAGOR,10-FEB-2021,22.15,22.95,22.15,22.7,11100,7195,102
WINDMACHIN,10-FEB-2021,20.3,21.7,20.3,20.95,63199,35051,340
WIPRO,10-FEB-2021,442.0,444.15,435.0,439.0,10607735,2999030,86594
WOCKPHARMA,10-FEB-2021,524.95,540.0,516.25,522.5,1768684,304020,40713
WONDERLA,10-FEB-2021,205.2,212.0,205.1,210.15,101960,62264,2324
WORTH,10-FEB-2021,62.15,65.9,61.45,64.6,20880,18019,295
WSI,10-FEB-2021,3.75,3.9,3.65,3.9,495,440,10
WSTCSTPAPR,10-FEB-2021,184.05,188.0,183.05,186.85,192324,88628,2948
XCHANGING,10-FEB-2021,77.0,77.95,72.55,73.2,557950,437402,3405
XELPMOC,10-FEB-2021,287.65,302.7,287.65,302.7,54195,32224,1349
XPROINDIA,10-FEB-2021,46.15,48.4,44.35,48.4,19354,13322,274
YAARII,10-FEB-2021,101.35,107.95,100.35,106.45,613915,189283,4862
YESBANK,10-FEB-2021,16.65,16.7,16.3,16.4,80183508,32967952,95161
ZEEL,10-FEB-2021,217.5,220.3,215.0,217.25,17069196,2748583,106299
ZEELEARN,10-FEB-2021,12.25,12.35,12.0,12.15,454268,271319,845
ZEEMEDIA,10-FEB-2021,5.4,5.4,5.2,5.3,859319,569262,13765
ZENITHEXPO,10-FEB-2021,63.8,65.5,62.5,62.8,1091,813,29
ZENSARTECH,10-FEB-2021,234.0,234.0,227.5,228.3,104631,60076,2975
ZENTEC,10-FEB-2021,87.9,87.9,85.4,86.15,115195,67153,1669
ZODIACLOTH,10-FEB-2021,110.05,113.0,106.35,108.8,359307,148280,4208
ZODJRDMKJ,10-FEB-2021,27.1,28.0,27.05,27.35,2863,1328,134
ZOTA,10-FEB-2021,154.75,156.0,152.75,153.05,1674,1187,65
ZUARI,10-FEB-2021,100.25,100.4,97.1,98.45,51968,29101,785
ZYDUSWELL,10-FEB-2021,1902.9,1915.0,1885.3,1897.2,19993,12474,3722
