20MICRONS,24-FEB-2021,36.5,36.7,36.0,36.5,24898,17427,237
21STCENMGM,24-FEB-2021,12.1,12.1,11.7,11.7,1732,1411,19
3IINFOTECH,24-FEB-2021,6.6,6.65,6.3,6.3,14013820,8927639,7887
3MINDIA,24-FEB-2021,21050.0,21898.95,21050.0,21785.55,3519,2070,1799
3PLAND,24-FEB-2021,9.7,9.7,9.0,9.15,3631,2618,28
5PAISA,24-FEB-2021,245.7,264.0,244.35,258.95,32997,22630,835
63MOONS,24-FEB-2021,81.65,82.0,79.65,80.3,44183,30325,863
A2ZINFRA,24-FEB-2021,4.2,4.25,4.0,4.15,60833,51923,129
AARON,24-FEB-2021,58.95,63.3,58.1,61.2,1498,943,46
AARTIDRUGS,24-FEB-2021,633.1,644.3,630.1,634.25,156622,81877,7904
AARTIIND,24-FEB-2021,1246.0,1246.75,1200.3,1230.55,74088,35167,3785
AARTISURF,24-FEB-2021,907.9,946.0,895.95,912.6,4861,3236,505
AARVEEDEN,24-FEB-2021,17.3,18.0,17.25,18.0,3906,3835,19
AARVI,24-FEB-2021,51.05,53.45,50.3,52.7,13581,11558,160
AAVAS,24-FEB-2021,2214.0,2216.85,2160.0,2190.2,27940,16008,4502
ABAN,24-FEB-2021,40.45,40.45,40.45,40.45,84152,84152,358
ABB,24-FEB-2021,1494.65,1600.0,1485.9,1570.8,216975,67045,15415
ABBOTINDIA,24-FEB-2021,14548.1,14717.5,14477.0,14591.6,5329,3195,1938
ABCAPITAL,24-FEB-2021,113.65,124.9,112.85,122.35,17590947,5374795,96174
ABFRL,24-FEB-2021,170.0,184.0,170.0,179.25,7198216,4293195,46071
ABMINTLTD,24-FEB-2021,62.9,62.9,62.9,62.9,819,819,8
ABSLBANETF,24-FEB-2021,351.0,420.0,302.0,361.0,400,120,23
ABSLNN50ET,24-FEB-2021,352.0,417.0,310.0,341.2,134,14,32
ACC,24-FEB-2021,1708.0,1745.0,1708.0,1730.65,481605,151267,17289
ACCELYA,24-FEB-2021,907.65,943.0,885.05,896.95,8068,3184,657
ACCURACY,24-FEB-2021,64.2,66.0,61.0,65.35,17051,14280,121
ACE,24-FEB-2021,155.5,157.95,154.0,154.55,70100,35021,1323
ACRYSIL,24-FEB-2021,295.5,302.4,286.0,287.7,100032,48872,3049
ADANIENT,24-FEB-2021,806.0,812.05,795.45,805.2,4626257,621877,51155
ADANIGREEN,24-FEB-2021,1209.7,1209.7,1159.0,1169.35,494155,258405,20393
ADANIPORTS,24-FEB-2021,666.7,671.0,653.4,665.2,3919187,707214,57372
ADANIPOWER,24-FEB-2021,55.7,56.25,55.05,55.25,2874207,1236194,9861
ADANITRANS,24-FEB-2021,740.0,758.9,687.0,743.75,727244,240722,26820
ADFFOODS,24-FEB-2021,842.8,855.0,829.1,848.45,42820,20542,2549
ADHUNIKIND,24-FEB-2021,21.4,21.8,20.45,21.25,14211,8592,142
ADORWELD,24-FEB-2021,322.5,323.25,317.0,318.05,29821,23888,824
ADROITINFO,24-FEB-2021,7.85,7.9,7.2,7.9,4633,4323,23
ADSL,24-FEB-2021,43.0,43.75,40.5,40.95,326623,188916,2088
ADVANIHOTR,24-FEB-2021,53.65,53.75,48.1,52.3,8562,6365,140
ADVENZYMES,24-FEB-2021,357.5,374.0,352.2,369.35,253382,96286,7982
AEGISCHEM,24-FEB-2021,281.9,285.6,275.2,280.95,92784,55848,3983
AFFLE,24-FEB-2021,5351.0,5435.0,5063.0,5257.35,64648,36290,11620
AGCNET,24-FEB-2021,1011.3,1020.0,999.0,1011.45,10630,9346,349
AGRITECH,24-FEB-2021,35.7,35.7,33.1,34.9,2535,1689,85
AGROPHOS,24-FEB-2021,13.8,13.8,12.55,12.85,38875,25515,140
AHLADA,24-FEB-2021,74.0,75.0,72.0,74.95,9208,8091,71
AHLEAST,24-FEB-2021,154.15,160.0,152.25,157.0,2623,2358,67
AHLUCONT,24-FEB-2021,285.45,289.9,283.35,287.15,9349,5867,632
AHLWEST,24-FEB-2021,247.0,247.75,236.25,241.85,3785,2182,271
AIAENG,24-FEB-2021,1842.0,1866.95,1781.0,1799.95,36544,24500,4092
AIRAN,24-FEB-2021,18.55,18.75,17.25,18.3,44008,36265,364
AJANTPHARM,24-FEB-2021,1755.0,1858.0,1660.0,1751.85,39998,18735,5174
AJMERA,24-FEB-2021,128.85,131.8,116.5,129.4,52306,17791,1090
AKASH,24-FEB-2021,234.5,249.8,229.0,232.65,2018,889,253
AKG,24-FEB-2021,87.0,91.35,83.05,90.55,4221,2485,81
AKSHARCHEM,24-FEB-2021,252.7,252.7,246.2,247.9,10684,8323,388
AKSHOPTFBR,24-FEB-2021,6.9,6.95,6.75,6.8,99540,71544,192
AKZOINDIA,24-FEB-2021,2162.0,2178.0,2120.0,2149.85,32209,26710,3038
ALANKIT,24-FEB-2021,16.0,16.4,15.5,16.05,34044,24591,196
ALBERTDAVD,24-FEB-2021,396.0,407.6,395.0,399.45,5709,4524,221
ALEMBICLTD,24-FEB-2021,103.0,105.5,98.8,103.6,508796,214559,5956
ALICON,24-FEB-2021,425.3,430.0,420.1,422.5,918,627,92
ALKALI,24-FEB-2021,53.95,54.8,51.95,53.4,5977,3595,170
ALKEM,24-FEB-2021,2757.0,2779.0,2710.05,2761.8,40520,17869,5456
ALKYLAMINE,24-FEB-2021,4999.95,5150.0,4966.0,5013.4,14430,3586,3663
ALLCARGO,24-FEB-2021,131.5,132.6,130.0,130.85,136472,65965,1479
ALLSEC,24-FEB-2021,355.0,356.0,348.85,353.05,3730,2134,230
ALMONDZ,24-FEB-2021,29.1,29.1,28.05,28.85,6766,4040,91
ALOKINDS,24-FEB-2021,20.05,20.3,19.6,20.1,4004552,1883509,5127
ALPA,24-FEB-2021,41.55,42.4,40.2,40.85,18814,14775,174
ALPHAGEO,24-FEB-2021,221.7,221.7,214.6,216.75,7753,4467,317
AMARAJABAT,24-FEB-2021,896.45,899.0,868.25,886.25,564780,196376,19078
AMBER,24-FEB-2021,3150.0,3230.0,3100.0,3171.3,98588,33354,11286
AMBIKCO,24-FEB-2021,969.0,969.0,940.0,949.5,8094,5249,898
AMBUJACEM,24-FEB-2021,266.0,270.3,265.05,268.4,3316417,1625885,20796
AMDIND,24-FEB-2021,20.05,20.5,19.5,20.05,93714,42552,640
AMJLAND,24-FEB-2021,25.4,26.25,24.85,25.6,15703,11671,117
AMRUTANJAN,24-FEB-2021,546.95,570.15,545.0,548.85,176013,127421,4040
ANANTRAJ,24-FEB-2021,50.45,50.45,45.85,48.45,1487220,825572,5921
ANDHRACEMT,24-FEB-2021,5.85,5.85,5.45,5.55,92936,60585,300
ANDHRAPAP,24-FEB-2021,225.2,239.95,225.0,237.5,23545,15602,789
ANDHRSUGAR,24-FEB-2021,307.85,307.85,300.55,304.15,37932,20707,2083
ANGELBRKG,24-FEB-2021,329.0,332.0,317.0,323.4,58932,38860,1849
ANIKINDS,24-FEB-2021,17.6,18.05,16.65,17.25,27690,11365,225
ANKITMETAL,24-FEB-2021,1.15,1.15,1.1,1.1,20542,20542,27
ANSALAPI,24-FEB-2021,7.35,7.35,7.3,7.35,81451,74070,122
ANSALHSG,24-FEB-2021,5.9,6.05,5.8,6.0,19648,16146,60
ANUP,24-FEB-2021,608.5,710.0,608.5,648.1,363607,112848,15009
APARINDS,24-FEB-2021,454.25,464.75,454.25,462.0,41982,25358,1692
APCL,24-FEB-2021,204.4,207.95,202.5,206.1,8919,4961,325
APCOTEXIND,24-FEB-2021,180.0,181.0,175.75,179.15,45313,14686,2231
APEX,24-FEB-2021,246.1,259.0,246.1,253.55,37682,21540,1250
APLAPOLLO,24-FEB-2021,985.0,1019.0,981.0,1014.5,409528,305326,8083
APLLTD,24-FEB-2021,894.8,904.6,878.45,882.6,152176,92437,6515
APOLLO,24-FEB-2021,113.3,114.45,111.9,112.8,52360,31477,1247
APOLLOHOSP,24-FEB-2021,3015.0,3120.0,3000.05,3059.65,1088420,335504,50370
APOLLOPIPE,24-FEB-2021,670.0,705.0,670.0,699.85,18589,14486,1336
APOLLOTYRE,24-FEB-2021,232.4,241.0,231.2,238.9,8702989,1730459,52396
APOLSINHOT,24-FEB-2021,557.1,558.55,547.0,547.75,213,105,21
APTECHT,24-FEB-2021,227.9,231.9,215.0,227.45,214287,45872,10283
ARCHIES,24-FEB-2021,12.4,12.4,11.75,12.05,12334,10820,61
ARENTERP,24-FEB-2021,11.75,11.95,11.15,11.75,1527,1120,29
ARIES,24-FEB-2021,88.65,91.9,87.55,90.6,14687,8833,586
ARIHANT,24-FEB-2021,23.8,24.45,22.5,22.9,9606,9250,52
ARIHANTSUP,24-FEB-2021,38.45,39.5,37.65,38.5,13057,1688,95
ARMANFIN,24-FEB-2021,654.3,668.0,637.9,657.7,7229,4055,647
AROGRANITE,24-FEB-2021,44.7,51.7,42.3,46.5,48081,24699,369
ARROWGREEN,24-FEB-2021,83.0,85.95,78.8,79.95,12711,8224,348
ARSSINFRA,24-FEB-2021,22.2,23.75,22.1,22.45,12365,10212,152
ARTEMISMED,24-FEB-2021,229.0,239.95,222.35,227.0,965,713,53
ARVIND,24-FEB-2021,70.3,75.7,70.0,72.2,2910232,1036015,18377
ARVINDFASN,24-FEB-2021,160.0,164.0,155.4,159.9,154393,82953,2955
ARVSMART,24-FEB-2021,99.9,102.25,98.9,99.55,48381,18847,863
ASAHIINDIA,24-FEB-2021,297.75,300.45,292.0,297.3,42248,31649,641
ASAHISONG,24-FEB-2021,269.4,282.0,268.5,276.9,66094,37039,1808
ASALCBR,24-FEB-2021,345.05,368.0,345.0,347.9,25023,13842,1523
ASHAPURMIN,24-FEB-2021,114.9,115.95,112.25,112.95,52671,39611,576
ASHIANA,24-FEB-2021,114.5,118.0,114.0,115.35,81803,51262,1778
ASHIMASYN,24-FEB-2021,13.5,13.5,13.1,13.25,10822,9404,94
ASHOKA,24-FEB-2021,109.4,114.95,109.1,114.1,834395,434780,7364
ASHOKLEY,24-FEB-2021,126.7,127.7,125.0,126.55,8934270,2358183,39006
ASIANHOTNR,24-FEB-2021,71.15,74.0,65.1,69.35,3989,2707,96
ASIANPAINT,24-FEB-2021,2373.0,2409.35,2347.2,2361.35,1708526,625474,79913
ASIANTILES,24-FEB-2021,220.6,220.6,197.1,201.85,446624,333623,8102
ASPINWALL,24-FEB-2021,160.45,168.1,154.1,156.55,449,344,30
ASTEC,24-FEB-2021,1065.6,1065.6,1041.35,1055.85,83604,71427,4982
ASTERDM,24-FEB-2021,149.55,151.4,147.0,151.05,95430,48180,4370
ASTRAL,24-FEB-2021,2089.0,2124.8,2068.05,2099.65,73591,45962,5022
ASTRAMICRO,24-FEB-2021,111.95,112.0,109.0,110.5,330361,189443,4136
ASTRAZEN,24-FEB-2021,3461.0,3528.0,3110.25,3485.95,13008,5108,2475
ASTRON,24-FEB-2021,43.5,44.45,42.2,43.2,31148,13732,437
ATFL,24-FEB-2021,849.65,872.3,844.4,848.15,1744,1192,202
ATGL,24-FEB-2021,490.0,509.05,474.1,500.15,847307,327573,18685
ATLANTA,24-FEB-2021,8.3,8.7,8.15,8.45,16819,12945,98
ATUL,24-FEB-2021,6557.15,6652.2,6355.0,6602.4,5337,2521,1469
ATULAUTO,24-FEB-2021,184.8,184.8,180.0,182.75,25429,15939,859
AUBANK,24-FEB-2021,1145.9,1197.95,1140.2,1186.3,571815,238246,21190
AURIONPRO,24-FEB-2021,81.9,82.55,80.05,81.7,8795,6200,291
AUROPHARMA,24-FEB-2021,863.0,868.45,851.1,862.0,1100310,525635,29490
AUSOMENT,24-FEB-2021,48.8,50.0,47.0,47.65,1153,613,32
AUTOAXLES,24-FEB-2021,1152.25,1250.0,1092.6,1179.05,5925,3072,763
AUTOIND,24-FEB-2021,32.35,32.9,30.05,32.25,20143,13452,245
AVADHSUGAR,24-FEB-2021,196.65,202.4,191.15,193.8,98914,32586,1651
AVANTIFEED,24-FEB-2021,483.9,498.0,459.8,484.0,91763,38703,3923
AVTNPL,24-FEB-2021,44.7,45.35,43.75,43.95,60288,33061,626
AWHCL,24-FEB-2021,315.5,317.8,303.5,304.75,57662,27852,3521
AXISBANK,24-FEB-2021,722.0,754.9,717.05,749.4,11207286,3300528,138731
AXISBNKETF,24-FEB-2021,351.22,365.57,351.22,360.82,338,213,32
AXISCADES,24-FEB-2021,48.7,49.8,47.95,49.3,21710,16996,286
AXISGOLD,24-FEB-2021,40.99,42.61,40.0,40.69,56248,42009,615
AXISNIFTY,24-FEB-2021,155.29,183.0,132.0,160.94,2134,1489,132
AYMSYNTEX,24-FEB-2021,50.75,53.05,49.05,53.0,55022,53950,190
BAFNAPH,24-FEB-2021,120.0,126.5,116.5,120.3,5590,3270,180
BAGFILMS,24-FEB-2021,2.75,2.8,2.65,2.7,113166,79247,182
BAJAJ-AUTO,24-FEB-2021,3927.0,3950.0,3855.35,3931.85,399843,123613,30579
BAJAJCON,24-FEB-2021,248.8,254.4,245.5,249.25,512406,281639,9352
BAJAJELEC,24-FEB-2021,972.4,987.5,937.15,963.8,121401,27982,7064
BAJAJFINSV,24-FEB-2021,10030.0,10250.0,10015.05,10199.6,269976,52443,32454
BAJAJHIND,24-FEB-2021,6.65,6.7,6.15,6.2,4589160,3073176,2474
BAJAJHLDNG,24-FEB-2021,3651.0,3672.0,3567.1,3631.9,7281,3760,1745
BAJFINANCE,24-FEB-2021,5444.0,5578.9,5383.0,5562.9,1908795,419118,113509
BALAJITELE,24-FEB-2021,60.0,62.0,59.75,60.35,90239,47388,834
BALAMINES,24-FEB-2021,1657.95,1685.0,1602.0,1665.3,107535,38886,7362
BALAXI,24-FEB-2021,575.25,591.55,536.65,549.8,1660,844,190
BALKRISIND,24-FEB-2021,1610.8,1610.8,1570.0,1583.1,552686,185764,21515
BALMLAWRIE,24-FEB-2021,115.15,118.85,114.9,117.05,288213,113261,5124
BALPHARMA,24-FEB-2021,52.85,53.6,51.15,52.05,6286,3893,155
BALRAMCHIN,24-FEB-2021,180.5,181.25,172.7,178.25,1117359,573807,10621
BANARBEADS,24-FEB-2021,53.65,58.75,53.3,57.9,17399,8851,160
BANARISUG,24-FEB-2021,1888.0,1899.2,1700.0,1742.35,4059,1688,630
BANCOINDIA,24-FEB-2021,149.7,152.7,149.1,149.9,40342,20100,785
BANDHANBNK,24-FEB-2021,326.8,338.3,324.05,335.15,4745325,1520520,60773
BANG,24-FEB-2021,27.25,32.5,26.0,27.45,2771,1866,79
BANKA,24-FEB-2021,70.15,73.9,70.0,73.85,1103,857,41
BANKBARODA,24-FEB-2021,87.4,90.3,86.4,88.35,40874043,8377744,111272
BANKBEES,24-FEB-2021,356.95,367.95,345.15,366.92,628880,232981,7452
BANKINDIA,24-FEB-2021,84.6,90.25,84.2,87.15,15407692,3835894,65178
BANSWRAS,24-FEB-2021,121.75,121.75,116.95,117.35,1222,867,66
BASF,24-FEB-2021,1985.0,2015.0,1970.5,1994.4,19055,9999,2518
BASML,24-FEB-2021,68.7,70.7,66.75,68.4,6842,4859,209
BATAINDIA,24-FEB-2021,1483.0,1486.0,1452.0,1476.15,238131,101023,11414
BAYERCROP,24-FEB-2021,5089.4,5133.8,5015.0,5096.65,7428,4683,1497
BBL,24-FEB-2021,1136.0,1138.0,1100.0,1126.9,4799,2208,701
BBTC,24-FEB-2021,1165.0,1234.4,1165.0,1179.85,89701,28243,6630
BCG,24-FEB-2021,7.75,8.4,7.1,7.7,1173052,786169,1123
BCP,24-FEB-2021,4.4,4.5,4.35,4.5,137656,81440,204
BDL,24-FEB-2021,346.9,352.0,344.0,349.4,93773,51693,3040
BEARDSELL,24-FEB-2021,9.85,9.9,9.55,9.9,7532,7332,20
BECTORFOOD,24-FEB-2021,408.4,412.45,402.5,406.35,234201,96184,7314
BEDMUTHA,24-FEB-2021,23.4,24.95,23.4,24.95,1404,1078,15
BEL,24-FEB-2021,135.65,138.95,135.2,136.35,7552240,2460666,41062
BEML,24-FEB-2021,983.0,1009.9,980.25,992.35,533438,137707,19568
BEPL,24-FEB-2021,144.2,150.0,143.8,147.2,779065,295949,11860
BERGEPAINT,24-FEB-2021,721.7,730.0,716.0,724.75,459880,95547,16330
BESTAGRO,24-FEB-2021,496.15,496.15,477.0,477.0,981,821,21
BFINVEST,24-FEB-2021,282.25,286.45,273.4,279.6,10411,3535,398
BFUTILITIE,24-FEB-2021,274.35,280.6,272.55,276.6,76729,30293,2383
BGRENERGY,24-FEB-2021,41.55,42.9,40.75,41.85,53995,33723,543
BHAGERIA,24-FEB-2021,162.0,172.0,162.0,169.3,25527,20889,605
BHAGYANGR,24-FEB-2021,41.4,42.1,40.05,42.1,163425,118929,588
BHAGYAPROP,24-FEB-2021,28.3,28.3,27.1,27.8,41365,35099,194
BHARATFORG,24-FEB-2021,613.8,617.7,600.0,602.4,1068009,289835,16352
BHARATGEAR,24-FEB-2021,82.8,84.0,76.2,80.15,38144,22572,439
BHARATRAS,24-FEB-2021,9829.0,9928.0,9825.8,9904.8,1670,1133,821
BHARATWIRE,24-FEB-2021,41.1,43.15,40.0,43.15,30384,22715,306
BHARTIARTL,24-FEB-2021,568.1,574.1,565.2,572.95,8725136,3780300,96467
BHEL,24-FEB-2021,41.2,43.35,36.65,42.95,61230344,25837725,69003
BIGBLOC,24-FEB-2021,133.5,135.0,133.5,133.55,39124,24439,628
BIL,24-FEB-2021,152.05,155.0,147.0,152.7,1764,1427,89
BINDALAGRO,24-FEB-2021,17.15,17.15,16.25,16.45,23029,16477,146
BIOCON,24-FEB-2021,388.8,392.45,385.35,389.5,1470901,558128,22334
BIOFILCHEM,24-FEB-2021,78.15,78.15,78.15,78.15,20559,20559,139
BIRLACABLE,24-FEB-2021,61.15,63.0,58.8,61.45,42532,22723,660
BIRLACORPN,24-FEB-2021,865.4,872.0,852.0,858.85,32808,15195,2201
BIRLAMONEY,24-FEB-2021,43.9,45.0,43.25,44.2,221592,77926,1927
BIRLATYRE,24-FEB-2021,27.75,29.25,26.55,29.2,392036,243294,2138
BKMINDST,24-FEB-2021,1.05,1.05,0.95,1.05,57349,50340,54
BLBLIMITED,24-FEB-2021,5.3,5.5,5.3,5.5,923,793,13
BLISSGVS,24-FEB-2021,173.05,178.1,173.05,176.25,291292,65400,2969
BLS,24-FEB-2021,100.75,102.6,100.0,100.3,41844,27275,1299
BLUEDART,24-FEB-2021,4582.1,4785.0,4580.0,4657.5,22375,10363,3152
BLUESTARCO,24-FEB-2021,841.1,853.0,796.0,818.1,115844,41677,6982
BODALCHEM,24-FEB-2021,68.5,82.2,68.5,69.5,363730,177352,2988
BOMDYEING,24-FEB-2021,74.45,76.5,73.1,75.2,1503697,647747,7592
BOROLTD,24-FEB-2021,190.5,204.05,189.15,193.85,308814,130467,8523
BORORENEW,24-FEB-2021,276.75,304.75,275.95,298.8,1487761,568001,26244
BOSCHLTD,24-FEB-2021,15198.0,15554.95,14767.9,14966.0,77159,14196,18056
BPCL,24-FEB-2021,440.0,445.0,436.1,438.7,5990683,1927098,74754
BPL,24-FEB-2021,21.0,21.65,20.05,20.7,64328,41178,523
BRFL,24-FEB-2021,9.45,9.45,8.6,8.6,637367,564732,661
BRIGADE,24-FEB-2021,292.35,298.35,265.0,288.8,273846,145675,9031
BRITANNIA,24-FEB-2021,3360.0,3415.0,3341.0,3405.55,512568,252045,33085
BRNL,24-FEB-2021,32.85,35.4,29.3,32.65,23939,17262,384
BROOKS,24-FEB-2021,59.0,62.4,57.3,60.0,23469,14060,253
BSE,24-FEB-2021,575.0,599.0,575.0,580.05,290103,154028,9150
BSELINFRA,24-FEB-2021,1.0,1.05,0.95,1.05,1225,1225,4
BSL,24-FEB-2021,31.0,31.3,29.95,30.5,4880,2709,88
BSLGOLDETF,24-FEB-2021,4365.0,4644.0,4256.0,4270.15,91,61,39
BSLNIFTY,24-FEB-2021,158.7,164.69,158.7,164.56,218,97,16
BSOFT,24-FEB-2021,234.9,234.95,228.0,233.45,629936,466966,7869
BURGERKING,24-FEB-2021,142.1,144.8,140.1,142.15,897952,401276,9984
BUTTERFLY,24-FEB-2021,579.0,598.4,561.1,566.4,30242,13301,3847
BYKE,24-FEB-2021,19.45,19.6,18.9,19.6,4731,3877,55
CADILAHC,24-FEB-2021,430.5,437.35,427.65,433.45,1688256,584301,25641
CALSOFT,24-FEB-2021,9.0,9.3,8.9,8.95,3971,3735,50
CAMLINFINE,24-FEB-2021,124.0,127.75,121.8,126.1,460088,300656,6841
CAMS,24-FEB-2021,1774.0,1819.95,1761.1,1807.75,34331,15058,4470
CANBK,24-FEB-2021,159.4,163.7,155.35,160.85,17241100,5028619,57588
CANFINHOME,24-FEB-2021,486.0,500.0,486.0,496.05,172348,76043,6931
CANTABIL,24-FEB-2021,375.15,384.8,365.0,380.1,68082,16580,1664
CAPACITE,24-FEB-2021,204.45,214.15,203.0,207.5,96588,47999,2078
CAPLIPOINT,24-FEB-2021,469.0,474.95,461.65,466.25,61514,30039,3028
CAPTRUST,24-FEB-2021,75.0,89.0,73.4,89.0,53439,34344,785
CARBORUNIV,24-FEB-2021,485.5,514.4,485.4,503.85,226834,106206,11403
CAREERP,24-FEB-2021,154.85,159.65,151.05,154.0,14193,9482,260
CARERATING,24-FEB-2021,475.0,482.35,472.5,473.35,44273,31113,2245
CASTROLIND,24-FEB-2021,124.4,125.8,123.85,125.05,679958,464865,5884
CCHHL,24-FEB-2021,4.85,5.15,4.5,4.9,22410,16661,70
CCL,24-FEB-2021,238.0,242.0,235.65,237.6,122222,57601,2210
CDSL,24-FEB-2021,605.1,624.45,604.65,619.2,1110959,331628,23974
CEATLTD,24-FEB-2021,1544.35,1596.75,1540.0,1579.4,137387,43596,7712
CENTENKA,24-FEB-2021,253.55,259.45,219.9,249.75,78458,40203,1560
CENTEXT,24-FEB-2021,4.45,4.55,4.35,4.45,48774,35568,102
CENTRALBK,24-FEB-2021,17.95,18.75,17.9,18.75,25093439,11534690,16109
CENTRUM,24-FEB-2021,23.9,23.9,23.1,23.6,2973494,1016586,2310
CENTUM,24-FEB-2021,430.55,442.3,420.3,428.9,2663,1463,312
CENTURYPLY,24-FEB-2021,302.2,310.0,298.1,304.65,76797,37984,3492
CENTURYTEX,24-FEB-2021,490.0,492.8,414.2,482.55,225053,69909,5526
CERA,24-FEB-2021,3957.0,3990.0,3426.65,3935.25,3025,1575,786
CEREBRAINT,24-FEB-2021,50.7,59.0,49.95,53.25,217143,125379,1474
CESC,24-FEB-2021,606.4,610.45,595.0,599.75,146497,68077,6184
CGCL,24-FEB-2021,344.0,411.3,340.0,345.9,62497,16777,3757
CGPOWER,24-FEB-2021,57.4,58.4,54.5,54.8,6440552,4568835,10878
CHALET,24-FEB-2021,168.85,182.1,166.0,167.85,149030,99869,2696
CHAMBLFERT,24-FEB-2021,230.0,238.95,200.35,231.45,643641,391548,9687
CHEMBOND,24-FEB-2021,184.3,184.35,173.5,182.0,9672,5775,444
CHEMCON,24-FEB-2021,436.55,453.35,435.35,444.4,356597,107175,8778
CHEMFAB,24-FEB-2021,129.95,130.0,125.3,126.3,1203,832,63
CHENNPETRO,24-FEB-2021,96.0,98.0,92.25,96.95,382113,136316,5087
CHOLAFIN,24-FEB-2021,519.95,522.15,487.35,504.5,5523946,2347867,58646
CHOLAHLDNG,24-FEB-2021,599.0,618.9,584.95,603.4,21333,11859,1445
CIGNITITEC,24-FEB-2021,346.8,373.9,338.8,367.4,46729,26743,1400
CINELINE,24-FEB-2021,39.7,39.8,38.0,38.7,47951,30255,620
CINEVISTA,24-FEB-2021,6.45,6.65,6.05,6.2,5648,1403,33
CIPLA,24-FEB-2021,794.0,798.1,776.25,789.05,1587082,553157,38817
CLEDUCATE,24-FEB-2021,68.0,70.3,66.3,67.5,4169,2858,82
CLNINDIA,24-FEB-2021,382.0,392.0,382.0,388.0,43396,21810,1891
CMICABLES,24-FEB-2021,62.45,62.45,62.45,62.45,22069,22069,56
CNOVAPETRO,24-FEB-2021,12.8,12.8,12.8,12.8,1845,1845,6
COALINDIA,24-FEB-2021,139.95,145.0,139.5,144.4,38775957,10622039,158413
COCHINSHIP,24-FEB-2021,389.0,395.9,352.25,380.0,1501857,443851,39515
COFORGE,24-FEB-2021,2479.0,2513.95,2300.0,2498.45,143008,47449,12768
COLPAL,24-FEB-2021,1558.75,1583.0,1533.0,1554.55,338317,140418,13120
COMPINFO,24-FEB-2021,16.0,17.0,15.0,16.25,249119,132767,875
COMPUSOFT,24-FEB-2021,8.7,8.7,8.35,8.45,14083,10535,85
CONCOR,24-FEB-2021,568.0,595.0,565.7,581.35,3900108,834014,68927
CONFIPET,24-FEB-2021,43.65,44.85,42.7,43.55,542846,149078,5238
CONSOFINVT,24-FEB-2021,43.7,44.0,42.25,43.6,4650,3807,51
CONTROLPR,24-FEB-2021,224.9,239.8,224.05,230.85,6333,4557,187
CORALFINAC,24-FEB-2021,22.75,25.45,22.7,25.25,70942,58978,385
CORDSCABLE,24-FEB-2021,42.75,42.9,41.5,42.55,9293,5434,175
COROMANDEL,24-FEB-2021,762.8,770.0,749.0,762.35,124483,61725,4726
COSMOFILMS,24-FEB-2021,472.0,503.9,471.6,500.3,77356,41841,3170
CPSEETF,24-FEB-2021,22.86,23.28,22.86,23.08,2924134,2056565,3216
CREATIVE,24-FEB-2021,108.4,108.5,101.0,104.15,6554,2678,97
CREATIVEYE,24-FEB-2021,2.8,2.8,2.8,2.8,500,500,2
CREDITACC,24-FEB-2021,695.85,704.45,670.5,690.0,58689,27234,5785
CREST,24-FEB-2021,90.95,90.95,87.3,90.0,1267,833,77
CRISIL,24-FEB-2021,1935.0,1960.0,1930.05,1951.35,8723,5723,1343
CROMPTON,24-FEB-2021,384.0,385.0,371.25,381.15,2486422,1929010,33686
CSBBANK,24-FEB-2021,228.35,228.8,224.1,225.35,102518,60258,1325
CTE,24-FEB-2021,33.3,33.3,31.0,31.7,8874,6915,169
CUB,24-FEB-2021,162.0,166.2,160.05,164.95,1260888,891781,16696
CUBEXTUB,24-FEB-2021,18.1,18.45,17.0,18.0,10800,9106,118
CUMMINSIND,24-FEB-2021,814.4,819.7,780.05,792.8,2177256,463421,50863
CUPID,24-FEB-2021,208.85,214.45,201.0,212.4,17848,11853,680
CYBERTECH,24-FEB-2021,130.4,132.85,125.5,126.3,64236,38869,1857
CYIENT,24-FEB-2021,641.0,659.0,638.55,654.4,426875,282774,12120
DAAWAT,24-FEB-2021,52.05,52.4,51.05,51.8,346977,183380,2058
DABUR,24-FEB-2021,502.5,506.25,498.05,503.65,1464678,872026,19470
DALBHARAT,24-FEB-2021,1467.0,1472.95,1365.6,1449.6,54062,34853,4997
DALMIASUG,24-FEB-2021,165.0,167.0,157.0,160.2,414677,219106,7395
DAMODARIND,24-FEB-2021,31.9,32.0,30.7,31.95,3901,2807,73
DANGEE,24-FEB-2021,133.5,135.0,127.0,132.85,9852,9234,120
DATAMATICS,24-FEB-2021,114.0,115.4,112.0,112.65,62531,37192,1819
DBCORP,24-FEB-2021,91.3,100.4,91.3,97.0,904244,498313,7740
DBL,24-FEB-2021,635.0,655.0,629.7,644.0,334863,210758,9702
DBSTOCKBRO,24-FEB-2021,9.5,9.8,8.75,9.55,247,247,11
DCAL,24-FEB-2021,121.3,122.0,118.5,119.95,206443,93855,4115
DCBBANK,24-FEB-2021,112.0,116.25,110.1,114.65,848302,429396,8420
DCM,24-FEB-2021,29.3,29.3,27.0,28.45,20426,12708,205
DCMSHRIRAM,24-FEB-2021,474.6,483.45,465.0,472.55,56228,23134,2854
DCW,24-FEB-2021,26.6,27.5,26.05,26.95,3282678,1668849,8105
DECCANCE,24-FEB-2021,403.0,414.0,401.0,407.25,15352,9030,738
DEEPAKFERT,24-FEB-2021,165.0,171.0,163.1,168.4,1510214,635544,21424
DEEPAKNTR,24-FEB-2021,1296.25,1344.0,1270.0,1318.65,388603,158492,22862
DEEPENR,24-FEB-2021,41.3,42.2,40.85,41.7,11513,9230,162
DELTACORP,24-FEB-2021,148.45,159.0,147.05,150.8,894281,345980,10127
DELTAMAGNT,24-FEB-2021,32.55,32.55,30.35,30.4,2662,1957,40
DEN,24-FEB-2021,57.8,57.8,56.7,57.25,139832,96984,1354
DENORA,24-FEB-2021,255.2,265.4,254.5,259.8,11308,4314,695
DFMFOODS,24-FEB-2021,390.6,409.95,384.0,386.9,17210,7850,790
DGCONTENT,24-FEB-2021,10.85,11.8,10.85,10.85,388449,374280,162
DHAMPURSUG,24-FEB-2021,181.1,182.05,174.25,176.85,439461,204938,6850
DHANBANK,24-FEB-2021,14.15,14.2,13.8,13.95,629739,328088,841
DHANI,24-FEB-2021,339.9,365.0,338.0,358.55,709021,299308,10847
DHANUKA,24-FEB-2021,733.65,742.0,720.0,732.3,13077,9181,1311
DHARSUGAR,24-FEB-2021,5.9,5.95,5.55,5.8,1821,1345,51
DHFL,24-FEB-2021,16.3,18.0,16.3,18.0,9523223,4457911,19739
DHUNINV,24-FEB-2021,269.0,278.9,265.3,270.25,5753,1365,408
DIAMONDYD,24-FEB-2021,629.9,658.8,616.0,631.3,4149,1995,386
DICIND,24-FEB-2021,404.65,410.65,402.5,405.65,2978,2037,168
DISHTV,24-FEB-2021,11.45,11.65,11.25,11.6,3257385,2172575,5073
DIVISLAB,24-FEB-2021,3496.9,3509.8,3412.4,3480.05,409153,183567,34143
DIXON,24-FEB-2021,19539.7,19975.0,19001.0,19856.7,39993,23419,12007
DLF,24-FEB-2021,307.4,316.0,307.05,313.2,11726034,3791010,74214
DLINKINDIA,24-FEB-2021,117.9,122.0,116.75,118.25,643039,233576,11387
DMART,24-FEB-2021,3143.0,3164.0,2900.0,3139.7,188724,75336,14549
DOLAT,24-FEB-2021,53.1,54.9,53.1,54.3,328302,49113,4523
DOLLAR,24-FEB-2021,260.0,263.8,239.0,257.1,58554,21006,1541
DONEAR,24-FEB-2021,33.2,34.5,32.35,33.1,40642,20791,346
DPABHUSHAN,24-FEB-2021,124.85,136.0,124.1,126.9,49330,19638,874
DPSCLTD,24-FEB-2021,13.7,13.9,12.95,13.25,23734,13065,149
DPWIRES,24-FEB-2021,115.0,121.95,110.05,116.35,2752,2076,74
DREDGECORP,24-FEB-2021,324.0,376.0,324.0,360.2,3539201,593872,109143
DRREDDY,24-FEB-2021,4495.15,4523.75,4377.0,4435.55,735586,303449,60115
DSSL,24-FEB-2021,63.95,64.5,60.55,62.6,8793,5323,182
DTIL,24-FEB-2021,266.55,272.9,259.6,264.4,5690,2037,320
DUCON,24-FEB-2021,6.15,6.8,6.15,6.8,120162,103019,223
DVL,24-FEB-2021,86.05,89.75,85.05,86.05,22211,14886,306
DWARKESH,24-FEB-2021,29.0,29.4,28.2,29.1,1490072,812024,4856
DYNAMATECH,24-FEB-2021,814.0,971.0,688.5,805.8,3708,2788,350
DYNPRO,24-FEB-2021,366.2,383.8,366.2,374.45,16252,9932,1387
EBANK,24-FEB-2021,3902.67,3908.69,3550.05,3725.02,19,9,11
EBBETF0423,24-FEB-2021,1100.0,1107.51,1100.0,1107.28,2834,1042,60
EBBETF0425,24-FEB-2021,1017.0,1018.0,1015.57,1018.0,646,488,36
EBBETF0430,24-FEB-2021,1114.5,1115.0,1111.0,1114.1,101176,101165,92
EBBETF0431,24-FEB-2021,1000.0,1000.0,995.09,998.43,6819,5805,186
EBIXFOREX,24-FEB-2021,438.5,451.9,425.0,433.4,2109,1536,321
ECLERX,24-FEB-2021,940.9,974.0,931.25,937.5,16477,6998,1316
EDELWEISS,24-FEB-2021,63.5,67.5,63.1,67.1,3452365,2199763,10125
EICHERMOT,24-FEB-2021,2530.05,2562.85,2500.0,2535.8,807585,201264,47898
EIDPARRY,24-FEB-2021,321.2,327.0,317.1,319.5,194299,111373,4520
EIHAHOTELS,24-FEB-2021,266.45,278.0,265.55,270.1,2110,1546,90
EIHOTEL,24-FEB-2021,98.45,98.45,96.55,97.45,223538,99412,2937
EIMCOELECO,24-FEB-2021,348.05,348.5,331.6,339.2,4484,1544,910
EKC,24-FEB-2021,80.0,84.65,78.6,81.55,726303,339778,7698
ELECON,24-FEB-2021,51.9,56.4,51.9,55.2,582188,320462,3865
ELECTCAST,24-FEB-2021,22.4,22.5,22.0,22.4,313763,188738,669
ELECTHERM,24-FEB-2021,117.3,141.0,108.35,119.0,17297,10633,370
ELGIEQUIP,24-FEB-2021,164.75,172.1,161.45,167.7,248393,216887,2875
ELGIRUBCO,24-FEB-2021,27.1,28.65,27.1,28.4,44069,40816,194
EMAMILTD,24-FEB-2021,471.4,472.8,461.65,469.4,290978,251406,3513
EMAMIPAP,24-FEB-2021,91.9,99.4,91.9,97.45,16303,6770,272
EMAMIREAL,24-FEB-2021,55.0,55.0,51.55,53.75,24724,13661,314
EMKAY,24-FEB-2021,68.95,71.85,67.55,70.25,14773,8251,600
EMMBI,24-FEB-2021,85.95,89.9,82.6,84.95,22148,14500,479
ENDURANCE,24-FEB-2021,1368.0,1424.5,1364.35,1416.35,63594,32166,6636
ENGINERSIN,24-FEB-2021,72.45,73.85,72.3,72.95,2072804,1047030,7747
ENIL,24-FEB-2021,158.75,161.55,157.5,159.25,21823,12830,439
EPL,24-FEB-2021,216.95,223.45,215.5,221.8,931481,782497,6485
EQUITAS,24-FEB-2021,88.0,89.5,84.65,86.85,1095993,634473,7432
EQUITASBNK,24-FEB-2021,47.5,48.0,46.15,47.3,242080,136397,1693
ERIS,24-FEB-2021,587.0,606.8,473.5,598.9,362405,315696,7554
EROSMEDIA,24-FEB-2021,29.0,29.0,25.25,27.8,182129,98311,1029
ESABINDIA,24-FEB-2021,1960.0,1960.95,1858.0,1865.15,275148,269357,1851
ESCORTS,24-FEB-2021,1309.0,1315.55,1275.0,1311.6,752013,238741,32785
ESSARSHPNG,24-FEB-2021,9.3,9.3,8.85,9.15,45614,42602,119
ESTER,24-FEB-2021,103.0,106.5,101.1,102.95,311589,49261,5442
EVEREADY,24-FEB-2021,238.9,256.85,231.2,250.85,573986,371708,7719
EVERESTIND,24-FEB-2021,314.3,323.5,300.0,312.6,20329,9563,814
EXCEL,24-FEB-2021,2.75,2.9,2.7,2.7,46938,32657,168
EXCELINDUS,24-FEB-2021,859.3,895.0,811.0,852.15,12305,8648,907
EXIDEIND,24-FEB-2021,201.0,204.95,200.6,203.6,2828990,1133823,23059
EXPLEOSOL,24-FEB-2021,531.05,531.05,499.0,514.75,17736,11448,1461
FACT,24-FEB-2021,76.9,80.2,76.7,77.55,267513,76941,3810
FAIRCHEMOR,24-FEB-2021,635.05,646.15,632.0,636.55,5075,3056,366
FCL,24-FEB-2021,70.7,71.9,69.8,70.45,97776,55598,888
FCONSUMER,24-FEB-2021,7.85,8.1,7.8,7.95,3272580,1640502,6629
FDC,24-FEB-2021,285.0,301.35,275.05,282.25,153351,87540,4257
FEDERALBNK,24-FEB-2021,82.1,85.1,81.15,84.7,13585032,4490004,44735
FEL,24-FEB-2021,10.7,10.9,10.2,10.35,1993747,1462980,2466
FELDVR,24-FEB-2021,14.1,14.7,13.3,14.05,26984,19222,143
FIEMIND,24-FEB-2021,540.55,559.05,539.95,554.25,15391,8429,1241
FILATEX,24-FEB-2021,68.65,69.95,66.5,67.6,364368,272460,2210
FINCABLES,24-FEB-2021,382.8,397.0,382.45,388.8,260643,146504,7778
FINEORG,24-FEB-2021,2374.65,2380.0,2288.0,2325.1,12139,9535,1884
FINPIPE,24-FEB-2021,606.5,614.0,602.0,604.65,156228,90979,8667
FLEXITUFF,24-FEB-2021,27.15,27.4,24.9,25.6,33010,26313,277
FLFL,24-FEB-2021,79.9,82.15,79.5,80.2,96822,72192,1401
FLUOROCHEM,24-FEB-2021,533.5,549.0,533.05,544.4,23008,14411,820
FMGOETZE,24-FEB-2021,303.25,305.05,301.85,303.6,5816,4231,275
FMNL,24-FEB-2021,17.85,17.9,17.2,17.75,52778,35726,205
FORCEMOT,24-FEB-2021,1329.0,1368.9,1292.15,1326.1,8621,4640,952
FORTIS,24-FEB-2021,164.0,164.2,159.25,160.6,709665,356269,6882
FOSECOIND,24-FEB-2021,1222.1,1355.0,1181.25,1220.7,693,549,139
FRETAIL,24-FEB-2021,70.5,70.9,69.5,70.15,1361865,870544,12746
FSC,24-FEB-2021,96.6,96.65,91.8,94.05,48831,28848,734
FSL,24-FEB-2021,105.15,106.2,99.3,101.9,4087331,1981727,27418
G5,24-FEB-2021,47.18,47.25,47.16,47.25,393,355,8
GABRIEL,24-FEB-2021,117.0,117.75,114.9,116.1,217641,124659,4061
GAEL,24-FEB-2021,125.0,129.0,115.0,126.05,146134,80575,1763
GAIL,24-FEB-2021,147.55,148.1,142.9,146.45,21543442,6308135,87168
GAL,24-FEB-2021,2.7,2.7,2.5,2.55,103779,84765,60
GALAXYSURF,24-FEB-2021,2160.0,2199.95,2075.55,2185.15,4934,2501,981
GALLANTT,24-FEB-2021,49.8,50.9,47.05,47.8,44896,14754,4232
GALLISPAT,24-FEB-2021,40.35,42.4,40.0,40.85,42170,9585,3862
GAMMNINFRA,24-FEB-2021,0.75,0.75,0.7,0.75,715273,409470,687
GANDHITUBE,24-FEB-2021,270.05,279.0,262.2,268.65,4974,3943,310
GANECOS,24-FEB-2021,586.75,618.0,583.15,601.05,44351,23369,2186
GANESHHOUC,24-FEB-2021,50.0,50.9,50.0,50.9,30801,30582,97
GANGESSECU,24-FEB-2021,62.75,76.0,60.5,62.25,8478,3213,185
GARFIBRES,24-FEB-2021,2365.0,2485.0,2361.25,2385.0,19305,11935,2516
GATI,24-FEB-2021,96.65,99.5,94.5,96.15,1133403,562757,9524
GAYAPROJ,24-FEB-2021,42.8,43.5,41.05,41.6,587493,352761,4175
GBGLOBAL,24-FEB-2021,6.55,6.85,6.55,6.85,1126,1126,9
GDL,24-FEB-2021,175.0,179.0,165.55,175.5,95241,70782,2003
GEECEE,24-FEB-2021,92.95,99.0,92.95,95.65,78680,28023,2068
GEEKAYWIRE,24-FEB-2021,82.8,82.8,74.0,79.3,11146,10964,42
GENCON,24-FEB-2021,57.2,58.55,51.25,56.85,8271,4995,219
GENUSPAPER,24-FEB-2021,6.3,6.9,6.3,6.9,167169,152068,227
GENUSPOWER,24-FEB-2021,39.0,39.4,38.1,39.05,129710,53917,2901
GEOJITFSL,24-FEB-2021,53.1,54.2,50.35,51.3,365170,234936,2555
GEPIL,24-FEB-2021,277.8,279.0,275.0,276.75,21955,16499,781
GESHIP,24-FEB-2021,282.0,289.5,275.65,283.45,174883,98017,5173
GET&D,24-FEB-2021,126.75,129.0,125.8,126.9,78053,36387,1420
GFLLIMITED,24-FEB-2021,92.0,95.0,86.45,91.25,53630,39928,820
GHCL,24-FEB-2021,221.5,221.5,217.0,217.8,113209,57724,2765
GICHSGFIN,24-FEB-2021,136.2,143.7,135.35,139.5,1568600,434827,23833
GICRE,24-FEB-2021,194.95,202.8,191.0,196.1,1680325,510663,31945
GILLANDERS,24-FEB-2021,36.5,37.75,35.9,36.45,1470,993,20
GILLETTE,24-FEB-2021,5518.0,5800.0,5510.05,5522.45,1167,731,403
GINNIFILA,24-FEB-2021,18.6,19.65,18.6,19.45,53427,43504,154
GIPCL,24-FEB-2021,76.85,78.75,76.5,77.25,149013,78348,1443
GISOLUTION,24-FEB-2021,2.2,2.2,2.2,2.2,55,55,1
GKWLIMITED,24-FEB-2021,507.95,525.0,480.1,525.0,353,81,129
GLAND,24-FEB-2021,2398.95,2404.95,2325.05,2375.15,58313,34404,6060
GLAXO,24-FEB-2021,1460.0,1479.8,1430.0,1453.0,15878,9091,1600
GLENMARK,24-FEB-2021,468.85,470.95,449.6,465.65,827347,295486,17974
GLFL,24-FEB-2021,2.95,2.95,2.55,2.95,88377,64692,128
GLOBAL,24-FEB-2021,49.0,50.0,47.5,49.0,6454,5932,64
GLOBOFFS,24-FEB-2021,8.25,8.25,8.25,8.25,9761,8185,32
GLOBUSSPR,24-FEB-2021,367.75,370.75,352.0,364.5,47657,32119,1875
GMBREW,24-FEB-2021,411.15,424.0,400.0,412.1,7279,3644,421
GMDCLTD,24-FEB-2021,59.25,60.35,58.8,59.2,1201354,501842,6426
GMMPFAUDLR,24-FEB-2021,4270.0,4349.0,4235.25,4303.85,53752,22000,8999
GMRINFRA,24-FEB-2021,25.3,26.0,25.25,25.65,4562060,1620166,11363
GNA,24-FEB-2021,405.0,418.45,404.05,407.7,33891,16410,1425
GNFC,24-FEB-2021,258.75,264.4,255.9,257.45,2055325,778889,23266
GOACARBON,24-FEB-2021,330.1,351.2,318.6,337.7,75608,31955,2773
GOCLCORP,24-FEB-2021,237.9,244.1,236.0,239.7,3927,2941,164
GODFRYPHLP,24-FEB-2021,916.0,919.65,880.05,906.5,35234,18892,3410
GODHA,24-FEB-2021,40.95,40.95,37.1,40.0,148,102,14
GODREJAGRO,24-FEB-2021,484.5,495.0,481.2,484.2,80427,42929,4782
GODREJCP,24-FEB-2021,680.25,708.8,676.0,692.9,1101303,622612,29072
GODREJIND,24-FEB-2021,450.0,454.0,436.0,444.5,74037,46349,2392
GODREJPROP,24-FEB-2021,1504.1,1515.85,1441.0,1494.1,350388,117968,21091
GOKEX,24-FEB-2021,82.0,82.0,78.0,80.1,46981,24284,784
GOKUL,24-FEB-2021,18.0,20.7,17.7,18.8,39739,22765,271
GOKULAGRO,24-FEB-2021,23.5,24.6,22.1,22.8,312139,133992,1156
GOLDBEES,24-FEB-2021,40.83,42.0,40.25,40.62,2262719,1444950,11257
GOLDENTOBC,24-FEB-2021,47.8,49.0,46.0,46.4,2681,1745,124
GOLDIAM,24-FEB-2021,354.0,370.0,340.0,347.4,209820,119215,5355
GOLDSHARE,24-FEB-2021,4236.9,4699.0,4199.0,4212.15,850,596,239
GOLDTECH,24-FEB-2021,17.3,17.3,17.3,17.3,54801,54801,89
GOODLUCK,24-FEB-2021,72.7,74.15,70.2,72.45,149384,40017,2721
GOODYEAR,24-FEB-2021,976.8,978.9,950.0,960.85,13591,8934,1301
GPIL,24-FEB-2021,577.8,592.2,562.0,582.5,274084,121163,9565
GPPL,24-FEB-2021,99.1,99.1,95.0,97.65,208803,123697,3192
GPTINFRA,24-FEB-2021,41.45,43.7,34.25,43.0,23338,14206,237
GRANULES,24-FEB-2021,323.3,349.0,319.05,325.0,776799,424655,20786
GRAPHITE,24-FEB-2021,476.4,483.0,450.1,475.4,556912,182484,15489
GRASIM,24-FEB-2021,1239.0,1257.0,1231.25,1250.2,441927,124749,17626
GRAVITA,24-FEB-2021,83.85,87.95,83.1,87.45,1475479,222343,18852
GREAVESCOT,24-FEB-2021,119.0,124.9,118.7,122.75,3152524,1037927,26280
GREENLAM,24-FEB-2021,929.75,979.6,916.75,938.2,9763,3916,808
GREENPANEL,24-FEB-2021,169.1,178.0,165.05,175.25,81098,50629,2229
GREENPLY,24-FEB-2021,167.85,172.0,167.1,170.05,276450,177450,4361
GRINDWELL,24-FEB-2021,825.8,870.0,762.0,864.25,33733,16796,3571
GROBTEA,24-FEB-2021,999.0,1029.0,960.0,973.1,438,159,133
GRPLTD,24-FEB-2021,799.95,809.95,790.0,804.95,362,169,166
GRSE,24-FEB-2021,198.5,204.0,195.0,199.7,103782,50510,1754
GSCLCEMENT,24-FEB-2021,35.0,35.8,34.95,35.3,69106,37919,563
GSFC,24-FEB-2021,78.7,84.0,78.55,81.3,1771787,906278,9747
GSPL,24-FEB-2021,249.0,251.05,246.0,248.15,1077061,946506,6037
GSS,24-FEB-2021,51.85,52.8,50.3,51.6,106977,37420,3854
GTL,24-FEB-2021,6.8,6.85,6.65,6.8,69115,47733,172
GTLINFRA,24-FEB-2021,0.8,0.85,0.8,0.85,10204709,9609189,1157
GTNIND,24-FEB-2021,10.9,11.1,10.65,10.7,4350,4219,37
GTPL,24-FEB-2021,124.2,125.5,122.35,123.0,37338,20438,810
GUFICBIO,24-FEB-2021,110.9,112.2,110.55,111.1,24374,14861,456
GUJALKALI,24-FEB-2021,318.8,319.65,313.25,315.45,54403,29617,1663
GUJAPOLLO,24-FEB-2021,223.0,226.85,215.15,221.0,8361,6433,275
GUJGASLTD,24-FEB-2021,491.0,509.0,429.75,495.75,638857,218028,21444
GULFOILLUB,24-FEB-2021,716.5,749.9,621.9,724.0,5675,3076,1030
GULFPETRO,24-FEB-2021,41.25,41.85,40.3,41.1,33548,19878,238
GULPOLY,24-FEB-2021,93.7,96.0,87.75,94.0,164810,49200,2560
HAL,24-FEB-2021,1035.9,1069.9,1035.9,1064.2,278548,117510,16964
HAPPSTMNDS,24-FEB-2021,544.95,549.9,498.05,506.4,4562316,1352921,100633
HARITASEAT,24-FEB-2021,713.0,715.0,697.55,707.6,27521,25466,279
HARRMALAYA,24-FEB-2021,125.6,127.9,124.0,125.0,67274,22406,1742
HATHWAY,24-FEB-2021,29.6,30.0,29.15,29.7,160182,89733,1359
HATSUN,24-FEB-2021,730.0,742.4,700.0,717.55,69254,18597,3789
HAVELLS,24-FEB-2021,1135.05,1154.5,1115.05,1146.05,1114199,347522,23900
HBANKETF,24-FEB-2021,351.13,363.87,340.33,361.79,1247,916,139
HBLPOWER,24-FEB-2021,39.25,40.3,37.8,38.95,2487080,861830,8809
HCC,24-FEB-2021,8.2,8.5,8.15,8.45,2177000,1484177,1858
HCG,24-FEB-2021,169.05,172.1,168.55,170.7,47338,32215,734
HCL-INSYS,24-FEB-2021,9.7,9.75,9.05,9.3,717442,337821,1360
HCLTECH,24-FEB-2021,918.0,919.45,905.5,916.0,3435827,1484104,97531
HDFC,24-FEB-2021,2610.1,2723.0,2610.1,2707.75,2950645,1722253,102500
HDFCAMC,24-FEB-2021,2915.35,2959.95,2915.35,2925.85,175465,86863,17629
HDFCBANK,24-FEB-2021,1526.5,1613.95,1516.25,1606.45,7157166,3318706,144539
HDFCLIFE,24-FEB-2021,712.05,721.5,697.0,718.8,2362499,1078288,59399
HDFCMFGETF,24-FEB-2021,42.05,42.05,41.55,41.7,537169,315533,927
HDFCNIFETF,24-FEB-2021,156.41,158.91,155.51,158.27,15591,10511,298
HDFCSENETF,24-FEB-2021,541.0,600.0,455.0,535.8,1244,850,92
HEG,24-FEB-2021,1447.0,1465.0,1415.05,1437.15,159228,45744,8354
HEIDELBERG,24-FEB-2021,224.9,239.9,222.55,233.2,347482,140858,6358
HERCULES,24-FEB-2021,126.85,128.85,124.0,125.05,49263,22359,1774
HERITGFOOD,24-FEB-2021,338.5,345.2,328.0,333.3,153422,92765,3321
HEROMOTOCO,24-FEB-2021,3440.0,3500.0,3351.1,3441.6,823330,309192,41769
HESTERBIO,24-FEB-2021,1754.8,1799.0,1703.05,1767.75,3664,2297,950
HEXATRADEX,24-FEB-2021,62.15,62.15,59.25,62.05,172564,128912,420
HFCL,24-FEB-2021,30.1,30.2,29.25,29.85,3544942,1643326,5235
HGINFRA,24-FEB-2021,285.0,299.0,261.1,290.1,22886,14034,1024
HGS,24-FEB-2021,1172.15,1195.05,1145.45,1171.15,8673,6757,606
HIKAL,24-FEB-2021,159.0,162.8,158.4,160.95,312372,175192,4185
HIL,24-FEB-2021,2900.0,3281.1,2850.0,2885.35,8859,5865,1952
HILTON,24-FEB-2021,10.7,11.0,10.6,10.8,4791,3736,51
HIMATSEIDE,24-FEB-2021,155.0,168.5,153.5,163.65,572130,204013,7454
HINDALCO,24-FEB-2021,334.2,337.5,328.0,332.8,14777374,3868810,117562
HINDCOMPOS,24-FEB-2021,310.0,317.0,272.65,307.6,15246,5262,982
HINDCOPPER,24-FEB-2021,119.8,127.75,119.05,127.75,19989597,4220143,88708
HINDMOTORS,24-FEB-2021,7.15,7.15,6.85,6.95,80222,54062,5935
HINDNATGLS,24-FEB-2021,26.45,26.95,25.55,25.85,20386,15808,365
HINDOILEXP,24-FEB-2021,96.1,98.4,93.5,95.6,896350,392878,9553
HINDPETRO,24-FEB-2021,246.75,248.55,242.6,244.75,3338158,1303284,34165
HINDUNILVR,24-FEB-2021,2188.5,2188.5,2155.55,2178.85,924143,571062,58233
HINDZINC,24-FEB-2021,304.5,311.0,303.0,305.15,647686,184915,9599
HIRECT,24-FEB-2021,138.35,162.0,137.15,141.9,9780,6553,331
HISARMETAL,24-FEB-2021,108.0,108.0,102.0,103.9,11782,6645,200
HITECH,24-FEB-2021,318.35,332.9,317.0,325.25,55940,14738,1600
HITECHCORP,24-FEB-2021,131.5,135.9,130.05,130.15,6198,1934,262
HITECHGEAR,24-FEB-2021,182.05,184.0,180.0,181.6,1004,940,44
HLEGLAS,24-FEB-2021,2099.0,2120.0,1825.55,1927.55,3388,1980,841
HLVLTD,24-FEB-2021,5.8,5.8,5.45,5.55,159475,134036,298
HMVL,24-FEB-2021,63.0,67.35,63.0,65.55,343926,244520,2455
HNDFDS,24-FEB-2021,2578.0,2578.0,2386.6,2386.6,54988,24130,6210
HNGSNGBEES,24-FEB-2021,363.99,369.5,358.0,362.6,131,113,22
HOMEFIRST,24-FEB-2021,538.0,543.95,511.0,530.85,77095,33941,3628
HONAUT,24-FEB-2021,45149.0,48000.0,44117.0,46726.85,7298,3776,3218
HONDAPOWER,24-FEB-2021,1023.4,1035.85,1003.0,1011.55,2768,1783,381
HOTELRUGBY,24-FEB-2021,1.2,1.2,1.2,1.2,200,200,2
HOVS,24-FEB-2021,37.35,40.15,37.3,38.7,3679,2924,39
HPL,24-FEB-2021,42.4,42.4,41.45,41.8,137100,48543,1129
HSCL,24-FEB-2021,43.1,43.3,40.25,41.1,6309842,3978144,17629
HSIL,24-FEB-2021,172.0,184.0,172.0,180.85,180522,84819,3148
HTMEDIA,24-FEB-2021,28.45,30.6,27.05,28.75,2745708,1141348,10505
HUDCO,24-FEB-2021,44.45,46.2,44.4,45.7,2509598,1025880,6855
HUHTAMAKI,24-FEB-2021,329.5,343.0,329.5,337.5,43403,28506,1431
IBMFNIFTY,24-FEB-2021,152.75,174.0,147.95,157.22,716,550,68
IBREALEST,24-FEB-2021,83.25,84.6,82.45,83.15,2752656,1260333,11642
IBULHSGFIN,24-FEB-2021,217.85,220.4,214.0,217.45,6433827,1912869,46867
ICEMAKE,24-FEB-2021,76.85,76.85,73.05,75.5,6647,5218,76
ICICI500,24-FEB-2021,209.98,209.98,201.0,204.14,1540,887,100
ICICIALPLV,24-FEB-2021,139.9,141.7,137.11,137.9,1364,1315,40
ICICIB22,24-FEB-2021,36.51,37.47,35.7,37.42,598779,479028,2142
ICICIBANK,24-FEB-2021,615.1,645.0,615.1,641.1,17762047,6728252,178082
ICICIBANKN,24-FEB-2021,358.95,370.75,350.0,362.42,11429,5627,240
ICICIBANKP,24-FEB-2021,186.69,218.0,184.19,191.22,35100,24565,638
ICICIGI,24-FEB-2021,1508.0,1508.0,1477.0,1486.2,199596,116780,17985
ICICIGOLD,24-FEB-2021,41.15,41.97,41.15,41.71,63670,50023,728
ICICILIQ,24-FEB-2021,999.95,1000.0,999.95,999.99,1270,1230,12
ICICILOVOL,24-FEB-2021,117.7,117.7,114.15,117.35,1246,846,199
ICICIM150,24-FEB-2021,89.5,90.5,87.0,88.7,5190,2278,107
ICICIMCAP,24-FEB-2021,87.52,87.52,86.2,86.73,2672,1943,100
ICICINF100,24-FEB-2021,164.9,164.98,160.4,161.98,2381,1513,125
ICICINIFTY,24-FEB-2021,155.5,164.9,155.5,159.71,71623,41019,2382
ICICINV20,24-FEB-2021,76.97,79.0,74.6,75.61,11022,10065,247
ICICINXT50,24-FEB-2021,35.98,35.98,35.0,35.23,28983,25743,200
ICICIPRULI,24-FEB-2021,470.0,479.05,462.0,477.6,1249040,670463,35456
ICICISENSX,24-FEB-2021,543.0,546.7,538.5,544.01,879,692,70
ICICITECH,24-FEB-2021,248.05,252.0,236.49,245.06,1309068,1191569,1291
ICIL,24-FEB-2021,133.05,136.85,133.05,135.7,71284,34045,1620
ICRA,24-FEB-2021,2780.0,2828.95,2604.15,2772.1,611,291,218
IDBI,24-FEB-2021,30.05,30.9,30.0,30.25,6097262,3051487,8773
IDBIGOLD,24-FEB-2021,4396.95,4396.95,4345.0,4345.0,172,161,20
IDEA,24-FEB-2021,11.15,11.6,11.1,11.45,215734006,76974204,124282
IDFC,24-FEB-2021,53.65,56.5,53.35,56.1,18723790,10530321,45263
IDFCFIRSTB,24-FEB-2021,61.8,64.35,61.3,63.8,39413798,10256978,81010
IDFNIFTYET,24-FEB-2021,157.1,157.1,154.02,156.16,84,52,13
IEX,24-FEB-2021,298.2,311.8,296.0,308.35,1316835,742930,27573
IFBAGRO,24-FEB-2021,430.6,446.0,430.6,440.55,12087,4198,585
IFBIND,24-FEB-2021,1243.0,1300.0,1090.3,1255.6,25590,8609,3510
IFCI,24-FEB-2021,8.95,9.05,8.55,8.85,1271450,623607,28960
IFGLEXPOR,24-FEB-2021,275.0,275.0,260.0,262.7,32010,12414,1562
IGARASHI,24-FEB-2021,324.3,333.55,317.0,319.95,165621,83343,6311
IGL,24-FEB-2021,511.75,519.0,498.55,508.25,3945270,1352439,85416
IGPL,24-FEB-2021,432.3,445.0,423.0,433.3,42311,29808,2422
IIFL,24-FEB-2021,261.0,276.85,252.3,271.4,1992980,812237,24406
IIFLSEC,24-FEB-2021,47.5,56.4,47.5,56.4,4084838,2000003,12762
IIFLWAM,24-FEB-2021,1145.0,1197.4,1132.7,1146.05,16763,6660,1816
IITL,24-FEB-2021,64.8,64.8,57.0,58.95,5890,3834,116
IMAGICAA,24-FEB-2021,6.6,7.05,6.1,6.5,435999,206996,795
IMFA,24-FEB-2021,521.95,529.8,502.25,512.55,58100,32789,3013
IMPAL,24-FEB-2021,700.65,708.0,700.1,705.15,843,644,86
INDBANK,24-FEB-2021,15.5,16.75,14.25,15.55,555614,219458,2163
INDHOTEL,24-FEB-2021,118.75,121.45,118.75,119.65,1343215,896232,8495
INDIACEM,24-FEB-2021,159.95,162.7,159.05,161.0,578251,263064,5645
INDIAGLYCO,24-FEB-2021,466.0,487.8,465.15,482.4,142636,81237,4020
INDIAMART,24-FEB-2021,9220.6,9410.0,8750.0,8892.55,147683,75185,30605
INDIANB,24-FEB-2021,139.5,145.8,137.6,142.7,3143234,990184,18059
INDIANCARD,24-FEB-2021,135.25,159.95,135.25,139.9,760,523,65
INDIANHUME,24-FEB-2021,184.3,190.8,184.0,189.05,50293,19067,5910
INDIGO,24-FEB-2021,1531.0,1635.0,1531.0,1621.0,1579112,667943,48938
INDIGOPNTS,24-FEB-2021,2524.3,2533.4,2480.0,2487.95,34049,15468,4880
INDLMETER,24-FEB-2021,15.65,17.05,15.6,15.95,2773,2403,36
INDNIPPON,24-FEB-2021,418.0,418.35,391.0,403.85,16874,11329,836
INDOCO,24-FEB-2021,298.0,300.0,288.0,294.6,17588,7376,756
INDORAMA,24-FEB-2021,34.4,37.45,30.65,35.6,33792,20974,279
INDOSTAR,24-FEB-2021,319.5,330.0,304.0,327.1,15172,9547,601
INDOTECH,24-FEB-2021,100.95,100.95,97.1,97.65,5500,3515,273
INDRAMEDCO,24-FEB-2021,52.75,53.6,52.25,53.2,71997,44857,1129
INDSWFTLAB,24-FEB-2021,77.2,80.15,75.45,79.15,313002,255387,1580
INDUSINDBK,24-FEB-2021,1047.3,1076.0,1041.25,1070.0,6833820,2097509,119960
INDUSTOWER,24-FEB-2021,272.0,282.0,244.5,277.45,3005240,1472630,33864
INEOSSTYRO,24-FEB-2021,960.0,980.0,957.0,966.4,10255,6486,798
INFIBEAM,24-FEB-2021,88.5,89.1,87.3,87.75,227945,93014,3295
INFOBEAN,24-FEB-2021,154.4,160.0,142.7,158.45,26462,19666,430
INFOMEDIA,24-FEB-2021,3.95,3.95,3.95,3.95,5583,5455,16
INFRABEES,24-FEB-2021,449.89,449.89,415.27,432.78,977,551,64
INFY,24-FEB-2021,1260.05,1276.6,1252.0,1274.3,4537258,2383948,125315
INGERRAND,24-FEB-2021,724.9,749.0,720.35,730.2,20514,10374,1749
INOXLEISUR,24-FEB-2021,307.45,329.85,303.0,313.85,244981,79072,5179
INOXWIND,24-FEB-2021,66.0,68.4,62.0,67.05,96321,35724,1207
INSECTICID,24-FEB-2021,461.2,484.0,450.15,456.5,11581,6683,853
INSPIRISYS,24-FEB-2021,39.8,39.8,36.2,36.3,6148,5098,154
INTEGRA,24-FEB-2021,1.95,1.95,1.95,1.95,472,472,3
INTELLECT,24-FEB-2021,445.0,447.4,432.25,440.9,180012,127558,3092
INTENTECH,24-FEB-2021,37.2,37.8,35.1,35.55,57948,45795,167
INVENTURE,24-FEB-2021,20.5,21.1,20.5,20.75,39721,8732,799
IOB,24-FEB-2021,16.0,17.25,15.85,17.25,31496204,9805458,21420
IOC,24-FEB-2021,98.4,99.9,97.0,97.95,19784111,5925711,68813
IOLCP,24-FEB-2021,556.9,578.9,556.9,562.05,528870,185929,15300
IPCALAB,24-FEB-2021,1809.95,1883.95,1803.65,1865.9,162852,105445,11336
IRB,24-FEB-2021,107.1,108.2,105.0,105.9,425052,261858,5085
IRCON,24-FEB-2021,94.2,95.65,93.55,94.55,475673,203047,4786
IRCTC,24-FEB-2021,1638.0,1697.0,1630.1,1675.45,647085,251617,33583
IRFC,24-FEB-2021,24.9,25.2,24.85,24.9,10958830,5223967,20179
IRISDOREME,24-FEB-2021,91.25,101.9,90.0,101.9,227986,107662,2557
ISEC,24-FEB-2021,399.5,413.7,398.05,408.85,226378,113052,6041
ISFT,24-FEB-2021,66.15,68.0,65.25,67.8,13538,11076,186
ISMTLTD,24-FEB-2021,11.45,11.45,10.75,10.8,78428,68137,163
ITC,24-FEB-2021,209.1,209.8,206.5,208.85,13160617,5995087,78718
ITDC,24-FEB-2021,307.9,329.9,260.8,317.75,293144,61878,9107
ITDCEM,24-FEB-2021,77.0,81.2,76.7,78.9,1734331,944648,12128
ITI,24-FEB-2021,124.5,131.0,124.5,127.1,771428,244504,8445
IVC,24-FEB-2021,4.55,4.75,4.1,4.35,139488,89618,230
IVP,24-FEB-2021,126.5,126.5,119.95,121.3,7862,6426,258
IVZINGOLD,24-FEB-2021,4294.0,4298.0,3610.0,4244.0,24,22,5
IVZINNIFTY,24-FEB-2021,1894.0,1894.0,1894.0,1894.0,1,1,1
IZMO,24-FEB-2021,60.4,61.7,56.15,59.9,405792,170207,4062
J&KBANK,24-FEB-2021,29.4,29.95,29.05,29.8,1982957,973459,3654
JAGRAN,24-FEB-2021,54.7,55.3,53.3,54.1,677378,396666,3807
JAGSNPHARM,24-FEB-2021,91.65,95.7,89.45,93.65,318398,118074,4669
JAICORPLTD,24-FEB-2021,89.8,92.0,87.0,89.8,468208,185268,3630
JAMNAAUTO,24-FEB-2021,68.2,69.3,66.5,68.0,382497,223847,3260
JASH,24-FEB-2021,264.65,275.0,260.2,272.3,110602,109059,166
JAYAGROGN,24-FEB-2021,141.5,141.5,134.6,139.0,12045,10992,118
JAYBARMARU,24-FEB-2021,237.9,241.55,203.3,238.1,33552,16847,773
JAYNECOIND,24-FEB-2021,7.35,7.35,6.7,7.35,458829,297725,427
JAYSREETEA,24-FEB-2021,68.5,68.65,67.0,68.0,55604,40962,478
JBCHEPHARM,24-FEB-2021,1094.0,1145.0,1094.0,1127.65,52611,30937,5714
JBFIND,24-FEB-2021,12.8,13.15,12.05,12.9,58811,47947,172
JBMA,24-FEB-2021,424.0,450.0,423.65,438.1,160934,70681,7073
JCHAC,24-FEB-2021,2519.0,2630.0,2501.15,2609.4,23181,13698,3420
JINDALPHOT,24-FEB-2021,38.0,38.0,35.6,36.4,6067,3445,75
JINDALPOLY,24-FEB-2021,503.8,503.95,483.0,499.45,76563,29547,8448
JINDALSAW,24-FEB-2021,73.3,74.95,72.05,73.85,1003802,383509,6441
JINDALSTEL,24-FEB-2021,339.0,344.65,332.0,338.15,7132578,1254378,62937
JINDRILL,24-FEB-2021,94.0,94.0,91.35,94.0,78653,59665,715
JINDWORLD,24-FEB-2021,57.2,62.85,56.05,56.6,179358,10641,1104
JISLJALEQS,24-FEB-2021,19.25,19.55,18.45,19.5,849217,624095,1455
JKCEMENT,24-FEB-2021,2679.95,2680.35,2604.4,2629.0,21548,10165,3594
JKIL,24-FEB-2021,196.4,207.25,195.0,200.0,159707,94945,2236
JKLAKSHMI,24-FEB-2021,369.0,379.0,360.5,369.4,89216,52377,2819
JKPAPER,24-FEB-2021,142.55,148.8,141.3,145.85,1551707,413882,12968
JKTYRE,24-FEB-2021,125.05,130.5,122.4,127.4,2802327,1121514,22514
JMA,24-FEB-2021,35.45,38.2,34.9,35.05,5417,4714,51
JMCPROJECT,24-FEB-2021,73.65,87.5,70.1,74.1,75272,43355,981
JMFINANCIL,24-FEB-2021,90.65,94.2,81.25,92.65,366864,155526,2511
JOCIL,24-FEB-2021,162.95,165.8,157.3,160.25,2896,1250,79
JPASSOCIAT,24-FEB-2021,7.45,7.7,7.4,7.7,17031620,7332300,4505
JPINFRATEC,24-FEB-2021,1.65,1.7,1.6,1.7,1246093,588830,467
JPPOWER,24-FEB-2021,2.9,2.9,2.8,2.85,6872741,3459207,2825
JSL,24-FEB-2021,70.25,72.8,69.9,70.35,301251,143629,1993
JSLHISAR,24-FEB-2021,124.75,126.4,121.0,123.7,191710,112099,1932
JSWENERGY,24-FEB-2021,73.5,75.4,72.25,72.85,1299058,495910,6125
JSWHL,24-FEB-2021,3777.05,3780.05,3700.0,3718.15,943,226,425
JSWISPL,24-FEB-2021,27.3,28.5,27.15,27.95,671770,410512,1066
JSWSTEEL,24-FEB-2021,415.0,426.6,400.0,408.1,10570509,1833508,104057
JTEKTINDIA,24-FEB-2021,89.15,90.55,87.65,89.05,97073,57073,3117
JUBLFOOD,24-FEB-2021,3190.0,3190.0,3050.1,3071.25,729850,228119,41335
JUBLINDS,24-FEB-2021,213.4,213.4,200.95,209.8,24308,21863,365
JUBLPHARMA,24-FEB-2021,765.0,775.0,638.3,759.0,38071,16837,2913
JUMPNET,24-FEB-2021,14.1,14.1,14.1,14.1,180335,180335,301
JUNIORBEES,24-FEB-2021,368.0,369.3,354.0,363.41,33188,21698,1968
JUSTDIAL,24-FEB-2021,623.9,647.0,620.6,639.95,1110215,325608,30889
JYOTHYLAB,24-FEB-2021,148.05,153.1,145.55,148.6,281152,95142,3810
KABRAEXTRU,24-FEB-2021,135.0,138.7,131.3,133.85,99561,47365,1568
KAJARIACER,24-FEB-2021,945.0,963.95,937.0,949.2,70534,43357,2549
KAKATCEM,24-FEB-2021,169.9,175.0,169.25,173.8,14755,11288,522
KALPATPOWR,24-FEB-2021,380.05,387.0,375.0,384.95,96366,64717,3330
KAMATHOTEL,24-FEB-2021,35.0,35.0,33.85,33.95,12753,9867,112
KAMDHENU,24-FEB-2021,122.6,125.75,121.0,122.7,33813,18697,875
KANANIIND,24-FEB-2021,4.8,4.8,4.7,4.8,7545,7545,32
KANPRPLA,24-FEB-2021,137.8,138.0,130.75,133.3,7577,5096,201
KANSAINER,24-FEB-2021,563.0,574.0,547.0,566.75,40571,17444,2730
KARDA,24-FEB-2021,133.5,133.5,127.6,128.6,14094,9157,322
KARURVYSYA,24-FEB-2021,61.05,63.9,60.6,61.9,1486386,626011,7295
KAUSHALYA,24-FEB-2021,1.95,1.95,1.85,1.9,12381,10381,21
KAYA,24-FEB-2021,304.0,319.95,304.0,311.25,19774,7312,933
KCP,24-FEB-2021,74.1,76.65,73.15,74.75,115741,84539,1603
KCPSUGIND,24-FEB-2021,16.8,16.85,15.95,16.05,618060,384957,1873
KDDL,24-FEB-2021,307.15,308.5,292.1,298.85,2434,1519,154
KEC,24-FEB-2021,420.6,424.6,415.0,417.9,60237,40500,3385
KECL,24-FEB-2021,13.8,14.0,13.25,13.85,29463,15795,181
KEERTI,24-FEB-2021,25.95,30.0,25.0,25.25,110764,14490,242
KEI,24-FEB-2021,509.0,518.7,464.0,498.1,65856,36808,3468
KELLTONTEC,24-FEB-2021,80.0,84.95,77.1,79.8,632136,387992,3642
KENNAMET,24-FEB-2021,924.4,945.0,897.1,932.6,3785,2087,235
KESORAMIND,24-FEB-2021,66.85,69.8,66.5,67.25,539301,272293,3743
KEYFINSERV,24-FEB-2021,63.95,63.95,60.85,62.25,133,96,12
KHADIM,24-FEB-2021,151.9,156.6,146.05,148.35,138244,86579,3034
KHAICHEM,24-FEB-2021,23.8,24.5,20.35,23.05,270401,136189,2104
KHANDSE,24-FEB-2021,13.4,14.15,13.4,13.6,2082,1266,15
KICL,24-FEB-2021,1570.05,1609.0,1501.85,1589.5,690,608,112
KILITCH,24-FEB-2021,87.6,91.95,85.0,86.95,1973,1397,66
KINGFA,24-FEB-2021,570.0,570.0,550.0,561.75,4813,1524,590
KIOCL,24-FEB-2021,139.9,142.0,137.3,139.25,17629,10172,504
KIRIINDUS,24-FEB-2021,455.0,467.4,454.95,456.3,45208,20460,1454
KIRLFER,24-FEB-2021,153.0,156.75,151.05,151.75,161913,109164,5054
KIRLOSBROS,24-FEB-2021,155.5,157.9,154.25,156.1,23229,11868,656
KIRLOSENG,24-FEB-2021,161.85,163.0,157.9,158.4,77418,49018,1492
KIRLOSIND,24-FEB-2021,1300.0,1419.5,1252.3,1269.2,5877,2917,1088
KITEX,24-FEB-2021,105.95,106.95,105.9,106.1,30217,20756,682
KKCL,24-FEB-2021,885.0,915.0,884.95,910.35,355,276,98
KMSUGAR,24-FEB-2021,11.7,11.7,10.5,11.35,122437,70309,278
KNRCON,24-FEB-2021,210.0,212.7,202.85,207.6,309275,147809,8551
KOKUYOCMLN,24-FEB-2021,61.0,61.5,60.5,61.2,121684,76945,842
KOLTEPATIL,24-FEB-2021,244.7,248.7,235.0,246.0,49581,21892,1789
KOPRAN,24-FEB-2021,123.25,125.0,122.75,123.55,99008,55554,1067
KOTAKBANK,24-FEB-2021,1889.1,1924.0,1852.05,1911.2,3821416,1978628,99089
KOTAKBKETF,24-FEB-2021,353.33,368.46,353.33,367.01,537332,25568,418
KOTAKGOLD,24-FEB-2021,411.9,444.0,408.05,409.8,8679,5844,554
KOTAKNIFTY,24-FEB-2021,154.46,160.0,153.8,156.53,18049,10931,488
KOTAKNV20,24-FEB-2021,76.89,77.99,76.5,77.48,1002,521,55
KOTAKPSUBK,24-FEB-2021,240.9,246.0,236.52,242.96,40583,13758,943
KOTARISUG,24-FEB-2021,26.7,26.7,25.05,25.2,61469,37837,266
KOTHARIPET,24-FEB-2021,23.6,24.4,23.3,23.85,18801,9843,111
KOTHARIPRO,24-FEB-2021,70.05,71.85,69.95,70.35,2330,1687,97
KPITTECH,24-FEB-2021,137.35,144.9,136.05,142.1,1144061,584325,15143
KPRMILL,24-FEB-2021,889.0,929.0,830.2,922.35,12322,7173,1269
KRBL,24-FEB-2021,209.0,210.0,205.1,206.05,113560,56124,2180
KREBSBIO,24-FEB-2021,108.35,110.0,107.0,108.55,13827,11330,129
KRIDHANINF,24-FEB-2021,3.4,3.65,3.4,3.5,73829,47817,145
KRISHANA,24-FEB-2021,70.0,73.6,68.0,71.8,1844,820,44
KSB,24-FEB-2021,670.0,702.5,662.85,696.7,79365,45311,3928
KSCL,24-FEB-2021,510.5,520.0,502.3,508.3,55210,25998,1995
KSL,24-FEB-2021,312.4,317.0,306.1,311.45,50165,25007,1718
KTKBANK,24-FEB-2021,66.6,72.25,66.6,70.75,5184578,1929478,19218
KUANTUM,24-FEB-2021,53.3,55.0,52.25,53.15,26142,19884,184
L&TFH,24-FEB-2021,98.75,103.5,97.5,103.05,18573429,7608295,57633
LALPATHLAB,24-FEB-2021,2330.0,2330.0,2246.0,2286.6,205164,89614,17088
LAMBODHARA,24-FEB-2021,47.55,47.7,45.0,46.4,11319,7920,240
LAOPALA,24-FEB-2021,220.95,222.45,219.0,221.3,52294,32710,1470
LASA,24-FEB-2021,69.95,71.8,66.25,68.0,209628,40770,4427
LAURUSLABS,24-FEB-2021,364.0,364.9,358.1,360.25,833758,461626,12213
LAXMIMACH,24-FEB-2021,6624.0,7000.0,6610.0,6751.9,21679,8819,5226
LEMONTREE,24-FEB-2021,40.3,41.3,40.05,40.55,543904,367658,3881
LFIC,24-FEB-2021,78.85,81.95,68.0,78.75,1266,518,62
LGBBROSLTD,24-FEB-2021,304.8,321.8,303.65,309.65,70240,36042,2890
LGBFORGE,24-FEB-2021,4.25,4.25,4.05,4.05,160372,141296,230
LIBERTSHOE,24-FEB-2021,139.6,140.95,139.0,139.9,20431,9977,602
LICHSGFIN,24-FEB-2021,431.55,446.7,431.55,443.5,3597991,740837,59040
LICNETFGSC,24-FEB-2021,21.56,22.25,21.56,21.85,4086,3726,61
LICNETFN50,24-FEB-2021,154.0,158.0,154.0,157.95,185,137,40
LICNETFSEN,24-FEB-2021,539.95,585.0,500.0,528.0,76,54,46
LICNFNHGP,24-FEB-2021,155.0,155.0,149.1,149.1,183,164,23
LIKHITHA,24-FEB-2021,284.6,288.0,281.1,282.4,96460,44224,1543
LINCOLN,24-FEB-2021,226.45,238.4,225.65,231.05,205347,106029,3902
LINCPEN,24-FEB-2021,177.05,177.1,170.05,174.55,815,537,115
LINDEINDIA,24-FEB-2021,1388.0,1436.7,1341.0,1419.85,67634,43874,4521
LIQUIDBEES,24-FEB-2021,1002.3,1002.3,998.87,999.99,338508,269176,2266
LIQUIDETF,24-FEB-2021,1000.0,1000.01,999.99,1000.01,5966,4008,32
LOTUSEYE,24-FEB-2021,34.35,35.1,33.9,34.95,5856,4137,105
LOVABLE,24-FEB-2021,91.65,92.0,87.0,89.4,18311,11670,570
LSIL,24-FEB-2021,0.95,0.95,0.9,0.95,671655,355732,421
LT,24-FEB-2021,1486.7,1532.0,1486.7,1526.6,2380414,1051252,71210
LTI,24-FEB-2021,3788.35,3825.0,3701.0,3718.75,50985,32655,8885
LTTS,24-FEB-2021,2460.0,2504.9,2459.8,2495.05,50034,28439,5940
LUMAXIND,24-FEB-2021,1497.7,1539.8,1435.6,1486.8,2624,1574,512
LUMAXTECH,24-FEB-2021,144.75,144.9,125.0,142.95,89139,62275,1502
LUPIN,24-FEB-2021,1016.0,1019.55,990.1,1008.3,947886,243797,20496
LUXIND,24-FEB-2021,1715.0,1865.6,1712.35,1790.15,31224,10208,3554
LYPSAGEMS,24-FEB-2021,4.9,5.0,4.75,4.75,7528,6989,74
M&M,24-FEB-2021,841.1,855.9,840.0,849.6,3184114,1532993,53001
M&MFIN,24-FEB-2021,210.2,214.5,208.2,212.85,3592975,948226,29980
M100,24-FEB-2021,24.21,25.92,24.08,24.77,67780,46516,705
M50,24-FEB-2021,143.35,150.15,143.35,149.78,203,78,32
MAANALU,24-FEB-2021,158.0,161.9,155.0,156.45,26898,15612,739
MADHAV,24-FEB-2021,62.0,63.25,59.05,60.5,61865,35294,729
MADHUCON,24-FEB-2021,5.35,5.95,5.3,5.8,75343,72153,120
MAESGETF,24-FEB-2021,24.96,25.29,24.91,25.06,4830,491,314
MAGADSUGAR,24-FEB-2021,116.25,117.5,110.5,111.0,30271,21697,848
MAGMA,24-FEB-2021,107.4,113.0,107.4,107.4,3734518,2066153,16634
MAGNUM,24-FEB-2021,6.9,6.9,6.9,6.9,78236,78236,56
MAHABANK,24-FEB-2021,22.0,23.45,21.95,23.45,20531292,7524412,17304
MAHASTEEL,24-FEB-2021,99.9,99.9,88.25,96.8,13075,8076,160
MAHEPC,24-FEB-2021,151.6,160.5,149.85,157.4,378940,114732,6416
MAHESHWARI,24-FEB-2021,85.0,89.0,84.5,85.55,11185,7265,295
MAHINDCIE,24-FEB-2021,182.45,182.9,177.1,178.15,237937,114317,3823
MAHLIFE,24-FEB-2021,484.65,493.95,473.0,488.6,23396,13087,1041
MAHLOG,24-FEB-2021,480.3,489.5,467.0,473.65,40411,33602,1120
MAHSCOOTER,24-FEB-2021,3717.65,3750.0,3688.65,3715.85,2295,1535,409
MAHSEAMLES,24-FEB-2021,286.0,295.0,284.55,285.65,18087,11720,523
MAITHANALL,24-FEB-2021,612.0,646.6,519.5,607.8,72998,46452,3038
MALUPAPER,24-FEB-2021,27.25,29.0,27.0,28.2,20407,13481,177
MAN50ETF,24-FEB-2021,168.8,168.8,150.0,153.25,2737,1242,50
MANAKALUCO,24-FEB-2021,9.2,9.2,8.3,8.55,72575,53105,127
MANAKCOAT,24-FEB-2021,12.95,13.0,11.65,12.8,223468,18416,230
MANAKSIA,24-FEB-2021,54.0,54.45,53.5,54.05,28535,15745,312
MANAKSTEEL,24-FEB-2021,20.1,20.6,20.0,20.05,5827,4617,79
MANALIPETC,24-FEB-2021,47.4,56.45,47.25,56.45,7035545,2686113,21944
MANAPPURAM,24-FEB-2021,171.4,172.45,166.0,171.8,2212623,793334,15658
MANGALAM,24-FEB-2021,106.1,108.75,96.55,99.5,171176,103903,4262
MANGCHEFER,24-FEB-2021,72.65,77.55,71.0,76.5,763365,466944,6381
MANGLMCEM,24-FEB-2021,277.4,278.65,270.0,275.15,14498,8348,589
MANGTIMBER,24-FEB-2021,10.95,11.6,10.75,11.0,2291,2263,10
MANINDS,24-FEB-2021,72.75,75.5,72.45,73.7,115877,68096,1410
MANINFRA,24-FEB-2021,35.65,36.65,35.1,35.95,347961,126467,2626
MANUGRAPH,24-FEB-2021,12.5,12.65,11.45,11.75,2950,2008,42
MANXT50,24-FEB-2021,345.51,346.7,345.51,346.26,1040,1023,9
MARATHON,24-FEB-2021,75.45,77.5,74.9,76.3,224714,131934,367
MARICO,24-FEB-2021,422.1,426.5,415.15,424.4,1032212,463292,26368
MARINE,24-FEB-2021,54.9,59.0,48.5,56.6,732864,328563,1685
MARKSANS,24-FEB-2021,54.65,55.4,54.0,54.15,412391,308218,3286
MARUTI,24-FEB-2021,6905.0,7036.0,6877.5,6952.95,1225254,540301,117844
MASFIN,24-FEB-2021,840.0,860.0,832.05,845.8,7243,4631,1034
MASTEK,24-FEB-2021,1201.0,1218.0,1147.35,1202.8,128418,77358,8859
MATRIMONY,24-FEB-2021,1030.0,1154.0,986.6,1080.4,366580,91711,26128
MAWANASUG,24-FEB-2021,38.05,40.7,33.35,39.3,485294,318219,2261
MAXHEALTH,24-FEB-2021,184.85,188.7,180.1,183.8,483434,261342,10473
MAXIND,24-FEB-2021,60.5,60.9,60.05,60.65,194086,175035,474
MAXVIL,24-FEB-2021,52.5,53.3,51.8,52.55,83779,52847,501
MAYURUNIQ,24-FEB-2021,421.0,437.0,414.2,427.95,66584,42781,3954
MAZDA,24-FEB-2021,530.0,548.0,481.2,514.45,1158,541,219
MAZDOCK,24-FEB-2021,217.45,221.9,216.5,217.9,906939,338521,17018
MBLINFRA,24-FEB-2021,21.8,21.8,20.85,21.05,48854,27170,205
MCDHOLDING,24-FEB-2021,41.0,43.0,39.8,41.65,45827,33173,387
MCDOWELL-N,24-FEB-2021,556.0,559.6,543.5,546.6,1910674,620604,45619
MCL,24-FEB-2021,103.0,103.0,95.0,96.5,65065,29949,494
MCLEODRUSS,24-FEB-2021,20.8,20.9,19.45,19.65,211042,133302,690
MCX,24-FEB-2021,1507.95,1531.55,1500.5,1519.05,150085,90177,8182
MEGASOFT,24-FEB-2021,10.0,10.9,9.65,10.8,130378,96280,349
MEGH,24-FEB-2021,78.0,79.65,77.0,77.8,516733,245689,3367
MENONBE,24-FEB-2021,57.0,58.75,55.65,58.05,19754,16768,233
MEP,24-FEB-2021,15.8,16.75,15.5,16.0,90671,56377,242
METALFORGE,24-FEB-2021,5.55,5.55,5.3,5.3,13227,12794,51
METROPOLIS,24-FEB-2021,1983.3,1999.85,1935.0,1959.9,51900,32338,3946
MFSL,24-FEB-2021,850.0,935.15,765.15,852.7,552560,198490,9286
MGEL,24-FEB-2021,47.95,47.95,45.55,46.1,30804,30540,17
MGL,24-FEB-2021,1140.0,1155.0,1121.0,1133.6,221354,55170,14114
MHRIL,24-FEB-2021,228.8,245.0,228.8,231.1,27616,17782,680
MIDHANI,24-FEB-2021,190.7,192.25,187.0,188.55,372850,120224,5011
MINDACORP,24-FEB-2021,102.0,102.8,95.1,99.35,701114,326838,6779
MINDAIND,24-FEB-2021,544.35,560.0,544.0,553.75,116322,100577,3010
MINDTECK,24-FEB-2021,46.4,46.9,46.4,46.9,11209,8643,180
MINDTREE,24-FEB-2021,1607.1,1628.5,1571.5,1607.35,345422,69277,13284
MIRCELECTR,24-FEB-2021,13.95,14.5,13.8,14.3,793343,499850,1121
MIRZAINT,24-FEB-2021,51.3,51.8,50.6,51.35,136152,97558,837
MITTAL,24-FEB-2021,11.05,11.5,10.95,11.15,9981,5812,71
MMFL,24-FEB-2021,478.8,478.8,438.0,473.0,2020,1294,177
MMP,24-FEB-2021,97.9,109.0,88.0,97.05,175107,156137,898
MMTC,24-FEB-2021,34.8,36.0,34.05,34.9,16574267,3899074,31635
MOHITIND,24-FEB-2021,7.55,7.9,7.4,7.4,5290,5280,19
MOIL,24-FEB-2021,154.0,155.2,149.1,152.15,462999,216232,6351
MOLDTECH,24-FEB-2021,43.45,43.45,41.65,43.15,6553,4297,143
MOLDTKPAC,24-FEB-2021,380.0,387.85,376.0,382.95,18965,10502,739
MONTECARLO,24-FEB-2021,226.0,236.35,225.25,231.5,86179,36934,3046
MORARJEE,24-FEB-2021,12.5,13.75,12.5,12.85,5362,4059,42
MOREPENLAB,24-FEB-2021,29.05,29.6,28.5,29.1,708776,354799,2438
MOTHERSUMI,24-FEB-2021,220.95,225.65,214.0,217.2,12954422,3688294,121795
MOTILALOFS,24-FEB-2021,615.2,617.4,605.3,610.8,252703,215002,8877
MOTOGENFIN,24-FEB-2021,18.4,18.6,16.75,18.0,1225,1100,48
MPHASIS,24-FEB-2021,1749.65,1749.65,1624.25,1694.35,227168,107665,17088
MPSLTD,24-FEB-2021,471.75,473.1,461.1,462.5,6926,4068,652
MRF,24-FEB-2021,88100.0,88600.0,86850.0,87979.65,13773,2066,7884
MRO-TEK,24-FEB-2021,35.85,35.85,33.2,35.85,1773,1338,26
MRPL,24-FEB-2021,38.55,39.2,38.0,38.15,1200847,563904,4222
MSPL,24-FEB-2021,7.8,7.8,7.35,7.5,18156,13858,75
MSTCLTD,24-FEB-2021,272.5,292.0,271.2,285.65,881952,284068,23017
MTEDUCARE,24-FEB-2021,8.35,9.7,8.1,8.35,877317,519865,1310
MTNL,24-FEB-2021,11.9,12.35,11.85,11.95,950529,445354,12467
MUKANDENGG,24-FEB-2021,13.85,14.25,13.85,13.9,4368,3616,44
MUKANDLTD,24-FEB-2021,64.0,66.15,63.0,63.7,26740,15692,349
MUKTAARTS,24-FEB-2021,32.3,32.3,30.4,30.85,2734,1654,64
MUNJALAU,24-FEB-2021,59.5,60.55,59.5,60.2,73411,39223,866
MUNJALSHOW,24-FEB-2021,152.0,166.9,151.05,154.9,33851,19188,2024
MURUDCERA,24-FEB-2021,21.0,21.8,21.0,21.5,52152,33985,252
MUTHOOTCAP,24-FEB-2021,418.45,423.0,405.0,414.2,37276,18211,2751
MUTHOOTFIN,24-FEB-2021,1297.0,1314.0,1277.1,1293.5,671116,206852,24374
N100,24-FEB-2021,947.9,954.0,931.1,944.17,31919,18649,2222
NACLIND,24-FEB-2021,39.15,39.9,37.05,38.9,25530,16202,298
NAGAFERT,24-FEB-2021,5.0,5.15,4.8,5.0,177478,157215,255
NAGREEKCAP,24-FEB-2021,5.8,5.8,5.8,5.8,10,10,1
NAGREEKEXP,24-FEB-2021,16.85,18.25,16.75,18.1,6230,4985,46
NAHARCAP,24-FEB-2021,85.65,92.0,85.65,88.55,10827,5313,803
NAHARINDUS,24-FEB-2021,45.45,47.0,44.4,46.4,38597,5327,485
NAHARPOLY,24-FEB-2021,88.4,88.8,85.25,87.6,9828,6277,249
NAHARSPING,24-FEB-2021,80.25,83.7,80.0,83.2,11773,8345,115
NAM-INDIA,24-FEB-2021,330.0,339.75,326.65,336.0,397581,142004,8777
NATCOPHARM,24-FEB-2021,825.8,829.8,801.0,805.75,129939,52786,5655
NATHBIOGEN,24-FEB-2021,268.05,274.7,268.0,271.2,7827,5986,281
NATIONALUM,24-FEB-2021,55.5,56.25,54.05,54.9,14037303,4749224,26163
NAUKRI,24-FEB-2021,5071.15,5129.4,4909.0,4936.55,458435,132961,57728
NAVINFLUOR,24-FEB-2021,2534.0,2534.0,2412.0,2491.6,32876,18439,5290
NAVKARCORP,24-FEB-2021,39.6,40.85,36.0,39.55,395648,176814,2138
NAVNETEDUL,24-FEB-2021,85.1,89.85,84.9,86.7,71373,34850,2876
NBCC,24-FEB-2021,37.0,39.9,36.6,39.15,26945515,10656693,53007
NBIFIN,24-FEB-2021,1810.0,1810.0,1795.95,1808.0,127,113,33
NBVENTURES,24-FEB-2021,64.0,67.5,63.0,65.65,6815279,2987488,32292
NCC,24-FEB-2021,89.45,89.9,88.7,89.4,2271436,1093574,11091
NCLIND,24-FEB-2021,172.6,178.0,170.3,173.4,400312,234820,6919
NCPSESDL24,24-FEB-2021,102.5,102.5,102.5,102.5,2,2,2
NDGL,24-FEB-2021,785.0,809.0,751.35,771.05,87,30,23
NDL,24-FEB-2021,29.8,30.4,28.65,29.95,17529,12646,150
NDRAUTO,24-FEB-2021,240.0,243.15,233.5,233.9,3307,2733,56
NDTV,24-FEB-2021,50.45,50.45,47.25,48.3,17730,12051,299
NECCLTD,24-FEB-2021,9.1,10.25,9.1,9.95,42741,25547,160
NECLIFE,24-FEB-2021,19.75,21.0,19.1,19.8,184867,110182,649
NELCAST,24-FEB-2021,65.9,67.3,64.4,65.5,66468,39606,1206
NELCO,24-FEB-2021,207.5,209.9,200.0,203.6,117771,71592,1923
NEOGEN,24-FEB-2021,889.65,889.85,850.0,858.3,23158,12056,2060
NESCO,24-FEB-2021,605.0,609.0,521.95,600.6,17699,10695,1127
NESTLEIND,24-FEB-2021,16283.0,16378.0,16100.0,16346.15,84342,53162,13314
NETF,24-FEB-2021,173.0,173.0,168.2,171.68,1837,709,82
NETFCONSUM,24-FEB-2021,64.5,65.88,64.02,65.31,9856,6043,111
NETFDIVOPP,24-FEB-2021,38.25,39.65,35.55,36.2,1469,913,68
NETFIT,24-FEB-2021,25.77,25.79,24.52,25.02,546086,414312,2204
NETFLTGILT,24-FEB-2021,22.1,22.11,22.05,22.05,13872,9515,58
NETFMID150,24-FEB-2021,88.86,90.0,86.55,88.68,34764,22256,568
NETFNIF100,24-FEB-2021,150.1,165.87,146.3,154.9,395,247,54
NETFNV20,24-FEB-2021,78.9,80.0,77.76,78.33,3697,3643,33
NETWORK18,24-FEB-2021,36.5,37.0,36.3,36.8,529674,315500,1241
NEULANDLAB,24-FEB-2021,2043.0,2140.0,1955.0,2064.15,64827,29272,6626
NEWGEN,24-FEB-2021,308.8,319.95,304.9,311.95,124294,70162,4880
NEXTMEDIA,24-FEB-2021,4.2,4.55,4.2,4.3,1987,1010,10
NFL,24-FEB-2021,38.1,40.2,38.1,39.45,1203490,366783,3995
NH,24-FEB-2021,451.6,464.45,425.0,450.15,153019,103981,5861
NHPC,24-FEB-2021,23.8,23.9,23.05,23.75,2424638,1618639,4090
NIACL,24-FEB-2021,165.0,166.5,158.1,159.35,1855813,601069,27347
NIFTYBEES,24-FEB-2021,157.59,163.85,157.1,160.15,1694856,878512,10310
NIFTYEES,24-FEB-2021,19130.0,19130.0,19130.0,19130.0,1,1,1
NIITLTD,24-FEB-2021,196.0,199.9,195.0,198.8,191203,111326,3634
NILKAMAL,24-FEB-2021,1822.3,1869.55,1807.85,1840.0,7411,3937,1336
NIPPOBATRY,24-FEB-2021,660.0,684.0,655.2,667.0,639,426,88
NIRAJ,24-FEB-2021,41.55,41.55,40.55,40.55,1348,1348,21
NITCO,24-FEB-2021,23.35,23.35,22.3,22.5,33291,20853,206
NITINSPIN,24-FEB-2021,83.0,84.5,80.15,80.4,40531,28484,418
NKIND,24-FEB-2021,18.9,21.6,18.85,20.0,1127,833,27
NLCINDIA,24-FEB-2021,51.25,52.4,51.25,51.85,501842,239782,3384
NMDC,24-FEB-2021,124.15,125.8,123.1,123.75,7366055,2486283,30453
NOCIL,24-FEB-2021,175.0,177.4,157.0,173.15,475602,189140,7095
NOIDATOLL,24-FEB-2021,6.0,6.15,5.85,5.9,42483,26543,83
NORBTEAEXP,24-FEB-2021,7.15,7.2,6.85,7.2,1321,1306,10
NOVARTIND,24-FEB-2021,624.95,632.25,619.0,623.95,6724,4673,475
NPBET,24-FEB-2021,184.8,198.0,182.0,194.0,702,679,22
NRAIL,24-FEB-2021,234.15,248.0,227.25,245.9,47820,29291,1528
NRBBEARING,24-FEB-2021,113.8,118.9,113.1,115.95,257491,144686,4174
NSIL,24-FEB-2021,1099.95,1144.0,1099.95,1113.25,962,784,221
NTL,24-FEB-2021,0.75,0.75,0.75,0.75,1321,1321,6
NTPC,24-FEB-2021,104.5,104.7,102.1,103.2,16153025,5446604,55059
NUCLEUS,24-FEB-2021,538.0,555.0,532.05,539.7,56698,18796,3714
NXTDIGITAL,24-FEB-2021,499.95,502.95,489.5,494.25,1568,308,414
OAL,24-FEB-2021,603.1,609.15,590.0,596.3,7054,4060,736
OBEROIRLTY,24-FEB-2021,563.45,569.0,543.6,561.05,378317,291328,7944
OCCL,24-FEB-2021,900.0,900.0,885.0,889.85,6943,5121,527
OFSS,24-FEB-2021,3036.5,3048.7,2995.0,3037.6,17567,11050,2940
OIL,24-FEB-2021,125.6,128.0,122.95,124.6,1165118,478763,10559
OLECTRA,24-FEB-2021,186.5,186.7,182.0,185.3,1073084,465281,6590
OMAXAUTO,24-FEB-2021,44.45,45.9,44.05,44.6,7761,5159,176
OMAXE,24-FEB-2021,71.6,73.0,70.5,72.5,13950,9676,281
OMINFRAL,24-FEB-2021,24.65,25.05,23.0,24.45,76964,55851,386
ONEPOINT,24-FEB-2021,13.4,13.5,13.05,13.35,47397,30936,148
ONGC,24-FEB-2021,114.0,115.35,111.0,113.6,26071364,8959643,105101
ONMOBILE,24-FEB-2021,128.95,133.2,120.6,120.8,5619173,1800518,39403
ONWARDTEC,24-FEB-2021,102.85,107.25,100.25,106.0,112446,75928,2690
OPTIEMUS,24-FEB-2021,155.75,155.75,155.75,155.75,9280,9280,37
ORBTEXP,24-FEB-2021,63.9,64.3,62.6,63.4,6377,3047,170
ORIENTABRA,24-FEB-2021,23.15,23.15,22.6,23.0,42729,27099,249
ORIENTALTL,24-FEB-2021,7.5,7.6,6.8,6.9,1474796,1384782,417
ORIENTBELL,24-FEB-2021,222.7,226.0,217.3,224.1,22941,10520,675
ORIENTCEM,24-FEB-2021,91.15,92.5,90.0,91.65,115391,61642,2037
ORIENTELEC,24-FEB-2021,267.8,271.95,265.8,267.7,81298,41114,5357
ORIENTHOT,24-FEB-2021,23.55,23.75,22.7,23.1,25688,16402,145
ORIENTLTD,24-FEB-2021,88.9,90.45,84.05,87.1,59,51,11
ORIENTPPR,24-FEB-2021,23.8,28.0,23.8,27.25,3706476,1911148,8618
ORIENTREF,24-FEB-2021,237.2,241.0,234.2,237.3,29036,21362,734
ORISSAMINE,24-FEB-2021,2490.0,2512.0,2411.0,2421.65,12562,5920,2098
OSWALAGRO,24-FEB-2021,10.3,11.0,9.7,10.5,44026,27099,245
PAGEIND,24-FEB-2021,29070.0,29335.8,28080.05,28922.7,24911,9140,9681
PAISALO,24-FEB-2021,865.0,865.0,820.0,843.85,21694,3780,463
PALASHSECU,24-FEB-2021,47.0,47.0,43.95,45.0,3660,3490,21
PANACEABIO,24-FEB-2021,200.0,210.0,193.55,202.75,126248,65720,2177
PANACHE,24-FEB-2021,44.25,53.25,40.5,43.0,11402,6062,154
PANAMAPET,24-FEB-2021,182.4,188.0,173.1,180.75,467785,188712,14867
PARACABLES,24-FEB-2021,9.0,9.0,8.05,8.3,417375,263616,773
PARAGMILK,24-FEB-2021,107.3,108.45,104.0,107.45,112431,67628,1525
PARSVNATH,24-FEB-2021,6.9,6.9,6.65,6.9,197724,171973,203
PATELENG,24-FEB-2021,13.7,13.75,13.3,13.55,160485,101418,389
PATINTLOG,24-FEB-2021,25.3,26.3,24.4,25.0,29460,17069,287
PATSPINLTD,24-FEB-2021,5.2,5.45,5.05,5.35,2729,2671,18
PCJEWELLER,24-FEB-2021,30.7,31.6,28.4,30.35,2410773,1308751,5687
PDMJEPAPER,24-FEB-2021,25.05,26.2,24.0,25.85,605921,240321,1927
PDSMFL,24-FEB-2021,650.05,652.05,639.0,640.0,1851,602,160
PEARLPOLY,24-FEB-2021,15.0,15.0,15.0,15.0,1,1,1
PEL,24-FEB-2021,1869.45,1884.85,1810.0,1859.2,742615,125959,27705
PENIND,24-FEB-2021,21.0,21.25,17.05,20.9,158727,131841,331
PENINLAND,24-FEB-2021,5.8,5.8,5.45,5.55,167020,107003,194
PERSISTENT,24-FEB-2021,1675.0,1687.95,1631.0,1662.5,78461,68534,3320
PETRONET,24-FEB-2021,252.95,257.5,250.3,251.9,4807487,2524215,57643
PFC,24-FEB-2021,122.8,125.7,122.4,124.4,3099798,1638809,16792
PFIZER,24-FEB-2021,4530.0,4582.4,4410.0,4470.85,43366,17201,6537
PFOCUS,24-FEB-2021,53.5,53.55,50.65,51.75,22194,17113,207
PFS,24-FEB-2021,18.15,18.6,18.1,18.4,284828,176738,869
PGHH,24-FEB-2021,13119.1,13120.0,12800.0,12983.95,1776,941,711
PGHL,24-FEB-2021,6991.15,7075.0,6799.95,6864.6,3697,2134,1117
PGIL,24-FEB-2021,167.2,174.05,166.95,167.15,493,379,44
PHILIPCARB,24-FEB-2021,197.8,204.0,196.85,201.55,1133475,437562,14552
PHOENIXLTD,24-FEB-2021,795.0,810.0,780.9,785.1,70157,48053,9535
PIDILITIND,24-FEB-2021,1728.0,1734.95,1706.75,1725.1,232878,114614,20187
PIIND,24-FEB-2021,2263.0,2263.2,2207.0,2252.3,79895,38023,5778
PILANIINVS,24-FEB-2021,1920.05,1920.05,1864.1,1895.4,3571,311,249
PILITA,24-FEB-2021,13.95,14.8,13.95,14.15,101264,50698,414
PIONDIST,24-FEB-2021,108.6,109.0,105.4,107.2,3522,2222,108
PIONEEREMB,24-FEB-2021,40.6,43.1,39.05,39.7,11873,7087,214
PITTIENG,24-FEB-2021,61.2,62.05,56.0,59.35,124268,20306,1450
PLASTIBLEN,24-FEB-2021,232.1,237.35,232.1,234.75,5537,4654,169
PNB,24-FEB-2021,41.45,42.1,41.25,41.8,76642692,18703674,69250
PNBGILTS,24-FEB-2021,51.35,51.8,50.0,51.4,350081,206371,2208
PNBHOUSING,24-FEB-2021,431.2,452.5,431.2,449.7,563406,202711,11980
PNC,24-FEB-2021,17.85,19.5,17.05,18.25,16375,11682,173
PNCINFRA,24-FEB-2021,267.7,269.35,257.0,264.95,257230,159067,16977
PODDARMENT,24-FEB-2021,192.0,198.95,190.35,197.1,1259,756,111
POKARNA,24-FEB-2021,200.95,205.35,178.0,197.45,32138,22274,749
POLYCAB,24-FEB-2021,1350.0,1376.8,1321.8,1351.2,108632,71593,5176
POLYMED,24-FEB-2021,748.0,748.0,706.0,716.55,131341,59634,6789
POLYPLEX,24-FEB-2021,800.0,808.0,781.1,789.05,55101,29290,4053
PONNIERODE,24-FEB-2021,141.15,147.0,141.15,143.45,2791,2456,188
POWERGRID,24-FEB-2021,226.15,228.2,221.6,222.75,6424498,3775743,55805
POWERINDIA,24-FEB-2021,1537.0,1544.9,1505.2,1537.35,25154,15250,3120
POWERMECH,24-FEB-2021,548.7,550.0,535.0,546.15,22265,15727,933
PPAP,24-FEB-2021,235.05,246.0,222.15,241.15,10510,5928,413
PPL,24-FEB-2021,113.95,114.8,111.5,112.55,28513,15842,834
PRABHAT,24-FEB-2021,68.8,69.4,66.35,68.5,10151,8029,140
PRAENG,24-FEB-2021,9.1,10.05,8.95,9.3,20930,18527,66
PRAJIND,24-FEB-2021,143.55,144.0,138.7,139.9,724254,299359,8453
PRAKASH,24-FEB-2021,53.85,55.5,53.65,54.35,535706,264316,2638
PRAKASHSTL,24-FEB-2021,0.8,0.8,0.75,0.8,30753,21593,39
PRECAM,24-FEB-2021,40.95,41.8,40.0,40.7,144931,105565,1028
PRECOT,24-FEB-2021,84.0,86.15,80.3,85.9,2473,2266,27
PRECWIRE,24-FEB-2021,169.8,175.0,167.0,171.05,19765,9718,760
PREMEXPLN,24-FEB-2021,143.3,147.9,138.45,145.8,28311,18802,588
PREMIERPOL,24-FEB-2021,39.0,39.7,37.1,38.7,2333,1389,73
PRESSMN,24-FEB-2021,26.0,26.35,23.5,24.45,126197,81785,801
PRESTIGE,24-FEB-2021,300.7,309.5,297.0,306.85,1253802,970463,9464
PRICOLLTD,24-FEB-2021,65.05,66.4,62.5,64.1,1582441,1071799,5595
PRIMESECU,24-FEB-2021,40.05,42.65,40.0,41.9,9933,7826,190
PRINCEPIPE,24-FEB-2021,406.0,417.0,401.1,406.65,108052,32656,6469
PRIVISCL,24-FEB-2021,680.0,689.9,668.0,676.55,17906,14482,981
PROZONINTU,24-FEB-2021,20.15,20.8,19.6,19.8,59159,50657,250
PRSMJOHNSN,24-FEB-2021,110.45,111.75,95.0,106.4,321880,175035,4695
PSB,24-FEB-2021,17.0,17.45,16.75,17.45,3363650,900137,2297
PSPPROJECT,24-FEB-2021,478.95,484.85,461.0,479.35,51177,8422,1753
PSUBNKBEES,24-FEB-2021,26.33,27.5,26.25,27.18,605973,345958,1865
PTC,24-FEB-2021,70.95,71.75,69.6,71.1,489679,278995,3461
PTL,24-FEB-2021,41.2,42.8,40.3,41.25,23066,16540,236
PUNJABCHEM,24-FEB-2021,876.25,885.05,840.05,878.05,5028,3899,606
PURVA,24-FEB-2021,78.3,84.4,77.0,83.2,833684,246616,7478
PVR,24-FEB-2021,1375.0,1410.8,1362.2,1393.25,692569,160930,26330
QGOLDHALF,24-FEB-2021,2031.2,2031.2,2019.0,2025.35,340,266,97
QNIFTY,24-FEB-2021,1531.0,1534.0,1531.0,1533.7,46,38,20
QUESS,24-FEB-2021,717.5,743.85,714.0,738.4,112707,47012,8409
QUICKHEAL,24-FEB-2021,152.35,153.65,151.4,152.8,61053,31059,1175
RADICO,24-FEB-2021,555.1,576.8,541.0,557.75,113072,40511,6253
RADIOCITY,24-FEB-2021,25.9,25.9,24.65,24.85,61567,45498,249
RAIN,24-FEB-2021,156.55,169.4,155.85,167.45,9661273,2877460,72685
RAJESHEXPO,24-FEB-2021,489.8,496.0,485.2,491.65,52687,24639,2540
RAJMET,24-FEB-2021,74.8,74.8,74.8,74.8,1,1,1
RAJRATAN,24-FEB-2021,538.45,558.35,536.0,547.55,3894,2537,146
RAJSREESUG,24-FEB-2021,16.0,16.5,15.65,16.1,8144,5969,57
RAJTV,24-FEB-2021,33.85,34.05,33.6,33.6,857,474,26
RALLIS,24-FEB-2021,262.0,263.4,258.0,261.8,283298,158848,7625
RAMANEWS,24-FEB-2021,14.0,15.4,14.0,14.7,60359,35082,242
RAMCOCEM,24-FEB-2021,961.7,1008.0,942.5,962.9,239385,50990,7300
RAMCOIND,24-FEB-2021,251.05,264.45,250.0,253.5,21510,12907,742
RAMCOSYS,24-FEB-2021,635.0,645.45,608.05,619.8,177132,73349,7355
RAMKY,24-FEB-2021,71.5,71.5,71.5,71.5,18038,18038,101
RANASUG,24-FEB-2021,6.95,7.1,6.8,6.9,239505,141670,251
RANEENGINE,24-FEB-2021,263.3,264.8,255.0,258.25,4359,2320,230
RANEHOLDIN,24-FEB-2021,617.0,622.1,601.0,607.8,7986,5089,478
RATNAMANI,24-FEB-2021,1829.3,1950.0,1821.95,1862.75,63856,32859,5904
RAYMOND,24-FEB-2021,386.0,395.7,371.0,381.65,1728548,495521,29636
RBL,24-FEB-2021,765.0,768.8,752.0,757.95,10469,5313,776
RBLBANK,24-FEB-2021,237.0,249.0,230.05,246.55,11200680,2853579,65660
RCF,24-FEB-2021,53.7,57.5,53.7,56.45,5555178,1827548,23440
RCOM,24-FEB-2021,1.7,1.75,1.65,1.7,6652004,3106521,2803
RECLTD,24-FEB-2021,139.65,141.65,131.3,138.25,4422985,1930021,27583
REDINGTON,24-FEB-2021,182.25,201.8,181.75,193.95,651604,208385,13752
REFEX,24-FEB-2021,91.5,91.5,80.45,89.5,54336,36271,806
RELAXO,24-FEB-2021,880.0,885.5,854.8,879.0,63087,37346,5356
RELCAPITAL,24-FEB-2021,10.15,10.3,9.7,9.95,573166,330808,1207
RELIANCE,24-FEB-2021,2030.0,2065.25,2026.15,2061.0,4987735,1950596,135224
RELIGARE,24-FEB-2021,71.8,85.65,71.1,85.2,5061827,2719671,22592
RELINFRA,24-FEB-2021,32.0,32.2,30.5,31.7,774853,439784,3159
REMSONSIND,24-FEB-2021,154.65,154.65,146.15,149.5,2886,1835,120
RENUKA,24-FEB-2021,10.05,10.05,9.5,9.65,1471492,982875,1491
REPCOHOME,24-FEB-2021,343.35,354.0,340.7,347.6,193032,101262,6620
REPL,24-FEB-2021,187.95,198.0,181.0,185.85,2526,2183,105
REPRO,24-FEB-2021,357.95,361.9,344.65,354.2,5387,2676,283
RESPONIND,24-FEB-2021,177.45,177.45,172.8,173.5,18699,580,263
REVATHI,24-FEB-2021,575.0,575.0,485.8,556.6,487,239,74
RGL,24-FEB-2021,314.45,314.45,283.65,302.7,70717,66377,572
RHFL,24-FEB-2021,2.25,2.3,2.1,2.2,622270,480151,477
RICOAUTO,24-FEB-2021,36.5,37.25,36.0,36.5,235423,125678,1051
RIIL,24-FEB-2021,387.9,396.95,387.2,393.65,110120,41516,2362
RITES,24-FEB-2021,244.9,248.0,241.1,246.35,86567,49589,3615
RKDL,24-FEB-2021,7.75,7.9,7.35,7.5,6685,6117,39
RKEC,24-FEB-2021,65.0,66.05,61.1,64.95,44622,26192,516
RKFORGE,24-FEB-2021,546.35,560.05,532.9,541.9,66298,16645,4374
RML,24-FEB-2021,278.7,288.45,278.2,285.15,9616,6050,456
ROHLTD,24-FEB-2021,66.35,67.35,66.05,66.35,10021,5407,303
ROLTA,24-FEB-2021,4.05,4.1,3.9,4.0,305942,260454,67848
ROSSARI,24-FEB-2021,1045.9,1068.5,1010.0,1041.9,133109,45447,7455
ROSSELLIND,24-FEB-2021,108.9,119.9,103.45,107.1,2522,1418,123
ROUTE,24-FEB-2021,1774.8,1783.65,1653.25,1663.65,540045,214619,46834
RPGLIFE,24-FEB-2021,418.6,422.0,410.0,417.15,13690,8416,551
RPOWER,24-FEB-2021,3.85,3.9,3.5,3.55,37185213,16389860,9271
RPPINFRA,24-FEB-2021,68.0,69.55,65.0,66.4,111163,44290,2470
RPSGVENT,24-FEB-2021,307.0,311.5,302.0,306.85,12962,7965,334
RSSOFTWARE,24-FEB-2021,25.0,25.35,24.1,25.25,31579,24114,346
RSWM,24-FEB-2021,162.35,162.35,156.45,158.75,10635,6003,165
RSYSTEMS,24-FEB-2021,124.4,124.4,118.1,119.65,8059,5488,305
RTNINFRA,24-FEB-2021,6.65,6.9,6.55,6.65,198818,151205,354
RTNPOWER,24-FEB-2021,2.75,2.8,2.7,2.75,2689205,1410548,4778
RUBYMILLS,24-FEB-2021,189.65,189.65,180.3,181.9,3867,2028,331
RUCHI,24-FEB-2021,780.0,792.95,730.0,745.45,206959,117633,19645
RUCHIRA,24-FEB-2021,63.1,65.55,63.0,64.3,38381,16746,701
RUPA,24-FEB-2021,308.5,329.8,307.95,326.6,225637,102960,6684
RUSHIL,24-FEB-2021,175.55,184.0,172.2,175.5,8366,4176,576
RVHL,24-FEB-2021,21.0,21.55,19.9,21.35,64059,48055,338
RVNL,24-FEB-2021,29.75,30.4,28.8,30.15,2540952,1097555,6294
SABEVENTS,24-FEB-2021,1.5,1.5,1.4,1.5,25672,21501,47
SADBHAV,24-FEB-2021,73.75,75.0,73.0,74.6,307438,149110,3097
SADBHIN,24-FEB-2021,22.8,23.8,22.35,22.95,181294,102466,698
SAFARI,24-FEB-2021,622.0,634.0,575.0,611.05,3912,2125,378
SAGARDEEP,24-FEB-2021,49.2,49.2,48.0,48.3,51947,43921,233
SAGCEM,24-FEB-2021,663.65,688.0,611.0,681.8,5309,2855,475
SAIL,24-FEB-2021,71.4,73.65,71.1,71.4,97883442,33221539,124665
SAKAR,24-FEB-2021,96.85,100.7,90.2,91.1,76217,41693,1125
SAKHTISUG,24-FEB-2021,9.7,9.85,9.55,9.65,36575,24464,152
SAKSOFT,24-FEB-2021,368.0,376.0,354.0,362.55,34801,13723,2806
SAKUMA,24-FEB-2021,5.45,5.55,5.05,5.3,186328,135266,327
SALASAR,24-FEB-2021,375.0,380.7,352.0,370.0,53682,13119,2149
SALONA,24-FEB-2021,87.5,88.45,84.0,88.45,3083,1833,50
SALSTEEL,24-FEB-2021,3.5,3.7,3.5,3.7,18812,12971,46
SALZERELEC,24-FEB-2021,116.0,118.0,114.45,117.3,16001,10640,688
SAMBHAAV,24-FEB-2021,2.55,2.65,2.45,2.65,58434,43997,43
SANCO,24-FEB-2021,12.05,12.5,11.15,12.1,39247,25311,198
SANDESH,24-FEB-2021,667.75,690.0,664.7,670.85,1429,430,388
SANDHAR,24-FEB-2021,240.25,249.75,239.85,243.6,60158,52957,1038
SANGHIIND,24-FEB-2021,42.4,45.8,42.1,44.5,6266097,2496763,16853
SANGHVIFOR,24-FEB-2021,31.0,31.0,28.1,28.3,60452,38423,382
SANGHVIMOV,24-FEB-2021,110.75,114.45,107.2,109.1,7628,4313,168
SANGINITA,24-FEB-2021,26.0,26.0,25.0,25.2,8587,5701,91
SANOFI,24-FEB-2021,8175.0,8273.95,8051.1,8154.2,51754,27172,8911
SARDAEN,24-FEB-2021,378.7,383.7,367.0,378.45,46667,24492,1748
SAREGAMA,24-FEB-2021,1001.0,1069.8,1001.0,1045.35,17253,7152,2173
SARLAPOLY,24-FEB-2021,25.6,28.95,25.05,27.2,357619,177996,1850
SASKEN,24-FEB-2021,874.65,880.9,833.05,860.4,29617,15229,3432
SASTASUNDR,24-FEB-2021,135.0,140.35,122.6,135.9,130926,68774,2496
SATIA,24-FEB-2021,86.25,90.0,84.0,84.95,58812,20171,791
SATIN,24-FEB-2021,82.55,84.75,81.65,82.5,116533,65486,1065
SBICARD,24-FEB-2021,1038.0,1048.75,1014.75,1040.1,432512,149325,26836
SBIETFIT,24-FEB-2021,211.0,288.0,203.0,249.49,3096,1841,146
SBIETFPB,24-FEB-2021,192.0,195.0,184.55,187.06,688,389,48
SBIETFQLTY,24-FEB-2021,126.0,128.48,123.05,126.76,751,696,54
SBILIFE,24-FEB-2021,870.1,875.9,852.7,871.55,683427,315954,28894
SBIN,24-FEB-2021,397.0,410.5,395.2,406.25,39632090,10700242,340087
SCHAEFFLER,24-FEB-2021,5200.0,5200.0,5105.05,5171.8,6419,4493,1966
SCHAND,24-FEB-2021,74.9,79.3,74.1,77.7,476967,309971,3805
SCHNEIDER,24-FEB-2021,110.15,113.4,108.75,111.55,702262,286682,8472
SCI,24-FEB-2021,98.45,104.8,97.5,100.8,10180579,2633246,60096
SDBL,24-FEB-2021,33.2,34.5,32.5,33.35,254300,135813,954
SEAMECLTD,24-FEB-2021,478.95,479.0,450.0,461.35,32039,24009,539
SECURKLOUD,24-FEB-2021,93.0,93.0,84.25,88.15,121280,76088,1819
SELAN,24-FEB-2021,137.0,144.0,136.5,139.4,406635,132987,7192
SEQUENT,24-FEB-2021,232.5,237.7,227.05,235.15,293992,148495,5903
SESHAPAPER,24-FEB-2021,151.95,159.8,145.85,155.35,157107,61156,2651
SETCO,24-FEB-2021,15.25,16.5,15.05,15.3,73006,39330,252
SETF10GILT,24-FEB-2021,201.99,202.5,199.64,201.5,112,101,7
SETFGOLD,24-FEB-2021,4175.75,4185.0,4151.65,4171.8,9948,7692,893
SETFNIF50,24-FEB-2021,162.3,162.3,153.0,155.96,271501,216390,955
SETFNIFBK,24-FEB-2021,367.4,367.4,350.09,363.45,431110,20902,727
SETFNN50,24-FEB-2021,390.5,390.5,355.1,358.8,16837,15450,238
SEYAIND,24-FEB-2021,52.05,52.75,49.0,50.25,13394,10159,278
SFL,24-FEB-2021,2050.0,2090.0,1973.7,2030.4,1720,864,510
SGL,24-FEB-2021,8.9,10.8,8.1,8.95,10239,6611,60
SHAKTIPUMP,24-FEB-2021,528.0,550.0,526.3,548.9,69294,52349,3318
SHALBY,24-FEB-2021,106.45,107.2,105.0,105.8,47186,21886,903
SHALPAINTS,24-FEB-2021,94.3,99.0,91.0,94.35,65516,37160,1385
SHANKARA,24-FEB-2021,452.15,473.9,392.2,463.55,76777,28449,3742
SHANTIGEAR,24-FEB-2021,133.0,143.5,132.75,140.95,442161,266888,5918
SHARDACROP,24-FEB-2021,345.4,346.8,324.0,330.55,152443,93423,4738
SHARDAMOTR,24-FEB-2021,2355.0,2399.0,2278.6,2285.8,1960,1002,648
SHAREINDIA,24-FEB-2021,233.3,239.8,225.65,232.75,3403,1946,132
SHARIABEES,24-FEB-2021,346.71,349.99,346.0,349.99,230,228,23
SHEMAROO,24-FEB-2021,70.05,70.1,67.45,69.8,26577,18720,262
SHIL,24-FEB-2021,293.35,299.0,283.7,293.5,100436,51882,3137
SHILPAMED,24-FEB-2021,375.15,375.85,317.0,370.8,75654,41117,2550
SHIVAMAUTO,24-FEB-2021,20.75,21.1,20.0,20.75,32282,22484,171
SHIVATEX,24-FEB-2021,128.1,141.95,128.1,141.85,15247,13150,204
SHK,24-FEB-2021,119.6,120.15,118.05,118.9,268052,177506,7771
SHOPERSTOP,24-FEB-2021,204.45,210.35,203.2,207.0,50496,22865,1032
SHREDIGCEM,24-FEB-2021,55.75,56.95,55.75,56.05,210179,112542,1059
SHREECEM,24-FEB-2021,27313.25,27849.95,26500.0,27553.0,17368,5385,6474
SHREEPUSHK,24-FEB-2021,137.7,141.95,137.55,139.95,11447,8364,315
SHREERAMA,24-FEB-2021,8.05,8.15,7.7,7.95,17330,13735,99
SHRENIK,24-FEB-2021,3.1,3.15,2.9,2.95,1915494,1435856,1447
SHREYANIND,24-FEB-2021,79.05,82.3,78.3,81.15,30694,13794,399
SHREYAS,24-FEB-2021,85.75,85.75,80.55,81.85,88920,54856,950
SHRIRAMCIT,24-FEB-2021,1580.5,1729.0,1569.0,1597.65,10481,7159,1245
SHRIRAMEPC,24-FEB-2021,4.85,4.85,4.5,4.6,245788,193322,367
SHYAMCENT,24-FEB-2021,5.7,6.0,5.3,5.55,61115,32117,186
SHYAMTEL,24-FEB-2021,9.0,9.0,9.0,9.0,2703,2703,16
SICAGEN,24-FEB-2021,15.0,15.45,13.65,14.75,15423,10398,133
SICAL,24-FEB-2021,16.15,16.5,15.55,15.65,124560,82835,393
SIEMENS,24-FEB-2021,1870.0,1923.0,1855.0,1903.1,546912,122401,25765
SIGIND,24-FEB-2021,32.2,34.0,28.75,31.8,28919,18825,227
SILINV,24-FEB-2021,196.5,206.0,193.4,201.1,4578,963,912
SIMBHALS,24-FEB-2021,6.8,7.1,6.6,6.85,2055,1644,41
SIMPLEXINF,24-FEB-2021,37.85,38.7,35.15,36.8,160608,121944,691
SINTERCOM,24-FEB-2021,91.5,94.4,90.0,90.1,4084,3978,13
SIS,24-FEB-2021,427.15,439.0,427.15,436.85,95282,53749,4506
SITINET,24-FEB-2021,0.9,0.95,0.85,0.9,2247196,2139353,664
SIYSIL,24-FEB-2021,221.5,229.95,210.0,223.5,237307,101649,7825
SJVN,24-FEB-2021,25.5,25.65,25.15,25.4,1810100,881553,3969
SKFINDIA,24-FEB-2021,2283.5,2292.3,2233.15,2258.65,22484,16311,3146
SKIPPER,24-FEB-2021,61.95,62.65,61.0,61.05,22314,15744,309
SKMEGGPROD,24-FEB-2021,51.45,51.45,50.0,50.2,18750,12133,167
SMARTLINK,24-FEB-2021,94.0,95.2,93.2,93.65,99410,50138,1802
SMLISUZU,24-FEB-2021,479.0,488.0,471.0,480.05,11098,5661,663
SMSLIFE,24-FEB-2021,543.95,560.0,534.6,543.05,582,363,64
SMSPHARMA,24-FEB-2021,120.55,145.0,120.1,123.0,30335,19654,654
SNOWMAN,24-FEB-2021,52.0,56.55,52.0,54.65,7630662,3903298,26894
SOBHA,24-FEB-2021,449.7,455.35,443.05,447.75,63533,25766,5846
SOLARA,24-FEB-2021,1327.1,1375.0,1280.0,1370.55,67640,43609,5209
SOLARINDS,24-FEB-2021,1299.4,1305.9,1284.85,1293.8,25663,23026,1458
SOMANYCERA,24-FEB-2021,422.85,429.9,415.0,418.0,14068,10271,1075
SOMATEX,24-FEB-2021,7.0,7.0,7.0,7.0,8699,8699,20
SONATSOFTW,24-FEB-2021,485.1,485.9,460.0,472.6,827450,238314,24073
SORILINFRA,24-FEB-2021,213.5,227.75,202.0,209.8,654100,270107,11698
SOTL,24-FEB-2021,1085.1,1102.1,1005.6,1060.35,53184,31933,4933
SOUTHBANK,24-FEB-2021,8.6,9.05,8.6,9.0,21843995,9236782,46480
SOUTHWEST,24-FEB-2021,52.0,52.05,47.2,49.6,11532,7667,62
SPAL,24-FEB-2021,189.65,189.7,181.25,182.85,9446,6763,212
SPANDANA,24-FEB-2021,637.0,654.55,630.05,642.35,36663,19718,3965
SPARC,24-FEB-2021,172.85,173.2,167.0,169.75,543160,302258,6993
SPECIALITY,24-FEB-2021,43.2,45.5,42.9,43.95,38010,26172,647
SPENCERS,24-FEB-2021,77.5,80.8,77.45,79.15,452655,241447,4103
SPIC,24-FEB-2021,24.15,25.4,24.15,24.95,377944,127336,1077
SPICEJET,24-FEB-2021,83.5,85.15,83.05,83.75,4047544,798113,24595
SPLIL,24-FEB-2021,36.15,39.35,36.15,36.85,17147,9033,261
SPMLINFRA,24-FEB-2021,13.0,13.35,12.95,13.0,23900,20994,63
SPTL,24-FEB-2021,3.15,3.25,3.15,3.2,514676,330614,475
SREEL,24-FEB-2021,146.0,146.5,145.0,145.05,8353,7076,82
SREINFRA,24-FEB-2021,6.35,6.5,6.25,6.35,648937,276807,685
SRF,24-FEB-2021,5415.0,5535.0,5390.0,5480.45,42649,17056,5467
SRHHYPOLTD,24-FEB-2021,236.05,238.8,231.2,233.2,7587,3750,433
SRIPIPES,24-FEB-2021,166.0,169.0,152.0,157.05,151789,99316,2033
SRTRANSFIN,24-FEB-2021,1378.0,1406.0,1370.05,1377.95,1066375,280244,29059
SSWL,24-FEB-2021,638.0,660.0,631.1,635.55,9082,5759,593
STAR,24-FEB-2021,861.0,868.6,830.0,835.65,403022,172347,12498
STARCEMENT,24-FEB-2021,99.4,103.0,95.2,99.5,83588,52680,1268
STARPAPER,24-FEB-2021,117.95,123.95,116.55,120.85,289167,99853,4562
STCINDIA,24-FEB-2021,97.45,98.2,95.6,98.2,374006,191925,1958
STEELCITY,24-FEB-2021,35.65,36.05,35.2,35.45,4504,3246,77
STEELXIND,24-FEB-2021,54.15,55.15,45.95,52.1,98544,57497,974
STERTOOLS,24-FEB-2021,221.7,224.9,214.05,219.25,6984,4993,337
STLTECH,24-FEB-2021,206.75,215.0,204.6,214.1,1189037,518954,19128
STOVEKRAFT,24-FEB-2021,520.0,535.85,471.0,473.9,1103723,408038,35712
SUBEXLTD,24-FEB-2021,27.45,27.9,27.0,27.3,1588605,812792,3940
SUBROS,24-FEB-2021,324.85,327.25,318.5,323.3,21347,12047,1616
SUDARSCHEM,24-FEB-2021,551.7,562.0,528.0,532.85,666345,208154,15756
SUMICHEM,24-FEB-2021,298.1,301.0,295.3,297.3,115909,65946,2369
SUMIT,24-FEB-2021,9.0,9.0,8.4,8.55,7141,2396,35
SUMMITSEC,24-FEB-2021,575.15,581.45,555.0,568.65,1615,1049,179
SUNCLAYLTD,24-FEB-2021,3470.2,3575.0,3411.0,3501.2,709,392,212
SUNDARAM,24-FEB-2021,1.35,1.4,1.3,1.35,324721,227584,108
SUNDARMFIN,24-FEB-2021,2429.65,2450.0,2303.6,2413.0,25201,14238,3130
SUNDARMHLD,24-FEB-2021,82.4,85.2,82.2,84.75,258810,162986,2160
SUNDRMBRAK,24-FEB-2021,352.95,370.0,352.0,358.35,965,586,116
SUNDRMFAST,24-FEB-2021,715.9,724.5,675.0,709.15,46006,26522,3542
SUNFLAG,24-FEB-2021,63.85,65.2,62.35,64.0,281500,139676,2255
SUNPHARMA,24-FEB-2021,607.1,609.35,595.85,601.45,3296243,1081998,68030
SUNTECK,24-FEB-2021,346.5,357.95,336.0,343.25,118614,21564,5544
SUNTV,24-FEB-2021,500.9,503.0,491.55,497.85,847307,294139,15141
SUPERHOUSE,24-FEB-2021,125.95,130.0,121.0,127.1,5699,2059,263
SUPERSPIN,24-FEB-2021,4.45,4.65,4.3,4.45,6559,5777,40
SUPPETRO,24-FEB-2021,395.0,414.95,390.25,401.55,164713,110148,5109
SUPRAJIT,24-FEB-2021,279.0,293.95,278.2,287.3,158343,67151,5979
SUPREMEENG,24-FEB-2021,23.9,25.95,23.7,24.7,16940,4541,63
SUPREMEIND,24-FEB-2021,2025.0,2039.0,1980.65,2018.85,79219,42545,9324
SURANAT&P,24-FEB-2021,4.7,4.75,4.5,4.6,21517,19245,88
SURYALAXMI,24-FEB-2021,28.3,29.45,27.85,29.15,1087,991,54
SURYAROSNI,24-FEB-2021,351.0,360.6,347.05,351.45,153176,58493,5427
SUTLEJTEX,24-FEB-2021,43.45,43.9,42.2,43.15,41343,27742,281
SUVEN,24-FEB-2021,87.75,89.55,86.5,87.05,453159,252504,3661
SUVENPHAR,24-FEB-2021,488.55,488.6,478.4,482.1,70668,45582,3051
SUZLON,24-FEB-2021,5.35,5.5,5.3,5.5,14137986,10953828,4220
SWANENERGY,24-FEB-2021,143.6,147.0,126.55,143.7,88137,15040,3939
SWARAJENG,24-FEB-2021,1278.8,1299.8,1270.1,1286.95,5742,3539,647
SWELECTES,24-FEB-2021,189.5,191.65,184.1,187.95,3047,2506,218
SWSOLAR,24-FEB-2021,230.15,232.35,183.5,229.55,98943,56440,1419
SYMPHONY,24-FEB-2021,1049.0,1060.0,1034.0,1049.55,13029,6613,1080
SYNGENE,24-FEB-2021,564.0,570.0,558.3,567.9,111133,70246,6688
TAINWALCHM,24-FEB-2021,63.0,66.45,63.0,65.7,11163,7477,273
TAJGVK,24-FEB-2021,123.0,125.5,123.0,124.6,72333,31102,1599
TAKE,24-FEB-2021,56.7,59.8,56.7,58.35,2006362,670599,9899
TALBROAUTO,24-FEB-2021,221.55,227.8,217.0,219.3,24235,14302,903
TANLA,24-FEB-2021,979.0,999.5,909.9,911.1,1052238,527377,25171
TARC,24-FEB-2021,35.25,35.25,33.2,33.65,545242,371802,1643
TARMAT,24-FEB-2021,52.5,53.95,51.6,52.2,3146,2398,108
TASTYBITE,24-FEB-2021,15749.0,16124.9,15215.1,15340.4,2897,1010,1698
TATACHEM,24-FEB-2021,659.0,677.0,648.5,672.3,6377043,1131170,82684
TATACOFFEE,24-FEB-2021,113.4,114.0,109.05,111.95,3174215,1208102,23554
TATACOMM,24-FEB-2021,1055.0,1058.05,1003.1,1050.25,88273,34400,5327
TATACONSUM,24-FEB-2021,654.0,654.0,615.0,625.95,10479819,2857000,174846
TATAELXSI,24-FEB-2021,2732.15,2734.25,2660.2,2694.95,120330,41269,11710
TATAINVEST,24-FEB-2021,1055.0,1090.0,1055.0,1080.25,20636,7388,2093
TATAMETALI,24-FEB-2021,786.0,805.0,665.2,779.05,273622,80757,12348
TATAMOTORS,24-FEB-2021,325.0,330.0,316.5,321.65,50821757,10529353,287089
TATAMTRDVR,24-FEB-2021,125.0,127.8,123.1,124.9,2665056,1153126,14943
TATAPOWER,24-FEB-2021,92.85,94.5,92.05,94.05,27561130,7260169,71053
TATASTEEL,24-FEB-2021,735.0,745.0,720.0,727.7,21676789,3552679,257379
TATASTLBSL,24-FEB-2021,46.95,47.45,45.5,46.5,9472709,4448787,16993
TATASTLLP,24-FEB-2021,688.0,705.0,672.6,684.85,111002,41708,4181
TBZ,24-FEB-2021,74.9,76.9,74.2,75.1,83568,44495,1320
TCI,24-FEB-2021,248.5,251.8,245.1,248.0,10036,6597,424
TCIDEVELOP,24-FEB-2021,319.85,319.85,299.9,306.6,434,328,44
TCIEXP,24-FEB-2021,960.0,970.0,905.0,943.8,3852,2077,855
TCIFINANCE,24-FEB-2021,5.45,5.9,5.45,5.85,7194,5533,71
TCNSBRANDS,24-FEB-2021,480.7,497.0,438.0,491.55,21615,14915,1729
TCPLPACK,24-FEB-2021,370.25,374.0,366.0,368.2,1722,1374,93
TCS,24-FEB-2021,2972.0,3003.35,2921.15,2948.1,3774549,2336704,132336
TDPOWERSYS,24-FEB-2021,155.5,165.0,154.0,159.45,22635,15483,470
TEAMLEASE,24-FEB-2021,3120.0,3390.0,3109.4,3321.7,36742,22092,5251
TECHM,24-FEB-2021,950.0,963.9,936.65,960.05,1686531,677726,47522
TECHNOE,24-FEB-2021,272.0,278.9,268.0,272.0,41811,35399,583
TEJASNET,24-FEB-2021,202.9,210.4,198.15,201.05,421820,203614,7020
TERASOFT,24-FEB-2021,41.0,41.5,39.7,40.2,22201,14011,291
TEXINFRA,24-FEB-2021,72.0,72.0,68.9,71.3,68854,57304,437
TEXMOPIPES,24-FEB-2021,32.55,32.8,30.9,31.6,175746,116009,955
TEXRAIL,24-FEB-2021,28.65,28.8,28.2,28.35,363708,241806,1090
TFCILTD,24-FEB-2021,57.5,57.9,56.1,56.65,172783,103276,1284
TGBHOTELS,24-FEB-2021,4.65,4.65,4.4,4.45,36601,32230,110
THANGAMAYL,24-FEB-2021,616.9,640.0,615.0,628.25,23992,14778,1828
THEINVEST,24-FEB-2021,102.5,109.0,96.0,101.85,4608,3844,163
THEMISMED,24-FEB-2021,314.35,320.75,301.0,313.6,5149,4589,190
THERMAX,24-FEB-2021,1199.0,1280.0,1187.75,1206.1,81132,68354,3400
THOMASCOOK,24-FEB-2021,46.5,46.55,45.05,46.05,445020,357574,1734
THYROCARE,24-FEB-2021,923.0,923.0,890.2,914.7,45533,21347,3125
TI,24-FEB-2021,28.95,29.2,28.2,28.65,142310,30025,1157
TIDEWATER,24-FEB-2021,4362.35,4402.35,4330.6,4359.95,1643,472,280
TIIL,24-FEB-2021,415.0,415.0,400.9,408.0,5059,2997,275
TIINDIA,24-FEB-2021,1045.1,1097.0,1000.0,1071.8,746390,713786,5273
TIL,24-FEB-2021,176.7,176.7,163.35,168.95,1815,1060,91
TIMESGTY,24-FEB-2021,25.35,26.1,25.35,26.0,100,50,5
TIMETECHNO,24-FEB-2021,55.5,55.7,52.3,54.65,363912,108038,2201
TIMKEN,24-FEB-2021,1284.35,1313.15,1275.0,1301.65,8577,4398,1110
TINPLATE,24-FEB-2021,174.45,176.0,156.0,172.65,294727,112355,4674
TIRUMALCHM,24-FEB-2021,93.1,97.0,92.95,96.25,473346,233251,5309
TITAN,24-FEB-2021,1424.05,1474.0,1424.05,1451.85,1143204,436523,56554
TMRVL,24-FEB-2021,12.0,12.05,11.35,11.75,13680,9185,169
TNPETRO,24-FEB-2021,40.95,42.25,40.05,41.1,680764,252550,3144
TNPL,24-FEB-2021,129.5,133.7,128.65,131.15,175643,107317,1814
TOKYOPLAST,24-FEB-2021,70.0,72.9,68.25,69.75,1967,1629,57
TORNTPHARM,24-FEB-2021,2430.0,2488.0,2425.0,2477.8,156074,67244,11515
TORNTPOWER,24-FEB-2021,370.0,383.65,362.05,368.8,2100901,494837,26179
TOTAL,24-FEB-2021,51.2,51.75,50.45,50.45,72847,63424,590
TPLPLASTEH,24-FEB-2021,148.5,158.4,142.6,152.25,3542,2479,205
TREEHOUSE,24-FEB-2021,7.2,7.6,7.2,7.4,3125,2817,24
TREJHARA,24-FEB-2021,34.0,34.05,31.8,33.0,23347,14173,236
TRENT,24-FEB-2021,784.1,799.55,763.0,784.95,301313,149804,12074
TRF,24-FEB-2021,96.25,99.05,94.75,96.6,12165,8279,560
TRIDENT,24-FEB-2021,14.1,14.15,13.9,14.05,4260862,2273874,8025
TRIGYN,24-FEB-2021,71.95,72.85,69.05,71.5,44237,29520,453
TRIL,24-FEB-2021,17.35,17.4,16.0,17.3,53159,31812,283
TRITURBINE,24-FEB-2021,106.8,107.0,102.6,105.7,86528,52929,1509
TRIVENI,24-FEB-2021,80.0,80.5,77.9,79.3,1561810,831343,13281
TTKHLTCARE,24-FEB-2021,577.95,583.0,551.2,556.0,4055,880,436
TTKPRESTIG,24-FEB-2021,7168.7,7168.7,6901.0,7029.85,5706,3194,2015
TTL,24-FEB-2021,45.7,46.9,45.0,45.6,13480,11461,111
TV18BRDCST,24-FEB-2021,29.3,29.5,29.15,29.35,1832683,1170481,2953
TVSELECT,24-FEB-2021,137.25,144.15,135.55,144.15,442239,228422,4159
TVSMOTOR,24-FEB-2021,603.35,605.0,585.0,599.95,1181173,396717,21322
TVSSRICHAK,24-FEB-2021,1950.0,1950.0,1919.0,1931.45,7142,4621,1166
TVTODAY,24-FEB-2021,263.9,271.0,263.9,268.55,77492,48820,1668
TVVISION,24-FEB-2021,1.8,1.85,1.75,1.75,16452,15452,23
TWL,24-FEB-2021,49.2,49.7,48.95,49.4,230742,113690,3508
UBL,24-FEB-2021,1190.0,1194.0,1160.0,1175.9,214092,93409,14745
UCALFUEL,24-FEB-2021,156.4,157.9,153.0,156.45,53980,20612,3031
UCOBANK,24-FEB-2021,14.15,14.85,13.95,14.4,10362576,2813343,14301
UFLEX,24-FEB-2021,364.0,367.55,363.2,366.05,49635,19449,6037
UFO,24-FEB-2021,81.95,85.0,76.0,81.2,58566,32914,825
UGARSUGAR,24-FEB-2021,17.4,17.4,16.55,16.7,399514,195927,1337
UJJIVAN,24-FEB-2021,238.0,253.4,238.0,247.3,780212,408855,10118
UJJIVANSFB,24-FEB-2021,34.0,34.7,33.5,34.2,1765919,1047117,4910
ULTRACEMCO,24-FEB-2021,6319.0,6450.0,6210.0,6414.55,378560,144675,33333
UMANGDAIRY,24-FEB-2021,59.0,59.9,58.45,59.0,2787,1359,118
UNICHEMLAB,24-FEB-2021,321.95,337.0,319.5,328.3,227212,103671,5943
UNIDT,24-FEB-2021,265.45,269.7,260.0,261.6,9851,1261,135
UNIENTER,24-FEB-2021,82.75,84.0,82.0,82.9,9234,5502,322
UNIONBANK,24-FEB-2021,39.25,41.95,39.0,40.9,16721715,5580524,31236
UNITEDTEA,24-FEB-2021,304.8,313.0,300.0,305.25,519,315,38
UNIVCABLES,24-FEB-2021,141.4,143.0,138.0,138.8,20527,13537,401
UNIVPHOTO,24-FEB-2021,176.0,193.0,176.0,186.0,496,322,39
UPL,24-FEB-2021,547.0,567.0,546.0,553.95,7229614,1781432,93084
USHAMART,24-FEB-2021,30.5,32.6,30.5,32.1,1213325,755603,2814
UTIAMC,24-FEB-2021,593.1,597.9,581.0,591.7,70648,35080,4192
UTIBANKETF,24-FEB-2021,35.35,36.39,34.34,36.18,38568,28902,284
UTINEXT50,24-FEB-2021,359.0,365.0,353.0,354.11,275,244,44
UTINIFTETF,24-FEB-2021,1583.4,1716.2,1540.0,1605.9,89,78,38
UTISENSETF,24-FEB-2021,533.5,565.0,528.01,543.78,267,245,53
UTISXN50,24-FEB-2021,43.78,43.78,41.0,41.97,4232,2313,144
UTTAMSUGAR,24-FEB-2021,103.0,103.85,97.0,100.95,173577,71502,2111
V2RETAIL,24-FEB-2021,141.2,144.75,138.5,140.1,23766,19434,654
VADILALIND,24-FEB-2021,882.95,905.0,802.0,883.1,8900,3940,657
VAIBHAVGBL,24-FEB-2021,3220.0,3380.0,3125.0,3341.3,37225,22395,5184
VAKRANGEE,24-FEB-2021,53.45,53.7,52.85,53.35,643639,394408,2076
VALIANTORG,24-FEB-2021,1292.6,1310.0,1234.7,1272.6,16554,11683,1265
VARDHACRLC,24-FEB-2021,37.15,39.9,36.5,36.6,20639,18058,94
VARDMNPOLY,24-FEB-2021,26.45,27.5,26.2,27.5,125172,88996,463
VARROC,24-FEB-2021,398.0,418.0,397.1,406.85,166666,56463,5785
VASCONEQ,24-FEB-2021,17.7,17.7,17.0,17.2,78518,49143,216
VASWANI,24-FEB-2021,9.55,9.9,9.0,9.9,91428,77093,248
VBL,24-FEB-2021,1034.6,1068.0,1020.0,1047.6,194184,88276,11914
VEDL,24-FEB-2021,210.2,210.8,201.5,204.55,10649237,3722594,46419
VENKEYS,24-FEB-2021,1601.0,1620.0,1584.0,1598.05,30849,13158,2971
VENUSREM,24-FEB-2021,212.2,214.75,203.2,205.0,45156,27540,1039
VERTOZ,24-FEB-2021,266.85,281.95,262.25,273.5,140015,59241,2140
VESUVIUS,24-FEB-2021,1081.35,1129.85,1065.6,1109.1,20192,18137,977
VETO,24-FEB-2021,129.4,134.8,125.95,134.8,114735,44622,459
VGUARD,24-FEB-2021,234.4,234.4,222.35,230.85,207405,90268,4710
VHL,24-FEB-2021,1373.4,1425.0,1372.0,1408.0,284,161,90
VIDHIING,24-FEB-2021,136.55,144.8,133.05,139.6,76205,21914,1909
VIJIFIN,24-FEB-2021,0.75,0.75,0.65,0.75,49708,40295,101
VIKASECO,24-FEB-2021,2.3,2.4,2.25,2.4,1307826,1077280,442
VIKASMCORP,24-FEB-2021,2.9,3.05,2.85,3.05,3912654,2067876,2365
VIKASPROP,24-FEB-2021,2.35,2.5,2.3,2.5,3445713,1381654,4149
VIKASWSP,24-FEB-2021,4.8,5.15,4.75,4.9,322352,268244,342
VIMTALABS,24-FEB-2021,167.0,170.9,167.0,169.1,12255,8340,353
VINATIORGA,24-FEB-2021,1430.0,1479.95,1426.9,1443.05,63288,29119,5125
VINDHYATEL,24-FEB-2021,899.0,940.0,881.0,884.9,6638,3434,933
VINYLINDIA,24-FEB-2021,124.2,128.8,124.2,125.1,47238,20269,882
VIPIND,24-FEB-2021,381.9,396.5,366.2,384.0,432314,157425,10173
VIPULLTD,24-FEB-2021,24.35,25.55,22.95,24.45,35806,30884,151
VISAKAIND,24-FEB-2021,519.0,530.0,508.8,517.55,29126,15385,2157
VISASTEEL,24-FEB-2021,6.0,6.2,5.9,6.2,9945,8065,54
VISHAL,24-FEB-2021,60.1,60.1,60.0,60.1,29441,29241,132
VISHNU,24-FEB-2021,174.15,174.2,157.1,170.7,11199,7843,144
VISHWARAJ,24-FEB-2021,137.9,137.9,130.0,134.2,62057,17089,588
VIVIMEDLAB,24-FEB-2021,13.45,16.4,13.05,15.75,3705856,1285182,8174
VLSFINANCE,24-FEB-2021,86.5,100.9,72.2,86.9,63427,40527,763
VMART,24-FEB-2021,2736.0,2759.85,2610.05,2718.45,8757,3346,2150
VOLTAMP,24-FEB-2021,1135.0,1245.0,1135.0,1192.5,34934,11367,4148
VOLTAS,24-FEB-2021,1020.0,1024.8,1008.0,1012.9,756165,189109,14403
VRLLOG,24-FEB-2021,251.7,279.0,248.0,257.35,614942,485960,12634
VSSL,24-FEB-2021,149.0,149.95,143.3,145.5,24581,12275,836
VSTIND,24-FEB-2021,3478.95,3499.95,3200.0,3476.8,2975,1851,759
VSTTILLERS,24-FEB-2021,1822.0,1848.95,1690.5,1830.15,3904,2624,756
VTL,24-FEB-2021,1125.1,1144.95,1090.0,1126.85,41531,21972,3886
WABAG,24-FEB-2021,285.4,304.8,284.55,288.85,1933325,721642,34570
WABCOINDIA,24-FEB-2021,5999.9,6891.0,5750.05,5825.6,3902,2824,676
WALCHANNAG,24-FEB-2021,63.5,64.3,62.35,63.35,62575,30720,909
WATERBASE,24-FEB-2021,110.4,113.7,109.4,111.05,56425,22799,1433
WEALTH,24-FEB-2021,133.45,143.75,133.45,143.75,55,9,9
WEBELSOLAR,24-FEB-2021,41.6,41.7,41.2,41.7,77098,60441,194
WEIZMANIND,24-FEB-2021,47.5,47.5,45.55,46.4,1329,1148,37
WELCORP,24-FEB-2021,122.45,125.6,122.2,123.65,411225,185785,4038
WELENT,24-FEB-2021,88.4,92.0,86.15,87.1,407602,171268,4057
WELINV,24-FEB-2021,357.95,364.15,357.95,358.55,115,49,30
WELSPUNIND,24-FEB-2021,67.7,68.5,66.0,67.75,206749,126667,1460
WENDT,24-FEB-2021,3264.25,3456.9,3131.0,3217.8,371,270,121
WESTLIFE,24-FEB-2021,489.0,522.5,471.0,485.2,829151,205873,43479
WHEELS,24-FEB-2021,483.95,490.0,472.1,474.5,10073,7347,523
WHIRLPOOL,24-FEB-2021,2398.0,2490.0,2398.0,2422.75,20642,12060,2744
WILLAMAGOR,24-FEB-2021,21.75,22.55,20.65,22.15,3738,3268,53
WINDMACHIN,24-FEB-2021,21.5,21.85,21.1,21.2,6538,5666,29
WIPRO,24-FEB-2021,417.7,425.8,414.75,423.1,5060297,1735522,58620
WOCKPHARMA,24-FEB-2021,491.0,497.75,485.6,488.75,190146,60529,5313
WONDERLA,24-FEB-2021,200.2,204.85,195.25,201.45,29408,18630,2065
WORTH,24-FEB-2021,60.3,61.7,59.15,59.85,9712,6384,64
WSI,24-FEB-2021,3.9,3.9,3.35,3.75,7760,6680,44
WSTCSTPAPR,24-FEB-2021,212.0,221.85,212.0,218.85,182288,92748,3640
XCHANGING,24-FEB-2021,70.85,70.85,68.55,69.1,60412,34954,868
XELPMOC,24-FEB-2021,301.95,303.0,285.0,291.95,10243,6256,1653
XPROINDIA,24-FEB-2021,59.0,59.85,56.7,57.3,28263,21627,683
YAARII,24-FEB-2021,174.75,174.75,165.55,174.75,425788,294022,1753
YESBANK,24-FEB-2021,15.8,16.4,15.7,16.1,100496229,30245590,55545
ZEEL,24-FEB-2021,203.55,208.8,202.5,205.6,14598127,4116406,58081
ZEELEARN,24-FEB-2021,12.0,12.0,11.35,11.8,111360,74817,378
ZEEMEDIA,24-FEB-2021,6.4,6.5,6.1,6.15,1853326,1295265,9003
ZENITHEXPO,24-FEB-2021,71.45,71.45,67.1,69.5,589,455,41
ZENSARTECH,24-FEB-2021,272.0,282.45,264.0,278.65,1020261,377098,16596
ZENTEC,24-FEB-2021,85.0,85.6,83.0,84.25,52436,32828,1023
ZODIACLOTH,24-FEB-2021,106.65,108.45,104.35,105.85,44349,26205,780
ZODJRDMKJ,24-FEB-2021,26.4,29.5,24.65,26.65,2944,1087,251
ZOTA,24-FEB-2021,152.05,156.9,152.0,153.05,6916,965,106
ZUARI,24-FEB-2021,111.0,111.55,98.05,98.85,721292,326778,13297
ZYDUSWELL,24-FEB-2021,1890.0,1915.0,1850.0,1901.25,34238,17766,5825
