20MICRONS,10-MAR-2021,38.1,39.4,37.9,38.55,540420,269558,2588
21STCENMGM,10-MAR-2021,12.75,12.75,12.75,12.75,3186,3186,5
3IINFOTECH,10-MAR-2021,8.0,8.05,7.75,8.05,20361191,12504846,23116
3MINDIA,10-MAR-2021,26300.25,26587.55,25635.4,25897.35,2818,1324,2016
3PLAND,10-MAR-2021,9.35,9.9,8.45,9.4,23706,14202,93
5PAISA,10-MAR-2021,284.0,290.75,282.35,285.1,69657,32536,5594
63MOONS,10-MAR-2021,78.1,81.0,78.1,79.9,28808,17599,656
A2ZINFRA,10-MAR-2021,4.35,4.4,4.25,4.3,356660,247098,334
AARON,10-MAR-2021,66.8,66.95,62.35,63.05,5360,4187,147
AARTIDRUGS,10-MAR-2021,687.05,688.0,669.0,670.75,222757,81030,8724
AARTIIND,10-MAR-2021,1264.9,1280.0,1260.0,1276.25,168918,115025,5243
AARTISURF,10-MAR-2021,1046.0,1048.65,1020.0,1028.9,9068,6237,875
AARVEEDEN,10-MAR-2021,18.0,18.4,17.45,17.75,13204,11331,203
AARVI,10-MAR-2021,59.1,59.15,55.2,55.5,7599,6464,110
AAVAS,10-MAR-2021,2198.0,2239.75,2193.75,2213.05,31338,18437,7230
ABAN,10-MAR-2021,38.45,39.5,36.6,39.3,276957,181780,1518
ABB,10-MAR-2021,1478.0,1523.9,1451.0,1466.25,131725,45914,13740
ABBOTINDIA,10-MAR-2021,14687.55,14750.0,14600.0,14668.15,13903,11034,2371
ABCAPITAL,10-MAR-2021,135.55,137.0,132.5,134.35,2776312,910851,23390
ABFRL,10-MAR-2021,218.0,218.75,215.1,217.85,1863064,949767,37125
ABMINTLTD,10-MAR-2021,62.05,68.55,62.05,63.05,8978,5734,172
ABSLBANETF,10-MAR-2021,360.3,360.3,356.59,357.74,18,15,5
ABSLNN50ET,10-MAR-2021,354.2,374.0,353.2,368.0,396,22,39
ACC,10-MAR-2021,1838.9,1844.0,1810.75,1835.05,645527,127874,21869
ACCELYA,10-MAR-2021,910.95,914.4,896.0,900.85,6674,2204,699
ACCURACY,10-MAR-2021,54.0,54.75,53.1,54.2,10723,8786,61
ACE,10-MAR-2021,165.9,170.7,162.85,164.05,192274,118875,3115
ACRYSIL,10-MAR-2021,369.9,374.75,360.0,366.3,80735,52373,3873
ADANIENT,10-MAR-2021,911.0,914.1,888.7,898.15,5465016,704295,72031
ADANIGREEN,10-MAR-2021,1165.5,1192.1,1165.5,1185.65,483563,295799,20340
ADANIPORTS,10-MAR-2021,757.5,759.1,743.0,745.35,5235249,889954,80675
ADANIPOWER,10-MAR-2021,83.0,84.35,77.8,77.8,32046833,15962460,121396
ADANITRANS,10-MAR-2021,740.0,765.0,730.55,733.05,662901,370877,29491
ADFFOODS,10-MAR-2021,945.0,945.0,925.1,929.7,14112,6124,1689
ADHUNIKIND,10-MAR-2021,21.15,21.65,20.6,20.7,10813,6971,178
ADORWELD,10-MAR-2021,304.45,316.75,304.45,313.8,29492,15001,1194
ADROITINFO,10-MAR-2021,12.1,12.1,12.1,12.1,5372,5372,23
ADSL,10-MAR-2021,39.1,41.45,39.1,40.7,151619,108680,1007
ADVANIHOTR,10-MAR-2021,70.0,70.0,65.3,65.6,57773,34827,858
ADVENZYMES,10-MAR-2021,351.0,357.65,349.2,352.0,290383,213340,4606
AEGISCHEM,10-MAR-2021,310.4,329.7,310.35,320.6,1247734,674223,16986
AFFLE,10-MAR-2021,5829.6,5934.95,5700.0,5837.5,57203,31228,8148
AGCNET,10-MAR-2021,997.2,1005.0,990.0,994.5,6464,5586,187
AGRITECH,10-MAR-2021,34.1,34.6,33.75,33.9,7769,5787,132
AGROPHOS,10-MAR-2021,12.9,12.9,12.5,12.65,19029,13933,157
AHLADA,10-MAR-2021,107.95,110.4,106.1,108.45,12229,9905,140
AHLEAST,10-MAR-2021,163.0,174.0,163.0,168.65,5959,4484,256
AHLUCONT,10-MAR-2021,289.9,302.8,287.6,300.25,140304,120636,4785
AHLWEST,10-MAR-2021,241.8,241.8,236.05,238.1,2346,1471,178
AIAENG,10-MAR-2021,1944.0,1950.0,1906.0,1918.35,75900,61274,6985
AIRAN,10-MAR-2021,17.25,17.4,16.55,16.65,41299,32196,390
AJANTPHARM,10-MAR-2021,1793.4,1812.9,1772.0,1807.15,77856,38578,8493
AJMERA,10-MAR-2021,130.5,132.5,129.5,130.5,44654,11566,1334
AKASH,10-MAR-2021,224.75,224.75,202.55,214.8,44350,16809,562
AKG,10-MAR-2021,101.95,102.1,100.55,101.65,146683,40330,360
AKSHARCHEM,10-MAR-2021,245.0,252.9,242.1,248.6,21653,10224,1177
AKSHOPTFBR,10-MAR-2021,6.7,6.75,6.5,6.65,290214,226140,496
AKZOINDIA,10-MAR-2021,2238.7,2299.0,2238.15,2280.85,40848,19202,5213
ALANKIT,10-MAR-2021,16.5,16.5,16.1,16.15,110262,81452,252
ALBERTDAVD,10-MAR-2021,407.8,407.8,401.15,402.4,3389,2435,261
ALEMBICLTD,10-MAR-2021,101.6,101.95,100.0,100.4,177137,94806,2685
ALICON,10-MAR-2021,455.05,463.55,440.0,458.6,7176,3740,445
ALKALI,10-MAR-2021,54.9,55.6,51.95,52.95,21257,14241,261
ALKEM,10-MAR-2021,2772.0,2798.65,2732.0,2739.75,184661,136230,10888
ALKYLAMINE,10-MAR-2021,5110.1,5156.9,5076.2,5088.0,17011,5535,4122
ALLCARGO,10-MAR-2021,134.95,136.6,134.0,135.45,317647,209235,2219
ALLSEC,10-MAR-2021,327.2,329.35,322.0,326.3,4324,2071,432
ALMONDZ,10-MAR-2021,30.7,30.75,29.3,30.0,9252,7896,152
ALOKINDS,10-MAR-2021,21.85,22.1,21.5,21.6,7151179,2984463,8799
ALPA,10-MAR-2021,39.9,40.1,38.85,39.75,53733,38434,370
ALPHAGEO,10-MAR-2021,215.0,215.0,206.1,209.4,14226,9094,573
AMARAJABAT,10-MAR-2021,891.05,899.7,887.5,896.1,420121,122520,13481
AMBER,10-MAR-2021,3540.0,3550.0,3403.05,3448.8,126605,86220,15946
AMBIKCO,10-MAR-2021,984.85,988.55,965.45,975.05,15347,8114,1174
AMBUJACEM,10-MAR-2021,292.55,293.8,289.0,292.0,3837384,1241659,38564
AMDIND,10-MAR-2021,24.0,24.25,21.75,22.15,107371,54633,661
AMJLAND,10-MAR-2021,26.45,26.5,25.55,25.9,4935,3538,86
AMRUTANJAN,10-MAR-2021,556.2,558.65,539.75,542.0,55461,30194,4010
ANANTRAJ,10-MAR-2021,57.4,59.25,54.0,59.0,1406501,671759,6378
ANDHRACEMT,10-MAR-2021,5.6,5.7,5.5,5.55,242004,167056,961
ANDHRAPAP,10-MAR-2021,247.05,248.55,238.8,240.8,40853,19271,825
ANDHRSUGAR,10-MAR-2021,324.95,324.95,317.05,318.2,42437,24539,1607
ANGELBRKG,10-MAR-2021,331.0,332.75,327.05,328.1,25336,12136,1127
ANIKINDS,10-MAR-2021,16.75,16.75,15.6,15.9,22513,14960,116
ANKITMETAL,10-MAR-2021,1.25,1.25,1.2,1.25,67984,61918,48
ANSALAPI,10-MAR-2021,8.25,8.3,8.0,8.3,101808,64149,240
ANSALHSG,10-MAR-2021,5.95,6.2,5.9,6.2,103957,94511,96
ANUP,10-MAR-2021,645.0,647.0,630.55,641.25,85426,78347,1218
APARINDS,10-MAR-2021,451.95,464.5,449.9,455.95,59664,35982,3991
APCL,10-MAR-2021,217.55,224.95,217.55,223.75,43102,26463,1380
APCOTEXIND,10-MAR-2021,177.7,182.0,177.0,179.6,120086,36677,4696
APEX,10-MAR-2021,247.05,248.95,238.2,239.75,97090,61021,2892
APLAPOLLO,10-MAR-2021,1326.95,1346.6,1280.35,1335.55,366662,255425,19878
APLLTD,10-MAR-2021,938.0,943.2,925.95,934.45,288734,191366,6677
APOLLO,10-MAR-2021,112.9,113.7,111.0,111.45,99530,34591,4495
APOLLOHOSP,10-MAR-2021,2910.0,2924.95,2880.75,2904.1,432551,131335,22647
APOLLOPIPE,10-MAR-2021,730.0,741.0,723.0,738.4,14850,9052,1264
APOLLOTYRE,10-MAR-2021,234.05,238.75,233.6,237.5,6197436,1493436,39071
APOLSINHOT,10-MAR-2021,558.7,560.0,544.0,545.7,621,312,64
APTECHT,10-MAR-2021,218.35,220.8,212.55,213.9,342808,80738,14653
ARCHIES,10-MAR-2021,12.0,12.25,11.9,12.0,40372,33689,158
ARENTERP,10-MAR-2021,11.05,11.05,10.8,10.95,4798,4660,31
ARIES,10-MAR-2021,95.5,100.9,94.0,98.8,169677,64900,2403
ARIHANT,10-MAR-2021,21.2,22.25,20.7,21.65,2170,1763,83
ARIHANTSUP,10-MAR-2021,38.05,38.7,37.5,38.05,27188,5409,101
ARMANFIN,10-MAR-2021,622.5,630.0,585.6,620.1,64051,33057,3055
AROGRANITE,10-MAR-2021,47.0,47.0,45.7,46.55,10040,6625,199
ARSSINFRA,10-MAR-2021,23.8,24.05,23.25,23.5,6662,3861,60
ARTEMISMED,10-MAR-2021,232.6,239.35,230.05,231.95,7176,5811,168
ARVIND,10-MAR-2021,77.2,77.65,75.45,75.95,493388,281101,3941
ARVINDFASN,10-MAR-2021,169.0,169.0,164.0,164.75,165302,71796,3631
ARVSMART,10-MAR-2021,101.0,102.15,99.45,99.9,71734,38120,937
ASAHIINDIA,10-MAR-2021,323.95,347.3,322.8,333.25,376562,79077,14513
ASAHISONG,10-MAR-2021,268.95,282.4,261.25,281.05,30785,18310,1180
ASALCBR,10-MAR-2021,367.95,374.0,364.0,369.2,47364,32419,2167
ASHAPURMIN,10-MAR-2021,117.1,121.6,117.1,119.1,97672,56534,1399
ASHIANA,10-MAR-2021,115.5,121.0,114.0,118.9,175451,134963,3822
ASHIMASYN,10-MAR-2021,16.4,16.4,16.0,16.4,460358,329322,349
ASHOKA,10-MAR-2021,112.3,113.0,110.6,111.1,723455,201060,12349
ASHOKLEY,10-MAR-2021,124.5,126.4,123.2,123.9,16392693,5738236,62810
ASIANHOTNR,10-MAR-2021,74.0,74.0,72.1,72.95,3565,2081,122
ASIANPAINT,10-MAR-2021,2446.0,2446.0,2415.55,2431.95,1056102,446382,71351
ASIANTILES,10-MAR-2021,166.0,174.85,166.0,173.0,403406,242753,4434
ASPINWALL,10-MAR-2021,197.05,202.2,192.55,197.85,7639,4180,209
ASTEC,10-MAR-2021,1065.0,1068.0,1040.35,1049.5,18848,9436,2223
ASTERDM,10-MAR-2021,142.4,144.45,141.85,142.45,99420,47796,2150
ASTRAL,10-MAR-2021,2363.3,2532.0,2332.0,2501.6,494725,220495,52262
ASTRAMICRO,10-MAR-2021,147.25,147.25,136.0,140.1,599359,374705,5278
ASTRAZEN,10-MAR-2021,3420.0,3440.0,3402.25,3414.8,12034,5989,2349
ASTRON,10-MAR-2021,42.65,44.0,42.2,42.6,62694,46231,506
ATFL,10-MAR-2021,822.05,832.4,817.25,822.2,2011,1259,331
ATGL,10-MAR-2021,710.0,725.0,685.1,717.75,1729560,814328,37626
ATLANTA,10-MAR-2021,7.45,7.7,7.35,7.35,161044,142672,189
ATUL,10-MAR-2021,6784.0,6784.0,6695.8,6735.25,13798,9814,4333
ATULAUTO,10-MAR-2021,202.0,202.0,195.0,197.3,75932,42228,2001
AUBANK,10-MAR-2021,1254.0,1268.0,1202.8,1253.25,1184012,297361,38505
AURIONPRO,10-MAR-2021,113.0,120.65,105.0,120.65,668351,222313,5909
AUROPHARMA,10-MAR-2021,853.0,863.95,850.1,857.3,1525849,775297,34097
AUSOMENT,10-MAR-2021,52.05,53.5,52.0,52.4,7490,5936,107
AUTOAXLES,10-MAR-2021,1201.75,1210.0,1180.0,1199.85,4327,2967,798
AUTOIND,10-MAR-2021,34.5,34.5,33.2,33.55,11053,8414,138
AVADHSUGAR,10-MAR-2021,211.2,212.3,202.65,207.3,75136,30338,1719
AVANTIFEED,10-MAR-2021,485.1,489.8,481.0,481.8,281442,226342,6081
AVTNPL,10-MAR-2021,48.5,49.25,47.7,47.9,117467,64767,1071
AWHCL,10-MAR-2021,298.0,300.4,296.0,297.1,48501,19258,2075
AXISBANK,10-MAR-2021,750.5,765.7,749.15,760.75,13377990,3269198,174204
AXISBNKETF,10-MAR-2021,359.0,359.93,356.68,357.37,692,474,39
AXISCADES,10-MAR-2021,47.3,48.5,47.0,48.0,43601,29710,425
AXISGOLD,10-MAR-2021,39.45,39.45,38.95,38.99,137320,102456,2580
AXISNIFTY,10-MAR-2021,157.99,158.52,156.65,157.32,3500,2197,201
AYMSYNTEX,10-MAR-2021,49.8,51.15,48.4,49.9,20884,15654,178
BAFNAPH,10-MAR-2021,132.95,132.95,132.7,132.95,5662,5637,122
BAGFILMS,10-MAR-2021,2.65,2.8,2.65,2.7,97811,81364,149
BAJAJ-AUTO,10-MAR-2021,3820.0,3879.0,3802.0,3867.55,545219,194932,45525
BAJAJCON,10-MAR-2021,267.7,278.6,263.1,277.25,3334697,1217892,44628
BAJAJELEC,10-MAR-2021,1029.7,1035.9,1004.5,1016.65,116069,27281,7733
BAJAJFINSV,10-MAR-2021,10025.0,10094.7,9930.6,9991.45,244632,53398,34882
BAJAJHIND,10-MAR-2021,7.45,7.75,7.25,7.45,5633164,3109557,4638
BAJAJHLDNG,10-MAR-2021,3647.8,3647.8,3580.05,3596.45,59027,51354,3300
BAJFINANCE,10-MAR-2021,5440.0,5561.0,5440.0,5545.05,2191250,586750,116304
BALAJITELE,10-MAR-2021,64.5,65.2,63.1,63.35,199251,72329,2418
BALAMINES,10-MAR-2021,1754.6,1786.9,1740.0,1749.9,66717,14486,6096
BALAXI,10-MAR-2021,587.2,615.0,583.0,608.9,15572,1780,384
BALKRISIND,10-MAR-2021,1594.0,1629.7,1588.0,1625.6,355183,125463,13646
BALMLAWRIE,10-MAR-2021,154.15,156.4,150.3,151.35,1525190,540693,21112
BALPHARMA,10-MAR-2021,54.0,58.1,53.65,55.7,121080,45818,1406
BALRAMCHIN,10-MAR-2021,220.0,222.45,212.3,220.7,2180507,615936,23699
BANARBEADS,10-MAR-2021,54.95,56.85,54.2,55.1,13871,5906,299
BANARISUG,10-MAR-2021,1845.0,1850.0,1813.05,1834.1,5402,320,1505
BANCOINDIA,10-MAR-2021,154.6,154.6,152.05,153.2,60413,26707,3432
BANDHANBNK,10-MAR-2021,354.0,355.7,348.05,349.7,3037997,1003695,41412
BANG,10-MAR-2021,29.75,29.75,28.05,29.55,3648,1383,142
BANKA,10-MAR-2021,72.95,72.95,69.0,71.2,11971,9719,174
BANKBARODA,10-MAR-2021,81.35,81.9,79.65,80.0,36342485,11705615,93327
BANKBEES,10-MAR-2021,362.48,363.39,359.26,361.39,632061,178786,7695
BANKINDIA,10-MAR-2021,78.7,79.1,76.55,76.95,3786508,1409083,16518
BANSWRAS,10-MAR-2021,117.25,120.95,113.85,118.4,14734,10288,234
BASF,10-MAR-2021,2308.7,2327.0,2227.95,2247.75,38093,16020,5825
BASML,10-MAR-2021,64.0,65.85,62.65,62.95,36601,21827,723
BATAINDIA,10-MAR-2021,1513.7,1516.65,1497.0,1506.1,399175,93811,12948
BAYERCROP,10-MAR-2021,5167.05,5219.95,5121.0,5164.2,32564,23645,4201
BBL,10-MAR-2021,1138.15,1142.0,1112.5,1122.2,7195,3258,785
BBTC,10-MAR-2021,1199.05,1231.95,1186.9,1202.3,59847,20980,3984
BCG,10-MAR-2021,8.95,8.95,8.95,8.95,571531,571531,774
BCLIND,10-MAR-2021,122.9,122.9,114.75,119.85,41477,25159,668
BCP,10-MAR-2021,4.1,4.25,3.95,4.25,1181843,667455,1120
BDL,10-MAR-2021,367.8,369.6,356.05,360.15,358895,239102,7167
BEARDSELL,10-MAR-2021,10.2,10.2,9.85,9.9,1848,1670,23
BECTORFOOD,10-MAR-2021,389.95,391.7,385.75,386.25,206693,73597,7620
BEDMUTHA,10-MAR-2021,25.35,25.35,24.05,24.7,860,655,52
BEL,10-MAR-2021,141.4,142.65,139.05,139.75,8082556,3579685,41812
BEML,10-MAR-2021,1357.5,1475.65,1342.0,1444.25,3235729,308776,121503
BEPL,10-MAR-2021,140.2,142.0,139.0,139.55,391461,140402,6142
BERGEPAINT,10-MAR-2021,720.95,740.6,717.2,730.35,700830,222337,17012
BESTAGRO,10-MAR-2021,385.0,390.0,369.85,388.75,2195,1013,168
BFINVEST,10-MAR-2021,322.9,323.0,310.0,314.5,34337,12211,1840
BFUTILITIE,10-MAR-2021,284.5,292.5,281.05,285.45,219302,48786,7074
BGRENERGY,10-MAR-2021,44.5,45.5,44.5,44.8,65609,40759,401
BHAGERIA,10-MAR-2021,163.45,166.45,160.0,162.3,23434,15173,770
BHAGYANGR,10-MAR-2021,45.0,46.7,45.0,45.75,78454,45822,577
BHAGYAPROP,10-MAR-2021,29.0,29.0,28.65,28.75,1289,1189,12
BHARATFORG,10-MAR-2021,619.95,626.0,611.55,622.6,1609145,312083,24100
BHARATGEAR,10-MAR-2021,92.0,92.0,88.0,88.85,178288,93067,2549
BHARATRAS,10-MAR-2021,9885.0,9925.0,9800.0,9837.1,1085,712,539
BHARTIARTL,10-MAR-2021,520.2,530.5,516.35,525.85,18663334,7463429,194438
BHEL,10-MAR-2021,55.6,56.5,54.3,54.8,85630459,15078972,112310
BIGBLOC,10-MAR-2021,106.75,106.75,106.75,106.75,3962,3712,69
BIL,10-MAR-2021,149.8,152.1,146.25,146.75,4360,2373,190
BINDALAGRO,10-MAR-2021,17.65,18.2,17.65,17.95,55724,31336,400
BIOCON,10-MAR-2021,392.0,404.45,388.7,402.55,7942179,3184971,62423
BIOFILCHEM,10-MAR-2021,88.7,89.6,81.6,81.7,198617,116943,3762
BIRLACABLE,10-MAR-2021,65.15,65.95,63.6,64.15,108744,50882,2314
BIRLACORPN,10-MAR-2021,874.0,874.5,863.0,867.95,62358,27990,3885
BIRLAMONEY,10-MAR-2021,45.5,46.7,45.15,45.4,99747,46054,1100
BIRLATYRE,10-MAR-2021,27.5,27.5,26.9,26.95,328962,270279,2277
BKMINDST,10-MAR-2021,1.15,1.2,1.1,1.15,35578,31927,70
BLBLIMITED,10-MAR-2021,6.7,6.8,6.5,6.5,59259,30116,120
BLISSGVS,10-MAR-2021,172.3,173.75,163.25,164.45,639557,254961,4857
BLS,10-MAR-2021,122.0,124.0,115.25,117.0,3358556,958666,43834
BLUEDART,10-MAR-2021,5200.0,5400.2,5158.0,5352.15,59889,22309,13601
BLUESTARCO,10-MAR-2021,937.8,950.5,928.0,933.3,74430,42611,9518
BODALCHEM,10-MAR-2021,90.5,94.35,90.0,91.45,1820493,859006,12472
BOMDYEING,10-MAR-2021,82.4,83.45,80.55,81.85,3216474,702195,16620
BOROLTD,10-MAR-2021,187.0,190.3,182.0,184.35,168372,84185,2944
BORORENEW,10-MAR-2021,275.0,277.9,267.3,274.1,758491,278681,18359
BOSCHLTD,10-MAR-2021,15149.0,15149.0,14943.2,14997.1,21778,5290,7241
BPCL,10-MAR-2021,451.0,451.9,442.05,445.5,11745802,4421150,128874
BPL,10-MAR-2021,27.75,27.75,26.55,26.65,116906,86978,689
BRFL,10-MAR-2021,8.2,8.35,7.8,8.05,273038,204925,4501
BRIGADE,10-MAR-2021,290.5,294.15,287.5,290.0,228295,158773,8354
BRITANNIA,10-MAR-2021,3451.9,3489.0,3438.5,3480.35,270942,120396,18840
BRNL,10-MAR-2021,33.15,33.5,32.85,33.0,35588,25465,388
BROOKS,10-MAR-2021,58.0,58.95,57.05,57.35,14472,7664,277
BSE,10-MAR-2021,590.0,593.0,585.0,586.55,141222,62020,4785
BSELINFRA,10-MAR-2021,1.0,1.0,1.0,1.0,18937,18937,25
BSL,10-MAR-2021,38.25,38.8,36.5,37.2,46739,19256,452
BSLGOLDETF,10-MAR-2021,4149.95,4149.95,4090.0,4101.6,558,391,153
BSLNIFTY,10-MAR-2021,169.05,169.05,166.22,166.66,1024,986,27
BSOFT,10-MAR-2021,236.0,245.95,233.15,240.45,2194525,573661,35867
BURGERKING,10-MAR-2021,141.85,142.1,139.6,140.15,1065217,628545,13509
BUTTERFLY,10-MAR-2021,568.0,578.0,561.6,572.25,40819,12204,7913
BYKE,10-MAR-2021,24.5,24.5,22.65,23.05,63786,43557,362
CADILAHC,10-MAR-2021,445.0,449.9,443.4,448.4,1153308,297570,17909
CALSOFT,10-MAR-2021,8.85,9.1,8.85,9.0,21467,18072,82
CAMLINFINE,10-MAR-2021,147.4,148.3,141.55,144.3,1519162,1213846,22073
CAMS,10-MAR-2021,1880.0,1880.5,1844.15,1848.05,34000,17077,7537
CANBK,10-MAR-2021,161.4,162.75,159.75,161.2,9826429,1630502,39722
CANFINHOME,10-MAR-2021,542.15,573.85,536.05,562.1,3397677,1224458,62780
CANTABIL,10-MAR-2021,379.0,379.9,375.0,375.6,103861,22337,2092
CAPACITE,10-MAR-2021,203.0,204.3,200.0,201.25,56937,32309,2270
CAPLIPOINT,10-MAR-2021,458.8,463.9,455.0,461.75,66098,33709,2891
CAPTRUST,10-MAR-2021,122.0,143.7,122.0,143.7,459024,102127,6322
CARBORUNIV,10-MAR-2021,493.0,501.4,491.75,494.75,89081,57037,5020
CAREERP,10-MAR-2021,141.0,144.45,140.8,143.2,26833,14391,599
CARERATING,10-MAR-2021,464.1,467.5,457.0,459.0,72040,41757,3253
CASTROLIND,10-MAR-2021,136.0,136.2,133.75,134.5,911705,620692,7322
CCHHL,10-MAR-2021,5.0,5.0,4.8,4.85,37467,31660,78
CCL,10-MAR-2021,264.75,265.6,252.95,254.05,158119,78185,6109
CDSL,10-MAR-2021,594.0,598.0,585.25,589.85,377183,186441,14547
CEATLTD,10-MAR-2021,1589.15,1593.0,1562.0,1573.3,77418,29885,6146
CENTENKA,10-MAR-2021,262.0,264.0,258.5,261.85,119356,23793,6143
CENTEXT,10-MAR-2021,4.7,4.7,4.5,4.6,52680,39038,126
CENTRALBK,10-MAR-2021,19.45,19.45,18.45,18.7,12776811,6439407,16671
CENTRUM,10-MAR-2021,27.8,28.95,27.8,28.15,5008155,1718948,9231
CENTUM,10-MAR-2021,440.0,445.9,439.7,443.4,3317,2786,134
CENTURYPLY,10-MAR-2021,315.1,324.0,312.1,320.05,146087,68361,8385
CENTURYTEX,10-MAR-2021,492.45,517.0,489.45,512.25,548535,157273,12230
CERA,10-MAR-2021,4045.0,4080.5,3945.05,3961.5,7367,3142,2892
CEREBRAINT,10-MAR-2021,50.7,56.0,50.5,53.05,1170093,416841,6571
CESC,10-MAR-2021,633.8,635.5,625.0,628.95,214961,100019,8476
CGCL,10-MAR-2021,348.4,354.9,345.0,346.35,56047,10156,3573
CGPOWER,10-MAR-2021,62.9,62.9,60.65,61.5,2218263,1652083,5682
CHALET,10-MAR-2021,179.0,182.4,175.0,176.7,202856,78510,5000
CHAMBLFERT,10-MAR-2021,238.7,238.7,234.05,234.55,1585092,1295403,8901
CHEMBOND,10-MAR-2021,195.0,218.7,194.75,205.95,347523,137213,7740
CHEMCON,10-MAR-2021,441.95,444.9,435.3,437.0,129682,48025,3880
CHEMFAB,10-MAR-2021,129.25,130.45,128.0,129.15,2249,1812,68
CHENNPETRO,10-MAR-2021,115.3,117.45,113.4,114.3,808550,328085,7812
CHOLAFIN,10-MAR-2021,549.9,556.8,530.05,539.4,5035581,1005553,90736
CHOLAHLDNG,10-MAR-2021,597.85,610.0,585.65,591.5,71732,32633,7718
CIGNITITEC,10-MAR-2021,337.8,343.0,334.7,339.0,74271,56098,1429
CINELINE,10-MAR-2021,38.2,39.2,38.2,38.65,29864,15729,348
CINEVISTA,10-MAR-2021,6.2,6.45,6.1,6.35,11193,10792,26
CIPLA,10-MAR-2021,806.0,814.75,801.0,812.4,2512573,753186,50425
CLEDUCATE,10-MAR-2021,68.9,71.95,67.1,70.15,45827,26321,807
CLNINDIA,10-MAR-2021,396.0,396.8,392.25,394.8,28483,15231,1507
COALINDIA,10-MAR-2021,153.05,153.25,149.4,150.95,10788943,3431221,56698
COCHINSHIP,10-MAR-2021,387.5,388.3,380.0,381.65,245456,117758,12424
COFORGE,10-MAR-2021,2620.0,2757.0,2620.0,2734.0,1193338,166781,87919
COLPAL,10-MAR-2021,1640.0,1650.0,1625.0,1647.55,418778,176492,17970
COMPINFO,10-MAR-2021,19.8,19.85,18.65,18.95,313132,249162,1178
COMPUSOFT,10-MAR-2021,9.7,9.7,8.35,9.25,141278,86855,459
CONCOR,10-MAR-2021,593.8,593.8,567.6,573.65,2596632,884756,42137
CONFIPET,10-MAR-2021,48.1,49.4,45.55,47.45,1814469,777751,6797
CONSOFINVT,10-MAR-2021,48.35,50.85,48.3,50.35,10442,9155,88
CONTROLPR,10-MAR-2021,229.65,229.9,227.4,229.3,3906,3184,144
CORALFINAC,10-MAR-2021,23.25,23.25,22.6,22.95,4624,3674,85
CORDSCABLE,10-MAR-2021,49.0,49.1,46.7,47.25,100028,54985,1278
COROMANDEL,10-MAR-2021,779.75,780.9,768.0,773.55,387888,314020,6228
COSMOFILMS,10-MAR-2021,636.15,658.0,624.2,644.45,178107,68125,8120
CPSEETF,10-MAR-2021,24.1,24.19,23.63,23.81,2074537,1585852,3335
CREATIVE,10-MAR-2021,110.9,117.0,104.0,108.95,13871,3156,248
CREATIVEYE,10-MAR-2021,2.9,2.9,2.8,2.8,127,127,4
CREDITACC,10-MAR-2021,701.35,717.45,696.95,699.45,119171,60370,6755
CREST,10-MAR-2021,94.35,95.9,92.05,93.25,2044,1195,85
CRISIL,10-MAR-2021,1890.0,1948.0,1890.0,1919.85,29496,17689,4194
CROMPTON,10-MAR-2021,417.0,421.0,406.6,419.5,839464,509589,38436
CSBBANK,10-MAR-2021,257.0,270.7,245.0,260.85,792901,248629,19239
CTE,10-MAR-2021,32.55,33.6,30.95,31.5,13820,9861,172
CUB,10-MAR-2021,173.0,174.55,168.0,172.4,3134003,1324841,22855
CUBEXTUB,10-MAR-2021,20.8,21.9,20.75,21.05,7499,6443,80
CUMMINSIND,10-MAR-2021,865.0,882.4,860.45,879.35,1138075,273211,46061
CUPID,10-MAR-2021,222.1,242.65,222.1,234.6,522579,195565,13877
CYBERTECH,10-MAR-2021,126.5,138.3,125.25,138.3,857491,441336,12225
CYIENT,10-MAR-2021,651.0,670.0,647.05,657.6,540465,177661,20189
DAAWAT,10-MAR-2021,65.0,66.2,64.25,64.8,4220263,1583355,20351
DABUR,10-MAR-2021,526.3,534.4,525.15,531.15,2158157,850661,41756
DALBHARAT,10-MAR-2021,1459.8,1475.25,1452.9,1470.3,54717,29438,7788
DALMIASUG,10-MAR-2021,174.6,175.9,170.8,171.55,218367,96488,8220
DAMODARIND,10-MAR-2021,31.9,34.5,31.45,33.3,55042,19918,336
DANGEE,10-MAR-2021,132.9,134.3,129.0,130.55,31231,24049,178
DATAMATICS,10-MAR-2021,112.0,117.3,111.8,115.15,239955,82095,4698
DBCORP,10-MAR-2021,99.0,100.65,97.0,98.05,141131,49895,2264
DBL,10-MAR-2021,652.3,658.05,640.05,645.65,153682,38585,7108
DBSTOCKBRO,10-MAR-2021,10.15,10.15,9.35,10.0,1391,1231,22
DCAL,10-MAR-2021,131.65,135.15,128.0,133.25,718615,247738,8430
DCBBANK,10-MAR-2021,117.5,117.6,114.5,114.8,1118197,378479,9058
DCM,10-MAR-2021,26.05,27.5,26.05,26.85,11436,7753,140
DCMSHRIRAM,10-MAR-2021,545.2,552.05,532.05,539.2,76534,43821,6970
DCW,10-MAR-2021,30.6,31.85,30.5,31.05,3667473,1676641,7216
DECCANCE,10-MAR-2021,438.0,439.05,430.0,434.5,17496,10631,1033
DEEPAKFERT,10-MAR-2021,210.9,213.15,207.5,210.55,896525,312772,12443
DEEPAKNTR,10-MAR-2021,1541.1,1605.2,1525.0,1599.3,1170778,197855,68837
DEEPENR,10-MAR-2021,41.15,41.15,40.0,40.4,35870,22018,345
DELTACORP,10-MAR-2021,166.6,174.5,165.25,173.4,3051194,971057,36560
DELTAMAGNT,10-MAR-2021,35.2,35.2,32.25,32.25,7318,6589,173
DEN,10-MAR-2021,62.4,62.95,59.9,60.65,864967,509504,7159
DENORA,10-MAR-2021,281.0,282.95,270.1,271.4,22212,9942,1051
DFMFOODS,10-MAR-2021,398.2,404.4,391.4,396.55,27331,13010,1748
DGCONTENT,10-MAR-2021,8.15,8.6,8.1,8.3,425175,403473,477
DHAMPURSUG,10-MAR-2021,199.35,199.65,193.4,195.75,400634,151785,5806
DHANBANK,10-MAR-2021,15.15,15.35,14.8,15.0,1040319,651920,2010
DHANI,10-MAR-2021,305.6,305.6,288.05,294.35,2448102,1447727,36710
DHANUKA,10-MAR-2021,719.35,727.2,713.2,720.95,49110,26987,3906
DHARSUGAR,10-MAR-2021,8.65,8.65,7.85,7.85,63775,58057,299
DHFL,10-MAR-2021,21.3,21.8,20.5,20.7,1993829,1206730,7017
DHUNINV,10-MAR-2021,277.85,288.0,277.85,281.75,4277,1332,517
DIAMONDYD,10-MAR-2021,653.1,661.0,647.9,651.9,8219,2830,675
DICIND,10-MAR-2021,430.0,433.55,419.55,426.75,12697,6403,707
DISHTV,10-MAR-2021,11.4,11.5,11.25,11.25,5647998,2818721,9147
DIVISLAB,10-MAR-2021,3510.0,3543.85,3482.25,3528.1,421799,200120,37733
DIXON,10-MAR-2021,19785.7,20200.0,19564.05,20103.75,39205,17863,15100
DLF,10-MAR-2021,314.4,316.4,311.5,314.25,4810951,850198,34187
DLINKINDIA,10-MAR-2021,109.5,110.65,108.35,108.9,156099,60929,2839
DMART,10-MAR-2021,3164.0,3179.9,3113.45,3155.2,252903,127576,22948
DOLAT,10-MAR-2021,58.8,59.7,57.6,59.1,434827,138921,5220
DOLLAR,10-MAR-2021,265.25,267.8,262.0,265.3,64070,36927,1591
DONEAR,10-MAR-2021,36.0,36.8,35.5,35.6,130627,21535,1896
DPABHUSHAN,10-MAR-2021,115.3,115.3,111.2,112.6,1776,1114,47
DPSCLTD,10-MAR-2021,13.0,13.25,13.0,13.15,24479,21884,83
DPWIRES,10-MAR-2021,115.25,115.25,110.0,112.65,6368,4159,219
DREDGECORP,10-MAR-2021,389.9,406.2,388.0,401.0,371646,67950,13269
DRREDDY,10-MAR-2021,4496.0,4519.85,4456.05,4500.4,629961,232311,47379
DSSL,10-MAR-2021,67.85,73.8,67.45,72.35,98378,51658,1470
DTIL,10-MAR-2021,283.15,284.9,277.05,278.6,4788,3147,214
DUCON,10-MAR-2021,6.1,6.1,5.85,6.0,138327,104481,258
DVL,10-MAR-2021,99.95,101.5,97.65,100.7,86226,45788,1580
DWARKESH,10-MAR-2021,35.6,35.75,34.5,34.6,1520365,586375,3579
DYNAMATECH,10-MAR-2021,931.0,949.4,923.05,936.2,18616,15251,622
DYNPRO,10-MAR-2021,484.0,514.9,480.2,493.95,256034,66706,16275
EBANK,10-MAR-2021,3910.65,3910.65,3910.65,3910.65,2,2,2
EBBETF0423,10-MAR-2021,1109.5,1109.5,1108.02,1108.9,5606,4978,77
EBBETF0425,10-MAR-2021,1016.0,1017.0,1015.61,1016.66,3986,3964,42
EBBETF0430,10-MAR-2021,1107.0,1111.0,1064.16,1109.74,7935,7313,186
EBBETF0431,10-MAR-2021,997.0,1000.0,997.0,999.96,17949,16690,244
EBIXFOREX,10-MAR-2021,485.0,519.0,461.0,500.65,10805,5789,961
ECLERX,10-MAR-2021,973.7,982.95,966.0,975.4,124130,109350,3420
EDELWEISS,10-MAR-2021,80.0,85.4,77.0,83.7,11933408,5404581,57997
EICHERMOT,10-MAR-2021,2600.0,2687.0,2598.9,2672.3,1977416,369250,124292
EIDPARRY,10-MAR-2021,358.65,363.25,352.05,361.55,253953,112081,6395
EIHAHOTELS,10-MAR-2021,278.1,279.9,275.85,277.05,11206,8011,342
EIHOTEL,10-MAR-2021,108.9,109.4,106.8,107.9,334035,176555,4770
EIMCOELECO,10-MAR-2021,373.35,379.4,362.65,375.5,2477,922,481
EKC,10-MAR-2021,74.5,75.35,73.5,74.6,153455,73446,3483
ELECON,10-MAR-2021,62.5,65.25,62.5,63.5,923167,487856,6057
ELECTCAST,10-MAR-2021,26.0,26.9,25.25,26.05,817178,493382,2030
ELECTHERM,10-MAR-2021,120.0,122.05,116.45,120.45,19730,9683,468
ELGIEQUIP,10-MAR-2021,205.9,206.7,198.0,202.1,270135,105151,8254
ELGIRUBCO,10-MAR-2021,29.7,31.85,29.65,30.85,162287,76144,844
EMAMILTD,10-MAR-2021,482.2,489.0,471.05,482.35,678320,304719,20664
EMAMIPAP,10-MAR-2021,95.15,103.95,94.4,99.25,29709,16718,509
EMAMIREAL,10-MAR-2021,52.5,52.5,50.0,51.0,37814,26579,520
EMKAY,10-MAR-2021,87.0,87.5,79.25,80.9,211563,143520,3324
EMMBI,10-MAR-2021,82.3,82.95,81.1,82.3,10697,7742,178
ENDURANCE,10-MAR-2021,1393.0,1405.0,1387.3,1400.55,27942,13118,5291
ENGINERSIN,10-MAR-2021,83.7,85.2,82.75,83.05,4609893,1706385,19094
ENIL,10-MAR-2021,168.95,168.95,164.6,166.25,18995,12424,487
EPL,10-MAR-2021,219.3,222.8,218.0,218.9,178915,94321,6324
EQ30,10-MAR-2021,428.7,428.7,428.0,428.64,29,29,11
EQUITAS,10-MAR-2021,91.0,94.4,91.0,93.7,1715150,472301,10023
EQUITASBNK,10-MAR-2021,58.9,62.0,56.75,61.15,1847780,741834,8726
ERIS,10-MAR-2021,585.1,591.6,577.5,589.7,150412,105047,15709
EROSMEDIA,10-MAR-2021,30.5,31.3,29.7,30.1,245676,148919,1251
ESABINDIA,10-MAR-2021,1867.3,1884.0,1856.0,1867.8,4176,2807,689
ESCORTS,10-MAR-2021,1374.7,1378.0,1351.05,1365.0,825036,194058,33318
ESSARSHPNG,10-MAR-2021,10.0,10.25,9.45,9.6,72171,43718,310
ESTER,10-MAR-2021,112.5,115.0,112.5,113.3,193633,87831,4043
EUROTEXIND,10-MAR-2021,8.25,8.25,8.25,8.25,1,1,1
EVEREADY,10-MAR-2021,295.1,303.0,292.65,297.65,282841,124001,6802
EVERESTIND,10-MAR-2021,316.45,326.8,316.4,322.95,100890,50052,3154
EXCEL,10-MAR-2021,2.8,2.9,2.7,2.8,85311,74996,124
EXCELINDUS,10-MAR-2021,908.0,914.45,882.0,886.85,10119,5348,2024
EXIDEIND,10-MAR-2021,204.6,206.1,202.25,202.8,3256102,1710763,45862
EXPLEOSOL,10-MAR-2021,533.0,533.0,510.5,514.0,7443,5185,636
FACT,10-MAR-2021,116.95,123.3,113.1,118.5,1585198,264048,24042
FAIRCHEMOR,10-MAR-2021,640.0,657.55,630.2,634.0,8292,5755,488
FCL,10-MAR-2021,66.95,67.7,64.8,66.05,323476,177400,2113
FCONSUMER,10-MAR-2021,7.8,8.1,7.65,7.9,5077106,2026312,12609
FDC,10-MAR-2021,290.6,293.9,289.05,290.15,78137,34881,2119
FEDERALBNK,10-MAR-2021,86.0,87.2,84.9,86.3,17414101,5166545,41162
FEL,10-MAR-2021,10.4,10.6,10.1,10.2,1351735,564689,1826
FELDVR,10-MAR-2021,13.4,13.9,13.3,13.5,53874,17582,184
FIEMIND,10-MAR-2021,586.3,631.0,586.3,611.6,91761,35243,5986
FILATEX,10-MAR-2021,66.65,69.2,61.5,68.6,1214789,663090,6672
FINCABLES,10-MAR-2021,405.1,411.85,402.45,403.95,165240,89073,10087
FINEORG,10-MAR-2021,2434.9,2450.0,2390.0,2417.25,15733,7145,2999
FINPIPE,10-MAR-2021,653.9,663.0,643.0,650.6,166315,51763,8364
FLFL,10-MAR-2021,77.5,79.55,77.05,78.5,513218,390101,2018
FLUOROCHEM,10-MAR-2021,607.9,607.9,587.0,592.1,33038,18466,1798
FMGOETZE,10-MAR-2021,308.1,308.9,307.1,307.6,4874,4060,137
FMNL,10-MAR-2021,17.85,18.25,17.25,17.45,60313,31791,221
FORCEMOT,10-MAR-2021,1312.9,1325.05,1305.65,1309.6,10541,6004,1357
FORTIS,10-MAR-2021,182.5,185.0,176.1,179.7,3856608,1017391,32506
FOSECOIND,10-MAR-2021,1234.65,1239.8,1210.2,1220.1,1113,931,138
FRETAIL,10-MAR-2021,68.4,71.2,67.75,69.0,3612982,1730065,26833
FSC,10-MAR-2021,90.95,94.45,87.55,91.5,121909,63421,1659
FSL,10-MAR-2021,103.9,104.65,102.35,103.4,2497122,1014851,15860
G5,10-MAR-2021,46.98,47.01,46.97,47.01,2312,2284,7
GABRIEL,10-MAR-2021,119.4,120.0,117.4,119.5,428151,185865,9101
GAEL,10-MAR-2021,140.4,141.4,135.0,135.6,229336,110774,3497
GAIL,10-MAR-2021,149.75,150.9,147.1,147.7,21345117,6419032,77811
GAL,10-MAR-2021,2.5,2.5,2.3,2.35,64072,53579,56
GALAXYSURF,10-MAR-2021,2372.0,2399.5,2320.0,2356.85,23796,13123,6780
GALLANTT,10-MAR-2021,48.45,48.5,47.1,48.0,12684,5515,276
GALLISPAT,10-MAR-2021,39.15,39.75,38.35,38.8,8438,5510,113
GAMMNINFRA,10-MAR-2021,0.85,0.85,0.8,0.85,2083867,1501714,9960
GANDHITUBE,10-MAR-2021,283.1,287.95,276.05,277.45,8192,5680,545
GANECOS,10-MAR-2021,645.0,645.85,621.1,625.6,15424,11499,1154
GANESHHOUC,10-MAR-2021,52.65,55.45,51.5,53.2,33917,22300,353
GANGESSECU,10-MAR-2021,65.05,65.05,63.5,63.5,921,597,37
GARFIBRES,10-MAR-2021,2609.0,2617.2,2550.05,2572.45,32332,27412,1980
GATI,10-MAR-2021,107.0,112.0,104.55,109.55,2283331,454156,21144
GAYAPROJ,10-MAR-2021,37.5,37.5,35.45,35.95,368430,255522,1916
GBGLOBAL,10-MAR-2021,7.3,7.3,6.9,6.95,1497,1127,27
GDL,10-MAR-2021,188.0,188.0,182.5,186.2,112339,64485,5170
GEECEE,10-MAR-2021,98.35,101.0,98.0,98.75,6158,3009,373
GEEKAYWIRE,10-MAR-2021,77.55,79.65,77.35,78.4,10527,10094,32
GENCON,10-MAR-2021,54.5,54.7,53.7,54.25,20767,19322,98
GENUSPAPER,10-MAR-2021,7.95,8.05,7.7,7.75,281475,189682,362
GENUSPOWER,10-MAR-2021,51.7,52.6,49.25,49.65,1077982,555187,5800
GEOJITFSL,10-MAR-2021,62.5,63.8,59.2,59.95,1704395,931842,11782
GEPIL,10-MAR-2021,295.0,295.0,286.4,288.1,86758,49029,3492
GESHIP,10-MAR-2021,312.5,325.0,310.7,315.9,243534,134390,8177
GET&D,10-MAR-2021,136.4,138.4,131.2,132.7,100844,45955,2178
GFLLIMITED,10-MAR-2021,91.7,92.0,88.2,89.25,108991,87928,1039
GFSTEELS,10-MAR-2021,1.9,1.9,1.9,1.9,30,30,2
GHCL,10-MAR-2021,235.7,249.35,235.4,242.15,552684,219010,13521
GICHSGFIN,10-MAR-2021,135.2,138.6,133.05,136.45,377931,157271,3529
GICRE,10-MAR-2021,200.7,203.85,199.7,200.65,679016,323402,10828
GILLANDERS,10-MAR-2021,46.45,46.5,44.6,45.8,20082,19047,93
GILLETTE,10-MAR-2021,5602.45,5619.95,5580.05,5610.2,3471,2693,753
GINNIFILA,10-MAR-2021,19.85,20.45,19.5,19.7,98284,50435,419
GIPCL,10-MAR-2021,85.3,87.85,83.65,84.1,1651225,475587,18403
GISOLUTION,10-MAR-2021,2.4,2.6,2.4,2.6,3465,3365,16
GKWLIMITED,10-MAR-2021,525.3,531.95,513.0,525.95,1239,120,616
GLAND,10-MAR-2021,2509.0,2558.8,2475.05,2490.9,96338,54081,13493
GLAXO,10-MAR-2021,1515.0,1519.95,1464.0,1471.9,55952,36758,5500
GLENMARK,10-MAR-2021,477.95,491.5,476.1,486.5,2061781,618758,33761
GLFL,10-MAR-2021,3.05,3.05,2.85,2.85,40919,36564,59
GLOBAL,10-MAR-2021,50.25,50.25,49.85,49.95,477,445,19
GLOBOFFS,10-MAR-2021,8.5,8.5,7.9,8.1,8378,6236,102
GLOBUSSPR,10-MAR-2021,336.0,336.9,320.0,325.5,79020,50010,2072
GMBREW,10-MAR-2021,428.4,435.6,425.0,426.05,11217,6785,419
GMDCLTD,10-MAR-2021,60.1,64.6,59.75,61.85,5249965,1012884,22064
GMMPFAUDLR,10-MAR-2021,4429.95,4444.0,4322.0,4397.6,44723,16917,8625
GMRINFRA,10-MAR-2021,27.75,28.35,27.35,27.9,12791934,2425933,25245
GNA,10-MAR-2021,395.0,395.0,384.65,387.1,70645,44281,3110
GNFC,10-MAR-2021,311.0,317.8,308.65,309.8,972945,323862,14482
GOACARBON,10-MAR-2021,317.0,336.0,317.0,328.15,88399,26224,4866
GOCLCORP,10-MAR-2021,236.6,238.0,228.4,229.5,10055,7153,326
GODFRYPHLP,10-MAR-2021,905.8,906.25,898.0,903.4,30748,18882,1612
GODHA,10-MAR-2021,51.9,52.0,47.0,50.6,31863,24878,223
GODREJAGRO,10-MAR-2021,488.6,493.0,487.85,491.0,72365,41589,4088
GODREJCP,10-MAR-2021,684.0,696.0,678.5,694.3,1013808,565729,27067
GODREJIND,10-MAR-2021,473.8,507.95,473.05,493.25,1828595,559715,64553
GODREJPROP,10-MAR-2021,1492.75,1524.9,1452.4,1463.35,1353732,330877,67005
GOKEX,10-MAR-2021,79.85,82.25,78.1,78.95,221371,115649,2854
GOKUL,10-MAR-2021,19.2,19.2,18.1,18.3,94604,33541,537
GOKULAGRO,10-MAR-2021,23.5,24.25,23.0,23.3,81278,62602,522
GOLDBEES,10-MAR-2021,39.18,39.18,38.9,38.95,5286384,4524480,16809
GOLDENTOBC,10-MAR-2021,47.4,47.4,45.0,46.0,7993,5010,148
GOLDIAM,10-MAR-2021,332.0,348.0,325.05,334.85,90701,29244,3036
GOLDSHARE,10-MAR-2021,4039.95,4039.95,4008.6,4027.3,2272,1412,557
GOODLUCK,10-MAR-2021,70.6,72.9,70.1,71.9,111683,55902,1458
GOODYEAR,10-MAR-2021,975.6,977.8,963.8,967.95,11813,8598,1028
GPIL,10-MAR-2021,539.9,556.85,539.05,553.75,86332,39661,8612
GPPL,10-MAR-2021,103.0,105.7,102.55,103.95,318081,131164,7229
GPTINFRA,10-MAR-2021,38.5,42.5,38.5,42.0,75222,39839,544
GRANULES,10-MAR-2021,342.0,352.95,341.5,350.35,2655699,613915,41376
GRAPHITE,10-MAR-2021,475.0,518.65,470.3,511.45,6017320,1464813,119921
GRASIM,10-MAR-2021,1378.0,1389.35,1360.0,1385.05,1085941,338624,40642
GRAVITA,10-MAR-2021,110.2,113.6,109.1,110.25,208788,110416,3889
GREAVESCOT,10-MAR-2021,154.0,154.0,147.65,149.0,1344493,563209,19746
GREENLAM,10-MAR-2021,923.85,937.55,913.45,917.35,1202,571,180
GREENPANEL,10-MAR-2021,161.25,170.9,161.25,170.8,3790776,2501470,11488
GREENPLY,10-MAR-2021,184.75,188.0,173.95,184.2,484728,243382,6537
GRINDWELL,10-MAR-2021,948.0,953.95,922.2,934.05,196981,171207,11271
GROBTEA,10-MAR-2021,1013.25,1013.25,982.0,986.25,264,151,71
GRPLTD,10-MAR-2021,846.0,862.1,840.0,842.2,455,306,79
GRSE,10-MAR-2021,204.9,207.8,203.1,205.35,127744,56914,2818
GSCLCEMENT,10-MAR-2021,37.6,39.0,36.95,37.8,225622,118737,1393
GSFC,10-MAR-2021,93.7,100.7,93.65,98.2,7857449,1911225,47985
GSPL,10-MAR-2021,280.3,281.55,269.8,271.2,754885,342775,21107
GSS,10-MAR-2021,57.65,58.25,55.8,56.2,179615,59150,6542
GTL,10-MAR-2021,6.45,6.6,6.3,6.6,107133,55993,305
GTLINFRA,10-MAR-2021,0.95,1.0,0.9,1.0,52340449,16830181,4268
GTNIND,10-MAR-2021,11.9,12.1,11.45,11.7,2175,1941,32
GTNTEX,10-MAR-2021,5.45,5.5,5.45,5.5,291,291,2
GTPL,10-MAR-2021,127.4,129.0,125.05,125.55,60085,30867,777
GUFICBIO,10-MAR-2021,112.0,114.7,112.0,112.7,46016,21128,1179
GUJALKALI,10-MAR-2021,347.0,358.8,346.95,352.5,212713,94251,3980
GUJAPOLLO,10-MAR-2021,218.15,218.15,212.95,213.15,917,678,50
GUJGASLTD,10-MAR-2021,544.0,544.0,531.4,534.65,522995,193214,13910
GULFOILLUB,10-MAR-2021,750.0,754.6,735.1,742.9,12556,5925,1333
GULFPETRO,10-MAR-2021,42.75,43.0,42.15,42.45,49045,31155,474
GULPOLY,10-MAR-2021,96.5,96.5,92.5,94.0,129970,54014,4237
HAL,10-MAR-2021,1065.0,1079.95,1060.0,1067.35,205561,85500,11119
HAPPSTMNDS,10-MAR-2021,535.5,554.0,535.5,542.0,1233931,377179,32797
HARITASEAT,10-MAR-2021,747.0,757.7,719.0,730.0,7076,4446,1599
HARRMALAYA,10-MAR-2021,157.0,157.0,149.15,150.2,439253,118187,14061
HATHWAY,10-MAR-2021,33.9,34.15,32.3,32.4,1996025,987195,6087
HATSUN,10-MAR-2021,754.0,778.0,754.0,772.45,43404,20072,3479
HAVELLS,10-MAR-2021,1100.1,1125.0,1100.1,1120.3,1891547,724389,49176
HBANKETF,10-MAR-2021,359.27,360.66,355.96,358.31,1217,726,94
HBLPOWER,10-MAR-2021,40.25,40.25,39.0,39.5,475938,259627,2968
HCC,10-MAR-2021,9.15,9.5,9.15,9.45,11677672,6937085,5694
HCG,10-MAR-2021,175.0,179.8,170.7,177.9,619842,311270,8315
HCL-INSYS,10-MAR-2021,12.25,12.25,11.25,11.25,1175047,820673,1583
HCLTECH,10-MAR-2021,985.7,995.1,979.7,988.5,7694950,2968905,183049
HDFC,10-MAR-2021,2590.4,2609.4,2580.6,2599.8,2569360,1462427,102150
HDFCAMC,10-MAR-2021,3180.0,3189.0,3110.05,3118.5,149911,65339,13949
HDFCBANK,10-MAR-2021,1572.0,1575.0,1552.15,1555.75,5527508,2731601,170939
HDFCLIFE,10-MAR-2021,743.15,746.0,725.1,731.35,2422642,930424,54907
HDFCMFGETF,10-MAR-2021,42.0,42.0,39.93,39.96,979899,651396,1516
HDFCNIFETF,10-MAR-2021,161.0,161.03,159.42,160.05,8883,5834,258
HDFCSENETF,10-MAR-2021,545.0,549.89,540.01,545.07,1240,628,128
HEG,10-MAR-2021,1509.4,1635.3,1509.4,1606.45,1494503,273028,68426
HEIDELBERG,10-MAR-2021,226.9,227.2,224.05,225.95,188824,109807,6699
HERANBA,10-MAR-2021,789.0,801.95,770.25,789.75,1298178,291458,60284
HERCULES,10-MAR-2021,124.4,132.45,124.0,127.05,283686,79979,4376
HERITGFOOD,10-MAR-2021,340.95,342.0,330.45,338.95,237415,160810,8000
HEROMOTOCO,10-MAR-2021,3449.0,3475.0,3407.85,3419.35,787897,328117,48711
HESTERBIO,10-MAR-2021,1676.5,1685.9,1675.0,1677.65,2281,1495,232
HFCL,10-MAR-2021,28.55,29.0,27.55,28.45,4197728,1724086,8027
HGINFRA,10-MAR-2021,298.8,302.0,284.45,286.4,61839,44064,2288
HGS,10-MAR-2021,1220.0,1220.0,1161.65,1199.45,31929,12665,4003
HIKAL,10-MAR-2021,162.0,163.85,159.5,160.65,358207,164456,4579
HIL,10-MAR-2021,3056.5,3098.9,3012.25,3040.9,7271,4531,1642
HILTON,10-MAR-2021,11.3,11.4,10.95,11.15,15355,9952,97
HIMATSEIDE,10-MAR-2021,164.1,167.0,161.6,162.6,134463,59244,6951
HINDALCO,10-MAR-2021,335.8,342.35,330.45,340.35,10886045,3228251,98370
HINDCOMPOS,10-MAR-2021,298.1,300.05,291.5,292.85,6050,2749,399
HINDCOPPER,10-MAR-2021,136.2,140.7,132.5,135.05,3792097,1286767,25526
HINDNATGLS,10-MAR-2021,25.65,26.0,25.35,25.5,149361,128974,1598
HINDOILEXP,10-MAR-2021,106.35,109.85,103.7,107.95,1091828,237859,12777
HINDPETRO,10-MAR-2021,246.1,249.5,238.7,241.0,10825300,2527107,77370
HINDUNILVR,10-MAR-2021,2210.5,2236.9,2193.2,2227.85,2696085,1547497,85058
HINDZINC,10-MAR-2021,301.0,307.55,295.25,305.45,726204,231459,18748
HIRECT,10-MAR-2021,143.45,143.5,138.1,139.65,13965,8637,388
HISARMETAL,10-MAR-2021,113.05,119.7,112.0,115.35,20281,13515,452
HITECH,10-MAR-2021,345.85,355.0,338.1,352.1,85532,29010,2106
HITECHCORP,10-MAR-2021,130.45,134.5,130.45,132.6,1882,1121,86
HITECHGEAR,10-MAR-2021,183.05,189.7,178.15,185.1,10132,6525,323
HLEGLAS,10-MAR-2021,2899.0,2950.2,2750.05,2803.8,17008,10560,2826
HLVLTD,10-MAR-2021,6.7,7.05,6.55,6.7,325797,246435,527
HMVL,10-MAR-2021,75.1,76.05,71.1,72.4,122175,71069,2018
HNDFDS,10-MAR-2021,2467.0,2517.05,2291.35,2292.3,30043,17273,5365
HNGSNGBEES,10-MAR-2021,354.0,354.0,345.7,346.45,192,149,35
HOMEFIRST,10-MAR-2021,522.0,530.45,517.75,520.05,243978,116917,20500
HONAUT,10-MAR-2021,48770.0,49160.0,48230.65,49049.85,7492,3788,3550
HONDAPOWER,10-MAR-2021,1080.0,1098.0,1065.0,1076.6,10170,4750,1165
HOTELRUGBY,10-MAR-2021,1.3,1.3,1.3,1.3,920,920,3
HOVS,10-MAR-2021,40.7,42.75,39.7,42.75,19584,17982,160
HPL,10-MAR-2021,42.65,42.65,41.2,41.75,286014,83543,3164
HSCL,10-MAR-2021,45.5,47.4,45.0,46.65,9126331,2730877,26374
HSIL,10-MAR-2021,174.75,175.45,172.0,172.25,63705,24334,2196
HTMEDIA,10-MAR-2021,26.0,26.15,25.5,26.0,259132,231378,461
HUDCO,10-MAR-2021,48.45,51.9,47.8,50.95,7522890,2006148,26274
HUHTAMAKI,10-MAR-2021,280.45,280.5,277.0,278.0,39677,24448,1106
IBMFNIFTY,10-MAR-2021,159.0,159.0,150.05,154.72,2705,660,347
IBREALEST,10-MAR-2021,115.0,118.0,111.5,114.95,12477143,6478695,53290
IBULHSGFIN,10-MAR-2021,231.65,234.45,226.4,230.2,11706744,1281402,71354
ICEMAKE,10-MAR-2021,73.85,73.85,71.2,72.25,7656,6616,96
ICICI500,10-MAR-2021,209.48,209.48,204.99,208.15,642,416,116
ICICIALPLV,10-MAR-2021,144.8,146.0,139.0,141.67,14552,14342,80
ICICIB22,10-MAR-2021,38.19,38.19,37.57,37.84,443656,403343,3288
ICICIBANK,10-MAR-2021,628.75,630.5,621.8,625.6,15838994,7569902,177498
ICICIBANKN,10-MAR-2021,364.7,364.7,355.35,356.57,27902,26727,267
ICICIBANKP,10-MAR-2021,195.0,195.0,189.0,190.0,8580,6712,1177
ICICIGI,10-MAR-2021,1483.0,1487.85,1451.05,1471.1,397041,229928,25325
ICICIGOLD,10-MAR-2021,40.25,40.25,39.71,39.91,670477,612437,1627
ICICILIQ,10-MAR-2021,999.95,1000.0,999.75,999.95,44153,21566,51
ICICILOVOL,10-MAR-2021,121.7,121.7,117.05,119.49,2346,1526,346
ICICIM150,10-MAR-2021,91.81,93.5,91.7,92.6,6088,3185,214
ICICIMCAP,10-MAR-2021,88.8,89.4,87.37,87.94,16619,10285,214
ICICINF100,10-MAR-2021,169.89,169.89,162.03,164.39,2693,1758,216
ICICINIFTY,10-MAR-2021,181.3,181.3,158.6,161.16,55202,30743,3968
ICICINV20,10-MAR-2021,79.0,79.75,77.45,77.88,6891,5128,523
ICICINXT50,10-MAR-2021,36.28,36.28,35.47,35.67,27865,25045,338
ICICIPRULI,10-MAR-2021,488.95,490.55,481.0,484.0,1617245,838350,25460
ICICISENSX,10-MAR-2021,550.0,558.0,541.0,553.77,1630,939,93
ICICITECH,10-MAR-2021,257.05,262.58,257.05,261.63,10201,6991,226
ICIL,10-MAR-2021,130.0,132.0,124.15,125.1,316832,198216,4982
ICRA,10-MAR-2021,2809.95,2810.0,2744.0,2751.6,9715,8134,1576
IDBI,10-MAR-2021,36.8,39.5,35.35,38.25,61762303,18080262,91529
IDBIGOLD,10-MAR-2021,4175.0,4175.0,4090.0,4094.2,144,106,65
IDEA,10-MAR-2021,10.2,10.4,10.1,10.3,130052014,39185755,110995
IDFC,10-MAR-2021,54.9,54.9,52.5,53.05,7284094,3854196,18421
IDFCFIRSTB,10-MAR-2021,67.25,67.7,66.35,66.85,22266796,4904631,47307
IDFNIFTYET,10-MAR-2021,151.51,158.65,151.51,158.49,72,47,23
IEX,10-MAR-2021,303.8,317.65,301.8,307.95,2634359,1157653,137267
IFBAGRO,10-MAR-2021,439.95,439.95,426.0,428.55,3260,1974,231
IFBIND,10-MAR-2021,1123.0,1144.95,1110.0,1127.5,34096,17787,3862
IFCI,10-MAR-2021,13.6,14.3,13.0,14.3,60992621,18635435,72529
IFGLEXPOR,10-MAR-2021,267.35,270.0,260.05,262.5,34962,23477,711
IGARASHI,10-MAR-2021,331.6,332.6,318.0,319.65,201020,133234,9260
IGL,10-MAR-2021,522.85,522.85,508.0,510.7,2041810,864126,30166
IGPL,10-MAR-2021,514.0,536.8,510.05,512.95,42833,21771,2878
IIFL,10-MAR-2021,298.95,304.2,296.8,299.55,556817,373078,14941
IIFLSEC,10-MAR-2021,55.5,57.2,55.2,55.5,815642,302153,5323
IIFLWAM,10-MAR-2021,1212.5,1218.4,1182.65,1198.45,12626,8946,2130
IITL,10-MAR-2021,60.95,60.95,56.65,59.35,942,446,68
IMAGICAA,10-MAR-2021,6.9,7.55,6.9,7.55,313496,233355,738
IMFA,10-MAR-2021,458.0,472.1,458.0,464.15,17875,9915,1058
IMPAL,10-MAR-2021,677.8,714.9,677.8,704.2,6623,4241,617
IMPEXFERRO,10-MAR-2021,0.75,0.75,0.75,0.75,83098,83098,7
INDBANK,10-MAR-2021,14.55,14.55,13.6,13.8,126832,92029,545
INDHOTEL,10-MAR-2021,127.95,127.95,124.8,125.9,950440,387798,9070
INDIACEM,10-MAR-2021,174.5,174.7,169.8,170.95,1260660,437287,10367
INDIAGLYCO,10-MAR-2021,573.9,582.0,565.2,578.4,227741,88586,7106
INDIAMART,10-MAR-2021,7820.0,8450.0,7800.0,8401.05,389886,88089,67130
INDIANB,10-MAR-2021,138.8,139.7,134.5,134.8,1502020,604694,8943
INDIANCARD,10-MAR-2021,156.0,156.0,150.0,153.2,3845,2909,132
INDIANHUME,10-MAR-2021,201.6,201.6,192.6,197.3,58257,27507,3362
INDIGO,10-MAR-2021,1700.0,1707.7,1678.05,1684.55,417598,62245,15428
INDIGOPNTS,10-MAR-2021,2500.0,2523.95,2492.0,2515.6,51215,35609,4591
INDLMETER,10-MAR-2021,15.55,16.7,15.55,16.6,3237,2607,42
INDNIPPON,10-MAR-2021,385.0,388.7,376.05,385.5,12364,7389,715
INDOCO,10-MAR-2021,290.0,290.7,283.75,286.15,134619,60993,4080
INDORAMA,10-MAR-2021,39.9,40.15,38.05,38.85,33650,21298,647
INDOSTAR,10-MAR-2021,332.0,334.7,325.0,326.8,13477,10054,638
INDOTECH,10-MAR-2021,101.45,107.0,99.15,103.2,51191,16977,1426
INDRAMEDCO,10-MAR-2021,55.7,55.7,53.25,54.0,173357,72177,3740
INDSWFTLAB,10-MAR-2021,76.75,78.55,74.85,78.55,74615,67786,349
INDUSINDBK,10-MAR-2021,1043.15,1060.0,1033.05,1039.85,8832614,2604568,162178
INDUSTOWER,10-MAR-2021,253.95,255.9,249.1,254.8,1699707,658332,17670
INEOSSTYRO,10-MAR-2021,981.25,982.75,960.0,965.7,24854,20661,1175
INFIBEAM,10-MAR-2021,97.4,98.6,94.35,94.75,9210100,7439840,15494
INFOBEAN,10-MAR-2021,148.05,150.2,147.5,147.9,18934,13230,259
INFRABEES,10-MAR-2021,444.8,449.2,438.0,442.39,963,545,79
INFY,10-MAR-2021,1356.9,1374.0,1355.0,1368.15,7925984,3965517,177164
INGERRAND,10-MAR-2021,733.0,737.0,728.3,731.2,9510,5717,794
INOXLEISUR,10-MAR-2021,325.5,330.0,324.05,326.4,355336,192843,8550
INOXWIND,10-MAR-2021,70.85,71.65,67.95,68.2,202636,93281,3060
INSECTICID,10-MAR-2021,453.85,461.85,453.85,456.3,15683,9364,699
INSPIRISYS,10-MAR-2021,46.2,47.5,44.5,45.15,25034,19561,263
INTELLECT,10-MAR-2021,476.0,488.9,476.0,484.2,382645,178101,13390
INTENTECH,10-MAR-2021,34.8,36.3,33.85,34.4,17888,14765,206
INVENTURE,10-MAR-2021,30.2,31.4,28.05,29.9,347005,150000,2109
IOB,10-MAR-2021,17.75,17.75,17.15,17.25,5624826,2462122,7798
IOC,10-MAR-2021,101.9,101.9,98.7,98.85,21160710,6925917,68150
IOLCP,10-MAR-2021,640.95,641.4,618.65,622.6,355457,144411,14144
IPCALAB,10-MAR-2021,1948.9,1948.9,1920.0,1938.75,153284,101011,10764
IRB,10-MAR-2021,122.75,124.7,120.05,122.15,1964996,519710,13734
IRCON,10-MAR-2021,88.8,89.5,88.0,88.1,3426570,1773827,13619
IRCTC,10-MAR-2021,2045.0,2047.8,2007.0,2018.5,1695813,273311,66988
IRFC,10-MAR-2021,25.0,25.1,24.85,24.85,11360743,5729920,25673
IRISDOREME,10-MAR-2021,94.8,104.0,94.8,94.8,143138,73065,1038
ISEC,10-MAR-2021,407.0,412.0,405.1,406.25,188344,99310,5940
ISFT,10-MAR-2021,63.6,66.3,62.2,65.3,41343,26933,457
ISMTLTD,10-MAR-2021,10.05,10.45,10.05,10.3,83083,70689,162
ITC,10-MAR-2021,209.1,209.2,205.8,206.5,19603214,11394134,126929
ITDC,10-MAR-2021,404.9,450.1,395.1,449.15,8597024,754288,153266
ITDCEM,10-MAR-2021,84.0,85.55,82.1,83.2,461290,190705,7167
ITI,10-MAR-2021,127.5,132.1,127.05,128.7,874647,167814,8883
IVC,10-MAR-2021,4.5,4.55,4.4,4.5,156011,88321,190
IVZINGOLD,10-MAR-2021,4053.0,4109.0,4040.0,4040.0,49,45,18
IVZINNIFTY,10-MAR-2021,1634.45,1643.35,1630.3,1635.03,190,190,11
IZMO,10-MAR-2021,55.0,55.0,53.95,54.1,16377,9094,179
J&KBANK,10-MAR-2021,29.3,29.6,29.0,29.05,1174598,570554,2739
JAGRAN,10-MAR-2021,56.65,57.0,56.0,56.25,340104,213524,1669
JAGSNPHARM,10-MAR-2021,88.5,91.8,86.9,89.05,224253,39730,3916
JAICORPLTD,10-MAR-2021,101.9,102.4,99.2,99.65,1450606,350067,11073
JAMNAAUTO,10-MAR-2021,69.5,72.0,68.8,69.95,2599669,890654,21018
JASH,10-MAR-2021,286.0,287.3,280.0,286.1,10923,8752,254
JAYAGROGN,10-MAR-2021,147.9,147.9,142.6,143.9,15301,11715,260
JAYBARMARU,10-MAR-2021,244.7,247.9,243.05,244.45,15227,6401,767
JAYNECOIND,10-MAR-2021,11.7,11.7,10.6,11.7,2149507,1326746,2405
JAYSREETEA,10-MAR-2021,76.65,76.85,73.6,74.05,178089,86466,2305
JBCHEPHARM,10-MAR-2021,1209.85,1214.0,1201.6,1207.65,91794,67937,7120
JBFIND,10-MAR-2021,11.75,11.95,11.35,11.4,181732,148894,410
JBMA,10-MAR-2021,424.5,452.85,404.85,447.35,85799,41458,3921
JCHAC,10-MAR-2021,2828.0,2830.0,2700.0,2732.8,14470,7294,3024
JINDALPHOT,10-MAR-2021,43.7,43.7,40.05,43.7,22026,14603,287
JINDALPOLY,10-MAR-2021,714.3,784.0,695.0,780.25,509935,267778,13631
JINDALSAW,10-MAR-2021,83.0,84.3,81.85,83.55,1718557,469961,12825
JINDALSTEL,10-MAR-2021,315.45,322.3,311.4,320.35,6903410,929416,64086
JINDRILL,10-MAR-2021,101.05,101.55,98.0,99.55,25691,14916,638
JINDWORLD,10-MAR-2021,55.5,55.5,51.25,53.95,169681,17236,1070
JISLJALEQS,10-MAR-2021,25.4,26.0,23.95,24.9,8856569,5532576,10772
JKCEMENT,10-MAR-2021,2890.0,3025.0,2865.1,2898.35,172330,68718,25993
JKIL,10-MAR-2021,198.3,198.3,194.05,194.7,121890,76182,5345
JKLAKSHMI,10-MAR-2021,438.85,440.0,427.05,428.8,402011,201181,8967
JKPAPER,10-MAR-2021,151.65,154.65,149.55,150.55,571432,202988,8282
JKTYRE,10-MAR-2021,124.35,125.0,122.45,123.15,1020055,276810,7989
JMA,10-MAR-2021,34.55,34.55,34.0,34.0,5226,4983,30
JMCPROJECT,10-MAR-2021,86.15,87.4,82.0,82.7,643235,264734,9911
JMFINANCIL,10-MAR-2021,98.45,98.45,94.0,94.55,2378594,1485398,10880
JOCIL,10-MAR-2021,159.6,160.75,157.25,158.6,4911,3565,137
JPASSOCIAT,10-MAR-2021,8.4,8.55,7.95,8.0,12551362,6549675,8566
JPINFRATEC,10-MAR-2021,2.0,2.0,1.9,1.9,2004875,985937,801
JPPOWER,10-MAR-2021,2.85,2.9,2.8,2.8,9757040,6114595,3567
JSL,10-MAR-2021,73.5,73.6,72.05,72.75,444797,192058,3810
JSLHISAR,10-MAR-2021,124.3,125.55,122.2,123.7,228182,129543,2152
JSWENERGY,10-MAR-2021,84.75,89.0,84.5,86.85,11468549,2709288,44714
JSWHL,10-MAR-2021,3693.2,3949.0,3680.0,3727.65,1586,392,651
JSWISPL,10-MAR-2021,25.8,26.05,25.65,25.8,267567,193937,942
JSWSTEEL,10-MAR-2021,406.55,415.3,403.5,414.0,6536253,1396348,57528
JTEKTINDIA,10-MAR-2021,91.5,92.3,89.5,90.0,161586,74562,2277
JUBLFOOD,10-MAR-2021,3020.0,3055.0,2978.0,3001.6,453299,107835,28734
JUBLINDS,10-MAR-2021,216.95,216.95,208.1,210.05,30826,21010,737
JUBLPHARMA,10-MAR-2021,775.9,776.0,757.1,766.75,49467,24998,3788
JUMPNET,10-MAR-2021,11.8,11.8,11.8,11.8,83547,83547,407
JUNIORBEES,10-MAR-2021,372.9,372.9,365.5,367.5,22602,14106,2831
JUSTDIAL,10-MAR-2021,998.4,1026.0,975.3,988.1,1798330,426947,52943
JYOTHYLAB,10-MAR-2021,148.55,150.85,147.65,148.65,788958,656184,5282
KABRAEXTRU,10-MAR-2021,147.5,151.5,145.6,149.85,207782,72317,7320
KAJARIACER,10-MAR-2021,976.05,999.0,971.2,996.7,200185,116971,17436
KAKATCEM,10-MAR-2021,186.05,189.9,184.25,185.05,12932,8422,302
KALPATPOWR,10-MAR-2021,396.6,400.75,384.85,386.65,175857,83105,7104
KAMATHOTEL,10-MAR-2021,36.6,36.6,35.7,36.0,70226,41496,602
KAMDHENU,10-MAR-2021,137.0,142.35,136.45,140.15,49772,30081,1477
KANANIIND,10-MAR-2021,4.75,4.9,4.65,4.65,12228,5339,41
KANPRPLA,10-MAR-2021,166.25,168.3,159.0,161.0,32740,21583,943
KANSAINER,10-MAR-2021,592.0,594.75,574.6,577.35,375544,302190,10370
KARDA,10-MAR-2021,116.55,119.75,115.5,117.05,122270,52835,317
KARURVYSYA,10-MAR-2021,61.6,62.2,60.65,61.05,1734871,1007406,15223
KAUSHALYA,10-MAR-2021,1.95,1.95,1.95,1.95,15393,15393,19
KAYA,10-MAR-2021,325.3,328.0,318.05,320.0,24802,11533,4082
KCP,10-MAR-2021,81.9,82.7,79.65,81.1,357214,127809,3701
KCPSUGIND,10-MAR-2021,16.7,17.0,16.2,16.4,223392,114029,736
KDDL,10-MAR-2021,295.7,299.9,285.45,286.55,3751,2833,120
KEC,10-MAR-2021,458.0,463.4,446.8,448.75,110762,60692,5227
KECL,10-MAR-2021,14.0,14.25,13.75,13.95,56221,39096,295
KEERTI,10-MAR-2021,28.0,28.95,27.2,28.55,63587,20517,467
KEI,10-MAR-2021,498.5,501.0,489.0,490.9,61211,37234,3791
KELLTONTEC,10-MAR-2021,74.45,76.4,72.45,72.95,387315,202763,2897
KENNAMET,10-MAR-2021,1101.75,1134.0,1101.75,1128.7,2709,1426,325
KESORAMIND,10-MAR-2021,78.35,82.95,76.35,82.0,2150565,644087,13680
KEYFINSERV,10-MAR-2021,62.35,64.25,61.6,63.2,653,513,42
KHADIM,10-MAR-2021,176.7,176.7,171.0,172.85,46359,26491,1682
KHAICHEM,10-MAR-2021,24.65,26.3,24.55,25.25,532922,186432,10280
KHANDSE,10-MAR-2021,13.05,13.6,12.7,12.9,3509,3262,31
KICL,10-MAR-2021,1576.45,1578.15,1513.95,1566.9,628,419,160
KILITCH,10-MAR-2021,86.85,86.85,83.95,85.15,8627,7221,142
KINGFA,10-MAR-2021,693.35,695.4,661.5,667.35,12918,7138,1797
KIOCL,10-MAR-2021,165.6,168.0,159.45,160.85,98867,58927,2333
KIRIINDUS,10-MAR-2021,462.1,480.65,459.95,464.15,184733,82343,4658
KIRLFER,10-MAR-2021,156.0,164.8,155.3,163.2,233213,85464,6324
KIRLOSBROS,10-MAR-2021,190.9,196.0,188.2,190.85,79216,38948,1997
KIRLOSENG,10-MAR-2021,163.5,164.8,156.0,158.7,243211,96663,7021
KIRLOSIND,10-MAR-2021,1331.25,1331.25,1294.9,1299.75,3127,2398,436
KITEX,10-MAR-2021,106.7,115.0,106.1,112.0,1380280,490613,16014
KKCL,10-MAR-2021,925.0,965.0,920.0,930.75,5538,1855,1430
KMSUGAR,10-MAR-2021,13.9,13.9,12.9,12.95,262531,173205,629
KNRCON,10-MAR-2021,212.7,219.5,207.5,215.05,1047951,280706,23339
KOKUYOCMLN,10-MAR-2021,64.85,64.85,63.1,63.65,185727,117860,2734
KOLTEPATIL,10-MAR-2021,240.0,248.0,239.15,245.6,103110,41003,3712
KOPRAN,10-MAR-2021,114.4,117.5,112.6,113.35,231090,94176,6123
KOTAKBANK,10-MAR-2021,1983.25,1999.35,1957.2,1963.95,2761470,982382,99853
KOTAKBKETF,10-MAR-2021,370.0,370.0,361.1,363.43,129885,92738,687
KOTAKGOLD,10-MAR-2021,393.95,393.95,389.95,390.45,43801,27160,1242
KOTAKIT,10-MAR-2021,26.5,27.0,25.7,26.1,25696,20743,87
KOTAKNIFTY,10-MAR-2021,162.96,162.96,157.7,158.52,52656,11491,540
KOTAKNV20,10-MAR-2021,79.99,79.99,78.11,78.59,2413,2190,64
KOTAKPSUBK,10-MAR-2021,233.98,233.98,229.5,230.37,44444,31048,327
KOTARISUG,10-MAR-2021,23.6,24.15,23.3,23.5,40328,29353,212
KOTHARIPET,10-MAR-2021,27.0,28.0,26.55,27.45,48503,24172,322
KOTHARIPRO,10-MAR-2021,72.3,72.4,70.9,71.1,3463,2634,109
KPITTECH,10-MAR-2021,170.45,174.0,155.0,159.65,12204967,3793884,118307
KPRMILL,10-MAR-2021,991.05,1094.5,984.95,1073.65,149509,50697,11731
KRBL,10-MAR-2021,195.4,197.75,191.0,191.55,618584,393485,10215
KREBSBIO,10-MAR-2021,108.85,108.85,102.85,104.75,16690,11422,538
KRIDHANINF,10-MAR-2021,3.9,4.05,3.75,4.0,106647,88068,247
KRISHANA,10-MAR-2021,72.75,77.0,70.0,75.45,6031,4411,102
KSB,10-MAR-2021,814.75,829.0,806.8,810.1,13798,8030,979
KSCL,10-MAR-2021,508.25,517.8,505.55,508.35,171789,53225,6703
KSL,10-MAR-2021,319.15,323.0,315.1,319.8,44531,16507,2380
KTKBANK,10-MAR-2021,68.35,68.7,67.6,68.05,1875188,1108099,6476
KUANTUM,10-MAR-2021,60.95,71.9,59.05,70.35,175426,125344,2238
L&TFH,10-MAR-2021,106.6,106.95,104.8,106.0,8437286,1057985,37727
LALPATHLAB,10-MAR-2021,2363.1,2379.95,2330.1,2350.15,66916,33372,7326
LAMBODHARA,10-MAR-2021,62.25,67.0,62.0,63.5,241770,64903,3423
LAOPALA,10-MAR-2021,229.5,230.9,223.8,226.15,208688,158183,4331
LASA,10-MAR-2021,68.45,71.0,66.0,68.2,115266,62832,1508
LAURUSLABS,10-MAR-2021,351.4,367.5,351.4,365.0,4060225,1910265,45741
LAXMIMACH,10-MAR-2021,6451.0,6789.95,6451.0,6741.7,15459,8583,3429
LEMONTREE,10-MAR-2021,42.15,42.75,41.8,41.9,705108,384989,2743
LFIC,10-MAR-2021,83.5,83.5,79.0,82.95,234,138,56
LGBBROSLTD,10-MAR-2021,348.9,361.5,346.1,351.4,822524,297718,18480
LIBERTSHOE,10-MAR-2021,142.85,142.85,139.25,140.7,31882,16360,790
LICHSGFIN,10-MAR-2021,433.5,436.8,430.1,433.15,1920663,359688,33093
LICNETFGSC,10-MAR-2021,21.53,21.59,21.42,21.54,2882,2625,90
LICNETFN50,10-MAR-2021,154.4,161.0,154.4,160.4,1025,648,114
LICNETFSEN,10-MAR-2021,545.0,545.0,536.2,537.5,1136,4,22
LICNFNHGP,10-MAR-2021,162.99,162.99,155.0,156.13,1163,607,216
LIKHITHA,10-MAR-2021,318.0,324.7,315.0,318.85,82630,35377,1711
LINCOLN,10-MAR-2021,246.5,257.8,245.6,251.1,744923,276303,14225
LINCPEN,10-MAR-2021,170.0,170.2,168.25,169.55,8893,8629,63
LINDEINDIA,10-MAR-2021,1645.0,1653.45,1600.0,1630.05,38867,22889,2667
LIQUIDBEES,10-MAR-2021,1002.3,1002.3,999.99,1000.0,639039,456571,3767
LIQUIDETF,10-MAR-2021,1000.04,1000.04,999.99,999.99,16389,14897,52
LOTUSEYE,10-MAR-2021,36.95,40.25,36.3,39.75,84538,39874,571
LOVABLE,10-MAR-2021,91.6,92.4,91.0,91.1,19958,15454,313
LSIL,10-MAR-2021,1.3,1.3,1.3,1.3,1663755,1663755,917
LT,10-MAR-2021,1523.0,1534.75,1507.5,1524.2,2210547,968905,83581
LTI,10-MAR-2021,3955.0,4150.0,3936.05,4128.95,1096653,336748,104281
LTTS,10-MAR-2021,2785.0,2852.25,2740.1,2759.95,745642,190599,54302
LUMAXIND,10-MAR-2021,1702.9,1705.0,1630.1,1646.2,5002,3099,1021
LUMAXTECH,10-MAR-2021,158.0,162.9,157.05,160.6,106679,58128,5091
LUPIN,10-MAR-2021,1041.0,1061.5,1035.1,1057.75,1598764,422435,30676
LUXIND,10-MAR-2021,1769.95,1795.0,1745.0,1784.55,90251,62176,4082
LYPSAGEMS,10-MAR-2021,5.0,5.25,4.95,5.2,18003,13635,58
M&M,10-MAR-2021,856.4,875.0,849.0,863.8,3971353,1095463,96468
M&MFIN,10-MAR-2021,210.0,212.6,208.8,211.55,4352952,871735,24965
M100,10-MAR-2021,25.51,26.0,25.51,25.96,44539,26035,741
M50,10-MAR-2021,148.0,148.38,146.35,147.39,1868,1712,26
MAANALU,10-MAR-2021,156.5,158.65,155.1,155.9,8355,4492,316
MADHAV,10-MAR-2021,59.0,59.75,54.7,56.3,75946,46123,1143
MADHUCON,10-MAR-2021,7.4,7.4,6.8,6.85,31554,26380,131
MAESGETF,10-MAR-2021,26.0,26.0,25.53,25.57,1826,1568,50
MAGADSUGAR,10-MAR-2021,119.55,119.55,117.35,117.65,7512,3948,423
MAGMA,10-MAR-2021,134.8,135.5,132.2,135.4,4783917,3299619,9170
MAGNUM,10-MAR-2021,5.55,5.65,5.25,5.6,60830,54348,187
MAHABANK,10-MAR-2021,23.5,23.75,22.9,23.0,5253068,2938922,8315
MAHASTEEL,10-MAR-2021,92.15,93.55,87.1,88.25,45858,29051,877
MAHEPC,10-MAR-2021,165.95,166.75,161.45,162.0,142578,69466,2972
MAHESHWARI,10-MAR-2021,82.05,87.0,82.0,85.85,53591,26869,413
MAHINDCIE,10-MAR-2021,176.8,179.95,170.5,171.35,281599,168899,7305
MAHLIFE,10-MAR-2021,545.0,545.0,536.25,539.5,37226,24110,1866
MAHLOG,10-MAR-2021,542.7,562.0,541.0,551.9,243695,91549,9757
MAHSCOOTER,10-MAR-2021,3740.0,3740.0,3668.45,3676.25,2541,1563,652
MAHSEAMLES,10-MAR-2021,299.9,301.3,283.9,284.6,147710,92294,5490
MAITHANALL,10-MAR-2021,594.15,602.0,593.1,595.75,26966,15972,1386
MALUPAPER,10-MAR-2021,28.05,28.05,27.0,27.5,25995,14896,304
MAN50ETF,10-MAR-2021,165.8,165.8,154.5,154.94,20817,18666,61
MANAKALUCO,10-MAR-2021,9.2,9.2,8.85,8.95,6669,6277,45
MANAKCOAT,10-MAR-2021,12.35,13.2,12.0,13.0,158173,42814,236
MANAKSIA,10-MAR-2021,56.7,57.3,54.25,55.2,79112,58822,700
MANAKSTEEL,10-MAR-2021,21.95,22.2,21.6,22.0,32644,29856,93
MANALIPETC,10-MAR-2021,61.1,61.9,60.2,61.1,506051,272408,3398
MANAPPURAM,10-MAR-2021,162.5,164.75,161.05,162.6,5138912,2345952,28559
MANGALAM,10-MAR-2021,113.0,116.65,112.0,112.3,65035,23876,1421
MANGCHEFER,10-MAR-2021,82.8,84.9,81.0,81.25,396232,174703,4149
MANGLMCEM,10-MAR-2021,294.0,295.6,291.0,292.8,34144,18337,1605
MANGTIMBER,10-MAR-2021,11.65,12.5,11.4,12.0,8298,4192,26
MANINDS,10-MAR-2021,85.5,86.65,83.7,84.5,386672,150015,6162
MANINFRA,10-MAR-2021,44.0,45.45,42.4,44.85,4433055,1118232,10347
MANUGRAPH,10-MAR-2021,14.8,15.45,14.15,15.05,59238,29465,355
MANXT50,10-MAR-2021,350.0,350.5,347.78,349.28,1491,1402,19
MARATHON,10-MAR-2021,75.4,75.55,73.0,74.7,78709,71895,403
MARICO,10-MAR-2021,400.2,402.55,398.1,399.25,1673234,897842,18847
MARINE,10-MAR-2021,68.0,69.0,66.75,68.0,243957,87404,1273
MARKSANS,10-MAR-2021,58.5,59.6,57.3,57.55,2834171,853320,15188
MARUTI,10-MAR-2021,7320.0,7387.0,7251.0,7272.1,659270,234347,99069
MASFIN,10-MAR-2021,890.0,893.9,863.05,866.05,22677,13994,2106
MASTEK,10-MAR-2021,1229.0,1244.0,1205.0,1219.2,167312,68351,12956
MATRIMONY,10-MAR-2021,1030.05,1118.95,1030.05,1065.7,28199,10536,3172
MAWANASUG,10-MAR-2021,40.45,40.8,38.6,38.85,81528,45243,643
MAXHEALTH,10-MAR-2021,203.0,204.0,198.5,201.55,810077,543274,29130
MAXIND,10-MAR-2021,66.7,68.7,66.05,66.7,176067,99484,1432
MAXVIL,10-MAR-2021,64.3,65.0,62.2,63.55,363032,109511,4100
MAYURUNIQ,10-MAR-2021,442.85,463.7,441.7,450.35,422991,144289,12182
MAZDA,10-MAR-2021,515.15,519.2,510.0,512.5,3492,1819,466
MAZDOCK,10-MAR-2021,224.9,228.8,221.15,226.45,692482,235068,10113
MBLINFRA,10-MAR-2021,21.3,21.85,21.1,21.85,128995,100334,292
MCDHOLDING,10-MAR-2021,40.0,41.65,40.0,40.9,19465,17628,198
MCDOWELL-N,10-MAR-2021,559.0,559.05,549.0,553.25,1385971,483291,24850
MCL,10-MAR-2021,93.15,93.2,89.9,90.55,19863,17311,127
MCLEODRUSS,10-MAR-2021,23.5,24.1,23.15,23.8,424847,342313,872
MCX,10-MAR-2021,1525.0,1532.95,1505.1,1516.4,165787,87296,33111
MEGASOFT,10-MAR-2021,10.1,11.1,10.1,10.75,133229,80891,458
MEGH,10-MAR-2021,84.3,94.3,83.35,93.5,10833597,3143004,65099
MENONBE,10-MAR-2021,57.5,58.5,56.35,57.8,10052,6845,236
MEP,10-MAR-2021,19.75,20.25,19.05,19.45,624054,328237,1483
METROPOLIS,10-MAR-2021,1918.8,1948.75,1910.5,1925.35,27052,9336,3315
MFSL,10-MAR-2021,920.0,935.8,916.05,931.45,628524,220702,23589
MGEL,10-MAR-2021,45.25,46.5,45.0,46.4,4607,3429,56
MGL,10-MAR-2021,1180.95,1197.3,1161.5,1169.15,447343,178904,18859
MHRIL,10-MAR-2021,230.4,231.75,227.95,229.2,23993,15462,776
MIC,10-MAR-2021,0.8,0.8,0.8,0.8,93738,93738,52
MIDHANI,10-MAR-2021,196.5,198.3,195.0,195.4,415450,174553,7008
MINDACORP,10-MAR-2021,103.0,104.15,101.8,103.25,434147,212718,4786
MINDAIND,10-MAR-2021,551.0,555.85,539.05,542.75,70972,32615,5457
MINDTECK,10-MAR-2021,44.55,47.45,44.15,47.45,17613,11748,274
MINDTREE,10-MAR-2021,1829.0,1902.0,1811.55,1892.45,3329555,459985,105300
MIRZAINT,10-MAR-2021,51.7,52.25,51.6,51.7,175683,96341,1498
MITTAL,10-MAR-2021,11.0,11.0,10.7,11.0,53993,47936,149
MMFL,10-MAR-2021,510.0,520.25,486.2,514.15,47711,41557,1125
MMP,10-MAR-2021,89.15,93.4,88.9,90.7,15818,14410,136
MMTC,10-MAR-2021,42.0,45.8,41.9,45.8,9716745,2660887,28247
MOHITIND,10-MAR-2021,7.75,7.75,7.05,7.75,24269,18659,71
MOIL,10-MAR-2021,160.7,163.15,158.2,159.05,335467,119321,7500
MOLDTECH,10-MAR-2021,45.7,45.7,44.0,44.25,15543,10610,296
MOLDTKPAC,10-MAR-2021,409.95,413.5,403.35,408.4,17892,9147,1334
MONTECARLO,10-MAR-2021,226.7,226.7,222.25,223.75,19211,11940,703
MORARJEE,10-MAR-2021,17.15,17.9,16.45,17.4,66594,37012,279
MOREPENLAB,10-MAR-2021,33.75,38.8,33.0,36.2,38444871,8666562,76538
MOTHERSUMI,10-MAR-2021,218.45,222.0,217.35,219.0,14321622,5653288,96813
MOTILALOFS,10-MAR-2021,668.95,674.75,652.25,657.4,112922,52171,5232
MOTOGENFIN,10-MAR-2021,18.7,18.75,18.05,18.25,3298,2334,48
MPHASIS,10-MAR-2021,1610.95,1675.0,1598.0,1646.7,599154,171433,26687
MPSLTD,10-MAR-2021,503.0,512.6,490.15,493.25,57081,51549,1531
MRF,10-MAR-2021,89702.75,89703.0,88379.45,88684.1,16992,3662,10297
MRPL,10-MAR-2021,42.65,43.5,42.15,43.05,3240774,683774,12047
MSPL,10-MAR-2021,8.05,8.05,7.5,7.85,67355,41232,227
MSTCLTD,10-MAR-2021,328.1,336.9,326.0,328.05,616540,138766,15041
MTEDUCARE,10-MAR-2021,7.95,8.05,7.6,7.85,282209,122696,501
MTNL,10-MAR-2021,18.65,21.75,18.15,21.75,67276176,12804475,64369
MUKANDENGG,10-MAR-2021,16.5,16.7,15.2,16.5,84531,59707,503
MUKANDLTD,10-MAR-2021,59.15,60.2,58.1,59.75,70039,49341,715
MUKTAARTS,10-MAR-2021,31.35,32.3,31.0,31.6,14783,6074,135
MUNJALAU,10-MAR-2021,60.45,61.45,60.0,60.2,118866,55977,1762
MUNJALSHOW,10-MAR-2021,155.7,157.7,155.0,155.4,16103,10051,504
MURUDCERA,10-MAR-2021,23.25,23.9,22.85,23.0,150017,78290,726
MUTHOOTCAP,10-MAR-2021,394.05,405.1,391.05,402.6,27652,12385,1411
MUTHOOTFIN,10-MAR-2021,1267.25,1312.85,1265.85,1304.9,1742432,543136,45025
N100,10-MAR-2021,929.75,929.75,910.0,920.11,77116,40067,3100
NACLIND,10-MAR-2021,40.2,40.6,39.1,39.35,26550,16972,494
NAGAFERT,10-MAR-2021,7.9,7.9,7.2,7.2,4269730,2348201,2426
NAGREEKCAP,10-MAR-2021,6.75,6.75,6.75,6.75,117,117,2
NAGREEKEXP,10-MAR-2021,17.4,17.55,17.0,17.25,2738,1838,44
NAHARCAP,10-MAR-2021,110.0,110.0,102.0,103.7,128036,48501,3957
NAHARINDUS,10-MAR-2021,48.0,50.3,48.0,49.05,65760,11266,483
NAHARPOLY,10-MAR-2021,93.95,95.5,92.1,93.45,26018,10374,575
NAHARSPING,10-MAR-2021,103.1,106.75,102.1,103.2,64846,47284,514
NAM-INDIA,10-MAR-2021,352.05,359.3,345.45,353.4,890616,420291,12694
NATCOPHARM,10-MAR-2021,850.1,855.0,820.6,824.6,336704,161965,19418
NATHBIOGEN,10-MAR-2021,315.35,325.0,312.25,313.9,37937,22739,1604
NATIONALUM,10-MAR-2021,58.9,59.65,57.3,58.7,25716787,6096800,43816
NATNLSTEEL,10-MAR-2021,4.6,4.6,4.6,4.6,11620,11620,17
NAUKRI,10-MAR-2021,4922.6,4970.0,4827.2,4869.8,518654,240896,64850
NAVINFLUOR,10-MAR-2021,2667.5,2724.0,2644.05,2691.1,130512,36250,18968
NAVKARCORP,10-MAR-2021,42.8,44.9,42.05,43.8,2262382,1038127,9239
NAVNETEDUL,10-MAR-2021,85.0,87.8,84.05,85.35,990492,862029,2319
NBCC,10-MAR-2021,50.0,50.4,48.3,49.3,13067132,4056177,37579
NBIFIN,10-MAR-2021,1830.05,1865.0,1830.05,1842.95,754,723,139
NBVENTURES,10-MAR-2021,70.4,70.9,69.25,70.4,1712539,891016,11346
NCC,10-MAR-2021,86.1,88.65,84.55,86.8,3780907,1555746,17652
NCLIND,10-MAR-2021,173.1,178.6,171.5,177.05,309507,126528,4394
NCPSESDL24,10-MAR-2021,102.09,102.14,102.0,102.0,2002,2000,18
NDGL,10-MAR-2021,766.95,802.45,766.95,802.45,1109,727,95
NDL,10-MAR-2021,34.0,34.0,32.0,32.35,18364,12479,201
NDRAUTO,10-MAR-2021,223.5,228.05,222.05,224.8,2378,1875,115
NDTV,10-MAR-2021,57.4,57.5,53.15,55.2,120347,87917,880
NECCLTD,10-MAR-2021,9.5,9.8,9.4,9.55,17940,15619,115
NECLIFE,10-MAR-2021,21.65,23.1,21.5,22.0,2353423,761137,5556
NELCAST,10-MAR-2021,65.05,67.0,65.05,65.8,50346,18146,767
NELCO,10-MAR-2021,208.7,212.45,206.9,208.9,85468,32342,2088
NEOGEN,10-MAR-2021,846.05,859.15,832.35,839.0,29013,14231,3025
NESCO,10-MAR-2021,593.0,595.95,582.35,585.25,63462,44912,5313
NESTLEIND,10-MAR-2021,16949.7,17000.0,16785.0,16931.45,63788,32874,15905
NETF,10-MAR-2021,171.2,177.99,171.2,174.74,2074,697,103
NETFCONSUM,10-MAR-2021,65.2,65.89,64.8,65.41,1521,970,89
NETFDIVOPP,10-MAR-2021,38.0,38.0,36.51,37.4,2763,1978,79
NETFIT,10-MAR-2021,26.31,26.5,25.92,26.26,1521944,742895,3384
NETFLTGILT,10-MAR-2021,21.92,21.93,21.87,21.88,28506,23989,81
NETFMID150,10-MAR-2021,92.84,93.3,92.01,92.78,106695,85910,700
NETFNIF100,10-MAR-2021,159.7,159.7,156.11,157.05,563,446,25
NETFNV20,10-MAR-2021,80.0,81.0,80.0,80.49,3944,3212,65
NETWORK18,10-MAR-2021,45.5,45.9,44.0,44.6,3815874,1573807,9244
NEULANDLAB,10-MAR-2021,1920.0,2068.25,1880.25,2062.65,125161,60135,7885
NEWGEN,10-MAR-2021,295.5,295.95,289.55,290.6,35756,19165,1471
NEXTMEDIA,10-MAR-2021,4.45,4.5,4.25,4.3,39058,28581,78
NFL,10-MAR-2021,63.6,63.9,61.3,61.6,2775347,771167,14826
NH,10-MAR-2021,414.0,426.9,411.2,418.8,438764,220201,23875
NHPC,10-MAR-2021,25.5,25.75,25.15,25.2,3310966,1133636,5984
NIACL,10-MAR-2021,154.5,160.5,152.15,157.8,1145863,396329,16576
NIBL,10-MAR-2021,11.2,11.25,11.2,11.25,4125,4125,15
NIFTYBEES,10-MAR-2021,164.94,164.94,161.56,162.16,1026447,363327,10046
NIFTYEES,10-MAR-2021,19477.5,19477.5,19477.5,19477.5,1,1,1
NIITLTD,10-MAR-2021,189.65,192.8,187.15,187.75,109784,55894,3412
NILKAMAL,10-MAR-2021,1845.0,1858.25,1817.6,1835.2,5749,2785,928
NIPPOBATRY,10-MAR-2021,745.05,746.0,731.0,738.85,3853,2357,233
NIRAJ,10-MAR-2021,44.3,44.3,41.8,41.95,5887,3081,121
NITCO,10-MAR-2021,23.3,23.3,22.5,22.7,44366,22208,331
NITINSPIN,10-MAR-2021,86.05,86.95,83.1,85.05,30732,18969,390
NKIND,10-MAR-2021,20.15,21.1,20.15,21.1,869,611,22
NLCINDIA,10-MAR-2021,53.25,53.75,52.9,53.0,1198239,579368,5726
NMDC,10-MAR-2021,133.2,133.45,130.1,132.55,10076183,3224031,39270
NOCIL,10-MAR-2021,178.2,183.6,176.45,181.9,898387,261214,11905
NOIDATOLL,10-MAR-2021,7.55,7.9,7.55,7.55,486025,477629,253
NORBTEAEXP,10-MAR-2021,7.5,7.5,6.85,7.15,38211,15095,104
NOVARTIND,10-MAR-2021,603.05,609.7,596.6,602.7,7065,3908,607
NPBET,10-MAR-2021,189.8,189.8,185.17,188.23,263,107,24
NRAIL,10-MAR-2021,263.95,263.95,249.7,250.65,38777,21101,1624
NRBBEARING,10-MAR-2021,118.1,120.0,116.8,118.05,270566,147094,6077
NSIL,10-MAR-2021,1076.6,1077.7,1062.0,1072.8,1165,1092,182
NTL,10-MAR-2021,1.0,1.05,0.95,1.05,15152,13152,10
NTPC,10-MAR-2021,110.35,110.6,108.95,109.65,13207045,4573328,50355
NUCLEUS,10-MAR-2021,521.9,530.0,511.0,523.65,68100,34887,5423
NXTDIGITAL,10-MAR-2021,491.9,492.1,482.0,488.5,932,775,112
OAL,10-MAR-2021,602.3,612.0,591.35,602.3,12418,6092,1637
OBEROIRLTY,10-MAR-2021,535.0,549.4,533.25,536.8,998966,764250,15449
OCCL,10-MAR-2021,1025.0,1050.0,976.2,990.0,76897,24793,7905
OFSS,10-MAR-2021,3226.2,3270.7,3192.0,3201.55,30154,14323,4549
OIL,10-MAR-2021,129.85,132.9,129.4,132.05,1361424,770633,21652
OILCOUNTUB,10-MAR-2021,4.5,4.5,4.5,4.5,5852,5852,38
OLECTRA,10-MAR-2021,216.1,216.1,216.1,216.1,132051,132051,446
OMAXAUTO,10-MAR-2021,45.5,47.5,44.85,45.5,19546,12168,321
OMAXE,10-MAR-2021,70.0,75.1,69.7,73.45,153325,93922,1392
OMINFRAL,10-MAR-2021,24.95,25.75,24.95,25.25,79148,63307,328
OMKARCHEM,10-MAR-2021,8.15,8.15,8.15,8.15,5702,5702,16
ONEPOINT,10-MAR-2021,12.85,13.0,12.35,12.5,16256,14018,116
ONGC,10-MAR-2021,116.9,117.0,113.6,114.4,23841269,7686302,101031
ONMOBILE,10-MAR-2021,99.8,103.9,98.5,102.15,711639,349698,9343
ONWARDTEC,10-MAR-2021,105.5,126.2,105.5,126.2,1146487,362892,14066
OPTIEMUS,10-MAR-2021,182.0,187.8,181.9,187.8,36846,35972,237
ORBTEXP,10-MAR-2021,65.2,65.2,63.95,64.3,5463,3767,121
ORIENTABRA,10-MAR-2021,24.35,24.35,23.3,23.65,46254,32420,363
ORIENTALTL,10-MAR-2021,7.1,7.2,6.9,7.0,234603,227389,211
ORIENTBELL,10-MAR-2021,242.1,244.4,237.0,241.55,48643,15163,1832
ORIENTCEM,10-MAR-2021,105.4,107.0,97.3,102.25,471273,192175,6299
ORIENTELEC,10-MAR-2021,296.2,302.55,286.25,289.35,888992,448830,21760
ORIENTHOT,10-MAR-2021,25.1,25.4,24.7,24.8,29158,22366,215
ORIENTLTD,10-MAR-2021,89.25,90.9,85.3,85.8,393,323,45
ORIENTPPR,10-MAR-2021,26.85,26.95,25.75,26.2,1555738,607418,3834
ORIENTREF,10-MAR-2021,223.0,232.1,222.1,231.15,167352,132782,2489
ORISSAMINE,10-MAR-2021,2519.85,2549.0,2450.0,2473.05,7955,4954,1392
OSWALAGRO,10-MAR-2021,11.45,11.55,11.0,11.0,61981,45902,774
PAGEIND,10-MAR-2021,27998.0,28400.0,27753.6,28328.3,36130,10150,16149
PAISALO,10-MAR-2021,795.0,799.9,763.45,783.4,133175,57952,3145
PALASHSECU,10-MAR-2021,60.9,61.55,58.55,59.5,26206,18488,237
PANACEABIO,10-MAR-2021,197.9,197.9,192.6,193.35,62419,35730,1742
PANACHE,10-MAR-2021,50.0,50.0,48.5,48.6,11995,2728,73
PANAMAPET,10-MAR-2021,176.8,177.45,170.0,172.05,56375,36851,2713
PARACABLES,10-MAR-2021,9.2,10.65,9.2,10.25,3577306,1366043,7333
PARAGMILK,10-MAR-2021,107.85,108.45,107.0,107.3,176504,99024,2485
PARSVNATH,10-MAR-2021,8.35,8.9,8.35,8.9,272684,189422,346
PATELENG,10-MAR-2021,14.25,14.25,13.5,13.7,423391,321612,887
PATINTLOG,10-MAR-2021,23.3,24.25,22.9,23.65,61485,32670,437
PATSPINLTD,10-MAR-2021,5.45,5.65,5.25,5.65,14902,8238,49
PCJEWELLER,10-MAR-2021,29.5,30.5,29.1,29.85,3225411,822513,6801
PDMJEPAPER,10-MAR-2021,25.7,26.7,25.1,25.25,89696,56280,670
PDSMFL,10-MAR-2021,657.95,671.0,656.0,662.3,4515,2091,469
PEARLPOLY,10-MAR-2021,15.15,16.25,14.9,15.4,13286,9837,130
PEL,10-MAR-2021,1931.0,1972.0,1892.8,1957.8,713980,154844,28887
PENIND,10-MAR-2021,20.7,21.05,20.5,20.7,360084,211028,680
PENINLAND,10-MAR-2021,6.4,6.4,6.05,6.2,190715,105573,417
PERSISTENT,10-MAR-2021,1726.0,1819.5,1697.5,1793.2,389996,202187,25776
PETRONET,10-MAR-2021,252.0,253.3,246.0,246.6,2541063,1102555,22538
PFC,10-MAR-2021,133.6,135.45,133.0,134.4,5184523,1576907,25043
PFIZER,10-MAR-2021,4687.0,4715.15,4621.55,4638.6,53062,41451,4890
PFOCUS,10-MAR-2021,64.0,65.2,61.4,61.95,86503,57070,1197
PFS,10-MAR-2021,20.85,20.9,20.15,20.6,612153,389840,1905
PGHH,10-MAR-2021,13005.15,13100.0,12936.2,13026.85,2192,1451,1227
PGHL,10-MAR-2021,6750.0,6752.9,6575.0,6607.7,12468,7500,4397
PGIL,10-MAR-2021,165.05,180.25,164.3,176.1,31672,27898,470
PHILIPCARB,10-MAR-2021,208.0,217.7,203.8,213.15,4355882,1009716,49694
PHOENIXLTD,10-MAR-2021,805.0,805.0,788.05,796.05,73785,59820,2971
PIDILITIND,10-MAR-2021,1747.0,1754.0,1725.3,1737.05,297373,77499,17086
PIIND,10-MAR-2021,2280.0,2305.0,2266.25,2289.85,112612,66322,11726
PILANIINVS,10-MAR-2021,1931.95,1935.55,1868.45,1874.4,6736,3936,561
PILITA,10-MAR-2021,16.5,17.4,16.15,17.1,373331,210562,1348
PIONDIST,10-MAR-2021,110.2,110.2,107.25,108.85,13599,10657,275
PIONEEREMB,10-MAR-2021,39.65,40.65,39.0,39.6,26526,13104,213
PITTIENG,10-MAR-2021,70.6,73.9,69.5,71.6,199916,57203,1939
PLASTIBLEN,10-MAR-2021,240.05,252.35,240.05,247.65,108830,53704,1567
PNB,10-MAR-2021,42.0,42.25,41.3,41.5,48965330,8548501,52535
PNBGILTS,10-MAR-2021,52.0,53.25,51.75,52.1,418305,214333,2548
PNBHOUSING,10-MAR-2021,425.2,430.95,422.15,423.55,176491,69307,4616
PNC,10-MAR-2021,22.25,23.25,22.05,22.5,23941,15949,215
PNCINFRA,10-MAR-2021,262.45,264.3,257.15,259.85,341979,152698,10235
PODDARMENT,10-MAR-2021,203.9,204.05,199.45,201.0,3942,2689,194
POKARNA,10-MAR-2021,212.1,216.65,211.1,214.35,22359,13882,794
POLYCAB,10-MAR-2021,1360.0,1377.0,1352.0,1366.35,434354,262780,9614
POLYMED,10-MAR-2021,759.0,800.0,755.0,789.6,160258,58532,10152
POLYPLEX,10-MAR-2021,910.0,910.95,890.0,900.05,109989,65910,4769
PONNIERODE,10-MAR-2021,156.7,158.05,153.1,154.3,3075,2337,126
POWERGRID,10-MAR-2021,218.0,218.95,214.0,215.15,5996907,2076872,44641
POWERINDIA,10-MAR-2021,1381.05,1389.35,1345.05,1370.7,82205,31043,8140
POWERMECH,10-MAR-2021,544.9,545.0,525.0,528.75,39305,31066,1766
PPAP,10-MAR-2021,237.8,243.9,232.8,240.05,18705,13775,591
PPL,10-MAR-2021,128.4,131.95,126.5,127.35,149656,55948,2269
PRABHAT,10-MAR-2021,87.35,88.7,85.15,86.85,209833,143006,1511
PRAENG,10-MAR-2021,9.25,9.25,8.85,8.95,13787,8942,89
PRAJIND,10-MAR-2021,186.9,189.3,180.3,181.7,2523636,863723,22039
PRAKASH,10-MAR-2021,64.8,65.85,62.3,63.5,2259349,1128972,9578
PRAKASHSTL,10-MAR-2021,0.95,0.95,0.9,0.9,311735,215391,119
PRECAM,10-MAR-2021,42.5,42.8,41.2,41.6,106348,60729,1191
PRECOT,10-MAR-2021,96.8,101.5,95.35,100.5,35017,21644,137
PRECWIRE,10-MAR-2021,192.9,197.0,187.6,190.0,89458,32719,2761
PREMEXPLN,10-MAR-2021,158.3,162.9,154.1,158.45,6977,4729,193
PREMIERPOL,10-MAR-2021,37.4,39.1,37.4,38.0,5098,3811,48
PRESSMN,10-MAR-2021,24.2,25.0,23.6,24.4,43131,27613,383
PRESTIGE,10-MAR-2021,289.95,297.9,288.2,291.15,514187,331409,7894
PRICOLLTD,10-MAR-2021,74.95,75.45,72.8,73.85,1190889,216505,9002
PRIMESECU,10-MAR-2021,50.15,51.0,49.6,49.65,11489,6231,346
PRINCEPIPE,10-MAR-2021,446.0,459.0,441.0,450.65,496560,289079,12735
PRIVISCL,10-MAR-2021,615.25,650.0,615.25,647.4,53698,20902,6686
PROZONINTU,10-MAR-2021,19.85,19.9,19.6,19.75,75970,48164,451
PRSMJOHNSN,10-MAR-2021,115.5,116.95,114.25,114.85,254714,89717,4170
PSB,10-MAR-2021,17.95,18.15,17.6,17.9,417345,229422,951
PSPPROJECT,10-MAR-2021,486.0,486.0,479.5,480.6,90462,9566,1658
PSUBNKBEES,10-MAR-2021,25.55,26.45,25.5,25.56,193079,111512,853
PTC,10-MAR-2021,76.0,76.8,74.85,75.35,835791,291157,7110
PTL,10-MAR-2021,41.05,41.35,40.65,40.75,35212,21193,477
PUNJABCHEM,10-MAR-2021,954.4,954.4,940.0,943.6,2229,899,270
PURVA,10-MAR-2021,83.0,86.5,82.55,84.95,1487406,352377,19003
PVR,10-MAR-2021,1418.2,1450.95,1416.05,1442.9,638121,156774,22782
QGOLDHALF,10-MAR-2021,1940.2,1941.0,1933.1,1936.1,530,398,104
QNIFTY,10-MAR-2021,1566.0,1571.0,1566.0,1567.0,6,2,6
QUESS,10-MAR-2021,721.25,746.1,720.0,727.7,185976,56021,10882
QUICKHEAL,10-MAR-2021,185.0,215.95,182.1,204.65,6860940,1270500,84953
RADICO,10-MAR-2021,581.0,584.95,565.0,567.65,315123,177115,10745
RADIOCITY,10-MAR-2021,24.6,24.7,24.4,24.65,256741,244754,256
RAILTEL,10-MAR-2021,145.5,153.8,141.2,148.4,11249859,2352686,99787
RAIN,10-MAR-2021,148.95,154.8,147.8,152.9,2330676,804228,18369
RAJESHEXPO,10-MAR-2021,512.05,521.0,509.5,513.45,331903,248324,7469
RAJMET,10-MAR-2021,86.55,94.0,86.55,89.65,13944,11207,231
RAJRATAN,10-MAR-2021,621.25,639.0,621.25,636.45,5343,3023,365
RAJSREESUG,10-MAR-2021,23.4,23.4,20.5,20.8,82556,45393,738
RAJTV,10-MAR-2021,34.8,35.0,34.3,34.95,45916,19010,164
RALLIS,10-MAR-2021,269.35,270.9,266.25,268.7,324798,146698,6515
RAMANEWS,10-MAR-2021,18.6,19.55,17.65,18.15,444483,177897,1710
RAMCOCEM,10-MAR-2021,1020.0,1035.9,1008.9,1019.1,173683,44654,5846
RAMCOIND,10-MAR-2021,270.0,271.75,259.75,262.2,141837,103498,4280
RAMCOSYS,10-MAR-2021,574.0,587.6,570.9,577.2,66203,31665,2338
RAMKY,10-MAR-2021,93.5,97.0,92.95,93.45,194451,146984,981
RANASUG,10-MAR-2021,9.5,9.9,9.1,9.35,829442,494352,1355
RANEENGINE,10-MAR-2021,325.05,328.95,317.55,320.2,4981,2490,206
RANEHOLDIN,10-MAR-2021,679.5,695.8,670.0,679.8,20625,8807,1918
RATNAMANI,10-MAR-2021,1883.0,1996.0,1882.95,1971.9,34993,19605,4710
RAYMOND,10-MAR-2021,384.5,387.9,377.5,381.95,648355,156412,24899
RBL,10-MAR-2021,838.2,842.35,825.0,830.5,10292,2932,1244
RBLBANK,10-MAR-2021,248.65,249.05,239.5,241.9,13512341,2542004,88658
RCF,10-MAR-2021,86.45,87.3,84.0,84.75,3835759,984554,24201
RCOM,10-MAR-2021,1.9,1.95,1.9,1.95,17754784,9527936,3532
RECLTD,10-MAR-2021,148.5,151.8,148.5,151.2,11196096,2763286,65692
REDINGTON,10-MAR-2021,176.5,178.9,173.4,174.65,314878,206562,5721
REFEX,10-MAR-2021,88.0,88.9,87.0,87.35,44989,24742,658
RELAXO,10-MAR-2021,840.0,851.7,840.0,845.65,76554,33763,6065
RELCAPITAL,10-MAR-2021,11.95,12.75,11.65,12.75,8209856,4292765,6659
RELIANCE,10-MAR-2021,2207.0,2215.1,2170.25,2181.95,5316182,1461484,163700
RELIGARE,10-MAR-2021,92.6,92.7,88.1,88.9,493662,344599,3067
RELINFRA,10-MAR-2021,36.9,39.15,36.35,39.15,6799718,3280393,12445
REMSONSIND,10-MAR-2021,140.95,143.95,137.5,141.0,1804,765,136
RENUKA,10-MAR-2021,10.8,10.8,9.95,10.2,5472875,3502155,3754
REPCOHOME,10-MAR-2021,338.45,350.0,334.2,344.05,181137,93486,6933
REPL,10-MAR-2021,201.95,207.0,198.15,201.4,48717,31032,567
REPRO,10-MAR-2021,357.1,428.55,352.95,404.9,112343,32328,5614
RESPONIND,10-MAR-2021,173.0,175.0,173.0,173.85,15307,1961,239
REVATHI,10-MAR-2021,542.6,554.35,512.35,522.45,8889,6698,586
RGL,10-MAR-2021,297.8,301.5,291.05,299.0,8522,4187,378
RHFL,10-MAR-2021,2.55,2.75,2.5,2.75,2758059,2280436,945
RICOAUTO,10-MAR-2021,42.2,42.6,39.9,40.55,761912,383685,3969
RIIL,10-MAR-2021,411.95,414.8,405.55,408.55,188917,40695,4592
RITES,10-MAR-2021,258.0,261.8,256.0,260.0,262951,138343,10417
RKDL,10-MAR-2021,7.75,7.8,7.55,7.65,7790,7710,40
RKEC,10-MAR-2021,58.65,62.0,58.0,58.95,15271,8894,166
RKFORGE,10-MAR-2021,558.7,558.7,545.05,547.45,51110,29534,3197
RML,10-MAR-2021,441.3,445.05,425.0,426.95,44146,22645,2525
ROHLTD,10-MAR-2021,75.7,75.95,73.55,74.25,52214,36497,925
ROLTA,10-MAR-2021,4.1,4.2,4.05,4.2,1589820,1285180,1763
ROSSARI,10-MAR-2021,998.0,1003.9,981.0,993.1,69241,41026,4725
ROSSELLIND,10-MAR-2021,122.2,122.5,117.15,121.05,11489,7015,473
ROUTE,10-MAR-2021,1631.0,1638.7,1572.1,1599.35,345480,131070,41264
RPGLIFE,10-MAR-2021,403.55,407.85,403.0,404.4,12197,7438,497
RPOWER,10-MAR-2021,5.35,5.35,5.2,5.35,47552944,25054303,12548
RPPINFRA,10-MAR-2021,73.7,74.55,71.1,71.75,63529,23983,1677
RPSGVENT,10-MAR-2021,321.2,325.95,319.65,324.25,50566,39305,1222
RSSOFTWARE,10-MAR-2021,29.8,30.65,28.3,28.7,98696,63199,863
RSWM,10-MAR-2021,178.0,178.0,173.35,175.5,21209,14841,280
RSYSTEMS,10-MAR-2021,115.75,117.0,115.1,116.25,13216,10413,557
RTNINFRA,10-MAR-2021,6.5,6.5,6.35,6.4,257196,163552,339
RTNPOWER,10-MAR-2021,2.9,2.95,2.85,2.9,5579923,3046604,6059
RUBYMILLS,10-MAR-2021,185.6,192.0,185.1,186.2,2967,1703,183
RUCHI,10-MAR-2021,722.25,729.4,717.05,719.6,14005,9324,1553
RUCHIRA,10-MAR-2021,69.35,71.5,69.0,69.25,16615,12126,326
RUPA,10-MAR-2021,315.0,328.0,314.0,324.9,208995,91606,8147
RUSHIL,10-MAR-2021,246.1,246.1,246.1,246.1,17775,17775,68
RVHL,10-MAR-2021,22.6,22.6,21.15,21.15,79804,63969,346
RVNL,10-MAR-2021,31.3,32.15,31.1,31.7,4518363,1730288,11147
SABEVENTS,10-MAR-2021,1.3,1.3,1.3,1.3,1845,1845,10
SABTN,10-MAR-2021,1.5,1.5,1.5,1.5,18721,18721,12
SADBHAV,10-MAR-2021,71.3,79.4,69.45,76.0,3009988,960717,22640
SADBHIN,10-MAR-2021,22.75,26.9,22.6,25.15,3159395,1086462,8199
SAFARI,10-MAR-2021,655.0,664.8,650.0,650.35,9158,5786,642
SAGARDEEP,10-MAR-2021,39.5,41.0,37.3,39.4,17733,12392,234
SAGCEM,10-MAR-2021,735.0,739.9,703.65,725.0,41491,17106,2433
SAIL,10-MAR-2021,71.8,73.75,70.8,73.0,36382925,10711421,69926
SAKAR,10-MAR-2021,94.0,95.0,93.5,94.7,10638,2712,119
SAKHTISUG,10-MAR-2021,9.9,10.05,9.75,9.9,196498,155629,297
SAKSOFT,10-MAR-2021,364.0,366.9,361.3,362.5,22755,14230,700
SAKUMA,10-MAR-2021,5.35,5.35,5.25,5.25,141440,110901,247
SALASAR,10-MAR-2021,374.55,378.9,373.0,374.0,59668,28939,3257
SALONA,10-MAR-2021,92.65,98.7,90.5,94.2,1430,699,56
SALSTEEL,10-MAR-2021,3.7,3.75,3.6,3.65,50444,48421,91
SALZERELEC,10-MAR-2021,122.3,144.4,121.0,144.35,1623058,482038,31852
SAMBHAAV,10-MAR-2021,2.7,2.75,2.65,2.65,24981,23476,55
SANCO,10-MAR-2021,10.4,11.3,10.3,10.5,123776,82468,408
SANDESH,10-MAR-2021,745.0,768.95,730.0,746.15,2921,2186,299
SANDHAR,10-MAR-2021,225.45,225.95,217.85,220.8,33944,22069,1415
SANGHIIND,10-MAR-2021,45.0,45.05,43.15,43.65,1278451,636004,4072
SANGHVIMOV,10-MAR-2021,113.5,119.8,112.0,118.35,111217,80940,1810
SANGINITA,10-MAR-2021,25.65,25.65,25.0,25.2,35385,30543,129
SANOFI,10-MAR-2021,8310.0,8375.75,8265.0,8318.75,16921,12558,2807
SARDAEN,10-MAR-2021,362.0,365.8,353.0,360.05,46651,22580,1843
SAREGAMA,10-MAR-2021,1443.1,1461.6,1425.0,1444.4,44655,27881,4158
SARLAPOLY,10-MAR-2021,29.7,30.05,28.4,28.75,167473,107128,974
SASKEN,10-MAR-2021,860.0,868.0,842.05,857.6,10385,5227,955
SASTASUNDR,10-MAR-2021,127.0,133.15,127.0,129.85,46455,31711,831
SATIA,10-MAR-2021,85.9,90.0,83.0,85.35,78868,22315,902
SATIN,10-MAR-2021,110.0,112.9,104.35,109.0,513725,276319,6914
SBICARD,10-MAR-2021,1061.8,1065.4,1022.1,1027.35,1409421,771522,61264
SBIETFIT,10-MAR-2021,263.0,263.0,257.1,260.43,2263,1634,101
SBIETFPB,10-MAR-2021,195.99,195.99,190.6,191.36,701,539,40
SBIETFQLTY,10-MAR-2021,127.0,127.67,125.95,126.99,5360,3668,82
SBILIFE,10-MAR-2021,973.7,974.0,936.0,940.75,2362998,683304,69981
SBIN,10-MAR-2021,391.1,393.0,385.7,387.7,22677399,6294280,187380
SCHAEFFLER,10-MAR-2021,5239.0,5290.0,5204.0,5287.85,28670,18278,9703
SCHAND,10-MAR-2021,106.8,107.9,101.5,104.7,303998,136391,3048
SCHNEIDER,10-MAR-2021,107.95,108.55,104.85,105.5,711266,298718,7266
SCI,10-MAR-2021,126.95,127.8,123.45,124.25,2412682,742694,16493
SDBL,10-MAR-2021,33.9,34.45,33.2,33.35,43174,25670,445
SEAMECLTD,10-MAR-2021,472.05,479.9,466.8,469.8,47811,18790,2486
SECURKLOUD,10-MAR-2021,89.9,89.9,87.0,87.55,22687,17275,731
SELAN,10-MAR-2021,134.7,137.5,133.4,135.0,97610,24326,2963
SEQUENT,10-MAR-2021,238.3,242.0,233.0,239.95,360489,177306,9416
SESHAPAPER,10-MAR-2021,155.5,160.0,155.5,158.85,22633,14745,515
SETCO,10-MAR-2021,17.0,17.25,16.5,16.7,187051,117780,657
SETF10GILT,10-MAR-2021,198.0,202.99,198.0,198.64,235,222,10
SETFGOLD,10-MAR-2021,4010.0,4011.4,3988.0,3997.85,22970,16689,1785
SETFNIF50,10-MAR-2021,157.05,157.1,155.5,156.24,82336,40503,1378
SETFNIFBK,10-MAR-2021,359.26,360.0,356.67,357.39,15565,11180,490
SETFNN50,10-MAR-2021,365.99,365.99,360.12,363.74,5761,4560,307
SEYAIND,10-MAR-2021,63.75,63.9,60.1,63.0,105781,49822,1439
SFL,10-MAR-2021,2039.0,2216.0,2020.1,2092.8,47351,19756,7624
SGL,10-MAR-2021,9.45,9.45,8.95,9.15,5871,4239,67
SHAHALLOYS,10-MAR-2021,7.8,7.8,7.8,7.8,1310,1310,2
SHAKTIPUMP,10-MAR-2021,548.0,556.0,540.55,544.1,38223,26223,1942
SHALBY,10-MAR-2021,106.5,107.5,106.15,106.55,58752,31650,1325
SHALPAINTS,10-MAR-2021,92.75,93.0,91.0,91.55,48859,29096,1172
SHANKARA,10-MAR-2021,464.0,466.65,456.1,458.85,91199,16588,6676
SHANTIGEAR,10-MAR-2021,134.45,136.4,131.15,132.1,60761,29311,976
SHARDACROP,10-MAR-2021,321.0,322.85,313.0,314.0,40154,23903,2315
SHARDAMOTR,10-MAR-2021,2037.6,2054.95,2001.5,2018.2,2724,1831,514
SHAREINDIA,10-MAR-2021,284.9,284.9,267.0,269.3,17634,12704,676
SHARIABEES,10-MAR-2021,350.73,366.0,350.73,363.44,310,296,19
SHEMAROO,10-MAR-2021,75.4,75.4,71.15,72.05,93039,57754,693
SHIL,10-MAR-2021,285.0,288.0,271.3,274.0,59417,41228,2715
SHILPAMED,10-MAR-2021,370.0,373.0,364.0,370.05,190226,133979,5381
SHIVAMAUTO,10-MAR-2021,20.65,20.65,19.65,20.0,136109,84816,547
SHIVATEX,10-MAR-2021,147.0,149.9,140.0,145.75,8211,5916,156
SHK,10-MAR-2021,123.75,124.8,122.5,123.3,640111,357657,13502
SHOPERSTOP,10-MAR-2021,253.7,253.7,242.55,244.65,242464,98025,5691
SHREDIGCEM,10-MAR-2021,63.25,64.35,62.6,63.7,526008,206758,3602
SHREECEM,10-MAR-2021,27538.9,27693.85,27300.0,27555.8,29812,4743,9961
SHREEPUSHK,10-MAR-2021,136.45,139.0,131.65,135.35,94433,42082,1198
SHREERAMA,10-MAR-2021,10.9,11.75,10.6,11.2,211408,151666,539
SHRENIK,10-MAR-2021,2.35,2.45,2.3,2.3,2222376,1509276,2124
SHREYANIND,10-MAR-2021,89.65,91.0,88.5,89.25,41812,25289,649
SHREYAS,10-MAR-2021,81.55,83.25,80.25,81.9,31635,17970,454
SHRIRAMCIT,10-MAR-2021,1503.0,1529.85,1490.0,1510.7,8414,5969,1042
SHRIRAMEPC,10-MAR-2021,4.95,5.2,4.6,4.7,1992231,1038139,1703
SHYAMCENT,10-MAR-2021,5.5,5.5,5.15,5.45,26457,16447,89
SICAGEN,10-MAR-2021,14.9,15.5,14.0,14.3,70299,49955,255
SICAL,10-MAR-2021,16.25,16.25,14.65,14.7,1289138,1092790,1971
SIEMENS,10-MAR-2021,1906.25,1922.0,1895.0,1905.1,163946,49643,11654
SIGIND,10-MAR-2021,34.5,34.95,33.0,33.5,36399,25985,355
SILGO,10-MAR-2021,52.0,54.25,50.1,50.3,25772,10130,319
SILINV,10-MAR-2021,205.6,229.4,205.6,218.35,15698,8510,711
SIMBHALS,10-MAR-2021,8.35,8.65,8.05,8.1,32776,23039,123
SIMPLEXINF,10-MAR-2021,34.9,36.6,34.9,36.6,433782,372717,748
SINTERCOM,10-MAR-2021,87.5,91.0,87.5,88.2,1401,1091,16
SIS,10-MAR-2021,424.35,424.6,411.7,413.1,126391,81420,4314
SITINET,10-MAR-2021,0.9,0.95,0.9,0.9,6332497,4526828,1094
SIYSIL,10-MAR-2021,208.9,215.15,204.2,213.95,67901,35583,2382
SJVN,10-MAR-2021,26.65,26.8,26.2,26.25,1424726,712770,4510
SKFINDIA,10-MAR-2021,2261.0,2275.0,2241.7,2252.85,8976,6126,2187
SKIPPER,10-MAR-2021,61.05,62.0,60.25,60.9,135381,66254,1453
SKMEGGPROD,10-MAR-2021,53.6,53.6,51.0,51.4,49550,32862,691
SMARTLINK,10-MAR-2021,88.45,89.8,87.5,87.75,9529,6941,167
SMCGLOBAL,10-MAR-2021,91.45,92.2,79.15,80.2,444321,283396,2919
SMLISUZU,10-MAR-2021,493.0,495.0,486.0,487.35,7938,4041,609
SMSLIFE,10-MAR-2021,532.9,538.8,532.9,534.85,3141,2678,110
SMSPHARMA,10-MAR-2021,130.5,132.0,128.05,129.6,80771,48117,1351
SNOWMAN,10-MAR-2021,55.0,57.1,53.7,56.1,5884088,2465304,19608
SOBHA,10-MAR-2021,449.4,453.2,445.8,447.7,82185,46273,5919
SOLARA,10-MAR-2021,1251.1,1319.0,1234.5,1308.95,141007,50188,11350
SOLARINDS,10-MAR-2021,1417.0,1417.0,1369.0,1375.35,46666,44506,904
SOMANYCERA,10-MAR-2021,445.0,448.0,433.65,437.65,49553,38974,3897
SONATSOFTW,10-MAR-2021,492.35,497.9,485.0,487.5,398899,135541,12707
SORILINFRA,10-MAR-2021,173.0,187.3,170.3,183.8,283622,108586,6229
SOTL,10-MAR-2021,1039.9,1048.0,1005.05,1018.2,15951,6325,2666
SOUTHBANK,10-MAR-2021,9.6,9.8,9.4,9.55,20287224,7858218,58626
SOUTHWEST,10-MAR-2021,44.25,46.1,44.25,44.4,17875,12078,92
SPAL,10-MAR-2021,171.15,179.6,171.15,173.8,29924,14438,834
SPANDANA,10-MAR-2021,625.0,630.0,612.05,617.65,45040,29186,3319
SPARC,10-MAR-2021,168.1,169.9,163.3,163.8,773710,476139,10319
SPECIALITY,10-MAR-2021,51.55,51.9,49.2,49.75,95868,69745,921
SPENCERS,10-MAR-2021,80.0,80.65,78.15,78.75,198991,93090,2495
SPIC,10-MAR-2021,33.0,33.25,32.0,32.1,433332,223722,1900
SPICEJET,10-MAR-2021,85.25,85.9,82.7,83.1,3145509,1001835,20926
SPLIL,10-MAR-2021,37.75,37.8,37.0,37.05,29355,19375,256
SPMLINFRA,10-MAR-2021,12.45,13.0,12.15,12.45,65787,39178,544
SPTL,10-MAR-2021,3.5,3.5,3.4,3.5,7574565,3446599,1167
SPYL,10-MAR-2021,0.4,0.45,0.4,0.4,777370,651901,393
SREEL,10-MAR-2021,149.0,149.0,145.0,147.0,29106,24671,350
SREINFRA,10-MAR-2021,7.2,7.35,6.9,7.0,1980961,1058160,1537
SRF,10-MAR-2021,5636.15,5692.7,5604.7,5658.6,65597,29104,11020
SRHHYPOLTD,10-MAR-2021,270.6,282.9,267.25,277.3,33340,18107,1456
SRIPIPES,10-MAR-2021,180.0,181.9,179.75,180.0,70526,51822,854
SRTRANSFIN,10-MAR-2021,1291.15,1329.8,1289.95,1315.4,3041247,351206,77494
SSWL,10-MAR-2021,748.9,775.3,744.2,748.9,63942,21202,7803
STAR,10-MAR-2021,855.0,864.7,843.05,849.0,175495,57856,6640
STARCEMENT,10-MAR-2021,102.0,103.8,100.1,101.4,406095,152956,5414
STARPAPER,10-MAR-2021,123.85,123.85,121.35,121.7,39374,18055,921
STCINDIA,10-MAR-2021,87.0,90.9,85.95,89.25,150861,43310,2089
STEELCITY,10-MAR-2021,38.0,38.0,36.6,36.8,10899,8009,163
STEELXIND,10-MAR-2021,54.75,57.9,54.75,55.7,139264,108622,898
STERTOOLS,10-MAR-2021,216.25,220.45,216.2,217.9,5319,3123,267
STLTECH,10-MAR-2021,216.8,217.1,215.0,216.45,245039,163154,9706
STOVEKRAFT,10-MAR-2021,503.7,510.9,490.1,495.2,146707,53574,6242
SUBEXLTD,10-MAR-2021,39.25,41.05,37.65,39.5,16256920,4876727,40109
SUBROS,10-MAR-2021,318.65,338.9,310.25,336.5,177859,97197,7623
SUDARSCHEM,10-MAR-2021,556.0,569.45,550.85,561.3,139581,57986,6638
SUMICHEM,10-MAR-2021,293.0,294.75,288.3,289.3,279906,179223,6013
SUMIT,10-MAR-2021,8.5,9.35,8.4,9.25,39743,31107,131
SUMMITSEC,10-MAR-2021,566.55,567.9,558.05,559.95,7496,6603,319
SUNCLAYLTD,10-MAR-2021,3423.65,3427.75,3350.0,3362.65,789,526,280
SUNDARAM,10-MAR-2021,1.3,1.3,1.25,1.25,328963,238588,289
SUNDARMFIN,10-MAR-2021,2700.0,2850.0,2620.0,2675.65,38744,21989,3840
SUNDARMHLD,10-MAR-2021,82.35,83.95,81.4,82.05,181169,146068,1544
SUNDRMBRAK,10-MAR-2021,352.1,359.95,350.0,351.6,1639,913,151
SUNDRMFAST,10-MAR-2021,729.0,736.0,722.7,728.9,89513,40691,6208
SUNFLAG,10-MAR-2021,64.95,66.2,63.3,65.1,408953,145739,4081
SUNPHARMA,10-MAR-2021,618.0,627.9,615.35,626.0,5825924,2390166,97528
SUNTECK,10-MAR-2021,323.8,331.05,321.3,328.65,125485,56485,3553
SUNTV,10-MAR-2021,494.0,496.5,486.5,489.0,1793946,734283,25108
SUPERHOUSE,10-MAR-2021,133.3,134.1,130.5,130.7,9415,5968,247
SUPERSPIN,10-MAR-2021,4.6,4.8,4.6,4.7,21592,14675,94
SUPPETRO,10-MAR-2021,429.1,436.7,429.0,431.0,57684,39217,2409
SUPRAJIT,10-MAR-2021,290.9,305.0,287.05,299.1,367956,117415,9230
SUPREMEENG,10-MAR-2021,31.25,31.3,29.0,29.0,320011,106735,79
SUPREMEIND,10-MAR-2021,2056.0,2058.8,1965.7,2028.8,103775,52097,20085
SURANAT&P,10-MAR-2021,4.65,4.85,4.6,4.65,8950,7670,74
SURYALAXMI,10-MAR-2021,36.85,36.85,34.3,34.95,52658,29041,442
SURYAROSNI,10-MAR-2021,394.8,405.0,391.85,398.65,248972,102043,9538
SUTLEJTEX,10-MAR-2021,43.0,43.7,42.4,42.9,39314,24341,442
SUVEN,10-MAR-2021,83.0,84.25,81.5,83.15,408587,155177,2900
SUVENPHAR,10-MAR-2021,491.7,491.7,477.8,481.05,197217,140835,7686
SUZLON,10-MAR-2021,5.6,5.75,5.6,5.65,21757504,8827101,15159
SWANENERGY,10-MAR-2021,141.3,145.0,141.3,144.7,315502,146387,6302
SWARAJENG,10-MAR-2021,1425.0,1434.6,1420.95,1425.85,6129,4607,505
SWELECTES,10-MAR-2021,208.0,213.8,198.05,208.6,27278,17102,1006
SWSOLAR,10-MAR-2021,238.7,273.85,236.2,268.6,3437580,1169190,43900
SYMPHONY,10-MAR-2021,1345.0,1355.0,1324.0,1328.0,25578,12548,3358
SYNGENE,10-MAR-2021,543.8,544.95,539.0,541.05,163095,97801,8180
TAINWALCHM,10-MAR-2021,64.2,66.5,64.2,66.1,2869,2173,136
TAJGVK,10-MAR-2021,124.0,125.65,122.0,123.6,163041,99041,2978
TAKE,10-MAR-2021,55.9,60.5,55.25,59.35,13302945,4858128,41845
TALBROAUTO,10-MAR-2021,227.0,233.15,225.85,230.55,73515,10291,2875
TANLA,10-MAR-2021,956.5,1005.0,956.5,992.85,197280,117968,7548
TARC,10-MAR-2021,36.45,36.5,34.2,34.9,297840,198647,2047
TARMAT,10-MAR-2021,53.85,54.5,53.0,53.2,55876,47664,286
TASTYBITE,10-MAR-2021,15010.0,15198.0,14552.15,14868.3,1275,625,858
TATACHEM,10-MAR-2021,769.5,774.2,763.0,767.0,2868563,642552,49006
TATACOFFEE,10-MAR-2021,126.95,128.35,125.55,126.6,1022862,269381,9387
TATACOMM,10-MAR-2021,1305.15,1343.85,1280.0,1290.35,288145,113462,17740
TATACONSUM,10-MAR-2021,616.8,623.65,615.0,620.95,2778304,1282673,73925
TATAELXSI,10-MAR-2021,2680.0,2735.0,2662.85,2696.55,526950,87917,35621
TATAINVEST,10-MAR-2021,1094.0,1120.15,1094.0,1105.2,18336,8275,2031
TATAMETALI,10-MAR-2021,766.0,789.8,761.0,784.75,187354,46500,8854
TATAMOTORS,10-MAR-2021,319.5,324.45,316.7,321.45,58643853,8419018,332869
TATAMTRDVR,10-MAR-2021,137.45,140.0,136.0,138.3,2750998,950642,14671
TATAPOWER,10-MAR-2021,109.1,109.25,105.8,107.35,43852673,10163140,137852
TATASTEEL,10-MAR-2021,714.9,729.95,703.05,724.5,19685860,3643590,199849
TATASTLBSL,10-MAR-2021,45.8,47.1,45.2,46.65,4993693,1566308,9205
TATASTLLP,10-MAR-2021,672.0,703.75,670.0,698.55,148029,69858,5547
TBZ,10-MAR-2021,72.95,73.4,71.7,72.25,80651,43906,1558
TCI,10-MAR-2021,248.3,250.1,246.25,247.3,133671,116353,2216
TCIDEVELOP,10-MAR-2021,306.95,314.95,306.2,310.35,3121,2287,156
TCIEXP,10-MAR-2021,892.0,898.4,861.05,869.35,56859,36968,8323
TCIFINANCE,10-MAR-2021,6.45,6.45,5.9,5.9,31098,21025,116
TCNSBRANDS,10-MAR-2021,490.0,510.0,490.0,505.4,55534,26001,3316
TCPLPACK,10-MAR-2021,424.8,424.8,410.05,412.85,7581,5715,233
TCS,10-MAR-2021,3075.0,3093.2,3060.0,3070.95,3053778,1631893,164340
TDPOWERSYS,10-MAR-2021,161.8,161.8,158.0,158.7,12704,9979,335
TEAMLEASE,10-MAR-2021,3508.55,3540.0,3490.0,3521.4,20653,16675,6013
TECHM,10-MAR-2021,1002.0,1016.8,993.0,1008.75,5268496,1521107,114821
TECHNOE,10-MAR-2021,291.5,303.6,291.5,293.5,109021,13708,10151
TEJASNET,10-MAR-2021,186.4,192.85,181.0,190.2,492093,275687,7344
TERASOFT,10-MAR-2021,41.55,41.55,40.3,40.6,24347,15877,391
TEXINFRA,10-MAR-2021,71.1,72.0,70.0,70.3,45085,29521,741
TEXMOPIPES,10-MAR-2021,30.25,31.7,30.25,31.25,451977,238333,4155
TEXRAIL,10-MAR-2021,30.85,32.45,30.25,31.05,629035,219971,2627
TFCILTD,10-MAR-2021,67.55,75.6,67.45,71.5,6128692,1214663,36456
TGBHOTELS,10-MAR-2021,5.0,5.15,4.95,5.0,55189,52639,132
THANGAMAYL,10-MAR-2021,614.9,614.9,602.1,605.05,9779,5966,805
THEINVEST,10-MAR-2021,93.95,98.3,92.3,97.7,34481,29704,319
THEMISMED,10-MAR-2021,313.3,316.0,310.05,310.85,5379,3610,244
THERMAX,10-MAR-2021,1444.7,1447.9,1414.0,1435.1,34262,16931,9114
THOMASCOOK,10-MAR-2021,58.7,58.7,56.5,58.0,1308637,735637,5302
THYROCARE,10-MAR-2021,907.4,907.4,895.0,895.8,33652,15068,2394
TI,10-MAR-2021,30.75,30.75,29.45,29.7,222092,177031,1255
TIDEWATER,10-MAR-2021,4584.95,4638.0,4544.0,4616.7,937,637,359
TIIL,10-MAR-2021,385.25,398.4,376.6,383.4,6754,4245,386
TIINDIA,10-MAR-2021,1194.0,1224.8,1191.0,1206.05,803900,754357,8407
TIL,10-MAR-2021,165.55,167.6,164.8,166.3,4187,3619,130
TIMESGTY,10-MAR-2021,27.0,27.75,25.55,26.7,2800,1766,107
TIMETECHNO,10-MAR-2021,60.75,61.3,58.25,59.0,587050,272161,5409
TIMKEN,10-MAR-2021,1287.0,1310.0,1270.0,1289.45,16014,8228,2491
TINPLATE,10-MAR-2021,170.15,172.4,168.3,169.55,310200,121281,6277
TIRUMALCHM,10-MAR-2021,102.6,103.5,100.1,101.5,644863,231591,7418
TITAN,10-MAR-2021,1470.0,1481.0,1463.0,1471.25,1257628,645145,50512
TMRVL,10-MAR-2021,13.2,13.25,13.15,13.25,42455,40112,134
TNPETRO,10-MAR-2021,53.8,53.8,50.55,50.9,741832,388782,7694
TNPL,10-MAR-2021,141.1,142.65,139.5,139.95,102371,67878,2875
TOKYOPLAST,10-MAR-2021,74.35,74.35,70.0,70.2,7751,5527,192
TORNTPHARM,10-MAR-2021,2450.0,2454.45,2412.0,2445.2,540070,392265,33348
TORNTPOWER,10-MAR-2021,419.8,420.0,414.75,417.5,866937,336837,10866
TOTAL,10-MAR-2021,52.15,52.15,48.45,49.25,50624,37170,214
TPLPLASTEH,10-MAR-2021,160.05,165.6,154.6,159.1,5678,2022,326
TREEHOUSE,10-MAR-2021,7.35,7.5,7.1,7.15,75460,73159,65
TREJHARA,10-MAR-2021,32.0,33.0,31.6,32.5,40415,27084,284
TRENT,10-MAR-2021,915.0,934.0,895.5,912.2,606764,127717,26935
TRF,10-MAR-2021,101.85,101.9,98.6,99.3,10321,7389,497
TRIDENT,10-MAR-2021,14.15,14.5,14.1,14.4,9150968,4847002,10343
TRIGYN,10-MAR-2021,69.7,75.65,68.75,74.2,287133,129349,2518
TRIL,10-MAR-2021,17.75,17.8,17.1,17.15,115209,78252,331
TRITURBINE,10-MAR-2021,107.8,107.9,103.9,104.75,144701,58232,3169
TRIVENI,10-MAR-2021,93.8,94.0,91.7,92.25,651235,391584,4190
TTKHLTCARE,10-MAR-2021,578.55,578.55,564.1,565.55,879,570,76
TTKPRESTIG,10-MAR-2021,7601.35,7699.95,7525.0,7635.0,8246,4380,3112
TTL,10-MAR-2021,47.55,50.0,47.5,48.75,11634,4987,368
TV18BRDCST,10-MAR-2021,35.35,35.7,34.25,34.8,7812379,2978846,10271
TVSELECT,10-MAR-2021,157.0,159.3,150.1,151.95,74704,40062,1782
TVSMOTOR,10-MAR-2021,602.55,617.65,599.6,603.15,2342196,282182,37252
TVSSRICHAK,10-MAR-2021,1837.45,1857.0,1795.0,1799.25,18661,13189,2412
TVTODAY,10-MAR-2021,272.0,275.0,270.15,271.3,32671,21407,777
TVVISION,10-MAR-2021,1.75,1.75,1.65,1.65,34333,32785,42
TWL,10-MAR-2021,52.6,54.2,51.9,52.75,499955,153636,4007
UBL,10-MAR-2021,1236.0,1243.4,1217.3,1230.55,229428,68516,8561
UCALFUEL,10-MAR-2021,157.6,161.0,156.8,159.4,76589,22525,7771
UCOBANK,10-MAR-2021,13.15,13.3,12.95,13.0,6692307,2739040,12070
UFLEX,10-MAR-2021,404.5,408.65,399.0,402.4,142479,80447,4002
UFO,10-MAR-2021,84.65,86.45,83.5,84.15,134615,50550,2432
UGARSUGAR,10-MAR-2021,18.45,18.45,17.9,18.0,153148,87972,492
UJJIVAN,10-MAR-2021,246.0,248.0,237.1,238.6,1072234,524577,13003
UJJIVANSFB,10-MAR-2021,34.65,35.2,34.35,34.65,3027726,911738,6278
ULTRACEMCO,10-MAR-2021,6752.1,6789.0,6684.0,6764.05,302774,74959,30468
UMANGDAIRY,10-MAR-2021,62.0,62.0,60.6,60.9,8082,6696,221
UNICHEMLAB,10-MAR-2021,333.0,336.85,325.9,330.55,32477,21653,1377
UNIDT,10-MAR-2021,248.9,262.1,244.85,261.05,42021,26092,590
UNIENTER,10-MAR-2021,88.2,88.2,83.65,84.7,18996,10819,875
UNIONBANK,10-MAR-2021,37.85,38.2,37.35,37.85,6086552,1580918,10683
UNITEDTEA,10-MAR-2021,325.45,325.45,311.15,317.7,5406,5143,103
UNIVCABLES,10-MAR-2021,149.0,151.45,144.1,145.05,76495,36368,1359
UNIVPHOTO,10-MAR-2021,180.45,185.95,179.2,181.9,2020,1425,126
UPL,10-MAR-2021,630.6,630.6,612.5,621.3,5583509,1039473,75234
USHAMART,10-MAR-2021,35.0,35.2,33.3,33.85,1536837,902861,3694
UTIAMC,10-MAR-2021,604.35,608.75,604.0,605.95,81924,44821,4539
UTIBANKETF,10-MAR-2021,35.75,36.36,35.75,35.84,24354,16391,130
UTINEXT50,10-MAR-2021,360.22,370.0,358.0,362.48,867,699,48
UTINIFTETF,10-MAR-2021,1600.18,1600.18,1570.5,1576.8,451,430,39
UTISENSETF,10-MAR-2021,548.0,548.66,540.95,548.03,510,447,43
UTISXN50,10-MAR-2021,41.36,41.36,39.78,40.59,1554,1472,34
UTTAMSUGAR,10-MAR-2021,104.95,105.4,102.55,103.4,46174,15819,1036
V2RETAIL,10-MAR-2021,149.6,149.7,142.1,143.55,25084,15735,544
VADILALIND,10-MAR-2021,949.0,949.15,910.1,919.05,11886,4780,2402
VAIBHAVGBL,10-MAR-2021,3900.0,3999.0,3800.1,3959.35,38694,19954,10028
VAKRANGEE,10-MAR-2021,52.9,53.25,51.35,52.5,1300681,672395,3430
VALIANTORG,10-MAR-2021,1251.3,1269.95,1245.0,1250.35,30599,25495,1394
VARDHACRLC,10-MAR-2021,39.35,39.9,38.55,39.25,40952,30099,163
VARDMNPOLY,10-MAR-2021,18.35,18.35,18.35,18.35,21229,21229,106
VARROC,10-MAR-2021,409.9,412.2,403.4,405.15,58587,36079,2750
VASCONEQ,10-MAR-2021,17.1,18.7,16.65,18.7,687512,360325,1037
VASWANI,10-MAR-2021,10.6,11.1,10.6,10.9,45741,37864,215
VBL,10-MAR-2021,995.0,1007.95,986.0,989.4,122907,62067,9248
VEDL,10-MAR-2021,224.15,228.45,221.25,226.25,22508396,10766477,69442
VENKEYS,10-MAR-2021,1673.0,1693.95,1657.3,1669.4,43987,12078,4128
VENUSREM,10-MAR-2021,231.0,239.0,226.05,236.6,153163,118331,2022
VERTOZ,10-MAR-2021,309.75,314.15,291.5,294.05,196140,78212,5913
VESUVIUS,10-MAR-2021,1046.35,1047.0,1032.8,1035.4,2156,1643,341
VETO,10-MAR-2021,145.7,151.95,143.55,145.7,42664,27796,552
VGUARD,10-MAR-2021,227.1,227.8,223.3,226.7,374927,163539,12349
VHL,10-MAR-2021,1879.0,1879.0,1802.1,1811.9,687,455,165
VIDHIING,10-MAR-2021,137.6,144.0,137.6,141.15,143781,84027,3298
VIJIFIN,10-MAR-2021,0.75,0.75,0.7,0.7,129075,99552,146
VIKASECO,10-MAR-2021,2.75,2.75,2.6,2.6,9114222,8543447,1182
VIKASMCORP,10-MAR-2021,3.45,3.6,3.4,3.6,3505038,2487164,3109
VIKASPROP,10-MAR-2021,2.6,2.65,2.55,2.55,1276186,1005107,7458
VIKASWSP,10-MAR-2021,7.15,7.4,6.7,6.7,2221499,1597518,1412
VIMTALABS,10-MAR-2021,174.45,184.0,174.35,178.0,277217,112620,5190
VINATIORGA,10-MAR-2021,1460.2,1460.2,1425.0,1444.55,35985,19369,3388
VINDHYATEL,10-MAR-2021,850.0,850.7,832.5,836.25,6743,4557,651
VINYLINDIA,10-MAR-2021,130.0,133.0,128.0,128.5,127069,45569,2552
VIPIND,10-MAR-2021,405.0,405.0,397.8,401.0,374909,236962,47352
VIPULLTD,10-MAR-2021,34.05,36.25,32.95,35.3,159515,89480,638
VISAKAIND,10-MAR-2021,493.9,493.9,480.75,482.75,17791,9662,1212
VISASTEEL,10-MAR-2021,6.9,7.0,6.6,6.9,59682,42953,188
VISHAL,10-MAR-2021,73.1,73.1,73.1,73.1,94822,70146,668
VISHNU,10-MAR-2021,196.0,197.45,192.0,193.1,3434,2117,190
VISHWARAJ,10-MAR-2021,127.0,129.0,121.0,125.6,214094,54825,6608
VIVIMEDLAB,10-MAR-2021,22.15,22.25,19.8,20.65,3286199,1342720,8089
VLSFINANCE,10-MAR-2021,88.85,90.0,87.5,88.9,47324,28628,778
VMART,10-MAR-2021,2857.95,2857.95,2744.95,2775.7,17533,7591,3670
VOLTAMP,10-MAR-2021,1151.75,1162.35,1139.3,1147.75,5144,2875,799
VOLTAS,10-MAR-2021,1045.0,1070.0,1042.1,1061.6,1464757,360194,42206
VRLLOG,10-MAR-2021,259.8,259.8,245.15,250.2,392284,304185,8188
VSSL,10-MAR-2021,162.9,165.9,161.1,162.65,30797,23311,821
VSTIND,10-MAR-2021,3440.0,3477.0,3425.0,3435.5,3021,2069,933
VSTTILLERS,10-MAR-2021,1900.0,1937.15,1885.0,1892.2,6128,3338,1383
VTL,10-MAR-2021,1200.0,1201.4,1182.45,1190.25,77286,66292,2237
WABAG,10-MAR-2021,263.65,272.8,262.2,267.0,386809,183151,10311
WABCOINDIA,10-MAR-2021,6424.0,6438.85,6249.95,6296.95,1400,948,517
WALCHANNAG,10-MAR-2021,69.2,71.5,68.45,69.45,474028,124775,8199
WATERBASE,10-MAR-2021,112.7,114.9,112.0,112.4,74733,39892,1527
WEALTH,10-MAR-2021,136.15,136.2,123.3,123.5,10675,7719,75
WEBELSOLAR,10-MAR-2021,39.85,40.75,39.35,40.75,324530,236299,902
WEIZMANIND,10-MAR-2021,49.9,50.0,47.85,49.8,27842,15800,171
WELCORP,10-MAR-2021,133.8,135.7,130.5,133.8,705456,294053,6300
WELENT,10-MAR-2021,130.0,130.0,120.1,121.55,527186,291710,7284
WELINV,10-MAR-2021,373.9,373.95,362.45,365.35,4058,3315,121
WELSPUNIND,10-MAR-2021,74.0,75.45,72.4,74.65,3379233,1852751,8197
WENDT,10-MAR-2021,3353.85,3358.35,3321.25,3323.8,116,45,41
WESTLIFE,10-MAR-2021,521.0,526.85,518.9,524.3,108068,66389,9551
WHEELS,10-MAR-2021,471.85,477.7,466.6,470.45,12063,7059,678
WHIRLPOOL,10-MAR-2021,2402.0,2445.0,2402.0,2418.65,44361,28022,4780
WILLAMAGOR,10-MAR-2021,21.55,21.95,20.9,21.2,17608,13053,108
WINDMACHIN,10-MAR-2021,24.1,25.45,23.2,23.7,112980,79534,542
WIPRO,10-MAR-2021,426.1,430.7,423.0,426.7,17291368,3030722,158961
WOCKPHARMA,10-MAR-2021,495.65,498.6,490.05,493.1,280715,78103,6202
WONDERLA,10-MAR-2021,215.5,234.35,215.5,219.0,878992,213354,15787
WORTH,10-MAR-2021,57.15,58.4,56.0,56.4,20518,6059,611
WSI,10-MAR-2021,4.75,4.9,4.65,4.85,43947,43402,55
WSTCSTPAPR,10-MAR-2021,258.0,258.35,248.3,250.65,135530,70017,4911
XCHANGING,10-MAR-2021,70.7,73.15,69.5,70.3,178352,100788,1769
XELPMOC,10-MAR-2021,280.95,285.0,267.6,271.05,27729,19671,2451
XPROINDIA,10-MAR-2021,53.2,53.7,51.4,51.65,20396,13063,395
YAARII,10-MAR-2021,150.0,159.8,148.0,159.8,163885,109045,2498
YESBANK,10-MAR-2021,16.1,16.25,16.0,16.05,44844215,17344392,47277
ZEEL,10-MAR-2021,222.1,224.05,220.35,221.65,7032325,919907,45256
ZEELEARN,10-MAR-2021,11.7,11.75,11.4,11.45,930142,706822,1258
ZEEMEDIA,10-MAR-2021,6.75,6.95,6.7,6.9,2099911,1387393,10204
ZENITHEXPO,10-MAR-2021,70.0,72.25,67.5,70.45,2125,1630,74
ZENSARTECH,10-MAR-2021,277.3,290.0,275.3,286.5,388541,201085,13565
ZENTEC,10-MAR-2021,84.15,88.9,84.15,88.2,389624,218497,4267
ZODIACLOTH,10-MAR-2021,115.4,117.3,111.3,113.0,185345,86002,4021
ZODJRDMKJ,10-MAR-2021,27.0,31.5,26.7,27.75,12165,2979,340
ZOTA,10-MAR-2021,148.0,154.8,148.0,150.6,11572,2730,287
ZUARI,10-MAR-2021,98.95,99.9,97.6,97.9,112546,70974,1775
ZYDUSWELL,10-MAR-2021,1882.05,1899.7,1875.25,1883.9,42660,29415,5232
