20MICRONS,12-MAR-2021,38.6,39.25,37.6,37.75,106676,72160,896
21STCENMGM,12-MAR-2021,13.0,13.0,13.0,13.0,10392,10392,16
3IINFOTECH,12-MAR-2021,8.45,8.45,8.15,8.45,19992750,12211552,16029
3MINDIA,12-MAR-2021,25804.0,27749.85,25804.0,27335.35,8718,4802,5697
3PLAND,12-MAR-2021,9.4,9.6,9.1,9.5,8624,6565,55
5PAISA,12-MAR-2021,289.0,289.0,275.0,279.65,26445,14811,2939
63MOONS,12-MAR-2021,80.95,81.0,78.9,79.05,41751,29124,786
A2ZINFRA,12-MAR-2021,4.3,4.35,4.15,4.2,410126,284556,380
AARON,12-MAR-2021,62.2,63.35,62.0,63.0,2305,1858,73
AARTIDRUGS,12-MAR-2021,676.5,709.9,668.0,688.3,1427665,279942,68482
AARTIIND,12-MAR-2021,1284.5,1292.85,1266.5,1283.5,165582,76262,8882
AARTISURF,12-MAR-2021,1045.0,1045.0,999.0,1006.05,8809,5750,1032
AARVEEDEN,12-MAR-2021,17.65,18.5,17.25,17.7,5106,3237,103
AARVI,12-MAR-2021,56.0,57.2,55.8,55.85,7356,5525,78
AAVAS,12-MAR-2021,2233.0,2275.0,2207.4,2249.95,48262,31660,14793
ABAN,12-MAR-2021,40.55,40.55,37.9,38.15,173896,114265,1313
ABB,12-MAR-2021,1473.0,1481.25,1455.0,1471.1,61753,20346,10395
ABBOTINDIA,12-MAR-2021,14689.4,14718.9,14503.3,14616.25,17952,14667,3045
ABCAPITAL,12-MAR-2021,134.8,135.2,128.5,131.3,2937746,1239898,26356
ABFRL,12-MAR-2021,220.1,221.25,216.65,218.65,1417112,713550,39516
ABMINTLTD,12-MAR-2021,63.8,65.65,60.15,60.95,2269,1157,60
ABSLBANETF,12-MAR-2021,360.0,361.2,349.52,350.5,701,97,45
ABSLNN50ET,12-MAR-2021,366.0,386.0,355.1,364.9,116,63,48
ACC,12-MAR-2021,1843.9,1848.0,1782.0,1787.65,1032982,343681,39356
ACCELYA,12-MAR-2021,904.35,910.05,892.35,898.0,2718,1787,315
ACCURACY,12-MAR-2021,54.9,56.9,53.55,53.8,29079,22449,124
ACE,12-MAR-2021,165.7,175.0,159.1,166.9,3278642,2040328,14711
ACRYSIL,12-MAR-2021,366.3,374.5,348.0,350.65,132965,103803,3185
ADANIENT,12-MAR-2021,905.0,923.8,889.3,894.1,6049852,1093106,83542
ADANIGREEN,12-MAR-2021,1200.0,1200.0,1154.2,1160.6,296923,175131,18732
ADANIPORTS,12-MAR-2021,749.0,752.1,723.0,728.15,10961076,3300543,145204
ADANIPOWER,12-MAR-2021,75.5,79.3,73.95,75.55,38391001,10869032,127119
ADANITRANS,12-MAR-2021,737.0,785.5,734.5,773.7,1537523,798093,41421
ADFFOODS,12-MAR-2021,935.0,939.9,903.0,913.15,22478,12294,2396
ADHUNIKIND,12-MAR-2021,20.7,21.55,20.65,21.15,21934,14343,188
ADORWELD,12-MAR-2021,317.7,326.0,315.0,323.25,48314,29668,1556
ADSL,12-MAR-2021,41.25,44.5,40.95,41.55,533564,314554,2749
ADVANIHOTR,12-MAR-2021,65.8,68.35,62.35,62.75,38873,26930,655
ADVENZYMES,12-MAR-2021,353.4,359.5,352.1,354.2,118283,60088,4561
AEGISCHEM,12-MAR-2021,327.0,328.4,302.6,304.5,612436,330545,18435
AFFLE,12-MAR-2021,5925.0,5950.0,5719.95,5814.6,55957,36310,15923
AGCNET,12-MAR-2021,990.0,1011.35,990.0,1000.45,4243,2623,196
AGRITECH,12-MAR-2021,35.9,35.9,34.0,35.6,11051,8592,170
AGROPHOS,12-MAR-2021,12.85,12.85,12.5,12.6,14223,8817,148
AHLADA,12-MAR-2021,110.1,110.1,103.05,105.45,12557,8605,136
AHLEAST,12-MAR-2021,172.1,172.4,167.0,168.0,1665,1452,111
AHLUCONT,12-MAR-2021,302.9,309.0,298.35,300.05,108756,63813,3162
AHLWEST,12-MAR-2021,238.65,239.25,228.25,232.0,974,534,121
AIAENG,12-MAR-2021,1910.0,1949.0,1880.9,1930.3,179507,147904,10603
AIRAN,12-MAR-2021,16.55,17.45,16.45,16.6,42504,34738,372
AJANTPHARM,12-MAR-2021,1811.5,1848.0,1809.0,1833.2,169314,79816,28164
AJMERA,12-MAR-2021,135.0,135.0,128.5,129.75,69732,33930,1708
AKASH,12-MAR-2021,220.0,220.0,205.0,207.65,75455,71938,336
AKG,12-MAR-2021,101.7,102.65,98.0,102.25,293589,99478,683
AKSHARCHEM,12-MAR-2021,248.6,249.65,244.0,244.6,25894,21534,791
AKSHOPTFBR,12-MAR-2021,6.7,6.75,6.6,6.6,210589,158578,382
AKZOINDIA,12-MAR-2021,2298.0,2324.0,2270.0,2297.05,36494,22210,4977
ALANKIT,12-MAR-2021,16.5,16.5,16.05,16.15,106242,78566,307
ALBERTDAVD,12-MAR-2021,412.4,412.4,400.35,401.6,8262,5758,317
ALEMBICLTD,12-MAR-2021,101.4,101.5,99.9,100.05,160847,91080,2312
ALICON,12-MAR-2021,461.0,461.35,448.0,454.1,3544,1644,227
ALKALI,12-MAR-2021,52.5,54.9,51.5,52.0,7818,5246,172
ALKEM,12-MAR-2021,2761.0,2786.5,2730.0,2773.5,148218,81520,17270
ALKYLAMINE,12-MAR-2021,5106.4,5200.0,5101.7,5144.15,21325,9975,5016
ALLCARGO,12-MAR-2021,137.4,137.9,132.15,132.9,335941,164442,3257
ALLSEC,12-MAR-2021,325.05,337.0,325.0,329.0,6652,4096,417
ALMONDZ,12-MAR-2021,30.0,30.95,29.35,29.65,10998,9235,138
ALOKINDS,12-MAR-2021,21.8,22.25,21.35,21.5,10594533,4310115,15670
ALPA,12-MAR-2021,40.3,41.0,38.8,39.2,56282,37558,363
ALPHAGEO,12-MAR-2021,211.05,213.55,205.0,205.75,17371,12838,576
AMARAJABAT,12-MAR-2021,899.45,908.8,890.05,893.25,828479,197349,34727
AMBER,12-MAR-2021,3465.0,3514.45,3380.0,3412.7,71595,39347,14893
AMBIKCO,12-MAR-2021,977.2,991.2,971.1,977.0,7770,4389,1080
AMBUJACEM,12-MAR-2021,293.0,293.9,287.5,289.5,5744777,2307006,41642
AMJLAND,12-MAR-2021,25.95,26.65,25.05,25.2,9260,8396,106
AMRUTANJAN,12-MAR-2021,548.0,564.4,534.85,536.6,208146,46033,11115
ANANTRAJ,12-MAR-2021,59.5,59.9,56.05,56.2,807019,542241,3983
ANDHRACEMT,12-MAR-2021,5.6,5.8,5.55,5.8,556362,456982,1369
ANDHRAPAP,12-MAR-2021,243.9,248.5,236.6,238.05,27540,16915,766
ANDHRSUGAR,12-MAR-2021,319.9,323.0,312.0,313.6,48951,24959,1659
ANGELBRKG,12-MAR-2021,331.75,338.0,325.8,331.3,492026,397916,4528
ANIKINDS,12-MAR-2021,15.95,16.4,15.35,16.2,10574,8486,100
ANKITMETAL,12-MAR-2021,1.25,1.3,1.2,1.2,142437,87174,112
ANSALAPI,12-MAR-2021,8.6,8.7,7.9,8.05,173799,108605,429
ANSALHSG,12-MAR-2021,6.4,6.5,6.2,6.4,281527,177032,346
ANUP,12-MAR-2021,649.0,649.8,630.0,633.45,28852,21463,1379
APARINDS,12-MAR-2021,459.8,465.0,454.0,456.4,59469,35565,3867
APCL,12-MAR-2021,223.75,227.0,220.0,221.1,34344,24120,1116
APCOTEXIND,12-MAR-2021,178.05,181.2,176.5,177.5,77601,36922,3039
APEX,12-MAR-2021,242.4,248.15,239.6,240.9,86198,32558,2653
APLAPOLLO,12-MAR-2021,1338.0,1338.05,1250.0,1257.55,211772,133866,14638
APLLTD,12-MAR-2021,939.0,948.0,931.4,939.9,312400,156456,12593
APOLLO,12-MAR-2021,112.0,112.5,110.5,110.8,75800,48164,1971
APOLLOHOSP,12-MAR-2021,2931.1,3031.0,2927.5,2976.35,1512021,290260,71269
APOLLOPIPE,12-MAR-2021,738.0,886.05,735.05,885.25,623690,235317,28821
APOLLOTYRE,12-MAR-2021,239.4,245.6,236.5,239.25,9690551,2509096,62261
APOLSINHOT,12-MAR-2021,552.1,587.9,552.05,571.35,4197,2388,285
APTECHT,12-MAR-2021,215.8,222.0,214.05,218.1,553120,224574,16744
ARCHIES,12-MAR-2021,12.0,12.2,11.8,11.85,59133,43477,163
ARENTERP,12-MAR-2021,11.15,11.3,10.85,11.25,2184,1779,31
ARIES,12-MAR-2021,100.0,101.9,94.5,95.15,72885,38228,2314
ARIHANT,12-MAR-2021,21.65,22.35,21.15,21.75,10435,6929,274
ARIHANTSUP,12-MAR-2021,37.85,38.35,37.7,38.2,32039,10297,100
ARMANFIN,12-MAR-2021,635.0,640.0,620.1,629.4,9167,6302,752
AROGRANITE,12-MAR-2021,47.5,47.5,45.0,45.4,40350,32819,900
ARSSINFRA,12-MAR-2021,23.2,24.0,23.2,23.75,30346,7602,227
ARTEMISMED,12-MAR-2021,231.9,231.9,230.05,230.8,194,151,19
ARVIND,12-MAR-2021,76.1,76.75,73.0,74.5,688393,427476,5762
ARVINDFASN,12-MAR-2021,166.85,167.0,158.0,159.45,518964,228546,8853
ARVSMART,12-MAR-2021,101.15,101.3,99.0,99.45,64242,30476,1286
ASAHIINDIA,12-MAR-2021,333.9,336.4,318.45,321.55,51551,27567,3125
ASAHISONG,12-MAR-2021,277.0,330.0,277.0,315.8,195227,105220,4602
ASALCBR,12-MAR-2021,372.0,390.0,372.0,386.3,203054,114210,7116
ASHAPURMIN,12-MAR-2021,121.25,123.0,116.5,118.1,84800,54923,1339
ASHIANA,12-MAR-2021,120.2,121.35,117.0,118.25,74432,48326,1501
ASHIMASYN,12-MAR-2021,17.35,17.35,15.3,16.05,296440,194712,874
ASHOKA,12-MAR-2021,112.0,112.9,108.9,109.4,884392,442278,12179
ASHOKLEY,12-MAR-2021,125.1,125.7,120.75,122.05,16839536,5526087,76787
ASIANHOTNR,12-MAR-2021,72.8,73.3,71.55,71.7,3040,2059,96
ASIANPAINT,12-MAR-2021,2442.8,2464.65,2397.0,2401.35,1279203,536706,85288
ASIANTILES,12-MAR-2021,174.65,178.9,168.5,169.55,927560,536713,6330
ASPINWALL,12-MAR-2021,197.4,197.45,189.05,191.9,6509,3552,272
ASTEC,12-MAR-2021,1055.0,1087.85,1035.45,1062.6,65738,43401,5065
ASTERDM,12-MAR-2021,143.2,144.4,141.55,142.0,545558,482894,3395
ASTRAL,12-MAR-2021,2529.3,2630.0,2450.0,2503.25,561273,302887,63712
ASTRAMICRO,12-MAR-2021,141.0,144.9,137.75,139.25,375946,249936,3286
ASTRAZEN,12-MAR-2021,3445.0,3489.95,3365.55,3417.95,62456,15988,10691
ASTRON,12-MAR-2021,43.75,44.0,42.25,42.8,61270,44420,483
ATFL,12-MAR-2021,826.35,846.95,813.5,821.95,4922,3505,406
ATGL,12-MAR-2021,728.0,745.0,728.0,738.0,2474722,1704873,40570
ATLANTA,12-MAR-2021,7.1,7.7,7.05,7.6,68080,52956,262
ATUL,12-MAR-2021,6753.4,6840.0,6735.0,6784.15,19768,10375,4734
ATULAUTO,12-MAR-2021,199.95,199.95,191.45,194.0,80900,41801,2303
AUBANK,12-MAR-2021,1258.25,1274.8,1235.0,1255.45,803163,314629,31181
AURIONPRO,12-MAR-2021,132.7,132.7,123.1,132.7,472328,267992,3154
AUROPHARMA,12-MAR-2021,869.0,869.0,844.0,848.25,2032952,729607,58992
AUSOMENT,12-MAR-2021,52.0,53.15,51.05,51.65,4886,2791,123
AUTOAXLES,12-MAR-2021,1204.0,1210.0,1185.35,1194.2,10108,7073,1657
AUTOIND,12-MAR-2021,34.8,35.2,33.55,35.2,97129,90488,408
AVADHSUGAR,12-MAR-2021,209.3,211.9,203.0,206.1,133612,38645,3591
AVANTIFEED,12-MAR-2021,484.8,486.75,479.0,482.25,243139,128472,21449
AVTNPL,12-MAR-2021,48.0,48.85,45.65,46.55,138940,90508,1253
AWHCL,12-MAR-2021,297.15,298.95,292.0,293.15,54044,32352,2548
AXISBANK,12-MAR-2021,772.6,776.6,745.0,750.6,16343307,6408878,215516
AXISBNKETF,12-MAR-2021,361.67,362.0,350.9,351.97,2257,1232,91
AXISCADES,12-MAR-2021,48.3,48.9,45.0,45.85,224574,169615,1559
AXISGOLD,12-MAR-2021,38.99,39.29,38.74,38.77,263132,207155,1990
AXISNIFTY,12-MAR-2021,158.0,159.68,155.65,156.42,5276,3318,235
AYMSYNTEX,12-MAR-2021,49.85,51.5,48.55,49.15,28709,24866,170
BAFNAPH,12-MAR-2021,139.55,139.55,135.65,139.55,26576,25770,477
BAGFILMS,12-MAR-2021,2.75,2.75,2.65,2.65,65536,60137,106
BAJAJ-AUTO,12-MAR-2021,3878.0,3878.0,3734.8,3746.4,1119478,502785,69439
BAJAJCON,12-MAR-2021,280.0,284.7,267.0,269.95,2588836,1023759,54761
BAJAJELEC,12-MAR-2021,1030.0,1030.0,1013.35,1025.45,114048,52080,8215
BAJAJFINSV,12-MAR-2021,10081.5,10216.1,9840.0,9934.1,454348,83862,54691
BAJAJHIND,12-MAR-2021,7.5,7.9,7.25,7.4,11218602,4715751,8809
BAJAJHLDNG,12-MAR-2021,3647.25,3647.25,3590.0,3618.5,39406,33061,2795
BAJFINANCE,12-MAR-2021,5600.0,5670.0,5521.0,5557.85,2508013,461103,173343
BALAJITELE,12-MAR-2021,64.2,64.5,61.5,62.1,354651,242311,2205
BALAMINES,12-MAR-2021,1763.9,1819.0,1752.0,1772.7,109518,29739,9536
BALAXI,12-MAR-2021,606.7,619.0,588.75,594.25,1607,1018,209
BALKRISIND,12-MAR-2021,1634.8,1642.2,1605.1,1628.2,655016,292790,21482
BALMLAWRIE,12-MAR-2021,154.6,161.5,149.25,152.8,2865410,967355,33476
BALPHARMA,12-MAR-2021,55.25,59.0,55.25,56.65,99265,46546,1221
BALRAMCHIN,12-MAR-2021,221.7,227.0,218.0,220.1,3089513,1064156,34066
BANARBEADS,12-MAR-2021,54.65,55.95,54.6,55.0,3483,3034,92
BANARISUG,12-MAR-2021,1842.05,1856.0,1751.15,1775.7,2900,750,801
BANCOINDIA,12-MAR-2021,155.1,155.5,149.75,152.1,246915,166530,3923
BANDHANBNK,12-MAR-2021,357.7,360.0,345.5,349.2,10034217,3652913,104743
BANG,12-MAR-2021,30.25,30.25,28.8,29.55,1958,1420,110
BANKA,12-MAR-2021,70.05,71.95,69.75,69.95,4813,4010,80
BANKBARODA,12-MAR-2021,80.75,80.9,76.6,77.35,54547934,17051094,134096
BANKBEES,12-MAR-2021,365.0,368.67,353.43,356.16,1202996,320031,14858
BANKINDIA,12-MAR-2021,77.85,78.5,75.2,75.85,3944641,1440498,17998
BANSWRAS,12-MAR-2021,117.9,124.0,116.85,122.4,40206,15959,650
BASF,12-MAR-2021,2270.0,2319.75,2232.55,2252.8,36737,15617,6180
BASML,12-MAR-2021,64.0,64.0,60.15,60.6,36389,31605,751
BATAINDIA,12-MAR-2021,1511.0,1538.75,1499.5,1505.7,803764,145562,32577
BAYERCROP,12-MAR-2021,5150.0,5209.0,5145.0,5184.5,20609,13031,4503
BBL,12-MAR-2021,1116.65,1150.0,1116.6,1127.25,8486,4493,937
BBTC,12-MAR-2021,1198.0,1229.0,1185.0,1188.7,62998,30323,4594
BCG,12-MAR-2021,8.55,9.3,8.55,8.6,11149243,6022995,7535
BCLIND,12-MAR-2021,121.3,122.0,115.2,116.25,39530,25810,1027
BCP,12-MAR-2021,4.3,4.4,4.05,4.05,2385320,1376150,1426
BDL,12-MAR-2021,362.1,367.45,360.75,362.5,344685,169567,9156
BEARDSELL,12-MAR-2021,9.75,10.1,9.75,10.0,27078,27077,78
BECTORFOOD,12-MAR-2021,390.75,390.75,380.05,381.0,301892,122889,8568
BEDMUTHA,12-MAR-2021,23.85,24.45,23.5,23.75,13779,9619,125
BEL,12-MAR-2021,142.25,143.5,139.25,140.05,13199775,3397396,65395
BEML,12-MAR-2021,1459.0,1468.0,1393.4,1421.6,1488895,176848,58565
BEPL,12-MAR-2021,140.25,155.45,140.25,152.05,3331270,1321074,42097
BERGEPAINT,12-MAR-2021,730.0,731.95,715.0,717.25,935368,441308,27143
BESTAGRO,12-MAR-2021,388.05,390.0,356.55,365.0,6690,4482,261
BFINVEST,12-MAR-2021,316.1,319.05,309.0,310.3,28532,9753,1426
BFUTILITIE,12-MAR-2021,286.8,297.0,282.7,284.05,443500,103208,10482
BGRENERGY,12-MAR-2021,45.7,49.25,45.65,49.1,990301,443038,3792
BHAGERIA,12-MAR-2021,166.9,166.9,160.05,162.75,23549,15747,611
BHAGYAPROP,12-MAR-2021,29.85,29.85,28.55,28.8,10906,9583,52
BHARATFORG,12-MAR-2021,628.1,631.75,612.3,616.6,1106334,211574,17208
BHARATGEAR,12-MAR-2021,89.0,90.95,84.3,84.85,55411,31372,974
BHARATRAS,12-MAR-2021,9871.95,9920.0,9780.0,9802.85,1401,731,762
BHARTIARTL,12-MAR-2021,530.55,532.75,521.55,524.2,11410264,4680628,206133
BHEL,12-MAR-2021,55.1,56.35,52.55,53.4,126521758,19457996,156466
BIGBLOC,12-MAR-2021,101.45,101.45,101.45,101.45,6990,6989,85
BIL,12-MAR-2021,149.65,149.7,147.7,148.35,614,516,28
BINDALAGRO,12-MAR-2021,18.3,18.35,17.2,17.4,86517,44639,571
BIOCON,12-MAR-2021,402.55,404.8,397.7,400.2,3756453,1613932,41419
BIRLACABLE,12-MAR-2021,65.3,69.65,64.4,66.9,782465,202408,7653
BIRLACORPN,12-MAR-2021,872.0,889.8,860.0,865.0,127482,64013,7837
BIRLAMONEY,12-MAR-2021,45.45,47.55,45.0,45.25,436037,107321,3828
BIRLATYRE,12-MAR-2021,26.95,28.25,26.6,28.25,685738,376122,3392
BKMINDST,12-MAR-2021,1.2,1.2,1.1,1.15,31828,30981,89
BLISSGVS,12-MAR-2021,165.9,171.9,161.5,162.25,679446,275432,11050
BLS,12-MAR-2021,117.8,118.0,111.5,112.6,381836,221714,8559
BLUEDART,12-MAR-2021,5408.45,5635.0,5352.15,5557.85,91415,30874,15891
BLUESTARCO,12-MAR-2021,939.95,960.0,931.0,945.0,115609,67702,12395
BODALCHEM,12-MAR-2021,92.2,93.5,87.8,89.5,1047573,580182,9704
BOMDYEING,12-MAR-2021,82.6,82.65,80.0,80.5,2725897,898532,16872
BOROLTD,12-MAR-2021,190.0,190.9,182.2,183.35,126212,63958,2453
BORORENEW,12-MAR-2021,288.5,298.8,280.8,284.0,1530339,775147,40114
BOSCHLTD,12-MAR-2021,14957.1,15117.45,14801.6,14893.2,28343,9472,7526
BPCL,12-MAR-2021,457.0,464.0,451.0,457.55,26396386,7886477,254463
BPL,12-MAR-2021,26.65,27.95,26.65,27.95,292386,167959,1237
BRFL,12-MAR-2021,8.1,8.25,7.65,7.7,1681572,1108680,6457
BRIGADE,12-MAR-2021,290.1,292.95,284.4,286.0,247539,172412,9615
BRITANNIA,12-MAR-2021,3491.9,3493.85,3425.0,3434.25,344205,199711,30293
BRNL,12-MAR-2021,33.05,34.35,32.75,33.0,115012,48233,1311
BROOKS,12-MAR-2021,58.75,58.8,56.55,57.65,9633,6332,194
BSE,12-MAR-2021,589.0,591.7,581.9,584.95,243509,105840,8732
BSELINFRA,12-MAR-2021,1.05,1.05,1.0,1.0,159631,158631,35
BSL,12-MAR-2021,38.0,39.8,35.0,35.85,28452,14568,411
BSLGOLDETF,12-MAR-2021,4139.95,4139.95,4080.0,4085.5,804,551,217
BSLNIFTY,12-MAR-2021,170.0,170.0,164.8,165.55,518,291,43
BSOFT,12-MAR-2021,241.0,251.15,240.6,244.4,1918095,699870,33910
BURGERKING,12-MAR-2021,141.0,142.75,140.2,141.05,1304755,656550,12069
BUTTERFLY,12-MAR-2021,573.0,578.75,563.0,566.55,31066,15353,4105
BYKE,12-MAR-2021,23.1,23.25,21.5,21.85,75036,45822,701
CADILAHC,12-MAR-2021,448.0,450.95,441.55,442.5,1488897,525834,22273
CALSOFT,12-MAR-2021,9.25,9.3,8.75,9.2,40783,29558,151
CAMLINFINE,12-MAR-2021,143.05,144.0,138.5,140.1,453135,295202,7041
CAMS,12-MAR-2021,1860.0,1888.0,1828.1,1874.45,270024,213452,14519
CANBK,12-MAR-2021,162.75,164.2,155.55,157.0,15901414,2534286,64682
CANFINHOME,12-MAR-2021,556.0,607.7,556.0,596.55,4009397,1348602,72028
CANTABIL,12-MAR-2021,378.8,399.8,367.15,384.0,129565,17941,7986
CAPACITE,12-MAR-2021,204.9,204.9,199.5,201.7,71411,47532,1977
CAPLIPOINT,12-MAR-2021,464.8,467.8,457.0,458.8,92142,46080,4094
CARBORUNIV,12-MAR-2021,499.65,510.0,492.0,500.55,156421,80175,7610
CAREERP,12-MAR-2021,147.8,147.8,142.5,143.95,28030,14705,730
CARERATING,12-MAR-2021,462.6,463.35,456.05,457.35,70855,42647,3716
CASTROLIND,12-MAR-2021,135.7,135.7,128.9,129.85,2216554,1685297,18653
CCHHL,12-MAR-2021,4.85,5.0,4.8,4.85,42592,30645,78
CCL,12-MAR-2021,255.4,261.6,245.15,248.5,155188,62077,5389
CDSL,12-MAR-2021,595.4,598.7,585.3,586.75,461963,247435,19119
CEATLTD,12-MAR-2021,1581.6,1632.8,1581.6,1613.2,272530,107896,20392
CENTENKA,12-MAR-2021,261.85,263.8,251.6,255.75,79027,26000,4026
CENTEXT,12-MAR-2021,4.5,4.7,4.5,4.6,82453,62809,160
CENTRALBK,12-MAR-2021,19.3,19.6,18.75,19.0,11534679,4936360,14415
CENTRUM,12-MAR-2021,28.9,28.9,27.7,28.05,1166644,486434,3449
CENTUM,12-MAR-2021,445.1,450.8,426.0,430.9,12839,5200,919
CENTURYPLY,12-MAR-2021,320.05,324.9,313.0,316.9,284512,188994,9395
CENTURYTEX,12-MAR-2021,515.0,516.65,494.1,499.75,654772,208513,15155
CERA,12-MAR-2021,3980.2,4050.0,3900.0,4042.05,10238,2841,2490
CEREBRAINT,12-MAR-2021,53.8,54.65,52.75,53.2,1120062,786151,4836
CESC,12-MAR-2021,629.05,634.9,622.95,625.9,338296,180006,18899
CGCL,12-MAR-2021,343.2,351.7,343.2,345.3,57115,7164,4927
CGPOWER,12-MAR-2021,62.0,62.95,60.7,61.6,1929639,1371640,8023
CHALET,12-MAR-2021,178.0,180.0,170.5,171.9,282077,105589,4730
CHAMBLFERT,12-MAR-2021,236.4,240.7,231.3,234.9,945695,425336,16021
CHEMBOND,12-MAR-2021,207.0,207.8,196.55,197.3,49706,26494,1524
CHEMCON,12-MAR-2021,440.5,444.5,429.0,431.9,192692,82661,7456
CHEMFAB,12-MAR-2021,131.5,131.5,127.25,128.5,3848,2997,66
CHENNPETRO,12-MAR-2021,115.0,115.75,111.0,111.8,783492,321274,9290
CHOLAFIN,12-MAR-2021,544.3,549.9,529.4,531.8,2659575,782184,42883
CHOLAHLDNG,12-MAR-2021,594.6,612.0,583.35,603.7,331330,264272,9655
CIGNITITEC,12-MAR-2021,340.7,346.35,336.95,339.3,48353,26587,1728
CINELINE,12-MAR-2021,38.3,39.45,37.25,37.9,84791,47361,814
CINEVISTA,12-MAR-2021,6.4,6.4,6.15,6.2,9406,7305,28
CIPLA,12-MAR-2021,816.5,818.7,802.0,805.95,2082799,722426,53575
CLEDUCATE,12-MAR-2021,72.9,84.15,72.0,84.15,614343,188550,4630
CLNINDIA,12-MAR-2021,399.95,404.3,392.0,398.95,75160,40203,3621
COALINDIA,12-MAR-2021,152.0,153.0,149.0,150.5,14835735,5475956,72067
COCHINSHIP,12-MAR-2021,382.95,389.55,379.1,382.45,256388,97431,9413
COFORGE,12-MAR-2021,2742.0,2793.95,2711.0,2722.1,476338,53586,35344
COLPAL,12-MAR-2021,1646.0,1648.15,1618.2,1621.95,539038,275267,18592
COMPINFO,12-MAR-2021,19.6,20.95,18.95,19.2,893790,418615,2413
COMPUSOFT,12-MAR-2021,9.45,9.45,9.0,9.2,68913,36266,235
CONCOR,12-MAR-2021,590.0,598.4,570.0,577.15,7816657,1887868,150423
CONFIPET,12-MAR-2021,47.9,48.25,46.0,46.15,622827,262015,5047
CONSOFINVT,12-MAR-2021,50.7,54.0,49.0,53.25,37751,32726,225
CONTROLPR,12-MAR-2021,232.0,232.0,228.0,228.25,7175,5137,207
CORALFINAC,12-MAR-2021,23.3,23.3,22.35,22.5,9571,8961,86
CORDSCABLE,12-MAR-2021,48.0,48.0,45.45,45.95,91631,53540,964
COROMANDEL,12-MAR-2021,774.9,776.8,762.25,772.65,253348,135233,12738
COSMOFILMS,12-MAR-2021,649.0,673.5,645.0,656.4,244829,60506,10574
CPSEETF,12-MAR-2021,23.91,24.19,23.5,23.86,9875143,9177460,5796
CREATIVE,12-MAR-2021,106.1,114.25,106.1,109.95,7504,2698,99
CREATIVEYE,12-MAR-2021,2.8,2.8,2.8,2.8,152,152,3
CREDITACC,12-MAR-2021,695.5,715.0,695.5,711.0,113941,68180,9710
CREST,12-MAR-2021,94.7,94.9,90.55,90.75,9581,4088,420
CRISIL,12-MAR-2021,1929.45,1940.0,1900.0,1912.95,14261,9845,2712
CROMPTON,12-MAR-2021,418.55,421.25,401.25,410.25,1131935,556057,30971
CSBBANK,12-MAR-2021,262.55,267.85,258.75,264.85,446104,220655,8194
CTE,12-MAR-2021,31.95,31.95,30.2,30.7,13484,9942,181
CUB,12-MAR-2021,175.0,176.0,170.5,172.2,3870535,2300892,24509
CUBEXTUB,12-MAR-2021,21.3,21.75,20.15,20.75,15320,7954,205
CUMMINSIND,12-MAR-2021,885.0,922.75,880.05,883.9,4138878,361591,87810
CUPID,12-MAR-2021,240.0,242.0,225.6,227.65,112056,56949,4498
CYBERTECH,12-MAR-2021,141.4,142.9,128.7,130.7,547729,259158,11568
CYIENT,12-MAR-2021,666.6,684.1,663.2,679.6,1106751,520257,41895
DAAWAT,12-MAR-2021,65.0,65.85,60.8,61.8,3474308,1514825,17787
DABUR,12-MAR-2021,533.9,534.35,522.2,523.45,1757943,784276,33330
DALBHARAT,12-MAR-2021,1475.0,1504.9,1470.0,1474.6,301052,186665,24680
DALMIASUG,12-MAR-2021,171.55,182.0,171.55,172.8,287565,75462,15633
DAMODARIND,12-MAR-2021,34.4,34.75,30.7,31.7,18078,14807,196
DANGEE,12-MAR-2021,132.1,132.7,129.55,131.95,21795,6443,221
DATAMATICS,12-MAR-2021,114.0,116.9,111.3,112.05,139980,53817,4235
DBCORP,12-MAR-2021,98.6,99.3,96.2,97.1,315235,185027,4947
DBL,12-MAR-2021,642.05,673.95,642.0,653.6,268031,81002,15002
DBSTOCKBRO,12-MAR-2021,10.2,10.2,9.1,9.3,34074,30786,136
DCAL,12-MAR-2021,134.95,134.95,126.1,127.5,581587,269576,6795
DCBBANK,12-MAR-2021,115.5,116.65,114.75,115.45,1726510,1040292,10520
DCM,12-MAR-2021,28.0,28.0,25.55,26.85,32975,19998,256
DCMSHRIRAM,12-MAR-2021,544.0,565.0,533.0,539.4,120014,52663,9862
DCW,12-MAR-2021,31.35,31.95,29.7,29.95,2523738,1400368,5140
DECCANCE,12-MAR-2021,437.95,441.8,423.25,425.25,40619,27836,2021
DEEPAKFERT,12-MAR-2021,212.25,224.45,208.2,218.3,2794601,672352,40936
DEEPAKNTR,12-MAR-2021,1622.0,1623.3,1538.0,1573.95,1023219,261409,62477
DEEPENR,12-MAR-2021,40.1,40.75,40.0,40.05,36723,29373,272
DELTACORP,12-MAR-2021,181.9,191.8,181.2,188.3,19250554,4684309,155201
DELTAMAGNT,12-MAR-2021,32.25,32.9,30.7,31.95,5235,4569,85
DEN,12-MAR-2021,61.1,61.5,59.4,59.6,648535,390944,5715
DENORA,12-MAR-2021,279.55,279.55,263.05,265.65,11626,6888,579
DFMFOODS,12-MAR-2021,396.65,399.8,386.45,387.95,31584,14580,2109
DGCONTENT,12-MAR-2021,8.2,8.7,7.95,8.7,147301,120297,266
DHAMPURSUG,12-MAR-2021,197.2,201.4,191.05,192.6,576297,163128,6566
DHANBANK,12-MAR-2021,15.25,16.5,15.25,16.1,5270681,2222702,7754
DHANI,12-MAR-2021,296.45,302.0,275.0,278.75,1681969,770885,54830
DHANUKA,12-MAR-2021,725.95,725.95,720.0,721.2,28026,17892,1726
DHARSUGAR,12-MAR-2021,7.8,7.8,7.5,7.5,35467,32467,115
DHFL,12-MAR-2021,20.5,21.35,19.9,20.25,2699334,2126559,6147
DHUNINV,12-MAR-2021,281.0,291.95,274.9,282.1,4423,1732,351
DIAMONDYD,12-MAR-2021,661.0,665.9,650.0,657.95,6377,3304,827
DICIND,12-MAR-2021,433.0,433.0,412.6,415.65,4885,3676,378
DISHTV,12-MAR-2021,11.25,11.45,11.1,11.15,3498261,2333000,9926
DIVISLAB,12-MAR-2021,3532.5,3564.85,3503.55,3512.05,600323,319654,57379
DIXON,12-MAR-2021,20450.0,20849.2,20209.05,20646.65,80022,40613,32450
DLF,12-MAR-2021,317.1,322.25,306.15,308.5,9498938,1110741,70556
DLINKINDIA,12-MAR-2021,112.0,116.0,110.5,111.75,651154,225980,13184
DMART,12-MAR-2021,3183.0,3228.9,3113.0,3129.35,253802,122469,29808
DOLAT,12-MAR-2021,59.95,61.2,56.05,57.25,512250,164524,7060
DOLLAR,12-MAR-2021,265.0,269.7,258.65,260.65,82774,41627,1811
DONEAR,12-MAR-2021,36.3,36.3,35.0,35.5,120033,37126,1658
DPABHUSHAN,12-MAR-2021,113.8,122.0,113.8,121.0,28148,12351,408
DPSCLTD,12-MAR-2021,12.95,13.4,12.95,13.15,63920,61233,356
DPWIRES,12-MAR-2021,115.95,117.8,112.9,114.3,4127,3165,96
DREDGECORP,12-MAR-2021,403.8,404.6,388.05,391.6,137635,48502,5181
DRREDDY,12-MAR-2021,4520.0,4529.95,4403.1,4426.5,687852,317959,56974
DSSL,12-MAR-2021,75.0,77.7,72.5,73.35,79796,48549,1100
DTIL,12-MAR-2021,279.85,289.95,276.65,278.25,4616,2054,390
DUCON,12-MAR-2021,6.0,6.1,5.7,5.85,95318,64085,210
DVL,12-MAR-2021,104.9,108.4,101.15,102.2,242175,113129,4032
DWARKESH,12-MAR-2021,35.05,36.0,34.1,34.3,2127302,640462,6109
DYNAMATECH,12-MAR-2021,943.0,943.0,929.65,932.25,6195,4339,466
DYNPRO,12-MAR-2021,497.9,499.0,477.6,481.25,96468,32223,6669
EBANK,12-MAR-2021,3975.9,3975.9,3856.63,3975.9,7,5,7
EBBETF0423,12-MAR-2021,1110.0,1110.0,1108.05,1109.14,3745,2665,103
EBBETF0425,12-MAR-2021,1018.0,1018.0,1015.01,1015.06,9040,9002,272
EBBETF0430,12-MAR-2021,1111.93,1111.99,1107.0,1109.04,34740,24177,258
EBBETF0431,12-MAR-2021,1000.0,1000.0,996.09,998.71,35911,35188,363
EBIXFOREX,12-MAR-2021,511.0,512.95,480.1,484.0,3912,2522,393
ECLERX,12-MAR-2021,979.0,993.9,955.4,972.15,40801,21850,4088
EDELWEISS,12-MAR-2021,84.3,86.9,81.05,83.15,9138516,3326144,45811
EICHERMOT,12-MAR-2021,2699.0,2699.0,2610.1,2637.5,1109504,381735,80984
EIDPARRY,12-MAR-2021,365.0,365.55,352.3,354.6,217066,98130,7065
EIHAHOTELS,12-MAR-2021,278.55,284.0,272.75,273.8,5904,3209,389
EIHOTEL,12-MAR-2021,109.45,109.45,105.1,106.6,684241,307948,12556
EIMCOELECO,12-MAR-2021,375.0,377.25,357.15,359.55,3343,2511,212
EKC,12-MAR-2021,75.0,79.0,74.7,76.9,607446,261966,7145
ELECON,12-MAR-2021,64.0,68.5,63.5,67.65,1631793,742242,11984
ELECTCAST,12-MAR-2021,26.2,26.5,25.45,25.7,644568,440179,1722
ELECTHERM,12-MAR-2021,118.2,119.8,114.6,116.2,78711,42074,1372
ELGIEQUIP,12-MAR-2021,205.7,208.6,198.1,201.95,214184,117176,5482
ELGIRUBCO,12-MAR-2021,31.0,32.5,29.5,31.45,161058,65840,677
EMAMILTD,12-MAR-2021,489.0,489.0,478.15,487.35,313677,115556,11212
EMAMIPAP,12-MAR-2021,103.75,103.75,97.15,97.4,15871,6707,590
EMAMIREAL,12-MAR-2021,51.05,51.8,50.0,50.2,45268,37435,393
EMKAY,12-MAR-2021,81.0,84.9,79.3,79.95,148021,84945,2366
EMMBI,12-MAR-2021,82.4,84.3,79.75,80.75,50534,31932,1045
ENDURANCE,12-MAR-2021,1420.0,1420.0,1395.25,1407.8,152771,113921,15127
ENGINERSIN,12-MAR-2021,83.5,84.8,81.2,82.9,5472056,2188219,21636
ENIL,12-MAR-2021,168.0,173.0,166.65,171.55,129157,79778,2357
EPL,12-MAR-2021,221.0,229.95,219.4,227.1,758505,468550,20732
EQ30,12-MAR-2021,428.64,430.55,428.64,428.64,20,19,9
EQUITAS,12-MAR-2021,94.4,94.4,88.75,92.3,2082591,807103,14482
EQUITASBNK,12-MAR-2021,61.75,61.9,58.75,59.4,963201,601748,6813
ERIS,12-MAR-2021,593.95,606.95,569.45,583.3,476005,207477,37243
EROSMEDIA,12-MAR-2021,30.15,30.75,29.1,29.6,196371,126887,1219
ESABINDIA,12-MAR-2021,1900.0,1929.0,1889.0,1896.3,10924,5411,1348
ESCORTS,12-MAR-2021,1371.0,1389.4,1358.3,1380.65,864530,259581,45336
ESSARSHPNG,12-MAR-2021,10.15,10.15,9.2,9.6,49121,31363,289
ESTER,12-MAR-2021,114.95,121.5,111.9,117.1,690711,286915,9616
EUROTEXIND,12-MAR-2021,8.25,8.25,8.25,8.25,101,101,2
EVEREADY,12-MAR-2021,300.05,301.65,288.3,290.95,239701,166808,5004
EVERESTIND,12-MAR-2021,325.5,329.0,315.1,319.25,57026,30268,2374
EXCEL,12-MAR-2021,2.85,2.9,2.75,2.8,101657,84599,122
EXCELINDUS,12-MAR-2021,886.85,904.9,851.55,871.65,18958,9226,2740
EXIDEIND,12-MAR-2021,204.8,205.45,200.15,201.45,2732933,1106304,30454
EXPLEOSOL,12-MAR-2021,519.9,519.9,502.5,505.4,18982,12252,1052
FACT,12-MAR-2021,117.2,125.95,115.35,118.3,1720176,282453,26420
FAIRCHEMOR,12-MAR-2021,659.0,668.0,632.75,643.05,18019,15296,548
FCL,12-MAR-2021,67.0,67.5,63.9,64.25,291473,223195,1880
FCONSUMER,12-MAR-2021,7.9,8.0,7.7,7.75,3273317,1920044,10271
FDC,12-MAR-2021,291.15,296.0,290.1,293.75,145093,87289,4261
FEDERALBNK,12-MAR-2021,87.25,87.8,84.4,85.25,15241292,3869751,46338
FEL,12-MAR-2021,10.45,10.5,10.2,10.25,815727,617190,1266
FELDVR,12-MAR-2021,13.75,13.75,13.4,13.7,22918,17061,172
FIEMIND,12-MAR-2021,621.95,622.0,595.05,598.5,15921,8838,1698
FILATEX,12-MAR-2021,68.0,71.35,66.5,67.0,577444,287041,3763
FINCABLES,12-MAR-2021,405.95,409.85,397.6,402.75,182648,95960,12149
FINEORG,12-MAR-2021,2465.0,2474.8,2366.15,2381.9,32073,16566,6666
FINPIPE,12-MAR-2021,657.0,658.8,630.1,636.75,132312,76364,10227
FLFL,12-MAR-2021,79.3,79.5,77.5,77.95,226786,131039,1774
FLUOROCHEM,12-MAR-2021,605.0,619.0,605.0,614.6,202161,101561,6318
FMGOETZE,12-MAR-2021,307.7,309.0,304.95,307.45,14773,12789,315
FMNL,12-MAR-2021,17.7,18.0,17.4,17.5,40616,32817,195
FORCEMOT,12-MAR-2021,1314.5,1329.2,1292.0,1296.3,26603,14994,2523
FORTIS,12-MAR-2021,182.4,183.45,177.7,180.05,3619549,1552691,34436
FOSECOIND,12-MAR-2021,1214.9,1240.0,1214.9,1222.1,957,823,136
FRETAIL,12-MAR-2021,69.5,69.85,68.35,68.65,2424120,1428700,24831
FSC,12-MAR-2021,93.8,94.2,91.5,91.8,63371,38391,1169
FSL,12-MAR-2021,104.65,105.8,102.5,103.5,2085681,992529,17792
G5,12-MAR-2021,46.97,46.98,46.93,46.93,40082,40010,18
GABRIEL,12-MAR-2021,119.0,119.25,98.0,115.9,1417759,1002636,13759
GAEL,12-MAR-2021,136.5,140.4,136.0,137.1,360377,158144,4090
GAIL,12-MAR-2021,150.5,152.45,145.65,146.85,15549201,2725207,71997
GAL,12-MAR-2021,2.35,2.35,2.25,2.3,126076,83677,129
GALAXYSURF,12-MAR-2021,2370.0,2411.0,2341.3,2389.8,16686,9243,2808
GALLANTT,12-MAR-2021,47.3,48.55,46.65,46.95,20283,12524,308
GALLISPAT,12-MAR-2021,39.6,39.75,38.7,39.05,9637,6859,120
GAMMNINFRA,12-MAR-2021,0.85,0.9,0.8,0.85,4864033,3266969,19316
GANDHITUBE,12-MAR-2021,277.15,284.45,270.0,271.3,17243,7942,873
GANECOS,12-MAR-2021,633.0,644.95,619.35,623.55,25521,17516,1778
GANESHHOUC,12-MAR-2021,54.3,55.7,51.25,53.6,260659,247885,394
GANGESSECU,12-MAR-2021,61.35,64.55,61.3,63.3,676,441,31
GARFIBRES,12-MAR-2021,2600.0,2602.45,2533.55,2537.65,13644,9779,2895
GATI,12-MAR-2021,109.9,110.9,104.4,106.1,1473526,577485,14346
GAYAPROJ,12-MAR-2021,36.8,37.45,35.4,36.5,382408,212202,1949
GBGLOBAL,12-MAR-2021,6.95,7.25,6.7,7.2,5304,4735,33
GDL,12-MAR-2021,186.9,187.6,183.05,185.25,85184,56998,4189
GEECEE,12-MAR-2021,98.9,107.35,98.05,104.65,51041,28532,1695
GEEKAYWIRE,12-MAR-2021,80.75,80.75,77.95,78.35,24413,21712,57
GENCON,12-MAR-2021,55.55,55.6,53.1,53.55,27055,23656,182
GENUSPAPER,12-MAR-2021,7.75,8.05,7.6,7.7,320546,251357,479
GENUSPOWER,12-MAR-2021,50.95,55.35,50.1,52.55,1509190,637313,7750
GEOJITFSL,12-MAR-2021,60.5,61.7,57.55,58.05,942119,537176,7893
GEPIL,12-MAR-2021,294.0,294.0,283.7,285.6,76846,41988,2498
GESHIP,12-MAR-2021,318.8,332.6,315.55,319.2,608766,393851,24365
GET&D,12-MAR-2021,133.95,137.4,130.6,132.35,148164,59420,3444
GFLLIMITED,12-MAR-2021,89.5,90.85,87.0,87.75,185109,128628,2217
GFSTEELS,12-MAR-2021,1.9,1.95,1.9,1.95,3870,3870,5
GHCL,12-MAR-2021,244.7,245.0,240.4,243.05,197452,92317,3929
GICHSGFIN,12-MAR-2021,137.1,137.65,133.05,133.85,393694,158961,5093
GICRE,12-MAR-2021,205.55,212.0,204.0,207.8,1772372,547429,29827
GILLANDERS,12-MAR-2021,48.0,48.0,46.05,47.3,15972,14602,369
GILLETTE,12-MAR-2021,5618.0,5699.0,5574.45,5668.95,7052,4695,2945
GINNIFILA,12-MAR-2021,20.25,20.45,19.5,19.75,84519,40203,367
GIPCL,12-MAR-2021,85.0,85.45,81.55,82.2,467723,234181,7118
GISOLUTION,12-MAR-2021,2.65,2.65,2.65,2.65,3574,3574,5
GKWLIMITED,12-MAR-2021,518.95,535.95,505.0,511.15,1446,663,415
GLAND,12-MAR-2021,2513.35,2513.35,2461.05,2473.0,177470,116942,27237
GLAXO,12-MAR-2021,1480.0,1485.15,1445.1,1450.7,40890,24890,5177
GLENMARK,12-MAR-2021,491.95,492.95,477.0,478.75,1561235,645546,54436
GLFL,12-MAR-2021,2.85,2.95,2.75,2.8,18570,16718,68
GLOBAL,12-MAR-2021,50.1,50.15,48.5,49.15,1567,1150,58
GLOBOFFS,12-MAR-2021,8.4,8.4,7.75,7.85,14333,12331,58
GLOBUSSPR,12-MAR-2021,327.3,331.35,320.15,322.2,122389,52105,4080
GMBREW,12-MAR-2021,426.05,433.15,419.0,422.85,14267,8067,814
GMDCLTD,12-MAR-2021,62.0,62.35,59.8,60.25,1286681,461776,7089
GMMPFAUDLR,12-MAR-2021,4458.0,4478.8,4254.0,4313.25,68912,31602,13924
GMRINFRA,12-MAR-2021,28.1,28.3,27.1,27.35,12869564,4077308,36723
GNA,12-MAR-2021,390.0,393.55,386.5,389.25,117381,92345,2371
GNFC,12-MAR-2021,311.95,321.0,305.45,308.05,1312127,351560,17314
GOACARBON,12-MAR-2021,334.0,339.9,318.0,320.05,51594,20876,2815
GOCLCORP,12-MAR-2021,232.8,232.8,225.0,226.6,9802,7664,378
GODFRYPHLP,12-MAR-2021,907.95,912.35,895.0,897.3,46794,25022,2583
GODHA,12-MAR-2021,53.1,53.1,48.45,49.5,3542,2415,76
GODREJAGRO,12-MAR-2021,494.0,494.0,481.1,485.3,140437,94778,6718
GODREJCP,12-MAR-2021,698.95,703.75,685.0,686.4,1100332,361349,24730
GODREJIND,12-MAR-2021,502.95,507.7,477.0,486.6,950036,353283,46933
GODREJPROP,12-MAR-2021,1485.0,1493.0,1445.05,1450.05,498077,140694,21345
GOKEX,12-MAR-2021,80.6,82.8,79.0,79.2,270657,132448,3331
GOKUL,12-MAR-2021,18.9,18.9,18.25,18.5,49528,33185,226
GOKULAGRO,12-MAR-2021,23.7,23.7,22.85,23.3,253131,182065,602
GOLDBEES,12-MAR-2021,39.8,39.8,38.57,38.63,8194416,6517774,30553
GOLDENTOBC,12-MAR-2021,46.95,46.95,45.15,45.3,6892,5177,176
GOLDIAM,12-MAR-2021,339.7,362.95,335.25,338.15,157986,63516,5559
GOLDSHARE,12-MAR-2021,4030.0,4049.7,4002.0,4005.05,5120,4006,735
GOODLUCK,12-MAR-2021,74.1,74.35,70.25,71.0,193258,72721,3065
GOODYEAR,12-MAR-2021,970.1,974.65,960.3,962.55,12209,8097,1512
GPIL,12-MAR-2021,558.85,565.0,555.05,561.7,95005,61150,4816
GPPL,12-MAR-2021,103.05,104.85,100.0,101.0,525160,291324,10701
GPTINFRA,12-MAR-2021,42.85,42.85,40.8,41.1,17419,13498,230
GRANULES,12-MAR-2021,353.55,359.7,342.7,346.25,3281770,1067312,57089
GRAPHITE,12-MAR-2021,519.45,537.0,506.5,519.65,4541536,1082712,116014
GRASIM,12-MAR-2021,1395.0,1404.95,1375.0,1379.5,1206112,545299,42988
GRAVITA,12-MAR-2021,111.9,111.9,106.0,107.1,186288,105167,3190
GREAVESCOT,12-MAR-2021,151.25,151.9,142.5,143.9,1420785,734312,22777
GREENLAM,12-MAR-2021,923.05,929.35,911.0,918.15,4886,3776,656
GREENPANEL,12-MAR-2021,175.0,179.3,172.0,179.3,4085530,2427261,18867
GREENPLY,12-MAR-2021,183.0,196.9,183.0,186.8,780719,520882,8984
GRINDWELL,12-MAR-2021,939.0,959.0,910.0,921.05,33774,15047,5751
GROBTEA,12-MAR-2021,986.0,999.0,977.8,987.05,383,178,111
GRPLTD,12-MAR-2021,842.45,877.8,836.6,867.6,3358,1678,650
GRSE,12-MAR-2021,206.4,213.95,205.4,207.8,444835,147470,8070
GSCLCEMENT,12-MAR-2021,38.4,38.4,36.65,36.95,140305,84509,1059
GSFC,12-MAR-2021,99.4,100.4,95.2,96.0,3564713,1010344,19053
GSPL,12-MAR-2021,280.0,283.0,276.15,277.95,1745805,1154950,27800
GSS,12-MAR-2021,57.0,57.25,55.15,56.15,202297,88726,5222
GTL,12-MAR-2021,6.6,6.75,6.55,6.65,230576,164196,3445
GTLINFRA,12-MAR-2021,1.0,1.05,0.95,0.95,21262404,14446529,4561
GTNIND,12-MAR-2021,11.95,12.25,11.5,11.95,6408,4560,117
GTNTEX,12-MAR-2021,5.5,5.7,5.5,5.7,359,359,3
GTPL,12-MAR-2021,127.3,127.5,123.55,123.95,69798,41825,1042
GUFICBIO,12-MAR-2021,113.8,114.0,111.35,111.65,36007,22361,925
GUJALKALI,12-MAR-2021,354.0,357.95,344.2,347.25,161383,90572,4071
GUJAPOLLO,12-MAR-2021,213.25,214.95,212.65,213.8,1408,1057,185
GUJGASLTD,12-MAR-2021,540.0,543.5,515.7,518.5,1366818,603034,33523
GULFOILLUB,12-MAR-2021,736.05,744.95,725.0,733.75,18468,9303,2132
GULFPETRO,12-MAR-2021,43.3,43.3,41.25,41.55,34424,24015,362
GULPOLY,12-MAR-2021,95.0,98.0,94.0,94.4,126018,46288,2627
HAL,12-MAR-2021,1070.75,1083.0,1057.35,1061.25,341201,119147,17302
HAPPSTMNDS,12-MAR-2021,550.0,555.0,534.0,539.25,1115325,337323,29154
HARITASEAT,12-MAR-2021,762.05,762.05,720.4,722.2,3609,1725,465
HARRMALAYA,12-MAR-2021,151.0,160.8,148.55,153.6,651713,119547,17662
HATHWAY,12-MAR-2021,32.4,33.3,31.4,31.75,1009670,428836,4252
HATSUN,12-MAR-2021,776.5,803.95,772.5,786.7,166530,50024,8931
HAVELLS,12-MAR-2021,1128.4,1140.0,1097.85,1103.1,1726017,640034,43968
HBANKETF,12-MAR-2021,361.23,363.28,350.5,353.2,10440,5480,205
HBLPOWER,12-MAR-2021,39.6,40.5,38.1,38.75,656302,326208,4057
HCC,12-MAR-2021,9.7,9.8,9.0,9.0,4760633,3153104,3900
HCG,12-MAR-2021,180.0,181.7,175.55,178.0,326289,204797,6689
HCL-INSYS,12-MAR-2021,10.7,10.7,10.7,10.7,281579,281579,674
HCLTECH,12-MAR-2021,988.5,1002.8,973.6,979.25,6447010,2999479,189085
HDFC,12-MAR-2021,2662.0,2667.95,2556.35,2568.0,3487185,2120223,135588
HDFCAMC,12-MAR-2021,3118.5,3153.8,3050.0,3063.2,227797,119752,18546
HDFCBANK,12-MAR-2021,1600.0,1600.0,1535.05,1551.95,7815602,3634899,236912
HDFCLIFE,12-MAR-2021,739.8,739.8,710.0,710.8,3271450,1286615,110121
HDFCMFGETF,12-MAR-2021,39.96,40.24,39.65,39.73,1258677,795790,2356
HDFCNIFETF,12-MAR-2021,159.99,162.0,157.8,158.99,16713,9260,401
HDFCSENETF,12-MAR-2021,551.99,551.99,541.1,542.31,3193,2012,242
HEG,12-MAR-2021,1623.7,1685.45,1593.05,1634.25,1314048,209438,79284
HEIDELBERG,12-MAR-2021,227.15,231.0,224.0,227.35,202550,87850,4907
HERANBA,12-MAR-2021,800.0,804.0,758.1,761.75,652564,257719,30736
HERCULES,12-MAR-2021,128.0,130.0,124.25,125.05,58355,31963,1339
HERITGFOOD,12-MAR-2021,340.5,344.05,324.8,340.25,269481,148671,9982
HEROMOTOCO,12-MAR-2021,3355.0,3419.0,3310.0,3350.55,1098158,452359,59850
HESTERBIO,12-MAR-2021,1678.0,1790.0,1674.6,1743.55,11404,4526,1762
HFCL,12-MAR-2021,28.8,29.35,28.2,28.3,6643224,2609741,9202
HGINFRA,12-MAR-2021,288.0,290.9,274.0,274.95,161096,106337,7347
HGS,12-MAR-2021,1205.45,1212.65,1176.4,1179.75,25113,15731,1938
HIKAL,12-MAR-2021,161.0,163.8,157.65,159.15,357962,164318,5134
HIL,12-MAR-2021,3027.0,3096.45,3024.05,3074.35,12581,9357,1887
HILTON,12-MAR-2021,11.65,11.65,10.6,10.85,31339,25885,156
HIMATSEIDE,12-MAR-2021,165.8,165.8,156.0,158.05,206008,116499,6750
HINDALCO,12-MAR-2021,341.55,345.0,327.45,330.2,15035151,5980947,111302
HINDCOMPOS,12-MAR-2021,299.55,303.0,293.3,296.15,10831,7444,480
HINDCOPPER,12-MAR-2021,137.5,138.3,130.0,133.55,3020714,1173329,23200
HINDNATGLS,12-MAR-2021,26.0,28.0,25.1,27.1,568815,473076,4247
HINDOILEXP,12-MAR-2021,109.5,112.6,105.6,107.3,1298028,431206,12558
HINDPETRO,12-MAR-2021,243.0,246.6,239.65,241.35,6538524,1995185,65880
HINDUNILVR,12-MAR-2021,2236.0,2239.9,2200.0,2204.75,2038930,1361752,107915
HINDZINC,12-MAR-2021,308.0,313.1,301.1,301.95,1066538,393861,27262
HIRECT,12-MAR-2021,140.0,142.15,137.5,137.95,10197,7612,311
HISARMETAL,12-MAR-2021,118.0,118.0,110.0,111.25,19848,13518,529
HITECH,12-MAR-2021,354.75,363.0,350.05,360.0,94387,32972,2121
HITECHCORP,12-MAR-2021,133.65,137.0,130.55,131.8,5432,4535,153
HITECHGEAR,12-MAR-2021,188.8,191.7,186.0,188.15,18931,13528,456
HLEGLAS,12-MAR-2021,2885.0,2910.2,2790.6,2840.25,10188,5841,1735
HLVLTD,12-MAR-2021,6.7,6.9,6.5,6.6,294855,203289,622
HMVL,12-MAR-2021,72.4,73.3,70.25,71.15,69172,38098,2078
HNDFDS,12-MAR-2021,2281.1,2360.1,2190.0,2214.1,26278,13697,5689
HNGSNGBEES,12-MAR-2021,346.0,352.3,346.0,346.7,1205,788,68
HOMEFIRST,12-MAR-2021,522.9,523.5,513.0,515.1,314517,196944,8505
HONAUT,12-MAR-2021,48912.0,49870.75,48651.45,48895.35,6511,3144,4097
HONDAPOWER,12-MAR-2021,1065.0,1079.0,1054.0,1060.05,8995,5487,972
HOVS,12-MAR-2021,47.0,47.0,45.1,47.0,75153,48121,517
HPL,12-MAR-2021,42.25,49.8,41.4,48.95,3224932,1101267,17407
HSCL,12-MAR-2021,47.0,47.7,45.35,45.55,9244217,3206423,26032
HSIL,12-MAR-2021,174.9,174.9,166.75,169.2,104916,60945,2912
HTMEDIA,12-MAR-2021,26.55,26.55,25.6,25.7,131359,97069,544
HUDCO,12-MAR-2021,51.55,51.55,48.6,49.55,2800872,931963,9317
HUHTAMAKI,12-MAR-2021,282.3,282.3,277.0,277.95,49104,27994,1563
IBMFNIFTY,12-MAR-2021,157.85,157.85,151.01,151.81,513,284,109
IBREALEST,12-MAR-2021,115.0,115.8,103.0,104.15,14490006,6454326,83891
IBULHSGFIN,12-MAR-2021,232.45,234.7,222.5,224.05,12893118,2847210,82333
ICEMAKE,12-MAR-2021,72.35,72.6,71.3,71.95,8844,5722,156
ICICI500,12-MAR-2021,209.48,210.5,206.5,206.74,1034,798,165
ICICIALPLV,12-MAR-2021,144.8,146.0,140.51,140.68,1815,1311,139
ICICIB22,12-MAR-2021,38.54,38.54,37.28,37.91,1561625,1288723,3775
ICICIBANK,12-MAR-2021,631.45,638.0,608.35,612.85,21757862,9775188,225340
ICICIBANKN,12-MAR-2021,402.9,402.9,349.85,352.11,12085,7994,514
ICICIBANKP,12-MAR-2021,204.7,204.7,186.0,187.43,38618,16183,741
ICICIGI,12-MAR-2021,1486.0,1510.0,1461.25,1471.2,773920,406893,44978
ICICIGOLD,12-MAR-2021,40.25,40.25,39.55,39.62,2042943,1922526,2497
ICICILIQ,12-MAR-2021,999.95,1000.0,999.95,999.99,17912,16994,50
ICICILOVOL,12-MAR-2021,120.7,122.7,118.1,118.67,41295,38635,649
ICICIM150,12-MAR-2021,93.8,94.5,91.75,92.15,16836,12037,252
ICICIMCAP,12-MAR-2021,89.0,89.0,87.0,87.8,10173,7674,183
ICICINF100,12-MAR-2021,178.0,178.0,163.02,163.34,3827,2868,300
ICICINIFTY,12-MAR-2021,182.1,182.1,158.63,160.04,1755648,1602827,6465
ICICINV20,12-MAR-2021,78.9,79.7,77.0,77.63,13485,11297,760
ICICINXT50,12-MAR-2021,36.77,36.77,34.1,35.46,50192,36448,455
ICICIPRULI,12-MAR-2021,485.0,485.7,461.0,461.8,6200011,2907786,108160
ICICISENSX,12-MAR-2021,574.7,574.7,547.5,548.1,1344,645,101
ICICITECH,12-MAR-2021,285.2,285.2,260.2,260.76,491855,455549,1257
ICIL,12-MAR-2021,126.6,128.0,121.5,123.3,293965,225719,4362
ICRA,12-MAR-2021,2763.95,2790.0,2713.85,2719.55,7254,6529,872
IDBI,12-MAR-2021,45.0,45.0,41.3,42.0,121222070,41479087,234012
IDBIGOLD,12-MAR-2021,4188.0,4315.0,4100.0,4112.5,543,101,146
IDEA,12-MAR-2021,10.45,10.6,10.15,10.2,185463143,40288943,212512
IDFC,12-MAR-2021,53.65,55.8,52.1,55.0,9781497,4918483,20423
IDFCFIRSTB,12-MAR-2021,67.3,68.1,65.3,66.95,33728099,9498758,68891
IDFNIFTYET,12-MAR-2021,161.7,161.7,152.15,156.75,2313,300,66
IEX,12-MAR-2021,310.7,349.0,310.25,328.25,10737005,3617833,263949
IFBAGRO,12-MAR-2021,432.3,436.85,421.0,422.75,8434,3705,620
IFBIND,12-MAR-2021,1130.05,1137.85,1095.0,1097.7,49313,32731,5518
IFCI,12-MAR-2021,14.8,15.7,14.3,15.5,68952374,20788068,71186
IFGLEXPOR,12-MAR-2021,262.5,269.0,253.75,265.5,469498,297171,5817
IGARASHI,12-MAR-2021,323.2,325.0,312.15,313.25,207131,140674,12199
IGL,12-MAR-2021,515.3,516.45,506.9,508.95,1832403,847140,26315
IGPL,12-MAR-2021,523.0,524.9,495.0,502.95,59596,34304,3058
IIFL,12-MAR-2021,299.9,314.5,299.9,313.15,902455,491266,13440
IIFLSEC,12-MAR-2021,56.0,56.0,53.7,53.9,377407,228441,2186
IIFLWAM,12-MAR-2021,1198.0,1215.2,1163.4,1201.5,28512,19474,4164
IITL,12-MAR-2021,60.1,61.7,60.0,60.9,1403,1073,52
IMFA,12-MAR-2021,469.0,477.35,462.5,464.6,35145,23855,1521
IMPAL,12-MAR-2021,704.2,714.0,700.1,709.45,5074,3799,358
IMPEXFERRO,12-MAR-2021,0.8,0.8,0.8,0.8,1881,1881,7
INDBANK,12-MAR-2021,14.05,14.4,13.7,13.85,98269,56881,512
INDHOTEL,12-MAR-2021,127.5,127.5,123.75,125.1,1371994,617708,14821
INDIACEM,12-MAR-2021,172.0,175.75,170.4,172.35,1842836,554049,19851
INDIAGLYCO,12-MAR-2021,600.0,609.0,527.95,532.65,1014980,429315,28302
INDIAMART,12-MAR-2021,8499.95,8595.0,8330.4,8488.7,238804,57007,50248
INDIANB,12-MAR-2021,137.25,137.35,128.85,131.5,1672189,602661,14119
INDIANCARD,12-MAR-2021,156.0,156.0,144.5,145.75,1409,966,74
INDIANHUME,12-MAR-2021,197.3,198.7,188.5,190.3,62998,36784,2007
INDIGO,12-MAR-2021,1687.9,1705.0,1657.35,1663.95,530235,117862,19450
INDIGOPNTS,12-MAR-2021,2529.4,2559.3,2490.0,2500.95,51953,23495,6982
INDLMETER,12-MAR-2021,17.1,17.4,16.1,16.25,7041,4542,100
INDNIPPON,12-MAR-2021,395.0,395.0,378.0,380.6,17347,10412,901
INDOCO,12-MAR-2021,288.7,298.7,284.45,292.8,149045,80135,3929
INDORAMA,12-MAR-2021,39.0,40.0,37.7,38.4,39366,27769,372
INDOSTAR,12-MAR-2021,325.05,350.5,325.05,336.3,52419,22052,2511
INDOTECH,12-MAR-2021,103.7,104.8,101.0,101.1,12613,5513,561
INDRAMEDCO,12-MAR-2021,54.2,55.0,53.45,53.65,100513,57895,1088
INDSWFTLAB,12-MAR-2021,82.45,82.45,82.45,82.45,72929,72929,185
INDUSINDBK,12-MAR-2021,1052.0,1056.4,1015.65,1022.65,5735382,1893446,123230
INDUSTOWER,12-MAR-2021,257.0,261.0,251.25,252.65,1991571,808737,22721
INEOSSTYRO,12-MAR-2021,965.7,1029.0,962.6,989.6,70398,24964,5324
INFIBEAM,12-MAR-2021,96.8,113.7,96.6,98.4,15426579,11368529,35740
INFOBEAN,12-MAR-2021,147.5,151.9,145.95,148.4,30140,23600,332
INFRABEES,12-MAR-2021,447.8,448.0,436.1,440.26,1706,1410,105
INFY,12-MAR-2021,1373.0,1391.7,1370.05,1374.85,9462061,6173518,199285
INGERRAND,12-MAR-2021,734.0,750.0,730.1,743.55,17611,9693,1496
INOXLEISUR,12-MAR-2021,325.0,328.0,320.0,321.05,300698,134845,12613
INOXWIND,12-MAR-2021,69.65,70.6,67.8,70.0,117009,84321,1372
INSECTICID,12-MAR-2021,456.3,466.0,456.3,461.75,31855,19593,1232
INSPIRISYS,12-MAR-2021,45.0,47.35,44.55,44.7,13588,10036,237
INTELLECT,12-MAR-2021,487.1,509.0,483.35,498.05,966441,498896,30586
INTENTECH,12-MAR-2021,35.8,35.8,34.35,34.5,24447,20076,230
INVENTURE,12-MAR-2021,30.0,30.9,29.1,29.4,97316,60709,657
IOB,12-MAR-2021,18.1,18.3,16.9,17.15,10389356,5265921,13436
IOC,12-MAR-2021,100.25,102.3,100.2,101.3,34987666,10556631,96751
IOLCP,12-MAR-2021,629.0,634.65,602.05,612.1,479625,176321,20627
IPCALAB,12-MAR-2021,1940.1,1964.95,1926.0,1952.65,181015,117761,21779
IRB,12-MAR-2021,123.6,125.7,119.5,121.75,1789226,499155,13278
IRCON,12-MAR-2021,88.7,89.0,86.9,87.1,3952501,2261351,15643
IRCTC,12-MAR-2021,2030.0,2063.7,1965.0,1987.35,2502959,467241,127409
IRFC,12-MAR-2021,24.9,25.05,24.8,24.85,17086939,9349661,30141
IRISDOREME,12-MAR-2021,90.2,99.5,90.2,99.45,72987,31516,905
ISEC,12-MAR-2021,407.1,411.0,402.0,404.6,301429,180017,11529
ISFT,12-MAR-2021,67.5,68.55,65.05,68.35,35641,29654,337
ISMTLTD,12-MAR-2021,10.55,10.8,10.2,10.75,183951,134976,359
ITC,12-MAR-2021,208.0,208.0,203.5,205.2,30787960,16913213,188084
ITDC,12-MAR-2021,455.0,459.0,402.4,405.3,1985537,500291,58301
ITDCEM,12-MAR-2021,83.6,87.75,82.6,83.5,1568577,357610,18131
ITI,12-MAR-2021,132.5,133.7,127.8,129.05,1615021,385397,15432
IVC,12-MAR-2021,4.55,4.6,4.4,4.5,209321,117087,203
IVZINGOLD,12-MAR-2021,4100.0,4102.0,4020.0,4026.65,141,97,40
IVZINNIFTY,12-MAR-2021,1602.5,1650.58,1602.5,1638.55,51,50,15
IZMO,12-MAR-2021,53.25,56.8,52.1,52.85,49983,26633,667
J&KBANK,12-MAR-2021,29.4,30.25,29.0,29.25,4073000,2060779,8016
JAGRAN,12-MAR-2021,56.35,58.15,56.35,57.05,583912,323410,2986
JAGSNPHARM,12-MAR-2021,90.7,91.95,87.75,88.25,99246,31261,2181
JAICORPLTD,12-MAR-2021,100.5,101.8,96.7,98.15,1606889,301742,14131
JAMNAAUTO,12-MAR-2021,70.5,72.05,70.5,71.35,2136980,1029997,11652
JASH,12-MAR-2021,283.7,290.45,278.1,282.05,10278,7360,253
JAYAGROGN,12-MAR-2021,145.95,150.05,140.65,142.6,48822,15786,1087
JAYBARMARU,12-MAR-2021,244.0,249.75,242.4,243.6,31572,18444,930
JAYNECOIND,12-MAR-2021,12.0,12.25,11.75,12.25,980318,634784,1350
JAYSREETEA,12-MAR-2021,74.05,76.85,73.3,74.8,474504,130051,6851
JBCHEPHARM,12-MAR-2021,1231.0,1242.0,1208.0,1220.2,190131,123415,11155
JBFIND,12-MAR-2021,11.6,12.2,11.2,11.35,344418,258132,489
JBMA,12-MAR-2021,452.0,468.0,450.0,452.8,102299,62005,3652
JCHAC,12-MAR-2021,2757.0,2779.0,2693.95,2711.2,9656,4507,2424
JINDALPHOT,12-MAR-2021,45.8,45.85,44.85,45.85,13062,11846,100
JINDALPOLY,12-MAR-2021,786.0,858.25,786.0,858.0,721210,310632,20081
JINDALSAW,12-MAR-2021,84.4,84.4,80.15,81.2,1585953,516156,11437
JINDALSTEL,12-MAR-2021,327.0,332.5,314.0,317.65,8661309,1644892,80936
JINDRILL,12-MAR-2021,98.15,101.45,96.5,97.45,14043,8802,499
JINDWORLD,12-MAR-2021,54.4,55.0,53.45,54.0,139075,7057,817
JISLJALEQS,12-MAR-2021,25.25,25.45,23.7,23.7,3391561,2517015,5706
JKCEMENT,12-MAR-2021,2927.5,2952.65,2876.05,2924.75,113785,74130,8305
JKIL,12-MAR-2021,197.0,199.5,191.8,196.75,160003,112702,6466
JKLAKSHMI,12-MAR-2021,428.8,434.7,421.0,429.1,192550,82035,9294
JKPAPER,12-MAR-2021,152.3,154.0,148.25,151.0,717874,264033,8385
JKTYRE,12-MAR-2021,124.25,126.0,121.1,122.9,1920802,539830,13569
JMA,12-MAR-2021,34.8,34.8,33.6,34.1,3346,2721,70
JMCPROJECT,12-MAR-2021,83.65,84.4,80.2,80.8,228279,116291,2866
JMFINANCIL,12-MAR-2021,95.7,101.65,94.0,94.55,5906767,1296613,44704
JOCIL,12-MAR-2021,158.0,159.7,156.75,157.25,6399,4677,151
JPASSOCIAT,12-MAR-2021,8.1,8.4,8.05,8.3,12550324,6060079,23247
JPINFRATEC,12-MAR-2021,1.9,1.9,1.85,1.85,1137747,674520,697
JPPOWER,12-MAR-2021,2.8,2.9,2.7,2.75,33814285,17410772,11991
JSL,12-MAR-2021,73.75,73.9,71.55,72.0,379264,200394,3131
JSLHISAR,12-MAR-2021,125.4,126.5,120.9,122.85,325117,143101,3758
JSWENERGY,12-MAR-2021,86.2,87.8,84.6,85.6,6173267,2042150,25315
JSWHL,12-MAR-2021,3724.95,3790.0,3659.95,3685.2,1799,707,704
JSWISPL,12-MAR-2021,26.25,26.65,25.5,25.9,490510,314340,1830
JSWSTEEL,12-MAR-2021,418.15,428.45,414.0,418.75,13448994,1971105,129908
JTEKTINDIA,12-MAR-2021,90.5,91.3,88.0,88.25,204874,117971,2365
JUBLFOOD,12-MAR-2021,3030.0,3035.0,2960.15,2971.85,361232,106619,25727
JUBLINDS,12-MAR-2021,216.9,216.9,207.35,207.95,21295,14190,556
JUBLPHARMA,12-MAR-2021,766.85,799.8,766.75,784.0,160154,81327,10571
JUMPNET,12-MAR-2021,11.6,11.6,11.6,11.6,76200,76200,390
JUNIORBEES,12-MAR-2021,372.8,379.9,361.05,364.85,53939,38017,4512
JUSTDIAL,12-MAR-2021,998.8,1005.0,958.7,964.65,1223613,381523,49433
JYOTHYLAB,12-MAR-2021,149.05,149.85,148.15,148.8,278172,187904,7384
KABRAEXTRU,12-MAR-2021,152.0,179.8,151.85,179.35,1879042,480012,30101
KAJARIACER,12-MAR-2021,1000.0,1010.5,991.15,999.7,325531,233586,26354
KAKATCEM,12-MAR-2021,185.05,189.9,184.8,186.7,33241,21113,573
KALPATPOWR,12-MAR-2021,389.6,399.8,388.15,397.2,358933,210880,9824
KAMATHOTEL,12-MAR-2021,35.95,35.95,34.7,35.25,42330,34520,362
KAMDHENU,12-MAR-2021,141.9,142.0,136.8,138.05,45401,29266,1380
KANANIIND,12-MAR-2021,4.65,4.8,4.5,4.7,13879,8144,60
KANPRPLA,12-MAR-2021,161.0,164.95,159.45,160.05,21459,12449,738
KANSAINER,12-MAR-2021,582.0,583.8,570.15,574.0,162940,128062,5026
KARDA,12-MAR-2021,117.05,119.75,113.55,114.4,24085,6769,333
KARURVYSYA,12-MAR-2021,61.9,64.55,61.25,61.75,4815095,1870764,21158
KAUSHALYA,12-MAR-2021,2.0,2.0,2.0,2.0,13425,13425,13
KAYA,12-MAR-2021,312.0,325.0,312.0,318.45,37455,16658,4343
KCP,12-MAR-2021,81.8,83.9,80.0,80.8,334875,133429,4720
KCPSUGIND,12-MAR-2021,16.5,16.75,16.15,16.2,293866,132390,779
KDDL,12-MAR-2021,292.3,294.05,283.0,284.95,8579,7338,161
KEC,12-MAR-2021,452.5,464.0,451.3,460.65,336393,236362,10792
KECL,12-MAR-2021,14.25,14.25,13.55,13.75,103839,68617,441
KEERTI,12-MAR-2021,28.55,28.85,27.55,28.05,43483,20635,286
KEI,12-MAR-2021,485.3,497.0,485.3,494.7,96291,71228,7015
KELLTONTEC,12-MAR-2021,73.65,74.0,71.8,73.1,307242,183610,2366
KENNAMET,12-MAR-2021,1120.55,1144.5,1096.05,1107.9,3277,2630,496
KESORAMIND,12-MAR-2021,82.6,83.05,76.8,78.25,1118182,422006,9614
KEYFINSERV,12-MAR-2021,60.7,65.9,60.7,62.5,4207,2959,97
KHADIM,12-MAR-2021,173.05,179.0,168.0,172.6,75426,34048,1958
KHAICHEM,12-MAR-2021,25.4,25.4,23.65,24.5,277574,149984,3130
KHANDSE,12-MAR-2021,13.4,13.4,12.65,13.25,2357,1625,38
KICL,12-MAR-2021,1576.05,1580.15,1515.15,1553.4,1066,584,296
KILITCH,12-MAR-2021,85.65,86.4,81.1,81.9,27126,23547,457
KINGFA,12-MAR-2021,669.0,693.0,658.8,663.15,12197,3729,3221
KIOCL,12-MAR-2021,164.0,164.05,158.0,158.95,120925,55337,3759
KIRIINDUS,12-MAR-2021,465.0,472.5,457.1,460.9,79468,40763,2982
KIRLFER,12-MAR-2021,165.1,165.85,155.05,159.05,182676,93523,7228
KIRLOSBROS,12-MAR-2021,193.8,198.0,192.0,195.85,174677,75367,6337
KIRLOSENG,12-MAR-2021,162.2,163.05,158.6,159.7,173651,98660,4612
KIRLOSIND,12-MAR-2021,1317.95,1318.0,1275.05,1298.05,3640,2351,538
KITEX,12-MAR-2021,112.9,115.7,110.55,111.3,452364,185590,7770
KKCL,12-MAR-2021,959.35,959.85,935.0,938.5,1724,734,509
KMSUGAR,12-MAR-2021,13.5,13.5,12.55,12.85,387027,248221,1003
KNRCON,12-MAR-2021,216.9,217.5,209.4,211.9,813597,380160,15911
KOKUYOCMLN,12-MAR-2021,63.4,65.6,62.1,62.75,383503,137489,5494
KOLTEPATIL,12-MAR-2021,245.2,262.7,241.6,244.35,101712,55263,3232
KOPRAN,12-MAR-2021,114.45,115.9,110.0,111.4,288209,169474,5439
KOTAKBANK,12-MAR-2021,1979.0,1980.0,1912.0,1935.15,2620265,1297346,82972
KOTAKBKETF,12-MAR-2021,374.3,385.2,355.0,358.43,66859,52965,897
KOTAKGOLD,12-MAR-2021,393.95,393.95,386.85,387.85,60716,37991,1878
KOTAKIT,12-MAR-2021,28.5,28.5,25.33,25.6,20422,10147,134
KOTAKNIFTY,12-MAR-2021,160.4,160.4,156.4,156.72,39976,21054,752
KOTAKNV20,12-MAR-2021,79.9,80.5,77.15,79.24,6614,4008,154
KOTAKPSUBK,12-MAR-2021,232.95,233.5,225.4,226.77,34340,29705,489
KOTARISUG,12-MAR-2021,23.5,24.35,23.15,23.45,75513,56895,327
KOTHARIPET,12-MAR-2021,27.55,28.65,27.2,27.55,94997,54598,376
KOTHARIPRO,12-MAR-2021,71.0,72.0,70.2,70.7,3968,2580,118
KPITTECH,12-MAR-2021,159.8,160.85,155.05,157.1,2819710,933063,28230
KPRMILL,12-MAR-2021,1091.75,1120.0,1073.65,1100.7,129388,48993,14463
KRBL,12-MAR-2021,192.9,197.0,191.0,192.45,370563,177673,8622
KREBSBIO,12-MAR-2021,106.95,107.05,103.0,103.9,6615,4922,156
KRIDHANINF,12-MAR-2021,4.15,4.15,3.85,3.9,76680,68732,201
KRISHANA,12-MAR-2021,77.0,82.95,71.0,79.5,7127,4714,182
KSB,12-MAR-2021,816.0,824.0,776.5,788.05,77464,61631,2954
KSCL,12-MAR-2021,509.95,515.25,505.85,513.55,130458,76506,7105
KSL,12-MAR-2021,321.4,325.95,316.6,319.2,67932,35481,2910
KTKBANK,12-MAR-2021,68.65,68.8,67.05,67.3,1871681,671827,8947
KUANTUM,12-MAR-2021,73.4,81.0,70.85,75.35,312719,160505,4189
L&TFH,12-MAR-2021,107.0,108.35,104.5,105.3,9820870,2207563,36923
LALPATHLAB,12-MAR-2021,2370.0,2385.7,2322.65,2340.2,116648,51814,12607
LAMBODHARA,12-MAR-2021,64.65,65.95,61.0,61.45,84356,44164,1164
LAOPALA,12-MAR-2021,226.85,228.5,220.5,221.7,144723,105455,3417
LASA,12-MAR-2021,69.0,70.2,67.55,68.25,82916,44830,1562
LAURUSLABS,12-MAR-2021,367.55,373.7,361.0,363.15,4399696,1991990,52005
LAXMIMACH,12-MAR-2021,6779.95,7550.0,6764.85,7329.15,46633,18370,13438
LEMONTREE,12-MAR-2021,42.05,42.25,40.7,41.05,1071115,686158,6779
LFIC,12-MAR-2021,82.95,82.95,82.9,82.9,146,104,13
LGBBROSLTD,12-MAR-2021,353.0,356.0,335.15,338.45,156772,83049,5982
LIBERTSHOE,12-MAR-2021,141.2,142.5,138.0,139.05,45825,23328,1444
LICHSGFIN,12-MAR-2021,435.15,441.8,427.45,429.95,2896577,740497,49679
LICNETFGSC,12-MAR-2021,21.59,21.59,21.32,21.37,3880,3429,113
LICNETFN50,12-MAR-2021,157.0,163.65,156.05,159.61,355,269,128
LICNETFSEN,12-MAR-2021,548.25,548.25,536.3,542.68,629,78,51
LICNFNHGP,12-MAR-2021,160.81,160.81,154.02,157.35,897,408,190
LIKHITHA,12-MAR-2021,323.2,326.0,310.0,314.9,245425,72407,4855
LINCOLN,12-MAR-2021,253.5,259.95,246.1,250.25,401822,164162,8751
LINCPEN,12-MAR-2021,173.5,173.5,163.5,165.35,11010,8649,424
LINDEINDIA,12-MAR-2021,1640.0,1793.05,1640.0,1771.95,78876,40580,6936
LIQUIDBEES,12-MAR-2021,1002.39,1002.39,998.11,1000.0,832305,544536,5248
LIQUIDETF,12-MAR-2021,1000.04,1000.04,999.99,1000.0,14775,12915,46
LOTUSEYE,12-MAR-2021,41.0,44.0,39.75,43.25,297860,214485,1590
LOVABLE,12-MAR-2021,91.1,96.45,90.0,92.95,106516,36440,1386
LT,12-MAR-2021,1526.3,1565.0,1503.15,1514.0,4885349,1911182,147137
LTI,12-MAR-2021,4168.0,4174.95,4000.0,4016.05,354537,144608,39733
LTTS,12-MAR-2021,2781.0,2810.0,2726.0,2741.75,263969,103693,27526
LUMAXIND,12-MAR-2021,1650.0,1686.65,1620.3,1635.0,5349,2993,1335
LUMAXTECH,12-MAR-2021,162.25,162.25,153.25,156.15,116921,46717,7557
LUPIN,12-MAR-2021,1064.0,1064.0,1042.9,1049.5,1759310,444430,28712
LUXIND,12-MAR-2021,1790.0,1799.9,1735.0,1749.6,32745,12272,3197
LYPSAGEMS,12-MAR-2021,5.4,5.45,5.0,5.1,89732,70826,165
M&M,12-MAR-2021,869.5,876.2,844.15,855.8,4012449,1585576,84366
M&MFIN,12-MAR-2021,213.25,214.75,206.45,208.9,6335768,2069627,34573
M100,12-MAR-2021,26.67,26.67,25.7,25.82,50938,39587,833
M50,12-MAR-2021,150.35,153.1,145.29,146.03,1864,1318,102
MAANALU,12-MAR-2021,157.85,158.7,150.2,151.75,19861,10844,773
MADHAV,12-MAR-2021,57.0,58.1,54.0,54.75,37633,22012,692
MAESGETF,12-MAR-2021,25.63,25.87,25.38,25.42,147271,141561,159
MAGADSUGAR,12-MAR-2021,119.9,121.05,115.3,116.15,13549,6083,499
MAGMA,12-MAR-2021,140.45,142.15,128.65,133.05,4011342,2319178,21159
MAHABANK,12-MAR-2021,23.7,25.3,22.9,22.95,9019956,3903359,14371
MAHASTEEL,12-MAR-2021,93.45,93.45,85.2,88.05,25232,16635,475
MAHEPC,12-MAR-2021,163.4,163.4,156.0,157.85,151215,81005,2778
MAHESHWARI,12-MAR-2021,89.0,89.0,84.55,85.2,19260,13012,412
MAHINDCIE,12-MAR-2021,172.5,182.6,172.15,175.05,1059504,252738,16602
MAHLIFE,12-MAR-2021,543.0,553.0,540.0,548.5,47855,27970,3121
MAHLOG,12-MAR-2021,557.0,602.0,551.9,566.2,707413,128634,35445
MAHSCOOTER,12-MAR-2021,3730.0,3730.0,3661.0,3697.65,4217,2809,975
MAHSEAMLES,12-MAR-2021,288.9,291.9,282.0,284.85,87539,55675,2401
MAITHANALL,12-MAR-2021,600.1,609.95,596.1,597.9,40422,26047,2530
MALUPAPER,12-MAR-2021,28.05,28.3,27.3,27.35,22555,11979,157
MAN50ETF,12-MAR-2021,165.2,170.15,153.25,153.4,31480,26676,169
MANAKALUCO,12-MAR-2021,9.15,9.8,8.75,9.1,25981,16266,158
MANAKCOAT,12-MAR-2021,13.05,14.3,13.05,14.3,121283,99818,395
MANAKSIA,12-MAR-2021,56.0,56.95,54.7,55.05,120937,47435,1062
MANAKSTEEL,12-MAR-2021,22.0,23.1,22.0,23.05,227481,212784,315
MANALIPETC,12-MAR-2021,62.3,66.85,62.1,63.5,2041579,952179,11391
MANAPPURAM,12-MAR-2021,164.25,168.25,162.8,164.3,8515218,2368097,53420
MANGALAM,12-MAR-2021,114.0,114.85,112.0,112.25,49392,32970,1040
MANGCHEFER,12-MAR-2021,82.0,84.4,78.05,79.05,773583,333097,7231
MANGLMCEM,12-MAR-2021,295.8,295.8,282.9,285.05,31756,19903,1365
MANGTIMBER,12-MAR-2021,12.0,12.3,11.85,12.2,13664,13018,67
MANINDS,12-MAR-2021,85.05,86.1,82.05,82.85,555710,201727,8390
MANINFRA,12-MAR-2021,45.3,46.75,44.0,45.1,3563519,1179159,10487
MANUGRAPH,12-MAR-2021,15.4,15.55,14.3,14.7,30055,18919,213
MANXT50,12-MAR-2021,351.27,351.72,345.56,346.83,1625,1527,23
MARATHON,12-MAR-2021,75.55,75.55,72.25,73.05,43249,32941,565
MARICO,12-MAR-2021,399.25,401.0,392.4,393.9,2170868,1192005,33918
MARINE,12-MAR-2021,68.5,69.0,65.25,65.45,285092,102181,1759
MARKSANS,12-MAR-2021,57.1,60.9,56.65,59.1,6740481,2018096,27742
MARUTI,12-MAR-2021,7300.0,7313.0,7061.4,7096.2,946720,341569,114353
MASFIN,12-MAR-2021,874.6,894.0,865.5,883.95,30445,16350,2459
MASTEK,12-MAR-2021,1225.0,1237.0,1209.0,1214.3,113459,36173,7197
MATRIMONY,12-MAR-2021,1099.0,1110.0,1050.0,1063.45,10025,4470,1622
MAWANASUG,12-MAR-2021,39.45,39.5,37.45,38.5,58069,33072,394
MAXHEALTH,12-MAR-2021,205.0,209.45,202.5,206.25,4453797,3967491,25712
MAXIND,12-MAR-2021,67.05,67.2,66.0,66.3,286767,219081,1444
MAXVIL,12-MAR-2021,64.1,67.3,62.05,62.65,745296,345466,6142
MAYURUNIQ,12-MAR-2021,454.0,460.0,425.0,429.85,212856,116093,8499
MAZDA,12-MAR-2021,521.95,524.95,510.0,517.0,4650,2683,317
MAZDOCK,12-MAR-2021,228.45,230.0,220.2,220.85,935337,395744,13041
MBLINFRA,12-MAR-2021,22.45,22.9,22.3,22.85,466299,259348,711
MCDHOLDING,12-MAR-2021,40.9,42.0,40.75,41.0,23475,20498,278
MCDOWELL-N,12-MAR-2021,555.0,557.0,539.1,543.8,1672495,554659,31963
MCL,12-MAR-2021,93.05,93.1,89.0,89.8,13603,8005,134
MCLEODRUSS,12-MAR-2021,23.8,23.8,22.7,23.0,367198,270366,1090
MCX,12-MAR-2021,1526.0,1546.95,1505.5,1522.25,295044,180714,34231
MEGASOFT,12-MAR-2021,10.6,10.8,10.3,10.45,56786,38262,276
MEGH,12-MAR-2021,94.4,106.9,92.65,103.8,22161628,5009635,111987
MENONBE,12-MAR-2021,56.55,58.95,55.65,56.35,32435,22612,492
MEP,12-MAR-2021,19.85,19.9,18.55,18.85,397625,233067,1072
METROPOLIS,12-MAR-2021,1930.7,1948.0,1896.0,1906.55,116784,72650,17359
MFSL,12-MAR-2021,944.55,944.55,888.05,892.8,980640,330699,23806
MGEL,12-MAR-2021,46.45,46.45,44.3,45.7,4225,2551,76
MGL,12-MAR-2021,1185.0,1218.5,1175.3,1208.1,1239058,311827,39201
MHRIL,12-MAR-2021,229.2,232.0,227.5,229.1,42713,20875,1114
MIC,12-MAR-2021,0.85,0.85,0.85,0.85,68606,68570,76
MIDHANI,12-MAR-2021,196.7,197.95,193.3,193.9,464245,194687,6957
MINDACORP,12-MAR-2021,103.9,105.15,99.4,100.3,461190,209958,4479
MINDAIND,12-MAR-2021,545.6,553.8,530.95,532.95,106501,68897,10714
MINDTECK,12-MAR-2021,47.9,49.75,45.5,46.0,19637,11194,395
MINDTREE,12-MAR-2021,1892.25,1916.25,1857.0,1871.85,1490043,291585,55015
MIRZAINT,12-MAR-2021,52.4,52.4,50.65,51.1,252147,163712,1817
MITTAL,12-MAR-2021,11.1,11.5,10.9,11.3,76335,64838,280
MMFL,12-MAR-2021,520.0,526.95,503.9,519.5,15724,12100,1046
MMP,12-MAR-2021,90.85,91.65,88.0,89.8,30534,27702,271
MMTC,12-MAR-2021,47.0,47.0,43.05,44.0,4924604,1989956,18660
MOHITIND,12-MAR-2021,7.45,8.1,7.45,8.1,24849,23794,50
MOIL,12-MAR-2021,159.6,161.55,154.6,155.55,485902,211448,10209
MOLDTECH,12-MAR-2021,45.8,46.75,44.0,44.15,27700,19457,415
MOLDTKPAC,12-MAR-2021,419.9,419.9,400.9,404.05,35116,19246,2248
MONTECARLO,12-MAR-2021,226.0,227.25,220.5,221.35,18132,11863,773
MORARJEE,12-MAR-2021,17.5,17.8,16.55,16.55,34841,23726,181
MOREPENLAB,12-MAR-2021,36.65,37.8,34.9,35.65,13103511,3670887,24775
MOTHERSUMI,12-MAR-2021,221.0,222.3,212.35,213.6,12325376,3494112,86694
MOTILALOFS,12-MAR-2021,658.0,669.85,645.0,650.55,168062,89322,8779
MOTOGENFIN,12-MAR-2021,18.25,19.0,17.6,18.5,8351,4407,105
MPHASIS,12-MAR-2021,1650.3,1666.0,1605.55,1617.1,342389,128930,20758
MPSLTD,12-MAR-2021,493.05,510.0,475.3,477.9,20438,16846,1012
MRF,12-MAR-2021,88800.0,90300.0,88200.0,88775.35,25808,4408,15801
MRPL,12-MAR-2021,43.55,43.6,41.5,41.9,2097735,777454,7755
MSPL,12-MAR-2021,8.05,8.2,7.7,8.1,69475,48481,240
MSTCLTD,12-MAR-2021,330.0,335.1,310.85,317.95,844049,243097,22685
MTEDUCARE,12-MAR-2021,8.0,8.05,7.8,7.9,135295,81126,311
MTNL,12-MAR-2021,23.4,23.9,22.5,23.9,42344602,13527533,50750
MUKANDENGG,12-MAR-2021,17.75,17.75,15.3,15.5,20426,12191,243
MUKANDLTD,12-MAR-2021,59.75,62.0,58.5,59.75,61122,42591,656
MUKTAARTS,12-MAR-2021,32.8,32.8,30.9,31.05,4378,3501,92
MUNJALAU,12-MAR-2021,60.5,60.85,59.0,59.35,159436,93362,2058
MUNJALSHOW,12-MAR-2021,157.5,157.75,153.15,153.7,24831,12880,1066
MURUDCERA,12-MAR-2021,23.35,23.35,21.8,21.95,186725,98045,760
MUTHOOTCAP,12-MAR-2021,393.0,410.0,393.0,400.25,62671,28753,3049
MUTHOOTFIN,12-MAR-2021,1310.0,1311.95,1272.0,1278.25,1322927,607384,37456
N100,12-MAR-2021,944.99,944.99,920.0,921.54,73911,39876,4001
NACLIND,12-MAR-2021,39.35,40.4,39.0,39.25,53561,38807,452
NAGREEKCAP,12-MAR-2021,6.45,6.95,6.45,6.5,4732,4581,17
NAGREEKEXP,12-MAR-2021,16.65,17.3,16.65,16.9,5529,4663,57
NAHARCAP,12-MAR-2021,105.0,109.35,102.0,104.05,68988,32453,1480
NAHARINDUS,12-MAR-2021,48.7,51.5,48.7,50.95,98818,43489,435
NAHARPOLY,12-MAR-2021,92.1,109.0,92.1,100.8,530104,161626,7104
NAHARSPING,12-MAR-2021,103.95,111.0,101.0,107.3,185875,110124,1623
NAM-INDIA,12-MAR-2021,354.9,357.6,343.0,346.6,797430,499906,11117
NATCOPHARM,12-MAR-2021,831.95,847.4,815.65,825.1,423232,201794,21615
NATHBIOGEN,12-MAR-2021,314.0,317.4,306.0,307.25,21025,15821,813
NATIONALUM,12-MAR-2021,59.55,60.2,57.8,58.6,16433808,4580941,30812
NATNLSTEEL,12-MAR-2021,4.8,4.8,4.8,4.8,4901,4901,12
NAUKRI,12-MAR-2021,4861.0,4967.0,4788.0,4803.6,712241,268050,69773
NAVINFLUOR,12-MAR-2021,2755.0,2763.65,2630.05,2666.95,141021,42014,15425
NAVKARCORP,12-MAR-2021,44.45,44.6,42.1,42.75,985109,403135,5384
NAVNETEDUL,12-MAR-2021,86.4,93.4,86.0,87.55,893359,201604,9516
NBCC,12-MAR-2021,49.9,50.8,48.6,49.4,11951483,4236784,34709
NBIFIN,12-MAR-2021,1835.1,1875.0,1835.0,1856.45,807,634,197
NBVENTURES,12-MAR-2021,70.5,70.9,69.4,69.9,2259022,1226905,15176
NCC,12-MAR-2021,87.1,88.7,85.15,87.15,3332424,1455218,14830
NCLIND,12-MAR-2021,177.75,180.75,172.75,173.25,260041,95276,4340
NCPSESDL24,12-MAR-2021,102.0,102.16,101.9,102.16,1624,1619,19
NDGL,12-MAR-2021,772.1,821.0,772.1,777.55,279,150,47
NDL,12-MAR-2021,32.95,33.25,31.5,32.05,30750,15586,390
NDRAUTO,12-MAR-2021,224.95,233.2,223.0,230.0,2751,2173,125
NDTV,12-MAR-2021,56.0,56.45,52.6,53.5,41672,27384,452
NECCLTD,12-MAR-2021,9.55,9.9,9.4,9.6,34926,27463,155
NECLIFE,12-MAR-2021,22.35,22.75,21.1,21.4,1019032,358952,3482
NELCAST,12-MAR-2021,65.8,66.6,64.55,65.0,55733,30803,1173
NELCO,12-MAR-2021,210.75,212.0,205.4,206.35,96230,49948,2380
NEOGEN,12-MAR-2021,849.0,879.0,838.05,855.0,44255,20376,3658
NESCO,12-MAR-2021,590.0,590.9,572.25,575.8,78932,53257,5728
NESTLEIND,12-MAR-2021,16977.0,17009.85,16650.0,16722.45,84914,51135,17588
NETF,12-MAR-2021,174.74,177.99,172.66,176.5,2915,1991,137
NETFCONSUM,12-MAR-2021,68.0,68.0,64.11,65.62,4869,3273,128
NETFDIVOPP,12-MAR-2021,38.0,38.2,37.02,37.93,1759,970,62
NETFIT,12-MAR-2021,26.5,26.8,26.0,26.22,2282495,1920329,2347
NETFLTGILT,12-MAR-2021,21.92,21.93,21.86,21.86,104963,65655,246
NETFMID150,12-MAR-2021,93.19,93.76,92.07,92.52,55129,36805,1034
NETFNIF100,12-MAR-2021,159.0,160.2,153.1,155.9,778,569,61
NETFNV20,12-MAR-2021,84.48,95.1,80.0,80.4,7977,6738,219
NETWORK18,12-MAR-2021,44.65,45.2,42.65,43.5,3602033,1804344,7172
NEULANDLAB,12-MAR-2021,2095.0,2116.95,1977.8,2032.4,52368,27796,5007
NEWGEN,12-MAR-2021,297.0,299.35,293.0,294.9,205249,171621,3385
NEXTMEDIA,12-MAR-2021,4.3,4.4,4.2,4.35,2100,2049,19
NFL,12-MAR-2021,62.3,64.8,60.3,61.85,5761934,1076141,23848
NH,12-MAR-2021,422.0,434.0,418.25,424.85,215088,118925,11333
NHPC,12-MAR-2021,25.0,25.2,24.4,24.55,6170361,3126018,10392
NIACL,12-MAR-2021,169.5,173.8,163.0,164.75,4720004,1069868,55341
NIFTYBEES,12-MAR-2021,163.99,163.99,159.89,160.63,2695163,1047567,19904
NIFTYEES,12-MAR-2021,19300.0,19300.0,19300.0,19300.0,1,1,1
NIITLTD,12-MAR-2021,187.7,189.95,187.15,187.75,93479,59854,3181
NILKAMAL,12-MAR-2021,1864.8,1889.4,1806.05,1862.45,17113,8393,2025
NIPPOBATRY,12-MAR-2021,750.0,759.0,736.0,739.8,1054,813,163
NIRAJ,12-MAR-2021,43.9,43.9,40.2,42.3,5084,3413,110
NITCO,12-MAR-2021,22.7,23.45,22.4,22.75,97116,54864,439
NITINSPIN,12-MAR-2021,88.2,88.2,83.5,84.0,73805,58697,619
NKIND,12-MAR-2021,21.15,22.15,21.05,21.5,3555,2957,42
NLCINDIA,12-MAR-2021,53.45,53.55,52.55,52.7,1523752,725335,7419
NMDC,12-MAR-2021,138.5,138.75,132.05,134.1,23322792,9775145,96690
NOCIL,12-MAR-2021,183.0,188.7,181.15,182.5,1517047,429482,16173
NORBTEAEXP,12-MAR-2021,7.35,7.5,6.9,7.3,11461,6510,39
NOVARTIND,12-MAR-2021,607.95,614.8,591.3,602.2,8220,3593,638
NPBET,12-MAR-2021,189.8,189.8,185.65,188.64,183,146,16
NRAIL,12-MAR-2021,251.25,258.3,249.1,250.8,19589,11541,637
NRBBEARING,12-MAR-2021,118.85,120.55,117.8,119.0,430981,203897,9823
NSIL,12-MAR-2021,1068.65,1071.0,1062.0,1065.15,953,637,130
NTL,12-MAR-2021,1.05,1.05,1.05,1.05,2099,2099,4
NTPC,12-MAR-2021,111.0,112.1,108.6,109.1,21763020,6916105,93961
NUCLEUS,12-MAR-2021,530.0,535.0,511.0,512.45,52876,32566,2520
NURECA,12-MAR-2021,635.0,640.0,602.2,604.9,40127,30225,1902
NXTDIGITAL,12-MAR-2021,490.05,497.95,485.0,486.25,1451,1122,112
OAL,12-MAR-2021,609.7,612.7,579.95,589.5,25378,17387,1278
OBEROIRLTY,12-MAR-2021,543.7,564.0,541.5,558.6,771855,510013,26723
OCCL,12-MAR-2021,995.0,1020.0,976.5,995.55,20953,10236,2684
OFSS,12-MAR-2021,3195.0,3240.0,3155.0,3194.05,44753,31985,3887
OIL,12-MAR-2021,133.8,133.8,130.6,131.9,1267052,652347,20369
OILCOUNTUB,12-MAR-2021,4.7,4.7,4.7,4.7,7215,7215,14
OLECTRA,12-MAR-2021,226.9,226.9,211.55,226.8,3385686,1771316,14162
OMAXAUTO,12-MAR-2021,45.5,45.75,44.0,44.65,15148,11887,369
OMAXE,12-MAR-2021,74.7,76.0,72.8,73.15,79597,50483,907
OMINFRAL,12-MAR-2021,25.35,25.5,24.3,24.45,52434,45144,255
ONEPOINT,12-MAR-2021,13.1,13.1,12.15,13.0,113591,104290,139
ONGC,12-MAR-2021,116.75,117.4,114.0,115.05,20691698,5628365,92636
ONMOBILE,12-MAR-2021,106.0,107.25,105.2,107.25,1606409,863325,6095
ONWARDTEC,12-MAR-2021,127.95,131.0,112.05,113.5,549923,254001,15529
OPTIEMUS,12-MAR-2021,197.15,197.15,178.45,179.45,361784,172664,4319
ORBTEXP,12-MAR-2021,64.9,65.15,63.35,63.5,22287,12988,229
ORIENTABRA,12-MAR-2021,24.1,24.15,23.15,23.35,63060,35669,412
ORIENTALTL,12-MAR-2021,7.0,7.55,7.0,7.3,49314,43886,162
ORIENTBELL,12-MAR-2021,249.15,249.15,239.0,243.0,62007,19722,3083
ORIENTCEM,12-MAR-2021,103.9,104.6,99.4,102.2,659385,384714,6052
ORIENTELEC,12-MAR-2021,294.0,299.9,290.0,295.15,1052330,547031,32418
ORIENTHOT,12-MAR-2021,25.3,25.3,24.1,24.55,61325,47480,447
ORIENTLTD,12-MAR-2021,89.95,90.05,85.8,86.6,550,346,74
ORIENTPPR,12-MAR-2021,26.5,27.8,26.35,27.25,2330536,603588,5866
ORIENTREF,12-MAR-2021,234.4,237.3,226.1,226.9,62802,41069,1966
ORISSAMINE,12-MAR-2021,2494.05,2498.6,2440.0,2471.7,7003,4064,1337
OSWALAGRO,12-MAR-2021,11.25,11.25,10.8,10.9,82328,51388,565
PAGEIND,12-MAR-2021,28700.0,28770.0,28028.7,28159.2,32302,9610,14877
PAISALO,12-MAR-2021,780.0,815.0,770.0,809.2,191657,75909,6676
PALASHSECU,12-MAR-2021,61.5,61.8,56.55,56.95,7107,3736,111
PANACEABIO,12-MAR-2021,195.0,195.7,187.0,190.8,114980,63982,2897
PANACHE,12-MAR-2021,49.6,49.6,47.65,47.75,6076,1897,48
PANAMAPET,12-MAR-2021,174.0,174.35,166.65,168.85,103450,58498,3975
PARACABLES,12-MAR-2021,10.25,10.5,9.0,9.55,1039876,619807,1810
PARAGMILK,12-MAR-2021,108.1,108.1,104.05,104.75,608956,417552,8862
PATELENG,12-MAR-2021,13.9,14.0,13.3,13.4,276456,197831,820
PATINTLOG,12-MAR-2021,23.25,23.95,23.1,23.4,34181,24825,283
PATSPINLTD,12-MAR-2021,5.65,5.65,5.4,5.55,10532,9806,97
PCJEWELLER,12-MAR-2021,31.2,32.95,30.2,31.25,13015097,3810875,25473
PDMJEPAPER,12-MAR-2021,25.45,25.85,25.0,25.25,202956,157205,612
PDSMFL,12-MAR-2021,669.9,675.0,660.0,661.05,2143,1078,284
PEARLPOLY,12-MAR-2021,15.4,15.75,15.2,15.3,810,672,34
PEL,12-MAR-2021,1970.0,1979.8,1883.0,1906.3,1125876,294272,40131
PENIND,12-MAR-2021,21.0,21.0,20.45,20.55,198736,145491,551
PENINLAND,12-MAR-2021,6.25,6.35,5.9,5.9,521642,341876,550
PERSISTENT,12-MAR-2021,1813.9,1844.0,1763.0,1782.65,160530,63176,20265
PETRONET,12-MAR-2021,244.5,248.8,240.25,242.05,4108486,2514937,32745
PFC,12-MAR-2021,136.25,140.5,134.5,137.7,25608930,7295967,131108
PFIZER,12-MAR-2021,4700.0,4770.0,4646.45,4651.85,82689,32579,10616
PFOCUS,12-MAR-2021,62.0,65.9,61.0,61.8,85601,45012,1288
PFS,12-MAR-2021,20.8,22.15,20.6,20.8,2835024,1541073,5034
PGHH,12-MAR-2021,13026.85,13149.0,12815.15,12947.05,4577,2654,1982
PGHL,12-MAR-2021,6650.0,6650.0,6500.0,6565.6,12052,7244,4300
PGIL,12-MAR-2021,181.0,183.8,176.0,177.8,25172,13438,505
PHILIPCARB,12-MAR-2021,216.5,216.5,206.5,209.4,1956096,573816,25128
PHOENIXLTD,12-MAR-2021,800.0,802.0,794.6,799.65,218316,158212,16481
PIDILITIND,12-MAR-2021,1741.0,1746.65,1720.5,1723.1,205343,79557,14680
PIIND,12-MAR-2021,2300.0,2314.5,2233.35,2248.45,99943,57952,11164
PILANIINVS,12-MAR-2021,1908.85,1908.85,1828.05,1835.5,5252,1655,654
PILITA,12-MAR-2021,17.55,18.0,16.8,17.05,363343,224888,832
PIONDIST,12-MAR-2021,109.4,109.4,106.25,107.0,19801,17268,141
PIONEEREMB,12-MAR-2021,40.4,40.9,39.55,39.8,27937,18981,289
PITTIENG,12-MAR-2021,71.6,75.45,69.25,71.4,220235,131217,2062
PLASTIBLEN,12-MAR-2021,247.85,264.4,245.55,259.5,173037,84705,3746
PNB,12-MAR-2021,41.85,41.95,40.7,41.05,59205010,16300434,66088
PNBGILTS,12-MAR-2021,52.5,52.95,51.75,52.05,354803,227131,2155
PNBHOUSING,12-MAR-2021,427.0,430.5,417.0,421.9,188694,78401,9118
PNC,12-MAR-2021,22.8,23.0,21.25,21.45,14470,9484,206
PNCINFRA,12-MAR-2021,262.5,264.95,258.15,260.15,869959,327064,33800
PODDARMENT,12-MAR-2021,202.05,205.9,200.0,203.4,9874,3765,453
POKARNA,12-MAR-2021,215.0,218.75,205.5,206.75,58784,40935,2029
POLYCAB,12-MAR-2021,1369.95,1377.0,1346.1,1359.6,327169,145398,18353
POLYMED,12-MAR-2021,791.95,844.7,775.0,834.3,291228,75509,18833
POLYPLEX,12-MAR-2021,899.0,917.95,883.5,891.7,149204,38491,11862
PONNIERODE,12-MAR-2021,153.25,166.0,148.3,152.95,26813,21714,445
POWERGRID,12-MAR-2021,215.7,220.9,215.4,220.05,10222359,2850210,71671
POWERINDIA,12-MAR-2021,1380.0,1393.6,1353.6,1362.55,15791,10339,2217
POWERMECH,12-MAR-2021,530.0,537.55,518.4,521.45,31307,20543,1335
PPAP,12-MAR-2021,239.95,257.8,239.95,248.75,181135,57269,4333
PPL,12-MAR-2021,129.7,135.9,128.8,131.8,559483,169682,9064
PRABHAT,12-MAR-2021,88.2,89.7,81.1,83.35,1111422,693508,9866
PRAENG,12-MAR-2021,8.85,9.15,8.75,8.85,27846,23829,154
PRAJIND,12-MAR-2021,183.35,188.9,178.2,182.3,3134152,724734,24736
PRAKASH,12-MAR-2021,64.4,68.95,62.85,65.6,4411807,1554990,22635
PRAKASHSTL,12-MAR-2021,0.9,0.9,0.85,0.85,375657,301507,117
PRECAM,12-MAR-2021,42.0,42.4,41.2,41.45,110236,63901,1041
PRECOT,12-MAR-2021,104.9,105.5,99.3,105.5,41261,38308,203
PRECWIRE,12-MAR-2021,195.0,200.0,192.15,196.5,213827,66022,7559
PREMIERPOL,12-MAR-2021,39.5,40.0,38.3,39.3,7686,4936,176
PRESSMN,12-MAR-2021,24.75,24.8,23.75,23.9,31395,21682,198
PRESTIGE,12-MAR-2021,303.0,303.5,289.45,293.1,1529822,1043709,36290
PRICOLLTD,12-MAR-2021,74.25,75.2,70.25,70.65,893208,301590,7433
PRINCEPIPE,12-MAR-2021,450.1,479.0,438.5,443.65,504726,166370,21091
PRIVISCL,12-MAR-2021,657.2,658.7,640.0,643.3,25321,15899,2396
PROZONINTU,12-MAR-2021,20.0,20.0,19.4,19.6,133169,101569,595
PRSMJOHNSN,12-MAR-2021,114.9,116.3,111.7,113.45,1485458,1156122,10866
PSB,12-MAR-2021,18.3,18.3,17.65,17.75,526881,332950,1759
PSPPROJECT,12-MAR-2021,476.5,489.7,471.05,476.55,96547,9533,1981
PSUBNKBEES,12-MAR-2021,26.35,26.35,25.06,25.23,724138,591948,1628
PTC,12-MAR-2021,77.1,82.4,77.1,80.3,5603340,2626328,29041
PTL,12-MAR-2021,41.0,41.1,40.6,40.85,60011,53377,296
PUNJABCHEM,12-MAR-2021,975.0,975.0,890.0,901.15,22314,15449,2086
PURVA,12-MAR-2021,86.7,86.7,80.5,81.5,273956,135072,4610
PVR,12-MAR-2021,1442.0,1463.7,1412.35,1418.35,692911,199760,33484
QGOLDHALF,12-MAR-2021,1955.0,1955.0,1909.0,1910.1,8045,7963,185
QNIFTY,12-MAR-2021,1581.0,1583.0,1571.0,1571.0,19,16,5
QUESS,12-MAR-2021,730.25,739.9,708.1,714.15,163987,60370,10960
QUICKHEAL,12-MAR-2021,210.0,213.9,196.55,199.25,3129219,955754,72404
RADICO,12-MAR-2021,571.85,587.65,568.0,572.25,434321,170047,15181
RADIOCITY,12-MAR-2021,24.7,24.8,24.4,24.55,387701,371052,463
RAILTEL,12-MAR-2021,150.7,151.4,143.25,145.05,3649504,1577152,44080
RAIN,12-MAR-2021,153.9,155.35,146.5,148.1,3909022,848608,34376
RAJESHEXPO,12-MAR-2021,514.2,525.0,510.0,521.2,418103,262274,19066
RAJRATAN,12-MAR-2021,641.4,758.4,636.85,720.3,204054,68196,13736
RAJTV,12-MAR-2021,35.15,35.15,34.1,34.3,3442,1969,150
RALLIS,12-MAR-2021,270.0,272.8,263.25,265.8,513230,250816,11581
RAMANEWS,12-MAR-2021,18.8,19.0,16.85,17.2,259999,164725,1049
RAMCOCEM,12-MAR-2021,1024.7,1031.75,1002.35,1005.6,252515,68789,11645
RAMCOIND,12-MAR-2021,268.9,269.1,264.05,265.3,72664,44364,2513
RAMCOSYS,12-MAR-2021,583.7,614.0,577.25,593.5,175123,72516,6772
RAMKY,12-MAR-2021,92.6,95.35,88.8,90.85,137243,82467,1014
RANASUG,12-MAR-2021,9.6,9.7,9.2,9.3,1005076,606326,1314
RANEENGINE,12-MAR-2021,315.25,335.0,312.0,314.85,10139,3822,471
RANEHOLDIN,12-MAR-2021,680.0,705.0,655.15,664.6,62781,19469,3437
RATNAMANI,12-MAR-2021,1982.3,2015.0,1961.55,1976.0,30261,20196,4225
RAYMOND,12-MAR-2021,385.55,385.55,372.1,377.0,670992,261971,13542
RBL,12-MAR-2021,834.0,837.1,810.0,817.65,7425,3720,992
RBLBANK,12-MAR-2021,245.0,249.25,241.6,243.1,11277623,1990204,70668
RCF,12-MAR-2021,85.2,90.45,82.6,85.75,8655202,1980442,52203
RCOM,12-MAR-2021,2.0,2.0,1.9,2.0,18070799,11971134,6494
RECLTD,12-MAR-2021,151.35,154.45,149.45,151.05,9563229,4133076,50191
REDINGTON,12-MAR-2021,174.65,184.3,173.85,179.6,563082,252499,20115
REFEX,12-MAR-2021,88.85,89.5,86.5,87.15,52379,33134,914
RELAXO,12-MAR-2021,846.0,858.0,845.0,851.0,111533,52827,10941
RELCAPITAL,12-MAR-2021,13.85,14.0,11.65,13.55,23682136,8557006,27399
RELIANCE,12-MAR-2021,2195.0,2206.4,2123.9,2137.6,7783173,2820317,244889
RELIGARE,12-MAR-2021,89.4,93.6,88.5,89.35,1644780,1124797,3813
RELINFRA,12-MAR-2021,41.0,42.75,37.1,39.7,14443946,5166345,39898
REMSONSIND,12-MAR-2021,141.2,141.2,134.0,136.25,4818,2187,154
RENUKA,12-MAR-2021,10.4,10.65,9.8,9.95,10308999,5548365,4866
REPCOHOME,12-MAR-2021,344.0,355.55,335.25,347.35,415585,282895,13362
REPL,12-MAR-2021,206.0,214.85,201.2,209.1,29088,23062,449
REPRO,12-MAR-2021,402.0,402.7,380.2,383.5,22709,10797,1719
RESPONIND,12-MAR-2021,174.8,202.0,173.1,185.9,389386,44719,8306
REVATHI,12-MAR-2021,543.05,549.9,509.45,516.3,3212,1131,708
RGL,12-MAR-2021,302.5,312.4,294.15,307.0,16022,8998,534
RHFL,12-MAR-2021,3.0,3.0,2.8,3.0,6682705,4560331,3003
RICOAUTO,12-MAR-2021,41.0,42.2,40.4,40.95,505644,233490,2749
RIIL,12-MAR-2021,410.95,412.9,397.1,399.75,220441,70928,5747
RITES,12-MAR-2021,262.3,265.0,259.0,260.1,287294,151525,7463
RKDL,12-MAR-2021,7.8,7.8,7.35,7.65,7861,6794,64
RKEC,12-MAR-2021,62.0,62.0,58.7,59.1,8689,6883,110
RKFORGE,12-MAR-2021,558.4,560.0,544.95,551.6,35451,29696,752
RML,12-MAR-2021,431.0,445.0,416.0,419.4,67147,17493,4599
ROHLTD,12-MAR-2021,74.95,75.0,71.5,71.8,68783,38367,1938
ROLTA,12-MAR-2021,4.2,4.2,4.1,4.15,1729397,1256883,6466
ROSSARI,12-MAR-2021,999.7,1001.0,976.0,989.15,56398,20027,4167
ROSSELLIND,12-MAR-2021,121.1,124.35,118.0,119.0,14575,8770,451
ROUTE,12-MAR-2021,1618.6,1738.8,1590.1,1642.6,1299100,321801,85465
RPGLIFE,12-MAR-2021,404.0,408.4,402.0,403.9,13260,7990,528
RPOWER,12-MAR-2021,5.6,5.6,5.1,5.2,104901039,50850535,37919
RPPINFRA,12-MAR-2021,71.9,73.05,62.4,69.6,134091,55584,2957
RPSGVENT,12-MAR-2021,329.8,329.8,321.45,325.6,64568,41331,1705
RSSOFTWARE,12-MAR-2021,29.25,30.0,27.35,27.8,81300,51444,735
RSWM,12-MAR-2021,177.4,183.0,175.5,178.65,32981,25658,524
RSYSTEMS,12-MAR-2021,116.85,117.9,115.95,116.15,11149,8788,246
RTNINFRA,12-MAR-2021,6.35,7.0,6.35,6.7,1811949,978139,1268
RTNPOWER,12-MAR-2021,2.9,2.95,2.8,2.8,7098572,3855461,6567
RUBYMILLS,12-MAR-2021,186.75,190.0,179.3,179.95,8076,6508,263
RUCHI,12-MAR-2021,723.25,728.35,710.1,715.4,22419,14549,2071
RUCHIRA,12-MAR-2021,69.25,72.45,68.25,68.7,88260,47666,2401
RUPA,12-MAR-2021,324.0,331.95,316.45,320.65,119486,52709,6054
RUSHIL,12-MAR-2021,258.4,258.4,233.8,248.3,354630,119684,5000
RVHL,12-MAR-2021,21.15,21.15,20.3,20.5,52004,45056,370
RVNL,12-MAR-2021,32.05,32.2,31.0,31.3,4645742,1985163,11833
SABEVENTS,12-MAR-2021,1.25,1.25,1.25,1.25,22004,22004,22
SABTN,12-MAR-2021,1.55,1.55,1.55,1.55,27211,20740,17
SADBHAV,12-MAR-2021,76.95,76.95,72.15,73.3,1169889,438571,12321
SADBHIN,12-MAR-2021,25.55,26.2,23.5,24.7,1058557,506434,4283
SAFARI,12-MAR-2021,654.5,660.0,650.0,650.35,7077,3601,545
SAGARDEEP,12-MAR-2021,38.1,42.0,37.3,38.45,6195,3562,151
SAGCEM,12-MAR-2021,720.05,742.75,717.6,739.1,54964,35797,2496
SAIL,12-MAR-2021,73.75,75.75,72.15,72.85,52509386,16275718,91981
SAKAR,12-MAR-2021,92.55,95.85,89.75,91.15,24134,13471,520
SAKHTISUG,12-MAR-2021,10.0,10.3,9.1,9.7,211535,117792,522
SAKSOFT,12-MAR-2021,363.55,382.5,360.35,367.6,88866,26715,3622
SAKUMA,12-MAR-2021,5.3,5.35,5.2,5.2,180641,127107,250
SALASAR,12-MAR-2021,374.05,378.95,370.1,372.5,40029,12361,3064
SALONA,12-MAR-2021,92.55,97.55,92.0,92.0,1525,846,41
SALSTEEL,12-MAR-2021,3.55,3.8,3.55,3.7,53902,30980,109
SALZERELEC,12-MAR-2021,148.5,150.7,132.0,133.4,554235,246121,16225
SAMBHAAV,12-MAR-2021,2.65,2.7,2.55,2.55,23166,14673,55
SANCO,12-MAR-2021,10.85,11.0,10.35,10.5,109037,80752,284
SANDESH,12-MAR-2021,739.95,768.0,715.05,716.5,2149,874,359
SANDHAR,12-MAR-2021,224.75,224.75,218.0,218.55,18458,10328,970
SANGHIIND,12-MAR-2021,44.1,45.7,43.7,44.25,1759307,655377,4759
SANGHVIMOV,12-MAR-2021,119.8,119.8,115.2,116.0,167645,143031,2221
SANGINITA,12-MAR-2021,25.55,25.55,24.8,24.9,20914,19036,178
SANOFI,12-MAR-2021,8369.0,8369.0,8242.0,8310.4,19918,13443,4996
SARDAEN,12-MAR-2021,361.4,374.0,358.55,370.7,85228,49143,3370
SAREGAMA,12-MAR-2021,1440.0,1630.0,1440.0,1592.45,202689,71114,13639
SARLAPOLY,12-MAR-2021,29.0,29.85,28.1,28.3,255215,134002,2016
SASKEN,12-MAR-2021,855.05,869.85,849.05,855.55,11048,5775,824
SASTASUNDR,12-MAR-2021,132.35,134.0,127.65,128.4,37929,25097,762
SATIA,12-MAR-2021,85.5,88.7,84.4,84.95,34908,14632,1945
SATIN,12-MAR-2021,112.0,112.0,105.85,106.8,235078,171270,2955
SBICARD,12-MAR-2021,1038.0,1055.0,1012.0,1015.1,1020608,307639,47368
SBIETFIT,12-MAR-2021,265.99,265.99,259.01,259.38,4484,3714,125
SBIETFPB,12-MAR-2021,200.0,200.0,188.72,189.77,1487,821,85
SBIETFQLTY,12-MAR-2021,128.88,128.88,126.81,127.06,1604,1478,85
SBILIFE,12-MAR-2021,905.05,936.3,905.0,914.2,28967831,11145468,311829
SBIN,12-MAR-2021,391.7,393.2,377.5,381.1,35336355,10146190,296998
SCHAEFFLER,12-MAR-2021,5280.0,5410.0,5195.35,5355.75,18364,12173,8836
SCHAND,12-MAR-2021,104.7,115.15,104.6,113.9,973285,403983,9164
SCHNEIDER,12-MAR-2021,106.5,106.8,101.2,102.2,696974,333041,9014
SCI,12-MAR-2021,125.6,125.6,120.5,121.2,3729892,1796001,22018
SDBL,12-MAR-2021,33.7,33.8,32.25,32.75,85680,65567,635
SEAMECLTD,12-MAR-2021,470.9,475.7,466.25,468.0,33488,13820,1190
SECURKLOUD,12-MAR-2021,87.0,88.7,84.0,84.85,61661,47443,1002
SELAN,12-MAR-2021,136.0,137.2,131.0,131.65,168877,68548,2871
SEQUENT,12-MAR-2021,241.8,243.0,233.0,233.9,360094,232250,6611
SESHAPAPER,12-MAR-2021,160.8,162.05,158.0,159.3,33496,22958,1147
SETCO,12-MAR-2021,17.0,18.2,16.9,16.95,425198,298395,935
SETF10GILT,12-MAR-2021,198.64,203.0,198.5,202.0,322,294,23
SETFGOLD,12-MAR-2021,4014.5,4014.5,3966.05,3972.25,25730,19811,3016
SETFNIF50,12-MAR-2021,165.6,165.6,153.95,155.25,259013,149888,2431
SETFNIFBK,12-MAR-2021,360.0,363.0,350.8,353.42,70451,40049,1220
SETFNN50,12-MAR-2021,366.99,366.99,359.2,361.0,9733,7712,417
SEYAIND,12-MAR-2021,62.6,62.85,61.0,61.6,33611,21012,634
SFL,12-MAR-2021,2130.0,2180.0,2075.0,2092.8,22387,7740,5136
SGL,12-MAR-2021,9.1,9.3,9.05,9.1,17142,13623,107
SHAHALLOYS,12-MAR-2021,8.15,8.15,8.15,8.15,840,840,29
SHAKTIPUMP,12-MAR-2021,548.45,564.0,543.5,546.75,69227,32357,3087
SHALBY,12-MAR-2021,106.6,110.35,106.45,106.7,206780,98559,2814
SHALPAINTS,12-MAR-2021,92.0,92.35,90.3,91.1,49512,31362,1208
SHANKARA,12-MAR-2021,460.0,466.65,445.0,447.35,89224,17395,7494
SHANTIGEAR,12-MAR-2021,131.0,133.9,126.6,128.45,37112,23561,724
SHARDACROP,12-MAR-2021,315.0,319.45,302.0,305.85,90599,57065,4098
SHARDAMOTR,12-MAR-2021,2018.2,2190.0,2018.2,2109.6,4695,2160,1224
SHAREINDIA,12-MAR-2021,277.85,277.85,263.1,271.85,17632,11553,735
SHARIABEES,12-MAR-2021,366.0,368.0,363.44,363.44,457,447,51
SHEMAROO,12-MAR-2021,73.0,74.0,72.5,73.3,30115,20157,639
SHIL,12-MAR-2021,272.0,276.45,262.5,266.65,112795,67336,2980
SHILPAMED,12-MAR-2021,370.0,372.6,362.0,363.7,146618,90767,5290
SHIVAMAUTO,12-MAR-2021,20.1,20.5,19.85,20.0,87621,64790,364
SHIVATEX,12-MAR-2021,147.95,160.0,140.6,149.55,17692,7339,408
SHK,12-MAR-2021,123.0,125.8,120.6,121.7,786298,433686,13538
SHOPERSTOP,12-MAR-2021,246.0,246.8,235.55,237.1,209814,99586,5038
SHREDIGCEM,12-MAR-2021,65.0,66.05,63.0,64.05,774367,414552,5245
SHREECEM,12-MAR-2021,27878.0,27980.0,27541.0,27701.5,43864,15088,15175
SHREEPUSHK,12-MAR-2021,140.0,140.0,133.6,134.75,109526,34766,2323
SHREERAMA,12-MAR-2021,11.5,12.2,11.45,11.7,529007,395616,1264
SHRENIK,12-MAR-2021,2.3,2.35,2.2,2.2,2686253,2111925,2340
SHREYANIND,12-MAR-2021,90.0,92.0,88.5,89.4,23741,14810,380
SHREYAS,12-MAR-2021,82.1,82.8,78.2,78.7,54758,42870,656
SHRIRAMCIT,12-MAR-2021,1546.0,1546.0,1503.25,1520.6,6192,3762,1457
SHRIRAMEPC,12-MAR-2021,4.6,4.8,4.55,4.6,442703,333449,531
SHYAMCENT,12-MAR-2021,5.7,5.7,5.3,5.5,73630,66901,185
SICAGEN,12-MAR-2021,14.35,14.85,14.2,14.65,28620,22985,156
SICAL,12-MAR-2021,13.25,14.45,13.25,14.0,1715340,1194884,2089
SIEMENS,12-MAR-2021,1915.2,1967.75,1905.5,1919.2,735123,138875,28828
SIGIND,12-MAR-2021,33.55,34.55,33.1,33.45,38293,27279,327
SILGO,12-MAR-2021,51.95,52.0,46.5,48.15,31420,14913,361
SILINV,12-MAR-2021,221.35,223.35,212.75,214.45,7974,4794,270
SIMBHALS,12-MAR-2021,8.1,8.5,7.75,7.95,72523,57138,199
SIMPLEXINF,12-MAR-2021,38.0,38.4,35.25,37.15,879474,516138,2019
SINTERCOM,12-MAR-2021,89.3,93.7,88.1,88.8,1172,891,20
SIS,12-MAR-2021,415.0,423.0,415.0,420.25,132478,74916,5406
SITINET,12-MAR-2021,0.9,0.95,0.85,0.9,8659320,5246523,6655
SIYSIL,12-MAR-2021,219.0,220.35,214.1,216.15,98423,54195,2407
SJVN,12-MAR-2021,26.55,26.7,26.25,26.3,1682782,881126,5563
SKFINDIA,12-MAR-2021,2255.0,2272.25,2202.45,2237.55,7370,4282,1489
SKIPPER,12-MAR-2021,61.3,61.8,59.0,59.5,66014,41256,1030
SKMEGGPROD,12-MAR-2021,51.8,53.25,50.9,51.15,36192,19746,663
SMARTLINK,12-MAR-2021,90.0,96.5,90.0,91.55,118623,40176,2015
SMCGLOBAL,12-MAR-2021,82.0,86.55,77.75,79.35,258438,164251,2393
SMLISUZU,12-MAR-2021,497.0,497.0,480.0,481.85,22851,15036,1282
SMSLIFE,12-MAR-2021,534.85,550.0,531.25,534.1,3429,2149,213
SMSPHARMA,12-MAR-2021,130.9,130.9,126.9,129.05,57754,33030,1073
SNOWMAN,12-MAR-2021,56.6,56.9,53.1,54.05,3719090,1608968,13786
SOBHA,12-MAR-2021,450.0,463.9,442.2,449.0,155830,92894,6476
SOLARA,12-MAR-2021,1320.9,1320.9,1269.9,1278.25,94845,65936,5946
SOLARINDS,12-MAR-2021,1400.0,1400.0,1335.4,1347.9,22149,14853,3025
SOMANYCERA,12-MAR-2021,438.0,442.95,432.1,436.15,38425,29545,4120
SONATSOFTW,12-MAR-2021,488.0,506.0,488.0,503.5,688091,240377,20383
SORILINFRA,12-MAR-2021,184.9,187.75,174.0,177.1,130418,62543,3982
SOTL,12-MAR-2021,1018.0,1037.75,1015.2,1017.75,8029,4922,1098
SOUTHBANK,12-MAR-2021,9.55,9.75,9.35,9.45,17947618,5944187,47041
SOUTHWEST,12-MAR-2021,45.5,45.5,43.05,43.45,7589,6167,100
SPAL,12-MAR-2021,177.95,180.85,176.75,178.2,29443,13727,774
SPANDANA,12-MAR-2021,620.9,628.0,617.15,619.65,63971,47806,3701
SPARC,12-MAR-2021,166.9,167.85,164.45,165.4,425259,232141,8766
SPECIALITY,12-MAR-2021,49.05,49.7,46.7,47.6,128600,79229,1432
SPENCERS,12-MAR-2021,79.0,79.8,77.0,77.5,268521,177656,4019
SPIC,12-MAR-2021,32.15,33.2,31.25,31.35,782222,341486,3036
SPICEJET,12-MAR-2021,83.95,84.2,82.0,82.55,2583424,1247251,17637
SPLIL,12-MAR-2021,37.0,38.1,36.2,36.5,41499,31200,379
SPMLINFRA,12-MAR-2021,12.85,12.9,12.0,12.35,12422,10325,122
SPTL,12-MAR-2021,3.85,3.85,3.85,3.85,2117740,2117740,943
SPYL,12-MAR-2021,0.45,0.45,0.4,0.45,872685,450830,563
SREEL,12-MAR-2021,148.4,148.7,145.0,146.05,13614,10774,283
SREINFRA,12-MAR-2021,7.1,7.2,6.65,6.75,2110534,1352467,2283
SRF,12-MAR-2021,5661.0,5720.0,5580.6,5599.0,116215,38556,17675
SRHHYPOLTD,12-MAR-2021,280.0,288.05,273.9,275.0,33221,17998,1669
SRIPIPES,12-MAR-2021,181.15,181.8,178.5,179.95,106521,79386,2096
SRTRANSFIN,12-MAR-2021,1341.0,1342.0,1310.55,1325.45,2508940,702630,63736
SSWL,12-MAR-2021,754.9,775.0,744.1,757.65,34204,15904,2980
STAR,12-MAR-2021,857.0,859.4,832.65,837.95,299945,141457,15561
STARCEMENT,12-MAR-2021,102.65,103.2,99.4,100.15,364128,168010,5785
STARPAPER,12-MAR-2021,124.3,130.85,124.0,127.15,708857,189813,10721
STCINDIA,12-MAR-2021,89.25,89.75,85.2,85.6,32566,20147,708
STEELCITY,12-MAR-2021,37.35,37.35,36.8,37.15,17452,13088,140
STEELXIND,12-MAR-2021,56.0,59.55,52.7,54.7,125695,92727,943
STERTOOLS,12-MAR-2021,223.0,224.0,214.45,215.6,10036,5986,569
STLTECH,12-MAR-2021,218.0,225.0,216.0,220.3,964527,544575,19232
STOVEKRAFT,12-MAR-2021,500.0,501.65,483.0,485.15,144675,66881,6334
SUBEXLTD,12-MAR-2021,40.0,40.25,37.55,38.0,8291068,3932329,22970
SUBROS,12-MAR-2021,336.5,336.5,320.95,323.1,53590,28322,3441
SUDARSCHEM,12-MAR-2021,565.0,568.0,545.0,549.8,110419,60800,5185
SUMICHEM,12-MAR-2021,290.9,292.7,281.0,282.25,494667,349667,9613
SUMIT,12-MAR-2021,10.15,10.15,9.05,9.65,102006,73359,254
SUMMITSEC,12-MAR-2021,562.5,573.3,562.5,563.7,3662,2360,285
SUNCLAYLTD,12-MAR-2021,3398.7,3425.85,3300.0,3326.6,1822,1186,686
SUNDARAM,12-MAR-2021,1.25,1.3,1.25,1.25,96941,87624,229
SUNDARMFIN,12-MAR-2021,2710.0,2719.0,2631.05,2677.0,54616,36620,5658
SUNDARMHLD,12-MAR-2021,82.8,83.8,80.4,80.7,123268,92630,1395
SUNDRMBRAK,12-MAR-2021,359.95,359.95,347.1,350.45,1399,994,129
SUNDRMFAST,12-MAR-2021,741.9,749.8,730.0,745.85,168049,104989,12205
SUNFLAG,12-MAR-2021,66.2,66.25,63.4,63.55,412103,215765,3769
SUNPHARMA,12-MAR-2021,628.0,629.15,611.5,613.6,4264170,1385071,74203
SUNTECK,12-MAR-2021,332.7,342.5,328.0,331.25,315776,116303,9953
SUNTV,12-MAR-2021,497.95,499.0,485.2,486.25,1374479,560427,20867
SUPERHOUSE,12-MAR-2021,130.0,133.8,124.85,130.2,29082,15463,539
SUPERSPIN,12-MAR-2021,4.8,4.9,4.65,4.8,106375,62920,192
SUPPETRO,12-MAR-2021,437.0,443.2,418.7,435.5,153296,85782,5881
SUPRAJIT,12-MAR-2021,303.0,310.0,287.25,291.1,541025,200385,16504
SUPREMEENG,12-MAR-2021,29.0,30.45,27.55,30.1,220144,116045,229
SUPREMEIND,12-MAR-2021,2045.9,2076.6,2028.85,2065.1,49042,32856,13301
SURANAT&P,12-MAR-2021,4.75,4.8,4.65,4.65,34112,31176,120
SURYALAXMI,12-MAR-2021,34.45,36.6,33.8,34.5,9093,6041,241
SURYAROSNI,12-MAR-2021,400.65,403.85,370.5,376.05,287560,122141,17037
SUTLEJTEX,12-MAR-2021,43.5,45.6,42.9,44.35,151800,97636,1137
SUVEN,12-MAR-2021,84.25,84.8,81.05,81.65,299707,169216,2910
SUVENPHAR,12-MAR-2021,489.55,491.0,469.1,474.85,226328,156770,11414
SUZLON,12-MAR-2021,5.7,5.75,5.5,5.55,18753184,10751576,36623
SWANENERGY,12-MAR-2021,145.5,152.4,138.7,143.35,320240,74051,9920
SWARAJENG,12-MAR-2021,1413.05,1430.0,1370.0,1377.7,11771,7759,1584
SWELECTES,12-MAR-2021,210.1,215.95,205.0,206.45,23559,14997,692
SWSOLAR,12-MAR-2021,271.4,275.95,249.0,253.4,1230170,518855,24321
SYMPHONY,12-MAR-2021,1330.0,1354.0,1328.0,1342.05,39847,22949,5600
SYNGENE,12-MAR-2021,541.05,556.5,540.55,550.65,592786,266986,21447
TAINWALCHM,12-MAR-2021,66.1,67.65,64.35,65.2,8822,2910,385
TAJGVK,12-MAR-2021,124.6,124.85,122.3,123.5,77456,45300,1497
TAKE,12-MAR-2021,60.0,60.0,56.0,56.8,4125158,2000166,16172
TALBROAUTO,12-MAR-2021,233.05,240.55,229.65,232.85,113199,30110,4325
TANLA,12-MAR-2021,1008.0,1013.0,973.05,986.75,282004,200509,11074
TARC,12-MAR-2021,35.1,35.85,33.3,33.65,273132,196715,1285
TARMAT,12-MAR-2021,53.2,54.05,50.35,51.95,24760,17638,437
TASTYBITE,12-MAR-2021,15100.0,15179.7,14514.55,14635.6,1469,652,861
TATACHEM,12-MAR-2021,774.0,795.0,770.0,783.85,8922262,1524672,144179
TATACOFFEE,12-MAR-2021,127.45,133.6,126.1,131.7,4053075,1081270,30747
TATACOMM,12-MAR-2021,1300.0,1334.0,1267.35,1291.75,182388,56042,13207
TATACONSUM,12-MAR-2021,623.0,624.8,613.4,615.25,1884687,960333,36218
TATAELXSI,12-MAR-2021,2697.1,2769.0,2685.0,2727.4,596476,137500,38946
TATAINVEST,12-MAR-2021,1115.0,1129.25,1096.85,1119.4,26630,9870,3089
TATAMETALI,12-MAR-2021,790.0,803.0,771.1,775.2,200956,49429,8547
TATAMOTORS,12-MAR-2021,325.05,326.5,314.15,317.55,48360842,9523477,319107
TATAMTRDVR,12-MAR-2021,139.65,140.4,134.55,136.3,2226130,888815,14874
TATAPOWER,12-MAR-2021,108.4,114.5,107.0,113.25,162828658,24289029,425279
TATASTEEL,12-MAR-2021,740.0,745.0,714.0,719.95,16121409,2379597,197085
TATASTLBSL,12-MAR-2021,47.5,48.0,45.9,46.4,3594932,1143963,8495
TATASTLLP,12-MAR-2021,706.0,710.0,686.0,691.55,68397,28927,3835
TBZ,12-MAR-2021,79.4,82.9,75.65,76.85,1009838,366767,10947
TCI,12-MAR-2021,248.5,250.15,243.35,244.35,65830,29734,4447
TCIDEVELOP,12-MAR-2021,310.75,316.05,302.15,311.55,4169,3003,110
TCIEXP,12-MAR-2021,873.9,898.15,873.9,886.95,20943,10230,3236
TCIFINANCE,12-MAR-2021,5.9,6.1,5.8,5.95,7403,6751,57
TCNSBRANDS,12-MAR-2021,510.0,529.45,492.55,520.35,86651,44001,5657
TCPLPACK,12-MAR-2021,412.85,418.9,412.85,415.85,9398,8512,152
TCS,12-MAR-2021,3075.0,3117.0,3041.35,3057.95,2938317,1465667,128801
TDPOWERSYS,12-MAR-2021,159.4,159.95,155.0,156.45,25270,17502,584
TEAMLEASE,12-MAR-2021,3532.1,3650.0,3532.1,3603.95,28740,17612,7590
TECHM,12-MAR-2021,1000.0,1024.6,996.15,1003.25,4674919,2373064,122653
TECHNOE,12-MAR-2021,295.8,302.65,292.35,295.6,92974,18219,7550
TEJASNET,12-MAR-2021,194.9,199.7,189.05,193.85,884403,391437,9636
TERASOFT,12-MAR-2021,40.95,41.1,39.65,40.0,34363,26793,449
TEXINFRA,12-MAR-2021,70.45,71.65,70.1,71.05,70523,64823,280
TEXMOPIPES,12-MAR-2021,31.3,32.4,29.75,30.0,475762,195048,3525
TEXRAIL,12-MAR-2021,31.45,31.45,30.15,30.3,528361,283936,2563
TFCILTD,12-MAR-2021,71.5,73.7,69.2,70.15,2020636,654716,18469
TGBHOTELS,12-MAR-2021,5.05,5.05,4.8,4.9,34678,32496,87
THANGAMAYL,12-MAR-2021,625.05,636.95,605.9,612.05,73740,30960,3439
THEINVEST,12-MAR-2021,96.85,99.35,94.0,95.85,54808,38267,294
THEMISMED,12-MAR-2021,313.2,313.75,302.1,307.95,50981,48249,314
THERMAX,12-MAR-2021,1446.0,1456.5,1390.0,1399.15,110766,61452,15112
THOMASCOOK,12-MAR-2021,58.7,58.95,55.1,55.2,1038520,682349,4956
THYROCARE,12-MAR-2021,900.5,901.7,890.05,893.5,26204,12718,2143
TI,12-MAR-2021,30.25,31.6,29.1,30.6,369286,157973,2478
TIDEWATER,12-MAR-2021,4634.9,4655.0,4502.5,4540.1,2177,1326,742
TIIL,12-MAR-2021,391.95,391.95,371.4,374.8,18136,11603,1048
TIINDIA,12-MAR-2021,1229.9,1240.0,1158.25,1199.8,59941,38389,4927
TIL,12-MAR-2021,164.15,168.35,164.1,164.7,9720,6141,313
TIMESGTY,12-MAR-2021,26.7,26.8,25.1,25.2,1440,1131,86
TIMETECHNO,12-MAR-2021,59.5,61.5,55.75,56.5,1018491,525643,6403
TIMKEN,12-MAR-2021,1289.45,1321.0,1283.2,1294.55,24243,12963,3844
TINPLATE,12-MAR-2021,170.8,172.15,166.5,167.45,338652,154542,9219
TIRUMALCHM,12-MAR-2021,104.0,104.25,81.2,98.35,902865,393232,11403
TITAN,12-MAR-2021,1480.0,1507.8,1478.5,1482.5,2631081,1214749,86523
TMRVL,12-MAR-2021,13.9,13.9,13.9,13.9,62777,52776,167
TNPETRO,12-MAR-2021,51.45,52.8,50.9,51.1,629672,249073,4546
TNPL,12-MAR-2021,140.15,143.65,138.0,140.35,237843,156179,6087
TOKYOPLAST,12-MAR-2021,71.2,72.85,70.0,70.15,13623,5021,409
TORNTPHARM,12-MAR-2021,2455.25,2488.0,2438.5,2461.2,251501,97743,20167
TORNTPOWER,12-MAR-2021,418.0,420.0,409.75,412.25,1747283,891191,30115
TOTAL,12-MAR-2021,50.95,51.0,47.4,48.0,39892,33617,338
TPLPLASTEH,12-MAR-2021,164.85,164.9,155.25,157.05,6638,1566,185
TREEHOUSE,12-MAR-2021,7.15,7.55,7.1,7.5,77678,68011,136
TREJHARA,12-MAR-2021,34.0,34.1,31.95,34.1,45279,38755,164
TRENT,12-MAR-2021,916.1,924.9,872.75,876.55,664299,278850,36127
TRF,12-MAR-2021,98.5,103.6,97.3,97.8,12826,8915,553
TRIDENT,12-MAR-2021,14.55,15.8,14.5,15.3,62254045,28802059,55775
TRIGYN,12-MAR-2021,74.85,74.9,70.25,71.05,107954,66457,1127
TRIL,12-MAR-2021,17.25,17.6,16.8,16.9,109123,72954,412
TRITURBINE,12-MAR-2021,108.25,108.25,101.0,101.65,265442,126418,6629
TRIVENI,12-MAR-2021,92.95,95.6,91.7,92.1,756603,302130,5609
TTKHLTCARE,12-MAR-2021,567.05,570.65,555.55,559.85,856,562,116
TTKPRESTIG,12-MAR-2021,7732.0,7732.0,7525.0,7593.35,10296,6999,3636
TTL,12-MAR-2021,48.75,49.25,47.0,47.9,4922,2908,137
TV18BRDCST,12-MAR-2021,35.3,36.3,34.7,35.15,10818481,5231163,14433
TVSMOTOR,12-MAR-2021,609.0,609.0,580.5,584.2,1975870,502730,31203
TVSSRICHAK,12-MAR-2021,1800.0,1825.0,1790.0,1797.9,12393,7560,2068
TVTODAY,12-MAR-2021,272.7,276.6,270.0,270.7,61646,40841,1742
TVVISION,12-MAR-2021,1.65,1.7,1.6,1.65,17229,13637,22
TWL,12-MAR-2021,53.2,53.5,51.5,51.8,617894,422991,2850
UBL,12-MAR-2021,1234.0,1242.65,1203.65,1214.0,209421,35097,7812
UCALFUEL,12-MAR-2021,161.5,162.55,156.45,160.45,110678,25116,10208
UCOBANK,12-MAR-2021,13.5,13.85,13.2,13.4,14289165,5329166,21297
UFLEX,12-MAR-2021,406.45,425.5,405.35,416.25,485696,159025,9900
UFO,12-MAR-2021,85.8,85.8,82.65,83.7,196401,103954,2763
UGARSUGAR,12-MAR-2021,18.0,18.35,17.5,17.65,258624,114076,1747
UJJIVAN,12-MAR-2021,240.9,242.9,237.0,237.75,670754,296657,10148
UJJIVANSFB,12-MAR-2021,34.75,35.65,34.05,34.35,6400813,2497939,10514
ULTRACEMCO,12-MAR-2021,6768.0,6853.65,6612.05,6638.15,673811,334677,55382
UMANGDAIRY,12-MAR-2021,63.35,63.35,60.75,61.8,32177,21887,500
UNICHEMLAB,12-MAR-2021,326.1,330.0,319.65,322.5,53983,36391,2088
UNIDT,12-MAR-2021,270.0,270.0,262.0,264.1,15902,5899,299
UNIENTER,12-MAR-2021,86.7,86.8,83.05,84.3,15586,5898,617
UNIONBANK,12-MAR-2021,38.4,38.7,37.2,37.65,5457089,1601413,11614
UNITEDTEA,12-MAR-2021,323.95,324.0,312.0,313.7,593,421,77
UNIVCABLES,12-MAR-2021,148.0,153.8,145.6,146.8,123183,60456,2554
UNIVPHOTO,12-MAR-2021,185.95,185.95,180.0,182.2,1490,905,142
UPL,12-MAR-2021,626.6,632.95,614.1,620.3,4994965,1081334,73623
USHAMART,12-MAR-2021,34.35,34.35,32.25,32.8,1039371,681359,3443
UTIAMC,12-MAR-2021,610.0,611.75,599.5,604.95,98520,60023,4967
UTIBANKETF,12-MAR-2021,36.01,36.36,35.06,35.35,22823,12749,250
UTINEXT50,12-MAR-2021,398.0,398.0,362.4,362.43,597,527,43
UTINIFTETF,12-MAR-2021,1589.35,1597.35,1560.0,1567.22,794,409,76
UTISENSETF,12-MAR-2021,560.0,595.0,537.0,543.9,1446,1050,131
UTISXN50,12-MAR-2021,41.5,41.5,39.05,39.56,3628,3095,117
UTTAMSUGAR,12-MAR-2021,105.5,107.0,101.0,102.15,68772,19602,1474
V2RETAIL,12-MAR-2021,143.6,148.7,137.75,138.8,78404,56303,1407
VADILALIND,12-MAR-2021,936.0,936.0,901.55,907.55,18209,8153,2485
VAIBHAVGBL,12-MAR-2021,4000.0,4175.0,3993.75,4157.35,72159,34145,17392
VAKRANGEE,12-MAR-2021,52.9,54.9,52.05,53.35,3308374,1762539,5929
VALIANTORG,12-MAR-2021,1255.0,1270.7,1237.0,1242.6,22916,15876,2477
VARDHACRLC,12-MAR-2021,39.9,40.0,38.5,38.7,48202,36189,235
VARDMNPOLY,12-MAR-2021,17.45,19.25,17.45,19.25,382706,220613,985
VARROC,12-MAR-2021,405.2,411.5,395.0,398.05,181847,104939,13718
VASCONEQ,12-MAR-2021,20.3,20.55,19.5,20.55,2424163,1529074,3869
VASWANI,12-MAR-2021,10.85,11.0,10.55,10.75,30926,22274,171
VBL,12-MAR-2021,995.0,1003.55,971.0,976.15,328416,220162,31032
VEDL,12-MAR-2021,229.8,229.8,214.15,221.4,21345125,8091798,90293
VENKEYS,12-MAR-2021,1690.0,1690.0,1641.2,1654.05,52748,18137,4633
VENUSREM,12-MAR-2021,245.5,245.5,235.2,236.6,74105,39054,2025
VERTOZ,12-MAR-2021,301.4,304.0,284.4,285.65,278918,80755,5910
VESUVIUS,12-MAR-2021,1054.0,1054.0,1018.0,1022.8,10174,7230,656
VETO,12-MAR-2021,146.0,151.5,144.05,146.4,73529,36832,953
VGUARD,12-MAR-2021,227.0,231.0,227.0,229.75,844415,406637,13911
VHL,12-MAR-2021,1844.0,1890.0,1805.0,1810.85,1552,1103,238
VIDHIING,12-MAR-2021,143.5,143.8,137.3,138.9,58812,27354,1940
VIJIFIN,12-MAR-2021,0.7,0.75,0.65,0.7,100543,64856,153
VIKASECO,12-MAR-2021,2.55,2.6,2.5,2.5,1905375,1797917,1134
VIKASMCORP,12-MAR-2021,3.7,3.75,3.6,3.65,5521898,2660308,24447
VIKASPROP,12-MAR-2021,2.6,2.65,2.55,2.6,1864381,1002903,6736
VIKASWSP,12-MAR-2021,6.5,6.5,6.4,6.4,736500,682035,443
VIMTALABS,12-MAR-2021,179.95,182.0,174.0,174.95,110356,50280,2458
VINATIORGA,12-MAR-2021,1451.0,1470.0,1429.85,1456.6,86472,39478,5760
VINDHYATEL,12-MAR-2021,871.0,892.5,851.05,857.15,51614,22796,4734
VINYLINDIA,12-MAR-2021,130.0,130.0,125.5,127.1,50217,25383,1258
VIPIND,12-MAR-2021,403.0,406.75,390.0,392.85,387427,210126,28102
VISAKAIND,12-MAR-2021,493.9,494.95,478.15,481.3,24583,13062,1528
VISASTEEL,12-MAR-2021,6.9,7.2,6.8,7.15,29145,25077,189
VISHAL,12-MAR-2021,74.0,74.55,71.65,74.55,226576,126855,1273
VISHNU,12-MAR-2021,196.1,201.9,192.0,194.3,25680,16395,728
VISHWARAJ,12-MAR-2021,128.0,128.0,123.25,125.6,124290,28000,4188
VIVIMEDLAB,12-MAR-2021,20.65,22.0,19.8,20.5,1767902,753062,4709
VLSFINANCE,12-MAR-2021,89.85,90.7,87.0,87.45,41825,29564,884
VMART,12-MAR-2021,2825.0,2875.9,2795.0,2833.8,26980,10009,7622
VOLTAMP,12-MAR-2021,1151.0,1175.0,1141.7,1152.05,6526,3146,1137
VOLTAS,12-MAR-2021,1065.0,1084.9,1045.8,1052.95,2306876,779375,46875
VRLLOG,12-MAR-2021,249.7,251.05,242.0,244.05,126043,68470,5458
VSSL,12-MAR-2021,165.95,165.95,157.0,161.0,79284,55838,1137
VSTIND,12-MAR-2021,3446.95,3446.95,3410.0,3424.9,4801,2802,1341
VSTTILLERS,12-MAR-2021,1893.0,1954.4,1882.0,1898.3,19423,12042,2860
VTL,12-MAR-2021,1195.0,1215.3,1192.3,1209.85,37285,25235,3013
WABAG,12-MAR-2021,267.1,269.95,258.05,261.1,336920,148008,9316
WABCOINDIA,12-MAR-2021,6328.5,6376.7,6140.05,6255.3,1907,1233,610
WALCHANNAG,12-MAR-2021,70.0,72.2,67.4,68.35,546163,127394,8527
WATERBASE,12-MAR-2021,112.55,121.0,112.5,115.7,871235,212087,16735
WEALTH,12-MAR-2021,122.3,126.55,118.0,120.5,884,693,69
WEBELSOLAR,12-MAR-2021,42.75,42.75,42.75,42.75,127134,127134,205
WEIZMANIND,12-MAR-2021,50.5,50.5,47.45,47.8,7286,4835,132
WELCORP,12-MAR-2021,137.5,137.9,131.05,132.15,1112799,515036,11051
WELENT,12-MAR-2021,123.7,127.0,120.0,121.9,401832,183826,7224
WELINV,12-MAR-2021,364.45,373.0,359.65,367.4,1188,817,107
WELSPUNIND,12-MAR-2021,75.1,84.8,75.05,80.5,12247807,3954587,47930
WENDT,12-MAR-2021,3365.95,3365.95,3280.0,3292.9,463,290,137
WESTLIFE,12-MAR-2021,526.85,531.4,508.0,516.4,227801,138106,16831
WHEELS,12-MAR-2021,472.85,475.0,464.0,465.65,6569,4212,641
WHIRLPOOL,12-MAR-2021,2433.9,2447.95,2400.0,2409.5,50655,33103,4998
WILLAMAGOR,12-MAR-2021,21.2,21.65,20.85,20.9,11053,8605,102
WINDMACHIN,12-MAR-2021,23.9,26.05,23.9,26.05,795157,222578,1293
WIPRO,12-MAR-2021,431.5,432.8,422.1,425.2,8960126,2576260,96760
WOCKPHARMA,12-MAR-2021,495.0,497.0,482.2,486.35,368736,153961,9350
WONDERLA,12-MAR-2021,222.95,224.0,214.05,217.4,182809,99092,4723
WORTH,12-MAR-2021,57.85,57.85,55.9,56.2,6951,3714,121
WSI,12-MAR-2021,4.85,5.05,4.65,4.95,23647,20225,139
WSTCSTPAPR,12-MAR-2021,252.7,258.4,242.1,243.85,232130,123468,6107
XCHANGING,12-MAR-2021,70.95,73.1,69.4,70.05,167373,79107,1981
XELPMOC,12-MAR-2021,268.4,278.0,268.1,272.3,33845,18631,3518
XPROINDIA,12-MAR-2021,54.05,54.2,53.0,54.2,11506,10670,54
YAARII,12-MAR-2021,165.0,167.75,151.85,152.85,435845,234421,4548
YESBANK,12-MAR-2021,16.0,16.25,15.85,15.9,81941288,31307189,78523
ZEEL,12-MAR-2021,222.9,226.5,217.7,218.8,11711197,2683244,72340
ZEELEARN,12-MAR-2021,11.6,11.65,11.4,11.4,776342,626567,1259
ZEEMEDIA,12-MAR-2021,7.05,7.05,6.8,6.85,2172633,1657642,15221
ZENITHEXPO,12-MAR-2021,74.35,74.35,67.85,70.15,2486,1282,108
ZENSARTECH,12-MAR-2021,287.3,292.75,277.9,284.75,375872,158486,12454
ZENTEC,12-MAR-2021,88.25,92.8,87.2,88.55,1596097,475963,18789
ZODIACLOTH,12-MAR-2021,113.45,114.45,107.8,108.3,82313,56209,1985
ZODJRDMKJ,12-MAR-2021,28.0,28.45,27.6,27.7,2214,685,155
ZOTA,12-MAR-2021,152.9,153.0,148.0,149.9,8000,3420,131
ZUARI,12-MAR-2021,98.9,99.95,93.3,96.3,196856,100387,4475
ZYDUSWELL,12-MAR-2021,1882.1,1900.0,1874.1,1889.1,41515,24240,5902
