20MICRONS,16-MAR-2021,37.8,38.75,37.45,38.4,76451,53789,695
21STCENMGM,16-MAR-2021,13.5,13.5,13.5,13.5,101,101,2
3IINFOTECH,16-MAR-2021,9.1,9.15,8.45,8.45,25390015,10786726,33052
3MINDIA,16-MAR-2021,27719.9,28640.1,27630.0,28029.3,9375,5080,5239
3PLAND,16-MAR-2021,9.4,9.6,9.05,9.2,3409,2079,44
5PAISA,16-MAR-2021,276.3,288.7,274.45,284.1,35611,20393,2736
63MOONS,16-MAR-2021,79.2,81.85,77.0,78.45,59732,34020,766
A2ZINFRA,16-MAR-2021,4.15,4.15,3.95,4.0,285654,235567,319
AARON,16-MAR-2021,59.05,64.0,59.05,62.15,1565,1116,80
AARTIDRUGS,16-MAR-2021,685.0,709.0,685.0,689.65,953414,223057,35283
AARTIIND,16-MAR-2021,1278.9,1300.9,1268.3,1288.3,162087,69513,10320
AARTISURF,16-MAR-2021,1009.0,1009.0,977.1,980.3,8138,5139,1094
AARVEEDEN,16-MAR-2021,18.45,18.45,17.25,17.75,5472,4159,67
AARVI,16-MAR-2021,56.95,56.95,53.05,53.65,6997,6130,68
AAVAS,16-MAR-2021,2225.0,2262.1,2183.5,2251.35,60706,36939,13926
ABAN,16-MAR-2021,39.75,39.75,37.25,37.65,117574,83308,847
ABB,16-MAR-2021,1454.0,1469.0,1425.95,1442.05,87214,27319,13013
ABBOTINDIA,16-MAR-2021,14530.0,14800.0,14300.0,14771.8,11455,5391,3458
ABCAPITAL,16-MAR-2021,128.8,132.7,126.95,128.35,4777558,869013,28598
ABFRL,16-MAR-2021,217.25,218.0,210.75,212.85,1783266,1123975,26381
ABMINTLTD,16-MAR-2021,61.3,61.35,58.25,58.25,1022,907,33
ABSLBANETF,16-MAR-2021,349.53,367.0,345.25,346.34,361,154,47
ABSLNN50ET,16-MAR-2021,369.25,369.25,350.01,353.69,153,73,50
ACC,16-MAR-2021,1771.1,1789.75,1760.9,1766.15,530988,89369,23180
ACCELYA,16-MAR-2021,896.05,904.0,882.95,890.5,3463,2084,484
ACCURACY,16-MAR-2021,54.95,55.0,53.55,54.85,49511,42726,60
ACE,16-MAR-2021,173.2,174.3,168.35,170.55,291294,168624,3362
ACRYSIL,16-MAR-2021,345.05,361.0,340.0,346.6,53995,30701,1900
ADANIENT,16-MAR-2021,900.7,904.4,888.05,897.8,2555026,322814,38728
ADANIGREEN,16-MAR-2021,1209.9,1244.4,1206.3,1219.8,648757,345423,25603
ADANIPORTS,16-MAR-2021,731.4,735.7,714.25,717.35,14979009,2382011,214166
ADANIPOWER,16-MAR-2021,81.5,83.25,80.0,83.1,33636791,11617023,107817
ADANITRANS,16-MAR-2021,782.3,792.8,762.0,780.3,469636,193706,20589
ADFFOODS,16-MAR-2021,900.0,915.0,883.0,890.1,35372,9837,5090
ADHUNIKIND,16-MAR-2021,21.45,21.45,20.55,20.8,12291,7313,158
ADORWELD,16-MAR-2021,325.8,327.4,317.4,324.75,25122,15684,781
ADSL,16-MAR-2021,42.9,46.65,42.5,46.65,644109,336354,3087
ADVANIHOTR,16-MAR-2021,62.45,62.75,59.75,59.85,25432,18694,420
ADVENZYMES,16-MAR-2021,370.0,375.0,362.35,364.5,256574,118401,9427
AEGISCHEM,16-MAR-2021,290.0,295.2,285.6,287.95,304902,169839,6146
AFFLE,16-MAR-2021,5925.5,6005.0,5892.0,5949.75,55300,39566,11190
AGCNET,16-MAR-2021,986.05,1009.0,986.05,1000.85,3898,3153,123
AGRITECH,16-MAR-2021,33.7,35.7,32.7,35.55,10319,7767,168
AGROPHOS,16-MAR-2021,12.1,12.6,12.0,12.1,15409,12656,147
AHLADA,16-MAR-2021,104.8,104.8,99.45,100.85,5946,5493,55
AHLEAST,16-MAR-2021,164.9,169.05,160.4,162.9,1145,621,110
AHLUCONT,16-MAR-2021,310.0,311.5,298.05,303.05,23561,10541,1363
AHLWEST,16-MAR-2021,226.95,230.7,221.5,224.8,3597,2325,293
AIAENG,16-MAR-2021,1920.0,1920.0,1881.0,1900.75,26869,18006,3442
AIRAN,16-MAR-2021,15.5,15.75,15.3,15.7,161837,157818,421
AJANTPHARM,16-MAR-2021,1832.0,1832.0,1785.0,1793.75,52304,20171,9099
AJMERA,16-MAR-2021,125.6,128.4,125.25,126.1,44616,17648,774
AKASH,16-MAR-2021,204.5,220.0,199.45,217.95,108729,46779,581
AKG,16-MAR-2021,108.0,112.7,102.0,110.8,603544,186883,5418
AKSHARCHEM,16-MAR-2021,247.9,252.65,240.05,244.7,55641,40857,1223
AKSHOPTFBR,16-MAR-2021,6.4,6.65,6.3,6.3,153627,117950,389
AKZOINDIA,16-MAR-2021,2328.95,2415.0,2318.55,2402.6,48586,25326,7664
ALANKIT,16-MAR-2021,16.0,16.15,15.9,15.9,51116,39589,214
ALBERTDAVD,16-MAR-2021,397.65,400.0,395.1,396.55,4602,3015,306
ALEMBICLTD,16-MAR-2021,98.9,100.65,98.9,99.65,161274,72007,2274
ALICON,16-MAR-2021,449.5,450.3,440.95,443.15,764,481,152
ALKALI,16-MAR-2021,52.8,52.8,50.5,50.9,12958,8811,216
ALKEM,16-MAR-2021,2686.0,2702.3,2645.95,2657.5,86396,35720,9171
ALKYLAMINE,16-MAR-2021,5260.0,5295.0,5201.55,5226.6,18090,7504,4420
ALLCARGO,16-MAR-2021,133.95,135.5,132.1,132.5,193888,96746,2042
ALLSEC,16-MAR-2021,323.65,329.85,323.0,324.9,2966,1517,271
ALMONDZ,16-MAR-2021,30.6,31.0,30.5,31.0,30170,22353,147
ALOKINDS,16-MAR-2021,21.25,21.65,20.9,21.4,9347244,5266035,11921
ALPA,16-MAR-2021,38.6,39.75,38.0,38.25,24371,17906,283
ALPHAGEO,16-MAR-2021,205.0,208.75,201.15,206.05,9030,6376,469
AMARAJABAT,16-MAR-2021,894.05,901.7,889.55,891.55,505528,164267,24043
AMBER,16-MAR-2021,3460.0,3483.95,3414.3,3435.2,41311,21143,6850
AMBIKCO,16-MAR-2021,991.45,1059.0,989.95,1047.7,90845,44138,6631
AMBUJACEM,16-MAR-2021,284.9,290.0,284.25,285.55,7122222,3103880,62011
AMJLAND,16-MAR-2021,25.25,25.85,24.7,24.9,17077,12097,141
AMRUTANJAN,16-MAR-2021,528.75,536.9,526.0,527.55,29126,16319,1831
ANANTRAJ,16-MAR-2021,56.0,57.35,54.75,57.0,802640,451102,2288
ANDHRACEMT,16-MAR-2021,6.35,6.35,6.25,6.35,432702,340004,494
ANDHRAPAP,16-MAR-2021,246.5,254.55,243.3,245.15,77209,28270,1986
ANDHRSUGAR,16-MAR-2021,315.0,316.9,311.0,312.1,31632,18577,1084
ANGELBRKG,16-MAR-2021,329.6,331.55,327.05,328.3,183789,159015,1509
ANIKINDS,16-MAR-2021,17.5,17.5,16.7,17.0,13548,10813,83
ANKITMETAL,16-MAR-2021,1.2,1.2,1.1,1.15,84098,80580,54
ANSALAPI,16-MAR-2021,7.4,7.7,7.3,7.3,82846,72393,161
ANSALHSG,16-MAR-2021,6.25,6.25,5.9,5.95,33629,25360,81
ANUP,16-MAR-2021,631.5,636.0,622.4,630.65,20966,14010,1082
APARINDS,16-MAR-2021,463.65,488.35,455.0,477.85,148461,62166,5516
APCL,16-MAR-2021,215.0,220.45,212.0,214.25,29881,16073,1016
APCOTEXIND,16-MAR-2021,177.5,194.4,176.0,189.55,659036,277298,13608
APEX,16-MAR-2021,241.0,243.4,237.05,238.15,36308,16159,1184
APLAPOLLO,16-MAR-2021,1131.0,1134.05,1050.1,1107.55,560864,273457,31548
APLLTD,16-MAR-2021,912.5,930.0,906.65,923.55,189831,93033,6456
APOLLO,16-MAR-2021,109.1,109.95,108.05,108.85,60546,34056,1661
APOLLOHOSP,16-MAR-2021,3002.0,3080.0,2990.8,3073.25,1081398,292831,50921
APOLLOPIPE,16-MAR-2021,892.65,933.85,885.0,894.1,105596,38948,6924
APOLLOTYRE,16-MAR-2021,235.65,236.8,230.6,232.3,5851407,869179,42136
APOLSINHOT,16-MAR-2021,576.6,576.6,552.25,554.7,435,281,43
APTECHT,16-MAR-2021,210.0,219.0,208.0,209.7,268470,63833,11099
ARCHIES,16-MAR-2021,11.7,11.85,11.4,11.55,98020,87994,254
ARENTERP,16-MAR-2021,11.4,11.4,10.8,11.35,3674,2346,29
ARIES,16-MAR-2021,95.95,96.3,92.4,93.5,39613,22401,1163
ARIHANT,16-MAR-2021,22.25,22.25,21.05,21.2,5587,4945,64
ARIHANTSUP,16-MAR-2021,38.95,38.95,37.0,37.85,29731,6976,126
ARMANFIN,16-MAR-2021,618.95,677.7,618.95,650.55,17945,12113,1245
AROGRANITE,16-MAR-2021,45.95,46.45,45.0,45.55,14293,9943,213
ARSSINFRA,16-MAR-2021,23.05,24.3,23.05,23.6,22697,15601,189
ARTEMISMED,16-MAR-2021,228.0,228.75,223.7,223.9,759,629,67
ARVIND,16-MAR-2021,74.7,76.45,73.5,74.4,1112095,413193,7449
ARVINDFASN,16-MAR-2021,159.7,163.85,156.45,161.25,185270,95017,2861
ARVSMART,16-MAR-2021,100.0,103.3,98.75,100.6,85934,35998,1276
ASAHIINDIA,16-MAR-2021,326.0,326.0,315.9,318.55,16941,10792,808
ASAHISONG,16-MAR-2021,324.0,324.0,314.0,315.25,34797,16500,629
ASALCBR,16-MAR-2021,399.8,407.55,398.05,405.15,110442,55499,3772
ASHAPURMIN,16-MAR-2021,121.0,121.0,117.6,118.75,95515,63069,1409
ASHIANA,16-MAR-2021,127.5,150.0,125.5,143.85,1893478,329831,21437
ASHIMASYN,16-MAR-2021,17.75,18.45,16.8,18.0,526862,332970,1208
ASHOKA,16-MAR-2021,108.0,109.7,106.2,107.95,675742,208505,12991
ASHOKLEY,16-MAR-2021,121.55,123.9,120.05,123.25,12724147,2925490,57427
ASIANHOTNR,16-MAR-2021,71.85,73.2,69.5,70.05,12881,8156,355
ASIANPAINT,16-MAR-2021,2379.2,2480.0,2375.35,2468.6,4230564,1435386,155661
ASIANTILES,16-MAR-2021,170.95,177.6,167.0,168.1,1577193,752208,10091
ASPINWALL,16-MAR-2021,187.65,188.0,181.5,187.05,3131,2376,110
ASTEC,16-MAR-2021,1080.0,1090.0,1046.2,1082.45,28249,15797,5255
ASTERDM,16-MAR-2021,140.95,142.0,139.5,139.85,94315,50788,1567
ASTRAL,16-MAR-2021,2560.95,2561.0,2456.2,2473.3,335659,217873,35598
ASTRAMICRO,16-MAR-2021,135.65,137.0,130.1,131.15,343752,254667,3582
ASTRAZEN,16-MAR-2021,3281.0,3297.9,3171.0,3181.35,106561,44698,13989
ASTRON,16-MAR-2021,43.2,50.9,43.2,49.05,1081198,353361,6618
ATFL,16-MAR-2021,819.95,858.3,810.1,833.5,9879,5415,1030
ATGL,16-MAR-2021,755.85,755.85,742.0,747.6,1378624,1104611,15384
ATLANTA,16-MAR-2021,8.2,8.2,7.7,7.9,31737,27730,116
ATUL,16-MAR-2021,6819.0,6830.0,6685.0,6781.0,11611,7232,2906
ATULAUTO,16-MAR-2021,192.0,194.8,189.0,191.2,47772,21967,1567
AUBANK,16-MAR-2021,1211.05,1237.65,1208.35,1230.05,1120525,240330,46955
AURIONPRO,16-MAR-2021,150.55,156.9,135.3,146.2,593049,199777,12071
AUROPHARMA,16-MAR-2021,836.0,852.85,828.3,840.95,1433585,405098,35129
AUSOMENT,16-MAR-2021,52.9,53.2,51.0,51.6,20246,11494,252
AUTOAXLES,16-MAR-2021,1181.05,1198.45,1175.7,1184.45,5203,3321,923
AUTOIND,16-MAR-2021,35.1,37.3,35.1,37.3,164112,154938,434
AVADHSUGAR,16-MAR-2021,202.65,202.65,193.35,195.1,63259,32065,1323
AVANTIFEED,16-MAR-2021,476.95,479.85,470.0,470.65,220604,159846,5804
AVTNPL,16-MAR-2021,47.8,48.25,46.2,46.7,89140,55606,958
AWHCL,16-MAR-2021,287.0,293.85,281.2,282.4,62227,34149,2810
AXISBANK,16-MAR-2021,751.0,752.0,735.95,737.75,11358574,2458273,165289
AXISBNKETF,16-MAR-2021,349.18,351.88,345.5,346.69,377,301,54
AXISCADES,16-MAR-2021,45.35,46.85,45.35,46.05,75843,62576,479
AXISGOLD,16-MAR-2021,39.2,39.38,39.05,39.14,129509,92073,2339
AXISNIFTY,16-MAR-2021,155.74,156.48,154.3,154.96,3039,2046,176
AYMSYNTEX,16-MAR-2021,47.95,49.95,47.95,48.8,6523,5378,81
BAFNAPH,16-MAR-2021,152.9,153.8,146.0,153.8,63566,48667,1366
BAGFILMS,16-MAR-2021,2.5,2.55,2.45,2.45,327924,268761,370
BAJAJ-AUTO,16-MAR-2021,3673.15,3690.0,3635.0,3654.45,858553,445137,55526
BAJAJCON,16-MAR-2021,261.0,274.5,258.25,271.65,1327696,549372,36769
BAJAJELEC,16-MAR-2021,1009.95,1014.75,980.1,994.65,97835,44657,6708
BAJAJFINSV,16-MAR-2021,9725.0,9785.65,9585.0,9613.3,370587,81902,42539
BAJAJHIND,16-MAR-2021,7.25,7.25,6.85,6.9,4582995,2790904,4067
BAJAJHLDNG,16-MAR-2021,3500.05,3588.0,3480.7,3502.85,26082,11147,5637
BAJFINANCE,16-MAR-2021,5488.45,5507.0,5420.0,5455.95,1561305,218360,101760
BALAJITELE,16-MAR-2021,62.0,62.9,60.55,62.25,290279,169750,1832
BALAMINES,16-MAR-2021,1755.0,1760.0,1710.0,1716.4,56516,24306,5357
BALAXI,16-MAR-2021,592.65,599.2,570.0,576.65,827,504,146
BALKRISIND,16-MAR-2021,1634.95,1655.0,1620.3,1639.1,431079,115771,15349
BALMLAWRIE,16-MAR-2021,146.8,149.6,143.8,144.2,795634,235089,11774
BALPHARMA,16-MAR-2021,63.3,64.3,60.15,60.9,225701,129128,1833
BALRAMCHIN,16-MAR-2021,211.0,214.15,201.0,203.2,1488062,582582,17478
BANARBEADS,16-MAR-2021,55.45,56.8,55.45,55.95,8509,4058,210
BANARISUG,16-MAR-2021,1791.05,1799.1,1720.0,1741.15,1929,892,518
BANCOINDIA,16-MAR-2021,162.2,162.8,156.0,158.2,264847,130286,9730
BANDHANBNK,16-MAR-2021,343.75,345.0,334.5,339.5,5227735,1210860,51857
BANG,16-MAR-2021,29.65,29.65,28.35,28.75,3645,2847,97
BANKA,16-MAR-2021,70.65,70.7,68.55,69.95,7633,6215,91
BANKBARODA,16-MAR-2021,79.5,79.95,76.4,78.85,65198270,16094953,131557
BANKBEES,16-MAR-2021,357.0,357.0,349.2,350.02,1255725,243371,13160
BANKINDIA,16-MAR-2021,74.2,74.2,71.6,71.95,3631166,1266258,14858
BANSWRAS,16-MAR-2021,119.25,121.55,118.0,118.6,9012,5840,146
BASF,16-MAR-2021,2227.95,2260.05,2190.0,2213.05,16271,6604,2938
BASML,16-MAR-2021,61.05,66.95,59.9,66.45,227192,126834,1180
BATAINDIA,16-MAR-2021,1499.6,1527.9,1484.0,1487.65,502157,122246,21250
BAYERCROP,16-MAR-2021,5113.7,5148.85,5060.0,5084.1,12013,7315,2616
BBL,16-MAR-2021,1150.0,1273.25,1133.3,1185.0,77709,25270,6819
BBTC,16-MAR-2021,1170.0,1198.55,1170.0,1178.45,48569,18584,4763
BCG,16-MAR-2021,9.45,9.45,9.2,9.45,2816320,1717889,2068
BCLIND,16-MAR-2021,117.0,117.6,113.05,113.25,27683,12295,1335
BCP,16-MAR-2021,3.85,3.85,3.7,3.8,1198656,934462,1336
BDL,16-MAR-2021,359.95,363.85,357.1,360.1,259399,170136,4389
BEARDSELL,16-MAR-2021,10.45,10.45,9.7,9.95,27281,24252,61
BECTORFOOD,16-MAR-2021,375.0,381.85,373.65,375.25,331543,99408,10121
BEDMUTHA,16-MAR-2021,24.15,24.15,23.15,24.0,1485,1054,23
BEL,16-MAR-2021,137.5,138.55,135.5,137.85,9757790,2166386,41623
BEML,16-MAR-2021,1360.2,1423.9,1350.0,1377.5,1471057,154049,61969
BEPL,16-MAR-2021,163.0,166.2,158.65,162.25,1806644,725757,21102
BERGEPAINT,16-MAR-2021,719.0,735.95,719.0,727.55,1144122,226073,28176
BESTAGRO,16-MAR-2021,369.85,390.0,369.85,386.65,2186,1493,143
BFINVEST,16-MAR-2021,310.4,312.85,309.25,310.35,19606,12006,480
BFUTILITIE,16-MAR-2021,279.8,280.45,273.05,275.7,115001,46155,2641
BGRENERGY,16-MAR-2021,52.0,53.45,49.05,49.35,337359,194622,2547
BHAGERIA,16-MAR-2021,164.0,192.5,163.5,177.3,905694,285575,14492
BHAGYAPROP,16-MAR-2021,29.45,29.45,28.65,28.85,4306,3769,33
BHARATFORG,16-MAR-2021,616.5,621.2,609.0,611.0,1206829,269284,26121
BHARATGEAR,16-MAR-2021,82.85,84.7,81.7,81.9,19547,10962,355
BHARATRAS,16-MAR-2021,9710.0,9787.45,9650.0,9683.7,1182,684,579
BHARTIARTL,16-MAR-2021,524.0,533.75,524.0,529.3,13007824,4684129,157872
BHEL,16-MAR-2021,55.8,56.2,53.5,53.9,67218075,15457715,107769
BIGBLOC,16-MAR-2021,91.6,91.6,91.6,91.6,8452,8432,61
BIL,16-MAR-2021,152.0,153.3,149.95,151.0,18273,17735,115
BINDALAGRO,16-MAR-2021,17.55,17.85,17.0,17.25,53317,28368,365
BIOCON,16-MAR-2021,396.0,396.0,389.3,391.7,2743146,1237064,32175
BIRLACABLE,16-MAR-2021,68.0,74.1,68.0,72.25,1649369,544652,13869
BIRLACORPN,16-MAR-2021,853.6,858.2,842.05,850.45,84696,44787,4703
BIRLAMONEY,16-MAR-2021,44.9,46.35,44.9,45.2,224729,67783,2056
BIRLATYRE,16-MAR-2021,27.2,27.55,26.85,26.95,317864,225719,2336
BKMINDST,16-MAR-2021,1.1,1.2,1.1,1.1,134979,78271,281
BLISSGVS,16-MAR-2021,120.0,123.15,103.85,103.85,5445632,2112925,40534
BLS,16-MAR-2021,108.6,111.95,107.8,108.5,162318,58802,4610
BLUEDART,16-MAR-2021,5507.65,5524.6,5353.0,5476.3,18530,5590,4121
BLUESTARCO,16-MAR-2021,929.0,937.4,891.05,895.55,77873,35290,6363
BODALCHEM,16-MAR-2021,108.0,109.7,97.2,98.55,7823502,2476846,64476
BOMDYEING,16-MAR-2021,79.6,80.85,78.3,79.05,1819022,345753,8928
BOROLTD,16-MAR-2021,181.7,181.85,176.55,177.2,81125,45758,1866
BORORENEW,16-MAR-2021,276.1,282.7,272.1,273.25,335810,191022,10489
BOSCHLTD,16-MAR-2021,15044.0,15062.8,14701.0,14818.5,29407,7558,7604
BPCL,16-MAR-2021,464.55,465.6,452.05,453.85,15391437,8684412,106950
BPL,16-MAR-2021,27.3,27.3,26.0,26.05,89028,58847,622
BRFL,16-MAR-2021,7.25,7.7,7.25,7.55,381160,270582,7202
BRIGADE,16-MAR-2021,288.0,288.0,276.0,279.05,364064,275818,13034
BRITANNIA,16-MAR-2021,3462.6,3500.0,3456.05,3489.1,383099,224199,27364
BRNL,16-MAR-2021,32.9,33.0,32.35,32.45,56471,45285,369
BROOKS,16-MAR-2021,55.95,57.5,55.95,56.85,8721,4874,166
BSE,16-MAR-2021,578.8,578.95,570.0,571.15,340450,182589,8824
BSELINFRA,16-MAR-2021,0.95,1.05,0.95,1.0,7557,5930,19
BSL,16-MAR-2021,38.35,38.55,36.7,37.25,23821,18307,200
BSLGOLDETF,16-MAR-2021,4154.95,4240.0,4106.05,4128.85,501,296,150
BSLNIFTY,16-MAR-2021,162.31,166.41,162.31,164.37,228,96,56
BSOFT,16-MAR-2021,248.6,256.75,248.0,254.3,2821551,937140,47584
BURGERKING,16-MAR-2021,138.95,140.7,137.35,138.25,1504849,827430,14469
BUTTERFLY,16-MAR-2021,560.0,600.0,552.05,582.95,357959,246215,11013
BYKE,16-MAR-2021,22.0,22.75,20.55,22.1,81059,36388,548
CADILAHC,16-MAR-2021,440.75,442.85,434.8,439.95,1230143,403582,19166
CALSOFT,16-MAR-2021,9.1,9.25,8.7,9.15,110182,94315,98
CAMLINFINE,16-MAR-2021,135.0,144.0,133.0,139.4,575594,218725,17227
CAMS,16-MAR-2021,1870.0,1887.1,1855.0,1867.85,115601,101982,3144
CANBK,16-MAR-2021,159.0,159.9,154.25,157.55,15486161,1194223,58468
CANFINHOME,16-MAR-2021,576.55,596.9,563.6,566.7,693433,261487,19260
CANTABIL,16-MAR-2021,383.55,384.6,370.55,374.1,111877,18161,5245
CAPACITE,16-MAR-2021,207.85,223.45,207.85,212.5,331825,132817,10718
CAPLIPOINT,16-MAR-2021,452.15,458.45,450.1,452.55,97414,59656,2883
CARBORUNIV,16-MAR-2021,523.0,523.0,504.9,513.4,87690,49100,6243
CAREERP,16-MAR-2021,140.85,143.0,140.1,141.15,13232,8920,287
CARERATING,16-MAR-2021,456.3,457.75,448.0,449.3,99700,69695,3495
CASTROLIND,16-MAR-2021,127.3,129.25,126.6,127.25,744082,372353,10332
CCHHL,16-MAR-2021,4.75,4.85,4.6,4.7,57034,36057,105
CCL,16-MAR-2021,250.8,256.8,248.15,254.4,96858,45379,3781
CDSL,16-MAR-2021,608.0,647.0,603.0,633.4,2558617,765976,86835
CEATLTD,16-MAR-2021,1604.75,1629.95,1574.55,1579.35,220762,91805,13730
CENTENKA,16-MAR-2021,266.0,273.95,263.1,270.25,151391,88960,4352
CENTEXT,16-MAR-2021,4.65,4.65,4.4,4.55,73472,51447,134
CENTRALBK,16-MAR-2021,19.3,19.3,18.45,18.8,6487800,2758392,11297
CENTRUM,16-MAR-2021,28.75,29.3,28.05,28.35,3387902,1578592,3942
CENTUM,16-MAR-2021,422.1,432.95,422.1,425.9,4833,2079,315
CENTURYPLY,16-MAR-2021,316.05,319.75,312.0,317.15,68381,34358,5324
CENTURYTEX,16-MAR-2021,496.5,509.5,493.8,498.9,389591,93441,10748
CERA,16-MAR-2021,4015.45,4050.0,3980.2,4045.75,5170,2778,1162
CEREBRAINT,16-MAR-2021,56.75,57.0,54.35,54.95,4488834,3472597,5704
CESC,16-MAR-2021,621.1,623.3,616.05,617.9,163796,93924,6516
CGCL,16-MAR-2021,355.7,358.9,346.15,351.5,69940,7539,4984
CGPOWER,16-MAR-2021,61.0,63.3,60.7,62.95,3227599,2709488,10129
CHALET,16-MAR-2021,170.75,171.15,167.05,167.7,136285,54398,4026
CHAMBLFERT,16-MAR-2021,239.5,240.15,232.8,235.0,815686,494803,9506
CHEMBOND,16-MAR-2021,204.35,207.25,198.45,203.4,27449,14771,1055
CHEMCON,16-MAR-2021,433.5,456.0,428.95,446.9,806196,267975,25538
CHEMFAB,16-MAR-2021,127.2,127.8,126.1,126.7,3070,2607,72
CHENNPETRO,16-MAR-2021,107.9,110.9,107.05,109.9,663874,163759,8969
CHOLAFIN,16-MAR-2021,537.95,544.35,530.2,540.65,3577095,484019,46834
CHOLAHLDNG,16-MAR-2021,607.5,612.0,587.7,600.5,96742,26251,7288
CIGNITITEC,16-MAR-2021,339.5,346.0,333.5,334.6,43686,24787,1421
CINELINE,16-MAR-2021,37.8,38.0,37.05,37.3,36611,26076,434
CINEVISTA,16-MAR-2021,6.25,6.4,5.9,6.1,11633,9247,63
CIPLA,16-MAR-2021,805.1,808.5,787.0,792.3,3671229,1354897,67773
CLEDUCATE,16-MAR-2021,95.2,95.45,90.75,90.75,338926,145583,3492
CLNINDIA,16-MAR-2021,394.0,397.55,385.2,389.75,35433,21328,2085
COALINDIA,16-MAR-2021,147.0,148.05,144.6,145.7,11857531,5170520,53494
COCHINSHIP,16-MAR-2021,376.5,378.35,371.2,372.6,132168,55452,6006
COFORGE,16-MAR-2021,2840.0,3015.25,2825.0,2993.55,1308579,167696,81521
COLPAL,16-MAR-2021,1598.6,1619.85,1595.15,1613.35,345773,178382,14716
COMPINFO,16-MAR-2021,18.5,18.75,17.85,18.0,242109,183890,953
COMPUSOFT,16-MAR-2021,9.25,9.4,8.9,9.05,91696,66383,184
CONCOR,16-MAR-2021,565.0,566.0,554.0,557.15,1898170,594558,43186
CONFIPET,16-MAR-2021,45.6,45.65,43.15,43.55,1271636,761697,7808
CONSOFINVT,16-MAR-2021,61.0,63.0,56.35,57.9,28488,18226,365
CONTROLPR,16-MAR-2021,230.0,231.95,228.1,230.1,11946,7940,219
CORALFINAC,16-MAR-2021,22.75,23.5,21.5,22.95,18541,7749,262
CORDSCABLE,16-MAR-2021,44.85,45.85,43.25,43.6,62949,35746,764
COROMANDEL,16-MAR-2021,774.8,781.0,768.4,779.2,288256,135644,22866
COSMOFILMS,16-MAR-2021,684.0,688.5,650.6,654.5,108050,53411,5247
CPSEETF,16-MAR-2021,23.91,24.1,23.11,23.95,1756504,1308763,7062
CREATIVE,16-MAR-2021,108.45,108.5,103.35,105.5,11479,5138,116
CREATIVEYE,16-MAR-2021,2.8,2.8,2.8,2.8,249,249,3
CREDITACC,16-MAR-2021,713.0,718.5,708.25,716.6,238817,179838,16784
CREST,16-MAR-2021,90.35,94.0,88.55,91.2,6774,3425,214
CRISIL,16-MAR-2021,1913.8,1935.0,1907.0,1921.4,67177,60399,2530
CROMPTON,16-MAR-2021,403.95,406.5,388.2,398.85,1328340,719624,43073
CSBBANK,16-MAR-2021,260.8,262.55,254.05,255.3,343044,244929,3810
CTE,16-MAR-2021,32.85,32.85,30.55,31.2,7735,5435,109
CUB,16-MAR-2021,171.45,172.8,169.5,170.2,1004833,369408,6461
CUBEXTUB,16-MAR-2021,21.55,21.6,20.15,20.2,7969,5032,56
CUMMINSIND,16-MAR-2021,868.8,875.7,852.05,859.35,1122074,182502,25904
CUPID,16-MAR-2021,234.8,238.0,225.0,229.4,78551,39004,2591
CYBERTECH,16-MAR-2021,130.1,141.45,130.1,137.45,538743,229345,9481
CYIENT,16-MAR-2021,670.45,708.35,670.0,702.05,1497001,456422,57325
DAAWAT,16-MAR-2021,59.8,61.9,58.3,60.7,2909969,824949,13590
DABUR,16-MAR-2021,526.1,530.75,525.15,529.1,1684209,991841,33607
DALBHARAT,16-MAR-2021,1472.35,1570.0,1470.9,1523.15,583491,351037,27132
DALMIASUG,16-MAR-2021,171.9,171.9,165.75,166.3,140764,77213,6522
DAMODARIND,16-MAR-2021,29.85,31.55,28.5,29.15,49186,37839,417
DANGEE,16-MAR-2021,130.85,132.5,130.0,130.7,20612,6713,168
DATAMATICS,16-MAR-2021,112.9,126.25,112.9,124.5,2139751,674730,28558
DBCORP,16-MAR-2021,94.0,98.6,94.0,97.7,208691,88876,3021
DBL,16-MAR-2021,642.5,658.0,632.1,638.45,134111,39593,6770
DBSTOCKBRO,16-MAR-2021,9.2,9.35,8.4,8.5,9253,1355,105
DCAL,16-MAR-2021,124.35,128.65,122.7,123.5,275579,151417,5673
DCBBANK,16-MAR-2021,114.9,115.15,113.25,114.0,876579,302682,9171
DCM,16-MAR-2021,26.15,27.0,26.05,26.3,19290,13076,120
DCMSHRIRAM,16-MAR-2021,518.1,548.05,518.1,543.5,69546,41676,3187
DCW,16-MAR-2021,29.5,29.9,28.6,29.0,1868174,601146,5486
DECCANCE,16-MAR-2021,426.05,426.55,415.0,417.55,24043,13156,1137
DEEPAKFERT,16-MAR-2021,235.0,238.0,223.4,233.6,1786305,504853,26087
DEEPAKNTR,16-MAR-2021,1559.9,1599.0,1530.0,1570.9,651515,138445,45835
DEEPENR,16-MAR-2021,39.9,40.35,39.55,39.6,24324,16497,258
DELTACORP,16-MAR-2021,196.85,197.85,185.0,186.45,4542704,1432086,43337
DELTAMAGNT,16-MAR-2021,32.3,33.5,31.15,32.6,18290,12381,198
DEN,16-MAR-2021,60.45,60.45,59.4,59.8,739131,396700,6406
DENORA,16-MAR-2021,269.3,270.15,260.4,263.45,9956,6404,496
DFMFOODS,16-MAR-2021,386.8,391.45,382.05,385.75,18465,12812,862
DGCONTENT,16-MAR-2021,9.0,9.0,8.35,8.55,18749,13541,103
DHAMPURSUG,16-MAR-2021,192.4,192.4,186.1,186.55,254793,89552,3748
DHANBANK,16-MAR-2021,16.2,17.55,15.9,16.8,12693776,4161389,13902
DHANI,16-MAR-2021,262.2,299.5,251.6,291.85,9002665,4325527,90542
DHANUKA,16-MAR-2021,717.35,740.0,715.1,727.3,83082,30119,3872
DHARSUGAR,16-MAR-2021,7.15,7.35,6.8,7.2,21320,16137,144
DHFL,16-MAR-2021,19.05,19.2,18.3,18.3,1692686,1262851,5318
DHUNINV,16-MAR-2021,282.0,282.0,274.0,276.25,3349,2256,225
DIAMONDYD,16-MAR-2021,658.35,661.45,636.0,649.4,6307,2742,707
DICIND,16-MAR-2021,406.8,406.8,400.0,401.35,5579,3890,308
DISHTV,16-MAR-2021,10.95,11.05,10.75,10.8,2558134,1543489,15856
DIVISLAB,16-MAR-2021,3429.9,3436.0,3361.05,3378.25,793917,457380,65869
DIXON,16-MAR-2021,21149.0,21179.6,20600.0,20724.65,40824,18201,17040
DLF,16-MAR-2021,305.8,306.75,301.6,304.2,5444765,675743,39802
DLINKINDIA,16-MAR-2021,111.1,113.3,109.2,109.8,279200,73154,5159
DMART,16-MAR-2021,3117.0,3166.0,3050.0,3071.0,298799,122757,29858
DNAMEDIA,16-MAR-2021,0.75,0.85,0.75,0.85,426532,389448,103
DOLAT,16-MAR-2021,56.9,58.7,56.6,57.05,491380,90587,5852
DOLLAR,16-MAR-2021,255.0,263.3,255.0,255.75,77763,30460,2404
DONEAR,16-MAR-2021,34.5,36.8,34.0,35.1,74910,25231,1003
DPABHUSHAN,16-MAR-2021,122.9,122.9,116.6,117.5,7177,5372,107
DPSCLTD,16-MAR-2021,13.0,13.3,12.95,13.3,25410,20794,124
DPWIRES,16-MAR-2021,117.0,117.7,112.0,113.5,2640,1912,109
DREDGECORP,16-MAR-2021,386.75,393.0,380.0,381.05,105018,30019,3307
DRREDDY,16-MAR-2021,4380.1,4466.7,4365.0,4449.7,935727,348578,75308
DSSL,16-MAR-2021,70.0,76.6,68.4,75.25,137862,55116,1900
DTIL,16-MAR-2021,277.9,277.9,270.0,271.45,4720,2984,420
DUCON,16-MAR-2021,5.5,5.8,5.45,5.6,61440,56410,168
DVL,16-MAR-2021,101.35,103.05,98.5,98.9,29461,19401,780
DWARKESH,16-MAR-2021,33.3,34.7,33.1,33.35,1420866,409766,5413
DYNAMATECH,16-MAR-2021,930.95,934.95,904.45,919.35,5413,3393,569
DYNPRO,16-MAR-2021,490.0,495.0,484.75,486.75,26115,17768,977
EBANK,16-MAR-2021,3603.0,3929.3,3602.3,3713.0,21,14,11
EBBETF0423,16-MAR-2021,1108.6,1109.1,1108.01,1108.01,5455,5251,38
EBBETF0425,16-MAR-2021,1014.53,1016.0,1009.5,1013.28,152890,150540,173
EBBETF0430,16-MAR-2021,1111.98,1111.98,1107.01,1109.48,6446,4870,127
EBBETF0431,16-MAR-2021,995.16,998.0,995.16,997.25,12720,12232,157
EBIXFOREX,16-MAR-2021,498.85,500.45,480.0,488.3,1609,1079,123
ECLERX,16-MAR-2021,979.0,1015.0,967.05,990.85,74972,30206,10639
EDELWEISS,16-MAR-2021,86.1,91.8,86.0,88.75,8493074,3702567,41128
EICHERMOT,16-MAR-2021,2652.45,2683.65,2626.0,2661.05,654829,189443,53466
EIDPARRY,16-MAR-2021,344.0,349.3,342.1,345.7,96728,51461,3578
EIHAHOTELS,16-MAR-2021,270.75,274.0,267.3,268.1,3481,2513,316
EIHOTEL,16-MAR-2021,102.6,104.6,102.25,102.95,651051,266066,17154
EIMCOELECO,16-MAR-2021,363.7,368.1,345.45,347.1,3275,2420,368
EKC,16-MAR-2021,76.9,83.8,76.5,79.65,1651423,631244,14707
ELECON,16-MAR-2021,65.45,69.5,65.15,68.85,1074657,472198,8618
ELECTCAST,16-MAR-2021,26.4,26.4,24.9,25.2,967248,679255,1844
ELECTHERM,16-MAR-2021,116.4,118.45,110.3,113.6,19915,10637,526
ELGIEQUIP,16-MAR-2021,197.7,198.95,192.0,193.85,89014,42781,2239
ELGIRUBCO,16-MAR-2021,30.45,30.7,29.05,30.25,49893,33015,295
EMAMILTD,16-MAR-2021,491.7,495.0,483.25,488.45,344559,246266,12770
EMAMIPAP,16-MAR-2021,100.1,116.8,100.1,116.8,442968,153239,3515
EMAMIREAL,16-MAR-2021,49.9,50.5,48.8,49.85,40727,27249,365
EMKAY,16-MAR-2021,75.4,76.95,73.3,75.1,54501,25844,1479
EMMBI,16-MAR-2021,80.05,80.05,78.65,79.75,20529,17705,252
ENDURANCE,16-MAR-2021,1423.35,1423.35,1386.35,1397.75,95667,79367,4191
ENGINERSIN,16-MAR-2021,82.5,82.75,80.5,80.8,2273028,1028029,11604
ENIL,16-MAR-2021,178.0,178.85,170.5,173.85,67599,38546,1642
EPL,16-MAR-2021,229.05,234.0,226.6,230.75,885752,588493,20909
EQ30,16-MAR-2021,430.04,430.04,409.0,428.48,525,256,93
EQUITAS,16-MAR-2021,91.95,93.0,89.0,89.85,1174073,486426,13659
EQUITASBNK,16-MAR-2021,59.1,59.8,56.25,58.4,771489,402734,5360
ERIS,16-MAR-2021,621.95,645.25,611.55,619.15,525248,309432,30748
EROSMEDIA,16-MAR-2021,29.3,29.3,28.4,28.85,145558,96383,773
ESABINDIA,16-MAR-2021,1875.35,1917.4,1862.0,1873.25,13596,1457,987
ESCORTS,16-MAR-2021,1358.3,1371.3,1336.8,1350.95,505511,76484,24097
ESSARSHPNG,16-MAR-2021,9.3,9.3,8.9,9.0,80293,56556,296
ESTER,16-MAR-2021,126.05,129.4,121.55,124.0,850137,358554,14356
EUROTEXIND,16-MAR-2021,8.65,8.65,8.65,8.65,31,31,3
EVEREADY,16-MAR-2021,282.0,290.0,280.0,281.0,143425,59931,5106
EVERESTIND,16-MAR-2021,319.6,321.7,310.45,311.4,40140,22679,1560
EXCEL,16-MAR-2021,2.85,2.85,2.65,2.7,43481,26337,76
EXCELINDUS,16-MAR-2021,876.5,910.0,862.1,884.5,29540,14238,3727
EXIDEIND,16-MAR-2021,200.35,202.15,197.0,197.6,3585583,1814366,37024
EXPLEOSOL,16-MAR-2021,508.9,551.0,501.0,540.65,88655,49703,3970
FACT,16-MAR-2021,118.5,121.8,115.1,117.2,561184,131265,7765
FAIRCHEMOR,16-MAR-2021,626.2,664.95,626.2,656.65,24590,16326,553
FCL,16-MAR-2021,63.0,64.3,60.8,61.25,417859,292292,3415
FCONSUMER,16-MAR-2021,7.75,7.8,7.6,7.65,1786274,1109736,8125
FDC,16-MAR-2021,289.05,292.05,282.0,284.85,122454,73333,3109
FEDERALBNK,16-MAR-2021,84.1,84.85,82.5,83.6,19001810,4264808,51790
FEL,16-MAR-2021,10.35,10.35,10.05,10.1,570383,425139,997
FELDVR,16-MAR-2021,13.5,13.7,13.25,13.45,25983,19624,138
FIEMIND,16-MAR-2021,598.0,620.0,598.0,603.2,17768,9512,1387
FILATEX,16-MAR-2021,70.0,71.0,68.0,68.35,456709,255772,2818
FINCABLES,16-MAR-2021,398.0,403.85,396.3,398.55,92593,53601,3747
FINEORG,16-MAR-2021,2331.0,2348.8,2291.05,2302.2,19561,11648,5334
FINPIPE,16-MAR-2021,635.9,643.7,626.65,629.55,56167,32000,4394
FLFL,16-MAR-2021,76.9,77.45,76.5,76.75,95854,75665,727
FLUOROCHEM,16-MAR-2021,614.85,614.85,593.15,598.55,28652,18730,1288
FMGOETZE,16-MAR-2021,302.0,306.95,302.0,303.95,14315,13380,134
FMNL,16-MAR-2021,17.6,17.6,16.7,16.9,56227,37330,356
FORCEMOT,16-MAR-2021,1297.2,1301.25,1276.0,1284.2,14447,6507,1977
FORTIS,16-MAR-2021,188.65,206.3,186.95,194.05,17999272,4285508,124355
FOSECOIND,16-MAR-2021,1230.0,1230.0,1204.0,1215.6,653,465,109
FRETAIL,16-MAR-2021,67.05,67.85,66.5,66.55,1991127,1202342,20067
FSC,16-MAR-2021,90.45,90.5,88.2,89.35,41390,23983,990
FSL,16-MAR-2021,105.8,120.3,105.2,116.15,28312281,7910440,168746
G5,16-MAR-2021,47.0,47.03,46.96,47.03,279,125,6
GABRIEL,16-MAR-2021,117.0,117.4,115.3,115.9,301420,184063,4356
GAEL,16-MAR-2021,136.75,140.35,134.95,138.0,178211,91322,4555
GAIL,16-MAR-2021,144.0,145.65,141.95,143.25,15228739,3190497,72104
GAL,16-MAR-2021,2.25,2.3,2.1,2.3,111125,57442,120
GALAXYSURF,16-MAR-2021,2398.0,2429.0,2328.55,2352.0,17125,5374,3297
GALLANTT,16-MAR-2021,46.15,49.0,45.4,47.25,33892,18740,288
GALLISPAT,16-MAR-2021,39.7,39.7,37.3,38.95,14633,7767,211
GAMMNINFRA,16-MAR-2021,0.85,0.85,0.75,0.75,1407856,798993,24093
GANDHITUBE,16-MAR-2021,276.2,278.1,269.85,273.4,3953,1257,470
GANECOS,16-MAR-2021,615.0,621.9,612.0,615.35,13189,8261,720
GANESHHOUC,16-MAR-2021,52.2,52.25,49.75,50.15,19301,10497,222
GANGESSECU,16-MAR-2021,65.95,65.95,52.0,63.65,5483,3477,65
GARFIBRES,16-MAR-2021,2465.0,2488.25,2399.95,2407.45,32240,17949,6710
GATI,16-MAR-2021,105.0,107.7,103.05,106.05,1187564,286127,18346
GAYAPROJ,16-MAR-2021,35.35,35.9,34.0,34.1,348527,260903,1476
GBGLOBAL,16-MAR-2021,7.5,7.55,7.05,7.3,5233,2773,55
GDL,16-MAR-2021,185.7,185.8,182.7,183.3,146976,112664,12654
GEECEE,16-MAR-2021,102.25,105.5,101.9,105.0,15874,11439,262
GEEKAYWIRE,16-MAR-2021,81.6,81.6,77.0,80.0,11272,10603,67
GENCON,16-MAR-2021,53.05,53.05,52.0,52.05,17975,17056,80
GENUSPAPER,16-MAR-2021,8.0,8.25,7.9,8.15,747022,513899,887
GENUSPOWER,16-MAR-2021,58.95,58.95,54.5,54.8,802379,419028,4472
GEOJITFSL,16-MAR-2021,56.1,57.45,55.25,55.5,430715,249605,2915
GEPIL,16-MAR-2021,284.3,294.0,282.25,284.15,189759,56675,8494
GESHIP,16-MAR-2021,324.9,339.9,324.9,333.9,506087,261793,17152
GET&D,16-MAR-2021,129.1,131.8,126.0,126.85,142286,36946,3886
GFLLIMITED,16-MAR-2021,86.8,87.8,84.45,85.15,151013,112903,2055
GHCL,16-MAR-2021,239.5,242.85,235.5,236.05,121669,48437,3275
GICHSGFIN,16-MAR-2021,130.25,133.65,129.1,131.1,350786,96533,5156
GICRE,16-MAR-2021,209.25,230.15,208.9,225.75,4470500,1285483,61116
GILLANDERS,16-MAR-2021,46.85,48.4,45.2,46.25,22109,18674,191
GILLETTE,16-MAR-2021,5669.0,5669.0,5571.1,5600.0,15182,12863,2395
GINNIFILA,16-MAR-2021,20.4,20.4,19.7,19.85,71900,44769,301
GIPCL,16-MAR-2021,81.3,83.1,80.05,81.9,446226,241192,6024
GISOLUTION,16-MAR-2021,2.85,2.85,2.75,2.85,8389,7889,24
GKWLIMITED,16-MAR-2021,504.15,525.0,504.15,517.5,2360,742,807
GLAND,16-MAR-2021,2545.0,2783.85,2532.2,2717.0,800623,299254,72580
GLAXO,16-MAR-2021,1420.0,1445.0,1420.0,1425.3,28436,15803,2874
GLENMARK,16-MAR-2021,474.2,478.5,469.2,476.75,1150225,336850,29080
GLFL,16-MAR-2021,2.75,2.85,2.65,2.75,16744,15994,55
GLOBAL,16-MAR-2021,48.0,48.0,45.1,45.5,5661,4988,107
GLOBUSSPR,16-MAR-2021,336.4,341.95,327.0,328.3,84939,28187,3803
GMBREW,16-MAR-2021,418.0,418.5,409.85,413.95,9167,5511,591
GMDCLTD,16-MAR-2021,59.35,59.9,58.2,58.55,881318,349402,5601
GMMPFAUDLR,16-MAR-2021,4270.0,4310.0,4200.0,4219.8,28150,15187,6237
GMRINFRA,16-MAR-2021,27.15,27.4,26.45,26.7,10754284,2479159,32809
GNA,16-MAR-2021,383.05,387.55,376.1,380.0,69065,42413,5359
GNFC,16-MAR-2021,310.0,320.9,308.0,312.7,1112409,369040,16483
GOACARBON,16-MAR-2021,320.3,320.9,314.0,316.3,20209,9512,1192
GOCLCORP,16-MAR-2021,229.7,233.75,226.35,231.85,3552,2575,154
GODFRYPHLP,16-MAR-2021,903.85,903.85,893.8,895.65,32477,20675,1507
GODHA,16-MAR-2021,53.35,53.35,48.8,52.65,2988,2247,62
GODREJAGRO,16-MAR-2021,482.0,485.0,479.0,483.75,134565,98351,8274
GODREJCP,16-MAR-2021,680.0,682.8,674.7,680.65,738129,382651,31606
GODREJIND,16-MAR-2021,508.0,521.0,501.95,507.1,919583,210274,24074
GODREJPROP,16-MAR-2021,1365.0,1444.3,1365.0,1421.3,450993,73827,16436
GOKEX,16-MAR-2021,82.85,86.7,82.2,84.95,917487,446844,7711
GOKUL,16-MAR-2021,20.0,20.0,18.8,19.4,75503,43266,437
GOKULAGRO,16-MAR-2021,22.3,23.6,22.3,23.1,207288,130176,907
GOLDBEES,16-MAR-2021,40.4,40.4,38.97,39.03,6773209,4131204,12643
GOLDENTOBC,16-MAR-2021,46.0,46.5,43.5,43.85,13533,8613,358
GOLDIAM,16-MAR-2021,347.0,348.65,335.4,337.75,37812,20221,1672
GOLDSHARE,16-MAR-2021,4059.7,4068.95,4035.0,4048.45,3091,2048,547
GOODLUCK,16-MAR-2021,70.95,71.15,67.0,68.75,210456,75957,3066
GOODYEAR,16-MAR-2021,952.3,959.75,935.1,937.55,10237,6862,1119
GPIL,16-MAR-2021,650.0,664.0,612.7,623.6,358613,124996,16361
GPPL,16-MAR-2021,99.15,106.45,99.15,100.5,1268250,572817,16525
GPTINFRA,16-MAR-2021,41.5,41.75,38.7,39.45,52190,38070,399
GRANULES,16-MAR-2021,336.0,340.0,330.45,331.2,1981170,672378,32325
GRAPHITE,16-MAR-2021,519.6,521.2,506.0,511.7,801944,268231,19667
GRASIM,16-MAR-2021,1380.1,1397.75,1375.9,1384.5,1176583,421770,30612
GRAVITA,16-MAR-2021,101.9,103.7,99.55,100.25,111488,54763,2007
GREAVESCOT,16-MAR-2021,139.45,139.6,134.0,135.45,974526,554642,16652
GREENLAM,16-MAR-2021,935.0,996.0,930.0,935.15,5074,3175,534
GREENPANEL,16-MAR-2021,177.8,184.7,172.2,183.6,1147247,791173,7451
GREENPLY,16-MAR-2021,189.7,189.7,180.35,181.85,206667,139080,4726
GRINDWELL,16-MAR-2021,910.0,927.25,905.05,913.35,21278,10963,4114
GROBTEA,16-MAR-2021,957.0,999.0,945.2,964.85,2315,336,1010
GRPLTD,16-MAR-2021,831.65,872.0,821.75,859.05,3983,1262,906
GRSE,16-MAR-2021,206.5,209.7,201.25,202.6,128244,58829,3096
GSCLCEMENT,16-MAR-2021,36.4,37.0,35.7,35.9,150667,88220,1040
GSFC,16-MAR-2021,92.6,93.8,90.65,91.25,1944183,643234,12587
GSPL,16-MAR-2021,278.75,278.75,272.0,273.45,905635,665680,12920
GSS,16-MAR-2021,57.1,60.5,56.3,59.1,507114,200250,6510
GTL,16-MAR-2021,6.65,6.65,6.35,6.5,114046,82016,1889
GTLINFRA,16-MAR-2021,0.9,0.95,0.85,0.85,43828305,33284546,5692
GTNTEX,16-MAR-2021,5.9,5.9,5.9,5.9,100,100,1
GTPL,16-MAR-2021,121.6,121.6,117.3,118.15,92603,61169,1913
GUFICBIO,16-MAR-2021,112.8,112.8,110.0,110.8,60705,31650,1133
GUJALKALI,16-MAR-2021,349.9,366.0,347.5,356.05,272654,80566,7362
GUJAPOLLO,16-MAR-2021,212.3,214.05,205.1,208.3,4918,2773,270
GUJGASLTD,16-MAR-2021,512.7,540.75,508.0,535.55,1579937,524655,32702
GULFOILLUB,16-MAR-2021,740.65,747.9,726.55,743.15,7591,3626,1019
GULFPETRO,16-MAR-2021,42.4,42.4,40.05,40.6,37631,23272,613
GULPOLY,16-MAR-2021,97.55,99.9,97.1,97.95,200787,57883,5413
HAL,16-MAR-2021,1020.5,1080.0,1020.5,1071.4,536623,159514,28591
HAPPSTMNDS,16-MAR-2021,537.3,577.5,530.15,562.5,5965512,1221627,141533
HARITASEAT,16-MAR-2021,747.05,775.45,742.0,759.95,15343,6882,806
HARRMALAYA,16-MAR-2021,162.2,171.2,160.1,162.1,848749,181293,17307
HATHWAY,16-MAR-2021,31.0,31.45,30.75,31.1,439912,178949,1681
HATSUN,16-MAR-2021,765.1,774.8,756.0,760.55,19479,10011,1482
HAVELLS,16-MAR-2021,1100.0,1106.25,1076.5,1088.45,2538380,1120316,59784
HBANKETF,16-MAR-2021,361.68,361.68,346.0,347.37,4731,3306,141
HBLPOWER,16-MAR-2021,38.55,38.55,37.65,38.05,256194,138869,2051
HCC,16-MAR-2021,8.9,9.1,8.65,8.7,4904706,3807221,2079
HCG,16-MAR-2021,175.0,182.4,173.0,177.7,608984,173167,10510
HCL-INSYS,16-MAR-2021,10.0,10.7,9.7,9.7,2499722,1652138,3372
HCLTECH,16-MAR-2021,993.0,1018.8,990.45,1007.25,8094575,3657490,180173
HDFC,16-MAR-2021,2556.5,2562.65,2503.0,2510.4,2446483,1368255,140833
HDFCAMC,16-MAR-2021,3004.05,3029.95,2965.25,2974.35,153523,75724,19285
HDFCBANK,16-MAR-2021,1530.9,1540.4,1510.0,1512.15,6861183,3106338,206602
HDFCLIFE,16-MAR-2021,707.7,710.6,700.0,703.05,1619213,596515,46101
HDFCMFGETF,16-MAR-2021,40.39,40.39,40.01,40.12,965369,594909,1361
HDFCNIFETF,16-MAR-2021,158.72,159.25,157.09,157.55,9328,8349,244
HDFCSENETF,16-MAR-2021,532.1,542.95,532.1,542.59,2449,1745,129
HEG,16-MAR-2021,1636.45,1641.45,1585.15,1602.7,354374,97458,19397
HEIDELBERG,16-MAR-2021,225.0,225.9,221.6,223.9,226588,175560,3008
HERANBA,16-MAR-2021,714.8,724.8,695.35,699.85,525679,145542,27557
HERCULES,16-MAR-2021,123.95,125.2,122.0,122.55,34069,16829,825
HERITGFOOD,16-MAR-2021,336.0,337.85,332.2,333.25,84184,58774,2620
HEROMOTOCO,16-MAR-2021,3298.95,3300.0,3248.0,3255.05,523881,179074,38988
HESTERBIO,16-MAR-2021,1770.35,1791.95,1735.65,1749.35,2459,1536,533
HFCL,16-MAR-2021,28.1,28.7,27.85,28.0,3518186,1664994,5535
HGINFRA,16-MAR-2021,283.95,293.0,278.8,283.2,142456,37370,5530
HGS,16-MAR-2021,1178.15,1217.0,1176.95,1207.45,35100,25558,2098
HIKAL,16-MAR-2021,155.45,157.2,153.5,153.8,169770,89403,3046
HIL,16-MAR-2021,3135.0,3139.9,3060.0,3103.0,8759,4817,1963
HILTON,16-MAR-2021,11.0,11.0,10.35,10.55,39897,24562,195
HIMATSEIDE,16-MAR-2021,163.6,163.6,158.0,158.45,103856,49232,4912
HINDALCO,16-MAR-2021,336.0,336.75,326.3,333.9,13294567,5591518,117817
HINDCOMPOS,16-MAR-2021,304.8,304.8,290.2,293.6,7201,2263,364
HINDCOPPER,16-MAR-2021,135.25,136.75,131.05,131.7,1791515,649853,13531
HINDNATGLS,16-MAR-2021,27.9,32.8,26.9,32.8,2843322,1608715,5223
HINDOILEXP,16-MAR-2021,106.9,114.3,104.4,110.25,914470,370829,11430
HINDPETRO,16-MAR-2021,243.8,245.65,240.65,241.65,6302419,2461793,67953
HINDUNILVR,16-MAR-2021,2221.35,2247.5,2214.3,2244.05,2633605,1960819,86046
HINDZINC,16-MAR-2021,300.75,308.85,297.5,303.7,504158,143693,11966
HIRECT,16-MAR-2021,136.1,137.9,135.0,135.4,17173,13013,372
HISARMETAL,16-MAR-2021,110.0,113.7,105.0,106.25,23835,12320,542
HITECH,16-MAR-2021,355.8,383.35,355.0,371.45,145473,66505,5418
HITECHCORP,16-MAR-2021,136.95,136.95,133.5,133.75,6220,4662,282
HITECHGEAR,16-MAR-2021,190.0,190.0,183.65,187.15,6533,1540,171
HLEGLAS,16-MAR-2021,2621.0,2689.95,2563.35,2563.35,11726,6865,2180
HLVLTD,16-MAR-2021,6.9,7.05,6.6,6.7,208724,121899,687
HMVL,16-MAR-2021,69.1,70.8,68.75,68.9,16986,11194,350
HNDFDS,16-MAR-2021,2105.0,2211.05,2105.0,2211.05,13078,8874,1794
HNGSNGBEES,16-MAR-2021,352.7,354.87,350.0,351.87,210,200,40
HOMEFIRST,16-MAR-2021,504.1,515.0,496.0,497.9,174018,65638,8251
HONAUT,16-MAR-2021,48993.0,49484.95,48400.0,48797.8,13402,7543,7759
HONDAPOWER,16-MAR-2021,1053.8,1071.95,1005.0,1052.3,30521,15505,2204
HOTELRUGBY,16-MAR-2021,1.25,1.25,1.25,1.25,25,25,1
HOVS,16-MAR-2021,45.65,45.65,43.0,43.25,15310,12218,226
HPL,16-MAR-2021,60.8,64.7,56.75,58.9,3805644,1366711,26417
HSCL,16-MAR-2021,45.45,46.45,44.8,45.05,5234306,1748256,14167
HSIL,16-MAR-2021,164.55,175.8,164.55,171.7,189772,89068,4518
HTMEDIA,16-MAR-2021,24.6,25.0,24.2,24.8,108864,57194,524
HUDCO,16-MAR-2021,50.0,50.3,48.8,48.95,1752194,658273,5725
HUHTAMAKI,16-MAR-2021,284.9,288.0,278.3,284.9,280955,125336,6465
IBMFNIFTY,16-MAR-2021,152.1,155.6,152.1,152.55,295,139,53
IBREALEST,16-MAR-2021,101.0,106.1,98.55,99.55,16124659,8038425,53424
IBULHSGFIN,16-MAR-2021,219.5,226.0,218.4,222.55,17944645,2892906,101414
ICEMAKE,16-MAR-2021,73.0,73.0,70.1,70.9,10067,5153,754
ICICI500,16-MAR-2021,206.0,207.05,205.1,205.77,420,318,86
ICICIALPLV,16-MAR-2021,144.8,144.8,139.35,140.24,888,473,75
ICICIB22,16-MAR-2021,37.66,37.85,37.31,37.61,753636,371022,4341
ICICIBANK,16-MAR-2021,606.85,607.0,593.65,594.95,17925629,6845591,237835
ICICIBANKN,16-MAR-2021,359.7,359.7,345.95,346.56,1900,1513,190
ICICIBANKP,16-MAR-2021,185.95,186.27,183.1,183.56,28172,1649,167
ICICIGI,16-MAR-2021,1470.0,1516.7,1465.6,1493.05,682685,367963,33546
ICICIGOLD,16-MAR-2021,42.3,42.3,39.56,40.09,554413,487324,1524
ICICILIQ,16-MAR-2021,999.99,1000.0,992.95,999.99,11731,10553,66
ICICILOVOL,16-MAR-2021,117.5,121.7,116.17,118.68,43709,42897,427
ICICIM150,16-MAR-2021,92.9,93.49,90.65,91.84,10801,8516,126
ICICIMCAP,16-MAR-2021,93.7,93.7,86.6,87.23,6313,3006,123
ICICINF100,16-MAR-2021,167.7,167.8,161.01,162.46,1582,1225,157
ICICINIFTY,16-MAR-2021,179.7,179.7,157.55,158.84,45311,22161,3072
ICICINV20,16-MAR-2021,78.5,78.9,76.42,78.19,5674,3784,511
ICICINXT50,16-MAR-2021,36.3,36.3,34.62,35.44,118622,113734,278
ICICIPRULI,16-MAR-2021,452.0,452.95,442.7,443.9,1879451,1022169,45142
ICICISENSX,16-MAR-2021,547.0,547.0,541.0,542.38,1146,900,55
ICICITECH,16-MAR-2021,263.3,267.59,263.0,266.44,1995656,1967582,432
ICIL,16-MAR-2021,124.15,125.25,120.0,121.45,255186,177310,3302
ICRA,16-MAR-2021,2799.7,2810.0,2772.0,2795.15,3072,2684,286
IDBI,16-MAR-2021,40.6,40.8,38.25,38.65,27763537,10888409,55101
IDBIGOLD,16-MAR-2021,4130.05,4133.75,4100.0,4114.3,119,108,34
IDEA,16-MAR-2021,10.1,10.75,10.05,10.15,183256039,39234281,109614
IDFC,16-MAR-2021,54.5,55.6,53.7,55.0,6050752,3148007,23045
IDFCFIRSTB,16-MAR-2021,65.75,65.85,63.05,63.4,31183061,8479459,65713
IDFNIFTYET,16-MAR-2021,158.5,158.5,155.27,155.71,178,162,16
IEX,16-MAR-2021,348.85,348.85,337.55,339.7,2270715,1185334,73167
IFBAGRO,16-MAR-2021,417.25,419.55,413.05,416.25,4253,2297,363
IFBIND,16-MAR-2021,1134.95,1148.15,1110.0,1119.55,20313,9857,3270
IFCI,16-MAR-2021,14.5,14.7,14.25,14.25,17037608,7671874,19592
IFGLEXPOR,16-MAR-2021,267.0,307.05,260.4,288.95,1684954,624084,15110
IGARASHI,16-MAR-2021,314.45,323.0,312.0,313.4,192478,110349,11181
IGL,16-MAR-2021,508.15,512.9,502.05,507.6,1594560,781134,20625
IGPL,16-MAR-2021,502.8,502.8,477.0,480.8,47146,29383,2960
IIFL,16-MAR-2021,319.7,332.25,318.0,332.25,1249591,733201,10697
IIFLSEC,16-MAR-2021,53.3,55.65,53.15,53.8,657344,125974,4447
IIFLWAM,16-MAR-2021,1180.0,1186.85,1142.2,1161.3,7256,4500,1334
IITL,16-MAR-2021,61.45,61.45,58.4,58.95,504,440,31
IMFA,16-MAR-2021,464.3,475.0,461.7,463.4,24661,14931,1043
IMPAL,16-MAR-2021,721.95,727.0,711.0,713.2,1786,1120,260
IMPEXFERRO,16-MAR-2021,0.9,0.9,0.9,0.9,9711,8811,13
INDBANK,16-MAR-2021,14.15,14.25,13.45,13.6,80163,58158,462
INDHOTEL,16-MAR-2021,122.1,124.4,119.6,120.45,1878117,1069612,16535
INDIACEM,16-MAR-2021,169.0,172.0,167.6,170.3,2358237,400243,21905
INDIAGLYCO,16-MAR-2021,494.9,499.95,461.0,466.9,478767,189007,12820
INDIAMART,16-MAR-2021,8380.0,8468.45,8260.05,8421.85,102430,30874,21104
INDIANB,16-MAR-2021,127.0,128.0,124.0,124.6,1811574,524529,14916
INDIANCARD,16-MAR-2021,156.0,160.0,148.05,149.7,6049,2743,418
INDIANHUME,16-MAR-2021,193.25,193.65,189.5,190.75,36729,20396,1260
INDIGO,16-MAR-2021,1646.0,1701.4,1635.1,1682.1,1126523,296598,33464
INDIGOPNTS,16-MAR-2021,2474.0,2492.85,2435.0,2443.9,71139,40685,9214
INDLMETER,16-MAR-2021,15.65,16.25,15.65,16.1,3618,3529,21
INDNIPPON,16-MAR-2021,384.0,396.1,374.0,390.6,23764,14350,1192
INDOCO,16-MAR-2021,299.2,299.2,286.0,287.3,96470,44940,3499
INDORAMA,16-MAR-2021,40.15,40.8,39.15,40.55,51491,40640,575
INDOSTAR,16-MAR-2021,369.8,370.0,341.6,346.5,83687,31512,6187
INDOTECH,16-MAR-2021,97.95,101.4,97.95,100.6,10517,5049,515
INDRAMEDCO,16-MAR-2021,53.0,55.0,52.8,53.75,298505,133522,2060
INDSWFTLAB,16-MAR-2021,90.0,90.0,84.15,86.5,359462,226888,2823
INDUSINDBK,16-MAR-2021,1045.0,1049.9,1028.0,1034.7,5161126,960663,108299
INDUSTOWER,16-MAR-2021,258.0,265.0,256.05,262.45,5451348,1772846,67940
INEOSSTYRO,16-MAR-2021,1012.9,1024.0,995.0,997.95,22313,15594,2133
INFIBEAM,16-MAR-2021,98.7,111.8,97.6,108.0,36570347,24220536,57211
INFOBEAN,16-MAR-2021,149.25,149.25,145.0,145.65,13765,9478,290
INFRABEES,16-MAR-2021,437.8,439.54,432.5,435.52,942,703,65
INFY,16-MAR-2021,1386.05,1406.0,1380.5,1384.0,9352771,5151968,230871
INGERRAND,16-MAR-2021,734.45,742.25,725.0,728.0,11855,6726,2272
INOXLEISUR,16-MAR-2021,320.3,333.0,320.3,331.35,640557,289198,13621
INOXWIND,16-MAR-2021,69.4,69.4,67.55,68.05,46053,33212,569
INSECTICID,16-MAR-2021,446.05,449.0,439.9,441.2,17129,12216,778
INSPIRISYS,16-MAR-2021,45.9,46.0,44.0,45.0,29940,18125,322
INTELLECT,16-MAR-2021,529.0,627.0,529.0,614.9,4688811,984700,164144
INTENTECH,16-MAR-2021,34.4,34.5,33.15,33.65,46529,35481,352
INVENTURE,16-MAR-2021,28.2,28.8,27.0,27.95,40668,34579,237
IOB,16-MAR-2021,17.4,17.4,16.55,16.75,7674059,3184050,10514
IOC,16-MAR-2021,102.1,102.6,99.95,100.4,27527510,12246015,94434
IOLCP,16-MAR-2021,589.0,629.7,585.85,605.85,1189944,219315,39831
IPCALAB,16-MAR-2021,1919.8,1929.85,1910.8,1919.25,161538,101168,12715
IRB,16-MAR-2021,117.4,118.0,115.1,115.5,871734,317602,8697
IRCON,16-MAR-2021,85.3,87.7,84.8,86.65,3118280,1065768,12949
IRCTC,16-MAR-2021,1928.6,1939.7,1890.0,1904.05,2205067,538462,110447
IRFC,16-MAR-2021,24.65,24.8,24.5,24.55,9649363,4506117,26071
IRISDOREME,16-MAR-2021,90.6,97.7,89.8,91.65,23116,15759,333
ISEC,16-MAR-2021,414.0,422.7,411.5,414.4,424060,197693,18470
ISFT,16-MAR-2021,73.0,74.2,71.3,73.8,46184,37131,540
ISMTLTD,16-MAR-2021,11.2,11.25,10.75,10.8,110614,97101,143
ITC,16-MAR-2021,206.4,208.9,204.95,207.85,48763187,30295783,175982
ITDC,16-MAR-2021,424.0,432.75,406.55,411.25,563718,89206,18844
ITDCEM,16-MAR-2021,86.2,88.95,83.8,87.8,761428,298653,8828
ITI,16-MAR-2021,128.65,131.35,127.75,128.45,779543,174866,6807
IVC,16-MAR-2021,4.4,4.5,4.35,4.35,95739,64332,127
IVZINGOLD,16-MAR-2021,4114.0,4114.0,4050.0,4063.0,181,163,26
IZMO,16-MAR-2021,52.55,55.1,52.05,55.1,30874,18254,386
J&KBANK,16-MAR-2021,28.75,28.8,28.3,28.35,1390113,816845,4310
JAGRAN,16-MAR-2021,58.0,60.75,57.2,60.1,1412862,669590,6314
JAGSNPHARM,16-MAR-2021,87.4,92.7,86.7,88.65,384142,47531,9129
JAICORPLTD,16-MAR-2021,96.3,97.4,94.5,95.35,1777087,228390,12568
JAMNAAUTO,16-MAR-2021,72.1,74.95,71.5,72.25,1913339,737281,14377
JASH,16-MAR-2021,282.5,284.95,280.0,280.15,2430,1504,114
JAYAGROGN,16-MAR-2021,140.4,158.0,137.4,152.4,133793,64697,2268
JAYBARMARU,16-MAR-2021,240.1,246.9,240.1,244.15,15370,7270,896
JAYNECOIND,16-MAR-2021,12.85,12.95,12.25,12.65,789606,483065,1231
JAYSREETEA,16-MAR-2021,74.45,76.55,73.65,74.15,315462,62598,4609
JBCHEPHARM,16-MAR-2021,1215.0,1218.45,1195.25,1198.35,32319,19351,3642
JBFIND,16-MAR-2021,10.85,11.5,10.35,10.55,399304,344302,641
JBMA,16-MAR-2021,456.6,474.8,455.55,459.75,47792,24396,2555
JCHAC,16-MAR-2021,2700.0,2749.0,2623.0,2708.85,23133,11881,2963
JINDALPHOT,16-MAR-2021,50.5,50.5,50.5,50.5,2557,2557,27
JINDALPOLY,16-MAR-2021,925.0,927.8,868.65,868.65,116680,69298,4449
JINDALSAW,16-MAR-2021,79.95,81.2,78.3,78.75,1296411,423334,7708
JINDALSTEL,16-MAR-2021,328.0,328.9,320.0,323.55,4796079,651877,43000
JINDRILL,16-MAR-2021,98.95,100.1,95.65,99.85,48578,34223,706
JINDWORLD,16-MAR-2021,52.3,53.0,51.05,51.9,200212,19076,1446
JISLJALEQS,16-MAR-2021,21.6,23.15,21.6,22.35,3815802,1900556,5899
JKCEMENT,16-MAR-2021,2960.0,2960.0,2841.0,2849.1,48878,23316,9296
JKIL,16-MAR-2021,196.95,198.35,192.0,194.3,59494,33868,2585
JKLAKSHMI,16-MAR-2021,425.35,431.0,420.15,425.5,116819,53725,4880
JKPAPER,16-MAR-2021,163.8,165.9,158.0,159.9,3941675,1112662,36103
JKTYRE,16-MAR-2021,122.3,122.6,118.7,119.0,2242266,1114365,14819
JMA,16-MAR-2021,34.5,34.5,32.65,33.25,1957,1500,33
JMCPROJECT,16-MAR-2021,79.5,83.5,78.35,79.2,367743,115411,5934
JMFINANCIL,16-MAR-2021,97.6,100.7,96.35,97.6,3411607,862407,21430
JOCIL,16-MAR-2021,157.85,159.95,154.0,154.1,10149,8109,217
JPASSOCIAT,16-MAR-2021,8.25,8.25,7.85,7.85,9425105,6674966,7253
JPINFRATEC,16-MAR-2021,1.8,1.85,1.75,1.75,1904161,1327506,374
JPPOWER,16-MAR-2021,2.75,2.8,2.7,2.7,14204412,5042458,14476
JSL,16-MAR-2021,70.85,71.35,69.1,69.35,526356,289099,3818
JSLHISAR,16-MAR-2021,122.0,122.0,118.5,119.25,179199,99382,3265
JSWENERGY,16-MAR-2021,85.95,88.85,84.15,85.85,8836563,2969741,31749
JSWHL,16-MAR-2021,3650.15,3740.0,3620.0,3653.05,1221,223,671
JSWISPL,16-MAR-2021,25.7,26.05,24.9,25.05,395423,269790,898
JSWSTEEL,16-MAR-2021,433.95,433.95,419.35,425.95,8103798,1331497,78346
JTEKTINDIA,16-MAR-2021,91.85,92.35,90.15,91.35,249093,129304,2901
JUBLFOOD,16-MAR-2021,2962.9,2994.7,2912.6,2947.65,655243,203314,44901
JUBLINDS,16-MAR-2021,203.95,206.35,198.0,199.4,35535,20768,968
JUBLPHARMA,16-MAR-2021,759.0,767.85,752.5,759.4,94971,61616,5098
JUMPNET,16-MAR-2021,11.2,11.2,11.2,11.2,47332,47330,283
JUNIORBEES,16-MAR-2021,372.0,372.0,355.81,362.29,26985,14612,2677
JUSTDIAL,16-MAR-2021,935.0,944.9,893.0,902.0,1160269,305346,41139
JYOTHYLAB,16-MAR-2021,147.85,148.25,146.1,146.7,101814,57795,3703
KABRAEXTRU,16-MAR-2021,174.0,179.7,165.45,170.45,285287,137757,5711
KAJARIACER,16-MAR-2021,983.35,984.0,952.6,962.2,148613,70899,10261
KAKATCEM,16-MAR-2021,181.5,186.85,177.1,177.85,11482,7499,439
KALPATPOWR,16-MAR-2021,396.0,397.3,388.9,389.85,71962,36408,3491
KAMATHOTEL,16-MAR-2021,34.25,34.6,34.0,34.25,35541,20229,294
KAMDHENU,16-MAR-2021,142.0,159.7,137.05,150.2,584912,227592,8875
KANANIIND,16-MAR-2021,4.8,4.8,4.5,4.7,22232,16022,29
KANPRPLA,16-MAR-2021,157.9,157.9,147.05,148.75,18443,12878,596
KANSAINER,16-MAR-2021,565.0,570.55,543.8,551.9,373247,249879,10337
KARDA,16-MAR-2021,113.0,118.25,111.0,112.95,397948,373164,431
KARURVYSYA,16-MAR-2021,61.0,61.4,58.9,59.55,1607552,868099,6627
KAUSHALYA,16-MAR-2021,1.85,1.95,1.85,1.95,18515,16924,50
KAYA,16-MAR-2021,309.65,311.0,305.7,309.35,10000,5441,950
KCP,16-MAR-2021,82.4,84.9,80.85,83.25,783671,316379,7331
KCPSUGIND,16-MAR-2021,15.85,16.1,15.6,15.9,185649,108668,466
KDDL,16-MAR-2021,280.75,291.95,271.35,274.05,2401,1250,157
KEC,16-MAR-2021,459.6,472.0,454.1,459.0,393537,107215,13174
KECL,16-MAR-2021,13.95,14.25,13.5,13.85,65790,46267,329
KEERTI,16-MAR-2021,27.3,27.9,24.9,25.0,188260,82754,1024
KEI,16-MAR-2021,494.95,524.7,487.2,516.9,487120,166083,19229
KELLTONTEC,16-MAR-2021,68.25,68.5,61.65,63.7,1703785,852414,10805
KENNAMET,16-MAR-2021,1113.35,1134.25,1100.1,1116.7,1636,1090,257
KESORAMIND,16-MAR-2021,81.7,83.9,79.2,80.45,2235246,580789,16299
KEYFINSERV,16-MAR-2021,62.05,65.2,62.0,62.6,1471,1303,47
KHADIM,16-MAR-2021,167.9,171.0,164.0,166.8,74289,38482,1581
KHAICHEM,16-MAR-2021,24.5,24.75,23.2,23.45,229874,129665,2300
KHANDSE,16-MAR-2021,13.3,14.3,13.0,14.2,7386,5432,68
KICL,16-MAR-2021,1587.55,1587.55,1540.0,1555.0,483,359,106
KILITCH,16-MAR-2021,80.75,87.8,80.05,87.2,32822,19036,581
KINGFA,16-MAR-2021,678.05,678.05,659.15,666.0,10682,2119,2650
KIOCL,16-MAR-2021,157.3,161.85,151.5,159.3,137664,36510,6088
KIRIINDUS,16-MAR-2021,482.0,484.9,467.0,468.6,103259,45643,3262
KIRLFER,16-MAR-2021,157.0,164.2,156.95,161.2,98019,54889,2566
KIRLOSBROS,16-MAR-2021,208.1,214.55,198.0,204.9,285575,113268,7945
KIRLOSENG,16-MAR-2021,162.95,177.5,162.95,175.85,810147,422063,16077
KIRLOSIND,16-MAR-2021,1240.0,1299.25,1240.0,1267.85,1847,695,378
KITEX,16-MAR-2021,108.85,108.85,106.8,107.0,121616,76719,1703
KKCL,16-MAR-2021,945.4,961.25,930.55,953.1,4133,924,1443
KMSUGAR,16-MAR-2021,12.4,12.45,12.05,12.1,107872,74273,269
KNRCON,16-MAR-2021,209.7,210.8,206.0,207.1,343931,179335,8363
KOKUYOCMLN,16-MAR-2021,61.9,62.95,61.4,61.85,154275,70633,2252
KOLTEPATIL,16-MAR-2021,243.1,246.3,237.5,239.35,39178,17417,1460
KOPRAN,16-MAR-2021,109.8,109.8,105.0,105.4,309776,182442,6535
KOTAKBANK,16-MAR-2021,1925.1,1941.7,1900.0,1903.2,2769224,1345123,107140
KOTAKBKETF,16-MAR-2021,376.7,376.7,348.39,351.35,259791,210018,1075
KOTAKGOLD,16-MAR-2021,393.95,394.2,391.25,393.05,83971,68005,1304
KOTAKIT,16-MAR-2021,26.9,26.9,26.03,26.31,20496,18172,82
KOTAKNIFTY,16-MAR-2021,156.95,157.59,155.71,156.0,15025,10522,434
KOTAKNV20,16-MAR-2021,79.99,80.0,79.0,79.05,2391,1493,95
KOTAKPSUBK,16-MAR-2021,227.5,228.51,224.11,225.01,13115,7187,239
KOTARISUG,16-MAR-2021,23.0,23.45,22.8,23.1,19579,13754,144
KOTHARIPET,16-MAR-2021,27.55,27.85,26.75,27.05,31438,19240,199
KOTHARIPRO,16-MAR-2021,70.3,70.45,69.05,69.6,3114,2196,61
KPITTECH,16-MAR-2021,153.7,166.4,153.4,161.35,3063018,1069804,32626
KPRMILL,16-MAR-2021,1111.0,1140.0,1080.0,1092.45,57489,22831,8041
KRBL,16-MAR-2021,190.4,191.0,187.4,187.9,324130,167052,5764
KREBSBIO,16-MAR-2021,100.35,103.5,100.2,101.6,6842,5263,168
KRIDHANINF,16-MAR-2021,4.25,4.25,4.25,4.25,30763,30763,103
KRISHANA,16-MAR-2021,74.35,79.0,70.3,76.05,2793,1589,85
KSB,16-MAR-2021,800.0,804.8,792.15,797.7,8274,3992,779
KSCL,16-MAR-2021,519.9,522.0,510.45,511.75,73005,38054,3114
KSL,16-MAR-2021,317.65,321.25,317.05,318.25,51675,33659,1508
KTKBANK,16-MAR-2021,66.6,66.8,65.5,65.8,1218975,326582,6088
KUANTUM,16-MAR-2021,75.95,82.0,65.25,74.9,192663,64788,2186
L&TFH,16-MAR-2021,104.0,106.2,103.05,105.7,14687728,2344664,51650
LALPATHLAB,16-MAR-2021,2432.0,2550.0,2429.4,2526.45,723060,201498,39159
LAMBODHARA,16-MAR-2021,60.6,62.3,60.5,60.95,37902,21178,409
LAOPALA,16-MAR-2021,221.4,223.75,214.2,216.5,155512,119564,2861
LASA,16-MAR-2021,67.0,67.65,65.3,65.65,72235,40838,2852
LAURUSLABS,16-MAR-2021,358.7,363.5,354.05,361.0,1701833,684035,20868
LAXMIMACH,16-MAR-2021,7650.0,7860.0,7600.0,7757.6,32178,18282,8903
LEMONTREE,16-MAR-2021,40.1,40.4,39.3,39.5,1180764,767442,8163
LFIC,16-MAR-2021,80.0,85.0,71.5,81.95,2437,1783,62
LGBBROSLTD,16-MAR-2021,332.35,335.0,319.05,321.45,63792,34525,2373
LIBERTSHOE,16-MAR-2021,138.5,141.7,138.1,138.75,67934,19999,2456
LICHSGFIN,16-MAR-2021,422.5,434.0,421.0,430.05,3447788,832649,53765
LICNETFGSC,16-MAR-2021,21.58,21.61,21.0,21.22,21826,15160,201
LICNETFN50,16-MAR-2021,158.0,161.45,157.23,158.11,184,120,74
LICNETFSEN,16-MAR-2021,531.75,555.0,531.75,542.33,427,110,148
LICNFNHGP,16-MAR-2021,160.0,160.0,151.76,153.45,1227,597,130
LIKHITHA,16-MAR-2021,308.8,318.0,308.8,310.95,98865,45383,1582
LINCOLN,16-MAR-2021,243.75,245.7,237.0,238.0,62142,31976,2123
LINCPEN,16-MAR-2021,162.25,162.25,158.55,159.35,25575,24541,159
LINDEINDIA,16-MAR-2021,1873.0,1897.0,1800.0,1813.95,89211,54597,5164
LIQUIDBEES,16-MAR-2021,1000.0,1000.88,999.28,1000.0,785428,519334,3371
LIQUIDETF,16-MAR-2021,1000.04,1000.04,999.99,1000.0,7678,4672,71
LOTUSEYE,16-MAR-2021,49.45,54.95,47.0,47.95,1002683,333786,8611
LOVABLE,16-MAR-2021,92.3,94.2,90.8,91.05,30539,15288,579
LT,16-MAR-2021,1488.3,1497.0,1457.0,1461.8,3233903,1490037,119441
LTI,16-MAR-2021,4120.0,4198.0,4073.0,4115.95,361187,144946,37023
LTTS,16-MAR-2021,2758.55,2858.15,2752.0,2780.9,429895,123997,25439
LUMAXIND,16-MAR-2021,1664.25,1689.0,1646.25,1649.95,3719,2463,775
LUMAXTECH,16-MAR-2021,160.0,160.0,156.05,157.2,41940,18860,2383
LUPIN,16-MAR-2021,1065.05,1066.95,1041.8,1053.65,1459172,433589,36619
LUXIND,16-MAR-2021,1725.3,1750.0,1705.0,1712.0,40861,12507,4064
LYPSAGEMS,16-MAR-2021,5.2,5.25,5.0,5.25,19111,16766,96
M&M,16-MAR-2021,852.0,856.5,840.0,842.85,2996797,1204064,80571
M&MFIN,16-MAR-2021,208.0,212.1,204.8,210.95,5229222,817381,31729
M100,16-MAR-2021,25.2,25.39,24.91,25.19,86756,64849,761
M50,16-MAR-2021,148.9,148.9,144.0,145.6,6218,5744,45
MAANALU,16-MAR-2021,152.5,155.6,150.35,152.85,32097,22203,563
MADHAV,16-MAR-2021,54.0,57.15,53.3,54.75,119510,46817,3055
MAESGETF,16-MAR-2021,24.72,25.49,24.72,25.25,185966,181594,64
MAGADSUGAR,16-MAR-2021,115.0,116.75,110.0,111.25,14297,11443,328
MAGMA,16-MAR-2021,126.4,130.0,122.0,127.0,1321507,818332,7487
MAHABANK,16-MAR-2021,22.25,22.3,20.8,21.4,6933089,3353792,11681
MAHASTEEL,16-MAR-2021,85.7,85.7,82.0,83.0,8087,4938,204
MAHEPC,16-MAR-2021,155.2,158.0,153.05,153.95,78540,37880,1634
MAHESHWARI,16-MAR-2021,82.9,84.85,82.0,82.85,8149,6011,243
MAHINDCIE,16-MAR-2021,175.5,176.45,173.6,174.6,101711,41791,2378
MAHLIFE,16-MAR-2021,557.5,560.65,545.0,550.6,25522,14444,1922
MAHLOG,16-MAR-2021,581.85,609.6,575.2,604.85,173073,79828,10226
MAHSCOOTER,16-MAR-2021,3613.0,3690.0,3613.0,3661.1,16178,13918,2055
MAHSEAMLES,16-MAR-2021,283.4,285.4,281.2,282.1,39599,23934,1298
MAITHANALL,16-MAR-2021,586.65,597.0,581.35,585.3,38506,15983,3259
MALUPAPER,16-MAR-2021,28.6,30.55,28.6,29.3,191642,73866,1077
MAN50ETF,16-MAR-2021,150.05,153.94,149.5,152.53,29804,27993,194
MANAKALUCO,16-MAR-2021,10.0,10.1,9.3,9.35,19054,14377,107
MANAKCOAT,16-MAR-2021,15.6,16.15,14.8,14.85,87397,62500,428
MANAKSIA,16-MAR-2021,54.65,55.4,53.75,55.05,90376,75256,591
MANAKSTEEL,16-MAR-2021,22.5,22.6,21.7,21.8,68539,61062,304
MANALIPETC,16-MAR-2021,66.6,67.9,64.9,65.15,1148726,537977,7856
MANAPPURAM,16-MAR-2021,161.4,164.5,159.5,163.9,5792378,1123172,32546
MANGALAM,16-MAR-2021,112.05,112.25,109.0,109.1,27440,15570,760
MANGCHEFER,16-MAR-2021,82.1,83.2,80.75,82.05,476523,256295,4897
MANGLMCEM,16-MAR-2021,277.15,281.0,272.0,275.0,18162,10189,875
MANGTIMBER,16-MAR-2021,12.15,12.25,11.8,12.25,37764,34697,75
MANINDS,16-MAR-2021,82.0,84.9,82.0,83.45,250698,116239,3475
MANINFRA,16-MAR-2021,43.6,45.2,42.85,44.05,1607676,655021,4093
MANUGRAPH,16-MAR-2021,14.3,14.95,14.05,14.05,33307,28332,122
MANXT50,16-MAR-2021,346.21,346.75,344.5,346.72,2405,2402,9
MARATHON,16-MAR-2021,72.55,74.7,71.85,73.05,229828,214036,619
MARICO,16-MAR-2021,392.5,396.6,390.2,394.85,2210581,1281416,25887
MARINE,16-MAR-2021,63.5,67.45,61.8,67.3,421045,321161,1861
MARKSANS,16-MAR-2021,57.85,58.7,56.85,57.2,1871437,649001,10375
MARUTI,16-MAR-2021,7100.0,7200.0,7100.0,7150.3,796357,333378,89199
MASFIN,16-MAR-2021,871.25,889.45,855.85,862.4,9610,5054,1294
MASTEK,16-MAR-2021,1201.0,1318.8,1181.7,1298.05,823328,256721,42157
MATRIMONY,16-MAR-2021,1100.0,1140.0,1052.2,1062.3,55097,24160,7025
MAWANASUG,16-MAR-2021,38.05,38.65,37.5,37.6,38530,25355,266
MAXHEALTH,16-MAR-2021,204.0,214.4,203.5,206.4,1690949,676915,56646
MAXIND,16-MAR-2021,64.75,65.5,63.1,63.4,180979,139863,1279
MAXVIL,16-MAR-2021,61.6,62.9,61.1,61.45,318448,95277,5094
MAYURUNIQ,16-MAR-2021,420.0,429.0,416.45,423.55,64773,39594,3340
MAZDA,16-MAR-2021,509.1,524.0,504.1,521.05,4956,3142,419
MAZDOCK,16-MAR-2021,220.7,221.25,215.0,216.2,431450,189398,7764
MBLINFRA,16-MAR-2021,23.0,23.25,21.55,22.95,243947,142276,551
MCDHOLDING,16-MAR-2021,43.0,43.0,40.5,41.0,9803,8250,99
MCDOWELL-N,16-MAR-2021,534.0,539.8,528.8,537.6,2281341,1341986,44590
MCL,16-MAR-2021,91.45,99.3,89.2,95.65,168308,81998,908
MCLEODRUSS,16-MAR-2021,22.4,23.05,22.4,22.7,198342,110758,502
MCX,16-MAR-2021,1538.1,1597.8,1532.9,1580.9,551861,275170,47172
MEGASOFT,16-MAR-2021,10.4,10.7,10.2,10.35,45079,20723,180
MEGH,16-MAR-2021,128.0,128.7,112.3,114.5,12376553,3991081,86121
MENONBE,16-MAR-2021,56.55,56.6,54.85,55.4,30200,18127,445
MEP,16-MAR-2021,18.25,19.0,18.0,18.2,166326,77103,529
METROPOLIS,16-MAR-2021,1935.45,1943.45,1896.05,1907.85,101917,75119,5865
MFSL,16-MAR-2021,896.0,907.05,870.05,875.9,735304,280034,22713
MGEL,16-MAR-2021,46.25,46.3,44.35,44.5,3313,3007,38
MGL,16-MAR-2021,1222.75,1230.0,1183.0,1188.5,475352,121985,18179
MHRIL,16-MAR-2021,227.6,227.6,217.45,221.25,55192,31557,1747
MIC,16-MAR-2021,0.95,0.95,0.95,0.95,143499,143479,106
MIDHANI,16-MAR-2021,193.35,194.7,190.5,190.75,303829,147108,4579
MINDACORP,16-MAR-2021,99.7,100.5,98.05,98.4,397103,114388,4555
MINDAIND,16-MAR-2021,550.0,578.0,549.95,568.65,472214,142367,23559
MINDTECK,16-MAR-2021,46.45,46.45,44.35,45.15,9211,6083,166
MINDTREE,16-MAR-2021,1940.0,2028.0,1933.05,2021.4,3218199,558896,100142
MIRZAINT,16-MAR-2021,50.25,52.5,50.1,51.1,719248,223830,4772
MITTAL,16-MAR-2021,11.45,11.45,11.0,11.4,22202,16355,127
MMFL,16-MAR-2021,512.1,530.0,506.1,511.3,5770,3198,496
MMP,16-MAR-2021,88.9,89.8,87.0,88.8,6778,6010,109
MMTC,16-MAR-2021,46.25,46.45,44.2,44.6,2701171,865985,11498
MOHITIND,16-MAR-2021,7.75,8.5,7.75,8.1,30000,25793,187
MOIL,16-MAR-2021,153.55,155.1,152.2,152.95,329942,85149,9786
MOLDTECH,16-MAR-2021,43.5,43.5,42.05,42.4,18295,11233,315
MOLDTKPAC,16-MAR-2021,392.15,417.0,390.0,413.1,33309,17221,2049
MONTECARLO,16-MAR-2021,217.8,225.0,217.8,221.95,33716,23981,882
MORARJEE,16-MAR-2021,16.9,17.5,16.2,16.95,44225,24317,252
MOREPENLAB,16-MAR-2021,35.4,37.4,35.1,35.4,5932094,1649012,12680
MOTHERSUMI,16-MAR-2021,219.65,222.75,216.3,221.65,11217866,4403742,77899
MOTILALOFS,16-MAR-2021,665.25,669.5,655.2,662.65,141813,88010,5782
MOTOGENFIN,16-MAR-2021,20.8,20.8,17.7,19.35,13247,6852,142
MPHASIS,16-MAR-2021,1635.15,1739.0,1630.0,1730.8,1034130,280072,50609
MPSLTD,16-MAR-2021,476.15,480.8,454.75,476.1,16227,9157,1317
MRF,16-MAR-2021,87900.0,88479.85,86500.0,86819.0,22685,4663,14140
MRPL,16-MAR-2021,40.3,41.7,40.1,40.85,2273904,820322,6664
MSPL,16-MAR-2021,8.0,8.05,7.7,7.8,11889,7204,102
MSTCLTD,16-MAR-2021,320.45,327.3,317.05,317.95,461343,180337,9989
MTARTECH,16-MAR-2021,1079.0,1079.0,986.0,1008.05,3988465,913685,223947
MTEDUCARE,16-MAR-2021,7.8,7.95,7.75,7.8,113516,75672,217
MTNL,16-MAR-2021,22.8,24.2,22.15,22.6,13741831,3205518,24715
MUKANDENGG,16-MAR-2021,15.05,16.35,14.7,15.8,32748,22166,315
MUKANDLTD,16-MAR-2021,61.1,61.15,57.6,58.65,81255,73252,413
MUKTAARTS,16-MAR-2021,32.45,33.5,31.9,33.15,85740,41444,782
MUNJALAU,16-MAR-2021,59.45,59.7,58.3,58.75,124701,68406,1696
MUNJALSHOW,16-MAR-2021,151.85,155.0,150.0,150.85,30682,15386,944
MURUDCERA,16-MAR-2021,21.65,22.05,21.65,21.75,56702,33119,303
MUTHOOTCAP,16-MAR-2021,403.15,403.15,390.0,392.35,34673,21493,1362
MUTHOOTFIN,16-MAR-2021,1275.0,1285.0,1267.2,1273.4,664878,319043,29951
N100,16-MAR-2021,935.0,943.99,929.0,934.1,99168,50662,3713
NACLIND,16-MAR-2021,38.9,39.45,38.4,38.7,21045,15003,202
NAGREEKCAP,16-MAR-2021,6.2,6.2,6.2,6.2,232,232,5
NAGREEKEXP,16-MAR-2021,16.45,17.2,16.3,16.95,12044,8544,89
NAHARCAP,16-MAR-2021,122.0,128.25,111.65,116.25,234753,69886,4975
NAHARINDUS,16-MAR-2021,54.85,55.7,53.55,55.7,53507,47523,316
NAHARPOLY,16-MAR-2021,126.5,142.0,121.1,122.55,1655287,394320,23828
NAHARSPING,16-MAR-2021,119.9,122.7,112.5,118.05,290018,152393,2669
NAM-INDIA,16-MAR-2021,339.0,339.0,332.4,334.15,740643,346988,7965
NATCOPHARM,16-MAR-2021,831.1,831.95,810.35,816.3,282536,162471,10326
NATHBIOGEN,16-MAR-2021,301.1,305.05,296.45,302.4,9633,6125,476
NATIONALUM,16-MAR-2021,60.2,60.3,58.7,59.2,11358780,2850482,20806
NATNLSTEEL,16-MAR-2021,5.25,5.25,4.75,4.95,188792,95216,274
NAUKRI,16-MAR-2021,4800.0,4875.0,4775.0,4824.7,353291,70545,31965
NAVINFLUOR,16-MAR-2021,2628.3,2678.2,2620.0,2662.75,79019,25887,7586
NAVKARCORP,16-MAR-2021,42.25,43.15,41.5,41.7,853942,234606,4095
NAVNETEDUL,16-MAR-2021,84.85,93.0,84.85,92.05,2141869,608645,17305
NBCC,16-MAR-2021,48.35,48.35,46.15,46.75,10169698,4609423,31363
NBIFIN,16-MAR-2021,1887.5,1887.5,1835.05,1845.05,664,595,181
NBVENTURES,16-MAR-2021,69.95,72.9,69.3,72.45,2408006,1334534,16137
NCC,16-MAR-2021,86.15,91.0,84.5,87.6,3272768,1555959,13589
NCLIND,16-MAR-2021,170.9,172.4,167.2,168.3,172001,77955,3392
NCPSESDL24,16-MAR-2021,102.0,102.07,102.0,102.05,2103,2075,9
NDGL,16-MAR-2021,759.2,803.05,759.2,792.0,81,15,50
NDL,16-MAR-2021,31.75,32.1,31.75,31.9,18168,17648,113
NDRAUTO,16-MAR-2021,225.0,226.0,214.0,215.35,2517,1876,165
NDTV,16-MAR-2021,55.55,58.3,55.55,58.3,102185,65145,671
NECCLTD,16-MAR-2021,9.7,9.7,9.4,9.4,8099,6364,63
NECLIFE,16-MAR-2021,20.9,21.15,20.25,20.35,343559,194407,926
NELCAST,16-MAR-2021,64.1,68.35,63.1,67.6,321452,190598,4472
NELCO,16-MAR-2021,204.0,211.5,199.6,201.4,145655,73506,3254
NEOGEN,16-MAR-2021,842.95,843.35,826.0,830.05,20026,12931,1407
NESCO,16-MAR-2021,570.0,588.95,569.0,581.3,34538,20031,3047
NESTLEIND,16-MAR-2021,16835.0,17020.0,16695.0,16741.95,84470,49005,22085
NETF,16-MAR-2021,182.9,184.86,179.35,184.29,1549,1266,97
NETFCONSUM,16-MAR-2021,64.0,65.95,64.0,65.67,1442,735,79
NETFDIVOPP,16-MAR-2021,37.6,38.49,36.51,37.71,1673,791,81
NETFIT,16-MAR-2021,26.65,26.85,26.28,26.68,5953302,5300093,2195
NETFLTGILT,16-MAR-2021,21.92,21.95,21.87,21.9,10463,5287,82
NETFMID150,16-MAR-2021,92.53,92.53,91.41,92.14,32126,24356,645
NETFNIF100,16-MAR-2021,154.52,155.66,154.29,154.92,2121,2098,27
NETFNV20,16-MAR-2021,80.6,81.5,80.5,80.99,51050,50670,73
NETWORK18,16-MAR-2021,44.55,45.05,43.85,44.0,1196896,650837,2729
NEULANDLAB,16-MAR-2021,2020.0,2075.0,2005.0,2015.3,20186,8438,2251
NEWGEN,16-MAR-2021,301.0,301.0,293.0,296.45,93361,45236,4352
NEXTMEDIA,16-MAR-2021,4.5,4.7,4.4,4.6,14197,12441,40
NFL,16-MAR-2021,60.5,63.5,60.5,62.25,3135545,960930,15462
NH,16-MAR-2021,424.7,435.0,422.4,429.95,203494,114440,11050
NHPC,16-MAR-2021,24.25,24.55,24.2,24.25,2574165,1031617,4091
NIACL,16-MAR-2021,164.0,180.8,161.35,171.8,6319837,1172482,79016
NIBL,16-MAR-2021,11.25,11.85,11.25,11.85,5067,4758,21
NIFTYBEES,16-MAR-2021,163.19,164.6,159.0,159.79,1194883,329763,11575
NIITLTD,16-MAR-2021,189.8,189.9,180.1,180.75,505256,281136,15493
NILKAMAL,16-MAR-2021,1870.0,1878.0,1836.55,1844.25,32008,22663,1545
NIPPOBATRY,16-MAR-2021,765.0,768.0,741.1,755.7,4952,3972,324
NIRAJ,16-MAR-2021,41.5,44.5,40.4,42.55,5775,3206,111
NITCO,16-MAR-2021,22.4,22.75,22.25,22.35,28261,21294,183
NITINSPIN,16-MAR-2021,87.9,90.55,87.0,88.45,723359,386730,1434
NKIND,16-MAR-2021,22.0,22.0,20.75,21.1,2921,2691,35
NLCINDIA,16-MAR-2021,52.4,52.65,52.1,52.2,763621,442786,2604
NMDC,16-MAR-2021,136.4,137.5,134.3,136.15,8053461,2872834,30712
NOCIL,16-MAR-2021,179.6,184.6,175.3,176.75,1315947,500258,16371
NORBTEAEXP,16-MAR-2021,7.15,7.4,6.95,7.2,9848,5202,48
NOVARTIND,16-MAR-2021,601.95,602.0,586.05,589.6,8784,6068,646
NPBET,16-MAR-2021,186.65,186.75,183.0,183.03,164,116,22
NRAIL,16-MAR-2021,259.1,268.45,256.5,263.6,47952,26503,1839
NRBBEARING,16-MAR-2021,120.2,121.3,117.0,117.35,254247,145723,4286
NSIL,16-MAR-2021,1051.0,1052.0,1039.6,1044.9,452,279,99
NTL,16-MAR-2021,0.95,0.95,0.95,0.95,2411,2411,7
NTPC,16-MAR-2021,110.55,111.45,109.3,109.55,15360040,5170366,58941
NUCLEUS,16-MAR-2021,522.0,545.0,518.1,526.6,113833,47312,5887
NURECA,16-MAR-2021,587.3,587.3,560.25,580.3,27583,20577,1503
NXTDIGITAL,16-MAR-2021,487.95,494.0,483.8,488.75,541,468,83
OAL,16-MAR-2021,604.9,604.9,579.2,587.7,15022,8504,1249
OBEROIRLTY,16-MAR-2021,608.0,608.35,575.1,586.65,854438,180298,35144
OCCL,16-MAR-2021,1035.0,1038.0,997.05,1002.75,17728,12122,1887
OFSS,16-MAR-2021,3149.75,3294.55,3149.75,3257.55,240323,188551,12248
OIL,16-MAR-2021,131.7,132.5,131.05,132.15,793066,451333,8714
OILCOUNTUB,16-MAR-2021,5.1,5.1,5.1,5.1,3280,3280,17
OLECTRA,16-MAR-2021,210.0,226.25,206.2,225.95,1924357,909994,18377
OMAXAUTO,16-MAR-2021,44.7,53.0,44.25,50.7,408269,157736,3118
OMAXE,16-MAR-2021,72.05,73.6,72.05,72.75,51700,37103,743
OMINFRAL,16-MAR-2021,24.0,24.05,23.5,23.6,21551,14005,339
ONEPOINT,16-MAR-2021,12.2,13.0,12.2,12.4,5741,3381,56
ONGC,16-MAR-2021,113.8,116.3,113.45,115.1,20680669,9156451,74281
ONMOBILE,16-MAR-2021,115.7,117.8,110.0,111.95,1917454,1001656,22381
ONWARDTEC,16-MAR-2021,117.0,138.0,116.45,135.35,943578,280087,13144
OPTIEMUS,16-MAR-2021,162.0,168.1,162.0,162.0,90491,64215,555
ORBTEXP,16-MAR-2021,63.05,63.25,61.3,62.5,7456,6507,131
ORIENTABRA,16-MAR-2021,22.9,24.95,22.75,23.7,239774,93365,1610
ORIENTALTL,16-MAR-2021,7.5,7.5,7.2,7.3,67663,65718,79
ORIENTBELL,16-MAR-2021,242.8,245.0,232.0,240.6,49091,14733,2523
ORIENTCEM,16-MAR-2021,101.4,104.8,100.0,103.7,573855,343096,5042
ORIENTELEC,16-MAR-2021,302.9,319.0,301.45,314.3,672196,266039,16368
ORIENTHOT,16-MAR-2021,24.0,25.4,23.75,24.1,40053,26928,291
ORIENTLTD,16-MAR-2021,90.6,94.75,90.05,91.75,256,216,27
ORIENTPPR,16-MAR-2021,29.5,31.2,29.25,29.7,10045241,3739628,23486
ORIENTREF,16-MAR-2021,234.0,243.2,231.7,238.85,297550,163085,6143
ORISSAMINE,16-MAR-2021,2435.0,2462.0,2385.0,2397.1,9584,6047,1629
OSWALAGRO,16-MAR-2021,11.15,11.15,10.5,10.6,32096,17344,208
PAGEIND,16-MAR-2021,28098.95,28700.0,27855.6,28590.4,34198,10377,14546
PAISALO,16-MAR-2021,802.0,813.55,775.2,786.55,66869,28431,2921
PALASHSECU,16-MAR-2021,51.45,54.85,51.45,51.45,6909,5039,63
PANACEABIO,16-MAR-2021,186.0,189.15,184.55,186.2,53779,27585,1587
PANACHE,16-MAR-2021,53.85,53.85,48.45,51.5,20279,10938,230
PANAMAPET,16-MAR-2021,164.0,170.5,163.0,164.25,55711,31363,1188
PARACABLES,16-MAR-2021,9.5,9.5,8.95,9.05,306770,222021,574
PARAGMILK,16-MAR-2021,103.95,106.1,103.25,103.7,250838,116255,3950
PATELENG,16-MAR-2021,13.35,13.55,12.95,13.15,249724,170755,582
PATINTLOG,16-MAR-2021,23.8,23.8,19.5,19.9,433660,229002,3260
PATSPINLTD,16-MAR-2021,5.6,5.7,5.3,5.55,5021,3687,23
PCJEWELLER,16-MAR-2021,31.45,31.5,30.3,30.6,2100576,1081067,5157
PDMJEPAPER,16-MAR-2021,25.95,27.05,25.7,26.55,274210,178280,1225
PDSMFL,16-MAR-2021,669.95,669.95,659.0,661.45,1659,1366,174
PEARLPOLY,16-MAR-2021,14.9,15.5,14.9,15.1,13086,856,48
PEL,16-MAR-2021,1881.9,1889.8,1852.2,1876.35,716919,115864,28992
PENIND,16-MAR-2021,20.9,20.9,19.85,20.05,419194,342364,1050
PENINLAND,16-MAR-2021,5.7,5.95,5.65,5.95,1647453,1537295,332
PERSISTENT,16-MAR-2021,1770.0,1920.0,1752.0,1891.9,332150,154840,33384
PETRONET,16-MAR-2021,241.0,241.6,236.45,236.8,3677162,2285952,31008
PFC,16-MAR-2021,138.0,139.65,137.2,138.9,8352065,3355527,50651
PFIZER,16-MAR-2021,4600.0,4652.2,4550.15,4611.4,25066,13774,3827
PFOCUS,16-MAR-2021,59.4,62.9,57.65,60.1,178419,111581,1363
PFS,16-MAR-2021,21.0,21.35,20.25,20.55,1075678,468180,2688
PGHH,16-MAR-2021,12993.6,13032.75,12889.5,12928.8,6341,5247,1320
PGHL,16-MAR-2021,6535.0,6551.55,6450.0,6483.05,5274,2934,2139
PGIL,16-MAR-2021,180.5,181.95,175.3,178.0,3326,3013,162
PHILIPCARB,16-MAR-2021,205.0,205.0,202.0,202.5,528139,274689,7720
PHOENIXLTD,16-MAR-2021,797.05,801.2,787.05,794.6,53047,35274,5261
PIDILITIND,16-MAR-2021,1717.0,1739.0,1705.3,1720.1,330689,151946,25389
PIIND,16-MAR-2021,2237.55,2270.0,2220.0,2237.4,160126,88674,15566
PILANIINVS,16-MAR-2021,1773.0,1773.0,1701.05,1712.45,15546,11121,1844
PILITA,16-MAR-2021,16.55,17.0,16.1,16.2,190139,137695,395
PIONDIST,16-MAR-2021,105.3,105.3,103.25,104.95,5940,3911,93
PIONEEREMB,16-MAR-2021,39.15,39.95,39.15,39.55,97143,94447,92
PITTIENG,16-MAR-2021,72.0,73.65,71.5,72.05,137584,48520,939
PLASTIBLEN,16-MAR-2021,249.9,251.9,239.0,245.45,18456,10434,740
PNB,16-MAR-2021,41.0,41.4,39.6,39.8,99770550,18711176,91730
PNBGILTS,16-MAR-2021,51.55,51.75,50.5,50.75,268472,188125,1847
PNBHOUSING,16-MAR-2021,411.0,413.85,396.05,401.7,230186,107375,8149
PNC,16-MAR-2021,25.9,25.9,25.9,25.9,44071,44071,83
PNCINFRA,16-MAR-2021,259.0,259.4,247.0,248.8,624001,433045,11177
PODDARMENT,16-MAR-2021,203.05,211.0,199.5,201.35,30044,24194,736
POKARNA,16-MAR-2021,208.35,208.75,200.0,201.65,39061,20809,1897
POLYCAB,16-MAR-2021,1363.8,1375.9,1345.0,1355.2,140179,57779,8724
POLYMED,16-MAR-2021,880.0,917.5,836.2,846.65,190208,65094,12914
POLYPLEX,16-MAR-2021,889.05,909.85,865.0,868.85,59047,33227,3861
PONNIERODE,16-MAR-2021,151.05,156.0,150.4,154.85,3058,2688,87
POWERGRID,16-MAR-2021,225.15,227.2,223.5,224.45,8306833,3182803,78188
POWERINDIA,16-MAR-2021,1321.0,1330.2,1300.05,1306.75,16003,10756,1915
POWERMECH,16-MAR-2021,519.4,549.9,518.1,540.1,76087,30010,3438
PPAP,16-MAR-2021,244.6,244.6,238.0,239.35,22932,16070,613
PPL,16-MAR-2021,131.45,141.0,128.8,134.5,584895,192269,9173
PRABHAT,16-MAR-2021,88.1,88.2,85.55,86.75,1427810,1045737,9237
PRAENG,16-MAR-2021,8.7,8.7,8.45,8.55,34337,25524,176
PRAJIND,16-MAR-2021,178.0,179.5,161.1,169.35,1358996,625362,14652
PRAKASH,16-MAR-2021,67.2,74.4,67.15,71.45,7962454,3170808,32443
PRAKASHSTL,16-MAR-2021,0.8,0.85,0.75,0.8,236797,121574,155
PRECAM,16-MAR-2021,40.9,41.65,40.75,40.9,119463,56968,2528
PRECOT,16-MAR-2021,114.35,116.25,110.2,112.0,23121,19861,149
PRECWIRE,16-MAR-2021,213.0,214.0,201.55,204.65,101361,54738,3986
PREMIERPOL,16-MAR-2021,40.35,41.0,37.5,38.05,4194,3174,69
PRESSMN,16-MAR-2021,23.8,23.9,23.25,23.4,21424,18755,190
PRESTIGE,16-MAR-2021,288.2,290.5,272.05,274.65,953315,584748,14386
PRICOLLTD,16-MAR-2021,69.5,71.15,67.6,68.35,1648120,301311,11018
PRINCEPIPE,16-MAR-2021,441.7,445.0,427.6,432.05,216966,102276,9284
PRIVISCL,16-MAR-2021,651.4,652.2,644.65,648.05,22017,16022,1828
PROZONINTU,16-MAR-2021,19.0,19.2,18.5,18.85,133961,89603,844
PRSMJOHNSN,16-MAR-2021,115.0,120.8,113.85,118.7,1162986,528518,15166
PSB,16-MAR-2021,18.35,18.35,17.6,17.75,417038,220888,1089
PSPPROJECT,16-MAR-2021,478.0,478.0,468.1,475.2,87650,8922,1399
PSUBNKBEES,16-MAR-2021,25.67,25.67,24.8,24.99,255755,149639,1114
PTC,16-MAR-2021,80.0,82.6,79.15,81.8,3488054,1549752,20063
PTL,16-MAR-2021,41.0,41.0,39.5,39.9,106246,93005,564
PUNJABCHEM,16-MAR-2021,925.55,934.55,895.85,902.85,7763,4513,757
PURVA,16-MAR-2021,80.6,81.35,78.5,78.9,110917,50373,1999
PVR,16-MAR-2021,1362.0,1430.0,1352.2,1422.15,1949881,392198,63930
QGOLDHALF,16-MAR-2021,1945.0,1945.0,1935.0,1939.0,1273,1227,76
QNIFTY,16-MAR-2021,1556.0,1556.0,1539.0,1546.61,3985,3940,71
QUESS,16-MAR-2021,709.0,719.0,690.75,694.65,155076,55422,10552
QUICKHEAL,16-MAR-2021,193.95,201.7,192.4,194.95,409817,165014,8750
RADICO,16-MAR-2021,557.55,564.75,544.65,559.45,357770,160487,11081
RADIOCITY,16-MAR-2021,24.5,24.65,23.85,24.0,162529,144172,298
RAILTEL,16-MAR-2021,142.75,145.35,140.4,141.25,2484229,940695,35310
RAIN,16-MAR-2021,156.5,158.4,150.3,151.85,2869054,883748,26593
RAJESHEXPO,16-MAR-2021,522.2,522.4,515.0,516.1,545236,387607,11997
RAJRATAN,16-MAR-2021,775.0,800.0,753.15,795.6,81350,33328,7682
RAJTV,16-MAR-2021,34.0,34.1,33.65,33.8,1320,745,66
RALLIS,16-MAR-2021,270.0,270.45,263.3,266.4,298725,131717,7297
RAMANEWS,16-MAR-2021,17.3,17.75,16.5,16.75,190648,103528,642
RAMCOCEM,16-MAR-2021,1005.0,1013.35,990.65,999.0,512568,141338,18868
RAMCOIND,16-MAR-2021,267.75,267.75,260.0,260.15,49842,33367,1565
RAMCOSYS,16-MAR-2021,594.0,621.7,590.45,608.45,366511,132781,12531
RAMKY,16-MAR-2021,90.0,90.0,83.3,84.35,182871,115313,1201
RANASUG,16-MAR-2021,9.15,9.35,8.4,8.8,996836,603045,1518
RANEENGINE,16-MAR-2021,307.05,315.0,292.35,300.5,14079,6487,510
RANEHOLDIN,16-MAR-2021,660.0,673.95,654.9,656.95,16278,5669,1266
RATNAMANI,16-MAR-2021,1990.0,2098.0,1979.3,2011.95,168754,105604,8968
RAYMOND,16-MAR-2021,370.85,372.55,365.4,368.45,432168,144552,13852
RBL,16-MAR-2021,811.25,860.0,802.0,808.95,16010,4527,2365
RBLBANK,16-MAR-2021,239.9,240.25,233.55,235.1,9124566,1235862,52271
RCF,16-MAR-2021,84.45,86.8,83.55,83.9,3476545,908135,19532
RCOM,16-MAR-2021,1.9,1.95,1.9,1.9,6004057,3435740,5424
RECLTD,16-MAR-2021,153.75,155.45,153.0,154.5,6612160,2605131,34626
REDINGTON,16-MAR-2021,176.6,179.5,175.2,177.75,185795,92139,5084
REFEX,16-MAR-2021,86.55,87.35,85.0,85.8,40394,30322,703
RELAXO,16-MAR-2021,836.0,849.45,825.55,827.85,167438,71518,12753
RELCAPITAL,16-MAR-2021,12.6,12.9,12.3,12.3,2405926,1320744,3096
RELIANCE,16-MAR-2021,2114.0,2126.0,2095.5,2100.6,6402757,2426737,235823
RELIGARE,16-MAR-2021,101.9,102.7,97.1,97.85,1603924,843913,9182
RELINFRA,16-MAR-2021,38.1,38.6,35.2,35.75,3373952,1784529,9721
REMSONSIND,16-MAR-2021,139.95,139.95,138.0,138.6,1372,545,43
RENUKA,16-MAR-2021,9.9,9.95,9.65,9.7,2474757,1546089,2080
REPCOHOME,16-MAR-2021,344.0,345.0,335.0,336.95,56565,32025,2029
REPL,16-MAR-2021,206.95,206.95,200.25,201.9,6016,5040,166
REPRO,16-MAR-2021,386.55,387.15,361.0,364.5,21292,10539,1157
RESPONIND,16-MAR-2021,179.8,193.0,175.55,176.8,95465,19380,2559
REVATHI,16-MAR-2021,525.35,525.55,498.0,499.6,3227,1751,360
RGL,16-MAR-2021,313.15,338.05,313.1,322.4,81582,37511,2790
RHFL,16-MAR-2021,3.45,3.45,3.15,3.35,7884610,4523858,3739
RICOAUTO,16-MAR-2021,40.45,41.4,40.0,40.25,618759,226186,3750
RIIL,16-MAR-2021,397.9,403.0,393.0,394.0,193261,41956,5047
RITES,16-MAR-2021,258.8,261.95,256.0,259.45,269036,119755,5569
RKDL,16-MAR-2021,7.95,8.4,7.65,8.35,64190,50398,173
RKEC,16-MAR-2021,60.15,71.0,59.75,71.0,544699,160155,2536
RKFORGE,16-MAR-2021,545.5,545.5,507.0,512.2,78389,48449,6256
RML,16-MAR-2021,402.1,417.35,392.5,401.7,48818,15871,2711
ROHLTD,16-MAR-2021,70.45,77.4,70.25,73.7,387386,72861,4158
ROLTA,16-MAR-2021,4.05,4.1,3.95,4.0,547689,403529,15150
ROSSARI,16-MAR-2021,975.35,1010.4,972.15,991.0,58754,21707,3712
ROSSELLIND,16-MAR-2021,117.8,118.0,112.15,115.95,20300,13801,541
ROUTE,16-MAR-2021,1628.0,1669.75,1596.8,1602.25,406235,123852,30344
RPGLIFE,16-MAR-2021,391.05,409.9,390.65,399.7,27121,9459,1379
RPOWER,16-MAR-2021,5.35,5.4,4.95,4.95,45051839,25787611,17567
RPPINFRA,16-MAR-2021,69.95,71.75,68.6,69.45,45145,10067,1418
RPSGVENT,16-MAR-2021,391.0,397.45,362.0,378.5,250552,103232,12050
RSSOFTWARE,16-MAR-2021,28.05,28.05,26.2,27.05,39901,20239,1986
RSWM,16-MAR-2021,197.95,213.75,190.0,206.1,147345,76704,2932
RSYSTEMS,16-MAR-2021,116.5,126.0,115.8,121.95,141758,71789,2238
RTNINFRA,16-MAR-2021,6.6,6.6,6.4,6.5,153516,135249,352
RTNPOWER,16-MAR-2021,2.75,2.75,2.7,2.7,3490499,2220312,7639
RUBYMILLS,16-MAR-2021,182.15,186.0,180.8,181.05,5076,1714,369
RUCHI,16-MAR-2021,715.0,715.0,700.0,702.65,14080,7604,1407
RUCHIRA,16-MAR-2021,71.95,75.9,71.55,72.8,321810,185338,2841
RUPA,16-MAR-2021,336.0,361.75,322.1,327.15,719287,184707,18276
RUSHIL,16-MAR-2021,271.7,273.7,266.0,273.7,25458,22750,171
RVHL,16-MAR-2021,20.2,20.9,19.55,20.25,87432,50368,1178
RVNL,16-MAR-2021,30.9,31.05,30.5,30.6,2215539,976451,6894
SABEVENTS,16-MAR-2021,1.25,1.25,1.15,1.15,11278,11278,20
SABTN,16-MAR-2021,1.65,1.65,1.65,1.65,8217,8217,8
SADBHAV,16-MAR-2021,72.85,74.15,71.5,72.05,451712,157355,4587
SADBHIN,16-MAR-2021,23.8,24.0,22.9,23.1,293587,137937,1007
SAFARI,16-MAR-2021,684.95,730.0,660.15,695.1,39317,13512,2521
SAGARDEEP,16-MAR-2021,38.3,40.3,38.0,38.4,2201,1324,93
SAGCEM,16-MAR-2021,745.0,752.9,721.5,741.2,23581,13867,2494
SAIL,16-MAR-2021,77.6,78.3,74.65,75.05,55029693,17540627,87339
SAKAR,16-MAR-2021,94.5,99.25,94.5,98.2,63728,36769,816
SAKHTISUG,16-MAR-2021,9.6,9.8,9.5,9.55,54705,44808,265
SAKSOFT,16-MAR-2021,364.0,380.0,364.0,369.25,51471,22484,2434
SAKUMA,16-MAR-2021,5.3,5.3,5.2,5.2,129847,113562,249
SALASAR,16-MAR-2021,373.5,379.0,365.25,371.7,107750,51785,4534
SALONA,16-MAR-2021,94.55,97.25,88.95,96.9,3393,2500,93
SALSTEEL,16-MAR-2021,3.75,3.75,3.6,3.65,23536,16409,83
SALZERELEC,16-MAR-2021,131.4,134.3,128.75,130.0,77691,40838,2981
SAMBHAAV,16-MAR-2021,2.5,2.65,2.5,2.65,7856,5449,27
SANCO,16-MAR-2021,11.85,11.85,11.35,11.5,54750,37923,202
SANDESH,16-MAR-2021,709.75,730.0,709.5,717.35,4094,3233,384
SANDHAR,16-MAR-2021,214.0,214.0,204.05,205.3,66106,47787,4239
SANGHIIND,16-MAR-2021,43.4,43.55,42.4,42.55,761118,363132,2539
SANGHVIMOV,16-MAR-2021,114.75,114.95,112.3,113.75,15033,11993,298
SANGINITA,16-MAR-2021,24.45,24.45,23.5,23.75,23498,17339,226
SANOFI,16-MAR-2021,8321.0,8321.0,8175.3,8247.1,21071,15880,3935
SARDAEN,16-MAR-2021,403.95,422.9,401.3,417.45,479010,179220,14733
SAREGAMA,16-MAR-2021,1650.0,1740.0,1639.8,1693.8,118071,62644,6837
SARLAPOLY,16-MAR-2021,26.8,27.95,26.45,26.7,211172,113618,1082
SASKEN,16-MAR-2021,869.9,908.0,860.65,874.55,59314,18749,4928
SASTASUNDR,16-MAR-2021,129.8,134.0,129.0,132.65,37218,22178,858
SATIA,16-MAR-2021,85.9,88.0,84.0,84.6,102537,52344,855
SATIN,16-MAR-2021,104.0,104.0,97.85,97.95,252699,181611,2137
SBICARD,16-MAR-2021,1023.5,1034.8,1013.05,1022.1,635668,204892,20943
SBIETFIT,16-MAR-2021,260.1,267.0,260.1,263.86,4542,4343,133
SBIETFPB,16-MAR-2021,191.9,191.9,186.0,186.34,1267,1141,62
SBIETFQLTY,16-MAR-2021,126.43,128.95,125.1,126.98,652,452,61
SBILIFE,16-MAR-2021,918.45,923.9,911.0,914.05,1422174,574933,49302
SBIN,16-MAR-2021,385.6,387.85,376.1,378.55,38196452,8488656,300656
SCHAEFFLER,16-MAR-2021,5328.95,5449.0,5225.25,5310.35,13896,7503,3623
SCHAND,16-MAR-2021,126.1,134.0,121.4,131.7,849786,321550,10894
SCHNEIDER,16-MAR-2021,100.05,103.4,98.8,99.7,661942,256874,8165
SCI,16-MAR-2021,124.15,124.15,119.7,120.35,2930629,838411,17113
SDBL,16-MAR-2021,33.2,34.9,32.3,33.7,424615,269548,1282
SEAMECLTD,16-MAR-2021,450.5,457.8,432.0,436.0,39071,12988,1993
SECURKLOUD,16-MAR-2021,86.5,87.7,83.85,84.3,28224,19142,627
SELAN,16-MAR-2021,131.0,134.25,129.3,131.4,98084,43898,1955
SEQUENT,16-MAR-2021,223.25,230.0,221.0,222.9,255586,152167,5010
SESHAPAPER,16-MAR-2021,165.0,169.3,162.2,163.9,229378,90281,4238
SETCO,16-MAR-2021,17.05,17.95,16.9,17.0,334697,202364,873
SETF10GILT,16-MAR-2021,202.9,203.0,199.4,199.55,258,166,20
SETFGOLD,16-MAR-2021,4039.0,4039.0,4001.4,4022.05,63301,51790,2253
SETFNIF50,16-MAR-2021,159.76,159.76,152.51,152.65,441500,209445,2070
SETFNIFBK,16-MAR-2021,354.0,355.0,347.11,347.63,46409,38923,860
SETFNN50,16-MAR-2021,361.99,362.5,356.41,357.94,27971,20698,252
SEYAIND,16-MAR-2021,61.4,61.5,59.6,60.1,18443,13260,363
SFL,16-MAR-2021,2117.0,2134.0,2044.0,2070.0,19092,13318,4717
SGL,16-MAR-2021,9.2,9.25,7.2,8.3,52977,26214,139
SHAHALLOYS,16-MAR-2021,8.95,8.95,8.95,8.95,1211,1211,5
SHAKTIPUMP,16-MAR-2021,541.45,556.0,457.5,532.65,84348,36682,3512
SHALBY,16-MAR-2021,105.35,108.2,104.9,106.15,159597,38910,2575
SHALPAINTS,16-MAR-2021,91.8,93.8,90.3,91.05,103298,34260,1767
SHANKARA,16-MAR-2021,436.6,443.45,425.1,427.85,66759,16162,4272
SHANTIGEAR,16-MAR-2021,128.6,128.6,126.0,126.45,11698,7606,281
SHARDACROP,16-MAR-2021,301.75,304.4,294.0,294.85,92341,59864,4387
SHARDAMOTR,16-MAR-2021,2071.0,2133.2,2065.0,2089.35,2376,1617,431
SHAREINDIA,16-MAR-2021,273.9,273.9,268.0,268.6,3114,2516,161
SHARIABEES,16-MAR-2021,366.0,369.6,365.73,366.13,447,424,30
SHEMAROO,16-MAR-2021,74.95,81.1,73.0,78.9,420626,229204,2531
SHIL,16-MAR-2021,262.5,274.45,262.5,274.45,55635,42449,857
SHILPAMED,16-MAR-2021,359.0,360.0,347.2,350.5,327628,207964,8089
SHIVAMAUTO,16-MAR-2021,19.8,20.05,19.4,19.55,71301,50739,281
SHIVATEX,16-MAR-2021,151.25,164.45,151.0,163.4,12531,7084,320
SHK,16-MAR-2021,121.9,121.95,119.05,119.85,155200,91002,2840
SHOPERSTOP,16-MAR-2021,232.0,243.6,231.95,237.2,219391,70011,4537
SHREDIGCEM,16-MAR-2021,69.0,70.0,66.3,67.05,832819,438211,4771
SHREECEM,16-MAR-2021,27895.0,27948.25,27351.1,27430.8,38175,11611,13226
SHREEPUSHK,16-MAR-2021,140.25,156.55,138.7,146.75,728846,256874,10176
SHREERAMA,16-MAR-2021,12.2,12.2,10.65,10.95,83397,57807,395
SHRENIK,16-MAR-2021,2.1,2.2,2.0,2.2,3782556,1905177,2273
SHREYANIND,16-MAR-2021,94.6,110.55,93.2,108.9,1200322,331833,12331
SHREYAS,16-MAR-2021,84.75,85.5,82.3,83.4,98576,67718,822
SHRIRAMCIT,16-MAR-2021,1503.35,1521.45,1490.0,1496.5,21237,13270,11320
SHRIRAMEPC,16-MAR-2021,4.5,4.5,4.4,4.4,359568,270519,408
SHYAMCENT,16-MAR-2021,5.65,5.65,5.4,5.45,47486,33222,170
SICAGEN,16-MAR-2021,14.6,16.05,14.1,16.05,182902,106561,626
SICAL,16-MAR-2021,13.0,13.3,12.6,12.7,604289,454254,1094
SIEMENS,16-MAR-2021,1884.35,1888.85,1852.6,1883.45,365715,33664,17166
SIGIND,16-MAR-2021,33.0,33.5,32.35,32.65,19281,12616,272
SILGO,16-MAR-2021,49.25,49.6,45.0,46.0,22816,10322,244
SILINV,16-MAR-2021,223.5,224.0,216.0,216.4,8601,5590,279
SIMBHALS,16-MAR-2021,7.95,8.15,7.65,7.9,33642,29486,82
SIMPLEXINF,16-MAR-2021,34.75,36.8,34.75,35.0,158585,58677,917
SINTERCOM,16-MAR-2021,88.0,90.3,87.15,87.5,466,119,14
SIS,16-MAR-2021,421.85,422.0,412.0,414.0,71796,50030,4070
SITINET,16-MAR-2021,0.9,0.9,0.85,0.9,1464704,950801,1113
SIYSIL,16-MAR-2021,214.45,218.85,212.55,216.85,49594,27077,1641
SJVN,16-MAR-2021,26.2,26.35,26.05,26.1,1063175,509294,3010
SKFINDIA,16-MAR-2021,2210.05,2249.95,2204.95,2232.05,9599,4711,1983
SKIPPER,16-MAR-2021,58.6,70.0,58.6,66.85,463890,249907,3436
SKMEGGPROD,16-MAR-2021,49.9,51.9,49.8,50.35,29102,18681,382
SMARTLINK,16-MAR-2021,90.05,92.7,90.0,90.25,18587,5145,409
SMCGLOBAL,16-MAR-2021,77.8,78.15,73.8,76.25,156508,93468,1660
SMLISUZU,16-MAR-2021,472.05,476.0,460.1,464.0,14994,7847,1198
SMSLIFE,16-MAR-2021,530.05,530.95,524.0,527.5,1534,1077,170
SMSPHARMA,16-MAR-2021,130.5,130.8,128.05,128.95,65571,43011,1112
SNOWMAN,16-MAR-2021,53.25,53.4,52.2,52.3,1838230,805514,6863
SOBHA,16-MAR-2021,448.9,466.7,446.9,462.45,320218,118535,12053
SOLARA,16-MAR-2021,1285.25,1285.25,1246.2,1255.0,42037,24121,5198
SOLARINDS,16-MAR-2021,1320.75,1330.9,1315.0,1322.4,13920,11320,3272
SOMANYCERA,16-MAR-2021,425.0,432.55,415.0,423.1,28858,17858,1918
SONATSOFTW,16-MAR-2021,505.1,539.0,504.85,523.85,1641785,489919,42682
SORILINFRA,16-MAR-2021,169.0,179.95,168.9,175.5,113879,48320,2354
SOTL,16-MAR-2021,1003.0,1080.0,1003.0,1016.25,13302,5500,1536
SOUTHBANK,16-MAR-2021,9.35,9.45,9.2,9.25,10127787,4398890,53205
SOUTHWEST,16-MAR-2021,43.15,43.65,41.45,43.6,23373,21682,92
SPAL,16-MAR-2021,176.2,180.55,170.0,172.05,20678,11408,535
SPANDANA,16-MAR-2021,612.15,623.0,605.0,606.0,56728,39246,3923
SPARC,16-MAR-2021,163.7,164.35,162.5,163.0,234393,120260,2647
SPECIALITY,16-MAR-2021,46.3,46.85,45.1,45.3,54824,40237,586
SPENCERS,16-MAR-2021,77.85,78.0,76.4,76.75,252209,84723,2786
SPIC,16-MAR-2021,34.4,35.35,32.9,33.25,2820567,972113,8923
SPICEJET,16-MAR-2021,80.6,80.6,78.7,79.15,3728792,1204525,29658
SPLIL,16-MAR-2021,35.7,36.8,35.0,35.15,39380,23707,299
SPMLINFRA,16-MAR-2021,12.35,12.5,11.8,12.05,15453,11890,124
SPTL,16-MAR-2021,4.4,4.4,4.4,4.4,1892134,1891133,651
SPYL,16-MAR-2021,0.4,0.4,0.35,0.4,492968,357886,391
SREEL,16-MAR-2021,149.7,152.05,146.05,147.2,48149,39852,494
SREINFRA,16-MAR-2021,6.8,6.8,6.6,6.6,839309,490546,1089
SRF,16-MAR-2021,5590.0,5590.0,5481.0,5503.25,79326,38140,9486
SRHHYPOLTD,16-MAR-2021,281.0,291.85,273.0,277.0,36532,21746,1208
SRIPIPES,16-MAR-2021,177.65,181.85,176.25,180.45,170212,103878,3157
SRTRANSFIN,16-MAR-2021,1289.0,1331.8,1280.55,1322.95,2544685,416577,69949
SSWL,16-MAR-2021,741.95,753.05,730.5,734.0,14689,7403,1352
STAR,16-MAR-2021,843.0,849.7,832.3,839.05,197660,61568,7801
STARCEMENT,16-MAR-2021,100.8,100.8,98.9,99.4,176327,68256,2704
STARPAPER,16-MAR-2021,131.7,138.6,130.6,134.15,1360118,336055,22397
STCINDIA,16-MAR-2021,86.2,87.6,85.0,85.85,24062,12346,449
STEELCITY,16-MAR-2021,36.7,37.95,36.5,36.7,12149,4720,1176
STEELXIND,16-MAR-2021,54.5,57.2,53.7,54.7,172126,94611,843
STERTOOLS,16-MAR-2021,219.95,219.95,210.6,212.4,11315,6951,577
STLTECH,16-MAR-2021,219.0,220.25,215.0,217.0,266538,151966,6401
STOVEKRAFT,16-MAR-2021,473.3,479.0,458.0,459.85,151099,52296,5427
SUBEXLTD,16-MAR-2021,37.4,38.8,36.85,37.9,7165423,2444076,20031
SUBROS,16-MAR-2021,325.0,325.0,312.0,312.8,66035,36721,4937
SUDARSCHEM,16-MAR-2021,550.6,558.25,547.5,550.45,77637,34637,4828
SUMICHEM,16-MAR-2021,274.2,282.4,273.1,274.5,528428,277978,11986
SUMIT,16-MAR-2021,9.95,9.95,9.0,9.15,29813,20689,82
SUMMITSEC,16-MAR-2021,566.05,566.85,552.2,554.9,10643,8298,629
SUNCLAYLTD,16-MAR-2021,3224.05,3296.0,3190.15,3264.55,1023,605,331
SUNDARAM,16-MAR-2021,1.3,1.3,1.25,1.3,407990,278770,166
SUNDARMFIN,16-MAR-2021,2688.0,2688.0,2640.0,2649.9,52184,44297,8548
SUNDARMHLD,16-MAR-2021,79.75,81.0,79.0,79.8,84402,62662,833
SUNDRMBRAK,16-MAR-2021,350.55,359.8,345.05,355.55,7076,5122,196
SUNDRMFAST,16-MAR-2021,761.0,804.2,758.3,787.7,322755,116415,22684
SUNFLAG,16-MAR-2021,64.2,64.9,63.2,63.6,267432,112364,3017
SUNPHARMA,16-MAR-2021,606.0,609.95,599.25,602.3,4189930,1660602,83873
SUNTECK,16-MAR-2021,338.5,350.0,335.15,343.1,392190,136140,17327
SUNTV,16-MAR-2021,484.0,491.0,475.0,477.25,1208892,299969,20043
SUPERHOUSE,16-MAR-2021,133.0,133.2,129.15,129.8,8265,3916,288
SUPERSPIN,16-MAR-2021,5.25,5.25,4.95,5.25,76145,66996,90
SUPPETRO,16-MAR-2021,436.05,442.0,429.1,434.3,48294,27616,2177
SUPRAJIT,16-MAR-2021,289.8,294.5,284.85,285.35,107128,49318,3417
SUPREMEENG,16-MAR-2021,30.2,33.0,30.1,31.35,34909,26058,111
SUPREMEIND,16-MAR-2021,1999.0,2099.7,1980.1,2035.65,61158,28586,10735
SURANAT&P,16-MAR-2021,4.4,4.75,4.35,4.55,107700,83575,162
SURYALAXMI,16-MAR-2021,33.4,34.75,32.4,33.2,42104,32616,335
SURYAROSNI,16-MAR-2021,375.15,389.45,371.35,380.85,172521,47610,11077
SUTLEJTEX,16-MAR-2021,44.4,46.0,44.1,45.6,127796,92038,810
SUVEN,16-MAR-2021,80.4,81.4,80.2,80.55,171099,95790,1482
SUVENPHAR,16-MAR-2021,478.0,483.5,469.0,480.55,223380,135982,18280
SUZLON,16-MAR-2021,5.6,5.75,5.6,5.7,29317561,18191863,18734
SWANENERGY,16-MAR-2021,143.0,145.5,139.4,143.6,196560,22497,7304
SWARAJENG,16-MAR-2021,1355.0,1371.0,1338.05,1346.85,3545,2261,623
SWELECTES,16-MAR-2021,212.7,219.75,210.2,211.65,57223,30219,1164
SWSOLAR,16-MAR-2021,278.45,296.95,273.0,282.6,2891196,901060,49677
SYMPHONY,16-MAR-2021,1329.0,1337.0,1287.5,1293.0,28330,13261,3471
SYNGENE,16-MAR-2021,544.75,546.05,530.05,532.85,400972,283720,12599
TAINWALCHM,16-MAR-2021,64.05,64.45,62.55,63.05,3136,1925,102
TAJGVK,16-MAR-2021,121.5,121.5,119.7,119.95,138294,93323,4122
TAKE,16-MAR-2021,56.3,57.45,55.25,55.75,2223540,694918,8705
TALBROAUTO,16-MAR-2021,235.75,235.75,227.1,230.75,40692,13925,1990
TANLA,16-MAR-2021,958.0,999.0,945.3,993.9,324016,203324,11157
TARC,16-MAR-2021,32.95,33.75,32.2,32.3,246751,149708,904
TARMAT,16-MAR-2021,51.3,51.95,49.6,50.5,11090,6824,223
TASTYBITE,16-MAR-2021,14266.0,14361.4,14092.85,14140.05,655,294,376
TATACHEM,16-MAR-2021,786.9,786.9,770.6,777.2,4118140,691124,63793
TATACOFFEE,16-MAR-2021,129.15,130.55,126.3,127.25,1166767,275088,8985
TATACOMM,16-MAR-2021,1210.0,1252.9,1201.25,1214.8,9021375,4526530,145235
TATACONSUM,16-MAR-2021,611.55,618.0,608.5,610.65,2480801,1061398,51812
TATAELXSI,16-MAR-2021,2730.0,2822.0,2718.0,2771.45,516196,128983,40525
TATAINVEST,16-MAR-2021,1123.0,1147.0,1107.6,1130.45,21755,9687,2049
TATAMETALI,16-MAR-2021,781.5,788.6,761.0,767.9,112951,32527,4750
TATAMOTORS,16-MAR-2021,321.0,321.9,315.1,319.95,39267404,3485798,228406
TATAMTRDVR,16-MAR-2021,137.0,137.25,134.0,135.2,1747506,545638,11468
TATAPOWER,16-MAR-2021,112.0,112.3,109.1,109.7,50275101,7103437,124379
TATASTEEL,16-MAR-2021,740.1,740.1,719.2,724.05,12569998,2273862,173694
TATASTLBSL,16-MAR-2021,47.8,47.8,46.2,46.65,2785411,772078,6046
TATASTLLP,16-MAR-2021,703.0,703.0,685.1,690.1,34082,18577,1369
TBZ,16-MAR-2021,76.8,78.6,72.15,73.0,319432,183389,4177
TCI,16-MAR-2021,244.6,247.85,242.45,243.35,185132,168483,3221
TCIDEVELOP,16-MAR-2021,302.75,314.95,281.2,305.75,3892,2673,198
TCIEXP,16-MAR-2021,904.0,938.65,890.1,928.5,57216,36536,3531
TCIFINANCE,16-MAR-2021,5.75,5.9,5.65,5.7,11685,10462,169
TCNSBRANDS,16-MAR-2021,533.05,535.0,505.0,510.25,51672,42126,2494
TCPLPACK,16-MAR-2021,412.9,415.2,407.85,410.7,3546,3229,83
TCS,16-MAR-2021,3060.0,3141.0,3060.0,3110.05,4894756,2441085,190871
TDPOWERSYS,16-MAR-2021,147.05,156.6,145.95,149.75,103181,58346,1872
TEAMLEASE,16-MAR-2021,3650.0,3650.0,3351.2,3419.55,15794,10721,4875
TECHM,16-MAR-2021,1032.0,1045.0,1021.1,1026.55,4797715,1625709,115400
TECHNOE,16-MAR-2021,290.0,296.35,287.35,293.35,78758,16296,5474
TEJASNET,16-MAR-2021,187.0,189.0,182.25,183.85,254603,143503,4297
TERASOFT,16-MAR-2021,40.35,40.35,39.5,40.35,32107,23203,210
TEXINFRA,16-MAR-2021,70.55,76.4,70.55,74.25,345575,177121,3378
TEXMOPIPES,16-MAR-2021,30.3,30.75,29.4,29.65,375222,109364,3925
TEXRAIL,16-MAR-2021,29.75,32.6,29.6,32.0,2288380,1101735,8295
TFCILTD,16-MAR-2021,67.95,69.3,65.05,65.6,725386,182284,6111
TGBHOTELS,16-MAR-2021,4.8,5.0,4.75,5.0,102463,96235,104
THANGAMAYL,16-MAR-2021,628.0,628.0,601.75,609.45,21250,8606,1970
THEINVEST,16-MAR-2021,96.9,96.9,91.05,92.95,44813,37380,180
THEMISMED,16-MAR-2021,300.55,307.05,292.35,302.7,6900,4543,341
THERMAX,16-MAR-2021,1391.0,1391.0,1360.2,1379.8,39074,24247,9320
THOMASCOOK,16-MAR-2021,55.0,55.0,51.25,51.25,634280,513876,3352
THYROCARE,16-MAR-2021,874.8,895.45,872.0,875.55,98114,43279,7712
TI,16-MAR-2021,30.2,30.65,29.7,30.05,185050,106272,1244
TIDEWATER,16-MAR-2021,4463.9,4490.0,4416.45,4431.8,1705,860,580
TIIL,16-MAR-2021,382.75,394.8,367.15,378.0,26109,17380,1213
TIINDIA,16-MAR-2021,1218.0,1218.0,1165.5,1179.7,79110,55012,7108
TIL,16-MAR-2021,162.55,170.4,162.55,167.7,22105,15128,601
TIMESGTY,16-MAR-2021,25.8,26.15,25.45,25.55,3517,2854,95
TIMETECHNO,16-MAR-2021,57.75,58.4,56.65,58.05,643005,187960,4020
TIMKEN,16-MAR-2021,1280.0,1296.95,1260.9,1268.45,9073,4556,1512
TINPLATE,16-MAR-2021,166.9,167.45,164.7,165.25,172141,97563,3157
TIRUMALCHM,16-MAR-2021,102.4,102.9,99.1,99.8,444796,196494,4988
TITAN,16-MAR-2021,1505.0,1531.0,1496.9,1500.95,3191850,797807,97370
TMRVL,16-MAR-2021,15.25,15.25,15.25,15.25,30566,30564,105
TNPETRO,16-MAR-2021,51.95,52.65,50.6,50.75,320790,167411,2623
TNPL,16-MAR-2021,152.0,153.0,147.0,148.5,1541864,483273,23397
TOKYOPLAST,16-MAR-2021,70.7,72.95,69.05,70.25,9174,2920,301
TORNTPHARM,16-MAR-2021,2438.0,2480.8,2430.0,2470.85,174924,64052,13787
TORNTPOWER,16-MAR-2021,417.8,425.9,414.25,423.8,1735911,601240,18327
TOTAL,16-MAR-2021,48.0,49.35,44.85,45.5,44020,29423,351
TPLPLASTEH,16-MAR-2021,156.75,163.45,153.0,154.9,12960,6992,531
TREEHOUSE,16-MAR-2021,7.55,7.55,7.35,7.4,25388,22101,76
TREJHARA,16-MAR-2021,37.55,37.55,37.55,37.55,24261,24261,46
TRENT,16-MAR-2021,838.85,865.85,838.2,849.25,779547,245851,30713
TRF,16-MAR-2021,96.25,99.8,96.0,98.6,17439,13675,329
TRIDENT,16-MAR-2021,15.5,16.0,15.5,15.75,36748299,15874334,32799
TRIGYN,16-MAR-2021,70.8,73.0,69.7,71.5,114110,68202,1133
TRIL,16-MAR-2021,19.15,20.4,18.75,20.2,1495723,820988,3523
TRITURBINE,16-MAR-2021,101.75,111.0,100.55,108.1,466555,169150,8955
TRIVENI,16-MAR-2021,89.35,92.6,88.0,88.8,946076,213070,8655
TTKHLTCARE,16-MAR-2021,558.25,558.25,543.25,549.9,1804,1303,164
TTKPRESTIG,16-MAR-2021,7618.95,7620.0,7420.0,7571.1,24482,21202,2993
TTL,16-MAR-2021,46.65,52.45,46.2,47.7,24827,7289,581
TV18BRDCST,16-MAR-2021,34.6,34.8,33.6,33.8,3199947,1402386,5420
TVSMOTOR,16-MAR-2021,596.0,598.5,587.0,594.3,1378743,289450,18479
TVSSRICHAK,16-MAR-2021,1848.0,1860.95,1789.8,1793.25,12327,6799,2122
TVTODAY,16-MAR-2021,265.5,272.0,265.05,267.5,52341,32867,1397
TVVISION,16-MAR-2021,1.75,1.75,1.75,1.75,36112,34712,32
TWL,16-MAR-2021,50.8,52.6,50.05,51.1,938740,242287,7464
UBL,16-MAR-2021,1212.5,1225.0,1200.05,1218.1,131837,32145,5619
UCALFUEL,16-MAR-2021,154.1,157.25,151.0,151.85,158097,22659,14785
UCOBANK,16-MAR-2021,14.15,14.35,13.85,14.05,21091939,4279260,17826
UFLEX,16-MAR-2021,444.0,447.0,430.2,437.1,420435,131095,13511
UFO,16-MAR-2021,83.2,83.7,82.35,82.65,67038,38733,944
UGARSUGAR,16-MAR-2021,17.35,17.6,17.05,17.1,117633,62036,434
UJJIVAN,16-MAR-2021,236.7,236.9,230.5,231.15,558837,237997,14723
UJJIVANSFB,16-MAR-2021,34.0,34.4,33.5,33.7,3100479,1102970,6168
ULTRACEMCO,16-MAR-2021,6590.0,6703.0,6565.1,6639.95,614224,268683,56159
UMANGDAIRY,16-MAR-2021,62.9,62.9,60.5,60.75,14496,12355,249
UNICHEMLAB,16-MAR-2021,316.7,324.8,309.1,314.5,30978,19301,1270
UNIDT,16-MAR-2021,264.8,266.15,262.0,263.85,5287,4147,195
UNIENTER,16-MAR-2021,82.3,83.9,81.0,82.35,57821,44049,835
UNIONBANK,16-MAR-2021,37.15,37.45,36.3,36.45,5224025,1794713,10416
UNITEDTEA,16-MAR-2021,310.05,311.1,305.0,305.85,3441,2770,79
UNIVCABLES,16-MAR-2021,149.55,152.5,145.0,146.6,72655,37002,1561
UNIVPHOTO,16-MAR-2021,184.2,185.0,180.05,183.45,2492,1243,152
UPL,16-MAR-2021,625.05,639.55,616.55,620.25,8396917,1269062,133712
USHAMART,16-MAR-2021,32.2,32.65,31.75,31.95,651143,295817,2097
UTIAMC,16-MAR-2021,585.0,593.8,580.75,585.5,104477,29311,6953
UTIBANKETF,16-MAR-2021,34.99,35.49,34.77,34.89,9483,4537,154
UTINEXT50,16-MAR-2021,361.81,362.9,358.48,358.59,250,232,26
UTINIFTETF,16-MAR-2021,1575.0,1576.7,1556.0,1559.47,563,436,45
UTISENSETF,16-MAR-2021,549.99,549.99,522.5,522.76,4678,2557,202
UTISXN50,16-MAR-2021,40.01,41.9,40.0,41.2,1018,866,40
UTTAMSUGAR,16-MAR-2021,99.75,99.9,96.1,96.8,43871,19747,745
V2RETAIL,16-MAR-2021,138.65,138.75,132.1,134.5,20320,13313,642
VADILALIND,16-MAR-2021,920.05,957.65,920.05,927.45,30365,12795,2571
VAIBHAVGBL,16-MAR-2021,4550.0,4739.95,4500.05,4677.15,148319,73737,32332
VAKRANGEE,16-MAR-2021,53.25,53.6,52.0,52.9,2418216,1975627,2688
VALIANTORG,16-MAR-2021,1262.1,1308.0,1252.6,1292.9,44038,32655,2281
VARDHACRLC,16-MAR-2021,39.75,39.75,38.55,39.1,26241,20408,115
VARDMNPOLY,16-MAR-2021,21.15,21.2,20.8,21.2,38573,35427,105
VARROC,16-MAR-2021,398.85,399.9,393.5,394.45,34676,18458,1943
VASCONEQ,16-MAR-2021,20.25,20.25,19.0,19.15,317125,235552,814
VASWANI,16-MAR-2021,10.5,10.75,10.15,10.35,43339,37212,171
VBL,16-MAR-2021,964.9,1007.95,964.9,995.8,306905,202544,23320
VEDL,16-MAR-2021,227.0,228.3,221.0,226.5,27174232,13599991,128452
VENKEYS,16-MAR-2021,1617.8,1648.0,1607.75,1619.0,36878,10212,3374
VENUSREM,16-MAR-2021,244.0,254.2,241.2,253.1,118101,59944,2333
VERTOZ,16-MAR-2021,294.0,294.0,274.0,278.9,270778,71594,6026
VESUVIUS,16-MAR-2021,1002.2,1024.0,993.05,1005.45,17897,12850,1141
VETO,16-MAR-2021,142.75,144.0,137.05,138.5,232070,165007,658
VGUARD,16-MAR-2021,236.0,241.2,235.0,238.7,1001009,407628,19520
VHL,16-MAR-2021,1859.05,1890.0,1802.0,1863.55,840,554,223
VIDHIING,16-MAR-2021,140.2,145.0,140.0,142.5,97342,50182,2210
VIJIFIN,16-MAR-2021,0.75,0.75,0.65,0.7,128488,76769,115
VIKASECO,16-MAR-2021,2.4,2.5,2.35,2.5,2273509,1314996,1137
VIKASMCORP,16-MAR-2021,3.5,3.65,3.4,3.45,6340159,2827288,3768
VIKASPROP,16-MAR-2021,2.4,2.5,2.4,2.4,4213985,2416899,2351
VIKASWSP,16-MAR-2021,7.0,7.0,6.5,6.75,742500,431276,703
VIMTALABS,16-MAR-2021,175.95,182.0,170.0,176.3,41051,18570,1520
VINATIORGA,16-MAR-2021,1431.05,1431.05,1410.0,1417.6,38324,27972,3210
VINDHYATEL,16-MAR-2021,846.9,850.0,834.35,837.65,8042,4677,970
VINYLINDIA,16-MAR-2021,127.5,127.5,124.0,125.35,42163,23333,637
VIPIND,16-MAR-2021,386.5,387.15,376.45,379.9,398165,205332,14730
VISAKAIND,16-MAR-2021,509.5,514.8,503.15,510.45,51108,27314,2802
VISASTEEL,16-MAR-2021,7.45,7.8,7.25,7.75,92028,42509,241
VISHAL,16-MAR-2021,75.5,76.3,74.1,76.0,359809,172758,1659
VISHNU,16-MAR-2021,201.1,203.0,195.1,200.05,18820,15612,409
VISHWARAJ,16-MAR-2021,120.1,144.2,120.1,141.85,372001,193973,4074
VIVIMEDLAB,16-MAR-2021,19.4,20.0,18.8,19.05,642323,377291,1980
VLSFINANCE,16-MAR-2021,88.4,88.5,85.5,85.8,41903,25813,866
VMART,16-MAR-2021,2800.0,2828.75,2720.0,2738.85,15366,6081,4034
VOLTAMP,16-MAR-2021,1126.5,1144.75,1115.0,1122.95,10631,5383,1412
VOLTAS,16-MAR-2021,1065.05,1068.0,1025.15,1030.65,1963903,726817,52771
VRLLOG,16-MAR-2021,247.0,254.95,239.05,248.0,175127,67049,5172
VSSL,16-MAR-2021,163.75,163.75,153.35,157.0,292796,270107,1851
VSTIND,16-MAR-2021,3477.0,3496.95,3452.05,3460.3,2503,1298,866
VSTTILLERS,16-MAR-2021,1868.0,1908.45,1850.1,1863.2,16646,10398,4348
VTL,16-MAR-2021,1233.05,1289.75,1225.1,1276.95,58951,26303,7392
WABAG,16-MAR-2021,253.0,259.7,250.25,251.55,321731,117343,7524
WABCOINDIA,16-MAR-2021,6185.0,6293.9,6180.2,6197.15,726,440,327
WALCHANNAG,16-MAR-2021,69.1,72.05,68.6,70.6,662879,163726,11756
WATERBASE,16-MAR-2021,113.15,114.0,111.8,112.3,68150,26979,1555
WEALTH,16-MAR-2021,126.95,128.8,119.2,128.75,65,1,11
WEBELSOLAR,16-MAR-2021,47.0,47.05,45.0,47.05,651533,466830,1974
WEIZMANIND,16-MAR-2021,47.9,48.35,46.2,47.1,8589,5662,174
WELCORP,16-MAR-2021,131.4,133.0,127.5,129.95,1458593,708266,10403
WELENT,16-MAR-2021,125.0,125.85,119.85,121.15,373672,225739,3721
WELINV,16-MAR-2021,378.05,409.9,375.0,402.55,8405,5110,361
WELSPUNIND,16-MAR-2021,84.4,87.0,82.65,83.6,3646763,1409696,20006
WENDT,16-MAR-2021,3273.25,3288.3,3210.65,3232.3,847,746,137
WESTLIFE,16-MAR-2021,522.95,534.45,511.2,516.9,345672,218016,19265
WHEELS,16-MAR-2021,464.0,464.0,455.0,456.25,4359,3108,374
WHIRLPOOL,16-MAR-2021,2440.0,2440.0,2385.5,2397.95,58670,34771,6800
WILLAMAGOR,16-MAR-2021,21.1,21.4,20.75,20.9,5908,4739,58
WINDMACHIN,16-MAR-2021,29.6,30.55,28.35,30.0,660258,364954,1718
WIPRO,16-MAR-2021,427.25,434.95,425.65,429.3,10673647,3699211,104993
WOCKPHARMA,16-MAR-2021,478.25,484.8,467.0,468.15,359945,147353,9059
WONDERLA,16-MAR-2021,214.9,214.9,208.4,209.6,60945,35226,2576
WORTH,16-MAR-2021,55.5,57.05,55.1,55.7,26334,18022,148
WSI,16-MAR-2021,5.0,5.05,4.75,4.9,8884,8327,55
WSTCSTPAPR,16-MAR-2021,244.0,269.4,243.05,256.25,1242823,294423,23018
XCHANGING,16-MAR-2021,69.1,73.9,69.1,70.8,213296,101482,2924
XELPMOC,16-MAR-2021,271.0,284.4,271.0,284.4,25243,14570,1049
XPROINDIA,16-MAR-2021,57.75,59.55,55.0,57.4,84046,69097,369
YAARII,16-MAR-2021,145.0,152.5,141.3,151.6,302091,160684,2846
YESBANK,16-MAR-2021,15.65,15.65,15.4,15.45,53393224,28479555,66819
ZEEL,16-MAR-2021,214.8,215.4,210.0,210.85,9399663,1597140,51521
ZEELEARN,16-MAR-2021,11.4,11.6,11.35,11.4,665085,485020,898
ZEEMEDIA,16-MAR-2021,7.2,7.5,6.85,7.0,2096994,1457800,4212
ZENITHEXPO,16-MAR-2021,70.55,71.25,68.5,68.9,592,436,50
ZENSARTECH,16-MAR-2021,291.85,348.0,291.35,331.65,4233925,760262,82841
ZENTEC,16-MAR-2021,86.9,88.6,85.6,86.25,300857,85231,4351
ZODIACLOTH,16-MAR-2021,106.3,107.2,103.0,103.85,118713,66579,1869
ZODJRDMKJ,16-MAR-2021,27.05,28.95,26.55,27.1,4507,840,266
ZOTA,16-MAR-2021,151.0,151.0,147.05,148.0,11023,3748,139
ZUARI,16-MAR-2021,96.3,98.4,94.3,95.15,79397,35100,2078
ZYDUSWELL,16-MAR-2021,1878.95,1909.0,1869.9,1894.95,115331,78555,7716
