20MICRONS,18-MAR-2021,38.3,38.3,36.25,36.8,72000,43996,637
21STCENMGM,18-MAR-2021,14.0,14.0,14.0,14.0,950,950,10
3IINFOTECH,18-MAR-2021,7.75,8.25,7.65,7.65,17044644,7838636,46804
3MINDIA,18-MAR-2021,28220.0,28434.7,26700.0,27556.45,5536,2597,3652
3PLAND,18-MAR-2021,9.5,9.5,8.6,8.95,4494,4228,74
5PAISA,18-MAR-2021,282.85,282.85,267.9,269.75,16083,8951,443
63MOONS,18-MAR-2021,78.0,78.3,75.0,75.8,63499,36564,934
A2ZINFRA,18-MAR-2021,4.0,4.05,3.8,3.85,264377,189933,373
AARON,18-MAR-2021,63.6,63.9,58.5,59.15,1850,1145,104
AARTIDRUGS,18-MAR-2021,682.4,689.0,668.0,683.3,409208,153895,13858
AARTIIND,18-MAR-2021,1288.0,1304.0,1232.5,1240.75,119276,46680,8125
AARTISURF,18-MAR-2021,985.0,985.0,935.0,939.7,8097,4979,1487
AARVEEDEN,18-MAR-2021,17.2,18.45,17.0,17.35,11275,9319,79
AARVI,18-MAR-2021,54.15,54.15,52.0,52.0,5453,5016,82
AAVAS,18-MAR-2021,2247.75,2247.75,2190.0,2205.55,46501,27912,9954
ABAN,18-MAR-2021,36.1,36.1,34.05,34.05,108395,85256,873
ABB,18-MAR-2021,1454.85,1467.55,1416.15,1427.3,45465,13082,8766
ABBOTINDIA,18-MAR-2021,14725.0,14783.2,14400.0,14484.8,8180,4752,2909
ABCAPITAL,18-MAR-2021,128.7,130.5,121.55,124.6,3157114,1118007,30066
ABFRL,18-MAR-2021,206.05,215.0,199.1,202.75,3001514,1417149,46141
ABMINTLTD,18-MAR-2021,60.5,61.35,55.55,56.05,1379,1161,41
ABSLBANETF,18-MAR-2021,343.8,345.9,332.81,335.18,1279,1057,47
ABSLNN50ET,18-MAR-2021,347.0,369.99,347.0,366.46,91,81,29
ACC,18-MAR-2021,1744.95,1749.0,1711.05,1731.75,933344,451849,22927
ACCELYA,18-MAR-2021,883.75,895.4,875.45,881.4,1830,1161,253
ACCURACY,18-MAR-2021,52.25,54.85,51.1,53.9,20182,14731,119
ACE,18-MAR-2021,167.7,168.3,148.85,154.3,807619,534733,13344
ACRYSIL,18-MAR-2021,337.6,344.75,314.9,319.5,68724,40183,2494
ADANIENT,18-MAR-2021,876.0,891.0,857.75,871.05,4465851,572045,56225
ADANIGREEN,18-MAR-2021,1179.4,1183.0,1120.1,1135.85,269255,121452,18164
ADANIPORTS,18-MAR-2021,695.0,705.5,675.4,679.65,10925357,1781340,134874
ADANIPOWER,18-MAR-2021,90.35,91.4,85.5,89.25,49924318,15485467,185490
ADANITRANS,18-MAR-2021,750.25,785.0,745.0,771.2,901859,356321,35119
ADFFOODS,18-MAR-2021,872.2,892.0,829.15,871.55,39414,17729,3666
ADHUNIKIND,18-MAR-2021,20.3,20.85,19.6,19.95,17676,10044,188
ADORWELD,18-MAR-2021,312.9,316.95,300.1,305.55,20075,10008,820
ADSL,18-MAR-2021,52.7,53.15,48.15,48.5,1040750,388038,5731
ADVANIHOTR,18-MAR-2021,63.05,64.75,60.0,61.55,21326,15234,296
ADVENZYMES,18-MAR-2021,376.0,380.0,358.1,366.55,307874,128365,10221
AEGISCHEM,18-MAR-2021,281.35,292.45,280.0,288.05,303525,147356,9379
AFFLE,18-MAR-2021,5875.0,5877.2,5525.0,5590.8,66470,38207,16760
AGCNET,18-MAR-2021,1025.0,1050.1,1019.7,1028.95,5455,3242,301
AGRITECH,18-MAR-2021,33.9,36.0,33.0,33.75,8769,5536,187
AGROPHOS,18-MAR-2021,10.6,11.95,10.6,10.85,41280,30165,275
AHLADA,18-MAR-2021,99.95,100.4,92.8,93.3,5286,4459,63
AHLEAST,18-MAR-2021,162.75,162.8,156.0,156.7,766,532,58
AHLUCONT,18-MAR-2021,296.8,307.0,291.55,304.0,32066,18423,861
AHLWEST,18-MAR-2021,221.3,226.75,215.0,218.55,1687,907,115
AIAENG,18-MAR-2021,1889.9,1909.95,1815.0,1838.9,113070,89059,4897
AIRAN,18-MAR-2021,16.5,16.5,15.5,15.85,309106,283801,397
AJANTPHARM,18-MAR-2021,1808.35,1808.35,1765.05,1783.6,55722,27579,6884
AJMERA,18-MAR-2021,124.7,125.4,117.5,118.45,65363,22033,3617
AKASH,18-MAR-2021,221.75,221.75,208.65,212.95,57588,2323,889
AKG,18-MAR-2021,100.05,100.05,100.05,100.05,3302,3302,37
AKSHARCHEM,18-MAR-2021,244.8,244.95,237.2,239.15,26893,20686,881
AKSHOPTFBR,18-MAR-2021,6.3,6.45,6.1,6.15,274008,202544,533
AKZOINDIA,18-MAR-2021,2322.5,2336.75,2250.95,2266.8,9548,3948,3030
ALANKIT,18-MAR-2021,16.25,16.25,15.3,15.5,89071,66543,404
ALBERTDAVD,18-MAR-2021,395.1,396.35,385.0,388.1,10628,7084,508
ALEMBICLTD,18-MAR-2021,103.0,103.9,100.4,101.5,648622,419189,7474
ALICON,18-MAR-2021,440.9,440.9,407.0,418.0,13657,11053,373
ALKALI,18-MAR-2021,51.25,51.3,46.25,46.95,23744,17052,362
ALKEM,18-MAR-2021,2628.0,2651.6,2609.15,2629.55,85292,35652,8371
ALKYLAMINE,18-MAR-2021,5380.0,5488.0,5240.0,5445.0,71711,22967,13463
ALLCARGO,18-MAR-2021,132.3,132.75,130.05,131.05,257356,125513,3489
ALLSEC,18-MAR-2021,312.85,320.85,294.45,305.15,11194,8335,390
ALMONDZ,18-MAR-2021,29.55,30.0,28.15,28.65,14764,12438,220
ALOKINDS,18-MAR-2021,21.15,21.25,19.95,20.15,7740310,3809998,10519
ALPA,18-MAR-2021,37.3,38.35,35.15,35.7,31020,22428,392
ALPHAGEO,18-MAR-2021,202.75,202.75,187.0,188.85,17879,13438,783
AMARAJABAT,18-MAR-2021,872.0,883.2,858.6,862.7,650808,187978,23574
AMBER,18-MAR-2021,3440.0,3440.0,3230.0,3268.8,67670,35471,13398
AMBIKCO,18-MAR-2021,1016.4,1024.95,981.0,984.1,19506,11043,2252
AMBUJACEM,18-MAR-2021,283.0,285.95,277.45,281.05,4353319,1420421,44585
AMJLAND,18-MAR-2021,25.4,25.45,24.35,24.8,32458,31218,72
AMRUTANJAN,18-MAR-2021,523.0,529.4,439.4,493.65,275831,65636,9388
ANANTRAJ,18-MAR-2021,54.8,56.05,51.7,51.95,627048,382376,3153
ANDHRACEMT,18-MAR-2021,5.8,5.9,5.75,5.75,302734,152278,577
ANDHRAPAP,18-MAR-2021,240.0,244.0,228.0,232.25,37233,18220,728
ANDHRSUGAR,18-MAR-2021,305.0,310.0,295.55,298.5,47788,27049,2238
ANGELBRKG,18-MAR-2021,323.55,325.0,304.0,305.85,350947,290732,4455
ANIKINDS,18-MAR-2021,16.4,17.5,15.9,16.0,39373,20681,275
ANKITMETAL,18-MAR-2021,1.1,1.15,1.05,1.1,110977,78190,44
ANSALAPI,18-MAR-2021,6.95,7.25,6.65,6.9,466826,375631,447
ANSALHSG,18-MAR-2021,5.95,6.05,5.75,5.9,16670,14559,59
ANUP,18-MAR-2021,630.0,630.0,595.55,599.85,13367,8031,1398
APARINDS,18-MAR-2021,485.0,487.2,455.0,459.75,80119,46979,3611
APCL,18-MAR-2021,214.0,216.4,205.55,206.9,23338,13701,723
APCOTEXIND,18-MAR-2021,181.6,186.45,175.0,177.55,144587,45512,6046
APEX,18-MAR-2021,237.0,237.0,225.0,227.3,63188,35053,2494
APLAPOLLO,18-MAR-2021,1148.75,1227.9,1147.95,1219.6,679388,503459,35840
APLLTD,18-MAR-2021,905.3,919.95,877.55,887.65,218621,96914,13668
APOLLO,18-MAR-2021,107.8,108.6,101.3,103.0,179659,67473,8982
APOLLOHOSP,18-MAR-2021,3026.0,3065.0,2922.0,2958.7,789785,228611,46078
APOLLOPIPE,18-MAR-2021,900.0,900.0,829.15,835.9,67490,33016,4169
APOLLOTYRE,18-MAR-2021,225.7,228.7,208.0,217.05,8433612,1227568,55361
APOLSINHOT,18-MAR-2021,555.05,559.25,508.0,515.7,1614,1033,149
APTECHT,18-MAR-2021,209.0,220.85,208.5,212.4,714180,102099,18408
ARCHIES,18-MAR-2021,11.7,11.7,11.0,11.2,60814,50448,186
ARENTERP,18-MAR-2021,11.0,11.45,10.85,10.85,247,146,10
ARIES,18-MAR-2021,89.9,92.0,84.25,86.1,56585,33725,1406
ARIHANT,18-MAR-2021,21.0,21.05,19.3,19.35,1338,1047,70
ARIHANTSUP,18-MAR-2021,35.4,36.9,34.0,34.9,34038,8874,189
ARMANFIN,18-MAR-2021,661.0,670.05,643.3,662.05,13882,8417,1057
AROGRANITE,18-MAR-2021,45.5,48.8,43.2,43.7,248337,81588,2251
ARSSINFRA,18-MAR-2021,23.75,24.5,23.2,23.25,12728,10534,129
ARTEMISMED,18-MAR-2021,227.0,228.55,215.7,217.6,1214,766,94
ARVIND,18-MAR-2021,72.2,72.8,68.0,68.65,769899,453548,5916
ARVINDFASN,18-MAR-2021,155.75,159.0,147.85,149.65,230442,127873,4321
ARVSMART,18-MAR-2021,96.8,102.95,95.2,96.2,300474,60305,5006
ASAHIINDIA,18-MAR-2021,319.0,319.0,304.1,307.65,38843,27604,1046
ASAHISONG,18-MAR-2021,310.0,335.1,309.65,323.95,84626,50481,2172
ASALCBR,18-MAR-2021,405.3,419.8,393.65,415.15,204023,86579,6680
ASHAPURMIN,18-MAR-2021,117.4,120.0,110.15,110.15,143771,113176,1797
ASHIANA,18-MAR-2021,137.0,143.95,129.55,131.0,285845,149036,4530
ASHIMASYN,18-MAR-2021,16.35,16.85,16.25,16.25,174003,158708,270
ASHOKA,18-MAR-2021,111.2,111.8,102.3,104.55,1029134,361148,15863
ASHOKLEY,18-MAR-2021,119.0,119.8,110.3,113.2,48024851,10860295,160497
ASIANHOTNR,18-MAR-2021,70.35,70.9,68.45,68.5,2761,2009,86
ASIANPAINT,18-MAR-2021,2468.85,2468.85,2390.0,2404.55,1851739,531185,97263
ASIANTILES,18-MAR-2021,170.0,170.0,164.0,166.25,328028,128327,4193
ASPINWALL,18-MAR-2021,189.1,190.7,178.8,180.15,1468,847,79
ASTEC,18-MAR-2021,1130.0,1130.0,1064.55,1074.0,30119,11954,7825
ASTERDM,18-MAR-2021,139.8,140.75,138.0,139.85,182175,109272,2150
ASTRAL,18-MAR-2021,1725.65,1801.0,1700.0,1716.2,418612,213466,44250
ASTRAMICRO,18-MAR-2021,133.8,136.55,122.7,127.2,640582,371196,10054
ASTRAZEN,18-MAR-2021,3226.0,3295.0,3169.05,3181.7,45730,12491,6202
ASTRON,18-MAR-2021,45.8,48.8,43.65,44.75,193659,75452,1359
ATFL,18-MAR-2021,815.0,832.0,800.1,811.3,13707,8350,1078
ATGL,18-MAR-2021,755.0,766.0,715.0,744.8,1585218,1085701,24242
ATLANTA,18-MAR-2021,7.65,7.9,7.5,7.65,23587,19948,73
ATUL,18-MAR-2021,6800.0,6801.0,6580.0,6619.7,15373,9491,4781
ATULAUTO,18-MAR-2021,185.5,189.75,182.05,183.5,53657,25228,2031
AUBANK,18-MAR-2021,1197.0,1210.0,1148.0,1164.9,1008328,243959,33877
AURIONPRO,18-MAR-2021,143.65,145.95,125.35,126.85,107959,62660,2849
AUROPHARMA,18-MAR-2021,835.05,847.9,802.15,807.9,2543138,1046873,79008
AUSOMENT,18-MAR-2021,50.9,50.9,48.5,48.55,7786,7142,89
AUTOAXLES,18-MAR-2021,1195.0,1200.0,1135.55,1163.2,10985,5930,1587
AUTOIND,18-MAR-2021,39.0,39.0,37.2,37.2,151309,125303,611
AVADHSUGAR,18-MAR-2021,195.95,201.9,190.0,192.5,151403,24363,4717
AVANTIFEED,18-MAR-2021,472.45,474.2,459.0,461.8,170272,88502,10122
AVTNPL,18-MAR-2021,45.5,46.0,43.0,44.5,179883,95643,1378
AWHCL,18-MAR-2021,281.5,285.0,269.7,270.95,97995,47419,5677
AXISBANK,18-MAR-2021,736.0,743.1,707.25,718.75,12261544,2791211,171073
AXISBNKETF,18-MAR-2021,343.28,345.45,334.5,335.88,1665,1018,82
AXISCADES,18-MAR-2021,46.2,46.65,43.5,44.35,25770,19345,440
AXISGOLD,18-MAR-2021,39.2,39.59,39.08,39.16,313854,150553,2366
AXISNIFTY,18-MAR-2021,159.89,159.89,150.1,151.09,5831,4661,220
AYMSYNTEX,18-MAR-2021,47.65,49.45,47.65,48.4,6158,4577,274
BAFNAPH,18-MAR-2021,169.5,169.5,169.5,169.5,8799,7995,157
BAGFILMS,18-MAR-2021,2.4,2.4,2.25,2.25,380551,321483,214
BAJAJ-AUTO,18-MAR-2021,3598.0,3692.95,3565.0,3664.5,1285600,266690,84460
BAJAJCON,18-MAR-2021,260.0,272.1,258.45,269.1,1610957,699752,50926
BAJAJELEC,18-MAR-2021,958.95,975.0,931.0,937.0,77681,31101,6430
BAJAJFINSV,18-MAR-2021,9600.0,9735.0,9372.0,9430.15,401135,71945,53374
BAJAJHIND,18-MAR-2021,6.75,6.95,6.35,6.4,8144703,3292452,4470
BAJAJHLDNG,18-MAR-2021,3475.75,3639.0,3431.3,3537.75,51932,14164,8928
BAJFINANCE,18-MAR-2021,5423.0,5545.0,5305.0,5371.85,2339058,515092,148245
BALAJITELE,18-MAR-2021,61.1,61.35,58.2,59.2,451308,163889,4861
BALAMINES,18-MAR-2021,1734.0,1764.65,1610.0,1639.9,138913,55558,13039
BALAXI,18-MAR-2021,564.85,572.0,544.0,551.95,1103,638,165
BALKRISIND,18-MAR-2021,1636.95,1650.0,1575.5,1582.65,634847,184944,31237
BALMLAWRIE,18-MAR-2021,138.7,140.45,130.6,134.3,744309,293871,9536
BALPHARMA,18-MAR-2021,56.5,58.95,53.2,53.95,53533,37149,666
BALRAMCHIN,18-MAR-2021,198.0,205.9,198.0,201.4,2581943,676932,37145
BANARBEADS,18-MAR-2021,56.35,56.65,53.3,53.65,6499,2355,209
BANARISUG,18-MAR-2021,1845.0,1845.0,1680.0,1697.55,3209,550,983
BANCOINDIA,18-MAR-2021,156.4,157.7,140.55,145.4,364196,173172,11553
BANDHANBNK,18-MAR-2021,340.0,343.1,332.4,337.7,7645856,2015678,63309
BANG,18-MAR-2021,29.5,29.5,27.3,27.7,2604,1908,130
BANKA,18-MAR-2021,66.9,68.6,63.65,64.4,5269,3765,97
BANKBARODA,18-MAR-2021,75.9,76.95,70.9,71.95,61825454,14943176,134570
BANKBEES,18-MAR-2021,348.64,349.21,337.64,339.81,1607307,625062,16343
BANKINDIA,18-MAR-2021,69.6,70.1,64.65,65.3,5656035,1589364,23170
BANSWRAS,18-MAR-2021,116.8,118.7,112.05,112.85,11841,8164,248
BASF,18-MAR-2021,2170.0,2219.0,2060.0,2077.55,32556,13358,4911
BASML,18-MAR-2021,67.95,68.75,64.55,67.55,60724,41264,790
BATAINDIA,18-MAR-2021,1490.2,1497.0,1450.05,1470.85,498162,205642,18735
BAYERCROP,18-MAR-2021,5125.0,5172.1,5035.0,5063.45,9308,4949,2780
BBL,18-MAR-2021,1175.1,1205.0,1125.1,1170.0,16567,7175,2065
BBTC,18-MAR-2021,1180.35,1220.0,1152.0,1160.05,173798,41948,12525
BCG,18-MAR-2021,9.75,9.75,9.1,9.1,2721036,1804804,2218
BCLIND,18-MAR-2021,107.15,110.5,102.0,103.65,57911,35309,1672
BCP,18-MAR-2021,3.75,3.8,3.6,3.6,1142319,785989,858
BDL,18-MAR-2021,350.5,353.0,337.65,342.0,259873,106700,6532
BEARDSELL,18-MAR-2021,9.5,9.95,9.25,9.8,5287,4784,34
BECTORFOOD,18-MAR-2021,370.85,370.85,349.05,352.4,421042,160406,12971
BEDMUTHA,18-MAR-2021,23.0,23.55,22.35,22.35,4293,2609,46
BEL,18-MAR-2021,134.35,135.5,128.05,129.8,15117744,6400172,64697
BEML,18-MAR-2021,1397.65,1404.8,1276.75,1306.65,935260,169776,42473
BEPL,18-MAR-2021,156.9,157.25,140.25,147.3,1050697,442270,11785
BERGEPAINT,18-MAR-2021,722.5,728.95,698.9,704.9,608978,126519,18092
BESTAGRO,18-MAR-2021,405.0,425.0,355.75,378.25,11717,5926,805
BFINVEST,18-MAR-2021,311.45,312.9,281.8,287.5,25519,10968,1076
BFUTILITIE,18-MAR-2021,272.0,274.0,255.45,258.95,163156,54234,4765
BGRENERGY,18-MAR-2021,46.7,48.5,45.5,46.3,159813,73491,1488
BHAGERIA,18-MAR-2021,170.1,171.9,159.15,161.2,102203,66499,1886
BHAGYAPROP,18-MAR-2021,28.75,28.75,28.4,28.5,13402,12885,42
BHARATFORG,18-MAR-2021,602.05,605.0,581.5,587.1,1811009,484329,25710
BHARATGEAR,18-MAR-2021,77.55,80.75,77.5,78.5,22902,10715,542
BHARATRAS,18-MAR-2021,9644.0,9750.0,9585.0,9641.15,1418,738,729
BHARTIARTL,18-MAR-2021,529.85,532.2,515.35,527.2,12235615,3969755,168190
BHEL,18-MAR-2021,52.2,53.8,50.6,52.1,158412104,18721765,238551
BIGBLOC,18-MAR-2021,100.95,100.95,100.95,100.95,9388,5600,149
BIL,18-MAR-2021,148.3,149.4,146.0,147.0,2825,2726,44
BINDALAGRO,18-MAR-2021,17.7,17.75,16.55,16.85,69663,42382,461
BIOCON,18-MAR-2021,390.0,392.95,383.25,389.15,2764770,1151129,27645
BIRLACABLE,18-MAR-2021,67.15,69.8,62.0,63.4,402227,115225,5639
BIRLACORPN,18-MAR-2021,832.0,842.4,780.0,789.1,215190,143566,15021
BIRLAMONEY,18-MAR-2021,44.65,45.9,43.15,43.45,245278,65924,2792
BIRLATYRE,18-MAR-2021,26.9,27.0,25.1,25.2,316332,207693,2585
BKMINDST,18-MAR-2021,1.05,1.05,1.0,1.05,120064,88809,79
BLISSGVS,18-MAR-2021,110.75,112.95,104.25,107.95,2233873,725818,20901
BLS,18-MAR-2021,106.0,108.4,104.5,105.2,175014,94095,5089
BLUEDART,18-MAR-2021,5175.0,5384.0,5174.0,5227.35,19653,7288,4582
BLUESTARCO,18-MAR-2021,888.0,906.0,849.65,863.05,99857,46535,7531
BODALCHEM,18-MAR-2021,94.9,96.0,87.3,90.4,2040071,557457,29766
BOMDYEING,18-MAR-2021,77.2,78.85,73.35,75.15,3485145,570959,25757
BOROLTD,18-MAR-2021,174.9,174.9,163.5,166.3,128595,86624,2699
BORORENEW,18-MAR-2021,265.1,270.0,250.0,254.55,325777,197343,9379
BOSCHLTD,18-MAR-2021,14845.05,14845.05,14152.65,14218.55,35767,8706,9669
BPCL,18-MAR-2021,435.0,438.5,423.8,426.9,13180981,6233343,116943
BPL,18-MAR-2021,27.0,27.0,25.3,25.4,97305,63719,755
BRFL,18-MAR-2021,7.85,7.9,7.5,7.7,172814,129363,1227
BRIGADE,18-MAR-2021,272.95,274.65,252.0,259.7,211858,118062,11412
BRITANNIA,18-MAR-2021,3480.0,3487.9,3427.4,3439.65,430166,226735,36056
BRNL,18-MAR-2021,32.4,32.4,31.05,31.3,49039,31658,703
BROOKS,18-MAR-2021,56.5,57.85,52.5,52.9,15713,10553,310
BSE,18-MAR-2021,577.0,578.0,566.2,571.0,235637,139638,6151
BSELINFRA,18-MAR-2021,1.0,1.0,0.95,0.95,16471,15471,17
BSL,18-MAR-2021,39.4,39.85,35.1,35.85,22892,9851,246
BSLGOLDETF,18-MAR-2021,4159.95,4169.95,4111.65,4113.65,431,322,83
BSLNIFTY,18-MAR-2021,162.68,164.7,159.88,159.88,312,201,31
BSOFT,18-MAR-2021,247.9,252.2,237.15,241.35,1100998,483707,25997
BURGERKING,18-MAR-2021,137.45,138.65,133.0,137.0,2676864,1802364,24945
BUTTERFLY,18-MAR-2021,579.0,589.85,549.0,557.5,82600,28452,11475
BYKE,18-MAR-2021,23.15,23.9,21.25,21.6,262913,158033,1354
CADILAHC,18-MAR-2021,430.8,433.0,418.0,419.75,1719710,524351,29067
CALSOFT,18-MAR-2021,9.2,9.2,8.85,8.9,12583,11218,82
CAMLINFINE,18-MAR-2021,136.8,139.85,132.45,134.1,511646,217225,8644
CAMS,18-MAR-2021,1865.0,1880.0,1835.6,1865.0,70737,35247,13150
CANBK,18-MAR-2021,152.8,154.8,143.1,146.6,20262104,2606432,73355
CANFINHOME,18-MAR-2021,581.0,582.25,558.6,568.5,893766,561571,28841
CANTABIL,18-MAR-2021,375.65,378.9,372.05,374.95,117031,28323,4751
CAPACITE,18-MAR-2021,206.0,209.05,191.15,196.95,212747,109853,5681
CAPLIPOINT,18-MAR-2021,440.05,445.95,429.0,432.15,232327,152758,6262
CARBORUNIV,18-MAR-2021,506.0,507.4,476.0,481.45,154702,52596,10465
CAREERP,18-MAR-2021,139.85,152.45,139.85,141.4,69346,25770,1082
CARERATING,18-MAR-2021,442.0,447.95,437.0,439.75,322617,261321,5998
CASTROLIND,18-MAR-2021,125.25,126.3,121.2,122.55,1109118,612337,10799
CCHHL,18-MAR-2021,4.75,4.75,4.35,4.5,55117,33828,118
CCL,18-MAR-2021,248.0,249.85,237.8,240.8,79927,41730,5675
CDSL,18-MAR-2021,620.0,631.35,593.2,603.2,1124201,383073,40852
CEATLTD,18-MAR-2021,1545.45,1572.0,1506.45,1524.05,164001,34120,12746
CENTENKA,18-MAR-2021,278.0,280.75,260.1,264.45,84635,46540,2811
CENTEXT,18-MAR-2021,4.25,4.35,4.05,4.3,145231,93142,273
CENTRALBK,18-MAR-2021,18.0,18.3,17.1,17.1,8879003,4934097,14678
CENTRUM,18-MAR-2021,27.6,28.1,26.2,26.95,5271604,1808253,8002
CENTUM,18-MAR-2021,434.75,439.9,407.6,411.1,8789,2269,618
CENTURYPLY,18-MAR-2021,306.0,311.5,300.0,304.65,115219,68022,2979
CENTURYTEX,18-MAR-2021,492.5,497.0,472.0,476.8,290919,91111,7850
CERA,18-MAR-2021,3952.0,4013.65,3771.0,3886.1,6792,2652,2616
CEREBRAINT,18-MAR-2021,56.0,56.0,51.9,52.7,1069756,439838,5376
CESC,18-MAR-2021,615.55,618.7,597.15,602.7,211730,89796,13008
CGCL,18-MAR-2021,353.65,370.0,350.0,353.9,93079,11561,6794
CGPOWER,18-MAR-2021,61.45,61.5,57.2,57.55,4026894,2542892,10572
CHALET,18-MAR-2021,165.0,168.4,155.1,159.35,291151,109168,5901
CHAMBLFERT,18-MAR-2021,228.6,230.65,213.7,217.05,979873,426929,22615
CHEMBOND,18-MAR-2021,203.2,203.75,188.95,191.7,17166,10887,796
CHEMCON,18-MAR-2021,436.8,439.95,421.35,423.45,201172,92949,7144
CHEMFAB,18-MAR-2021,128.1,134.9,123.15,124.8,53849,14929,1447
CHENNPETRO,18-MAR-2021,112.1,112.45,102.45,105.25,1009487,403523,17496
CHOLAFIN,18-MAR-2021,534.5,539.95,516.4,527.65,2318387,484696,46627
CHOLAHLDNG,18-MAR-2021,595.5,609.0,588.2,596.4,70122,32358,8292
CIGNITITEC,18-MAR-2021,334.35,339.25,317.0,319.45,49484,23533,1968
CINELINE,18-MAR-2021,36.8,36.95,35.2,35.7,39298,24335,396
CINEVISTA,18-MAR-2021,6.4,6.4,5.65,6.3,36217,13471,64
CIPLA,18-MAR-2021,776.0,778.45,750.85,755.15,2894624,1030659,71821
CLEDUCATE,18-MAR-2021,83.0,88.45,75.5,80.45,238995,172955,1794
CLNINDIA,18-MAR-2021,391.2,391.2,371.0,374.7,66497,36472,3199
COALINDIA,18-MAR-2021,141.5,141.75,136.2,137.05,14401450,5140648,74671
COCHINSHIP,18-MAR-2021,365.0,368.8,356.85,360.3,186981,82918,8242
COFORGE,18-MAR-2021,2953.9,2989.95,2840.85,2874.4,468053,41172,32793
COLPAL,18-MAR-2021,1595.55,1601.55,1565.0,1573.7,258831,103324,27739
COMPINFO,18-MAR-2021,18.0,18.45,16.75,17.1,266887,132556,1698
COMPUSOFT,18-MAR-2021,9.2,9.25,8.85,9.0,41182,33350,141
CONCOR,18-MAR-2021,552.0,557.8,527.9,545.7,4099158,1575730,110272
CONFIPET,18-MAR-2021,45.2,45.35,42.5,42.7,795846,331851,5124
CONSOFINVT,18-MAR-2021,60.0,61.95,53.25,53.5,9428,5410,119
CONTROLPR,18-MAR-2021,233.9,276.7,229.4,264.6,107589,65854,1996
CORALFINAC,18-MAR-2021,21.95,22.8,21.5,21.55,18795,12574,116
CORDSCABLE,18-MAR-2021,43.2,43.4,41.1,41.85,44890,31041,565
COROMANDEL,18-MAR-2021,765.05,774.15,740.0,747.55,195267,107019,13501
COSMOFILMS,18-MAR-2021,616.0,623.0,570.9,584.1,192300,90538,7054
CPSEETF,18-MAR-2021,23.65,23.65,22.51,23.0,7158014,6054396,7711
CREATIVE,18-MAR-2021,108.05,109.5,101.1,101.95,14710,4339,239
CREATIVEYE,18-MAR-2021,2.75,2.75,2.75,2.75,7000,7000,1
CREDITACC,18-MAR-2021,697.45,704.5,668.0,680.35,299727,256757,16862
CREST,18-MAR-2021,91.35,92.7,85.3,87.8,8876,3912,326
CRISIL,18-MAR-2021,1918.0,1937.35,1889.2,1910.35,8332,4137,2207
CROMPTON,18-MAR-2021,390.9,400.65,377.2,379.95,2486638,1660723,40990
CSBBANK,18-MAR-2021,248.0,253.85,242.9,245.25,236719,98211,10639
CTE,18-MAR-2021,31.1,31.1,30.0,30.1,8409,6665,125
CUB,18-MAR-2021,170.0,173.2,160.05,167.3,4038162,1729423,41170
CUBEXTUB,18-MAR-2021,20.45,20.45,18.7,19.0,11302,8534,117
CUMMINSIND,18-MAR-2021,850.2,872.0,848.05,858.3,1822115,504265,34869
CUPID,18-MAR-2021,224.7,227.85,215.9,217.25,91724,49508,3449
CYBERTECH,18-MAR-2021,132.0,134.15,122.0,126.75,173669,85724,3203
CYIENT,18-MAR-2021,677.75,682.25,637.55,660.85,705587,174891,40767
DAAWAT,18-MAR-2021,59.5,60.8,54.4,56.6,2533886,881287,13219
DABUR,18-MAR-2021,528.85,529.95,519.6,521.9,1333801,665991,32775
DALBHARAT,18-MAR-2021,1562.4,1589.0,1515.25,1572.5,386445,169778,24769
DALMIASUG,18-MAR-2021,165.95,170.0,161.55,162.6,242924,103930,6954
DAMODARIND,18-MAR-2021,28.95,29.0,25.1,25.5,62852,44373,525
DANGEE,18-MAR-2021,131.35,131.65,128.5,129.8,18940,5607,142
DATAMATICS,18-MAR-2021,125.8,127.9,112.35,115.65,768625,272433,15508
DBCORP,18-MAR-2021,95.3,97.05,92.3,94.05,169190,79718,2302
DBL,18-MAR-2021,624.55,658.0,601.55,613.4,492010,75940,24740
DBSTOCKBRO,18-MAR-2021,9.0,9.35,8.0,8.25,14605,11182,122
DCAL,18-MAR-2021,121.1,123.0,116.15,117.2,411928,213885,7844
DCBBANK,18-MAR-2021,112.8,112.95,106.4,106.85,935442,336465,10221
DCM,18-MAR-2021,26.3,26.3,24.3,24.45,26670,19956,218
DCMSHRIRAM,18-MAR-2021,534.35,549.7,520.3,525.1,74692,42983,3809
DCW,18-MAR-2021,28.55,28.95,24.8,26.15,3742697,971164,9611
DECCANCE,18-MAR-2021,415.8,415.8,389.85,393.05,45499,29754,2765
DEEPAKFERT,18-MAR-2021,245.95,249.45,220.0,231.9,1783253,529772,29888
DEEPAKNTR,18-MAR-2021,1537.95,1564.9,1460.25,1484.35,1149967,217576,76017
DEEPENR,18-MAR-2021,37.25,38.2,36.45,36.75,27620,17034,388
DELTACORP,18-MAR-2021,190.0,192.4,172.65,175.75,6077886,1756396,53881
DELTAMAGNT,18-MAR-2021,32.15,33.3,31.1,31.1,4971,3045,93
DEN,18-MAR-2021,58.1,58.7,56.05,56.7,500425,286886,3003
DENORA,18-MAR-2021,260.8,265.0,253.5,258.15,17722,11413,600
DFMFOODS,18-MAR-2021,385.0,398.0,373.35,382.25,31482,16733,1932
DGCONTENT,18-MAR-2021,8.8,8.8,8.05,8.1,70146,58250,145
DHAMPURSUG,18-MAR-2021,185.75,190.5,179.0,181.7,523050,122266,9138
DHANBANK,18-MAR-2021,16.15,16.25,15.05,15.3,1656275,879084,3272
DHANI,18-MAR-2021,282.9,287.7,262.6,267.3,2503276,1733001,22277
DHANUKA,18-MAR-2021,730.0,730.0,704.95,707.85,35145,16084,5228
DHARSUGAR,18-MAR-2021,6.65,7.15,6.6,6.6,27455,17476,117
DHFL,18-MAR-2021,19.4,20.1,18.25,18.25,2561809,1513421,6989
DHUNINV,18-MAR-2021,274.5,274.95,260.05,261.5,2175,953,347
DIAMONDYD,18-MAR-2021,658.15,664.0,635.0,638.5,5896,3999,661
DICIND,18-MAR-2021,398.6,401.9,392.0,393.8,5975,4452,256
DISHTV,18-MAR-2021,10.4,10.6,9.7,10.1,4936901,2297255,24225
DIVISLAB,18-MAR-2021,3398.95,3398.95,3255.1,3272.9,622941,184513,61939
DIXON,18-MAR-2021,4104.9,4457.7,4104.9,4240.3,926780,336441,197114
DLF,18-MAR-2021,295.6,298.35,282.8,288.2,10848676,1029804,74645
DLINKINDIA,18-MAR-2021,107.55,108.95,103.1,104.1,313510,94150,6706
DMART,18-MAR-2021,3045.0,3074.9,2980.0,3034.6,354857,107411,27799
DNAMEDIA,18-MAR-2021,0.85,0.85,0.75,0.8,64581,58203,73
DOLAT,18-MAR-2021,59.85,59.95,56.25,56.85,580649,112661,7063
DOLLAR,18-MAR-2021,247.0,248.95,236.65,244.1,120706,94311,1987
DONEAR,18-MAR-2021,33.4,34.0,32.0,32.6,100389,24322,1828
DPABHUSHAN,18-MAR-2021,118.55,121.0,116.0,116.65,6470,4461,97
DPSCLTD,18-MAR-2021,12.8,13.15,12.1,12.35,29578,25444,188
DPWIRES,18-MAR-2021,114.4,114.4,108.2,109.5,3660,2834,144
DREDGECORP,18-MAR-2021,365.1,369.2,342.5,346.8,164289,51205,5241
DRREDDY,18-MAR-2021,4370.0,4378.5,4195.05,4212.75,1210907,482673,82559
DSSL,18-MAR-2021,72.35,74.5,68.1,71.4,54455,34353,719
DTIL,18-MAR-2021,273.9,273.9,258.4,260.15,5227,3287,230
DUCON,18-MAR-2021,6.1,6.1,6.1,6.1,150048,146299,73
DVL,18-MAR-2021,99.05,99.7,90.0,91.1,36540,22957,896
DWARKESH,18-MAR-2021,33.05,34.4,31.75,32.2,1749410,637543,5255
DYNAMATECH,18-MAR-2021,930.95,930.95,858.55,883.8,11323,8217,888
DYNPRO,18-MAR-2021,489.0,494.4,462.4,478.2,66466,40580,2752
EBANK,18-MAR-2021,3858.4,3858.4,3619.0,3858.4,8,5,6
EBBETF0423,18-MAR-2021,1108.08,1109.5,1100.08,1107.24,10037,9178,80
EBBETF0425,18-MAR-2021,1015.5,1015.5,1013.01,1013.28,44573,43090,149
EBBETF0430,18-MAR-2021,1112.94,1112.94,1108.0,1109.91,5370,4217,336
EBBETF0431,18-MAR-2021,997.95,998.0,994.12,994.9,10889,10715,227
EBIXFOREX,18-MAR-2021,491.0,492.35,461.3,468.15,1302,784,152
ECLERX,18-MAR-2021,1030.0,1033.2,967.0,974.85,60118,23705,5654
EDELWEISS,18-MAR-2021,80.25,82.45,80.15,80.15,11817253,7181904,13635
EICHERMOT,18-MAR-2021,2665.6,2697.95,2635.0,2664.6,1066000,373795,64600
EIDPARRY,18-MAR-2021,345.0,348.65,337.7,340.2,121659,60150,3914
EIHAHOTELS,18-MAR-2021,266.9,267.9,255.25,261.25,5323,2963,412
EIHOTEL,18-MAR-2021,100.6,103.15,98.55,99.3,633005,300484,8811
EIMCOELECO,18-MAR-2021,339.4,354.55,338.5,340.3,1205,328,347
EKC,18-MAR-2021,77.3,78.3,70.0,71.8,693016,355680,8318
ELECON,18-MAR-2021,64.15,64.7,55.8,58.1,906632,408328,7442
ELECTCAST,18-MAR-2021,24.8,25.05,24.0,24.15,814162,576752,1691
ELECTHERM,18-MAR-2021,112.05,113.55,108.45,109.35,11524,7223,378
ELGIEQUIP,18-MAR-2021,198.0,199.35,189.0,191.7,109284,64192,4204
ELGIRUBCO,18-MAR-2021,29.05,30.2,28.55,29.0,25925,14064,235
EMAMILTD,18-MAR-2021,487.3,495.0,470.0,484.75,471084,259685,13739
EMAMIPAP,18-MAR-2021,145.0,154.15,141.1,153.4,2146697,246043,32849
EMAMIREAL,18-MAR-2021,49.45,49.45,47.7,48.5,28846,23136,326
EMKAY,18-MAR-2021,72.15,80.0,67.3,77.0,189473,106672,3014
EMMBI,18-MAR-2021,76.6,80.05,75.35,79.0,167784,73958,1819
ENDURANCE,18-MAR-2021,1390.5,1427.55,1390.5,1418.9,101583,64342,11094
ENGINERSIN,18-MAR-2021,77.95,78.5,75.35,76.35,2667737,949728,14087
ENIL,18-MAR-2021,166.6,167.2,156.4,157.2,73191,47443,1240
EPL,18-MAR-2021,229.8,230.0,216.25,217.4,413294,234356,11262
EQ30,18-MAR-2021,425.0,431.24,425.0,431.24,126,126,4
EQUITAS,18-MAR-2021,87.9,88.5,81.15,85.25,2246747,1075874,19618
EQUITASBNK,18-MAR-2021,57.5,58.7,54.35,55.0,1173472,740508,8918
ERIS,18-MAR-2021,603.0,614.45,585.2,594.4,140293,68555,14785
EROSMEDIA,18-MAR-2021,27.5,28.2,25.5,25.95,276352,173718,1819
ESABINDIA,18-MAR-2021,1866.95,1876.65,1795.0,1820.5,5018,3146,1325
ESCORTS,18-MAR-2021,1339.0,1348.4,1302.0,1319.45,1120507,176501,43533
ESSARSHPNG,18-MAR-2021,9.1,9.5,8.65,9.05,55259,30701,280
ESTER,18-MAR-2021,115.95,118.65,111.3,113.15,381132,138133,8438
EVEREADY,18-MAR-2021,277.0,282.5,256.75,261.0,510070,248083,14567
EVERESTIND,18-MAR-2021,304.9,308.0,295.1,298.85,30984,16176,1407
EXCEL,18-MAR-2021,2.7,2.7,2.55,2.6,38098,26600,106
EXCELINDUS,18-MAR-2021,868.5,876.95,840.1,847.75,14693,7005,3553
EXIDEIND,18-MAR-2021,194.1,196.2,186.7,188.4,4997498,2128532,48971
EXPLEOSOL,18-MAR-2021,544.95,545.25,507.1,512.0,19373,11287,1008
FACT,18-MAR-2021,108.65,115.0,102.0,105.3,446289,143443,6895
FAIRCHEMOR,18-MAR-2021,658.0,658.0,620.0,638.1,13092,9622,602
FCL,18-MAR-2021,61.85,61.85,57.8,59.05,386748,274225,2530
FCONSUMER,18-MAR-2021,7.45,7.55,7.05,7.1,3990638,2264587,15242
FDC,18-MAR-2021,284.0,290.0,275.1,277.35,153288,81136,3842
FEDERALBNK,18-MAR-2021,81.0,82.1,76.7,77.75,24059775,5800293,64379
FEL,18-MAR-2021,10.0,10.25,9.3,9.5,1293676,780421,2406
FELDVR,18-MAR-2021,12.6,13.2,11.7,11.9,64057,36876,431
FIEMIND,18-MAR-2021,585.0,595.15,567.0,574.05,10837,5879,978
FILATEX,18-MAR-2021,68.0,69.0,64.0,67.8,635527,421353,2326
FINCABLES,18-MAR-2021,396.4,399.5,375.25,385.35,338237,158186,5867
FINEORG,18-MAR-2021,2294.8,2294.8,2198.8,2219.5,21848,10684,5035
FINPIPE,18-MAR-2021,624.2,628.5,607.0,617.4,52621,26390,4087
FLFL,18-MAR-2021,74.35,75.6,70.9,71.75,284080,178831,2523
FLUOROCHEM,18-MAR-2021,590.25,615.0,575.1,581.75,36777,17668,2291
FMGOETZE,18-MAR-2021,300.6,301.5,291.0,293.1,14213,10793,292
FMNL,18-MAR-2021,16.4,16.85,15.5,15.55,68564,41768,404
FORCEMOT,18-MAR-2021,1265.0,1273.95,1200.0,1215.85,24786,10479,3344
FORTIS,18-MAR-2021,190.0,193.7,186.5,188.45,7162945,2494978,59144
FOSECOIND,18-MAR-2021,1204.85,1217.15,1176.4,1182.35,1289,843,278
FRETAIL,18-MAR-2021,64.5,66.3,60.55,62.1,3854733,1943095,31037
FSC,18-MAR-2021,87.7,90.0,84.15,84.15,94734,68091,1571
FSL,18-MAR-2021,115.85,118.65,108.1,110.95,8235593,2243810,54776
G5,18-MAR-2021,47.0,47.0,47.0,47.0,22826,22826,36
GABRIEL,18-MAR-2021,112.9,112.9,109.15,111.05,414369,217750,7175
GAEL,18-MAR-2021,138.05,140.25,130.1,131.8,320389,105288,5294
GAIL,18-MAR-2021,139.1,141.8,132.4,135.1,17963294,2727706,79601
GAL,18-MAR-2021,2.35,2.35,2.2,2.25,35704,25817,100
GALAXYSURF,18-MAR-2021,2362.0,2380.0,2293.0,2359.65,14460,7195,3227
GALLANTT,18-MAR-2021,50.0,51.75,45.0,46.1,197345,92147,1911
GALLISPAT,18-MAR-2021,38.1,39.2,37.3,38.05,28361,17079,335
GAMMNINFRA,18-MAR-2021,0.75,0.8,0.75,0.75,4398079,3302392,1758
GANDHITUBE,18-MAR-2021,270.8,273.0,261.0,264.45,3458,2173,243
GANECOS,18-MAR-2021,597.15,606.85,543.25,587.45,57604,34007,4681
GANESHHOUC,18-MAR-2021,51.95,54.4,51.95,53.0,106369,76619,704
GANGESSECU,18-MAR-2021,62.3,62.55,57.5,59.85,932,803,45
GARFIBRES,18-MAR-2021,2451.45,2458.0,2283.1,2361.6,23189,12682,5171
GATI,18-MAR-2021,111.3,114.2,103.0,104.9,1441725,494144,16696
GAYAPROJ,18-MAR-2021,33.0,33.45,29.8,30.55,936548,529383,3022
GBGLOBAL,18-MAR-2021,7.95,7.95,7.25,7.25,5393,4245,50
GDL,18-MAR-2021,180.0,182.8,175.0,177.95,132104,103687,1933
GEECEE,18-MAR-2021,99.55,100.95,97.05,97.1,9608,8806,129
GEEKAYWIRE,18-MAR-2021,78.2,80.5,75.4,78.8,11639,10955,53
GENCON,18-MAR-2021,50.25,52.45,48.1,49.85,85962,81441,301
GENUSPAPER,18-MAR-2021,8.1,8.1,7.5,7.65,453135,290694,699
GENUSPOWER,18-MAR-2021,52.55,53.3,49.0,49.8,667217,270864,3632
GEOJITFSL,18-MAR-2021,54.0,54.7,51.65,52.4,353698,217411,3112
GEPIL,18-MAR-2021,279.1,282.3,236.5,262.4,153605,68362,5558
GESHIP,18-MAR-2021,320.1,326.8,310.0,314.85,181713,101900,8709
GET&D,18-MAR-2021,125.0,127.15,118.05,118.6,153442,71658,3182
GFLLIMITED,18-MAR-2021,85.45,101.1,85.45,96.35,2389820,605976,28712
GFSTEELS,18-MAR-2021,1.95,1.95,1.95,1.95,2035,2035,5
GHCL,18-MAR-2021,238.9,248.0,222.05,228.5,484216,140389,11535
GICHSGFIN,18-MAR-2021,126.95,127.9,118.6,119.4,462812,226492,6310
GICRE,18-MAR-2021,229.6,238.0,219.5,225.85,2079094,490842,38664
GILLANDERS,18-MAR-2021,46.05,47.05,44.8,45.6,14890,14037,187
GILLETTE,18-MAR-2021,5647.95,5647.95,5582.0,5607.15,6898,4714,1687
GINNIFILA,18-MAR-2021,20.75,21.8,20.4,20.6,261693,163369,898
GIPCL,18-MAR-2021,81.2,81.6,74.25,76.35,938730,360657,11866
GISOLUTION,18-MAR-2021,2.95,3.05,2.95,3.05,11209,11207,41
GKWLIMITED,18-MAR-2021,520.0,533.0,505.3,509.95,2226,405,767
GLAND,18-MAR-2021,2555.0,2570.85,2430.05,2467.1,204798,77675,22774
GLAXO,18-MAR-2021,1425.0,1434.95,1390.0,1402.75,24156,13883,2849
GLENMARK,18-MAR-2021,462.0,463.5,446.65,455.8,2539125,1005207,42537
GLFL,18-MAR-2021,2.75,2.75,2.75,2.75,6963,4963,17
GLOBAL,18-MAR-2021,46.75,46.8,42.75,43.0,2412,1657,77
GLOBUSSPR,18-MAR-2021,326.95,329.0,310.2,314.8,60624,32294,2714
GMBREW,18-MAR-2021,412.3,419.0,401.0,403.45,8715,5162,594
GMDCLTD,18-MAR-2021,57.5,57.8,55.05,55.65,1262308,436250,8028
GMMPFAUDLR,18-MAR-2021,4380.0,4380.0,4118.85,4187.9,85184,31367,15163
GMRINFRA,18-MAR-2021,26.6,26.8,24.75,25.35,24358167,8550240,47425
GNA,18-MAR-2021,375.35,376.8,363.0,364.2,42411,24587,2394
GNFC,18-MAR-2021,306.0,312.75,295.05,302.85,1107410,381814,16093
GOACARBON,18-MAR-2021,310.7,314.3,282.0,296.35,37738,16728,3046
GOCLCORP,18-MAR-2021,228.05,234.5,218.05,222.5,10193,7297,331
GODFRYPHLP,18-MAR-2021,883.9,891.7,874.0,882.85,53909,29164,3138
GODHA,18-MAR-2021,52.1,52.1,48.75,48.8,1258,979,26
GODREJAGRO,18-MAR-2021,484.6,493.0,480.25,486.3,122678,66339,8784
GODREJCP,18-MAR-2021,662.0,664.0,654.15,660.45,2245397,1208783,32301
GODREJIND,18-MAR-2021,514.75,516.55,498.0,508.15,318377,89589,11064
GODREJPROP,18-MAR-2021,1406.0,1418.0,1331.35,1346.05,911506,206591,35640
GOKEX,18-MAR-2021,83.75,84.9,78.35,80.4,225375,120103,4294
GOKUL,18-MAR-2021,18.6,19.25,18.1,18.3,159736,10744,890
GOKULAGRO,18-MAR-2021,22.7,23.0,21.65,21.95,82174,51150,530
GOLDBEES,18-MAR-2021,39.64,39.64,39.06,39.17,10750922,8042694,22562
GOLDENTOBC,18-MAR-2021,45.3,45.5,40.4,42.15,8994,5318,251
GOLDIAM,18-MAR-2021,329.0,333.95,310.3,321.1,57597,26971,2701
GOLDSHARE,18-MAR-2021,4052.35,4088.0,4041.0,4052.7,4432,3334,680
GOODLUCK,18-MAR-2021,68.95,68.95,64.0,64.95,66310,32605,1333
GOODYEAR,18-MAR-2021,934.6,938.8,911.1,919.55,10969,7253,1009
GPIL,18-MAR-2021,610.2,674.0,608.45,622.6,794738,214705,31130
GPPL,18-MAR-2021,100.8,102.5,95.0,96.85,516217,207979,9270
GPTINFRA,18-MAR-2021,40.6,40.6,38.35,38.95,14392,9913,166
GRANULES,18-MAR-2021,326.0,326.7,303.0,305.8,3901628,1371097,55990
GRAPHITE,18-MAR-2021,504.95,524.0,490.6,518.9,2473575,779689,56226
GRASIM,18-MAR-2021,1392.0,1399.9,1372.0,1387.8,1790541,380007,52552
GRAVITA,18-MAR-2021,98.5,102.15,91.6,98.15,329592,150032,5502
GREAVESCOT,18-MAR-2021,129.2,131.7,122.75,126.65,1950603,852459,26371
GREENLAM,18-MAR-2021,924.95,940.0,914.0,921.4,2647,1857,341
GREENPANEL,18-MAR-2021,170.0,174.9,165.75,165.75,705928,624857,7872
GREENPLY,18-MAR-2021,175.1,178.95,161.0,166.1,291718,166882,6574
GRINDWELL,18-MAR-2021,910.0,922.0,851.0,864.6,30696,15992,3876
GROBTEA,18-MAR-2021,926.3,931.55,886.0,886.0,795,589,172
GRPLTD,18-MAR-2021,868.05,868.05,831.5,840.45,1128,375,237
GRSE,18-MAR-2021,199.1,201.0,189.0,189.9,159484,88291,3605
GSCLCEMENT,18-MAR-2021,35.5,36.3,34.2,34.65,140509,88642,1038
GSFC,18-MAR-2021,87.2,88.65,82.4,84.0,1915973,528998,17399
GSPL,18-MAR-2021,266.0,272.4,256.65,261.05,974908,604042,16703
GSS,18-MAR-2021,58.0,59.4,56.3,56.7,147391,80349,4454
GTL,18-MAR-2021,6.35,6.55,6.1,6.15,121543,70429,1658
GTLINFRA,18-MAR-2021,0.75,0.75,0.75,0.75,15865325,15615325,4311
GTNTEX,18-MAR-2021,5.5,5.5,5.45,5.45,360,360,4
GTPL,18-MAR-2021,117.35,120.45,114.9,117.3,90815,53684,2164
GUFICBIO,18-MAR-2021,108.8,111.6,105.55,108.4,76791,45111,1289
GUJALKALI,18-MAR-2021,341.95,348.35,336.25,341.9,159968,76603,4631
GUJAPOLLO,18-MAR-2021,210.7,211.65,207.6,210.05,2157,1845,84
GUJGASLTD,18-MAR-2021,527.95,527.95,505.5,516.25,1209688,344400,29850
GULFOILLUB,18-MAR-2021,735.0,744.95,702.85,714.8,37982,8688,3616
GULFPETRO,18-MAR-2021,40.45,41.2,37.55,38.8,54865,33314,537
GULPOLY,18-MAR-2021,96.15,96.6,92.2,93.95,181198,61613,4503
HAL,18-MAR-2021,1050.0,1055.4,1025.0,1030.85,233294,93926,15427
HAPPSTMNDS,18-MAR-2021,554.0,554.75,514.3,526.45,1806134,550399,44441
HARITASEAT,18-MAR-2021,767.45,767.45,731.1,734.15,15293,4919,1373
HARRMALAYA,18-MAR-2021,158.35,161.95,146.7,149.0,359119,92613,11488
HATHWAY,18-MAR-2021,30.75,31.25,29.4,29.75,516959,231483,2464
HATSUN,18-MAR-2021,741.35,745.35,730.0,741.0,29510,19558,2058
HAVELLS,18-MAR-2021,1066.95,1070.95,1015.1,1024.05,2339212,842136,51856
HBANKETF,18-MAR-2021,343.85,346.46,333.88,337.33,6367,4435,250
HBLPOWER,18-MAR-2021,36.4,37.5,34.5,35.0,545500,361302,4176
HCC,18-MAR-2021,8.2,8.35,7.9,7.9,4090059,2739213,4864
HCG,18-MAR-2021,175.9,178.85,172.55,173.6,119020,72331,2269
HCL-INSYS,18-MAR-2021,9.25,9.35,8.8,9.05,1339019,827014,2251
HCLTECH,18-MAR-2021,995.0,999.75,932.4,947.75,8269566,3152298,187399
HDFC,18-MAR-2021,2549.0,2561.45,2501.0,2514.6,3460891,1933529,147535
HDFCAMC,18-MAR-2021,2940.0,2944.7,2838.0,2845.6,254337,119970,35002
HDFCBANK,18-MAR-2021,1511.75,1522.05,1481.15,1491.0,9032770,4547536,242311
HDFCLIFE,18-MAR-2021,695.1,699.25,675.1,680.85,2124421,1010745,70937
HDFCMFGETF,18-MAR-2021,40.59,40.59,40.1,40.17,1099321,823700,1565
HDFCNIFETF,18-MAR-2021,158.0,158.0,154.4,155.01,18878,12321,403
HDFCSENETF,18-MAR-2021,537.5,544.05,527.55,536.79,1712,940,194
HEG,18-MAR-2021,1558.7,1604.6,1493.7,1564.4,580007,107154,32061
HEIDELBERG,18-MAR-2021,225.9,226.4,216.25,217.2,277339,147064,12546
HERANBA,18-MAR-2021,662.8,672.0,627.05,634.85,791769,247804,32792
HERCULES,18-MAR-2021,122.8,124.9,115.8,118.35,56707,22278,1831
HERITGFOOD,18-MAR-2021,324.95,327.25,310.3,317.45,136735,86683,3418
HEROMOTOCO,18-MAR-2021,3217.7,3217.7,3072.3,3107.2,1472097,686378,77502
HESTERBIO,18-MAR-2021,1775.0,1795.0,1763.7,1779.25,8674,7995,550
HFCL,18-MAR-2021,27.45,27.8,25.9,26.45,9544178,6634616,10079
HGINFRA,18-MAR-2021,283.0,286.5,261.7,270.15,63505,29379,3005
HGS,18-MAR-2021,1197.35,1217.65,1180.0,1204.2,43110,29632,2481
HIKAL,18-MAR-2021,153.8,153.8,146.0,148.65,319450,172232,4124
HIL,18-MAR-2021,3056.0,3060.0,2855.95,2934.7,8486,4650,2184
HILTON,18-MAR-2021,10.1,10.6,9.85,10.15,16905,12610,81
HIMATSEIDE,18-MAR-2021,156.1,157.75,147.85,149.5,167849,82231,4821
HINDALCO,18-MAR-2021,329.35,340.5,329.35,331.8,23744146,4569429,180590
HINDCOMPOS,18-MAR-2021,292.35,295.9,282.0,283.75,3150,2383,246
HINDCOPPER,18-MAR-2021,127.85,128.0,119.0,119.95,4392236,1969996,31751
HINDNATGLS,18-MAR-2021,32.6,38.45,32.3,38.25,2643629,1469734,7838
HINDOILEXP,18-MAR-2021,106.0,107.25,94.7,99.65,1386619,655396,13395
HINDPETRO,18-MAR-2021,237.0,239.9,231.5,233.65,7397595,4056423,67540
HINDUNILVR,18-MAR-2021,2238.0,2249.9,2205.0,2215.2,2597091,1703943,92568
HINDZINC,18-MAR-2021,298.0,298.5,283.1,286.35,909476,389530,17518
HIRECT,18-MAR-2021,133.0,134.2,123.0,125.6,28073,17357,621
HISARMETAL,18-MAR-2021,106.0,107.4,100.05,101.1,22793,13915,488
HITECH,18-MAR-2021,373.9,378.0,361.75,367.5,51753,15386,1624
HITECHCORP,18-MAR-2021,128.15,130.65,116.0,120.85,7788,5219,280
HITECHGEAR,18-MAR-2021,190.9,190.9,184.0,185.65,10375,8591,317
HLEGLAS,18-MAR-2021,2520.0,2520.0,2313.45,2313.45,18682,10632,2326
HLVLTD,18-MAR-2021,6.4,6.7,6.15,6.45,349176,190097,545
HMVL,18-MAR-2021,66.15,68.15,63.85,65.8,38642,25813,460
HNDFDS,18-MAR-2021,2125.0,2214.0,2051.3,2076.55,13740,7261,3941
HNGSNGBEES,18-MAR-2021,349.01,353.97,303.13,353.93,5687,3605,158
HOMEFIRST,18-MAR-2021,480.95,486.8,466.6,469.2,471459,335905,13578
HONAUT,18-MAR-2021,47499.4,48114.4,43800.15,45057.25,20883,11700,11879
HONDAPOWER,18-MAR-2021,1019.0,1059.1,1000.0,1007.55,6976,3340,1211
HOVS,18-MAR-2021,48.8,49.9,48.05,49.9,84034,46115,614
HPL,18-MAR-2021,56.0,57.85,51.0,53.0,584723,241734,5077
HSCL,18-MAR-2021,43.5,44.2,41.8,42.5,7467663,2401396,22667
HSIL,18-MAR-2021,167.9,168.9,153.6,158.15,165817,89190,3598
HTMEDIA,18-MAR-2021,23.9,24.25,22.45,22.6,201698,164363,611
HUDCO,18-MAR-2021,48.0,48.55,45.3,46.7,3746237,1092092,12126
HUHTAMAKI,18-MAR-2021,282.0,284.45,275.15,278.5,54953,27740,2121
IBMFNIFTY,18-MAR-2021,154.5,154.5,150.65,152.23,342,181,110
IBREALEST,18-MAR-2021,93.3,96.4,90.0,91.2,11382345,3534178,56399
IBULHSGFIN,18-MAR-2021,217.45,220.2,211.2,214.85,17966016,4907512,79337
ICEMAKE,18-MAR-2021,72.65,72.7,67.1,68.1,13126,9711,230
ICICI500,18-MAR-2021,209.98,209.98,199.2,200.75,54009,53899,179
ICICIALPLV,18-MAR-2021,143.7,144.0,136.0,136.13,1814,1486,118
ICICIB22,18-MAR-2021,36.68,37.24,36.11,36.42,446180,408140,3097
ICICIBANK,18-MAR-2021,594.75,601.4,575.5,578.6,22776537,9223598,286561
ICICIBANKN,18-MAR-2021,347.85,347.9,334.39,335.56,5128,2764,367
ICICIBANKP,18-MAR-2021,187.7,187.7,177.09,178.71,4276,2461,176
ICICIGI,18-MAR-2021,1478.8,1490.0,1435.1,1438.25,424366,252046,29541
ICICIGOLD,18-MAR-2021,39.95,40.71,39.91,40.07,218106,146772,1354
ICICILIQ,18-MAR-2021,999.99,1000.0,999.99,999.99,8268,7601,23
ICICILOVOL,18-MAR-2021,115.18,121.0,115.18,116.05,49337,46215,495
ICICIM150,18-MAR-2021,91.5,91.55,87.7,88.33,15827,12177,190
ICICIMCAP,18-MAR-2021,87.5,87.5,84.26,84.66,8508,4595,192
ICICINF100,18-MAR-2021,164.7,164.7,158.0,158.6,8573,7199,232
ICICINIFTY,18-MAR-2021,159.85,159.85,154.25,155.25,105040,81771,3785
ICICINV20,18-MAR-2021,79.0,79.7,76.0,76.79,14896,11628,556
ICICINXT50,18-MAR-2021,35.7,35.7,34.11,34.39,128061,121372,446
ICICIPRULI,18-MAR-2021,431.0,433.9,420.3,422.05,2464248,1075939,40355
ICICISENSX,18-MAR-2021,532.01,544.0,529.02,533.83,1684,1581,102
ICICITECH,18-MAR-2021,266.0,269.97,252.35,256.0,15212,11108,414
ICIL,18-MAR-2021,119.95,120.0,113.0,114.1,123915,80613,2671
ICRA,18-MAR-2021,2781.35,2869.6,2760.0,2786.9,215312,207824,1044
IDBI,18-MAR-2021,36.15,36.9,34.0,34.9,24537573,8653914,45986
IDBIGOLD,18-MAR-2021,4240.0,4734.0,4155.55,4203.25,438,300,92
IDEA,18-MAR-2021,10.1,10.25,9.6,9.9,217584197,55721640,162737
IDFC,18-MAR-2021,53.3,54.15,50.1,51.3,6624564,3127730,19472
IDFCFIRSTB,18-MAR-2021,61.5,62.35,58.45,59.4,43275173,11450114,99546
IDFNIFTYET,18-MAR-2021,155.23,155.23,151.9,152.28,587,531,22
IEX,18-MAR-2021,350.7,362.25,342.65,357.4,3874730,1653659,108077
IFBAGRO,18-MAR-2021,408.0,411.2,386.0,389.45,9464,5959,699
IFBIND,18-MAR-2021,1118.0,1130.05,1084.0,1103.15,30934,9154,3378
IFCI,18-MAR-2021,13.15,13.4,12.9,12.9,16284285,6769773,25275
IFGLEXPOR,18-MAR-2021,304.25,314.0,281.55,286.5,255829,119033,4354
IGARASHI,18-MAR-2021,313.9,316.7,293.7,296.05,122304,61432,5422
IGL,18-MAR-2021,505.05,507.4,480.15,487.0,3135894,1016544,74681
IGPL,18-MAR-2021,465.0,468.35,435.0,442.45,68799,35596,3976
IIFL,18-MAR-2021,341.85,341.85,313.65,313.65,349001,191179,12208
IIFLSEC,18-MAR-2021,52.35,53.4,49.15,50.25,281224,147177,2053
IIFLWAM,18-MAR-2021,1198.0,1198.0,1158.65,1182.05,9861,6216,1708
IITL,18-MAR-2021,59.4,59.4,56.25,57.85,1432,1232,48
IMFA,18-MAR-2021,459.45,461.9,430.0,447.0,51893,28128,2213
IMPAL,18-MAR-2021,702.0,716.2,699.0,700.1,7546,6556,299
IMPEXFERRO,18-MAR-2021,1.0,1.0,1.0,1.0,85478,85478,51
INDBANK,18-MAR-2021,13.35,13.35,12.5,12.6,110979,78010,527
INDHOTEL,18-MAR-2021,119.75,121.5,116.0,116.35,1584146,804427,16700
INDIACEM,18-MAR-2021,164.8,165.75,157.7,159.7,1859900,503396,18900
INDIAGLYCO,18-MAR-2021,470.85,479.9,450.0,451.2,215426,75714,7042
INDIAMART,18-MAR-2021,8254.4,8372.0,7980.0,8265.7,188872,58508,37431
INDIANB,18-MAR-2021,118.65,123.7,116.55,119.0,3451622,887431,23037
INDIANCARD,18-MAR-2021,145.0,147.9,140.0,142.0,2023,1840,77
INDIANHUME,18-MAR-2021,185.6,189.0,177.2,178.4,93033,26554,9770
INDIGO,18-MAR-2021,1680.0,1730.0,1680.0,1719.95,1836379,590673,62982
INDIGOPNTS,18-MAR-2021,2379.0,2396.95,2294.8,2305.8,91519,50246,12891
INDLMETER,18-MAR-2021,15.6,15.75,14.85,14.95,8498,6565,152
INDNIPPON,18-MAR-2021,380.5,380.6,363.2,369.0,27559,22159,618
INDOCO,18-MAR-2021,281.5,286.25,276.0,281.25,69015,31171,3089
INDORAMA,18-MAR-2021,39.45,39.45,36.2,37.2,49853,38577,376
INDOSTAR,18-MAR-2021,335.0,339.75,321.5,323.85,39825,22893,1958
INDOTECH,18-MAR-2021,101.4,101.4,94.5,94.9,12591,6996,562
INDRAMEDCO,18-MAR-2021,58.5,59.0,55.25,56.45,733680,259828,5526
INDSWFTLAB,18-MAR-2021,82.0,84.65,78.55,78.6,101380,66977,894
INDUSINDBK,18-MAR-2021,1025.0,1030.7,988.0,1002.8,5797610,1207415,115935
INDUSTOWER,18-MAR-2021,255.1,263.5,254.4,256.15,3724173,1470705,29502
INEOSSTYRO,18-MAR-2021,978.0,990.0,932.65,949.3,22500,15294,1796
INFIBEAM,18-MAR-2021,48.9,49.65,42.3,43.25,36939890,23206166,43529
INFOBEAN,18-MAR-2021,147.85,149.65,142.25,144.15,12393,7474,258
INFRABEES,18-MAR-2021,434.0,434.0,420.05,421.25,1600,1429,118
INFY,18-MAR-2021,1393.75,1393.75,1313.5,1337.1,10961755,5544994,298042
INGERRAND,18-MAR-2021,719.2,725.0,696.5,700.4,21773,9569,1818
INOXLEISUR,18-MAR-2021,324.25,331.8,322.15,330.2,572563,270520,15235
INOXWIND,18-MAR-2021,68.0,69.5,67.1,68.5,104458,73771,1137
INSECTICID,18-MAR-2021,436.55,437.0,415.0,421.2,46910,28087,2933
INSPIRISYS,18-MAR-2021,42.15,43.8,41.1,41.4,11566,10355,163
INTELLECT,18-MAR-2021,603.6,613.9,565.05,590.75,1303577,518002,31044
INTENTECH,18-MAR-2021,34.5,34.9,32.95,33.15,36950,26684,295
INVENTURE,18-MAR-2021,25.5,30.35,25.5,29.45,744267,214133,3846
IOB,18-MAR-2021,16.85,17.0,15.5,15.7,7684819,3903347,12306
IOC,18-MAR-2021,98.9,99.5,96.5,97.25,21413768,6924050,74985
IOLCP,18-MAR-2021,595.05,603.2,564.2,578.05,635286,203779,26808
IPCALAB,18-MAR-2021,1891.0,1914.95,1825.45,1864.6,297365,197486,14469
IRB,18-MAR-2021,114.85,116.7,107.25,111.2,2448235,604425,21199
IRCON,18-MAR-2021,85.0,85.7,82.05,82.7,2111839,915318,11521
IRCTC,18-MAR-2021,1838.0,1860.0,1740.0,1766.65,3667455,686547,195945
IRFC,18-MAR-2021,24.2,24.6,23.9,24.05,16168159,7704264,36717
IRISDOREME,18-MAR-2021,87.5,94.0,87.5,88.55,11129,6792,195
ISEC,18-MAR-2021,404.7,411.6,403.0,405.45,718263,506737,15236
ISFT,18-MAR-2021,70.95,70.95,66.65,66.65,9495,6233,329
ISMTLTD,18-MAR-2021,10.6,10.9,10.5,10.85,156142,118581,235
ITC,18-MAR-2021,213.0,219.1,211.9,217.65,91993104,44278789,364689
ITDC,18-MAR-2021,401.8,414.9,381.0,383.75,328900,67884,10550
ITDCEM,18-MAR-2021,84.65,85.35,78.0,79.8,707224,292790,8178
ITI,18-MAR-2021,125.0,126.2,119.0,119.95,617285,219576,6188
IVC,18-MAR-2021,4.35,4.45,4.25,4.25,160586,131267,168
IVZINGOLD,18-MAR-2021,4245.0,4245.0,4051.0,4077.8,328,273,68
IVZINNIFTY,18-MAR-2021,1591.6,1591.6,1590.0,1590.0,61,60,3
IZMO,18-MAR-2021,57.7,57.75,54.95,54.95,19581,16296,132
J&KBANK,18-MAR-2021,27.9,27.95,25.5,26.3,3004379,1748792,9785
JAGRAN,18-MAR-2021,58.5,60.25,58.3,60.05,2071256,1584258,4962
JAGSNPHARM,18-MAR-2021,85.4,88.8,77.05,79.2,431284,92562,10947
JAICORPLTD,18-MAR-2021,92.8,93.4,87.65,88.95,1300397,261000,9504
JAMNAAUTO,18-MAR-2021,70.5,71.9,66.15,67.3,1833964,536211,15830
JASH,18-MAR-2021,280.0,284.0,270.3,273.85,16343,13606,222
JAYAGROGN,18-MAR-2021,148.0,152.35,138.95,139.7,15326,9535,556
JAYBARMARU,18-MAR-2021,236.0,245.5,233.35,237.95,27504,9739,1817
JAYNECOIND,18-MAR-2021,11.55,12.65,11.45,11.45,763768,516625,996
JAYSREETEA,18-MAR-2021,73.15,73.45,67.85,68.7,212241,118973,2517
JBCHEPHARM,18-MAR-2021,1192.0,1195.0,1156.05,1164.5,73454,39394,11507
JBFIND,18-MAR-2021,11.0,11.55,10.8,11.15,459841,279658,1909
JBMA,18-MAR-2021,436.0,450.5,423.5,427.7,35585,15302,2178
JCHAC,18-MAR-2021,2687.25,2723.0,2560.0,2606.85,19606,8783,3457
JINDALPHOT,18-MAR-2021,55.65,55.65,50.35,55.65,238115,139148,896
JINDALPOLY,18-MAR-2021,784.0,803.55,784.0,784.0,84351,49154,1073
JINDALSAW,18-MAR-2021,77.2,77.95,73.0,74.15,1271496,615613,7141
JINDALSTEL,18-MAR-2021,312.05,318.6,302.6,309.35,6372698,703406,49646
JINDRILL,18-MAR-2021,96.95,98.55,92.15,92.35,41399,23475,631
JINDWORLD,18-MAR-2021,52.45,53.6,50.35,50.8,163218,11056,1143
JISLJALEQS,18-MAR-2021,21.4,22.05,20.25,20.25,2598921,1762649,4996
JKCEMENT,18-MAR-2021,2879.9,2899.9,2760.0,2772.2,54856,35900,10976
JKIL,18-MAR-2021,195.0,195.0,179.6,184.45,111563,64045,6033
JKLAKSHMI,18-MAR-2021,420.7,426.0,400.55,404.5,363440,184001,17145
JKPAPER,18-MAR-2021,155.0,155.95,142.05,147.35,992972,366378,12253
JKTYRE,18-MAR-2021,117.0,118.2,106.6,109.85,2232637,757576,21577
JMA,18-MAR-2021,32.9,32.95,31.05,32.05,4558,4144,70
JMCPROJECT,18-MAR-2021,77.2,78.55,74.8,76.75,159041,83434,2147
JMFINANCIL,18-MAR-2021,95.6,99.0,93.2,94.1,1428293,704389,8754
JOCIL,18-MAR-2021,155.45,155.45,145.1,146.8,7650,5755,254
JPASSOCIAT,18-MAR-2021,7.15,7.5,7.15,7.15,15172146,7538211,3571
JPINFRATEC,18-MAR-2021,1.7,1.75,1.65,1.65,745614,443321,855
JPPOWER,18-MAR-2021,2.65,2.7,2.55,2.55,11214243,8042557,19608
JSL,18-MAR-2021,68.45,69.0,63.55,65.1,756971,338474,6371
JSLHISAR,18-MAR-2021,118.5,118.5,111.65,114.65,411577,170857,5960
JSWENERGY,18-MAR-2021,85.0,86.45,83.0,84.15,4897087,1761919,22277
JSWHL,18-MAR-2021,3590.35,3615.1,3460.0,3479.2,1845,404,878
JSWISPL,18-MAR-2021,24.4,24.55,23.5,23.55,604970,467749,1132
JSWSTEEL,18-MAR-2021,427.0,432.65,420.1,423.15,6837030,1271676,58927
JTEKTINDIA,18-MAR-2021,89.0,90.3,86.05,86.4,250935,130670,6516
JUBLFOOD,18-MAR-2021,2903.9,2909.95,2778.0,2791.0,473270,123246,29004
JUBLINDS,18-MAR-2021,195.0,198.7,182.6,184.75,21495,12238,859
JUBLPHARMA,18-MAR-2021,744.3,753.65,716.2,719.75,73904,41466,5968
JUMPNET,18-MAR-2021,10.8,10.8,10.8,10.8,1994805,1816828,442
JUNIORBEES,18-MAR-2021,363.9,367.0,350.1,353.87,85303,60518,4497
JUSTDIAL,18-MAR-2021,869.0,900.0,816.15,824.35,2084689,515113,74069
JYOTHYLAB,18-MAR-2021,149.05,149.7,144.05,145.6,228132,90284,4480
KABRAEXTRU,18-MAR-2021,161.9,187.0,158.4,176.65,1150657,290479,17186
KAJARIACER,18-MAR-2021,960.35,974.0,911.0,950.3,322973,213382,16106
KAKATCEM,18-MAR-2021,179.9,182.0,163.05,169.75,19426,10866,586
KALPATPOWR,18-MAR-2021,382.0,387.1,373.0,378.9,122106,69684,4640
KAMATHOTEL,18-MAR-2021,34.45,34.45,31.85,32.6,67984,53347,376
KAMDHENU,18-MAR-2021,142.0,149.9,132.7,137.4,109700,49159,2342
KANANIIND,18-MAR-2021,4.7,4.7,4.45,4.5,5260,5151,29
KANPRPLA,18-MAR-2021,141.0,146.9,138.1,139.25,25295,16548,557
KANSAINER,18-MAR-2021,559.0,562.9,535.75,539.4,157390,93916,9828
KARDA,18-MAR-2021,116.4,116.4,110.5,112.05,641170,309266,458
KARURVYSYA,18-MAR-2021,60.0,60.25,56.5,56.9,2643280,1078886,10946
KAUSHALYA,18-MAR-2021,1.85,1.9,1.85,1.85,5156,3356,9
KAYA,18-MAR-2021,301.05,305.6,280.0,290.05,19579,11846,1003
KCP,18-MAR-2021,81.45,82.8,79.0,79.9,408129,178592,4804
KCPSUGIND,18-MAR-2021,15.65,16.25,15.2,15.4,436094,196837,1081
KDDL,18-MAR-2021,279.0,290.0,270.8,276.75,6647,3689,434
KEC,18-MAR-2021,459.0,461.8,439.55,446.65,852653,715492,16627
KECL,18-MAR-2021,13.8,13.8,12.75,12.95,78497,60470,385
KEERTI,18-MAR-2021,25.1,26.9,24.95,25.0,176011,20586,1153
KEI,18-MAR-2021,555.0,556.0,502.4,510.05,1082354,168452,34624
KELLTONTEC,18-MAR-2021,69.3,72.0,65.65,69.4,1522432,376762,11936
KENNAMET,18-MAR-2021,1129.05,1129.25,1089.95,1100.35,10282,9020,637
KESORAMIND,18-MAR-2021,77.8,78.25,70.75,72.9,1496033,496913,13351
KEYFINSERV,18-MAR-2021,59.5,62.65,57.3,58.45,1513,1091,66
KHADIM,18-MAR-2021,159.25,166.95,155.2,156.2,89610,50471,2095
KHAICHEM,18-MAR-2021,23.2,24.0,22.75,22.95,133491,87546,989
KHANDSE,18-MAR-2021,14.9,14.9,13.6,14.0,1369,833,38
KICL,18-MAR-2021,1557.7,1567.0,1486.45,1523.15,799,492,236
KILITCH,18-MAR-2021,88.85,88.9,83.2,84.65,7048,3971,267
KINGFA,18-MAR-2021,653.0,658.0,589.3,607.05,10000,3305,1761
KIOCL,18-MAR-2021,155.0,155.0,143.95,144.35,94167,48009,5668
KIRIINDUS,18-MAR-2021,454.9,457.95,445.0,447.35,115719,60549,3086
KIRLFER,18-MAR-2021,160.45,160.6,152.3,154.6,133524,59051,3741
KIRLOSBROS,18-MAR-2021,203.15,205.6,189.5,195.75,93672,55468,5084
KIRLOSENG,18-MAR-2021,175.4,176.85,163.0,164.3,300941,117467,10164
KIRLOSIND,18-MAR-2021,1290.0,1290.0,1250.1,1251.3,1649,1121,252
KITEX,18-MAR-2021,105.6,106.75,103.1,105.1,116385,71440,1809
KKCL,18-MAR-2021,945.0,954.9,920.0,925.85,3253,1472,878
KMSUGAR,18-MAR-2021,11.9,12.8,11.3,11.7,436474,208531,1057
KNRCON,18-MAR-2021,206.1,208.9,205.4,206.95,560660,364593,15121
KOKUYOCMLN,18-MAR-2021,60.9,61.5,59.1,60.0,154657,59243,1880
KOLTEPATIL,18-MAR-2021,236.2,239.0,228.1,229.0,35880,15356,1480
KOPRAN,18-MAR-2021,108.35,110.8,105.0,106.6,298303,107207,6540
KOTAKBANK,18-MAR-2021,1881.0,1892.9,1825.1,1830.4,2197575,847767,79468
KOTAKBKETF,18-MAR-2021,365.4,365.4,338.15,340.78,589898,414137,2391
KOTAKGOLD,18-MAR-2021,394.05,398.9,392.5,393.35,48781,31055,1158
KOTAKIT,18-MAR-2021,26.2,26.4,25.2,25.7,4983,3560,47
KOTAKNIFTY,18-MAR-2021,150.2,158.5,150.16,152.24,57827,30793,826
KOTAKNV20,18-MAR-2021,79.99,80.0,77.01,78.37,35040,31812,149
KOTAKPSUBK,18-MAR-2021,220.0,222.96,207.04,212.55,31961,14457,563
KOTARISUG,18-MAR-2021,25.45,26.0,23.8,24.7,272390,106285,1093
KOTHARIPET,18-MAR-2021,29.0,29.45,26.1,26.6,64557,36731,589
KOTHARIPRO,18-MAR-2021,69.8,69.8,66.0,66.25,6365,5268,217
KPITTECH,18-MAR-2021,159.2,163.45,150.2,154.5,1707129,550162,22650
KPRMILL,18-MAR-2021,1053.05,1067.0,995.05,1000.05,55834,35543,3932
KRBL,18-MAR-2021,187.5,188.5,181.0,182.35,296003,184962,4299
KREBSBIO,18-MAR-2021,98.3,102.0,95.5,96.1,18255,14849,311
KRIDHANINF,18-MAR-2021,4.4,4.4,4.1,4.2,211235,166644,361
KRISHANA,18-MAR-2021,79.0,79.0,73.25,74.85,743,480,41
KSB,18-MAR-2021,788.0,804.0,744.95,765.35,18157,8890,2054
KSCL,18-MAR-2021,509.9,510.0,490.5,496.8,141286,70864,5075
KSL,18-MAR-2021,315.95,320.8,298.0,302.35,80226,34857,3529
KTKBANK,18-MAR-2021,64.3,64.75,61.2,62.55,2477984,541159,10594
KUANTUM,18-MAR-2021,77.0,77.95,70.25,71.6,38337,19874,728
L&TFH,18-MAR-2021,103.5,104.0,98.0,98.9,10981208,1567065,42056
LALPATHLAB,18-MAR-2021,2490.0,2521.3,2372.0,2418.55,159410,38783,15988
LAMBODHARA,18-MAR-2021,62.45,62.5,54.85,56.5,96304,33050,868
LAOPALA,18-MAR-2021,219.7,220.6,207.15,211.35,170306,129645,2914
LASA,18-MAR-2021,66.35,67.0,63.15,63.85,88127,31788,3555
LAURUSLABS,18-MAR-2021,351.0,355.0,341.05,343.3,2347721,1076501,33865
LAXMIMACH,18-MAR-2021,7350.0,7372.0,7001.0,7056.55,11719,5912,5696
LEMONTREE,18-MAR-2021,38.6,38.8,35.9,36.55,1460886,897596,7645
LFIC,18-MAR-2021,79.4,85.7,72.4,80.6,4086,2886,167
LGBBROSLTD,18-MAR-2021,320.0,323.0,294.05,310.1,169688,137408,3469
LIBERTSHOE,18-MAR-2021,136.5,138.45,133.05,134.1,60936,31751,1277
LICHSGFIN,18-MAR-2021,420.3,426.7,405.1,408.2,3403019,762615,59095
LICNETFGSC,18-MAR-2021,21.52,21.54,21.25,21.49,3055,1732,102
LICNETFN50,18-MAR-2021,155.0,170.0,155.0,157.5,5689,1783,360
LICNETFSEN,18-MAR-2021,544.9,550.0,532.05,536.05,110,50,76
LICNFNHGP,18-MAR-2021,156.0,156.5,151.66,155.9,277,102,65
LIKHITHA,18-MAR-2021,310.0,321.0,293.0,304.8,154988,77518,4597
LINCOLN,18-MAR-2021,234.2,239.0,222.0,226.9,76406,41745,2546
LINCPEN,18-MAR-2021,156.9,156.95,145.85,151.35,6917,5644,276
LINDEINDIA,18-MAR-2021,1763.45,1799.0,1705.0,1726.45,35698,19435,3338
LIQUIDBEES,18-MAR-2021,1000.83,1000.83,999.28,1000.0,1150828,488291,5383
LIQUIDETF,18-MAR-2021,1000.04,1000.04,999.99,999.99,9323,5575,59
LOTUSEYE,18-MAR-2021,44.35,44.95,39.6,40.0,103259,63782,1497
LOVABLE,18-MAR-2021,87.2,89.0,83.0,84.05,31181,14868,808
LT,18-MAR-2021,1455.55,1469.7,1420.0,1428.1,3381940,1309918,111017
LTI,18-MAR-2021,4070.0,4136.0,3950.0,4007.45,327009,165264,31875
LTTS,18-MAR-2021,2639.0,2664.95,2475.0,2549.0,841707,322611,61824
LUMAXIND,18-MAR-2021,1650.0,1680.05,1648.15,1653.35,5672,3551,630
LUMAXTECH,18-MAR-2021,161.95,165.5,152.0,153.5,121075,51474,4831
LUPIN,18-MAR-2021,1026.0,1027.65,988.0,999.85,1717139,465587,33179
LUXIND,18-MAR-2021,1690.05,1715.5,1655.0,1672.5,37392,12744,5566
LYPSAGEMS,18-MAR-2021,5.0,5.15,4.8,4.85,16906,14067,65
M&M,18-MAR-2021,842.0,860.55,834.0,845.65,5033325,1767745,109462
M&MFIN,18-MAR-2021,205.3,209.7,198.55,202.1,9528409,3843274,83665
M100,18-MAR-2021,25.34,25.39,24.4,24.46,256608,177294,1332
M50,18-MAR-2021,144.2,146.2,141.2,142.08,675,662,50
MAANALU,18-MAR-2021,149.5,150.8,145.05,146.65,15819,10197,472
MADHAV,18-MAR-2021,53.1,54.6,52.15,52.95,17848,10393,266
MAESGETF,18-MAR-2021,25.77,25.77,24.51,24.64,196227,193902,74
MAGADSUGAR,18-MAR-2021,109.95,113.75,105.15,105.85,27588,21664,560
MAGMA,18-MAR-2021,124.4,125.85,117.0,120.0,1336107,856516,13505
MAHABANK,18-MAR-2021,21.0,21.15,18.8,19.3,6707609,3283345,11964
MAHASTEEL,18-MAR-2021,81.55,84.0,75.15,76.05,14717,9630,408
MAHEPC,18-MAR-2021,152.65,154.0,146.0,147.8,98956,46382,2135
MAHESHWARI,18-MAR-2021,82.7,82.75,78.2,79.0,19286,16345,299
MAHINDCIE,18-MAR-2021,172.05,173.9,164.25,166.2,264337,87493,10338
MAHLIFE,18-MAR-2021,528.25,531.5,507.0,517.3,38045,22261,5399
MAHLOG,18-MAR-2021,575.05,592.7,524.95,531.45,149226,77916,7466
MAHSCOOTER,18-MAR-2021,3593.8,3620.1,3459.25,3602.15,6771,3955,1432
MAHSEAMLES,18-MAR-2021,280.8,284.0,276.65,281.7,118335,55974,1923
MAITHANALL,18-MAR-2021,595.0,608.0,571.35,581.45,47538,30675,2127
MALUPAPER,18-MAR-2021,29.65,29.65,26.05,26.55,48214,22463,491
MAN50ETF,18-MAR-2021,152.14,152.14,148.29,149.07,18815,18532,130
MANAKALUCO,18-MAR-2021,9.4,9.4,8.4,9.05,55838,24974,138
MANAKCOAT,18-MAR-2021,14.15,14.75,13.45,13.7,171023,48382,515
MANAKSIA,18-MAR-2021,53.5,54.5,51.2,51.55,55635,29457,649
MANAKSTEEL,18-MAR-2021,21.8,22.4,20.7,20.95,35723,29373,217
MANALIPETC,18-MAR-2021,64.5,64.85,60.3,61.55,2083320,894912,11403
MANAPPURAM,18-MAR-2021,161.2,163.55,156.0,158.85,4566334,1665397,35073
MANGALAM,18-MAR-2021,107.25,108.25,100.7,101.4,41427,24298,1134
MANGCHEFER,18-MAR-2021,78.9,80.4,77.0,77.8,537465,384261,3727
MANGLMCEM,18-MAR-2021,269.9,271.5,256.55,262.55,68457,35332,2082
MANGTIMBER,18-MAR-2021,11.95,11.95,11.2,11.2,7948,6048,42
MANINDS,18-MAR-2021,80.55,82.5,76.0,77.0,246072,113033,3681
MANINFRA,18-MAR-2021,43.0,43.35,40.05,40.6,1077869,499982,3199
MANUGRAPH,18-MAR-2021,13.85,13.85,13.1,13.35,16152,13535,111
MANXT50,18-MAR-2021,341.35,342.57,333.81,334.92,15327,13703,97
MARATHON,18-MAR-2021,71.75,71.75,67.0,67.65,96879,81707,706
MARICO,18-MAR-2021,393.0,393.2,382.8,385.6,1382602,754113,25531
MARINE,18-MAR-2021,69.95,69.95,66.5,66.85,897777,713755,1265
MARKSANS,18-MAR-2021,55.35,55.95,52.3,53.3,1734621,577788,11128
MARUTI,18-MAR-2021,7125.0,7242.0,7060.0,7113.75,984545,327984,111880
MASFIN,18-MAR-2021,860.15,879.85,843.55,862.4,18058,8010,2076
MASTEK,18-MAR-2021,1231.85,1247.0,1153.05,1191.65,211446,69719,12452
MATRIMONY,18-MAR-2021,1028.0,1056.0,973.85,1020.4,41183,27891,5281
MAWANASUG,18-MAR-2021,37.3,37.3,35.2,35.7,44700,27520,285
MAXHEALTH,18-MAR-2021,202.9,204.4,196.5,197.8,757998,498518,59204
MAXIND,18-MAR-2021,62.4,63.4,61.8,62.2,325179,288565,705
MAXVIL,18-MAR-2021,59.7,60.4,55.55,56.25,598582,93967,8356
MAYURUNIQ,18-MAR-2021,431.9,432.5,416.95,420.4,100315,72927,3210
MAZDA,18-MAR-2021,514.7,514.95,491.1,497.0,4927,3393,272
MAZDOCK,18-MAR-2021,212.2,214.25,203.3,204.75,773488,349497,15459
MBLINFRA,18-MAR-2021,22.35,23.25,22.0,22.5,157895,106182,576
MCDHOLDING,18-MAR-2021,41.15,41.2,39.75,40.1,19205,18311,104
MCDOWELL-N,18-MAR-2021,542.9,544.0,519.25,524.95,1767057,529879,32338
MCL,18-MAR-2021,97.5,97.5,93.25,93.8,5971,4659,146
MCLEODRUSS,18-MAR-2021,22.05,22.5,20.9,21.15,553996,407688,807
MCX,18-MAR-2021,1628.0,1633.75,1577.0,1587.1,771073,554304,39557
MEGASOFT,18-MAR-2021,10.0,10.2,9.75,9.9,51629,40965,174
MEGH,18-MAR-2021,111.9,113.8,103.3,106.05,3271614,1140868,24685
MENONBE,18-MAR-2021,54.15,55.15,53.0,53.25,25640,21689,250
MEP,18-MAR-2021,18.2,18.9,16.85,17.1,298320,220024,648
METROPOLIS,18-MAR-2021,1883.55,1897.15,1856.0,1881.35,162049,123108,8793
MFSL,18-MAR-2021,865.0,885.4,855.45,862.6,874610,399774,24723
MGEL,18-MAR-2021,45.65,48.7,44.55,46.3,8064,6087,108
MGL,18-MAR-2021,1151.3,1183.55,1106.3,1117.5,834244,135982,28674
MHRIL,18-MAR-2021,219.15,221.45,215.0,215.8,38013,19451,948
MIC,18-MAR-2021,1.05,1.05,0.95,0.95,737310,573460,403
MIDHANI,18-MAR-2021,186.25,187.65,178.3,181.6,420543,200320,9605
MINDACORP,18-MAR-2021,98.05,99.25,95.1,96.15,833267,363247,7595
MINDAIND,18-MAR-2021,565.2,574.0,545.15,551.35,189875,65226,10324
MINDTECK,18-MAR-2021,47.0,47.35,43.4,43.65,22492,17399,361
MINDTREE,18-MAR-2021,2018.0,2033.15,1938.8,1969.65,1471542,186511,57139
MIRZAINT,18-MAR-2021,50.9,50.9,48.2,48.55,319421,124739,4510
MITTAL,18-MAR-2021,11.1,11.15,10.5,10.7,31566,22853,152
MMFL,18-MAR-2021,489.55,497.6,483.7,486.25,3400,2431,233
MMP,18-MAR-2021,85.2,89.4,85.2,86.0,18856,17072,131
MMTC,18-MAR-2021,44.1,45.55,41.8,43.3,7352969,1728163,30842
MOHITIND,18-MAR-2021,8.15,8.4,7.8,7.95,26304,24928,34
MOIL,18-MAR-2021,147.9,150.0,142.5,144.05,726191,125830,28212
MOLDTECH,18-MAR-2021,40.95,41.7,40.0,40.95,16791,9927,443
MOLDTKPAC,18-MAR-2021,407.1,412.2,390.6,393.95,29514,15312,1728
MONTECARLO,18-MAR-2021,220.95,222.85,218.0,218.3,23058,18015,1054
MORARJEE,18-MAR-2021,16.3,16.7,15.45,15.45,7244,5593,66
MOREPENLAB,18-MAR-2021,33.8,34.65,31.3,32.25,5337642,1465311,11855
MOTHERSUMI,18-MAR-2021,222.0,224.5,212.25,216.15,8356936,1855545,54807
MOTILALOFS,18-MAR-2021,670.85,677.25,655.95,669.4,206926,134757,7401
MOTOGENFIN,18-MAR-2021,20.35,20.35,18.6,19.2,25393,16321,178
MPHASIS,18-MAR-2021,1708.0,1731.1,1612.4,1637.75,439447,120899,24345
MPSLTD,18-MAR-2021,464.45,470.5,455.0,458.4,5983,3647,422
MRF,18-MAR-2021,86025.2,86348.25,83000.05,83206.25,30104,6148,17744
MRPL,18-MAR-2021,41.8,41.95,39.25,40.25,2208791,720898,7700
MSPL,18-MAR-2021,7.45,7.8,7.35,7.8,26189,22377,88
MSTCLTD,18-MAR-2021,330.65,344.95,318.0,327.25,3998289,662803,87803
MTARTECH,18-MAR-2021,953.0,973.0,904.5,920.7,1515177,450219,69202
MTEDUCARE,18-MAR-2021,7.6,7.75,7.05,7.25,150428,118187,415
MTNL,18-MAR-2021,20.75,21.45,18.6,18.8,12416005,3313310,21012
MUKANDENGG,18-MAR-2021,16.8,16.8,14.5,15.05,24948,22266,138
MUKANDLTD,18-MAR-2021,60.0,60.55,58.0,58.95,99267,82967,977
MUKTAARTS,18-MAR-2021,32.05,32.85,30.1,31.45,14651,9698,159
MUNJALAU,18-MAR-2021,58.9,63.0,57.7,59.3,1663940,292416,12384
MUNJALSHOW,18-MAR-2021,152.7,154.65,145.35,148.6,41078,15229,1654
MURUDCERA,18-MAR-2021,21.15,21.75,20.55,20.75,83578,40031,1447
MUTHOOTCAP,18-MAR-2021,394.0,396.65,382.0,386.85,16232,8404,998
MUTHOOTFIN,18-MAR-2021,1290.0,1299.4,1231.6,1241.05,970456,340763,37334
N100,18-MAR-2021,938.1,954.0,930.02,935.73,70103,46880,2628
NACLIND,18-MAR-2021,38.9,39.45,36.55,37.6,56592,31167,471
NAGREEKCAP,18-MAR-2021,5.65,6.15,5.65,6.15,5501,5496,10
NAGREEKEXP,18-MAR-2021,17.0,17.35,16.3,16.5,1962,1592,33
NAHARCAP,18-MAR-2021,111.1,115.0,101.3,103.4,76126,20985,3396
NAHARINDUS,18-MAR-2021,53.75,54.7,51.2,51.2,43086,32264,204
NAHARPOLY,18-MAR-2021,112.0,116.8,102.0,104.75,193886,82584,3336
NAHARSPING,18-MAR-2021,112.35,115.95,106.7,106.7,72646,50061,694
NAM-INDIA,18-MAR-2021,334.5,338.35,320.15,323.1,735191,367059,12156
NATCOPHARM,18-MAR-2021,828.0,832.55,801.25,818.4,327287,198082,10762
NATHBIOGEN,18-MAR-2021,306.65,306.85,291.05,294.9,25531,18865,494
NATIONALUM,18-MAR-2021,57.1,57.95,55.45,56.8,22215826,7527269,28375
NAUKRI,18-MAR-2021,4812.0,4812.0,4415.0,4480.05,987509,283115,100559
NAVINFLUOR,18-MAR-2021,2610.0,2653.55,2455.85,2491.9,190067,68308,22287
NAVKARCORP,18-MAR-2021,39.5,40.4,37.6,38.05,943757,310038,4047
NAVNETEDUL,18-MAR-2021,87.55,88.15,83.25,84.3,484363,130085,16371
NBCC,18-MAR-2021,46.3,47.2,42.55,43.55,14432250,5808740,44699
NBIFIN,18-MAR-2021,1865.8,1865.8,1815.9,1830.1,848,605,156
NBVENTURES,18-MAR-2021,70.0,70.65,69.2,70.15,2317741,1671189,12990
NCC,18-MAR-2021,86.0,87.0,81.05,82.6,3502614,1561372,22290
NCLIND,18-MAR-2021,163.95,165.5,158.2,159.65,165846,88911,2659
NCPSESDL24,18-MAR-2021,102.01,102.07,102.0,102.07,584,559,11
NDGL,18-MAR-2021,757.05,794.15,757.0,760.3,212,141,40
NDL,18-MAR-2021,33.4,33.5,29.55,31.0,47911,39788,220
NDRAUTO,18-MAR-2021,220.6,224.0,210.05,211.05,2160,1763,132
NDTV,18-MAR-2021,63.8,64.25,58.5,64.05,242804,147970,1541
NECCLTD,18-MAR-2021,9.2,9.3,8.75,9.1,7578,5569,77
NECLIFE,18-MAR-2021,20.3,20.3,19.1,19.4,324353,152117,1073
NELCAST,18-MAR-2021,70.75,71.95,67.5,69.7,319865,166131,7544
NELCO,18-MAR-2021,198.0,201.8,192.0,193.6,73612,31114,2254
NEOGEN,18-MAR-2021,829.0,839.05,802.0,819.0,30908,14844,3689
NESCO,18-MAR-2021,565.0,568.9,538.05,542.65,59050,40233,4192
NESTLEIND,18-MAR-2021,16467.9,16624.95,16180.0,16201.25,96365,56531,26718
NETF,18-MAR-2021,183.0,183.42,178.01,183.42,437,353,68
NETFCONSUM,18-MAR-2021,66.74,66.74,63.75,64.35,3456,2519,160
NETFDIVOPP,18-MAR-2021,40.98,40.98,37.0,37.73,1370,1200,60
NETFIT,18-MAR-2021,26.88,26.89,25.32,25.64,680474,503064,2895
NETFLTGILT,18-MAR-2021,22.56,22.56,21.87,21.92,20158,13450,78
NETFMID150,18-MAR-2021,91.29,91.29,88.16,89.92,184643,162433,1142
NETFNIF100,18-MAR-2021,153.97,153.97,150.45,151.21,3407,3395,40
NETFNV20,18-MAR-2021,80.0,81.5,78.5,78.91,6182,5526,97
NETWORK18,18-MAR-2021,42.1,43.2,41.0,41.05,2092493,1178807,4281
NEULANDLAB,18-MAR-2021,2073.4,2080.0,1980.0,1987.3,27250,16372,3654
NEWGEN,18-MAR-2021,289.9,292.1,280.0,281.1,51050,28669,3355
NEXTMEDIA,18-MAR-2021,4.55,4.6,4.3,4.5,84501,83048,22
NFL,18-MAR-2021,59.25,59.95,53.2,53.8,2641601,873428,14885
NH,18-MAR-2021,415.0,418.2,395.95,399.75,277960,192236,15287
NHPC,18-MAR-2021,24.1,24.25,23.7,23.9,3560859,1523567,6687
NIACL,18-MAR-2021,169.95,173.8,163.0,165.0,1799849,455817,18715
NIBL,18-MAR-2021,12.85,13.0,12.85,13.0,5376,5375,21
NIFTYBEES,18-MAR-2021,159.49,159.49,155.31,156.12,2566012,1488906,21481
NIFTYEES,18-MAR-2021,19400.0,19440.0,19000.0,19440.0,3,3,3
NIITLTD,18-MAR-2021,172.9,173.5,157.4,162.05,446097,281942,10004
NILKAMAL,18-MAR-2021,1893.2,1979.45,1864.05,1879.85,86338,23116,10563
NIPPOBATRY,18-MAR-2021,750.0,760.0,725.0,728.55,3416,2122,289
NIRAJ,18-MAR-2021,41.55,42.85,41.0,42.0,642,458,38
NITCO,18-MAR-2021,21.75,21.75,20.5,20.65,38021,28288,343
NITINSPIN,18-MAR-2021,86.5,88.0,81.1,81.8,126228,107272,717
NKIND,18-MAR-2021,20.55,22.0,20.5,20.95,1438,1180,21
NLCINDIA,18-MAR-2021,51.5,51.65,49.65,50.15,1205339,539643,7149
NMDC,18-MAR-2021,134.3,135.8,130.4,132.25,8380615,2766415,30203
NOCIL,18-MAR-2021,175.1,176.7,161.5,166.95,1205666,447938,15952
NORBTEAEXP,18-MAR-2021,7.25,7.4,6.8,7.25,3854,1367,52
NOVARTIND,18-MAR-2021,584.0,585.0,564.0,573.45,17666,12463,942
NPBET,18-MAR-2021,183.0,188.8,180.0,180.02,754,404,55
NRAIL,18-MAR-2021,259.45,260.8,237.15,241.85,27826,12640,1804
NRBBEARING,18-MAR-2021,113.6,116.3,108.0,110.2,275027,126630,4752
NSIL,18-MAR-2021,1027.25,1081.0,993.6,1003.2,1432,830,296
NTL,18-MAR-2021,0.9,0.9,0.9,0.9,4160,4160,6
NTPC,18-MAR-2021,107.4,108.25,103.2,103.8,20023557,6394111,68942
NUCLEUS,18-MAR-2021,524.9,527.6,504.05,506.55,36357,18544,2790
NURECA,18-MAR-2021,598.4,599.0,572.0,578.65,12114,7550,1125
NXTDIGITAL,18-MAR-2021,489.2,491.95,469.5,470.9,2492,956,495
OAL,18-MAR-2021,576.95,598.0,548.95,579.2,36263,17348,2095
OBEROIRLTY,18-MAR-2021,577.0,582.95,568.0,579.05,545906,405105,8554
OCCL,18-MAR-2021,990.0,1010.65,944.0,963.75,11970,6662,1639
OFSS,18-MAR-2021,3260.0,3275.0,3056.2,3119.5,96127,27582,11669
OIL,18-MAR-2021,129.9,130.8,122.5,127.45,1091102,679669,11474
OILCOUNTUB,18-MAR-2021,5.5,5.6,5.5,5.6,12487,12487,21
OLECTRA,18-MAR-2021,219.0,221.0,205.0,209.85,496593,255698,10754
OMAXAUTO,18-MAR-2021,47.05,49.9,43.4,45.35,51824,33101,983
OMAXE,18-MAR-2021,71.65,72.3,70.0,70.5,31770,20868,428
OMINFRAL,18-MAR-2021,23.65,23.65,21.6,22.4,41535,28446,287
ONEPOINT,18-MAR-2021,12.1,12.65,12.05,12.6,12016,8274,88
ONGC,18-MAR-2021,110.0,112.2,107.5,110.2,26710696,7690304,100601
ONMOBILE,18-MAR-2021,108.4,110.8,101.1,101.1,716624,407600,7577
ONWARDTEC,18-MAR-2021,125.9,128.0,113.15,117.95,163300,77688,4469
OPTIEMUS,18-MAR-2021,146.25,146.25,146.25,146.25,18530,18530,140
ORBTEXP,18-MAR-2021,60.75,62.15,59.2,59.8,8150,5501,223
ORIENTABRA,18-MAR-2021,23.5,23.5,20.75,22.0,159556,74859,881
ORIENTALTL,18-MAR-2021,7.2,7.2,6.75,7.0,36326,25181,137
ORIENTBELL,18-MAR-2021,238.3,239.4,212.45,223.6,57130,30571,2357
ORIENTCEM,18-MAR-2021,101.9,104.0,95.6,96.15,879631,533102,7388
ORIENTELEC,18-MAR-2021,318.0,324.5,312.45,317.0,652017,299681,16863
ORIENTHOT,18-MAR-2021,23.55,24.1,23.0,23.15,32799,23983,344
ORIENTLTD,18-MAR-2021,87.1,89.1,83.75,83.75,1954,1374,72
ORIENTPPR,18-MAR-2021,28.15,28.45,26.75,27.0,2269168,1063441,5801
ORIENTREF,18-MAR-2021,244.65,245.95,225.25,229.15,141594,52613,5118
ORISSAMINE,18-MAR-2021,2399.9,2399.95,2286.0,2306.9,6627,4210,1555
OSWALAGRO,18-MAR-2021,12.3,12.5,10.2,10.6,813813,449509,2363
PAGEIND,18-MAR-2021,28750.0,29000.0,28062.05,28192.8,20900,3919,8551
PAISALO,18-MAR-2021,800.0,801.0,777.9,784.9,118684,32082,1610
PALASHSECU,18-MAR-2021,46.5,51.0,46.5,49.25,1862,1436,30
PANACEABIO,18-MAR-2021,187.0,187.45,175.25,177.6,74727,42993,2104
PANACHE,18-MAR-2021,50.2,58.7,48.45,52.35,98052,21493,1182
PANAMAPET,18-MAR-2021,159.55,164.0,142.2,153.2,171377,89520,3075
PARACABLES,18-MAR-2021,8.9,9.25,8.15,8.6,418814,248942,565
PARAGMILK,18-MAR-2021,101.4,102.4,97.5,99.6,391874,212529,5045
PATELENG,18-MAR-2021,13.2,13.25,11.85,12.15,647610,435611,1435
PATINTLOG,18-MAR-2021,20.5,21.2,19.9,20.3,39817,23613,325
PATSPINLTD,18-MAR-2021,5.6,5.6,5.4,5.45,941,910,10
PCJEWELLER,18-MAR-2021,29.8,29.8,26.8,27.7,3950877,2564998,7592
PDMJEPAPER,18-MAR-2021,25.9,25.9,23.25,24.1,137798,89164,607
PDSMFL,18-MAR-2021,674.85,774.35,655.0,663.8,66138,15162,4901
PEARLPOLY,18-MAR-2021,15.35,15.7,14.9,15.0,2156,1582,38
PEL,18-MAR-2021,1810.75,1885.0,1810.75,1839.35,1490814,267432,59166
PENIND,18-MAR-2021,19.95,20.65,19.2,19.35,251634,209803,566
PENINLAND,18-MAR-2021,6.15,6.25,5.8,5.8,1797726,1626142,542
PERSISTENT,18-MAR-2021,1850.0,1896.0,1813.25,1848.65,114629,57153,12191
PETRONET,18-MAR-2021,230.0,230.85,222.55,225.6,7222957,4123450,65454
PFC,18-MAR-2021,136.95,138.8,130.35,132.0,14668468,7720424,61750
PFIZER,18-MAR-2021,4500.0,4520.0,4415.0,4439.3,28592,12135,3831
PFOCUS,18-MAR-2021,58.8,60.2,54.4,56.8,118834,66772,1051
PFS,18-MAR-2021,20.45,20.5,19.25,19.45,1032033,641757,2376
PGHH,18-MAR-2021,12860.0,12940.0,12425.25,12602.3,12610,10210,1987
PGHL,18-MAR-2021,6516.7,6550.0,6400.0,6410.65,11060,5911,3732
PGIL,18-MAR-2021,176.3,179.85,170.0,172.2,4963,3452,164
PHILIPCARB,18-MAR-2021,198.45,202.3,185.0,189.85,1034372,498924,14159
PHOENIXLTD,18-MAR-2021,782.6,789.3,763.8,768.05,34401,17562,3526
PIDILITIND,18-MAR-2021,1729.1,1741.0,1700.7,1713.9,334986,133285,18559
PIIND,18-MAR-2021,2254.7,2258.0,2142.9,2163.4,177634,96679,14801
PILANIINVS,18-MAR-2021,1701.0,1719.0,1685.0,1702.3,9256,5434,730
PILITA,18-MAR-2021,16.75,16.75,15.75,15.8,281593,227818,389
PIONDIST,18-MAR-2021,106.7,106.7,102.0,102.95,10345,5113,281
PIONEEREMB,18-MAR-2021,39.4,42.25,39.0,39.05,36005,17882,401
PITTIENG,18-MAR-2021,69.55,71.0,63.75,66.35,196648,72611,1938
PLASTIBLEN,18-MAR-2021,238.05,244.15,231.0,232.85,15820,10271,658
PNB,18-MAR-2021,39.0,39.1,36.65,37.7,126241327,18770227,124119
PNBGILTS,18-MAR-2021,50.65,51.25,48.4,48.9,455638,261043,3058
PNBHOUSING,18-MAR-2021,380.0,390.0,374.15,383.3,378805,116277,10130
PNC,18-MAR-2021,28.5,28.5,28.5,28.5,16267,16267,61
PNCINFRA,18-MAR-2021,242.05,256.65,240.0,242.0,1137989,509986,27517
PODDARMENT,18-MAR-2021,199.25,200.5,195.6,196.0,15005,13262,276
POKARNA,18-MAR-2021,203.85,207.9,198.5,203.25,96324,58331,1524
POLYCAB,18-MAR-2021,1352.35,1379.0,1295.0,1312.35,532541,244907,27071
POLYMED,18-MAR-2021,792.0,853.0,765.55,829.85,363446,260878,9297
POLYPLEX,18-MAR-2021,854.4,910.0,801.05,820.05,75031,43424,7088
PONNIERODE,18-MAR-2021,151.0,156.5,147.0,150.15,5432,3454,222
POWERGRID,18-MAR-2021,221.0,223.5,220.15,221.05,8005871,4673886,65722
POWERINDIA,18-MAR-2021,1328.0,1328.0,1285.3,1293.9,49665,25160,5255
POWERMECH,18-MAR-2021,547.1,549.7,510.5,517.55,43926,24651,2995
PPAP,18-MAR-2021,234.9,236.6,219.5,220.5,42003,32518,1282
PPL,18-MAR-2021,126.0,129.1,113.7,118.35,228776,100475,3572
PRABHAT,18-MAR-2021,87.9,93.55,86.25,88.5,1438996,631274,11846
PRAENG,18-MAR-2021,8.1,8.55,7.95,8.2,12377,9981,112
PRAJIND,18-MAR-2021,165.6,168.0,151.85,156.45,1782925,720814,22291
PRAKASH,18-MAR-2021,69.0,71.0,65.95,67.1,3390768,1459181,16226
PRAKASHSTL,18-MAR-2021,0.9,0.9,0.8,0.8,220436,98423,154
PRECAM,18-MAR-2021,41.3,41.75,39.45,40.15,159441,96460,1096
PRECOT,18-MAR-2021,103.0,107.95,102.6,102.8,5978,5480,66
PRECWIRE,18-MAR-2021,200.0,202.9,186.75,189.0,76334,40758,2116
PREMIERPOL,18-MAR-2021,38.0,38.35,36.3,37.0,4024,3400,96
PRESSMN,18-MAR-2021,23.0,23.3,22.5,22.85,22817,17937,204
PRESTIGE,18-MAR-2021,279.5,283.0,270.0,277.55,368986,155855,10138
PRICOLLTD,18-MAR-2021,65.6,67.35,61.7,62.9,1308226,422262,9634
PRINCEPIPE,18-MAR-2021,435.0,435.0,396.1,405.4,337792,186084,16875
PRIVISCL,18-MAR-2021,645.0,650.0,638.6,645.55,19064,12699,3166
PROZONINTU,18-MAR-2021,18.75,19.0,17.95,18.15,104644,74209,569
PRSMJOHNSN,18-MAR-2021,115.5,118.7,112.9,114.0,648567,292944,11382
PSB,18-MAR-2021,17.1,17.3,16.25,16.55,360556,199443,1330
PSPPROJECT,18-MAR-2021,473.2,474.95,459.0,470.65,96361,12556,2565
PSUBNKBEES,18-MAR-2021,24.8,24.9,23.14,23.36,668411,409442,3407
PTC,18-MAR-2021,84.1,84.65,79.0,80.0,2529038,1069108,18505
PTL,18-MAR-2021,40.0,40.0,38.8,39.05,29697,24225,311
PUNJABCHEM,18-MAR-2021,899.05,910.0,865.25,877.85,6929,4091,622
PURVA,18-MAR-2021,77.85,78.55,74.0,74.8,139885,58474,2232
PVR,18-MAR-2021,1412.0,1426.5,1383.0,1398.25,730383,224817,24171
QGOLDHALF,18-MAR-2021,1980.0,1980.0,1944.0,1947.55,787,603,156
QNIFTY,18-MAR-2021,1530.0,1530.0,1509.0,1509.0,16,16,2
QUESS,18-MAR-2021,676.0,695.95,670.0,682.55,81948,22382,5716
QUICKHEAL,18-MAR-2021,191.0,194.4,180.05,183.8,290294,170935,8891
RADICO,18-MAR-2021,559.95,559.95,533.5,538.85,299487,142627,9106
RADIOCITY,18-MAR-2021,24.4,24.4,23.8,24.0,1786511,1754176,748
RAILTEL,18-MAR-2021,137.9,138.0,129.0,130.9,3090902,1341172,46825
RAIN,18-MAR-2021,147.0,151.25,143.05,146.85,2133716,716978,17528
RAJESHEXPO,18-MAR-2021,517.5,521.9,514.0,515.55,327507,223883,9365
RAJRATAN,18-MAR-2021,812.1,824.55,759.55,769.55,44955,21229,3663
RAJTV,18-MAR-2021,32.85,33.3,32.6,32.7,6247,5238,125
RALLIS,18-MAR-2021,259.2,263.6,250.55,253.45,343859,146477,10611
RAMANEWS,18-MAR-2021,16.45,16.7,15.55,15.95,89227,54264,382
RAMCOCEM,18-MAR-2021,965.0,978.9,934.05,946.5,461606,110861,14857
RAMCOIND,18-MAR-2021,264.0,266.2,257.0,261.0,347713,209186,3951
RAMCOSYS,18-MAR-2021,601.9,604.0,570.05,588.9,106521,50882,5521
RAMKY,18-MAR-2021,78.6,79.0,76.15,76.15,82454,43812,394
RANASUG,18-MAR-2021,8.65,8.7,7.8,8.25,1587887,987546,1607
RANEENGINE,18-MAR-2021,290.0,294.8,262.65,267.55,11056,5296,520
RANEHOLDIN,18-MAR-2021,648.6,654.5,598.4,615.25,17370,8500,1503
RATNAMANI,18-MAR-2021,1978.0,1978.0,1871.05,1944.4,20701,9157,3298
RAYMOND,18-MAR-2021,356.85,361.15,337.65,342.7,616206,242494,13662
RBL,18-MAR-2021,800.0,807.85,765.0,771.95,6604,2714,676
RBLBANK,18-MAR-2021,227.3,229.5,217.25,222.95,11280094,1015103,73067
RCF,18-MAR-2021,79.2,80.4,72.3,73.7,3743266,1335677,25289
RCOM,18-MAR-2021,1.8,1.85,1.8,1.8,5529872,4417789,3637
RECLTD,18-MAR-2021,147.55,148.45,139.8,141.25,8645715,2361908,41473
REDINGTON,18-MAR-2021,173.45,176.25,164.25,166.55,326413,154967,10843
REFEX,18-MAR-2021,84.9,84.9,81.35,82.75,84021,55931,1066
RELAXO,18-MAR-2021,825.0,840.0,822.5,837.45,125364,57075,10336
RELCAPITAL,18-MAR-2021,11.6,11.9,11.15,11.15,1352296,736777,2707
RELIANCE,18-MAR-2021,2072.9,2084.8,2001.0,2009.1,9528809,4198315,295771
RELIGARE,18-MAR-2021,95.0,98.0,87.1,88.0,1372254,624084,7719
RELINFRA,18-MAR-2021,34.8,34.9,31.3,32.35,3371383,1588120,10471
REMSONSIND,18-MAR-2021,136.5,146.05,126.5,134.05,4908,3136,218
RENUKA,18-MAR-2021,9.55,9.75,9.4,9.5,3536056,1580629,2417
REPCOHOME,18-MAR-2021,332.9,332.9,308.0,309.6,115575,67819,4707
REPL,18-MAR-2021,191.0,198.85,183.0,184.95,15901,10549,486
REPRO,18-MAR-2021,364.0,367.6,351.2,355.3,6512,3083,440
RESPONIND,18-MAR-2021,170.15,174.95,155.0,161.7,94937,20820,2795
REVATHI,18-MAR-2021,513.05,513.05,484.0,489.85,1730,1190,159
RGL,18-MAR-2021,309.0,320.0,295.0,302.5,165152,156879,559
RHFL,18-MAR-2021,3.05,3.05,3.05,3.05,242247,242247,373
RICOAUTO,18-MAR-2021,39.15,40.5,38.2,38.45,432040,202168,2388
RIIL,18-MAR-2021,388.5,389.7,373.35,376.9,158417,54521,5002
RITES,18-MAR-2021,247.8,250.85,246.1,247.05,301438,201541,6002
RKDL,18-MAR-2021,8.0,8.2,7.8,8.1,4092,3727,39
RKEC,18-MAR-2021,65.65,68.0,61.0,61.4,62747,30310,590
RKFORGE,18-MAR-2021,519.75,519.75,480.95,511.05,34463,21202,2118
RML,18-MAR-2021,398.0,398.0,373.0,376.85,28582,11854,1580
ROHLTD,18-MAR-2021,71.9,72.8,69.0,69.95,50382,28355,759
ROLTA,18-MAR-2021,3.95,4.0,3.9,3.95,272699,219144,1148
ROSSARI,18-MAR-2021,985.1,1037.0,985.1,1018.0,511091,208812,20454
ROSSELLIND,18-MAR-2021,112.0,116.5,109.5,110.25,17407,14242,487
ROUTE,18-MAR-2021,1601.0,1616.9,1534.15,1573.4,407146,137864,26780
RPGLIFE,18-MAR-2021,391.1,394.95,378.0,384.6,30638,17824,1107
RPOWER,18-MAR-2021,4.55,4.65,4.55,4.55,8179571,6884378,5762
RPPINFRA,18-MAR-2021,67.25,69.3,66.0,67.7,99930,39167,839
RPSGVENT,18-MAR-2021,370.0,370.0,336.5,345.9,72382,41996,2844
RSSOFTWARE,18-MAR-2021,26.35,26.9,25.1,25.4,28422,19827,317
RSWM,18-MAR-2021,214.9,220.0,195.0,201.3,61042,40072,1334
RSYSTEMS,18-MAR-2021,117.05,117.05,113.55,113.8,39158,30383,663
RTNINFRA,18-MAR-2021,6.3,6.5,5.6,5.9,484907,385790,11927
RTNPOWER,18-MAR-2021,2.65,2.7,2.55,2.55,7357902,3814261,7364
RUBYMILLS,18-MAR-2021,181.05,183.65,171.0,172.8,4780,2402,389
RUCHI,18-MAR-2021,699.4,700.8,664.0,674.8,20627,11381,2294
RUCHIRA,18-MAR-2021,72.0,72.2,64.1,66.4,90417,59056,1077
RUPA,18-MAR-2021,321.7,323.85,310.45,313.6,137783,44201,5406
RUSHIL,18-MAR-2021,277.1,284.45,262.9,262.9,70648,34021,2199
RVHL,18-MAR-2021,20.0,20.0,18.95,18.95,51775,42868,342
RVNL,18-MAR-2021,30.95,31.05,29.05,29.65,5509050,2178853,14031
SABEVENTS,18-MAR-2021,1.15,1.15,1.05,1.05,609,609,5
SABTN,18-MAR-2021,1.7,1.75,1.7,1.75,1300,1300,4
SADBHAV,18-MAR-2021,70.25,71.35,65.05,66.3,1170835,388484,10894
SADBHIN,18-MAR-2021,22.7,23.0,21.0,21.15,218741,107321,1046
SAFARI,18-MAR-2021,681.85,681.9,650.0,652.35,21558,11995,1585
SAGARDEEP,18-MAR-2021,38.5,39.15,35.5,36.25,3854,2980,76
SAGCEM,18-MAR-2021,718.65,730.75,707.25,724.45,24878,15025,1431
SAIL,18-MAR-2021,73.2,75.8,69.55,70.75,46498848,8502835,86700
SAKAR,18-MAR-2021,102.0,104.0,92.1,100.15,107573,62319,1652
SAKHTISUG,18-MAR-2021,9.4,10.15,9.2,9.55,100405,39263,316
SAKSOFT,18-MAR-2021,375.0,380.0,363.0,370.55,49123,37090,1404
SAKUMA,18-MAR-2021,5.1,5.25,5.0,5.0,230329,167695,425
SALASAR,18-MAR-2021,369.8,373.75,361.0,369.0,64092,22806,1590
SALONA,18-MAR-2021,95.5,96.95,93.3,93.75,2103,1500,104
SALSTEEL,18-MAR-2021,3.6,3.8,3.6,3.65,44122,31213,49
SALZERELEC,18-MAR-2021,125.65,127.9,120.05,121.9,50775,30543,1316
SAMBHAAV,18-MAR-2021,2.5,2.65,2.45,2.45,35631,24577,52
SANCO,18-MAR-2021,10.0,10.65,9.6,9.9,169851,140887,367
SANDESH,18-MAR-2021,673.95,699.0,663.35,669.1,2288,1173,353
SANDHAR,18-MAR-2021,204.5,207.5,201.3,203.85,124778,111665,1884
SANGHIIND,18-MAR-2021,41.6,42.45,40.15,41.4,2036243,844913,6021
SANGHVIMOV,18-MAR-2021,111.0,112.0,103.3,105.1,57311,50525,1492
SANGINITA,18-MAR-2021,23.85,25.65,23.15,25.65,165844,107524,718
SANOFI,18-MAR-2021,8200.0,8250.0,7950.0,7984.65,19726,11503,6175
SARDAEN,18-MAR-2021,416.7,436.7,413.35,419.45,230669,110750,12752
SAREGAMA,18-MAR-2021,1634.0,1634.0,1453.4,1495.4,127692,76625,9444
SARLAPOLY,18-MAR-2021,25.85,26.45,24.85,25.25,161686,100625,1156
SASKEN,18-MAR-2021,855.9,867.05,836.0,845.4,14990,8406,991
SASTASUNDR,18-MAR-2021,129.4,129.95,122.5,123.4,31404,22582,680
SATIA,18-MAR-2021,85.3,85.3,80.4,80.9,58537,18654,1024
SATIN,18-MAR-2021,93.95,95.8,88.45,89.25,541256,281123,5638
SBICARD,18-MAR-2021,985.0,1009.0,983.5,1000.4,2886658,1115012,78828
SBIETFIT,18-MAR-2021,266.77,266.77,253.23,256.16,4673,2511,148
SBIETFPB,18-MAR-2021,189.0,189.0,180.0,181.99,1602,1253,67
SBIETFQLTY,18-MAR-2021,124.5,128.97,123.88,124.64,976,918,89
SBILIFE,18-MAR-2021,895.0,898.0,882.3,890.45,2657918,1522514,92379
SBIN,18-MAR-2021,371.5,375.0,361.1,367.1,39405038,10367862,285769
SCHAEFFLER,18-MAR-2021,5281.55,5376.95,5141.5,5195.65,12152,8136,6029
SCHAND,18-MAR-2021,122.95,124.65,107.65,110.65,364012,189408,5316
SCHNEIDER,18-MAR-2021,97.95,98.25,92.3,93.05,528930,240430,5884
SCI,18-MAR-2021,114.9,115.5,104.2,107.05,4281051,1463025,27932
SDBL,18-MAR-2021,32.2,38.35,32.1,36.25,2500536,1006733,6852
SEAMECLTD,18-MAR-2021,459.8,459.8,412.0,418.85,177151,53982,2473
SECURKLOUD,18-MAR-2021,86.0,89.0,82.55,83.5,83511,58649,1205
SELAN,18-MAR-2021,131.3,131.8,125.0,125.55,40828,21682,1258
SEQUENT,18-MAR-2021,234.75,238.5,222.5,224.05,434092,213398,8916
SESHAPAPER,18-MAR-2021,165.55,169.6,156.85,158.3,79717,40606,1916
SETCO,18-MAR-2021,17.0,17.0,14.95,15.1,349822,209502,845
SETF10GILT,18-MAR-2021,199.6,201.69,199.54,201.0,598,404,28
SETFGOLD,18-MAR-2021,4025.0,4044.0,4007.95,4013.75,21942,16877,1757
SETFNIF50,18-MAR-2021,157.82,157.82,148.28,148.94,618338,520428,3727
SETFNIFBK,18-MAR-2021,342.05,347.0,334.31,337.94,446835,34921,1493
SETFNN50,18-MAR-2021,355.99,358.0,347.0,349.3,23394,21771,469
SEYAIND,18-MAR-2021,59.0,63.5,58.95,60.55,126760,43122,1442
SFL,18-MAR-2021,2052.75,2060.3,1962.3,1998.1,6770,3421,1815
SGL,18-MAR-2021,10.95,11.0,9.0,9.05,593378,220833,1791
SHAHALLOYS,18-MAR-2021,9.25,9.7,9.2,9.2,5964,4743,32
SHAKTIPUMP,18-MAR-2021,549.5,552.4,508.0,515.35,82188,45170,4885
SHALBY,18-MAR-2021,104.4,105.2,98.1,100.55,149847,72214,3359
SHALPAINTS,18-MAR-2021,89.0,91.35,88.2,88.55,132216,83767,1931
SHANKARA,18-MAR-2021,413.0,416.7,390.1,394.9,73245,22682,6475
SHANTIGEAR,18-MAR-2021,129.9,129.9,123.65,124.4,39082,28225,586
SHARDACROP,18-MAR-2021,307.9,334.7,304.1,308.3,1281888,227327,34573
SHARDAMOTR,18-MAR-2021,2049.95,2099.15,1985.0,2005.95,2464,1347,570
SHAREINDIA,18-MAR-2021,270.0,270.0,243.5,247.5,70891,62703,1068
SHARIABEES,18-MAR-2021,366.0,373.2,351.84,355.83,530,333,48
SHEMAROO,18-MAR-2021,74.85,76.5,69.45,69.9,82380,48786,933
SHIL,18-MAR-2021,268.0,271.4,252.8,256.9,80451,41959,3409
SHILPAMED,18-MAR-2021,344.95,346.7,330.0,330.8,327576,156118,8882
SHIVAMAUTO,18-MAR-2021,19.0,19.3,17.9,18.05,117531,73595,534
SHIVATEX,18-MAR-2021,157.05,159.45,144.0,147.6,6982,5352,219
SHK,18-MAR-2021,116.8,118.0,109.2,111.3,281692,130650,5596
SHOPERSTOP,18-MAR-2021,227.6,229.7,218.0,221.95,189171,54282,4894
SHREDIGCEM,18-MAR-2021,64.3,65.55,61.2,62.7,1035803,283642,8114
SHREECEM,18-MAR-2021,27125.0,27269.95,26450.0,26595.5,38464,10871,14310
SHREEPUSHK,18-MAR-2021,146.0,149.4,132.9,136.75,145197,73648,3308
SHREERAMA,18-MAR-2021,10.65,10.85,10.0,10.25,82014,67208,292
SHRENIK,18-MAR-2021,2.05,2.1,2.0,2.0,3134110,1931655,2154
SHREYANIND,18-MAR-2021,101.6,117.6,96.35,106.4,597245,147486,10334
SHREYAS,18-MAR-2021,81.3,83.0,75.25,77.3,44711,27761,649
SHRIRAMCIT,18-MAR-2021,1518.0,1518.0,1448.0,1462.65,8745,6415,2189
SHRIRAMEPC,18-MAR-2021,4.25,4.35,4.2,4.3,396466,283485,464
SHYAMCENT,18-MAR-2021,5.6,5.65,5.15,5.3,21713,19249,139
SICAGEN,18-MAR-2021,15.0,15.35,14.85,14.95,31906,26900,138
SICAL,18-MAR-2021,12.45,12.45,11.5,11.5,422566,299089,770
SIEMENS,18-MAR-2021,1839.05,1844.85,1781.9,1791.25,613766,136961,27018
SIGIND,18-MAR-2021,32.2,32.5,31.15,31.65,29190,23370,171
SILGO,18-MAR-2021,44.1,45.0,43.0,43.7,5687,3514,114
SILINV,18-MAR-2021,210.15,219.5,201.65,205.05,4414,1714,408
SIMBHALS,18-MAR-2021,7.65,7.8,7.2,7.2,49227,32307,134
SIMPLEXINF,18-MAR-2021,34.05,35.0,33.05,33.25,78314,48048,852
SINTERCOM,18-MAR-2021,93.35,93.35,87.0,87.0,1217,757,23
SIS,18-MAR-2021,412.4,415.0,406.2,408.85,60792,36168,2778
SITINET,18-MAR-2021,0.85,0.9,0.8,0.8,4629836,3537953,1319
SIYSIL,18-MAR-2021,211.1,217.95,198.2,204.2,55704,29427,1717
SJVN,18-MAR-2021,26.05,26.05,25.25,25.35,1782023,977388,4475
SKFINDIA,18-MAR-2021,2212.35,2243.9,2125.05,2157.05,10812,6327,2503
SKIPPER,18-MAR-2021,66.8,69.0,62.1,64.05,280003,120196,3024
SKMEGGPROD,18-MAR-2021,50.6,50.6,47.7,48.45,31801,18125,389
SMARTLINK,18-MAR-2021,87.6,89.1,85.95,86.65,6237,4686,177
SMCGLOBAL,18-MAR-2021,74.5,75.4,71.5,72.3,141935,88411,1158
SMLISUZU,18-MAR-2021,460.95,469.6,447.0,450.25,18832,9789,1511
SMSLIFE,18-MAR-2021,514.25,518.05,501.0,503.15,5278,1759,354
SMSPHARMA,18-MAR-2021,127.95,130.4,121.0,123.9,128032,68390,1524
SNOWMAN,18-MAR-2021,50.3,50.8,45.25,46.25,2950850,1389242,12740
SOBHA,18-MAR-2021,464.9,468.0,438.05,442.4,108920,40973,5773
SOLARA,18-MAR-2021,1273.35,1284.8,1246.95,1248.45,49009,32268,3986
SOLARINDS,18-MAR-2021,1296.0,1306.0,1253.75,1279.6,22495,15115,1629
SOMANYCERA,18-MAR-2021,441.0,441.0,414.0,419.95,49755,31016,2341
SONATSOFTW,18-MAR-2021,507.0,507.0,475.0,484.0,388128,155431,19539
SORILINFRA,18-MAR-2021,171.4,172.55,150.85,154.75,108244,57293,4214
SOTL,18-MAR-2021,1031.0,1053.8,1015.0,1025.6,22647,13841,3701
SOUTHBANK,18-MAR-2021,9.1,9.2,8.85,8.85,11854502,5444877,67536
SOUTHWEST,18-MAR-2021,43.05,44.9,43.0,44.15,15428,14298,72
SPAL,18-MAR-2021,169.0,170.05,157.25,160.75,16427,9069,559
SPANDANA,18-MAR-2021,605.5,611.75,580.05,587.45,91132,62818,6086
SPARC,18-MAR-2021,158.0,159.5,151.4,152.4,420391,258012,5797
SPECIALITY,18-MAR-2021,44.95,45.6,43.25,44.3,42042,27821,497
SPENCERS,18-MAR-2021,75.3,77.85,73.6,74.1,584712,251568,6577
SPIC,18-MAR-2021,31.45,31.95,28.55,29.3,721686,355960,3597
SPICEJET,18-MAR-2021,77.8,79.0,74.6,75.35,4221899,1344919,31137
SPLIL,18-MAR-2021,36.0,36.5,32.1,32.7,54850,32420,703
SPMLINFRA,18-MAR-2021,11.95,12.0,11.5,11.55,42348,38279,108
SPTL,18-MAR-2021,4.0,4.2,4.0,4.0,2934982,2019150,640
SPYL,18-MAR-2021,0.4,0.4,0.35,0.4,197105,119319,229
SREEL,18-MAR-2021,146.25,148.0,145.0,145.15,24811,19175,303
SREINFRA,18-MAR-2021,6.1,6.3,5.55,5.8,2549546,1985126,2854
SRF,18-MAR-2021,5479.0,5480.0,5268.0,5284.95,209957,113180,15858
SRHHYPOLTD,18-MAR-2021,266.0,268.95,245.0,248.35,28493,16686,1142
SRIPIPES,18-MAR-2021,180.0,180.95,174.1,176.45,115442,79044,2292
SRTRANSFIN,18-MAR-2021,1338.0,1367.7,1303.05,1325.75,2912501,553067,75560
SSWL,18-MAR-2021,702.55,720.0,643.25,677.95,62394,25460,4993
STAR,18-MAR-2021,816.0,823.15,770.4,773.05,483283,186958,16553
STARCEMENT,18-MAR-2021,99.9,99.9,95.0,95.85,534450,284254,5512
STARPAPER,18-MAR-2021,128.0,130.5,123.0,124.15,177551,74614,3484
STCINDIA,18-MAR-2021,83.95,85.0,79.0,79.55,65473,22572,1200
STEELCITY,18-MAR-2021,37.2,37.25,34.15,34.55,10251,6998,175
STEELXIND,18-MAR-2021,53.0,55.0,53.0,53.95,183923,151478,607
STERTOOLS,18-MAR-2021,213.0,213.5,206.55,209.35,18205,11769,840
STLTECH,18-MAR-2021,216.0,218.75,206.5,209.75,604820,387326,13835
STOVEKRAFT,18-MAR-2021,447.0,456.2,430.3,434.5,142549,56594,7463
SUBEXLTD,18-MAR-2021,38.2,38.45,34.2,35.7,8107149,3580923,22060
SUBROS,18-MAR-2021,313.15,316.0,303.3,305.9,39054,15773,3062
SUDARSCHEM,18-MAR-2021,541.7,543.4,524.0,526.85,108821,44865,6758
SUMICHEM,18-MAR-2021,287.0,287.0,277.7,280.1,714117,258776,15169
SUMIT,18-MAR-2021,9.85,9.85,9.0,9.45,47622,30072,153
SUMMITSEC,18-MAR-2021,562.4,562.4,500.7,504.4,11113,5229,1181
SUNCLAYLTD,18-MAR-2021,3230.0,3267.0,3062.25,3114.7,1701,695,547
SUNDARAM,18-MAR-2021,1.4,1.4,1.4,1.4,195857,195857,44
SUNDARMFIN,18-MAR-2021,2541.5,2628.7,2445.1,2501.35,20131,10711,5491
SUNDARMHLD,18-MAR-2021,78.7,80.0,75.5,76.95,116040,78390,1217
SUNDRMBRAK,18-MAR-2021,343.6,350.1,327.0,330.2,2509,1752,306
SUNDRMFAST,18-MAR-2021,786.0,825.0,761.2,769.5,311282,161297,15845
SUNFLAG,18-MAR-2021,62.2,63.8,59.4,60.45,405420,158989,4282
SUNPHARMA,18-MAR-2021,587.4,591.55,572.0,574.55,5537584,1922039,96891
SUNTECK,18-MAR-2021,329.1,338.7,316.2,321.7,156135,38719,12217
SUNTV,18-MAR-2021,463.5,474.85,460.2,464.5,2506795,514553,36893
SUPERHOUSE,18-MAR-2021,129.25,129.4,121.5,122.9,13586,8713,337
SUPERSPIN,18-MAR-2021,5.0,5.15,4.75,4.75,59802,47254,73
SUPPETRO,18-MAR-2021,429.7,437.65,412.25,417.6,55017,35038,1816
SUPRAJIT,18-MAR-2021,290.0,295.0,283.95,286.25,242259,114283,8150
SUPREMEENG,18-MAR-2021,30.95,30.95,28.55,28.55,9683,6555,54
SUPREMEIND,18-MAR-2021,2045.0,2059.0,2020.6,2046.9,61228,46454,11151
SURANAT&P,18-MAR-2021,4.4,4.45,4.2,4.35,32262,26971,151
SURYALAXMI,18-MAR-2021,35.0,36.0,33.25,34.45,42748,30306,376
SURYAROSNI,18-MAR-2021,378.1,393.45,358.1,360.65,335302,134321,17518
SUTLEJTEX,18-MAR-2021,44.35,44.9,41.55,42.65,87520,63351,704
SUVEN,18-MAR-2021,77.9,79.35,73.0,74.6,388709,220569,3578
SUVENPHAR,18-MAR-2021,475.1,479.35,452.55,472.9,336873,219563,14141
SUZLON,18-MAR-2021,5.6,5.6,5.3,5.35,22736680,12090969,15290
SWANENERGY,18-MAR-2021,141.1,143.45,135.1,140.05,248781,25539,8307
SWARAJENG,18-MAR-2021,1331.65,1348.95,1305.0,1321.6,5469,3703,696
SWELECTES,18-MAR-2021,205.95,206.0,191.25,193.65,12084,7830,527
SWSOLAR,18-MAR-2021,266.4,272.2,248.95,252.85,476703,194278,9894
SYMPHONY,18-MAR-2021,1267.55,1278.0,1219.05,1226.05,41066,17369,5891
SYNGENE,18-MAR-2021,535.0,535.05,499.0,502.2,836675,556148,28981
TAINWALCHM,18-MAR-2021,63.0,63.95,58.1,60.05,29640,12807,725
TAJGVK,18-MAR-2021,118.2,120.2,115.3,116.4,107071,59814,2976
TAKE,18-MAR-2021,53.5,54.05,50.1,50.5,1714679,674664,8869
TALBROAUTO,18-MAR-2021,226.25,229.0,214.25,222.3,25889,14117,1353
TANLA,18-MAR-2021,984.0,984.0,905.1,905.1,215751,140597,10891
TARC,18-MAR-2021,30.95,31.4,28.0,28.35,452568,277216,2110
TARMAT,18-MAR-2021,48.9,50.8,46.5,47.0,25897,14689,422
TASTYBITE,18-MAR-2021,14199.9,14324.9,13510.15,14103.4,2522,1342,1239
TATACHEM,18-MAR-2021,743.0,752.9,705.25,715.15,8695141,1291893,126159
TATACOFFEE,18-MAR-2021,122.5,124.7,117.25,119.3,1820103,411540,13070
TATACOMM,18-MAR-2021,1162.9,1173.7,1142.1,1166.2,1558538,796385,38110
TATACONSUM,18-MAR-2021,606.0,608.2,587.0,594.9,3387208,1526869,71183
TATAELXSI,18-MAR-2021,2785.8,2802.95,2646.55,2674.7,424345,104825,34355
TATAINVEST,18-MAR-2021,1092.65,1123.0,1055.05,1062.25,28159,13580,3115
TATAMETALI,18-MAR-2021,745.05,762.0,731.05,746.55,116933,27582,6271
TATAMOTORS,18-MAR-2021,311.0,316.6,299.75,307.0,73731921,5223142,422219
TATAMTRDVR,18-MAR-2021,132.15,134.35,125.2,128.45,4107457,1223102,22726
TATAPOWER,18-MAR-2021,104.6,106.6,96.0,100.55,102669579,14234618,252227
TATASTEEL,18-MAR-2021,716.25,722.9,698.3,704.85,14320651,2289541,162830
TATASTLBSL,18-MAR-2021,45.9,46.55,44.9,45.3,7793911,2476568,8192
TATASTLLP,18-MAR-2021,683.7,697.2,670.5,676.2,63913,33927,2275
TBZ,18-MAR-2021,73.0,74.0,67.5,67.9,204886,131653,2688
TCI,18-MAR-2021,243.75,245.0,240.0,241.8,23254,13350,1140
TCIDEVELOP,18-MAR-2021,305.0,313.35,301.95,309.4,1812,1489,155
TCIEXP,18-MAR-2021,937.9,938.0,870.9,915.35,23556,10732,3269
TCIFINANCE,18-MAR-2021,5.8,5.85,5.45,5.5,7543,6737,38
TCNSBRANDS,18-MAR-2021,492.35,561.2,492.35,516.8,652510,75182,21647
TCPLPACK,18-MAR-2021,399.65,404.45,382.0,383.65,4702,3868,196
TCS,18-MAR-2021,3125.95,3146.45,2987.05,3036.5,3656306,1670043,164183
TDPOWERSYS,18-MAR-2021,150.05,152.5,141.75,143.15,44978,22252,889
TEAMLEASE,18-MAR-2021,3399.0,3520.0,3311.25,3398.1,22701,12883,4924
TECHM,18-MAR-2021,1034.0,1035.0,978.6,996.2,3738712,1361065,97631
TECHNOE,18-MAR-2021,293.65,295.3,282.85,292.95,86114,53955,5036
TEJASNET,18-MAR-2021,178.8,181.6,167.65,167.65,476294,321373,7785
TERASOFT,18-MAR-2021,40.7,40.7,37.2,37.55,19681,13624,387
TEXINFRA,18-MAR-2021,72.4,72.4,70.25,70.5,82932,59395,1207
TEXMOPIPES,18-MAR-2021,29.3,29.6,27.0,27.55,424550,204811,3163
TEXRAIL,18-MAR-2021,30.15,30.55,29.05,29.3,691701,330812,2594
TFCILTD,18-MAR-2021,61.85,64.7,60.2,63.3,1179197,478768,7628
TGBHOTELS,18-MAR-2021,5.0,5.35,4.85,5.1,159327,109830,303
THANGAMAYL,18-MAR-2021,607.0,612.25,600.2,603.1,20057,12848,1384
THEINVEST,18-MAR-2021,92.65,92.65,87.05,89.55,6925,4871,165
THEMISMED,18-MAR-2021,308.0,308.0,290.0,291.65,5833,3963,366
THERMAX,18-MAR-2021,1367.1,1381.95,1333.65,1372.3,28870,17466,4408
THOMASCOOK,18-MAR-2021,50.6,51.3,49.3,49.8,690855,338600,3365
THYROCARE,18-MAR-2021,867.0,877.35,856.25,863.4,41206,21965,5314
TI,18-MAR-2021,28.95,29.5,27.9,28.4,358630,154993,2187
TIDEWATER,18-MAR-2021,4448.0,4448.0,4325.0,4361.45,1303,705,525
TIIL,18-MAR-2021,373.85,376.25,346.05,354.9,16300,8641,1261
TIINDIA,18-MAR-2021,1189.9,1205.0,1138.9,1169.5,76970,45613,9812
TIL,18-MAR-2021,169.65,169.9,163.65,164.65,10971,7402,412
TIMESGTY,18-MAR-2021,25.4,26.2,23.05,23.25,5455,3504,171
TIMETECHNO,18-MAR-2021,59.0,59.8,55.25,55.8,461313,165819,3432
TIMKEN,18-MAR-2021,1259.05,1273.95,1241.05,1251.05,25300,15855,2749
TINPLATE,18-MAR-2021,160.95,162.8,153.2,156.2,289653,112297,6155
TIRUMALCHM,18-MAR-2021,98.25,99.45,92.3,93.35,588149,207367,8406
TITAN,18-MAR-2021,1485.6,1492.9,1463.0,1468.2,1242978,589556,52567
TMRVL,18-MAR-2021,14.5,14.5,13.8,13.8,46131,41325,190
TNPETRO,18-MAR-2021,49.3,52.1,47.7,49.9,1311428,352987,8007
TNPL,18-MAR-2021,149.15,152.35,144.25,145.3,576980,362750,9849
TOKYOPLAST,18-MAR-2021,70.55,70.55,68.6,69.85,14494,11922,144
TORNTPHARM,18-MAR-2021,2432.0,2433.6,2352.65,2366.75,353418,92592,18441
TORNTPOWER,18-MAR-2021,419.9,423.15,412.75,417.9,1547730,462898,19009
TOTAL,18-MAR-2021,44.55,46.85,44.55,45.55,21736,16261,199
TPLPLASTEH,18-MAR-2021,153.7,159.8,147.25,148.5,6625,4710,197
TREEHOUSE,18-MAR-2021,7.3,7.3,6.6,6.7,31511,27356,140
TREJHARA,18-MAR-2021,33.95,37.45,33.95,33.95,72563,42536,632
TRENT,18-MAR-2021,834.9,846.7,818.5,823.15,400106,64581,15590
TRF,18-MAR-2021,96.7,97.85,92.5,92.95,18216,13782,435
TRIDENT,18-MAR-2021,15.0,15.2,14.15,14.3,14259158,6525992,21288
TRIGYN,18-MAR-2021,70.0,71.3,66.0,66.75,67003,42873,797
TRIL,18-MAR-2021,18.7,19.1,16.9,17.8,359545,193861,1083
TRITURBINE,18-MAR-2021,105.0,106.55,101.25,102.3,272094,68744,7240
TRIVENI,18-MAR-2021,88.25,88.85,84.0,84.6,837001,310245,7376
TTKHLTCARE,18-MAR-2021,549.9,554.95,494.9,503.15,8285,5766,787
TTKPRESTIG,18-MAR-2021,7550.0,7588.25,7325.25,7367.4,6576,3499,3393
TTL,18-MAR-2021,46.6,47.6,44.1,44.6,27625,22763,356
TV18BRDCST,18-MAR-2021,32.0,32.6,30.4,30.8,7412622,2695226,10386
TVSMOTOR,18-MAR-2021,582.0,586.95,565.0,571.0,1285083,168838,20446
TVSSRICHAK,18-MAR-2021,1773.85,1798.0,1736.0,1744.5,7999,4852,1555
TVTODAY,18-MAR-2021,264.2,271.0,258.5,261.55,80987,46762,2057
TVVISION,18-MAR-2021,1.85,1.85,1.85,1.85,30111,30111,13
TWL,18-MAR-2021,50.3,50.85,48.3,48.6,385679,167575,4536
UBL,18-MAR-2021,1191.0,1214.7,1172.25,1188.75,245859,71452,10861
UCALFUEL,18-MAR-2021,148.0,149.95,141.0,142.7,140011,17311,9461
UCOBANK,18-MAR-2021,13.95,14.1,12.8,13.05,18109879,5541821,34214
UFLEX,18-MAR-2021,417.55,418.95,386.0,396.7,353306,129086,10341
UFO,18-MAR-2021,81.0,83.2,77.35,78.05,119619,77011,1747
UGARSUGAR,18-MAR-2021,16.75,17.15,16.25,16.4,189301,67229,815
UJJIVAN,18-MAR-2021,232.4,232.4,222.6,226.15,434523,209092,10759
UJJIVANSFB,18-MAR-2021,33.0,33.6,30.6,31.75,2943122,1585322,8821
ULTRACEMCO,18-MAR-2021,6595.0,6636.65,6466.7,6510.05,345807,105174,36910
UMANGDAIRY,18-MAR-2021,58.3,63.75,58.05,61.2,198374,51916,1460
UNICHEMLAB,18-MAR-2021,307.0,309.35,300.0,302.05,31694,19121,1314
UNIDT,18-MAR-2021,257.55,265.0,257.55,261.8,22008,15394,153
UNIENTER,18-MAR-2021,82.9,83.45,81.5,82.35,56652,49701,279
UNIONBANK,18-MAR-2021,36.0,36.0,34.5,35.15,7160984,2582600,13521
UNITEDTEA,18-MAR-2021,323.0,324.0,291.2,300.25,12821,8246,687
UNIVCABLES,18-MAR-2021,147.0,148.45,140.4,141.55,57309,45650,822
UNIVPHOTO,18-MAR-2021,180.35,183.0,175.6,182.25,3909,2829,153
UPL,18-MAR-2021,617.65,622.8,594.05,601.3,6154177,703583,85001
USHAMART,18-MAR-2021,33.15,34.35,31.5,32.05,2386592,648727,7616
UTIAMC,18-MAR-2021,580.0,584.7,555.0,565.9,135575,56575,9124
UTIBANKETF,18-MAR-2021,34.51,34.78,33.37,33.88,10199,6634,183
UTINEXT50,18-MAR-2021,356.0,360.0,345.05,351.27,3644,3416,53
UTINIFTETF,18-MAR-2021,1589.09,1589.09,1515.5,1519.1,605,553,93
UTISENSETF,18-MAR-2021,528.69,533.0,509.46,510.81,3865,3816,109
UTISXN50,18-MAR-2021,40.68,41.87,39.3,40.0,2358,1865,85
UTTAMSUGAR,18-MAR-2021,94.85,96.35,87.4,92.7,95655,30184,1749
V2RETAIL,18-MAR-2021,133.95,134.0,125.9,125.9,78840,54533,1557
VADILALIND,18-MAR-2021,916.05,936.15,916.05,926.1,12852,7633,1883
VAIBHAVGBL,18-MAR-2021,4150.0,4211.95,3813.0,3861.35,110261,49118,23917
VAKRANGEE,18-MAR-2021,52.35,52.5,50.3,50.5,1486865,1107258,2860
VALIANTORG,18-MAR-2021,1270.25,1293.25,1231.0,1243.0,14461,10063,1225
VARDHACRLC,18-MAR-2021,39.15,39.3,37.0,37.1,28997,18812,197
VARDMNPOLY,18-MAR-2021,23.1,23.15,21.15,21.15,67259,49072,218
VARROC,18-MAR-2021,371.0,406.7,371.0,394.75,445483,98904,17193
VASCONEQ,18-MAR-2021,18.2,18.3,16.75,16.95,233265,157372,823
VASWANI,18-MAR-2021,11.1,11.35,10.35,10.6,57824,50343,180
VBL,18-MAR-2021,1007.0,1025.05,967.3,975.45,221772,93388,17361
VEDL,18-MAR-2021,225.4,226.35,221.0,221.85,19059687,7467689,105815
VENKEYS,18-MAR-2021,1605.0,1617.7,1551.3,1565.35,51931,17787,4534
VENUSREM,18-MAR-2021,271.9,279.0,252.5,257.9,221760,113413,4061
VERTOZ,18-MAR-2021,274.9,279.0,260.0,262.3,183729,51026,5729
VESUVIUS,18-MAR-2021,1009.95,1010.5,964.95,969.7,9989,4693,1300
VETO,18-MAR-2021,132.0,136.75,125.05,125.05,22514,17164,485
VGUARD,18-MAR-2021,238.4,242.0,229.75,231.9,845987,273480,30033
VHL,18-MAR-2021,1813.3,1848.0,1793.0,1799.85,615,422,120
VIDHIING,18-MAR-2021,167.0,172.0,154.05,157.5,1217772,372753,27301
VIJIFIN,18-MAR-2021,0.7,0.7,0.65,0.65,117406,83879,88
VIKASECO,18-MAR-2021,2.4,2.5,2.3,2.5,2649354,1369972,3194
VIKASMCORP,18-MAR-2021,3.2,3.4,3.15,3.2,7710123,3862697,10026
VIKASPROP,18-MAR-2021,2.35,2.35,2.2,2.25,1759442,825278,6424
VIKASWSP,18-MAR-2021,7.0,7.1,6.6,6.6,512702,356339,595
VIMTALABS,18-MAR-2021,168.0,174.0,160.0,162.45,41960,23648,1334
VINATIORGA,18-MAR-2021,1408.05,1419.6,1350.35,1374.25,43061,23191,4319
VINDHYATEL,18-MAR-2021,833.9,837.0,792.0,800.4,18625,9955,2597
VINYLINDIA,18-MAR-2021,127.0,127.0,113.55,118.3,104074,55668,1717
VIPIND,18-MAR-2021,387.0,387.0,366.25,372.4,282166,105384,12354
VISAKAIND,18-MAR-2021,487.1,495.05,483.65,491.5,47127,27339,2507
VISASTEEL,18-MAR-2021,8.0,8.25,7.6,7.6,38965,28759,123
VISHAL,18-MAR-2021,73.05,73.05,73.05,73.05,7751,7751,67
VISHNU,18-MAR-2021,211.8,229.45,211.25,229.45,160387,114396,3011
VISHWARAJ,18-MAR-2021,161.0,164.8,130.65,139.05,229993,105607,5599
VIVIMEDLAB,18-MAR-2021,18.3,18.55,17.05,17.15,554680,325238,2022
VLSFINANCE,18-MAR-2021,84.35,87.9,79.8,83.85,165802,74224,2337
VMART,18-MAR-2021,2789.8,2789.9,2654.3,2756.6,12944,6793,2741
VOLTAMP,18-MAR-2021,1111.05,1132.0,1089.95,1093.1,8277,5700,1287
VOLTAS,18-MAR-2021,1018.0,1021.9,968.7,987.0,2393287,807892,50322
VRLLOG,18-MAR-2021,237.0,242.8,229.85,231.55,247528,67521,6940
VSSL,18-MAR-2021,152.7,156.65,141.75,142.55,141711,60638,4639
VSTIND,18-MAR-2021,3410.0,3433.45,3343.0,3351.7,3620,2363,909
VSTTILLERS,18-MAR-2021,1831.0,1845.0,1810.25,1829.1,7297,3847,1471
VTL,18-MAR-2021,1223.2,1245.45,1192.1,1238.1,30695,16286,2530
WABAG,18-MAR-2021,258.05,261.8,241.2,246.9,557023,205964,12234
WABCOINDIA,18-MAR-2021,6021.3,6200.0,6002.0,6050.9,1621,1066,644
WALCHANNAG,18-MAR-2021,67.75,69.95,63.75,64.5,618456,120108,9233
WATERBASE,18-MAR-2021,110.35,113.0,104.2,105.5,97826,44743,2800
WEALTH,18-MAR-2021,128.4,139.9,128.2,131.45,599,264,59
WEBELSOLAR,18-MAR-2021,43.4,44.85,42.5,42.5,148674,85439,755
WEIZMANIND,18-MAR-2021,45.95,47.25,42.95,43.15,19743,13130,213
WELCORP,18-MAR-2021,129.5,136.25,129.25,133.6,2766138,836804,27252
WELENT,18-MAR-2021,117.05,120.0,108.45,111.45,319928,158577,4429
WELINV,18-MAR-2021,380.9,391.95,375.0,375.3,744,476,108
WELSPUNIND,18-MAR-2021,80.5,81.95,73.0,77.1,2375865,806050,13409
WENDT,18-MAR-2021,3206.6,3206.6,3141.0,3160.05,412,311,108
WESTLIFE,18-MAR-2021,495.5,514.1,495.5,504.85,166383,113030,6531
WHEELS,18-MAR-2021,452.95,452.95,440.0,444.15,8995,4361,685
WHIRLPOOL,18-MAR-2021,2390.0,2413.7,2347.9,2373.85,63997,43931,6490
WILLAMAGOR,18-MAR-2021,20.65,20.8,19.1,19.65,14097,7970,183
WINDMACHIN,18-MAR-2021,30.5,31.0,27.4,27.9,183136,104063,906
WIPRO,18-MAR-2021,423.25,424.15,404.3,410.15,10082931,2423543,112297
WOCKPHARMA,18-MAR-2021,462.7,464.9,430.1,434.9,565151,188946,15786
WONDERLA,18-MAR-2021,203.2,207.25,196.65,198.6,94118,53775,2821
WORTH,18-MAR-2021,55.55,55.55,51.1,51.85,11537,7947,150
WSI,18-MAR-2021,5.25,5.3,4.95,4.95,6476,5456,46
WSTCSTPAPR,18-MAR-2021,247.8,255.5,232.65,239.35,355162,124876,8466
XCHANGING,18-MAR-2021,70.4,70.9,67.0,67.3,165183,109776,1734
XELPMOC,18-MAR-2021,292.75,299.9,271.4,272.05,33500,19353,3831
XPROINDIA,18-MAR-2021,54.0,55.4,51.85,52.85,10394,8616,122
YAARII,18-MAR-2021,145.55,148.1,137.35,138.3,333621,160086,4749
YESBANK,18-MAR-2021,15.2,15.3,14.8,14.9,92968773,37634176,94516
ZEEL,18-MAR-2021,206.4,214.85,204.1,207.1,22859020,3735077,128054
ZEELEARN,18-MAR-2021,11.25,11.25,10.8,10.9,421072,312340,948
ZEEMEDIA,18-MAR-2021,6.7,6.85,6.35,6.35,2339598,1678777,6329
ZENITHEXPO,18-MAR-2021,70.0,70.0,65.2,66.35,3745,2380,152
ZENSARTECH,18-MAR-2021,317.0,323.0,294.0,300.75,441405,124443,13962
ZENTEC,18-MAR-2021,88.8,89.35,71.55,82.5,392392,208247,6172
ZODIACLOTH,18-MAR-2021,102.15,103.5,95.55,97.7,114015,60570,2138
ZODJRDMKJ,18-MAR-2021,27.1,28.15,27.05,27.2,2107,1134,110
ZOTA,18-MAR-2021,148.2,148.25,143.1,143.45,10047,2456,145
ZUARI,18-MAR-2021,93.05,94.5,90.05,91.1,83552,42920,1543
ZYDUSWELL,18-MAR-2021,1869.8,1894.95,1851.0,1875.0,60608,41581,13694
