20MICRONS,22-MAR-2021,35.95,37.0,35.0,36.05,74675,47369,378
21STCENMGM,22-MAR-2021,14.5,14.5,14.5,14.5,2177,2177,9
3IINFOTECH,22-MAR-2021,7.85,8.15,7.8,7.85,8448959,4887734,42037
3MINDIA,22-MAR-2021,27585.0,27880.9,26601.0,27435.85,11794,6970,6864
3PLAND,22-MAR-2021,8.8,8.8,8.35,8.6,4381,2619,40
5PAISA,22-MAR-2021,284.3,284.3,272.05,277.15,17715,9243,604
63MOONS,22-MAR-2021,76.55,78.25,75.5,75.95,29546,19880,537
A2ZINFRA,22-MAR-2021,3.9,4.2,3.8,3.95,829493,550311,645
AARON,22-MAR-2021,59.7,60.25,57.5,58.35,2020,1618,65
AARTIDRUGS,22-MAR-2021,763.0,770.0,726.0,733.95,3072899,778963,121466
AARTIIND,22-MAR-2021,1264.8,1290.05,1240.0,1282.75,151246,68863,9749
AARTISURF,22-MAR-2021,970.0,984.25,945.25,948.05,5715,2616,831
AARVEEDEN,22-MAR-2021,17.65,17.95,17.2,17.5,4011,3171,54
AARVI,22-MAR-2021,53.65,53.65,52.0,52.25,2302,2061,25
AAVAS,22-MAR-2021,2298.0,2374.95,2294.0,2351.95,131891,73929,21935
ABAN,22-MAR-2021,32.35,33.8,31.95,33.15,103190,61562,886
ABB,22-MAR-2021,1414.0,1428.0,1385.0,1388.6,77105,32157,10724
ABBOTINDIA,22-MAR-2021,14855.0,14855.0,14500.0,14646.5,12736,5332,4288
ABCAPITAL,22-MAR-2021,120.8,122.6,119.05,120.8,2094161,759121,15775
ABFRL,22-MAR-2021,205.9,207.65,202.25,205.9,1753377,936405,37423
ABMINTLTD,22-MAR-2021,51.0,55.9,50.75,55.9,2274,2100,61
ABSLBANETF,22-MAR-2021,339.0,345.0,332.77,333.85,225,94,41
ABSLNN50ET,22-MAR-2021,368.44,368.44,348.3,354.97,111,100,40
ACC,22-MAR-2021,1760.0,1873.9,1751.2,1860.0,4627665,1202267,96166
ACCELYA,22-MAR-2021,899.65,899.65,881.0,896.65,1975,1191,298
ACCURACY,22-MAR-2021,54.9,54.9,52.6,54.8,965,756,18
ACE,22-MAR-2021,157.0,164.5,154.0,160.3,356579,240883,4717
ACRYSIL,22-MAR-2021,338.0,341.65,325.0,330.85,55860,30066,1855
ADANIENT,22-MAR-2021,892.9,1003.0,883.45,991.05,22596465,1548950,314562
ADANIGREEN,22-MAR-2021,1252.2,1252.2,1234.95,1252.2,382028,208484,9537
ADANIPORTS,22-MAR-2021,686.0,726.25,681.0,721.9,22864950,3097181,314032
ADANIPOWER,22-MAR-2021,93.5,96.8,93.5,96.8,26846097,9630018,74678
ADANITRANS,22-MAR-2021,767.8,807.0,758.15,792.15,1802300,771974,32290
ADFFOODS,22-MAR-2021,884.9,901.0,873.7,895.5,26663,9627,3501
ADHUNIKIND,22-MAR-2021,20.7,20.7,18.55,19.65,13026,9594,113
ADORWELD,22-MAR-2021,309.9,316.5,307.9,315.3,24343,19143,614
ADSL,22-MAR-2021,51.0,51.1,47.6,48.3,215757,108253,1382
ADVANIHOTR,22-MAR-2021,61.05,61.65,59.25,61.15,14997,11998,239
ADVENZYMES,22-MAR-2021,357.0,360.0,352.0,355.15,104517,52297,4028
AEGISCHEM,22-MAR-2021,301.0,301.0,291.5,294.8,132798,51446,5598
AFFLE,22-MAR-2021,5370.85,5440.0,5255.3,5299.05,59204,35904,13867
AGCNET,22-MAR-2021,1049.35,1058.0,1010.55,1039.9,3545,2017,252
AGRITECH,22-MAR-2021,33.9,34.95,33.05,33.75,4792,2101,153
AGROPHOS,22-MAR-2021,11.4,12.0,10.9,12.0,59815,46550,236
AHLADA,22-MAR-2021,94.4,95.95,93.05,95.6,709,532,26
AHLEAST,22-MAR-2021,161.0,161.65,157.0,161.65,1912,1639,66
AHLUCONT,22-MAR-2021,307.5,309.0,298.0,305.15,25235,19235,929
AHLWEST,22-MAR-2021,211.25,218.35,209.4,215.15,2061,1236,159
AIAENG,22-MAR-2021,1873.1,1925.0,1873.1,1913.2,52126,24327,7219
AIRAN,22-MAR-2021,17.25,17.3,15.9,16.15,409302,387177,587
AJANTPHARM,22-MAR-2021,1825.4,1825.4,1774.0,1778.8,74856,47367,8702
AJMERA,22-MAR-2021,130.0,136.75,117.05,130.25,943229,184380,13257
AKASH,22-MAR-2021,204.0,209.0,192.0,206.3,60442,54468,770
AKG,22-MAR-2021,90.3,90.3,90.3,90.3,641,641,17
AKSHARCHEM,22-MAR-2021,243.0,243.0,234.7,235.75,12104,8603,842
AKSHOPTFBR,22-MAR-2021,6.2,6.3,5.85,5.95,279059,188023,517
AKZOINDIA,22-MAR-2021,2205.0,2230.0,2178.85,2213.6,10866,4753,2781
ALANKIT,22-MAR-2021,15.6,15.75,15.0,15.1,158423,132194,517
ALBERTDAVD,22-MAR-2021,391.6,391.6,382.0,384.3,11349,7520,593
ALEMBICLTD,22-MAR-2021,100.0,101.65,99.7,101.1,228365,146770,3442
ALICON,22-MAR-2021,500.0,514.2,481.0,489.5,51906,15818,3460
ALKALI,22-MAR-2021,48.95,48.95,47.3,47.6,12163,8990,227
ALKEM,22-MAR-2021,2634.2,2659.3,2606.2,2620.55,120147,81786,10996
ALKYLAMINE,22-MAR-2021,5384.0,5423.6,5309.0,5330.15,26834,12665,5621
ALLCARGO,22-MAR-2021,129.3,132.6,129.1,130.75,182870,79853,1805
ALLSEC,22-MAR-2021,312.85,319.9,305.0,317.8,6560,3594,281
ALMONDZ,22-MAR-2021,27.05,29.3,26.75,27.2,12735,8215,239
ALOKINDS,22-MAR-2021,20.8,21.95,20.6,20.9,16743394,4934422,20693
ALPA,22-MAR-2021,36.45,36.95,35.2,36.5,24174,17431,232
ALPHAGEO,22-MAR-2021,197.45,197.45,191.1,192.55,9795,7494,352
AMARAJABAT,22-MAR-2021,871.0,876.45,865.1,874.4,353785,93209,10754
AMBER,22-MAR-2021,3275.0,3394.0,3236.05,3335.85,63904,22143,11062
AMBIKCO,22-MAR-2021,996.05,1000.0,976.1,981.85,7122,4193,1033
AMBUJACEM,22-MAR-2021,284.45,297.8,278.0,295.6,11182565,2880805,88706
AMJLAND,22-MAR-2021,23.45,24.75,22.8,23.5,24979,21181,182
AMRUTANJAN,22-MAR-2021,502.0,523.0,502.0,519.3,71339,24647,3045
ANANTRAJ,22-MAR-2021,55.0,56.05,53.95,54.1,314182,215084,2033
ANDHRACEMT,22-MAR-2021,6.0,6.1,5.7,5.9,214152,138757,741
ANDHRAPAP,22-MAR-2021,230.65,234.85,227.1,233.35,15780,9758,328
ANDHRSUGAR,22-MAR-2021,303.0,306.0,293.3,304.95,60298,22013,2464
ANGELBRKG,22-MAR-2021,306.0,315.5,305.35,313.95,145667,99534,2559
ANIKINDS,22-MAR-2021,15.9,16.6,15.9,16.25,2738,2389,22
ANKITMETAL,22-MAR-2021,1.05,1.1,1.05,1.1,115634,47799,78
ANSALAPI,22-MAR-2021,6.7,6.95,6.55,6.65,119608,79694,226
ANSALHSG,22-MAR-2021,6.1,6.1,5.8,5.85,73492,38260,135
ANUP,22-MAR-2021,580.0,595.05,575.0,588.6,44241,38282,1383
APARINDS,22-MAR-2021,471.9,478.0,455.8,462.05,44256,28848,1668
APCL,22-MAR-2021,207.9,214.0,207.0,211.55,34909,22693,807
APCOTEXIND,22-MAR-2021,178.0,185.9,177.85,180.2,96031,29291,4448
APEX,22-MAR-2021,217.6,228.75,217.5,221.65,76140,34077,2834
APLAPOLLO,22-MAR-2021,1254.6,1296.9,1245.0,1283.8,538272,419127,21333
APLLTD,22-MAR-2021,890.1,925.95,888.65,916.2,555759,314335,11886
APOLLO,22-MAR-2021,100.0,101.45,96.5,99.15,198324,71292,5617
APOLLOHOSP,22-MAR-2021,2913.0,2944.25,2875.0,2905.1,488626,118429,24858
APOLLOPIPE,22-MAR-2021,850.1,859.0,811.9,827.65,27885,11550,2433
APOLLOTYRE,22-MAR-2021,226.0,226.75,220.7,224.4,5402029,545455,31149
APOLSINHOT,22-MAR-2021,529.95,547.75,525.0,529.75,532,445,46
APTECHT,22-MAR-2021,207.0,211.8,205.0,208.45,211265,50561,6918
ARCHIES,22-MAR-2021,11.0,11.0,10.8,10.95,30378,27591,168
ARENTERP,22-MAR-2021,11.3,11.7,10.95,11.55,1320,259,27
ARIES,22-MAR-2021,88.7,89.9,87.1,88.6,30515,17636,597
ARIHANT,22-MAR-2021,19.7,20.2,19.1,19.2,915,774,43
ARIHANTSUP,22-MAR-2021,32.55,35.0,32.55,34.35,35729,13674,184
ARMANFIN,22-MAR-2021,632.0,647.5,624.3,633.1,8329,4577,674
AROGRANITE,22-MAR-2021,43.0,43.5,39.65,42.5,63132,34310,790
ARSSINFRA,22-MAR-2021,22.15,22.95,21.6,22.0,9933,5450,144
ARTEMISMED,22-MAR-2021,216.2,228.0,211.0,224.45,1767,1290,88
ARVEE,22-MAR-2021,43.55,43.55,43.55,43.55,9,9,1
ARVIND,22-MAR-2021,70.95,73.9,68.55,72.35,1033524,483118,7337
ARVINDFASN,22-MAR-2021,153.95,154.8,149.0,153.85,127775,58060,3581
ARVSMART,22-MAR-2021,95.45,99.0,95.45,97.05,55988,24724,922
ASAHIINDIA,22-MAR-2021,302.65,309.0,300.0,302.6,17464,8969,786
ASAHISONG,22-MAR-2021,317.0,321.35,310.5,312.85,11903,6403,506
ASALCBR,22-MAR-2021,416.6,430.6,415.0,427.7,110126,68309,3600
ASHAPURMIN,22-MAR-2021,100.15,104.2,99.45,99.45,381276,299895,4222
ASHIANA,22-MAR-2021,132.65,144.0,132.55,136.8,125882,52196,3181
ASHIMASYN,22-MAR-2021,15.45,16.3,15.45,15.85,66799,46409,247
ASHOKA,22-MAR-2021,104.45,104.6,102.3,102.7,771374,257007,16978
ASHOKLEY,22-MAR-2021,116.1,116.75,112.5,113.75,16392169,3868499,76242
ASIANHOTNR,22-MAR-2021,67.0,70.45,65.95,67.6,7707,5384,120
ASIANPAINT,22-MAR-2021,2390.0,2438.1,2390.0,2425.7,1489853,591788,74852
ASIANTILES,22-MAR-2021,161.0,166.8,159.05,160.25,533843,243391,7958
ASPINWALL,22-MAR-2021,186.95,186.95,179.05,180.85,2212,1274,108
ASTEC,22-MAR-2021,1060.6,1099.0,1051.0,1072.15,15989,7375,3165
ASTERDM,22-MAR-2021,140.2,143.95,139.15,143.4,178862,74606,3121
ASTRAL,22-MAR-2021,1672.0,1730.0,1661.05,1705.45,175632,74670,18725
ASTRAMICRO,22-MAR-2021,136.5,142.8,134.0,139.35,537677,225804,6755
ASTRAZEN,22-MAR-2021,3265.5,3384.85,3213.1,3292.0,118907,18798,16679
ASTRON,22-MAR-2021,44.55,48.0,43.55,44.1,113231,82279,580
ATFL,22-MAR-2021,813.5,818.85,804.75,814.5,4984,3427,1011
ATGL,22-MAR-2021,745.45,852.0,745.45,819.1,4323983,1227174,92407
ATLANTA,22-MAR-2021,7.4,7.6,7.25,7.3,22290,17994,136
ATUL,22-MAR-2021,6764.0,7038.4,6670.05,6920.45,66938,38568,9542
ATULAUTO,22-MAR-2021,187.9,187.9,182.5,183.8,60214,25158,1972
AUBANK,22-MAR-2021,1209.0,1234.75,1195.0,1222.9,758035,298796,36627
AURIONPRO,22-MAR-2021,130.2,135.75,122.05,124.7,105847,66178,2362
AUROPHARMA,22-MAR-2021,830.1,849.5,826.0,835.25,3077093,963773,86188
AUSOMENT,22-MAR-2021,49.0,49.25,46.3,48.55,5029,3540,161
AUTOAXLES,22-MAR-2021,1169.45,1171.4,1116.0,1130.7,11721,6600,1463
AUTOIND,22-MAR-2021,40.45,40.45,37.5,38.55,52293,31915,567
AVADHSUGAR,22-MAR-2021,189.2,193.6,188.25,190.45,73322,18787,1995
AVANTIFEED,22-MAR-2021,455.0,461.7,443.0,455.95,369985,162973,26196
AVTNPL,22-MAR-2021,43.5,45.75,43.5,45.0,78300,42792,621
AWHCL,22-MAR-2021,263.5,268.8,263.0,264.05,71030,28237,3230
AXISBANK,22-MAR-2021,719.0,730.0,709.3,716.2,14802230,5231297,180771
AXISBNKETF,22-MAR-2021,336.41,338.0,332.5,334.16,1487,1470,92
AXISCADES,22-MAR-2021,47.65,47.65,41.55,43.15,87877,52980,848
AXISGOLD,22-MAR-2021,39.69,39.95,38.9,38.93,234516,153780,2186
AXISNIFTY,22-MAR-2021,152.75,155.0,151.1,153.1,3136,2714,185
AYMSYNTEX,22-MAR-2021,47.9,47.9,44.55,45.15,19012,17666,134
BAFNAPH,22-MAR-2021,186.8,186.8,186.8,186.8,6610,6610,85
BAGFILMS,22-MAR-2021,2.3,2.3,2.2,2.2,276749,190651,180
BAJAJ-AUTO,22-MAR-2021,3650.2,3685.0,3634.3,3664.75,502724,190957,50732
BAJAJCON,22-MAR-2021,270.7,272.9,265.65,269.2,345872,127255,10674
BAJAJELEC,22-MAR-2021,934.9,949.7,922.65,934.0,87412,42546,5645
BAJAJFINSV,22-MAR-2021,9450.0,9494.95,9312.05,9405.85,293029,55008,39865
BAJAJHIND,22-MAR-2021,6.5,6.75,6.4,6.55,4027206,1626605,4995
BAJAJHLDNG,22-MAR-2021,3427.8,3455.0,3366.15,3428.3,20010,7982,4024
BAJFINANCE,22-MAR-2021,5446.5,5497.0,5337.0,5389.35,1938461,317881,136945
BALAJITELE,22-MAR-2021,59.3,59.75,57.6,57.9,388426,202030,2393
BALAMINES,22-MAR-2021,1719.0,1719.0,1673.35,1691.8,70348,17948,5901
BALAXI,22-MAR-2021,559.65,559.65,524.7,530.25,2693,1671,315
BALKRISIND,22-MAR-2021,1615.0,1628.95,1601.55,1622.35,379095,156656,20273
BALMLAWRIE,22-MAR-2021,134.7,140.8,134.05,137.75,916718,206406,12957
BALPHARMA,22-MAR-2021,54.0,59.0,54.0,56.5,96875,31548,1056
BALRAMCHIN,22-MAR-2021,202.2,207.3,198.1,204.2,1580377,355811,18006
BANARBEADS,22-MAR-2021,52.3,54.45,51.85,52.3,4369,3606,85
BANARISUG,22-MAR-2021,1735.05,1765.55,1700.0,1705.8,869,280,303
BANCOINDIA,22-MAR-2021,145.0,151.0,145.0,146.85,121397,55398,2701
BANDHANBNK,22-MAR-2021,346.05,355.45,343.3,352.6,9247050,2634238,83384
BANG,22-MAR-2021,27.05,27.95,26.5,27.4,1702,1067,68
BANKA,22-MAR-2021,58.15,61.5,58.15,58.3,6515,4851,140
BANKBARODA,22-MAR-2021,73.8,74.65,71.75,72.45,43215479,9689849,90179
BANKBEES,22-MAR-2021,342.54,345.0,335.55,337.91,929759,300240,15129
BANKINDIA,22-MAR-2021,67.0,69.25,66.35,68.4,4182860,1055171,19346
BANSWRAS,22-MAR-2021,116.0,116.0,105.6,108.0,6250,4506,202
BASF,22-MAR-2021,2055.05,2117.8,2052.25,2087.75,31548,10732,4077
BASML,22-MAR-2021,64.7,66.1,63.5,64.9,15568,6438,501
BATAINDIA,22-MAR-2021,1489.8,1491.0,1468.5,1476.05,264088,89212,12944
BAYERCROP,22-MAR-2021,5149.95,5149.95,5055.0,5093.8,7366,4732,1679
BBL,22-MAR-2021,1152.0,1154.0,1105.0,1117.5,15084,6406,2008
BBTC,22-MAR-2021,1174.35,1185.0,1154.55,1170.1,50376,19358,4333
BCG,22-MAR-2021,9.4,9.4,8.8,8.95,2751926,1450908,1988
BCLIND,22-MAR-2021,102.0,117.85,100.75,114.2,122895,40687,3287
BCP,22-MAR-2021,3.5,3.6,3.3,3.6,3685490,2647880,1410
BDL,22-MAR-2021,363.0,367.0,350.25,358.35,1695839,185384,49129
BEARDSELL,22-MAR-2021,9.45,9.95,9.0,9.25,59981,55725,69
BECTORFOOD,22-MAR-2021,344.4,356.0,342.05,347.5,480365,183750,14253
BEDMUTHA,22-MAR-2021,22.6,23.0,22.1,22.85,2879,2316,45
BEL,22-MAR-2021,128.7,131.95,127.35,127.95,12981794,3763004,67113
BEML,22-MAR-2021,1390.0,1419.95,1360.1,1387.1,1563755,241505,57410
BEPL,22-MAR-2021,151.0,154.95,149.7,152.65,568854,260555,6431
BERGEPAINT,22-MAR-2021,726.1,734.45,717.6,732.05,767576,277269,16608
BESTAGRO,22-MAR-2021,459.0,507.95,436.0,507.95,70172,33840,2836
BFINVEST,22-MAR-2021,285.85,287.7,281.45,283.05,7064,2221,379
BFUTILITIE,22-MAR-2021,263.7,267.7,259.1,261.9,118581,38235,4720
BGRENERGY,22-MAR-2021,45.7,48.2,45.5,46.95,141237,77006,1046
BHAGERIA,22-MAR-2021,163.0,168.0,163.0,163.9,34750,18068,743
BHAGYAPROP,22-MAR-2021,29.05,29.05,28.5,28.55,7373,6654,23
BHARATFORG,22-MAR-2021,591.0,607.95,591.0,596.85,1512975,540276,31421
BHARATGEAR,22-MAR-2021,76.9,79.35,76.9,78.2,11773,4925,327
BHARATRAS,22-MAR-2021,9563.95,9700.0,9538.95,9642.55,958,529,554
BHARTIARTL,22-MAR-2021,533.05,534.0,523.0,528.0,13331409,5372570,157176
BHEL,22-MAR-2021,52.05,52.8,51.25,52.2,48322688,6392192,71068
BIGBLOC,22-MAR-2021,111.2,111.2,111.15,111.15,105481,51356,374
BIL,22-MAR-2021,156.85,164.7,152.0,159.35,39957,18923,1365
BINDALAGRO,22-MAR-2021,17.05,17.6,16.7,17.05,67246,29291,377
BIOCON,22-MAR-2021,395.6,403.4,394.05,402.25,3713607,1807750,32255
BIRLACABLE,22-MAR-2021,64.75,66.9,63.5,64.45,207095,50228,2647
BIRLACORPN,22-MAR-2021,800.0,839.7,790.1,831.7,187752,91623,9545
BIRLAMONEY,22-MAR-2021,42.85,43.65,42.65,42.9,83855,41392,799
BIRLATYRE,22-MAR-2021,25.8,25.8,24.75,25.0,231027,140081,1891
BKMINDST,22-MAR-2021,1.05,1.05,1.0,1.0,29405,29405,86
BLISSGVS,22-MAR-2021,105.0,106.0,101.65,102.3,745114,393749,6769
BLS,22-MAR-2021,104.5,104.8,100.8,101.6,141274,84305,5210
BLUEDART,22-MAR-2021,5315.0,5482.0,5202.95,5244.15,15924,6260,3210
BLUESTARCO,22-MAR-2021,909.0,919.7,881.75,895.4,99756,45316,9354
BODALCHEM,22-MAR-2021,91.0,96.75,90.1,94.0,1901533,495107,18982
BOMDYEING,22-MAR-2021,74.9,76.05,73.65,74.95,1469203,336388,8818
BOROLTD,22-MAR-2021,173.7,173.7,169.1,169.7,91382,61937,2743
BORORENEW,22-MAR-2021,264.0,267.7,257.5,258.95,217601,123925,7386
BOSCHLTD,22-MAR-2021,14527.55,14550.0,14284.75,14349.8,22321,6035,5737
BPCL,22-MAR-2021,438.25,442.0,434.35,439.35,13671931,5726615,114088
BPL,22-MAR-2021,24.85,25.6,24.2,25.0,123375,68459,853
BRFL,22-MAR-2021,7.6,7.8,7.2,7.75,211847,155315,3867
BRIGADE,22-MAR-2021,249.6,254.15,243.0,251.5,182657,101161,10218
BRITANNIA,22-MAR-2021,3440.1,3570.0,3440.1,3564.4,820046,323676,57104
BRNL,22-MAR-2021,31.65,31.65,30.5,30.65,24208,15706,385
BROOKS,22-MAR-2021,55.05,56.0,53.05,53.5,10837,9344,207
BSE,22-MAR-2021,571.7,572.0,562.4,568.55,153531,66974,4678
BSELINFRA,22-MAR-2021,0.95,1.05,0.95,0.95,155066,154066,27
BSL,22-MAR-2021,35.0,35.35,34.1,34.4,5242,4550,109
BSLGOLDETF,22-MAR-2021,4144.95,4144.95,4090.05,4101.55,365,197,141
BSLNIFTY,22-MAR-2021,159.6,164.38,159.6,161.93,185,96,46
BSOFT,22-MAR-2021,243.0,250.75,240.45,248.2,1141179,675670,17022
BURGERKING,22-MAR-2021,136.4,139.75,135.15,137.4,1170429,488840,15550
BUTTERFLY,22-MAR-2021,548.0,552.55,538.0,545.55,142280,10682,19347
BYKE,22-MAR-2021,22.25,22.25,20.95,21.15,38127,25024,299
CADILAHC,22-MAR-2021,427.55,438.0,425.75,431.65,2032262,344540,29525
CALSOFT,22-MAR-2021,8.95,9.1,8.8,9.05,13194,7148,85
CAMLINFINE,22-MAR-2021,143.05,146.75,139.1,145.9,1269979,267021,47251
CAMS,22-MAR-2021,1862.0,1893.0,1832.4,1865.85,105102,73017,8021
CANBK,22-MAR-2021,151.0,154.25,147.5,150.0,19111354,3196475,66935
CANFINHOME,22-MAR-2021,580.95,612.0,577.95,602.4,1378357,551019,36445
CANTABIL,22-MAR-2021,377.8,378.0,372.4,374.2,112246,21657,3840
CAPACITE,22-MAR-2021,196.45,201.7,193.0,198.65,99821,37959,3041
CAPLIPOINT,22-MAR-2021,426.05,437.7,426.05,428.4,76533,42692,3166
CARBORUNIV,22-MAR-2021,467.25,479.95,466.0,468.85,196549,126792,8467
CAREERP,22-MAR-2021,138.0,139.95,136.05,139.15,14568,8657,395
CARERATING,22-MAR-2021,449.0,454.8,436.0,438.2,156424,86430,5957
CASTROLIND,22-MAR-2021,118.55,119.6,117.8,118.8,1438280,738547,12307
CCHHL,22-MAR-2021,4.55,4.55,4.25,4.3,80031,61816,133
CCL,22-MAR-2021,244.0,245.0,238.25,239.9,60075,32552,5536
CDSL,22-MAR-2021,615.0,616.75,604.4,609.5,543384,200368,18458
CEATLTD,22-MAR-2021,1586.0,1586.95,1538.95,1548.3,125465,15689,8092
CENTENKA,22-MAR-2021,264.0,266.0,258.55,260.65,28870,16834,1205
CENTEXT,22-MAR-2021,4.15,4.2,4.0,4.1,77448,54092,128
CENTRALBK,22-MAR-2021,16.45,16.75,15.8,15.9,11643707,6650099,34729
CENTRUM,22-MAR-2021,27.75,28.8,27.4,27.85,6124001,2159532,7715
CENTUM,22-MAR-2021,395.25,401.0,390.05,394.45,6073,2669,366
CENTURYPLY,22-MAR-2021,290.5,301.0,290.5,298.9,99196,64285,4777
CENTURYTEX,22-MAR-2021,473.05,487.05,468.75,483.65,413517,104823,8650
CERA,22-MAR-2021,3915.0,3921.2,3816.45,3859.75,13076,9940,1791
CEREBRAINT,22-MAR-2021,52.4,53.4,51.3,52.55,754006,275506,4263
CESC,22-MAR-2021,612.2,612.2,595.7,597.75,383117,244882,8551
CGCL,22-MAR-2021,354.9,364.8,346.45,361.5,94622,27627,5927
CGPOWER,22-MAR-2021,61.4,61.85,59.55,61.85,3119312,1866989,6685
CHALET,22-MAR-2021,157.25,158.1,155.2,156.3,123045,59898,2720
CHAMBLFERT,22-MAR-2021,217.3,222.85,217.1,221.05,639503,282315,23099
CHEMBOND,22-MAR-2021,193.85,195.0,186.95,189.95,13554,8301,539
CHEMCON,22-MAR-2021,422.0,426.9,418.9,421.15,138509,51313,4367
CHEMFAB,22-MAR-2021,124.7,131.05,123.05,129.3,8893,7001,219
CHENNPETRO,22-MAR-2021,105.5,106.5,103.45,104.15,506764,212213,5098
CHOLAFIN,22-MAR-2021,558.0,579.6,545.05,570.4,9087183,1382714,131341
CHOLAHLDNG,22-MAR-2021,599.0,606.55,591.15,599.6,116287,59167,8174
CIGNITITEC,22-MAR-2021,329.85,330.55,313.5,316.85,48602,33082,2061
CINELINE,22-MAR-2021,34.45,34.8,33.4,33.95,37307,20544,424
CINEVISTA,22-MAR-2021,6.25,6.35,6.05,6.05,11987,7245,48
CIPLA,22-MAR-2021,762.0,784.6,758.7,772.85,3563266,1112403,88441
CLEDUCATE,22-MAR-2021,78.85,82.75,75.9,76.5,53446,30964,818
CLNINDIA,22-MAR-2021,382.8,387.45,377.65,382.7,44541,21893,1845
COALINDIA,22-MAR-2021,137.6,137.6,135.3,135.65,11414253,4063737,51844
COCHINSHIP,22-MAR-2021,361.0,369.0,359.05,361.3,142487,49551,4907
COFORGE,22-MAR-2021,2975.65,3012.8,2895.2,2921.2,325777,99191,19943
COLPAL,22-MAR-2021,1577.75,1589.0,1560.25,1578.1,871920,508221,38024
COMPINFO,22-MAR-2021,17.1,17.85,16.95,17.15,140981,68387,647
COMPUSOFT,22-MAR-2021,8.6,9.25,8.5,8.65,28667,17414,198
CONCOR,22-MAR-2021,560.0,567.15,550.85,560.75,1962206,294085,31975
CONFIPET,22-MAR-2021,43.0,43.45,41.75,42.75,483382,182986,3381
CONSOFINVT,22-MAR-2021,52.65,59.9,52.65,56.1,4022,2844,95
CONTROLPR,22-MAR-2021,264.0,269.9,253.6,265.15,30522,16109,1278
CORALFINAC,22-MAR-2021,22.3,22.35,20.4,21.1,5783,3907,110
CORDSCABLE,22-MAR-2021,40.8,42.0,39.6,40.4,50601,22667,453
COROMANDEL,22-MAR-2021,758.5,759.4,743.25,757.05,198640,107636,15319
COSMOFILMS,22-MAR-2021,608.0,613.85,589.0,598.65,79168,30280,3730
CPSEETF,22-MAR-2021,23.48,23.5,23.12,23.33,1150871,846064,86654
CREATIVE,22-MAR-2021,103.85,103.9,101.0,101.05,10582,3724,78
CREATIVEYE,22-MAR-2021,2.95,2.95,2.95,2.95,45,45,1
CREDITACC,22-MAR-2021,719.0,719.0,682.35,690.45,79513,28925,6373
CREST,22-MAR-2021,85.75,93.4,85.3,88.8,5197,3817,171
CRISIL,22-MAR-2021,1960.0,1967.1,1915.25,1958.3,13845,6580,2003
CROMPTON,22-MAR-2021,401.25,401.25,384.2,391.15,1355742,649160,43010
CSBBANK,22-MAR-2021,246.0,252.1,243.05,246.1,151586,65047,7677
CTE,22-MAR-2021,30.95,30.95,29.45,29.6,8369,5959,107
CUB,22-MAR-2021,170.5,170.75,167.4,169.65,986324,384779,12090
CUBEXTUB,22-MAR-2021,19.55,19.6,17.8,18.45,22534,13649,186
CUMMINSIND,22-MAR-2021,900.0,910.0,888.0,894.35,868118,121859,24786
CUPID,22-MAR-2021,223.45,223.45,218.15,219.4,36504,16183,3003
CYBERTECH,22-MAR-2021,129.4,130.4,125.0,127.95,72867,38433,1267
CYIENT,22-MAR-2021,665.8,684.8,655.05,675.95,609156,132678,28588
DAAWAT,22-MAR-2021,57.25,58.5,56.25,57.75,1626860,580375,9538
DABUR,22-MAR-2021,525.1,534.7,523.7,533.5,1720620,839985,41158
DALBHARAT,22-MAR-2021,1590.9,1600.0,1565.0,1583.9,68910,38984,4822
DALMIASUG,22-MAR-2021,162.8,163.6,159.0,161.1,147644,31463,11112
DAMODARIND,22-MAR-2021,27.95,28.8,26.0,26.9,64139,34347,500
DANGEE,22-MAR-2021,132.3,132.9,129.25,130.25,18065,3619,196
DATAMATICS,22-MAR-2021,123.05,124.0,118.65,120.8,280114,95880,5863
DBCORP,22-MAR-2021,94.8,94.8,91.1,92.3,168289,75208,2539
DBL,22-MAR-2021,604.0,614.65,593.5,603.6,255533,60607,10796
DBSTOCKBRO,22-MAR-2021,9.7,9.7,8.25,8.65,8559,3227,79
DCAL,22-MAR-2021,114.9,117.45,113.5,114.2,376636,166573,5120
DCBBANK,22-MAR-2021,107.0,108.7,103.85,105.55,1262228,536439,13430
DCM,22-MAR-2021,25.5,25.5,23.8,23.95,31190,16267,247
DCMSHRIRAM,22-MAR-2021,519.0,538.0,512.0,526.75,51961,23289,3720
DCW,22-MAR-2021,27.15,28.2,27.0,28.0,2044461,1111526,4796
DECCANCE,22-MAR-2021,403.0,414.9,400.0,406.35,41588,14236,2116
DEEPAKFERT,22-MAR-2021,237.0,243.7,233.15,236.85,811260,261180,12736
DEEPAKNTR,22-MAR-2021,1515.95,1545.0,1474.55,1530.5,698562,102275,33390
DEEPENR,22-MAR-2021,35.95,36.7,35.6,36.05,24093,16294,366
DELTACORP,22-MAR-2021,172.2,178.7,169.0,175.5,4102046,857544,34590
DELTAMAGNT,22-MAR-2021,32.25,33.15,30.55,32.0,10599,4804,243
DEN,22-MAR-2021,56.15,57.3,56.15,56.6,321114,221264,2993
DENORA,22-MAR-2021,256.8,259.15,254.0,255.9,2835,1577,169
DFMFOODS,22-MAR-2021,377.15,381.0,370.0,372.45,29602,16190,1290
DGCONTENT,22-MAR-2021,8.0,8.2,7.6,7.85,19908,17644,85
DHAMPURSUG,22-MAR-2021,180.4,185.95,176.45,184.0,577488,141009,8160
DHANBANK,22-MAR-2021,15.25,15.25,14.55,15.1,1921922,1372241,1817
DHANI,22-MAR-2021,270.0,274.75,265.0,268.2,1507666,685362,16147
DHANUKA,22-MAR-2021,708.0,713.0,700.0,704.3,30270,17220,2803
DHARSUGAR,22-MAR-2021,6.8,6.85,6.3,6.7,13517,10766,72
DHFL,22-MAR-2021,17.45,18.4,17.05,17.8,1552788,933160,4636
DHUNINV,22-MAR-2021,267.65,270.6,259.55,264.75,2029,1102,223
DIAMONDYD,22-MAR-2021,630.9,637.15,625.0,632.5,2613,1432,328
DICIND,22-MAR-2021,399.3,404.65,394.15,402.25,4112,2270,249
DISHTV,22-MAR-2021,10.0,10.3,9.7,9.85,11868757,9193047,10688
DIVISLAB,22-MAR-2021,3371.35,3444.0,3350.55,3405.95,748535,350328,63065
DIXON,22-MAR-2021,4285.0,4285.4,4039.0,4053.65,430794,212193,88768
DLF,22-MAR-2021,288.9,293.9,284.25,292.3,8212537,649980,63960
DLINKINDIA,22-MAR-2021,105.25,107.0,103.5,106.0,137496,40969,2744
DMART,22-MAR-2021,2980.0,2988.0,2862.0,2880.1,652753,328612,55413
DNAMEDIA,22-MAR-2021,0.85,0.85,0.75,0.8,87292,77098,65
DOLAT,22-MAR-2021,59.4,65.85,59.4,64.6,1765491,725347,12260
DOLLAR,22-MAR-2021,247.85,249.8,237.0,238.9,61917,33715,1896
DONEAR,22-MAR-2021,32.45,33.2,31.0,32.15,37295,15386,590
DPABHUSHAN,22-MAR-2021,117.5,118.1,112.85,114.55,2014,1360,51
DPSCLTD,22-MAR-2021,12.6,12.9,11.9,12.0,75915,62028,260
DPWIRES,22-MAR-2021,111.35,111.35,107.3,108.1,4378,3007,181
DREDGECORP,22-MAR-2021,339.6,405.0,338.4,397.85,1269550,144234,45292
DRREDDY,22-MAR-2021,4276.9,4367.95,4268.25,4353.95,867303,306811,70641
DSSL,22-MAR-2021,70.5,78.2,70.5,77.8,121021,54500,1260
DTIL,22-MAR-2021,261.0,263.95,257.55,261.15,3458,2139,228
DUCON,22-MAR-2021,6.6,6.7,6.55,6.7,194980,149566,304
DVL,22-MAR-2021,92.15,92.3,88.8,90.65,20410,12691,450
DWARKESH,22-MAR-2021,31.75,32.2,31.1,31.6,1357437,402106,3578
DYNAMATECH,22-MAR-2021,877.55,924.7,858.0,868.65,16232,7707,3364
DYNPRO,22-MAR-2021,477.0,495.0,477.0,487.8,34424,19559,1891
EASEMYTRIP,22-MAR-2021,206.0,207.4,194.1,197.65,6635749,1941419,82538
EBANK,22-MAR-2021,3500.01,3752.8,3500.01,3752.8,8,7,3
EBBETF0423,22-MAR-2021,1110.0,1110.79,1108.9,1109.01,6044,6041,511
EBBETF0425,22-MAR-2021,1016.08,1018.3,1013.53,1015.04,3746,3091,89
EBBETF0430,22-MAR-2021,1112.99,1118.99,1112.99,1117.24,14817,10864,119
EBBETF0431,22-MAR-2021,999.0,1000.0,996.06,998.5,32007,30959,383
EBIXFOREX,22-MAR-2021,473.0,490.0,470.0,481.2,1577,952,277
ECLERX,22-MAR-2021,972.0,972.95,959.4,963.9,13544,6640,1236
EDELWEISS,22-MAR-2021,83.9,85.7,80.4,81.3,2462425,1260455,11953
EICHERMOT,22-MAR-2021,2668.0,2692.0,2650.05,2676.85,694227,271604,44737
EIDPARRY,22-MAR-2021,336.95,343.7,320.55,334.15,117805,54132,3367
EIHAHOTELS,22-MAR-2021,256.75,256.75,250.45,254.05,2737,1879,273
EIHOTEL,22-MAR-2021,97.9,98.8,95.55,98.3,629808,225717,6804
EIMCOELECO,22-MAR-2021,349.45,351.6,330.95,336.8,1759,1524,99
EKC,22-MAR-2021,72.35,74.7,71.45,72.05,327822,120839,5315
ELECON,22-MAR-2021,61.3,63.0,58.4,59.55,415821,217614,3434
ELECTCAST,22-MAR-2021,24.0,24.7,23.95,24.05,320207,197969,922
ELECTHERM,22-MAR-2021,110.2,110.2,102.2,108.55,12265,6279,239
ELGIEQUIP,22-MAR-2021,192.0,194.0,189.05,193.0,39491,21406,1521
ELGIRUBCO,22-MAR-2021,29.45,29.45,28.55,28.9,16741,12882,137
EMAMILTD,22-MAR-2021,481.9,487.9,472.0,485.4,183674,87952,9880
EMAMIPAP,22-MAR-2021,130.0,135.0,124.3,127.75,373624,88485,6340
EMAMIREAL,22-MAR-2021,46.3,50.25,46.0,46.7,27367,21049,486
EMKAY,22-MAR-2021,73.15,73.85,70.8,72.55,43465,24623,536
EMMBI,22-MAR-2021,75.75,79.5,74.15,77.65,47229,26148,836
ENDURANCE,22-MAR-2021,1410.0,1519.95,1395.05,1489.25,184891,80256,14730
ENGINERSIN,22-MAR-2021,74.0,75.9,73.5,75.35,2678626,931097,11327
ENIL,22-MAR-2021,153.0,156.0,150.0,153.55,98475,59807,1557
EPL,22-MAR-2021,211.0,214.95,210.1,213.7,480823,152742,11514
EQ30,22-MAR-2021,421.4,421.4,419.6,421.4,10,10,7
EQUITAS,22-MAR-2021,87.0,88.4,83.55,86.4,1312104,449112,13635
EQUITASBNK,22-MAR-2021,57.2,58.5,55.25,57.95,824801,378985,6912
ERIS,22-MAR-2021,585.0,587.95,569.8,572.5,81972,31121,6537
EROSMEDIA,22-MAR-2021,25.0,25.6,24.3,25.2,265610,204146,826
ESABINDIA,22-MAR-2021,1899.0,1899.0,1840.05,1858.2,4173,1847,1006
ESCORTS,22-MAR-2021,1343.15,1375.0,1340.4,1362.3,790865,164080,43374
ESSARSHPNG,22-MAR-2021,8.7,9.45,8.15,8.6,157974,60344,451
ESTER,22-MAR-2021,114.3,120.0,113.5,117.7,343986,156449,6876
EVEREADY,22-MAR-2021,277.2,279.65,268.0,270.55,286628,107446,8165
EVERESTIND,22-MAR-2021,304.9,309.8,296.15,299.15,38657,19295,1448
EXCEL,22-MAR-2021,2.5,2.65,2.45,2.45,283507,230330,131
EXCELINDUS,22-MAR-2021,858.0,859.7,838.0,852.35,10933,4825,2175
EXIDEIND,22-MAR-2021,188.7,190.6,186.7,189.4,3211914,1073848,52656
EXPLEOSOL,22-MAR-2021,514.4,523.2,491.0,506.7,20233,11656,1181
FACT,22-MAR-2021,107.0,114.45,102.0,114.45,949441,237716,9321
FAIRCHEMOR,22-MAR-2021,649.15,668.0,640.0,656.85,16833,8478,546
FCL,22-MAR-2021,60.0,61.0,59.0,60.6,226468,142723,1397
FCONSUMER,22-MAR-2021,6.5,7.0,6.45,7.0,9400995,4388923,6851
FDC,22-MAR-2021,277.85,278.95,272.35,275.15,92629,40750,2786
FEDERALBNK,22-MAR-2021,78.0,78.55,76.6,77.15,16327873,2526010,44224
FEL,22-MAR-2021,8.7,9.45,8.7,9.45,2029625,884206,17583
FELDVR,22-MAR-2021,10.7,11.25,10.5,11.25,57993,29858,206
FIEMIND,22-MAR-2021,575.0,594.0,570.0,579.95,14368,7659,1514
FILATEX,22-MAR-2021,69.0,69.8,66.3,66.85,284977,157713,1771
FINCABLES,22-MAR-2021,370.0,375.6,364.85,367.35,128271,57765,5520
FINEORG,22-MAR-2021,2235.0,2253.0,2188.0,2212.4,19012,8258,3961
FINPIPE,22-MAR-2021,630.0,632.0,605.05,612.2,83620,38341,5466
FLFL,22-MAR-2021,61.5,71.0,60.95,69.4,1146553,287590,9049
FLUOROCHEM,22-MAR-2021,580.35,614.65,579.0,590.4,44911,12526,2116
FMGOETZE,22-MAR-2021,292.65,293.45,288.15,291.8,5134,4081,196
FMNL,22-MAR-2021,14.35,15.5,14.35,15.5,44029,20625,246
FORCEMOT,22-MAR-2021,1233.8,1260.0,1222.2,1232.0,17090,9055,1989
FORTIS,22-MAR-2021,193.15,204.5,191.05,202.15,8868991,2470805,70723
FOSECOIND,22-MAR-2021,1183.05,1200.0,1164.4,1170.95,2772,2290,310
FRETAIL,22-MAR-2021,53.6,61.45,50.65,59.4,22146864,5333782,100585
FSC,22-MAR-2021,76.0,83.85,76.0,82.9,313358,108983,4802
FSL,22-MAR-2021,108.6,114.6,108.3,111.6,4194167,1304370,26858
G5,22-MAR-2021,47.21,47.3,47.21,47.3,1036,975,13
GABRIEL,22-MAR-2021,110.7,111.0,107.0,108.35,497007,225208,9146
GAEL,22-MAR-2021,132.25,138.25,131.35,136.25,273043,81706,3041
GAIL,22-MAR-2021,140.0,140.0,135.35,136.8,17116629,3495899,74391
GAL,22-MAR-2021,2.15,2.25,2.05,2.05,197144,131241,153
GALAXYSURF,22-MAR-2021,2364.5,2426.6,2342.0,2396.85,13553,6087,2820
GALLANTT,22-MAR-2021,45.0,45.95,44.3,44.6,25228,18683,236
GALLISPAT,22-MAR-2021,38.0,38.9,37.4,38.25,13945,7812,114
GAMMNINFRA,22-MAR-2021,0.75,0.8,0.7,0.75,1129235,912125,28766
GANDHITUBE,22-MAR-2021,272.5,272.5,259.95,263.05,7603,5910,428
GANECOS,22-MAR-2021,608.95,608.95,591.3,596.25,7161,4362,623
GANESHHOUC,22-MAR-2021,56.0,58.4,56.0,58.4,41648,38730,153
GANGESSECU,22-MAR-2021,61.85,65.0,57.3,62.7,4906,2063,109
GARFIBRES,22-MAR-2021,2421.75,2430.0,2320.0,2395.75,17224,7862,3611
GATI,22-MAR-2021,107.0,112.7,105.5,109.95,1209969,545210,8904
GAYAPROJ,22-MAR-2021,32.8,32.9,31.15,32.1,255342,181846,1099
GBGLOBAL,22-MAR-2021,7.25,7.6,6.95,7.45,17022,5406,75
GDL,22-MAR-2021,173.8,174.4,170.65,172.4,54903,28490,1023
GEECEE,22-MAR-2021,105.55,113.0,103.55,110.55,91718,38062,2693
GEEKAYWIRE,22-MAR-2021,77.75,78.0,77.0,78.0,17898,17792,50
GENCON,22-MAR-2021,49.95,50.1,46.2,47.45,11905,9641,145
GENUSPAPER,22-MAR-2021,7.6,7.8,7.4,7.45,235245,145740,366
GENUSPOWER,22-MAR-2021,51.8,53.7,51.8,52.3,197925,106097,1532
GEOJITFSL,22-MAR-2021,52.7,53.1,51.5,52.0,200195,130288,1688
GEPIL,22-MAR-2021,268.0,272.6,266.15,270.45,46412,26645,1722
GESHIP,22-MAR-2021,304.0,308.85,301.4,305.6,166957,96620,5643
GET&D,22-MAR-2021,117.8,122.65,117.25,119.55,222346,53251,8904
GFLLIMITED,22-MAR-2021,93.0,101.45,93.0,98.45,365077,210529,6574
GHCL,22-MAR-2021,232.3,233.95,228.0,231.45,100967,41958,3049
GICHSGFIN,22-MAR-2021,120.9,123.3,119.75,121.3,275758,93188,3648
GICRE,22-MAR-2021,218.9,222.9,214.0,219.65,1479677,442399,20286
GILLANDERS,22-MAR-2021,43.55,43.55,41.4,41.8,9298,7049,75
GILLETTE,22-MAR-2021,5489.7,5550.05,5430.0,5471.3,9229,7128,1757
GINNIFILA,22-MAR-2021,21.25,22.1,20.85,21.45,184772,138116,567
GIPCL,22-MAR-2021,77.1,79.4,76.35,78.15,552508,174001,6142
GISOLUTION,22-MAR-2021,3.35,3.35,3.05,3.05,13667,13631,23
GKWLIMITED,22-MAR-2021,507.95,522.45,500.15,501.8,1186,238,392
GLAND,22-MAR-2021,2556.5,2556.5,2473.55,2487.0,125514,71086,20384
GLAXO,22-MAR-2021,1431.9,1443.0,1422.0,1425.45,13543,7265,2106
GLENMARK,22-MAR-2021,459.0,467.8,456.05,460.45,1113661,232460,19864
GLFL,22-MAR-2021,2.8,2.8,2.6,2.7,9831,6109,41
GLOBAL,22-MAR-2021,44.2,44.4,42.05,42.35,9637,8575,104
GLOBUSSPR,22-MAR-2021,320.0,323.75,312.4,315.45,71601,46185,2530
GMBREW,22-MAR-2021,395.0,410.0,391.85,397.75,25665,14288,1366
GMDCLTD,22-MAR-2021,59.5,59.5,57.15,57.5,1065011,301092,6867
GMMPFAUDLR,22-MAR-2021,4206.8,4289.35,4150.0,4246.75,41680,15928,8117
GMRINFRA,22-MAR-2021,25.55,25.9,24.7,25.6,19297420,5751165,44306
GNA,22-MAR-2021,374.65,375.75,367.0,368.8,26367,12310,1309
GNFC,22-MAR-2021,306.7,314.3,300.45,301.7,931892,329990,10919
GOACARBON,22-MAR-2021,286.55,299.35,282.0,284.3,35616,16757,2426
GOCLCORP,22-MAR-2021,235.6,239.0,212.7,216.7,13967,8942,602
GODFRYPHLP,22-MAR-2021,875.0,894.0,875.0,886.65,26985,15213,2521
GODHA,22-MAR-2021,49.15,49.15,46.5,47.4,231,17,7
GODREJAGRO,22-MAR-2021,490.75,497.0,486.35,495.9,85037,43936,4438
GODREJCP,22-MAR-2021,675.0,696.0,671.0,694.35,2005221,728893,36131
GODREJIND,22-MAR-2021,512.4,524.8,504.1,521.25,280008,94958,9083
GODREJPROP,22-MAR-2021,1320.0,1429.6,1320.0,1412.0,2394826,729034,80527
GOKEX,22-MAR-2021,80.7,84.0,79.05,83.05,208344,121925,2414
GOKUL,22-MAR-2021,20.9,20.9,19.6,20.15,647945,555159,1289
GOKULAGRO,22-MAR-2021,21.15,22.4,20.1,20.6,817956,723103,1266
GOLDBEES,22-MAR-2021,40.1,40.1,38.3,38.85,4535248,3776545,30853
GOLDENTOBC,22-MAR-2021,43.35,43.35,40.2,41.45,6365,3428,266
GOLDIAM,22-MAR-2021,358.0,362.0,340.4,345.5,120134,60885,5312
GOLDSHARE,22-MAR-2021,4069.95,4078.0,4021.2,4026.0,4621,3058,1168
GOODLUCK,22-MAR-2021,67.3,67.3,64.2,66.05,35091,17165,597
GOODYEAR,22-MAR-2021,933.0,935.9,919.3,919.95,11731,7571,1060
GPIL,22-MAR-2021,646.0,689.4,645.0,672.45,376774,140697,15477
GPPL,22-MAR-2021,97.35,102.45,96.05,101.95,498381,205902,6898
GPTINFRA,22-MAR-2021,39.2,41.25,38.0,39.55,37541,22606,270
GRANULES,22-MAR-2021,314.8,319.0,309.75,311.2,1680817,830970,32054
GRAPHITE,22-MAR-2021,508.5,512.5,496.0,499.15,909236,363229,34966
GRASIM,22-MAR-2021,1419.0,1428.0,1401.25,1413.9,1587634,381759,57101
GRAVITA,22-MAR-2021,100.0,102.65,98.75,100.55,124376,73750,2187
GREAVESCOT,22-MAR-2021,132.9,138.0,129.2,136.35,1758243,706322,22114
GREENLAM,22-MAR-2021,913.65,922.0,913.65,914.35,2802,2568,130
GREENPANEL,22-MAR-2021,166.6,169.7,160.1,163.45,373101,240089,4864
GREENPLY,22-MAR-2021,176.0,179.5,168.0,169.3,432515,252627,11442
GRINDWELL,22-MAR-2021,857.3,895.0,857.3,889.15,123520,110827,5392
GROBTEA,22-MAR-2021,850.05,854.0,812.1,824.3,2035,579,564
GRPLTD,22-MAR-2021,829.9,877.0,822.0,866.45,2655,1297,490
GRSE,22-MAR-2021,192.0,198.0,190.0,191.4,213865,107013,3863
GSCLCEMENT,22-MAR-2021,35.0,35.8,34.75,35.05,247613,128529,1419
GSFC,22-MAR-2021,85.8,88.8,84.25,87.1,2255446,614696,11266
GSPL,22-MAR-2021,261.35,264.25,256.3,258.4,1133390,923227,8692
GSS,22-MAR-2021,55.0,58.85,54.5,57.75,220729,101832,2411
GTL,22-MAR-2021,6.15,6.15,5.9,6.0,127235,70056,1501
GTLINFRA,22-MAR-2021,0.8,0.8,0.75,0.8,7714400,7124026,3997
GTNTEX,22-MAR-2021,5.1,5.55,5.1,5.55,976,974,5
GTPL,22-MAR-2021,118.0,118.0,112.9,114.5,102980,67783,1709
GUFICBIO,22-MAR-2021,106.8,109.4,105.25,107.2,46275,22192,750
GUJALKALI,22-MAR-2021,347.05,361.0,347.05,349.95,142457,52762,4103
GUJAPOLLO,22-MAR-2021,212.6,212.6,208.4,209.1,2500,1542,73
GUJGASLTD,22-MAR-2021,524.5,524.5,508.1,510.4,672263,316929,25816
GULFOILLUB,22-MAR-2021,723.9,754.65,720.0,746.85,32956,15951,3337
GULFPETRO,22-MAR-2021,39.4,40.4,38.5,38.95,31773,21942,370
GULPOLY,22-MAR-2021,93.75,95.55,92.65,93.75,103318,49468,1744
HAL,22-MAR-2021,1032.05,1055.95,1015.0,1037.25,213370,83142,18856
HAPPSTMNDS,22-MAR-2021,534.7,549.9,527.45,539.8,1255441,299785,27466
HARITASEAT,22-MAR-2021,747.95,755.0,730.05,739.85,8254,4153,460
HARRMALAYA,22-MAR-2021,144.05,151.95,135.55,142.35,420583,73036,9834
HATHWAY,22-MAR-2021,29.15,30.35,29.15,29.85,411077,169092,1806
HATSUN,22-MAR-2021,737.5,743.95,725.0,727.6,11284,6847,1033
HAVELLS,22-MAR-2021,1046.0,1054.65,1027.0,1037.2,1347171,378716,24184
HBANKETF,22-MAR-2021,338.53,340.09,331.29,335.83,3764,2623,200
HBLPOWER,22-MAR-2021,35.5,36.0,34.1,35.55,509621,289955,2971
HCC,22-MAR-2021,7.65,8.0,7.6,8.0,1349883,1119933,990
HCG,22-MAR-2021,177.9,177.9,174.0,175.35,54832,33474,1206
HCL-INSYS,22-MAR-2021,9.15,9.3,9.0,9.05,325933,262710,972
HCLTECH,22-MAR-2021,960.45,982.45,944.6,978.75,4745254,1890607,118618
HDFC,22-MAR-2021,2530.1,2547.35,2485.0,2531.85,3367784,1871941,118982
HDFCAMC,22-MAR-2021,2889.0,2890.0,2850.65,2882.55,158775,73671,14781
HDFCBANK,22-MAR-2021,1494.9,1494.9,1460.4,1469.15,7007816,3022866,257662
HDFCLIFE,22-MAR-2021,689.45,694.75,678.25,679.85,2585880,1351008,57995
HDFCMFGETF,22-MAR-2021,40.2,40.45,36.6,39.93,629700,452741,1851
HDFCNIFETF,22-MAR-2021,156.0,156.99,155.0,156.15,7823,7028,251
HDFCSENETF,22-MAR-2021,533.9,541.5,528.0,532.79,3422,2515,267
HEG,22-MAR-2021,1590.0,1602.0,1560.25,1570.1,209032,53007,11131
HEIDELBERG,22-MAR-2021,220.0,226.7,218.55,225.25,289798,196311,4902
HERANBA,22-MAR-2021,640.0,668.65,633.05,642.05,474231,125959,27469
HERCULES,22-MAR-2021,115.75,116.75,113.9,115.6,39504,16223,1317
HERITGFOOD,22-MAR-2021,309.35,314.4,293.75,300.95,145532,57953,6150
HEROMOTOCO,22-MAR-2021,3131.6,3143.95,3081.15,3095.85,619756,252268,46285
HESTERBIO,22-MAR-2021,1775.6,2135.0,1753.8,2130.9,163152,46904,10609
HFCL,22-MAR-2021,26.35,27.3,26.1,26.65,3956666,1868937,5613
HGINFRA,22-MAR-2021,277.4,277.4,259.0,261.8,87464,50347,4289
HGS,22-MAR-2021,1210.25,1438.35,1205.65,1369.25,361642,57891,30579
HIKAL,22-MAR-2021,149.2,153.0,147.85,148.75,257641,95648,4449
HIL,22-MAR-2021,3030.0,3068.0,2891.75,2950.5,10612,5144,2079
HILTON,22-MAR-2021,10.0,10.05,9.6,9.9,21970,12924,85
HIMATSEIDE,22-MAR-2021,152.05,157.8,150.0,155.15,234009,73414,10031
HINDALCO,22-MAR-2021,335.1,342.65,331.1,339.75,8470164,1696260,60643
HINDCOMPOS,22-MAR-2021,275.3,289.8,275.0,278.75,4363,2179,330
HINDCOPPER,22-MAR-2021,127.0,127.4,122.35,124.1,2319194,862471,16845
HINDNATGLS,22-MAR-2021,38.7,39.8,36.1,37.55,396305,213775,2297
HINDOILEXP,22-MAR-2021,99.45,99.45,96.3,97.05,598707,215644,7652
HINDPETRO,22-MAR-2021,236.95,237.5,234.45,236.55,3337228,1400667,40852
HINDUNILVR,22-MAR-2021,2310.1,2356.5,2302.0,2353.2,2471516,1393160,118896
HINDZINC,22-MAR-2021,284.5,289.7,277.35,278.25,1128743,397196,22347
HIRECT,22-MAR-2021,130.85,132.0,129.35,130.95,10804,6358,244
HISARMETAL,22-MAR-2021,103.0,104.05,100.4,102.95,8520,4999,294
HITECH,22-MAR-2021,361.9,378.4,357.8,373.95,57945,23815,769
HITECHCORP,22-MAR-2021,117.35,125.1,116.0,119.55,4983,3817,152
HITECHGEAR,22-MAR-2021,185.05,187.95,183.0,184.05,11953,10806,337
HLEGLAS,22-MAR-2021,2490.0,2510.0,2329.1,2433.2,13138,8810,1643
HLVLTD,22-MAR-2021,6.3,6.3,5.95,6.1,266308,152991,530
HMVL,22-MAR-2021,64.15,66.15,63.3,63.85,15441,10148,214
HNDFDS,22-MAR-2021,2115.0,2150.0,2060.1,2119.2,9824,4779,2576
HNGSNGBEES,22-MAR-2021,353.0,356.0,345.01,353.0,1392,990,104
HOMEFIRST,22-MAR-2021,465.0,479.8,459.75,469.8,293107,82005,11257
HONAUT,22-MAR-2021,42848.0,44610.0,41851.25,44509.85,8784,3500,5503
HONDAPOWER,22-MAR-2021,1028.0,1029.15,999.2,1007.3,8899,5347,871
HOVS,22-MAR-2021,54.5,54.95,54.4,54.95,15955,13782,88
HPL,22-MAR-2021,52.75,62.45,52.75,58.25,1561390,646362,10579
HSCL,22-MAR-2021,42.8,43.9,42.1,43.15,3962252,1252309,12296
HSIL,22-MAR-2021,163.9,168.95,159.85,162.25,129037,58018,3627
HTMEDIA,22-MAR-2021,22.05,23.35,21.55,22.35,191790,132666,702
HUDCO,22-MAR-2021,46.55,48.05,45.6,47.65,3921360,987768,12643
HUHTAMAKI,22-MAR-2021,277.6,284.4,277.55,282.55,69405,37108,1609
IBMFNIFTY,22-MAR-2021,155.0,155.0,151.51,153.3,168,97,50
IBREALEST,22-MAR-2021,93.2,95.9,88.4,89.5,12214149,5091857,37893
IBULHSGFIN,22-MAR-2021,216.75,218.25,212.2,213.25,15774618,1644929,89563
ICEMAKE,22-MAR-2021,70.95,70.95,66.4,67.25,23417,15194,240
ICICI500,22-MAR-2021,209.98,209.98,200.0,201.98,1799,1093,160
ICICIALPLV,22-MAR-2021,139.95,139.98,135.5,138.79,5012,4591,129
ICICIB22,22-MAR-2021,36.99,36.99,36.4,36.75,632548,311014,3167
ICICIBANK,22-MAR-2021,586.85,586.85,569.5,573.45,21755401,8128446,307965
ICICIBANKN,22-MAR-2021,346.0,346.0,325.7,333.91,4179,3463,347
ICICIBANKP,22-MAR-2021,179.95,180.49,176.5,177.36,25126,8420,667
ICICIGI,22-MAR-2021,1440.0,1460.0,1430.0,1434.6,466422,326419,27502
ICICIGOLD,22-MAR-2021,40.45,40.45,39.71,39.76,230755,178203,1916
ICICILIQ,22-MAR-2021,999.99,1000.0,999.99,1000.0,7584,6483,16
ICICILOVOL,22-MAR-2021,119.47,119.7,111.7,118.32,12413,10939,587
ICICIM150,22-MAR-2021,89.0,91.5,88.03,89.97,9393,3733,250
ICICIMCAP,22-MAR-2021,85.8,86.43,84.0,85.98,16795,11841,264
ICICINF100,22-MAR-2021,165.7,165.7,158.5,160.43,3867,3034,286
ICICINIFTY,22-MAR-2021,180.6,180.6,155.05,157.01,80099,54628,6532
ICICINV20,22-MAR-2021,80.0,80.0,76.85,78.33,9478,7300,705
ICICINXT50,22-MAR-2021,35.6,39.9,31.7,34.93,61605,34891,474
ICICIPRULI,22-MAR-2021,430.2,439.1,430.0,437.75,3393413,2074822,34643
ICICISENSX,22-MAR-2021,540.0,544.5,532.05,537.29,450,246,88
ICICITECH,22-MAR-2021,280.8,280.8,252.5,262.65,7772,3600,148
ICIL,22-MAR-2021,124.85,124.85,117.0,118.45,217820,130792,4077
ICRA,22-MAR-2021,3397.65,3397.65,3051.0,3075.7,67944,19271,10928
IDBI,22-MAR-2021,37.75,38.35,36.35,37.4,21136992,6650550,36312
IDBIGOLD,22-MAR-2021,4151.5,4196.8,4139.5,4159.65,58,35,51
IDEA,22-MAR-2021,9.7,10.15,9.55,10.0,141848777,52100100,146451
IDFC,22-MAR-2021,50.4,51.35,49.85,50.45,1933725,924162,8355
IDFCFIRSTB,22-MAR-2021,60.05,61.1,58.75,59.45,37193196,6533040,64811
IDFNIFTYET,22-MAR-2021,150.5,154.07,150.5,153.1,89,81,13
IEX,22-MAR-2021,378.3,389.0,353.0,356.25,4146941,2074996,128898
IFBAGRO,22-MAR-2021,403.0,403.0,382.65,390.85,11557,7884,603
IFBIND,22-MAR-2021,1082.3,1088.0,1011.25,1027.4,102161,48955,7399
IFCI,22-MAR-2021,12.3,12.95,12.1,12.95,3874901,2527605,9238
IFGLEXPOR,22-MAR-2021,319.0,344.0,310.0,333.85,450696,212777,9097
IGARASHI,22-MAR-2021,292.5,301.6,288.25,290.45,131616,60716,6987
IGL,22-MAR-2021,513.5,518.5,506.25,515.15,2480501,876746,41830
IGPL,22-MAR-2021,439.0,457.95,431.05,449.1,47451,22757,2559
IIFL,22-MAR-2021,303.0,310.0,288.2,299.8,384944,177739,6528
IIFLSEC,22-MAR-2021,50.1,51.7,49.05,50.4,373560,152741,2380
IIFLWAM,22-MAR-2021,1156.0,1215.05,1156.0,1204.85,11928,8294,2003
IITL,22-MAR-2021,56.5,58.25,54.95,55.8,1224,801,54
IMFA,22-MAR-2021,448.9,456.7,442.35,452.35,33177,22870,1014
IMPAL,22-MAR-2021,690.45,710.0,677.0,700.05,781,602,107
IMPEXFERRO,22-MAR-2021,1.1,1.1,1.1,1.1,16212,16212,15
INDBANK,22-MAR-2021,12.1,13.65,12.1,13.1,90416,53796,452
INDHOTEL,22-MAR-2021,114.2,116.95,113.1,114.9,1105525,583086,7240
INDIACEM,22-MAR-2021,163.25,167.1,162.1,165.55,1722090,424427,16988
INDIAGLYCO,22-MAR-2021,438.5,472.0,436.0,470.65,356874,88235,13191
INDIAMART,22-MAR-2021,8190.0,8264.0,7900.15,7993.2,104348,46891,22794
INDIANB,22-MAR-2021,119.5,122.9,118.35,119.8,1420899,328113,11469
INDIANCARD,22-MAR-2021,133.05,143.95,131.35,135.95,10360,2504,149
INDIANHUME,22-MAR-2021,180.25,183.75,178.1,178.7,78849,23028,7335
INDIGO,22-MAR-2021,1663.6,1727.85,1626.25,1713.85,2226951,953543,49858
INDIGOPNTS,22-MAR-2021,2290.0,2399.95,2289.8,2378.5,166836,118299,9222
INDLMETER,22-MAR-2021,14.3,15.1,14.25,14.85,3473,2453,79
INDNIPPON,22-MAR-2021,370.55,378.0,365.9,370.6,13152,7473,517
INDOCO,22-MAR-2021,285.0,285.0,278.25,280.65,49178,24402,2459
INDORAMA,22-MAR-2021,39.9,39.9,37.5,38.55,31851,27007,192
INDOSTAR,22-MAR-2021,328.3,333.3,324.0,328.6,22810,6231,1363
INDOTECH,22-MAR-2021,94.4,95.0,91.2,92.0,19043,11209,455
INDRAMEDCO,22-MAR-2021,55.15,57.5,54.75,55.9,186836,89173,1875
INDSWFTLAB,22-MAR-2021,76.7,80.0,75.0,78.5,68125,40749,760
INDUSINDBK,22-MAR-2021,1006.0,1011.85,961.05,968.15,12692489,4610282,221830
INDUSTOWER,22-MAR-2021,257.5,261.0,256.7,257.85,3151619,1708291,19753
INEOSSTYRO,22-MAR-2021,951.0,991.15,945.0,976.8,22099,10418,1985
INFIBEAM,22-MAR-2021,43.2,43.25,40.5,42.25,18941842,12496681,19757
INFOBEAN,22-MAR-2021,145.45,147.55,135.3,143.05,28246,10053,482
INFRABEES,22-MAR-2021,419.95,441.0,419.95,429.81,1501,1142,103
INFY,22-MAR-2021,1350.1,1376.0,1336.1,1370.8,4862758,2199710,129112
INGERRAND,22-MAR-2021,688.0,700.85,683.0,699.25,10636,5514,1170
INOXLEISUR,22-MAR-2021,310.0,317.0,305.0,308.8,578745,171172,10825
INOXWIND,22-MAR-2021,66.6,72.6,66.6,69.7,267079,150529,2657
INSECTICID,22-MAR-2021,432.7,446.4,428.6,443.0,25371,15183,1723
INSPIRISYS,22-MAR-2021,40.05,42.3,40.0,41.5,2491,1620,49
INTELLECT,22-MAR-2021,699.0,732.0,670.3,682.0,1806164,706337,55617
INTENTECH,22-MAR-2021,33.8,34.0,32.6,33.3,11906,9440,175
INVENTURE,22-MAR-2021,31.0,32.05,29.8,31.85,430537,265027,1315
IOB,22-MAR-2021,15.85,15.85,14.9,15.0,8014850,3544465,11692
IOC,22-MAR-2021,99.65,99.8,98.25,99.15,21252461,7713232,68362
IOLCP,22-MAR-2021,582.0,590.8,567.0,570.45,476868,154333,19206
IPCALAB,22-MAR-2021,1855.05,1895.0,1816.15,1832.4,237581,131868,21678
IRB,22-MAR-2021,111.5,114.75,110.15,112.4,1774445,311174,12612
IRCON,22-MAR-2021,83.6,84.4,82.25,82.9,2537702,552349,14240
IRCTC,22-MAR-2021,1857.0,1879.0,1804.15,1838.05,2250190,267584,96566
IRFC,22-MAR-2021,24.0,24.5,23.85,23.9,13817385,6117821,27700
IRISDOREME,22-MAR-2021,87.0,91.0,87.0,90.45,5394,3585,127
ISEC,22-MAR-2021,410.8,417.0,405.1,413.05,473161,311043,11108
ISFT,22-MAR-2021,64.8,67.55,63.45,67.55,10018,8956,117
ISMTLTD,22-MAR-2021,11.25,11.25,10.85,11.0,204311,190884,293
ITC,22-MAR-2021,223.3,226.4,221.5,226.0,46050245,18744523,207251
ITDC,22-MAR-2021,374.95,402.35,370.55,392.4,270140,45982,8859
ITDCEM,22-MAR-2021,79.8,83.8,77.4,81.45,883934,199195,10552
ITI,22-MAR-2021,119.0,121.4,118.1,119.75,604152,138281,8244
IVC,22-MAR-2021,4.25,4.25,4.05,4.1,185977,142507,218
IVZINGOLD,22-MAR-2021,4080.65,4080.65,4021.0,4045.4,204,191,36
IVZINNIFTY,22-MAR-2021,1556.2,1597.1,1556.2,1581.0,51,31,11
IZMO,22-MAR-2021,57.5,57.5,53.25,53.6,25913,19043,317
J&KBANK,22-MAR-2021,27.0,27.15,26.55,26.7,1288508,710665,3472
JAGRAN,22-MAR-2021,59.4,59.8,58.8,59.1,308248,223563,1161
JAGSNPHARM,22-MAR-2021,78.1,83.55,75.9,79.75,557632,88407,8094
JAICORPLTD,22-MAR-2021,88.6,89.6,87.2,88.0,951157,206604,6752
JAMNAAUTO,22-MAR-2021,69.2,71.2,68.7,69.45,1193298,360886,11106
JASH,22-MAR-2021,288.75,307.0,272.0,299.25,73674,52786,1134
JAYAGROGN,22-MAR-2021,138.65,149.05,136.15,142.55,41030,12720,918
JAYBARMARU,22-MAR-2021,232.45,237.9,227.05,234.4,15938,7992,470
JAYNECOIND,22-MAR-2021,11.55,11.7,10.85,10.85,243596,157033,367
JAYSREETEA,22-MAR-2021,70.0,71.7,69.0,69.3,68808,29333,1087
JBCHEPHARM,22-MAR-2021,1199.9,1205.0,1165.0,1187.35,65105,32888,6864
JBFIND,22-MAR-2021,11.75,12.25,11.2,11.4,595274,349096,3109
JBMA,22-MAR-2021,434.7,434.7,418.2,422.6,21924,10837,1713
JCHAC,22-MAR-2021,2600.1,2636.2,2557.0,2584.2,6493,3795,1534
JINDALPHOT,22-MAR-2021,61.3,61.3,61.3,61.3,9101,9101,80
JINDALPOLY,22-MAR-2021,752.0,788.2,747.9,773.75,179291,63056,8162
JINDALSAW,22-MAR-2021,75.85,77.0,74.35,75.55,633458,173540,4565
JINDALSTEL,22-MAR-2021,313.0,323.8,309.0,320.95,7824327,1562516,53480
JINDRILL,22-MAR-2021,95.35,95.4,91.5,92.7,15462,13186,248
JINDWORLD,22-MAR-2021,51.0,51.7,50.05,50.7,159750,6509,776
JISLJALEQS,22-MAR-2021,21.5,21.7,20.05,20.15,2924891,1948698,6667
JKCEMENT,22-MAR-2021,2772.85,2875.0,2760.0,2796.35,27995,13903,6439
JKIL,22-MAR-2021,187.25,190.4,185.5,188.1,52065,29919,2033
JKLAKSHMI,22-MAR-2021,411.9,428.8,405.0,406.85,244179,140980,7591
JKPAPER,22-MAR-2021,147.0,149.8,145.0,147.25,834284,212915,9325
JKTYRE,22-MAR-2021,114.9,119.0,113.3,117.9,3215427,580420,23442
JMA,22-MAR-2021,32.3,32.9,31.8,31.9,5095,4806,60
JMCPROJECT,22-MAR-2021,79.8,79.8,76.5,77.7,83426,46001,968
JMFINANCIL,22-MAR-2021,89.4,94.25,86.05,93.15,2342659,665576,14314
JOCIL,22-MAR-2021,150.4,152.8,147.05,151.1,14688,11131,262
JPASSOCIAT,22-MAR-2021,7.0,7.15,6.85,7.0,9175122,5541486,19789
JPINFRATEC,22-MAR-2021,1.7,1.7,1.65,1.7,1652962,1130884,17225
JPPOWER,22-MAR-2021,2.65,2.65,2.65,2.65,3917901,3904901,851
JSL,22-MAR-2021,66.5,66.65,65.0,65.5,523442,204387,4312
JSLHISAR,22-MAR-2021,116.9,118.4,114.4,115.0,223485,116380,2141
JSWENERGY,22-MAR-2021,85.5,87.4,85.05,86.25,5497499,1772960,24373
JSWHL,22-MAR-2021,3531.2,3625.0,3505.0,3577.8,2563,766,1266
JSWISPL,22-MAR-2021,24.2,24.7,23.7,23.9,286947,185356,800
JSWSTEEL,22-MAR-2021,441.0,449.0,436.8,445.3,7010923,1281587,77180
JTEKTINDIA,22-MAR-2021,88.4,89.8,87.0,88.3,167073,78339,3489
JUBLFOOD,22-MAR-2021,2873.0,2900.1,2818.85,2879.3,490688,100451,29758
JUBLINDS,22-MAR-2021,201.9,201.9,192.15,194.3,22610,13731,622
JUBLPHARMA,22-MAR-2021,723.9,724.05,682.35,698.95,213650,140942,6289
JUMPNET,22-MAR-2021,10.4,10.4,10.4,10.4,117227,117227,332
JUNIORBEES,22-MAR-2021,365.0,365.0,351.0,359.75,45782,26087,4479
JUSTDIAL,22-MAR-2021,916.0,939.9,887.0,900.8,2855278,408446,91412
JYOTHYLAB,22-MAR-2021,144.65,145.75,142.05,142.5,482413,385125,4107
KABRAEXTRU,22-MAR-2021,190.25,213.95,181.25,209.45,1206626,396260,21309
KAJARIACER,22-MAR-2021,930.1,945.0,901.1,910.25,295933,228097,10070
KAKATCEM,22-MAR-2021,167.5,177.0,167.5,173.5,21259,8195,643
KALPATPOWR,22-MAR-2021,386.8,388.75,376.0,379.75,104214,48848,4213
KAMATHOTEL,22-MAR-2021,32.1,33.5,32.0,33.2,33596,19258,282
KAMDHENU,22-MAR-2021,139.65,147.9,139.05,141.0,102449,31553,3404
KANANIIND,22-MAR-2021,4.6,4.6,4.25,4.3,4597,2129,19
KANPRPLA,22-MAR-2021,142.95,149.0,141.0,146.2,10479,7092,488
KANSAINER,22-MAR-2021,536.7,550.0,533.25,543.05,271535,191216,8732
KARDA,22-MAR-2021,113.6,116.2,112.75,114.2,334414,227579,453
KARURVYSYA,22-MAR-2021,56.7,56.7,54.9,55.45,1216509,550890,6004
KAUSHALYA,22-MAR-2021,1.75,1.85,1.75,1.8,25831,25552,43
KAYA,22-MAR-2021,283.2,294.45,281.15,285.45,11799,6442,481
KCP,22-MAR-2021,80.9,88.9,79.7,87.85,1164829,574085,8099
KCPSUGIND,22-MAR-2021,15.5,15.5,15.1,15.2,244249,102332,579
KDDL,22-MAR-2021,289.95,289.95,276.05,279.55,4450,3002,229
KEC,22-MAR-2021,455.75,461.0,445.2,447.45,193975,128282,7257
KECL,22-MAR-2021,12.85,13.1,12.75,12.95,40265,33321,236
KEERTI,22-MAR-2021,25.1,25.5,24.9,25.0,49637,22135,88
KEI,22-MAR-2021,522.0,554.95,510.9,549.2,855289,187948,34025
KELLTONTEC,22-MAR-2021,72.75,72.75,68.5,68.85,941234,498812,4627
KENNAMET,22-MAR-2021,1130.0,1130.0,1097.95,1100.8,2356,1947,140
KESORAMIND,22-MAR-2021,74.7,78.6,74.0,77.55,1297414,409430,10237
KEYFINSERV,22-MAR-2021,57.25,60.6,56.2,57.1,1696,1256,85
KHADIM,22-MAR-2021,154.65,160.95,151.0,159.1,102779,68243,2529
KHAICHEM,22-MAR-2021,22.9,23.2,22.35,22.65,150210,70319,891
KHANDSE,22-MAR-2021,14.5,14.5,13.3,14.0,2833,1826,42
KICL,22-MAR-2021,1555.05,1555.75,1535.0,1548.7,1083,890,211
KILITCH,22-MAR-2021,86.6,86.6,79.45,81.85,8766,5638,242
KINGFA,22-MAR-2021,634.65,699.0,629.5,650.2,16157,4590,3145
KIOCL,22-MAR-2021,143.7,144.4,139.75,141.2,111398,27969,11807
KIRIINDUS,22-MAR-2021,446.5,453.75,445.0,447.45,108668,72188,2224
KIRLFER,22-MAR-2021,159.0,159.9,154.0,157.2,101648,50388,3099
KIRLOSBROS,22-MAR-2021,198.45,212.45,198.45,211.75,150075,88222,4140
KIRLOSENG,22-MAR-2021,170.0,175.5,168.3,173.5,214371,106977,5480
KIRLOSIND,22-MAR-2021,1250.0,1344.85,1250.0,1294.0,1184,774,208
KITEX,22-MAR-2021,105.4,106.1,102.9,104.6,92666,40404,2053
KKCL,22-MAR-2021,900.35,921.8,893.85,910.6,4172,506,1378
KMSUGAR,22-MAR-2021,11.85,11.9,11.2,11.65,156424,93425,390
KNRCON,22-MAR-2021,208.0,210.0,201.55,204.55,948542,303473,23490
KOKUYOCMLN,22-MAR-2021,59.3,59.95,58.5,58.7,90412,54787,792
KOLTEPATIL,22-MAR-2021,232.0,238.8,228.2,236.05,1517818,1396528,7196
KOPRAN,22-MAR-2021,105.0,108.95,104.15,107.2,292643,88061,6797
KOTAKBANK,22-MAR-2021,1833.0,1849.95,1805.0,1822.65,2434097,1089779,100372
KOTAKBKETF,22-MAR-2021,342.03,347.0,336.5,339.08,104837,84984,964
KOTAKGOLD,22-MAR-2021,395.0,396.9,391.1,392.0,55139,44391,1110
KOTAKIT,22-MAR-2021,26.57,27.36,25.5,25.71,2706,2286,53
KOTAKNIFTY,22-MAR-2021,155.49,155.49,152.75,153.87,34287,16747,643
KOTAKNV20,22-MAR-2021,79.4,79.85,77.4,79.24,3966,3072,84
KOTAKPSUBK,22-MAR-2021,209.05,216.25,209.05,213.08,17052,8886,610
KOTARISUG,22-MAR-2021,25.8,26.5,25.35,25.7,157297,66496,689
KOTHARIPET,22-MAR-2021,25.65,27.4,25.65,26.8,34308,21678,296
KOTHARIPRO,22-MAR-2021,66.95,66.95,64.75,65.85,3671,2509,105
KPITTECH,22-MAR-2021,155.3,163.5,153.85,161.95,726098,235701,12416
KPRMILL,22-MAR-2021,1140.0,1140.0,1041.6,1058.0,165686,73736,17788
KRBL,22-MAR-2021,185.15,192.9,184.5,191.9,600848,319020,7584
KREBSBIO,22-MAR-2021,96.75,97.65,94.3,96.7,11989,6391,323
KRIDHANINF,22-MAR-2021,4.05,4.3,3.95,4.0,87803,56501,218
KRISHANA,22-MAR-2021,85.0,88.7,83.0,88.7,29309,18368,424
KSB,22-MAR-2021,815.1,815.1,787.5,797.4,19328,9422,2099
KSCL,22-MAR-2021,493.0,497.35,484.2,495.15,162839,76176,5171
KSL,22-MAR-2021,299.0,307.9,280.0,304.8,55572,28201,1901
KTKBANK,22-MAR-2021,62.3,65.0,61.85,64.1,1996624,710461,8948
KUANTUM,22-MAR-2021,71.75,74.8,66.6,69.95,25348,12545,373
L&TFH,22-MAR-2021,101.6,102.5,98.5,99.35,9606705,2386395,41985
LALPATHLAB,22-MAR-2021,2540.0,2586.35,2530.05,2568.85,307901,99504,26563
LAMBODHARA,22-MAR-2021,56.0,56.0,52.3,54.15,21544,11271,391
LAOPALA,22-MAR-2021,216.35,219.9,212.1,219.5,125787,93198,9037
LASA,22-MAR-2021,63.5,64.15,62.45,63.55,94645,39871,3713
LAURUSLABS,22-MAR-2021,360.6,366.9,356.55,361.4,1704999,666030,25436
LAXMIMACH,22-MAR-2021,6890.0,7068.85,6873.65,6956.65,5596,2707,2179
LEMONTREE,22-MAR-2021,36.1,39.4,35.55,38.75,2783653,871303,13117
LFIC,22-MAR-2021,80.25,90.0,80.25,85.75,1405,1038,58
LGBBROSLTD,22-MAR-2021,308.0,312.9,302.1,305.25,48905,31209,2116
LIBERTSHOE,22-MAR-2021,136.25,136.25,132.65,133.2,29648,13097,872
LICHSGFIN,22-MAR-2021,417.5,423.6,411.0,414.5,3171767,736953,66732
LICNETFGSC,22-MAR-2021,21.58,21.58,21.38,21.46,7183,6154,97
LICNETFN50,22-MAR-2021,162.22,162.22,155.1,155.93,384,211,80
LICNETFSEN,22-MAR-2021,544.9,554.0,521.2,526.02,239,77,90
LICNFNHGP,22-MAR-2021,152.95,154.2,150.1,151.01,315,196,65
LIKHITHA,22-MAR-2021,303.25,341.4,300.8,332.2,710679,174759,16025
LINCOLN,22-MAR-2021,227.9,232.9,221.0,224.65,114780,66668,2588
LINCPEN,22-MAR-2021,151.0,155.2,149.0,149.65,3889,2477,186
LINDEINDIA,22-MAR-2021,1748.0,1826.0,1730.0,1796.95,33530,16037,3362
LIQUIDBEES,22-MAR-2021,1002.3,1002.3,999.33,1000.0,1743112,1079883,6522
LIQUIDETF,22-MAR-2021,1000.04,1000.04,999.99,999.99,4596,2668,74
LOTUSEYE,22-MAR-2021,42.0,42.25,41.2,41.85,21216,15228,308
LOVABLE,22-MAR-2021,86.55,88.85,82.0,84.95,14772,8632,471
LT,22-MAR-2021,1409.0,1417.4,1392.25,1400.05,2964175,1387921,91370
LTI,22-MAR-2021,4090.0,4191.95,4075.1,4093.1,251199,78119,27200
LTTS,22-MAR-2021,2585.0,2632.0,2583.2,2596.35,205762,83106,17402
LUMAXIND,22-MAR-2021,1659.75,1700.0,1650.0,1659.95,3404,1685,807
LUMAXTECH,22-MAR-2021,157.5,162.1,155.2,160.8,168819,87531,4946
LUPIN,22-MAR-2021,1005.1,1019.6,1000.0,1015.7,1736883,686481,28682
LUXIND,22-MAR-2021,1745.0,1748.95,1685.05,1734.8,36273,11888,3162
LYPSAGEMS,22-MAR-2021,4.95,4.95,4.7,4.7,31315,22901,58
M&M,22-MAR-2021,849.8,859.35,832.15,853.05,2906300,1119705,88372
M&MFIN,22-MAR-2021,215.95,220.7,209.55,211.5,14690082,3139813,114979
M100,22-MAR-2021,24.49,24.79,24.4,24.52,110388,74460,1665
M50,22-MAR-2021,146.4,146.4,142.01,143.12,855,803,45
MAANALU,22-MAR-2021,144.95,163.5,142.25,153.05,119036,33700,2690
MADHAV,22-MAR-2021,52.35,54.85,51.0,52.25,12982,6282,248
MAESGETF,22-MAR-2021,25.5,25.5,24.76,24.97,283732,281237,40
MAGADSUGAR,22-MAR-2021,103.5,105.6,102.75,103.1,25249,19542,440
MAGMA,22-MAR-2021,117.95,121.4,114.5,117.2,941199,528382,7119
MAHABANK,22-MAR-2021,19.2,19.95,18.8,19.05,6058094,2895826,9119
MAHASTEEL,22-MAR-2021,79.0,80.9,76.3,78.5,7159,4792,236
MAHEPC,22-MAR-2021,147.5,152.8,146.35,148.95,85277,39573,1640
MAHESHWARI,22-MAR-2021,81.15,81.2,78.45,79.65,19964,13645,202
MAHINDCIE,22-MAR-2021,160.25,165.8,160.25,162.05,175330,63717,5634
MAHLIFE,22-MAR-2021,517.7,537.5,516.0,527.5,27572,19594,2637
MAHLOG,22-MAR-2021,519.0,531.55,506.4,526.8,109204,73612,4023
MAHSCOOTER,22-MAR-2021,3650.05,3687.45,3580.0,3640.5,4262,3202,810
MAHSEAMLES,22-MAR-2021,282.75,284.35,278.55,282.25,60702,29793,1359
MAITHANALL,22-MAR-2021,581.0,585.0,570.0,572.95,25444,17059,1476
MALUPAPER,22-MAR-2021,26.5,27.3,26.15,26.35,16489,11197,174
MAN50ETF,22-MAR-2021,154.2,154.2,149.0,150.48,16931,12909,129
MANAKALUCO,22-MAR-2021,8.7,9.15,8.7,8.7,10340,9661,41
MANAKCOAT,22-MAR-2021,14.85,14.9,13.7,14.75,319815,189860,609
MANAKSIA,22-MAR-2021,52.95,53.15,51.05,51.4,22990,15297,315
MANAKSTEEL,22-MAR-2021,21.45,21.8,21.0,21.1,14646,8499,148
MANALIPETC,22-MAR-2021,62.5,64.2,61.7,62.35,733153,302297,5506
MANAPPURAM,22-MAR-2021,159.8,160.8,155.85,156.65,4184243,1419238,28413
MANGALAM,22-MAR-2021,114.7,114.7,105.45,108.9,72171,36039,1347
MANGCHEFER,22-MAR-2021,76.0,80.0,75.15,78.2,599377,195007,5464
MANGLMCEM,22-MAR-2021,263.2,273.7,263.2,272.2,26729,13532,1106
MANGTIMBER,22-MAR-2021,10.8,11.55,10.8,11.15,10651,10143,58
MANINDS,22-MAR-2021,86.0,88.0,81.1,81.95,789286,182490,10125
MANINFRA,22-MAR-2021,40.1,42.4,39.4,41.85,1292489,612023,3489
MANUGRAPH,22-MAR-2021,13.7,13.9,12.8,13.85,37889,28779,156
MANXT50,22-MAR-2021,334.95,342.49,334.95,341.45,1198,1166,18
MARATHON,22-MAR-2021,66.85,67.0,64.05,65.15,20779,11170,459
MARICO,22-MAR-2021,394.9,402.95,394.0,401.7,1625660,782922,23076
MARINE,22-MAR-2021,69.9,71.5,68.4,68.9,469843,276396,3327
MARKSANS,22-MAR-2021,53.0,54.9,52.2,52.5,1657479,774118,10407
MARUTI,22-MAR-2021,7104.0,7142.5,7050.2,7101.25,533767,174907,72385
MASFIN,22-MAR-2021,869.0,890.0,869.0,882.95,17870,9357,1856
MASTEK,22-MAR-2021,1200.0,1228.1,1170.0,1211.05,137248,28809,8466
MATRIMONY,22-MAR-2021,990.9,1044.0,974.95,990.85,40989,9657,4379
MAWANASUG,22-MAR-2021,39.15,39.3,37.5,39.2,54662,46615,365
MAXHEALTH,22-MAR-2021,198.2,204.8,198.2,204.05,470351,304846,21187
MAXIND,22-MAR-2021,63.5,64.45,62.3,63.5,191016,64312,1845
MAXVIL,22-MAR-2021,57.5,58.95,56.5,57.55,726250,329397,9313
MAYURUNIQ,22-MAR-2021,415.0,439.0,411.3,430.45,62010,23501,3309
MAZDA,22-MAR-2021,484.0,484.0,468.45,473.25,4819,2220,246
MAZDOCK,22-MAR-2021,210.95,217.75,208.95,215.8,758267,337305,8589
MBLINFRA,22-MAR-2021,22.0,22.05,21.3,21.75,107047,57898,405
MCDHOLDING,22-MAR-2021,41.0,41.75,40.5,40.5,10406,9001,147
MCDOWELL-N,22-MAR-2021,538.7,543.6,534.3,542.75,3421043,1936907,35415
MCL,22-MAR-2021,93.45,94.0,90.0,91.85,17378,9922,180
MCLEODRUSS,22-MAR-2021,21.3,21.3,20.4,20.75,213363,164845,598
MCX,22-MAR-2021,1607.95,1639.5,1596.55,1612.45,274525,85560,29807
MEGASOFT,22-MAR-2021,10.05,10.05,9.45,9.7,25295,18728,156
MEGH,22-MAR-2021,110.0,120.0,108.5,118.9,5668893,1744332,41521
MENONBE,22-MAR-2021,54.0,55.2,53.1,54.0,20353,13078,384
MEP,22-MAR-2021,18.0,18.0,16.4,17.1,235666,159140,689
METROPOLIS,22-MAR-2021,1935.85,1984.7,1907.0,1973.15,195713,127457,11059
MFSL,22-MAR-2021,861.0,864.15,840.9,845.05,650232,354213,19613
MGEL,22-MAR-2021,48.7,48.7,38.25,46.1,5521,2835,72
MGL,22-MAR-2021,1122.4,1138.95,1112.8,1123.6,404991,42114,18144
MHRIL,22-MAR-2021,219.1,219.1,211.1,214.0,40018,22572,1082
MIC,22-MAR-2021,0.85,0.85,0.85,0.85,111611,111591,125
MIDHANI,22-MAR-2021,182.7,187.25,180.0,186.05,379654,152689,7978
MINDACORP,22-MAR-2021,94.9,99.5,94.0,98.45,563828,155104,6034
MINDAIND,22-MAR-2021,580.0,590.9,550.55,558.1,485696,151567,24479
MINDTECK,22-MAR-2021,45.85,45.85,43.15,43.8,4538,3110,113
MINDTREE,22-MAR-2021,1990.0,2022.65,1974.3,2002.15,873412,139009,37024
MIRZAINT,22-MAR-2021,49.0,49.4,48.35,49.0,161994,81545,1407
MITTAL,22-MAR-2021,10.25,11.1,10.1,10.35,104143,68013,271
MMFL,22-MAR-2021,472.0,494.95,465.0,467.7,8928,4503,868
MMP,22-MAR-2021,86.2,88.0,84.65,87.35,9010,7065,109
MMTC,22-MAR-2021,42.4,43.75,41.65,42.8,3028211,678765,9473
MOHITIND,22-MAR-2021,7.7,8.4,7.7,8.4,25202,22656,155
MOIL,22-MAR-2021,146.9,147.9,143.0,144.25,270258,114299,4166
MOLDTECH,22-MAR-2021,41.75,42.0,41.0,41.2,9785,5927,274
MOLDTKPAC,22-MAR-2021,390.75,400.65,390.75,392.25,21706,9404,1292
MONTECARLO,22-MAR-2021,214.1,214.35,208.05,211.8,19168,9094,533
MORARJEE,22-MAR-2021,16.4,16.45,15.2,15.7,16885,10253,103
MOREPENLAB,22-MAR-2021,31.85,34.1,31.55,33.4,4261661,1376487,9550
MOTHERSUMI,22-MAR-2021,212.0,214.45,204.0,206.0,12683478,4196947,111660
MOTILALOFS,22-MAR-2021,675.6,684.0,664.95,669.2,144698,70025,7269
MOTOGENFIN,22-MAR-2021,21.25,21.25,18.7,19.0,58021,46027,217
MPHASIS,22-MAR-2021,1680.75,1680.75,1632.0,1670.05,285987,74175,15162
MPSLTD,22-MAR-2021,455.0,464.9,453.0,455.5,4077,1699,333
MRF,22-MAR-2021,84500.0,85499.0,82421.1,83722.8,27406,3253,16805
MRPL,22-MAR-2021,40.9,40.95,40.0,40.25,1066938,365713,4716
MSPL,22-MAR-2021,7.7,7.75,7.3,7.7,14045,7048,78
MSTCLTD,22-MAR-2021,304.0,315.0,301.0,313.15,933330,238868,18026
MTARTECH,22-MAR-2021,973.9,1038.0,960.15,1030.5,1223675,286005,68485
MTEDUCARE,22-MAR-2021,7.6,7.6,6.95,7.0,208190,178018,428
MTNL,22-MAR-2021,18.55,19.25,18.4,19.25,2261829,1325591,3191
MUKANDENGG,22-MAR-2021,14.65,14.65,13.55,13.85,13265,12632,86
MUKANDLTD,22-MAR-2021,58.35,58.5,56.0,56.65,70332,60725,358
MUKTAARTS,22-MAR-2021,31.35,31.35,29.25,29.8,11515,10339,153
MUNJALAU,22-MAR-2021,58.0,59.3,57.4,57.95,141561,38881,2273
MUNJALSHOW,22-MAR-2021,146.2,147.45,144.0,145.9,20666,10773,466
MURUDCERA,22-MAR-2021,20.3,20.85,19.7,20.05,108179,73076,450
MUTHOOTCAP,22-MAR-2021,388.8,393.9,382.85,387.95,20105,7370,1308
MUTHOOTFIN,22-MAR-2021,1236.0,1247.5,1221.6,1238.3,615189,174556,27702
N100,22-MAR-2021,939.9,939.9,912.16,923.35,32149,16949,2618
NACLIND,22-MAR-2021,37.5,38.05,37.2,37.65,34413,26429,221
NAGREEKCAP,22-MAR-2021,5.7,5.7,5.7,5.7,11,11,3
NAGREEKEXP,22-MAR-2021,15.7,17.1,15.7,17.1,6377,3788,91
NAHARCAP,22-MAR-2021,111.8,111.8,108.05,109.25,21670,13114,422
NAHARINDUS,22-MAR-2021,52.6,53.0,48.5,48.6,57597,21249,506
NAHARPOLY,22-MAR-2021,125.75,129.35,116.15,119.45,232358,115047,3867
NAHARSPING,22-MAR-2021,107.0,112.2,104.05,106.4,77276,51440,687
NAM-INDIA,22-MAR-2021,327.5,336.7,327.2,336.05,1056084,587034,9358
NATCOPHARM,22-MAR-2021,810.9,818.8,805.65,814.45,132287,62686,4298
NATHBIOGEN,22-MAR-2021,328.0,340.0,319.85,334.95,143971,64097,2671
NATIONALUM,22-MAR-2021,54.45,55.4,54.05,54.45,11491902,2273001,21126
NAUKRI,22-MAR-2021,4698.0,4729.0,4620.0,4678.3,468117,75769,44811
NAVINFLUOR,22-MAR-2021,2536.0,2579.95,2493.45,2539.85,139196,51650,15862
NAVKARCORP,22-MAR-2021,38.0,38.5,37.1,37.55,315063,130847,1394
NAVNETEDUL,22-MAR-2021,86.6,86.6,82.55,83.4,164136,67355,4057
NBCC,22-MAR-2021,46.7,47.5,45.8,46.5,14234045,4871358,38751
NBIFIN,22-MAR-2021,1911.0,1911.0,1795.05,1818.8,891,674,174
NBVENTURES,22-MAR-2021,69.95,70.75,69.3,70.05,1229158,744287,6429
NCC,22-MAR-2021,83.0,84.85,81.5,83.8,3529398,977242,19162
NCLIND,22-MAR-2021,159.45,164.8,159.1,161.2,209033,100817,2863
NCPSESDL24,22-MAR-2021,102.36,102.36,102.1,102.33,588,495,26
NDGL,22-MAR-2021,708.6,762.0,708.6,751.75,213,126,59
NDL,22-MAR-2021,30.15,32.3,30.15,31.55,11731,8925,121
NDRAUTO,22-MAR-2021,203.15,208.9,203.15,206.95,1073,763,92
NDTV,22-MAR-2021,63.65,64.95,61.95,62.45,50838,34970,642
NECCLTD,22-MAR-2021,8.7,8.9,8.65,8.85,18715,13220,113
NECLIFE,22-MAR-2021,19.8,20.2,19.45,19.65,279876,134672,930
NELCAST,22-MAR-2021,68.7,68.7,66.3,67.3,106127,27627,1899
NELCO,22-MAR-2021,193.9,198.6,193.0,194.25,62463,33323,1663
NEOGEN,22-MAR-2021,822.0,833.95,795.0,800.3,44688,28117,2835
NESCO,22-MAR-2021,554.9,565.1,534.8,539.4,64137,31425,4706
NESTLEIND,22-MAR-2021,16451.0,16675.0,16351.0,16588.05,108786,62670,26976
NETF,22-MAR-2021,179.11,179.11,179.11,179.11,345,345,56
NETFCONSUM,22-MAR-2021,68.0,68.0,63.08,64.99,9482,7183,181
NETFDIVOPP,22-MAR-2021,38.31,38.31,35.4,36.67,4301,3211,107
NETFIT,22-MAR-2021,26.75,26.75,25.72,26.36,443269,310187,2554
NETFLTGILT,22-MAR-2021,21.92,22.02,21.79,21.82,31713,27269,134
NETFMID150,22-MAR-2021,90.98,90.98,88.12,89.94,70764,43097,821
NETFNIF100,22-MAR-2021,151.95,153.12,150.95,153.11,10715,10668,45
NETFNV20,22-MAR-2021,81.0,81.5,79.1,80.63,2863,1789,85
NETWORK18,22-MAR-2021,42.9,43.0,41.8,42.1,761265,344530,2062
NEULANDLAB,22-MAR-2021,1991.0,2025.0,1956.0,1967.75,23087,15159,2893
NEWGEN,22-MAR-2021,282.5,285.35,282.0,284.15,31130,15315,1315
NEXTMEDIA,22-MAR-2021,4.3,4.45,4.1,4.25,26935,20431,102
NFL,22-MAR-2021,52.9,57.55,52.45,57.55,5236192,1267512,14489
NH,22-MAR-2021,386.8,402.8,383.6,391.15,440082,231857,17246
NHPC,22-MAR-2021,24.35,24.4,24.0,24.05,3389437,1797160,7493
NIACL,22-MAR-2021,164.5,171.9,162.1,169.1,1822396,280835,24049
NIBL,22-MAR-2021,14.3,14.3,14.3,14.3,5588,5588,17
NIFTYBEES,22-MAR-2021,178.88,178.88,137.3,157.33,2249076,900203,16888
NIITLTD,22-MAR-2021,148.0,153.0,148.0,149.8,594983,340983,8613
NILKAMAL,22-MAR-2021,1965.0,2073.95,1961.2,1980.85,158760,41034,13302
NIPPOBATRY,22-MAR-2021,750.0,750.0,717.0,723.25,961,471,194
NIRAJ,22-MAR-2021,41.45,44.4,41.0,43.6,11365,8716,171
NITCO,22-MAR-2021,21.65,21.95,21.35,21.65,29125,18645,236
NITINSPIN,22-MAR-2021,83.7,87.0,82.0,82.65,115623,86899,699
NKIND,22-MAR-2021,23.0,23.0,21.2,21.3,6558,6461,28
NLCINDIA,22-MAR-2021,51.25,51.6,50.15,50.4,979690,414369,10578
NMDC,22-MAR-2021,127.65,129.35,126.25,128.2,12364505,3698344,51522
NOCIL,22-MAR-2021,173.7,173.95,165.55,168.1,769447,308441,7435
NORBTEAEXP,22-MAR-2021,7.55,7.55,6.95,7.1,3838,3543,14
NOVARTIND,22-MAR-2021,567.0,580.0,567.0,574.1,6850,5125,349
NPBET,22-MAR-2021,184.65,184.99,178.65,179.41,84,62,33
NRAIL,22-MAR-2021,250.05,252.8,238.15,239.8,35477,21847,1655
NRBBEARING,22-MAR-2021,107.95,113.3,107.5,112.05,242259,94859,3823
NSIL,22-MAR-2021,1022.55,1023.0,986.0,994.9,1619,759,296
NTL,22-MAR-2021,0.85,0.85,0.85,0.85,3583,3583,6
NTPC,22-MAR-2021,108.8,110.55,106.85,109.85,31980425,16011374,84249
NUCLEUS,22-MAR-2021,512.15,516.1,502.55,505.8,35682,18855,1876
NURECA,22-MAR-2021,623.4,664.7,617.0,645.55,67190,34148,4939
NXTDIGITAL,22-MAR-2021,468.35,499.0,465.05,479.2,5872,3801,372
OAL,22-MAR-2021,557.0,571.7,557.0,569.0,12339,7450,654
OBEROIRLTY,22-MAR-2021,581.3,607.7,575.05,600.15,408006,253248,11106
OCCL,22-MAR-2021,960.0,990.0,951.0,967.05,4912,2589,940
OFSS,22-MAR-2021,3225.0,3255.55,3182.4,3222.55,57361,24109,10573
OIL,22-MAR-2021,120.5,120.9,118.15,118.85,1108722,533789,11195
OILCOUNTUB,22-MAR-2021,6.1,6.1,6.1,6.1,13917,13199,32
OLECTRA,22-MAR-2021,218.5,222.1,212.65,222.1,493973,378865,5975
OMAXAUTO,22-MAR-2021,44.7,45.9,44.7,45.25,24477,10967,612
OMAXE,22-MAR-2021,68.45,70.8,68.35,70.35,41801,33678,415
OMINFRAL,22-MAR-2021,24.8,24.8,21.25,22.3,47254,30194,395
ONEPOINT,22-MAR-2021,12.7,13.1,11.9,11.9,139666,115468,188
ONGC,22-MAR-2021,110.5,111.25,108.55,109.6,15825065,4032182,69006
ONMOBILE,22-MAR-2021,99.6,103.15,98.4,103.15,732800,325779,6409
ONWARDTEC,22-MAR-2021,123.7,127.45,120.0,122.55,69377,23217,1951
OPTIEMUS,22-MAR-2021,132.55,145.85,132.05,145.85,226641,114897,1518
ORBTEXP,22-MAR-2021,60.35,61.0,59.35,59.4,13521,11198,167
ORIENTABRA,22-MAR-2021,22.0,22.5,21.5,21.65,44981,29599,319
ORIENTALTL,22-MAR-2021,6.85,7.05,6.6,6.65,33935,28752,188
ORIENTBELL,22-MAR-2021,221.0,237.5,221.0,223.05,22976,10852,833
ORIENTCEM,22-MAR-2021,97.8,99.5,95.75,97.95,411568,181912,4073
ORIENTELEC,22-MAR-2021,328.9,345.0,321.25,324.4,1208949,646667,34039
ORIENTHOT,22-MAR-2021,24.5,24.5,21.95,23.3,94605,52067,611
ORIENTLTD,22-MAR-2021,82.75,86.3,80.05,82.85,265,235,29
ORIENTPPR,22-MAR-2021,27.0,28.35,25.3,27.45,2341296,521388,5645
ORIENTREF,22-MAR-2021,233.85,254.0,232.85,242.25,767973,270548,11912
ORISSAMINE,22-MAR-2021,2448.0,2484.95,2382.15,2401.2,4911,2279,1130
OSWALAGRO,22-MAR-2021,10.55,11.15,10.5,10.7,148229,73874,516
PAGEIND,22-MAR-2021,28400.0,29951.0,28047.9,29721.3,55943,13104,18833
PAISALO,22-MAR-2021,804.0,854.95,756.05,770.9,224366,94982,4422
PALASHSECU,22-MAR-2021,48.95,50.5,46.0,50.5,2696,2427,58
PANACEABIO,22-MAR-2021,189.65,193.9,187.2,190.05,180594,132088,2059
PANACHE,22-MAR-2021,56.2,65.0,52.7,61.55,326902,48691,3042
PANAMAPET,22-MAR-2021,157.75,160.9,153.0,153.5,54354,33628,1266
PARACABLES,22-MAR-2021,8.4,9.0,8.2,8.85,384635,219567,599
PARAGMILK,22-MAR-2021,98.8,103.8,98.3,100.75,615615,321180,3135
PATELENG,22-MAR-2021,12.7,13.0,12.5,12.75,296338,194930,714
PATINTLOG,22-MAR-2021,20.75,20.75,19.9,20.0,26311,21671,222
PATSPINLTD,22-MAR-2021,5.4,5.75,5.4,5.4,5505,5214,50
PCJEWELLER,22-MAR-2021,27.1,28.35,26.95,28.15,1404787,719774,4035
PDMJEPAPER,22-MAR-2021,25.3,25.3,24.25,24.45,57206,37290,328
PDSMFL,22-MAR-2021,663.2,754.9,661.0,672.35,7361,2069,719
PEARLPOLY,22-MAR-2021,15.7,15.7,14.5,14.65,3924,2322,33
PEL,22-MAR-2021,1889.0,1919.05,1865.7,1896.25,748612,121637,34958
PENIND,22-MAR-2021,19.35,19.35,18.05,18.25,210127,156056,2958
PENINLAND,22-MAR-2021,6.05,6.15,5.95,6.15,1670657,1564409,377
PERSISTENT,22-MAR-2021,1997.0,1997.0,1901.65,1963.7,135155,48206,19121
PETRONET,22-MAR-2021,226.6,231.5,225.25,228.75,5012225,2041910,44679
PFC,22-MAR-2021,123.5,124.45,121.05,121.45,5071374,2009617,30814
PFIZER,22-MAR-2021,4395.0,4434.2,4376.3,4413.65,30877,13708,3940
PFOCUS,22-MAR-2021,60.45,60.45,56.2,56.65,85357,68494,493
PFS,22-MAR-2021,19.0,19.4,18.55,18.8,632579,337222,1862
PGHH,22-MAR-2021,12821.0,13190.0,12821.0,13018.95,6132,3698,1520
PGHL,22-MAR-2021,6513.0,6534.85,6336.3,6357.45,9351,5533,4133
PGIL,22-MAR-2021,180.0,180.0,170.05,170.05,3586,2497,132
PHILIPCARB,22-MAR-2021,190.0,194.85,188.55,191.2,408157,191640,6368
PHOENIXLTD,22-MAR-2021,740.05,775.05,735.05,769.7,127715,73100,10417
PIDILITIND,22-MAR-2021,1769.0,1783.8,1738.15,1761.9,617685,214893,50913
PIIND,22-MAR-2021,2289.0,2310.75,2245.0,2297.95,254354,134386,30401
PILANIINVS,22-MAR-2021,1700.0,1700.0,1670.0,1672.9,3522,1413,582
PILITA,22-MAR-2021,17.85,17.85,16.5,16.75,196336,135031,373
PIONDIST,22-MAR-2021,102.7,106.9,102.7,105.85,7837,2559,280
PIONEEREMB,22-MAR-2021,38.5,39.75,38.5,39.4,18486,14040,234
PITTIENG,22-MAR-2021,69.1,71.5,67.35,70.35,170436,45732,2299
PLASTIBLEN,22-MAR-2021,235.75,240.0,233.05,236.55,41529,37935,554
PNB,22-MAR-2021,38.45,38.55,37.5,37.95,94389245,11578992,79109
PNBGILTS,22-MAR-2021,48.5,49.9,48.5,49.25,214870,102358,1600
PNBHOUSING,22-MAR-2021,390.2,396.25,385.2,392.7,201618,84595,5329
PNC,22-MAR-2021,31.35,31.35,31.35,31.35,143612,140481,49
PNCINFRA,22-MAR-2021,237.55,246.0,231.05,243.4,1236702,592938,27425
PODDARMENT,22-MAR-2021,197.0,197.0,191.05,193.0,4432,2906,196
POKARNA,22-MAR-2021,226.05,249.5,224.25,240.45,448694,209927,11465
POLYCAB,22-MAR-2021,1355.0,1377.0,1345.0,1352.7,326202,202208,13089
POLYMED,22-MAR-2021,818.3,830.0,793.05,804.8,73078,35270,5729
POLYPLEX,22-MAR-2021,845.0,848.95,823.0,829.1,31643,20352,2511
PONNIERODE,22-MAR-2021,148.05,150.25,148.05,148.95,1098,666,69
POWERGRID,22-MAR-2021,234.4,234.4,222.2,223.55,16414250,6445106,125619
POWERINDIA,22-MAR-2021,1320.0,1408.0,1295.15,1389.95,99345,70268,6458
POWERMECH,22-MAR-2021,538.0,542.0,532.0,536.9,18480,11496,1126
PPAP,22-MAR-2021,223.05,228.0,209.0,212.3,55334,39294,2368
PPL,22-MAR-2021,123.4,128.0,121.15,124.7,175160,60762,3205
PRABHAT,22-MAR-2021,95.0,98.75,92.55,93.95,1756169,1287630,6271
PRAENG,22-MAR-2021,7.95,8.35,7.95,8.1,14683,11133,65
PRAJIND,22-MAR-2021,163.95,176.5,163.45,175.3,2011472,812127,31794
PRAKASH,22-MAR-2021,67.15,70.9,66.15,67.15,1970525,478507,11736
PRAKASHSTL,22-MAR-2021,0.85,0.85,0.8,0.8,59083,42519,124
PRECAM,22-MAR-2021,40.2,42.3,38.1,40.7,220019,108019,1119
PRECOT,22-MAR-2021,100.0,106.6,100.0,106.6,8511,8306,56
PRECWIRE,22-MAR-2021,193.95,195.9,190.5,191.7,66508,30173,1541
PREMIERPOL,22-MAR-2021,36.95,40.75,36.95,38.8,23202,12176,504
PRESSMN,22-MAR-2021,23.65,23.8,22.9,23.1,60994,41627,358
PRESTIGE,22-MAR-2021,286.05,300.5,283.6,299.4,883644,364275,13039
PRICOLLTD,22-MAR-2021,64.0,64.4,62.35,63.6,939468,112503,9628
PRINCEPIPE,22-MAR-2021,426.7,437.0,415.8,420.2,249238,124599,10100
PRIVISCL,22-MAR-2021,647.55,690.0,646.85,683.1,44193,29790,3317
PROZONINTU,22-MAR-2021,17.9,19.5,17.3,17.95,237730,141815,859
PRSMJOHNSN,22-MAR-2021,115.8,121.15,114.1,118.0,338955,152706,5444
PSB,22-MAR-2021,16.45,16.6,15.85,16.1,316637,187093,1050
PSPPROJECT,22-MAR-2021,474.9,478.35,463.8,471.9,133617,8480,5348
PSUBNKBEES,22-MAR-2021,24.5,24.5,23.35,23.64,535690,291949,1056
PTC,22-MAR-2021,81.0,81.9,79.5,79.95,1531617,624233,9742
PTL,22-MAR-2021,39.0,39.9,38.55,38.9,22360,13684,219
PUNJABCHEM,22-MAR-2021,909.0,916.4,882.05,901.4,9427,7074,879
PURVA,22-MAR-2021,74.25,77.35,74.15,76.25,89732,32926,1294
PVR,22-MAR-2021,1327.0,1351.05,1321.0,1328.8,1367515,291044,44311
QGOLDHALF,22-MAR-2021,1940.2,1947.0,1928.0,1929.8,326,271,84
QNIFTY,22-MAR-2021,1521.0,1521.0,1518.95,1521.0,15,10,6
QUESS,22-MAR-2021,727.0,728.9,690.0,696.3,138599,63977,9096
QUICKHEAL,22-MAR-2021,187.25,192.55,184.2,187.7,195327,81400,4480
RADICO,22-MAR-2021,534.9,540.0,527.15,530.75,155423,61862,5243
RADIOCITY,22-MAR-2021,23.55,24.3,23.5,23.8,101532,74083,211
RAILTEL,22-MAR-2021,131.75,142.5,130.6,139.7,7632251,2114778,69053
RAIN,22-MAR-2021,147.0,151.6,145.6,147.95,1766578,559023,12176
RAJESHEXPO,22-MAR-2021,477.0,482.0,471.15,475.15,489176,319308,14320
RAJRATAN,22-MAR-2021,763.95,840.0,763.95,836.15,52798,22062,4190
RAJTV,22-MAR-2021,33.9,34.8,30.65,32.35,6581,3127,229
RALLIS,22-MAR-2021,255.0,261.0,254.0,259.65,335868,139312,13837
RAMANEWS,22-MAR-2021,16.05,16.05,15.55,15.8,42246,25405,212
RAMCOCEM,22-MAR-2021,950.9,980.65,921.25,974.6,529188,185385,12142
RAMCOIND,22-MAR-2021,260.0,262.25,254.25,257.9,68691,30711,1968
RAMCOSYS,22-MAR-2021,584.55,585.2,568.0,578.8,72431,36689,3610
RAMKY,22-MAR-2021,79.95,83.9,79.55,83.9,76511,71855,250
RANASUG,22-MAR-2021,8.2,8.8,7.55,8.1,463943,294142,708
RANEENGINE,22-MAR-2021,277.45,277.45,259.0,261.7,19491,12373,442
RANEHOLDIN,22-MAR-2021,614.1,633.0,607.1,624.25,16086,9773,785
RATNAMANI,22-MAR-2021,1855.0,1925.05,1835.0,1872.85,22154,9334,3625
RAYMOND,22-MAR-2021,339.0,345.9,336.25,341.65,534616,117236,26302
RBL,22-MAR-2021,819.0,819.0,780.0,783.1,9440,4029,959
RBLBANK,22-MAR-2021,228.1,230.6,223.1,225.25,11332389,2143443,86713
RCF,22-MAR-2021,73.0,79.0,72.1,79.0,7820019,1845396,29016
RCOM,22-MAR-2021,1.75,1.8,1.7,1.8,12265625,8247438,3120
RECLTD,22-MAR-2021,141.0,142.75,138.75,139.2,4962230,1376178,26838
REDINGTON,22-MAR-2021,157.55,160.65,155.05,155.85,155964,73990,7183
REFEX,22-MAR-2021,82.0,87.0,80.2,85.95,91904,50981,1136
RELAXO,22-MAR-2021,862.0,879.6,840.0,870.4,173965,81297,13311
RELCAPITAL,22-MAR-2021,10.9,11.55,10.8,11.55,3113535,1172436,3804
RELIANCE,22-MAR-2021,2071.0,2074.0,2033.2,2062.4,8571196,2866751,234534
RELIGARE,22-MAR-2021,86.0,89.7,84.2,87.15,597533,321370,3391
RELINFRA,22-MAR-2021,33.3,36.2,32.3,36.2,5722876,2619119,8510
REMSONSIND,22-MAR-2021,147.85,147.85,135.45,137.35,6103,5840,58
RENUKA,22-MAR-2021,9.4,9.5,9.2,9.25,3248136,1858630,1943
REPCOHOME,22-MAR-2021,315.0,330.0,305.0,321.75,186173,72279,7417
REPL,22-MAR-2021,187.8,198.0,184.25,196.8,12105,8528,289
REPRO,22-MAR-2021,377.0,377.0,360.0,363.2,3856,1908,338
RESPONIND,22-MAR-2021,165.25,172.8,161.15,169.05,41818,8078,1087
REVATHI,22-MAR-2021,516.55,516.55,490.6,493.8,596,254,173
RGL,22-MAR-2021,303.95,303.95,291.55,294.25,4956,2725,335
RHFL,22-MAR-2021,2.8,2.9,2.8,2.8,5830803,2557345,1594
RICOAUTO,22-MAR-2021,38.65,39.4,37.4,37.6,270746,129383,1748
RIIL,22-MAR-2021,373.5,381.0,372.4,378.9,148985,36209,4509
RITES,22-MAR-2021,245.15,247.8,243.2,244.25,153829,66568,4120
RKDL,22-MAR-2021,8.0,8.1,7.5,7.7,12199,8392,61
RKEC,22-MAR-2021,60.25,64.0,59.1,59.85,22478,14461,223
RKFORGE,22-MAR-2021,509.95,517.95,505.0,506.8,6618,3399,551
RML,22-MAR-2021,367.25,390.0,367.25,378.45,48050,14381,1957
ROHLTD,22-MAR-2021,68.55,72.0,68.55,70.55,55533,29822,513
ROLTA,22-MAR-2021,4.0,4.0,3.85,3.9,268489,177027,1038
ROSSARI,22-MAR-2021,1048.0,1053.95,1024.45,1029.35,111175,57089,11285
ROSSELLIND,22-MAR-2021,112.55,112.55,107.5,109.7,14997,12598,339
ROUTE,22-MAR-2021,1572.0,1594.0,1535.25,1550.05,202164,56664,13312
RPGLIFE,22-MAR-2021,388.45,395.0,382.25,384.05,12706,5245,804
RPOWER,22-MAR-2021,4.35,4.55,4.25,4.55,23685407,19689930,6142
RPPINFRA,22-MAR-2021,69.05,69.05,67.1,67.65,20546,11601,380
RPSGVENT,22-MAR-2021,353.9,358.5,337.75,351.0,40019,20730,1773
RSSOFTWARE,22-MAR-2021,24.35,26.2,24.35,25.4,22059,14224,283
RSWM,22-MAR-2021,197.25,204.4,187.6,195.4,17676,11209,417
RSYSTEMS,22-MAR-2021,112.55,114.8,111.0,112.75,31078,24673,343
RTNINFRA,22-MAR-2021,6.35,6.7,6.1,6.3,1416128,1052262,2197
RTNPOWER,22-MAR-2021,2.55,2.6,2.5,2.6,2818023,1633717,980
RUBYMILLS,22-MAR-2021,176.1,183.95,172.0,176.5,10653,5354,601
RUCHI,22-MAR-2021,650.0,685.0,650.0,675.4,21809,12677,1899
RUCHIRA,22-MAR-2021,67.0,67.5,63.0,63.75,71856,44353,1231
RUPA,22-MAR-2021,329.0,329.0,312.0,317.7,85279,28319,2722
RUSHIL,22-MAR-2021,262.0,262.8,248.6,248.6,25240,17043,743
RVHL,22-MAR-2021,18.05,18.55,17.7,17.8,26728,21740,200
RVNL,22-MAR-2021,29.15,31.4,29.0,30.3,13424210,1973411,23854
SABEVENTS,22-MAR-2021,1.1,1.15,1.1,1.15,6448,6448,12
SABTN,22-MAR-2021,1.85,1.85,1.85,1.85,14528,14528,13
SADBHAV,22-MAR-2021,67.0,69.7,66.0,68.5,879047,156614,9057
SADBHIN,22-MAR-2021,21.45,22.75,20.8,22.0,279382,96151,2226
SAFARI,22-MAR-2021,651.8,662.35,622.2,626.3,265499,197583,3061
SAGARDEEP,22-MAR-2021,37.75,37.75,32.1,34.75,3418,2439,60
SAGCEM,22-MAR-2021,724.0,724.0,701.95,707.2,11688,5630,956
SAIL,22-MAR-2021,73.0,74.1,72.2,73.35,21560723,5881905,43860
SAKAR,22-MAR-2021,98.1,103.9,98.05,99.9,45370,30505,469
SAKHTISUG,22-MAR-2021,9.5,9.65,9.0,9.5,41886,27530,175
SAKSOFT,22-MAR-2021,370.05,376.7,370.05,374.8,29522,20779,773
SAKUMA,22-MAR-2021,5.15,5.15,4.95,5.0,159155,108069,304
SALASAR,22-MAR-2021,363.6,370.0,363.6,368.6,33540,10592,1541
SALONA,22-MAR-2021,92.1,98.55,92.1,95.1,299,121,40
SALSTEEL,22-MAR-2021,3.65,3.65,3.35,3.4,59762,49457,93
SALZERELEC,22-MAR-2021,127.0,127.7,124.45,125.3,32104,18091,919
SAMBHAAV,22-MAR-2021,2.5,2.6,2.4,2.4,14200,11341,48
SANCO,22-MAR-2021,9.8,9.95,9.5,9.7,39806,27448,175
SANDESH,22-MAR-2021,671.45,688.5,670.0,678.75,2315,2028,157
SANDHAR,22-MAR-2021,216.15,226.85,216.1,221.05,68489,30645,3354
SANGHIIND,22-MAR-2021,41.35,42.9,40.95,41.85,1359490,417504,4395
SANGHVIMOV,22-MAR-2021,106.0,109.0,104.8,107.45,29466,22860,385
SANGINITA,22-MAR-2021,26.5,26.5,24.3,24.55,53382,36628,293
SANOFI,22-MAR-2021,7790.0,7824.0,7620.0,7658.35,29508,18861,8277
SARDAEN,22-MAR-2021,423.0,434.0,416.6,423.8,59298,25921,2874
SAREGAMA,22-MAR-2021,1494.0,1559.9,1455.0,1509.25,38880,17913,5117
SARLAPOLY,22-MAR-2021,25.5,25.7,24.8,25.15,94382,44496,498
SASKEN,22-MAR-2021,850.4,943.75,836.95,913.35,266853,55667,13808
SASTASUNDR,22-MAR-2021,125.0,125.4,121.05,123.3,19808,12589,510
SATIA,22-MAR-2021,83.5,85.85,83.0,83.75,49430,13161,364
SATIN,22-MAR-2021,88.65,93.0,88.6,92.4,188485,116716,2558
SBICARD,22-MAR-2021,991.25,991.25,966.25,973.1,3355126,1833545,91523
SBIETFIT,22-MAR-2021,256.0,263.72,253.1,260.99,2155,1110,100
SBIETFPB,22-MAR-2021,184.5,185.0,177.11,179.15,2629,1695,107
SBIETFQLTY,22-MAR-2021,126.98,126.98,123.51,125.92,646,434,62
SBILIFE,22-MAR-2021,905.0,909.25,895.35,900.2,1660688,1025097,73156
SBIN,22-MAR-2021,372.0,372.8,363.5,367.0,28461974,6057167,242100
SCHAEFFLER,22-MAR-2021,5299.0,5357.1,5121.15,5293.75,7697,5234,3845
SCHAND,22-MAR-2021,123.0,128.3,121.1,122.65,276146,143706,3458
SCHNEIDER,22-MAR-2021,95.85,99.65,95.25,98.2,635670,152000,7308
SCI,22-MAR-2021,107.65,123.4,105.45,120.0,17082816,2775906,108095
SDBL,22-MAR-2021,34.8,34.95,33.6,33.85,174697,106651,1135
SEAMECLTD,22-MAR-2021,415.0,424.75,408.0,413.05,112479,89028,1310
SECURKLOUD,22-MAR-2021,84.8,85.45,81.1,82.15,47622,32940,933
SELAN,22-MAR-2021,132.0,136.55,130.0,132.8,192489,70978,3957
SEQUENT,22-MAR-2021,223.0,229.95,222.1,227.35,950671,723359,7998
SESHAPAPER,22-MAR-2021,157.4,161.2,157.0,160.1,26363,16412,833
SETCO,22-MAR-2021,16.3,16.3,14.9,15.35,178783,86078,549
SETF10GILT,22-MAR-2021,199.0,203.0,199.0,201.51,26,18,10
SETFGOLD,22-MAR-2021,3993.0,4045.5,3982.05,3986.45,21201,14753,2228
SETFNIF50,22-MAR-2021,155.0,156.87,149.48,150.41,346050,302177,2526
SETFNIFBK,22-MAR-2021,338.0,341.0,319.9,335.82,43007,30352,1261
SETFNN50,22-MAR-2021,356.99,356.99,352.5,356.17,4322,2731,397
SEYAIND,22-MAR-2021,58.55,59.25,56.4,58.0,31021,21813,684
SFL,22-MAR-2021,1983.45,2006.2,1955.05,1970.0,4295,1550,1365
SGL,22-MAR-2021,9.3,9.3,8.45,9.1,105789,49135,469
SHAHALLOYS,22-MAR-2021,9.15,9.15,8.4,9.15,4763,3927,32
SHAKTIPUMP,22-MAR-2021,515.0,532.5,499.15,529.4,63521,39115,2473
SHALBY,22-MAR-2021,99.1,103.0,98.9,100.1,225700,140402,2021
SHALPAINTS,22-MAR-2021,90.1,91.35,89.25,90.85,115451,64690,3436
SHANKARA,22-MAR-2021,402.6,405.9,391.1,394.15,65611,17073,7756
SHANTIGEAR,22-MAR-2021,125.9,125.95,123.4,125.45,12842,7359,303
SHARDACROP,22-MAR-2021,312.9,320.0,300.0,304.1,221068,50949,6586
SHARDAMOTR,22-MAR-2021,2080.1,2190.0,2080.0,2136.35,4092,2703,768
SHAREINDIA,22-MAR-2021,254.5,260.0,251.35,259.1,4469,3138,190
SHARIABEES,22-MAR-2021,362.0,373.0,358.61,364.63,171,105,35
SHEMAROO,22-MAR-2021,72.0,75.0,70.35,72.6,125968,67513,1357
SHIL,22-MAR-2021,274.0,274.0,260.4,269.35,49374,25467,2122
SHILPAMED,22-MAR-2021,334.9,339.0,328.3,337.2,187285,101925,4416
SHIVAMAUTO,22-MAR-2021,18.1,18.2,17.65,18.0,53963,40768,223
SHIVATEX,22-MAR-2021,146.2,152.95,145.85,150.35,1688,1001,58
SHK,22-MAR-2021,115.3,117.5,112.6,115.15,172450,63774,4690
SHOPERSTOP,22-MAR-2021,219.0,225.0,214.05,221.6,151040,54777,3572
SHREDIGCEM,22-MAR-2021,63.1,66.6,61.65,64.5,1210743,295018,7242
SHREECEM,22-MAR-2021,26900.0,27214.15,26618.0,26954.5,45373,14957,14318
SHREEPUSHK,22-MAR-2021,137.1,142.5,135.15,140.65,61230,20328,2975
SHREERAMA,22-MAR-2021,9.7,10.4,9.7,10.1,45126,38770,246
SHRENIK,22-MAR-2021,2.15,2.2,2.05,2.2,3073450,1770212,1795
SHREYANIND,22-MAR-2021,104.7,115.95,104.65,107.05,215529,62706,3251
SHREYAS,22-MAR-2021,78.5,79.9,77.1,78.8,54079,37828,564
SHRIRAMCIT,22-MAR-2021,1427.0,1460.0,1401.1,1424.95,15392,8672,3534
SHRIRAMEPC,22-MAR-2021,4.15,4.45,4.1,4.4,306380,224721,331
SHYAMCENT,22-MAR-2021,5.3,5.45,5.2,5.3,41417,31877,159
SICAGEN,22-MAR-2021,14.15,15.5,14.15,15.15,20325,14129,166
SICAL,22-MAR-2021,10.5,10.7,10.45,10.45,1179211,827078,872
SIEMENS,22-MAR-2021,1850.0,1870.85,1819.0,1838.8,457971,28526,18729
SIGIND,22-MAR-2021,32.65,33.6,32.05,33.4,86445,33516,438
SILGO,22-MAR-2021,41.5,41.5,36.85,39.0,28095,16783,411
SILINV,22-MAR-2021,215.0,215.0,200.0,202.9,12532,4573,232
SIMBHALS,22-MAR-2021,6.85,7.35,6.85,6.95,14342,10151,80
SIMPLEXINF,22-MAR-2021,33.5,33.6,31.5,33.05,231765,137757,1169
SINTERCOM,22-MAR-2021,86.95,91.3,86.0,86.0,425,177,14
SIS,22-MAR-2021,407.55,417.5,405.95,408.95,201695,97611,9100
SITINET,22-MAR-2021,0.85,0.9,0.8,0.9,4240142,3457163,1988
SIYSIL,22-MAR-2021,202.0,202.6,198.05,200.15,20642,10630,884
SJVN,22-MAR-2021,26.0,26.2,25.7,25.85,2090140,1001598,7111
SKFINDIA,22-MAR-2021,2141.85,2186.35,2110.75,2178.45,6533,3653,1761
SKIPPER,22-MAR-2021,63.05,64.2,59.7,61.35,79233,42097,1060
SKMEGGPROD,22-MAR-2021,48.0,50.5,48.0,48.7,25268,14900,365
SMARTLINK,22-MAR-2021,85.3,86.45,84.75,85.0,4720,3831,122
SMCGLOBAL,22-MAR-2021,69.6,72.15,69.6,71.2,105727,78278,851
SMLISUZU,22-MAR-2021,442.7,458.95,442.7,452.85,7509,3945,612
SMSLIFE,22-MAR-2021,509.1,509.4,499.95,502.85,2920,2126,183
SMSPHARMA,22-MAR-2021,125.0,127.35,124.0,125.35,66924,48166,610
SNOWMAN,22-MAR-2021,47.85,49.0,47.05,47.9,2225926,695290,9737
SOBHA,22-MAR-2021,449.2,456.2,441.5,448.0,50649,17640,2938
SOLARA,22-MAR-2021,1217.0,1262.85,1195.0,1234.25,137270,78289,7695
SOLARINDS,22-MAR-2021,1320.0,1321.05,1279.65,1290.5,4872,2592,772
SOMANYCERA,22-MAR-2021,415.0,420.0,404.4,412.8,23857,16983,2536
SONATSOFTW,22-MAR-2021,463.95,475.95,458.0,471.8,262407,99547,9936
SORILINFRA,22-MAR-2021,159.5,166.7,159.5,161.55,67675,27373,2370
SOTL,22-MAR-2021,1004.1,1023.05,1004.1,1012.95,3393,1617,554
SOUTHBANK,22-MAR-2021,8.95,9.1,8.75,8.8,12049267,4665577,142771
SOUTHWEST,22-MAR-2021,45.2,47.95,44.3,47.9,22182,19229,121
SPAL,22-MAR-2021,165.0,175.0,161.55,169.8,20634,10538,685
SPANDANA,22-MAR-2021,599.6,600.35,581.45,590.5,41394,31026,2987
SPARC,22-MAR-2021,155.0,158.1,154.65,156.0,277832,105416,4127
SPECIALITY,22-MAR-2021,42.1,45.4,42.1,45.05,64427,37747,614
SPENCERS,22-MAR-2021,72.6,73.4,71.6,72.7,175962,92605,1892
SPIC,22-MAR-2021,30.0,32.9,29.75,32.1,1452268,557119,5420
SPICEJET,22-MAR-2021,72.95,77.0,71.85,76.4,10450709,2556899,45906
SPLIL,22-MAR-2021,33.35,33.55,31.9,32.6,23702,11024,267
SPMLINFRA,22-MAR-2021,11.55,11.55,10.3,10.95,52692,49459,123
SPTL,22-MAR-2021,3.65,3.8,3.65,3.65,6661554,3411314,2199
SPYL,22-MAR-2021,0.35,0.4,0.35,0.4,632298,365615,600
SREEL,22-MAR-2021,145.0,145.0,143.05,145.0,43850,40044,324
SREINFRA,22-MAR-2021,5.85,5.85,5.6,5.65,1956703,1324842,1651
SRF,22-MAR-2021,5270.0,5322.75,5234.05,5281.0,91631,34826,17509
SRHHYPOLTD,22-MAR-2021,253.0,254.65,241.05,243.2,24221,14586,1123
SRIPIPES,22-MAR-2021,172.0,176.75,172.0,172.75,29533,19197,789
SRTRANSFIN,22-MAR-2021,1368.9,1389.95,1347.05,1381.4,1867037,398475,76250
SSWL,22-MAR-2021,680.0,708.95,673.1,678.05,23827,8545,2661
STAR,22-MAR-2021,770.0,812.95,770.0,802.15,497161,105462,16816
STARCEMENT,22-MAR-2021,96.6,98.2,95.4,96.05,201127,66614,2450
STARPAPER,22-MAR-2021,123.0,124.1,119.85,120.4,130785,58487,2185
STCINDIA,22-MAR-2021,76.95,80.45,75.5,79.0,92789,26926,1162
STEELCITY,22-MAR-2021,39.85,42.5,38.85,39.5,174826,91336,1471
STEELXIND,22-MAR-2021,52.15,54.3,52.15,52.55,113033,36827,438
STERTOOLS,22-MAR-2021,208.0,210.1,202.3,204.95,8071,3788,546
STLTECH,22-MAR-2021,206.0,208.0,202.8,205.05,289199,175814,5224
STOVEKRAFT,22-MAR-2021,445.0,453.0,427.7,435.25,412256,219655,10095
SUBEXLTD,22-MAR-2021,36.25,38.1,35.75,37.2,5274881,2334596,16630
SUBROS,22-MAR-2021,306.95,311.95,301.05,308.9,28874,7364,1543
SUDARSCHEM,22-MAR-2021,525.0,541.0,520.5,529.1,94142,29552,4145
SUMICHEM,22-MAR-2021,280.65,285.25,277.6,282.0,357155,158366,6407
SUMIT,22-MAR-2021,9.2,10.1,9.2,9.65,162539,120203,251
SUMMITSEC,22-MAR-2021,513.75,518.0,502.0,516.1,2362,1607,211
SUNCLAYLTD,22-MAR-2021,3128.0,3164.65,3060.05,3131.7,1613,970,505
SUNDARAM,22-MAR-2021,1.35,1.35,1.3,1.3,227862,206440,371
SUNDARMFIN,22-MAR-2021,2434.0,2519.95,2305.55,2454.55,36907,16913,4983
SUNDARMHLD,22-MAR-2021,76.0,78.5,75.3,77.55,70938,40282,708
SUNDRMBRAK,22-MAR-2021,341.25,349.95,333.05,339.5,9384,6985,340
SUNDRMFAST,22-MAR-2021,744.0,758.0,717.5,747.45,110641,44864,8447
SUNFLAG,22-MAR-2021,61.3,61.8,60.5,60.8,256348,124275,2205
SUNPHARMA,22-MAR-2021,578.6,593.6,578.6,591.0,7033955,2329821,122015
SUNTECK,22-MAR-2021,322.0,323.25,312.8,315.3,349149,119228,5282
SUNTV,22-MAR-2021,480.05,487.0,473.35,484.25,2554609,599952,35906
SUPERHOUSE,22-MAR-2021,128.5,128.5,124.05,125.05,15437,6572,249
SUPERSPIN,22-MAR-2021,4.95,5.1,4.7,4.75,54625,42462,132
SUPPETRO,22-MAR-2021,417.9,430.0,413.0,421.05,27351,15766,1564
SUPRAJIT,22-MAR-2021,289.0,292.75,279.2,289.45,135534,52349,4418
SUPREMEENG,22-MAR-2021,28.75,28.8,26.45,26.65,38960,17861,134
SUPREMEIND,22-MAR-2021,1990.0,2009.0,1963.0,1996.15,54179,24918,9866
SURANAT&P,22-MAR-2021,4.1,4.35,4.1,4.15,135347,130120,91
SURYALAXMI,22-MAR-2021,35.2,35.2,32.15,33.2,10091,7786,101
SURYAROSNI,22-MAR-2021,364.35,395.35,358.7,390.9,337158,165553,10446
SUTLEJTEX,22-MAR-2021,42.1,43.8,42.1,42.7,46536,25925,352
SUVEN,22-MAR-2021,75.0,79.2,73.75,75.8,435072,142450,4127
SUVENPHAR,22-MAR-2021,483.0,483.0,464.0,479.3,249415,135830,12729
SUZLON,22-MAR-2021,5.4,5.6,5.3,5.55,31260674,10153566,19322
SWANENERGY,22-MAR-2021,136.95,141.75,136.3,140.55,217565,7609,8741
SWARAJENG,22-MAR-2021,1305.1,1347.4,1301.0,1315.1,8862,5048,926
SWELECTES,22-MAR-2021,192.0,203.15,192.0,200.15,20409,15187,458
SWSOLAR,22-MAR-2021,265.55,273.8,259.3,264.95,525929,178057,9738
SYMPHONY,22-MAR-2021,1265.0,1290.0,1234.5,1266.6,45178,14589,5527
SYNGENE,22-MAR-2021,510.35,516.9,491.45,500.7,959051,549179,45065
TAINWALCHM,22-MAR-2021,58.6,62.8,58.6,61.2,10263,4500,285
TAJGVK,22-MAR-2021,112.6,118.0,112.6,116.7,60733,32398,1266
TAKE,22-MAR-2021,51.8,52.5,51.0,51.3,850631,384775,4899
TALBROAUTO,22-MAR-2021,217.0,223.0,215.0,216.05,11191,5914,561
TANLA,22-MAR-2021,894.9,904.1,880.0,888.1,129469,71512,6036
TARC,22-MAR-2021,28.0,29.0,28.0,28.7,345148,212790,1244
TARMAT,22-MAR-2021,45.4,47.95,45.4,46.8,13423,7042,258
TASTYBITE,22-MAR-2021,14307.35,14370.45,13705.55,13834.45,1922,1087,767
TATACHEM,22-MAR-2021,752.0,771.0,743.4,763.75,9238739,803199,130700
TATACOFFEE,22-MAR-2021,118.4,118.95,115.3,116.5,1871051,321364,14218
TATACOMM,22-MAR-2021,1180.0,1194.7,1140.35,1160.65,1953740,1090880,24835
TATACONSUM,22-MAR-2021,603.0,623.05,596.25,620.55,3154483,1335022,53177
TATAELXSI,22-MAR-2021,2730.0,2774.9,2701.3,2722.7,256006,72717,22778
TATAINVEST,22-MAR-2021,1020.15,1045.0,992.35,1016.75,217317,100837,16425
TATAMETALI,22-MAR-2021,747.8,754.0,730.1,735.15,137017,48633,5671
TATAMOTORS,22-MAR-2021,306.45,307.5,300.1,303.05,56385019,6178761,338962
TATAMTRDVR,22-MAR-2021,132.5,133.4,129.1,131.55,2205938,1070824,15378
TATAPOWER,22-MAR-2021,104.9,106.5,103.8,104.75,74913152,11724602,185725
TATASTEEL,22-MAR-2021,731.1,745.65,725.0,743.5,13760370,3062563,185283
TATASTLBSL,22-MAR-2021,47.3,48.0,46.6,47.8,6169487,1753500,11934
TATASTLLP,22-MAR-2021,680.0,695.0,675.0,692.55,71065,54611,2745
TBZ,22-MAR-2021,67.0,69.7,66.85,67.8,116220,53656,1532
TCI,22-MAR-2021,244.9,260.7,244.7,258.65,655617,276339,12258
TCIDEVELOP,22-MAR-2021,305.95,313.4,285.65,309.2,3919,3303,164
TCIEXP,22-MAR-2021,899.85,919.95,875.05,885.05,22470,6369,3741
TCIFINANCE,22-MAR-2021,5.5,5.55,5.25,5.35,10290,9416,36
TCNSBRANDS,22-MAR-2021,510.15,525.0,500.35,520.05,32992,17645,2152
TCPLPACK,22-MAR-2021,398.0,398.0,382.9,390.6,773,324,104
TCS,22-MAR-2021,3048.7,3139.45,3018.65,3129.65,2821646,1165276,137406
TDPOWERSYS,22-MAR-2021,145.5,150.0,140.75,145.05,31847,14933,986
TEAMLEASE,22-MAR-2021,3500.0,3548.95,3416.35,3498.3,19162,14040,3089
TECHM,22-MAR-2021,989.9,1017.4,978.3,1013.55,3873143,1488324,92430
TECHNOE,22-MAR-2021,289.1,289.8,284.35,287.7,35342,9330,4162
TEJASNET,22-MAR-2021,177.7,178.25,167.05,174.8,225064,106132,4220
TERASOFT,22-MAR-2021,36.6,38.2,35.2,37.25,36514,19673,493
TEXINFRA,22-MAR-2021,70.45,71.9,70.4,71.05,26817,20679,295
TEXMOPIPES,22-MAR-2021,26.55,28.5,26.55,27.15,315714,61438,4505
TEXRAIL,22-MAR-2021,29.2,29.65,28.6,28.9,413053,171961,1879
TFCILTD,22-MAR-2021,62.25,65.5,62.1,63.2,719857,89968,7067
TGBHOTELS,22-MAR-2021,4.85,4.95,4.75,4.85,8228,5999,60
THANGAMAYL,22-MAR-2021,613.0,623.0,613.0,614.45,15411,10464,890
THEINVEST,22-MAR-2021,91.65,96.65,89.2,96.65,44688,27076,667
THEMISMED,22-MAR-2021,288.75,296.0,286.85,288.8,4278,3204,316
THERMAX,22-MAR-2021,1345.0,1362.9,1315.1,1352.25,77646,16485,7302
THOMASCOOK,22-MAR-2021,53.3,53.8,50.9,51.1,581636,318556,3646
THYROCARE,22-MAR-2021,900.0,900.0,832.3,840.6,291323,117740,21267
TI,22-MAR-2021,29.3,29.3,28.5,28.55,224281,46298,1553
TIDEWATER,22-MAR-2021,4379.0,4385.0,4326.6,4357.8,1271,745,397
TIIL,22-MAR-2021,370.75,383.95,360.85,373.3,24986,17517,889
TIINDIA,22-MAR-2021,1137.0,1166.0,1107.05,1137.4,46108,26925,5323
TIL,22-MAR-2021,165.05,166.9,162.25,162.95,17454,12981,344
TIMESGTY,22-MAR-2021,25.8,25.8,23.5,24.05,2372,2202,57
TIMETECHNO,22-MAR-2021,57.9,57.95,55.0,55.65,267212,139755,2382
TIMKEN,22-MAR-2021,1256.75,1264.5,1244.65,1260.25,9346,5286,1594
TINPLATE,22-MAR-2021,157.25,161.8,155.55,157.4,216136,70877,4016
TIRUMALCHM,22-MAR-2021,95.0,96.5,91.95,93.6,462530,195734,5700
TITAN,22-MAR-2021,1465.0,1468.65,1448.0,1460.3,1331121,650884,51512
TMRVL,22-MAR-2021,12.5,13.4,12.5,12.5,63544,46309,223
TNPETRO,22-MAR-2021,51.9,51.9,49.45,50.0,497678,186532,5098
TNPL,22-MAR-2021,145.75,147.9,144.6,145.1,130498,72377,1906
TOKYOPLAST,22-MAR-2021,71.4,71.45,69.9,70.0,1685,1460,41
TORNTPHARM,22-MAR-2021,2414.2,2456.0,2392.8,2449.1,345093,183432,12373
TORNTPOWER,22-MAR-2021,425.8,429.15,418.7,427.45,1751625,800117,22126
TOTAL,22-MAR-2021,44.5,46.0,44.0,45.35,13127,9590,149
TPLPLASTEH,22-MAR-2021,148.8,152.65,144.35,144.85,2309,1915,161
TREEHOUSE,22-MAR-2021,6.9,7.55,6.85,7.55,100012,95391,135
TREJHARA,22-MAR-2021,32.0,33.35,30.85,32.25,42857,17204,407
TRENT,22-MAR-2021,800.15,816.85,790.5,800.0,655786,253370,21210
TRF,22-MAR-2021,90.0,93.3,90.0,91.45,11759,8291,403
TRIDENT,22-MAR-2021,14.75,14.9,14.3,14.55,11806704,4404550,15206
TRIGYN,22-MAR-2021,68.0,68.85,67.3,68.3,28134,19966,412
TRIL,22-MAR-2021,17.85,18.7,17.25,17.8,194817,126019,711
TRITURBINE,22-MAR-2021,104.0,105.05,101.6,102.45,49390,23982,798
TRIVENI,22-MAR-2021,84.4,85.5,83.45,84.3,526101,195046,5560
TTKHLTCARE,22-MAR-2021,527.5,535.45,513.1,528.85,5443,1793,327
TTKPRESTIG,22-MAR-2021,7225.15,7365.0,7175.0,7223.55,5088,2325,2370
TTL,22-MAR-2021,46.8,49.85,46.8,48.6,24409,12112,479
TV18BRDCST,22-MAR-2021,31.15,31.75,30.85,31.15,4413742,2064762,6408
TVSMOTOR,22-MAR-2021,585.8,590.4,576.0,580.2,1537729,367882,28521
TVSSRICHAK,22-MAR-2021,1755.0,1848.0,1755.0,1814.45,19474,10678,3167
TVTODAY,22-MAR-2021,270.0,270.75,263.15,269.0,66345,35723,1634
TVVISION,22-MAR-2021,1.95,1.95,1.95,1.95,7739,7739,5
TWL,22-MAR-2021,48.1,49.75,48.1,48.7,423893,134361,6298
UBL,22-MAR-2021,1223.0,1263.2,1206.0,1251.75,417033,83548,13907
UCALFUEL,22-MAR-2021,143.0,147.0,140.3,144.05,105690,16185,7361
UCOBANK,22-MAR-2021,12.95,13.15,12.4,12.5,17636364,7930980,38466
UFLEX,22-MAR-2021,393.0,401.45,388.0,393.6,123636,41075,5876
UFO,22-MAR-2021,76.35,79.3,76.0,76.4,159341,41319,2798
UGARSUGAR,22-MAR-2021,16.3,16.8,16.05,16.35,106216,53147,433
UJJIVAN,22-MAR-2021,224.25,226.1,220.5,222.3,351353,149430,6272
UJJIVANSFB,22-MAR-2021,32.35,32.55,31.9,32.15,1693792,566043,4834
ULTRACEMCO,22-MAR-2021,6665.9,6785.0,6631.3,6728.0,467719,103072,49924
UMANGDAIRY,22-MAR-2021,60.5,62.1,59.0,61.75,22108,13149,287
UNICHEMLAB,22-MAR-2021,310.0,310.0,301.05,307.0,27672,14673,1234
UNIDT,22-MAR-2021,258.95,263.8,257.0,260.3,3650,3295,91
UNIENTER,22-MAR-2021,84.15,84.2,82.0,83.05,12917,6986,275
UNIONBANK,22-MAR-2021,35.4,35.65,34.25,34.45,6092177,1688152,11524
UNITEDTEA,22-MAR-2021,300.15,308.75,293.75,302.75,4805,3371,214
UNIVCABLES,22-MAR-2021,142.85,149.55,140.0,144.15,44443,28850,748
UNIVPHOTO,22-MAR-2021,174.5,177.35,162.6,170.85,2936,1533,153
UPL,22-MAR-2021,624.95,636.9,617.65,628.15,6196079,754945,79806
USHAMART,22-MAR-2021,34.3,35.8,32.85,33.8,2538851,1062134,8532
UTIAMC,22-MAR-2021,563.9,564.9,555.05,557.6,97586,34159,6195
UTIBANKETF,22-MAR-2021,34.0,34.08,33.44,33.52,6159,3884,161
UTINEXT50,22-MAR-2021,369.99,369.99,352.61,356.22,514,397,58
UTINIFTETF,22-MAR-2021,1544.0,1545.6,1521.8,1540.35,1380,1378,57
UTISENSETF,22-MAR-2021,519.84,519.99,514.0,517.78,2612,2544,78
UTISXN50,22-MAR-2021,40.85,40.85,39.01,39.31,1168,1009,44
UTTAMSUGAR,22-MAR-2021,90.65,92.7,89.05,91.35,51810,25722,799
V2RETAIL,22-MAR-2021,125.95,129.9,123.15,125.75,48534,34474,945
VADILALIND,22-MAR-2021,933.15,976.0,921.0,959.15,68264,25431,7657
VAIBHAVGBL,22-MAR-2021,4015.0,4159.0,3955.55,4013.65,54911,21713,11683
VAKRANGEE,22-MAR-2021,51.4,51.75,50.85,51.0,2300840,1644615,2260
VALIANTORG,22-MAR-2021,1256.0,1274.0,1218.1,1233.75,23454,18016,1549
VARDHACRLC,22-MAR-2021,39.45,39.45,37.1,37.55,16697,10605,130
VARDMNPOLY,22-MAR-2021,19.5,19.6,19.1,19.1,21705,20289,117
VARROC,22-MAR-2021,391.9,417.0,381.25,406.6,449365,171898,12321
VASCONEQ,22-MAR-2021,17.8,17.8,16.6,16.75,170109,139282,420
VASWANI,22-MAR-2021,10.7,10.7,10.25,10.3,7155,5114,48
VBL,22-MAR-2021,985.1,1005.0,975.0,999.9,216625,115561,14431
VEDL,22-MAR-2021,222.85,224.15,220.05,223.6,17117657,8813995,50518
VENKEYS,22-MAR-2021,1556.0,1593.0,1556.0,1580.65,27579,9696,2738
VENUSREM,22-MAR-2021,273.9,284.25,273.9,284.25,41038,26935,1018
VERTOZ,22-MAR-2021,269.0,282.5,260.1,262.35,353096,44952,6780
VESUVIUS,22-MAR-2021,973.0,980.9,930.6,939.6,11315,6719,1011
VETO,22-MAR-2021,127.0,131.35,125.3,131.35,54428,29401,499
VGUARD,22-MAR-2021,230.9,236.0,228.8,233.8,476582,117273,20889
VHL,22-MAR-2021,1858.05,1874.8,1800.0,1816.85,2313,355,960
VIDHIING,22-MAR-2021,194.7,213.75,184.55,204.95,2571254,420864,51797
VIJIFIN,22-MAR-2021,0.7,0.7,0.65,0.7,237591,168370,99
VIKASECO,22-MAR-2021,2.45,2.45,2.35,2.35,1183435,854624,8210
VIKASMCORP,22-MAR-2021,3.15,3.25,3.0,3.05,10771937,4049034,4507
VIKASPROP,22-MAR-2021,2.25,2.35,2.25,2.35,1722371,1351596,889
VIKASWSP,22-MAR-2021,6.6,6.6,6.0,6.0,322283,289695,300
VIMTALABS,22-MAR-2021,162.5,167.65,160.3,164.6,26460,10497,1464
VINATIORGA,22-MAR-2021,1421.6,1434.7,1396.0,1407.4,24423,13718,3192
VINDHYATEL,22-MAR-2021,833.75,836.75,816.0,825.1,15773,11360,1161
VINYLINDIA,22-MAR-2021,118.65,123.0,117.55,118.95,71687,34523,956
VIPIND,22-MAR-2021,379.75,380.95,371.0,375.4,257526,157845,7573
VISAKAIND,22-MAR-2021,483.2,497.0,472.2,478.3,42786,22698,2322
VISASTEEL,22-MAR-2021,7.2,7.4,6.9,6.9,16519,16518,64
VISHAL,22-MAR-2021,70.2,70.2,70.2,70.2,1917,1917,51
VISHNU,22-MAR-2021,254.9,258.9,249.0,258.9,31279,22266,765
VISHWARAJ,22-MAR-2021,141.9,141.9,131.95,134.3,13632,8291,396
VIVIMEDLAB,22-MAR-2021,18.3,18.3,17.7,18.05,299698,185762,1006
VLSFINANCE,22-MAR-2021,83.0,84.7,80.25,84.2,39533,23575,575
VMART,22-MAR-2021,2745.0,2819.55,2714.35,2792.55,14692,7094,3618
VOLTAMP,22-MAR-2021,1059.1,1076.2,1036.0,1044.05,8068,4271,1651
VOLTAS,22-MAR-2021,986.0,1013.3,971.0,999.65,2454881,403171,52212
VRLLOG,22-MAR-2021,241.0,242.5,230.4,232.85,187888,60933,5552
VSSL,22-MAR-2021,147.0,147.0,143.0,143.95,51826,44150,685
VSTIND,22-MAR-2021,3413.0,3475.9,3376.05,3450.85,5087,2701,1313
VSTTILLERS,22-MAR-2021,1829.0,1834.9,1796.55,1814.65,3697,2370,713
VTL,22-MAR-2021,1251.45,1266.2,1237.0,1249.95,48446,38813,1971
WABAG,22-MAR-2021,248.0,252.8,245.3,247.85,221885,79678,6075
WABCOINDIA,22-MAR-2021,6172.6,6174.95,6091.05,6137.7,408,221,256
WALCHANNAG,22-MAR-2021,63.1,65.8,63.1,64.5,643021,78353,12438
WATERBASE,22-MAR-2021,105.2,107.3,104.05,104.55,127734,41247,2353
WEALTH,22-MAR-2021,134.85,134.85,127.35,128.35,58,10,12
WEBELSOLAR,22-MAR-2021,44.0,45.3,43.5,44.9,182685,107621,853
WEIZMANIND,22-MAR-2021,44.8,45.0,43.15,44.3,6031,3714,90
WELCORP,22-MAR-2021,134.9,137.0,134.3,135.55,807698,430618,9923
WELENT,22-MAR-2021,116.0,121.25,114.5,119.8,351699,268640,2654
WELINV,22-MAR-2021,382.65,404.75,373.15,399.15,3497,2271,272
WELSPUNIND,22-MAR-2021,81.45,83.5,79.65,81.85,2327385,822232,17996
WENDT,22-MAR-2021,3210.0,3210.0,3131.0,3150.5,236,137,91
WESTLIFE,22-MAR-2021,459.0,467.95,450.1,465.65,330440,191552,19823
WHEELS,22-MAR-2021,449.9,449.95,438.1,441.3,4568,2527,478
WHIRLPOOL,22-MAR-2021,2319.3,2338.0,2275.0,2287.4,45356,21920,5852
WILLAMAGOR,22-MAR-2021,19.6,19.95,19.1,19.15,8143,6911,75
WINDMACHIN,22-MAR-2021,30.5,30.55,29.1,29.7,104102,58288,534
WIPRO,22-MAR-2021,411.05,416.25,410.2,414.45,6622984,1560532,68781
WOCKPHARMA,22-MAR-2021,424.2,457.8,424.2,448.55,1398217,208546,31608
WONDERLA,22-MAR-2021,200.3,200.55,194.9,195.55,52479,28806,1713
WORTH,22-MAR-2021,50.85,52.95,50.8,52.55,5692,4313,32
WSI,22-MAR-2021,4.95,5.05,4.85,5.05,5907,5739,45
WSTCSTPAPR,22-MAR-2021,244.65,252.8,240.45,248.55,338598,145904,7157
XCHANGING,22-MAR-2021,69.85,69.85,65.6,66.55,189213,155396,1163
XELPMOC,22-MAR-2021,266.0,269.5,260.55,264.6,22022,11749,3867
XPROINDIA,22-MAR-2021,52.1,55.05,49.85,54.6,7693,4643,116
YAARII,22-MAR-2021,145.45,146.35,141.05,146.3,366824,215697,2651
YESBANK,22-MAR-2021,14.95,15.1,14.75,14.85,62159949,24722543,68848
ZEEL,22-MAR-2021,214.1,217.3,213.4,214.3,8223442,1450499,62923
ZEELEARN,22-MAR-2021,11.0,11.2,10.65,10.7,820129,602038,1139
ZEEMEDIA,22-MAR-2021,6.5,6.6,6.3,6.35,934478,572753,6774
ZENITHEXPO,22-MAR-2021,67.95,70.75,66.45,69.3,714,541,25
ZENSARTECH,22-MAR-2021,289.9,297.15,287.3,291.65,383970,142171,12202
ZENTEC,22-MAR-2021,85.0,86.05,82.0,84.15,154198,73166,2599
ZODIACLOTH,22-MAR-2021,98.3,101.6,96.3,100.1,57079,26003,895
ZODJRDMKJ,22-MAR-2021,26.95,27.95,26.95,27.55,435,170,47
ZOTA,22-MAR-2021,147.9,152.9,147.9,149.7,42625,27862,222
ZUARI,22-MAR-2021,90.05,93.4,90.05,91.5,111970,45751,1203
ZYDUSWELL,22-MAR-2021,1845.5,1885.0,1838.95,1877.1,31874,17333,3468
