20MICRONS,30-MAR-2021,34.9,35.75,34.4,34.75,78546,37809,635
21STCENMGM,30-MAR-2021,14.2,14.2,14.2,14.2,186,186,8
3IINFOTECH,30-MAR-2021,7.55,7.6,7.3,7.35,4944743,2910248,17968
3MINDIA,30-MAR-2021,29375.0,30030.0,29020.55,29723.7,10407,5578,4631
3PLAND,30-MAR-2021,8.6,8.6,8.3,8.4,1367,1060,26
5PAISA,30-MAR-2021,258.7,258.7,248.15,252.3,23176,12171,473
63MOONS,30-MAR-2021,69.35,70.95,69.1,69.45,47670,30344,752
A2ZINFRA,30-MAR-2021,3.85,3.85,3.7,3.75,300152,243050,285
AARON,30-MAR-2021,55.7,57.6,54.1,55.6,2312,2179,30
AARTIDRUGS,30-MAR-2021,720.0,728.0,705.95,708.2,493898,152247,19051
AARTIIND,30-MAR-2021,1350.0,1352.0,1321.35,1338.7,265691,111528,15965
AARTISURF,30-MAR-2021,949.9,949.9,925.0,934.8,12172,7648,1179
AARVEEDEN,30-MAR-2021,17.9,17.95,17.5,17.5,8678,8365,76
AARVI,30-MAR-2021,50.5,50.5,48.45,49.0,374,229,31
AAVAS,30-MAR-2021,2337.3,2437.35,2298.15,2395.95,54613,33964,6345
ABAN,30-MAR-2021,30.15,30.8,29.25,29.45,114942,85110,917
ABB,30-MAR-2021,1453.55,1481.55,1431.05,1439.35,135595,88222,13351
ABBOTINDIA,30-MAR-2021,15030.0,15267.8,14899.8,15086.55,21091,12433,6721
ABCAPITAL,30-MAR-2021,124.0,124.2,118.5,119.05,2745079,1069753,23292
ABFRL,30-MAR-2021,207.5,207.65,198.15,203.6,1918890,589508,29886
ABMINTLTD,30-MAR-2021,60.2,60.2,56.05,58.9,1456,1119,56
ABSLBANETF,30-MAR-2021,334.3,341.99,331.35,337.81,136,67,37
ABSLNN50ET,30-MAR-2021,337.95,356.55,336.05,344.57,161,112,67
ACC,30-MAR-2021,1864.0,1905.0,1858.15,1874.05,621135,109420,26095
ACCELYA,30-MAR-2021,871.1,882.0,862.0,866.65,3496,1407,546
ACCURACY,30-MAR-2021,53.4,53.4,49.15,50.1,6924,6104,32
ACE,30-MAR-2021,156.5,157.95,154.05,154.8,135529,85892,3089
ACRYSIL,30-MAR-2021,320.0,326.65,314.0,324.1,47553,30392,2028
ADANIENT,30-MAR-2021,1004.0,1042.45,988.0,1031.55,10470731,2387929,144844
ADANIGREEN,30-MAR-2021,1216.05,1230.0,1151.75,1157.65,737621,517915,43976
ADANIPORTS,30-MAR-2021,703.05,718.0,697.3,710.55,9109505,1318011,137556
ADANIPOWER,30-MAR-2021,95.0,95.55,89.5,89.5,22501268,10768961,81665
ADANITRANS,30-MAR-2021,896.0,918.0,845.35,877.55,1514205,813116,59160
ADFFOODS,30-MAR-2021,910.0,910.0,876.05,896.7,40092,16250,3938
ADHUNIKIND,30-MAR-2021,19.95,20.75,18.55,19.65,54416,28250,373
ADORWELD,30-MAR-2021,302.25,306.65,300.85,302.9,7063,5303,273
ADSL,30-MAR-2021,46.0,46.65,43.85,44.55,172793,104055,1343
ADVANIHOTR,30-MAR-2021,56.3,60.45,56.25,56.85,8376,5130,244
ADVENZYMES,30-MAR-2021,348.0,362.0,348.0,351.95,154258,79801,5112
AEGISCHEM,30-MAR-2021,301.0,312.7,287.25,289.25,336107,147418,12988
AFFLE,30-MAR-2021,5299.0,5325.0,5210.65,5287.35,39399,25671,8363
AGCNET,30-MAR-2021,1155.2,1232.2,1155.2,1229.45,15744,13312,526
AGRITECH,30-MAR-2021,33.5,33.5,31.0,31.8,9913,5344,208
AGROPHOS,30-MAR-2021,12.95,12.95,12.3,12.3,25821,19782,108
AHLADA,30-MAR-2021,92.45,93.95,87.2,91.35,2406,1631,56
AHLEAST,30-MAR-2021,160.55,160.55,158.05,160.0,6168,5989,85
AHLUCONT,30-MAR-2021,296.0,304.7,293.4,302.3,8854,5232,799
AHLWEST,30-MAR-2021,214.9,239.9,207.2,228.95,9370,3263,902
AIAENG,30-MAR-2021,1928.25,2000.0,1920.05,1974.6,60060,39512,8148
AIRAN,30-MAR-2021,16.5,16.8,15.6,15.8,72905,49014,328
AJANTPHARM,30-MAR-2021,1792.0,1884.55,1754.95,1862.65,113308,60653,14613
AJMERA,30-MAR-2021,116.5,119.65,116.4,116.9,57988,19995,2310
AKASH,30-MAR-2021,210.0,231.7,205.6,224.4,32121,29542,417
AKG,30-MAR-2021,70.0,70.0,70.0,70.0,209,209,7
AKSHARCHEM,30-MAR-2021,233.2,240.85,230.5,234.4,14151,8998,693
AKSHOPTFBR,30-MAR-2021,5.7,5.75,5.4,5.5,338140,272100,529
AKZOINDIA,30-MAR-2021,2196.0,2305.0,2196.0,2282.7,36784,23451,6733
ALANKIT,30-MAR-2021,15.1,16.9,14.95,15.65,523161,233625,2278
ALBERTDAVD,30-MAR-2021,379.1,383.35,378.8,380.3,6820,5475,373
ALEMBICLTD,30-MAR-2021,104.7,104.7,101.25,101.55,494580,196641,4244
ALICON,30-MAR-2021,430.0,448.0,422.0,424.5,14390,7435,971
ALKALI,30-MAR-2021,47.55,55.5,47.25,51.35,343220,123511,1852
ALKEM,30-MAR-2021,2660.0,2755.8,2655.05,2739.65,174143,77629,21772
ALKYLAMINE,30-MAR-2021,5461.05,5739.0,5450.05,5653.95,78035,21503,15287
ALLCARGO,30-MAR-2021,124.75,125.2,122.7,123.2,168859,128828,1480
ALLSEC,30-MAR-2021,305.4,315.05,305.4,308.9,6583,2759,440
ALMONDZ,30-MAR-2021,30.5,30.5,28.0,30.45,15828,11934,118
ALOKINDS,30-MAR-2021,20.7,20.7,20.1,20.3,6372414,3535804,8094
ALPA,30-MAR-2021,36.1,37.6,36.1,36.3,15734,11263,210
ALPHAGEO,30-MAR-2021,184.0,188.95,182.0,182.7,12317,9231,469
AMARAJABAT,30-MAR-2021,845.0,858.0,842.15,855.35,451465,117344,13856
AMBER,30-MAR-2021,3112.0,3295.0,3105.0,3249.15,73498,37016,15845
AMBIKCO,30-MAR-2021,887.25,906.25,882.65,897.8,18005,13715,1506
AMBUJACEM,30-MAR-2021,296.8,303.5,295.35,299.85,6089054,2195436,84090
AMJLAND,30-MAR-2021,23.6,23.6,22.4,22.6,5338,4099,95
AMRUTANJAN,30-MAR-2021,566.0,572.95,546.0,553.35,131964,24103,10229
ANANTRAJ,30-MAR-2021,55.8,56.0,54.95,55.8,252415,184845,1674
ANDHRACEMT,30-MAR-2021,5.5,5.6,5.35,5.35,165337,129473,509
ANDHRAPAP,30-MAR-2021,236.1,236.1,220.3,222.75,34103,28577,518
ANDHRSUGAR,30-MAR-2021,295.0,299.75,292.05,293.7,30724,20182,2015
ANGELBRKG,30-MAR-2021,305.0,305.6,294.0,295.8,104256,64351,3957
ANIKINDS,30-MAR-2021,15.4,15.8,14.75,14.9,33193,26455,120
ANKITMETAL,30-MAR-2021,1.0,1.0,0.95,0.95,60148,49409,72
ANSALAPI,30-MAR-2021,6.5,6.6,6.05,6.05,228930,139380,250
ANSALHSG,30-MAR-2021,5.25,5.45,4.95,5.3,28527,20956,74
ANUP,30-MAR-2021,580.0,585.15,556.15,570.3,37439,25459,2122
ANURAS,30-MAR-2021,497.0,504.45,475.0,480.3,530051,246582,23323
APARINDS,30-MAR-2021,464.9,477.3,454.9,464.55,57583,34943,4807
APCL,30-MAR-2021,210.5,214.55,209.1,210.5,22088,14552,603
APCOTEXIND,30-MAR-2021,177.0,181.95,176.0,177.45,56056,23761,2069
APEX,30-MAR-2021,203.35,206.95,199.95,201.7,84786,31690,4160
APLAPOLLO,30-MAR-2021,1362.7,1410.0,1356.95,1394.1,244711,178737,10853
APLLTD,30-MAR-2021,943.9,967.0,939.8,955.5,408354,153792,15341
APOLLO,30-MAR-2021,94.05,94.5,89.7,90.7,141222,65157,3338
APOLLOHOSP,30-MAR-2021,2902.5,2970.9,2875.0,2925.6,1420415,788349,50131
APOLLOPIPE,30-MAR-2021,919.0,977.7,906.2,939.5,79681,40878,5284
APOLLOTYRE,30-MAR-2021,226.0,227.8,219.7,222.95,4419367,1078099,27068
APOLSINHOT,30-MAR-2021,524.0,575.0,524.0,559.75,8016,3330,527
APTECHT,30-MAR-2021,192.5,195.5,187.0,187.75,212080,54513,11244
ARCHIES,30-MAR-2021,10.9,10.9,10.0,10.2,86313,55626,291
ARENTERP,30-MAR-2021,10.85,11.5,10.85,11.5,89,72,12
ARIES,30-MAR-2021,85.05,86.0,76.0,77.25,165751,96477,2377
ARIHANT,30-MAR-2021,17.9,17.9,16.4,17.0,2477,2009,58
ARIHANTSUP,30-MAR-2021,34.95,37.65,34.3,36.6,61429,12931,265
ARMANFIN,30-MAR-2021,620.0,635.0,607.0,608.75,6455,3606,522
AROGRANITE,30-MAR-2021,41.0,41.85,40.0,40.65,24506,12965,344
ARSSINFRA,30-MAR-2021,20.5,21.3,18.65,19.3,36412,27172,241
ARTEMISMED,30-MAR-2021,229.8,229.9,215.0,217.2,841,440,27
ARVIND,30-MAR-2021,66.3,68.0,65.8,66.55,742266,353877,5286
ARVINDFASN,30-MAR-2021,144.2,146.6,138.0,139.85,312599,226408,5229
ARVSMART,30-MAR-2021,92.6,95.55,90.25,94.8,180201,128065,2084
ASAHIINDIA,30-MAR-2021,287.95,314.0,284.0,296.65,75163,52239,1556
ASAHISONG,30-MAR-2021,316.85,329.0,311.55,324.9,18771,11743,838
ASALCBR,30-MAR-2021,425.0,425.05,416.0,419.05,188517,148360,2833
ASHAPURMIN,30-MAR-2021,103.0,104.8,100.0,100.65,127490,98150,1274
ASHIANA,30-MAR-2021,131.85,132.75,122.15,124.45,54599,26099,1127
ASHIMASYN,30-MAR-2021,15.7,15.95,14.6,15.25,298049,244947,436
ASHOKA,30-MAR-2021,95.5,102.8,95.5,101.0,1617052,388685,12670
ASHOKLEY,30-MAR-2021,115.5,115.75,111.7,113.65,16985618,4603779,65338
ASIANHOTNR,30-MAR-2021,59.95,61.9,58.0,58.15,5137,3480,161
ASIANPAINT,30-MAR-2021,2539.1,2583.45,2521.5,2578.05,2333410,803209,117958
ASIANTILES,30-MAR-2021,141.05,146.75,138.15,138.9,1566927,862888,11413
ASPINWALL,30-MAR-2021,193.65,193.65,170.55,180.4,1963,1099,112
ASTEC,30-MAR-2021,1020.05,1048.75,1004.0,1008.8,32512,18545,2755
ASTERDM,30-MAR-2021,135.55,138.5,133.95,136.8,120474,84972,2662
ASTRAL,30-MAR-2021,1655.0,1655.0,1545.85,1591.65,690471,437007,49313
ASTRAMICRO,30-MAR-2021,133.0,135.05,130.35,131.0,391789,303031,2626
ASTRAZEN,30-MAR-2021,3097.6,3119.85,3034.0,3040.7,35629,18336,5451
ASTRON,30-MAR-2021,42.9,43.35,42.0,42.1,30323,20617,362
ATFL,30-MAR-2021,789.6,845.0,770.05,832.7,14723,8173,1235
ATGL,30-MAR-2021,924.4,925.0,885.0,910.9,1417318,656617,36430
ATLANTA,30-MAR-2021,7.0,7.05,6.65,6.7,17751,13613,126
ATUL,30-MAR-2021,7060.0,7093.25,6986.7,7053.1,17008,9301,4125
ATULAUTO,30-MAR-2021,181.0,182.25,176.7,178.3,63678,34877,1592
AUBANK,30-MAR-2021,1199.95,1354.4,1165.0,1298.9,7650630,4103781,87578
AURIONPRO,30-MAR-2021,138.7,138.7,127.35,131.9,63392,30897,1924
AUROPHARMA,30-MAR-2021,862.1,873.05,852.3,870.4,1646609,750047,58077
AUSOMENT,30-MAR-2021,47.15,48.2,46.0,46.5,2072,1425,53
AUTOAXLES,30-MAR-2021,1084.0,1097.95,1059.5,1062.7,3625,2238,568
AUTOIND,30-MAR-2021,38.85,38.85,38.1,38.75,22930,18072,218
AVADHSUGAR,30-MAR-2021,184.1,189.85,184.0,186.2,65290,26490,1270
AVANTIFEED,30-MAR-2021,435.1,436.0,415.5,418.8,445635,229479,20238
AVTNPL,30-MAR-2021,44.4,45.2,44.0,44.3,101567,63516,1007
AWHCL,30-MAR-2021,252.0,255.25,247.0,247.65,87009,56955,3925
AXISBANK,30-MAR-2021,705.0,713.3,691.0,695.35,25965742,13909393,202634
AXISBNKETF,30-MAR-2021,335.38,340.0,335.38,338.35,3142,3126,39
AXISCADES,30-MAR-2021,40.3,41.45,39.55,40.1,81314,62580,629
AXISGOLD,30-MAR-2021,38.85,38.85,38.4,38.64,172623,123754,3055
AXISNIFTY,30-MAR-2021,153.99,154.28,151.86,153.85,2635,2123,149
AYMSYNTEX,30-MAR-2021,47.7,49.0,44.4,48.0,46008,35608,282
BAGFILMS,30-MAR-2021,2.15,2.15,2.05,2.05,178701,145897,136
BAJAJ-AUTO,30-MAR-2021,3604.25,3674.75,3581.35,3666.7,749230,347201,64199
BAJAJCON,30-MAR-2021,266.0,266.85,258.7,261.6,494136,348893,14004
BAJAJELEC,30-MAR-2021,968.65,997.0,961.05,987.9,136886,70150,10946
BAJAJFINSV,30-MAR-2021,9547.0,9645.0,9440.05,9502.35,356516,102626,50471
BAJAJHIND,30-MAR-2021,6.3,6.4,6.15,6.2,4226987,2241975,2487
BAJAJHLDNG,30-MAR-2021,3300.0,3367.25,3141.0,3197.2,145669,73083,23288
BAJFINANCE,30-MAR-2021,5234.85,5260.0,5150.0,5193.55,1845391,662076,127427
BALAJITELE,30-MAR-2021,58.7,59.2,56.15,56.35,148681,99944,1293
BALAMINES,30-MAR-2021,1714.0,1760.0,1697.15,1740.9,119009,26818,10628
BALAXI,30-MAR-2021,516.1,545.0,510.0,526.5,2819,1162,264
BALKRISIND,30-MAR-2021,1665.3,1670.0,1644.3,1658.1,287038,124800,15544
BALMLAWRIE,30-MAR-2021,129.65,130.0,125.5,126.2,369371,186886,4972
BALPHARMA,30-MAR-2021,53.15,55.2,53.15,54.0,11572,7424,256
BALRAMCHIN,30-MAR-2021,213.0,214.35,204.0,206.15,1823074,542409,22416
BANARBEADS,30-MAR-2021,51.0,51.0,47.45,48.6,5462,3451,182
BANARISUG,30-MAR-2021,1553.05,1610.0,1505.0,1521.15,4384,1366,1114
BANCOINDIA,30-MAR-2021,142.25,144.6,141.0,141.4,86589,43041,2204
BANDHANBNK,30-MAR-2021,350.2,352.3,335.15,336.45,8237822,3624323,92906
BANG,30-MAR-2021,28.8,28.8,26.5,27.35,9266,5190,253
BANKA,30-MAR-2021,57.65,57.65,55.6,56.95,5979,4806,113
BANKBARODA,30-MAR-2021,71.9,74.2,70.85,72.25,83791986,37297507,115646
BANKBEES,30-MAR-2021,338.99,342.0,337.04,339.73,959834,269148,11332
BANKINDIA,30-MAR-2021,70.05,70.3,69.1,69.75,3178425,1260302,13274
BANSWRAS,30-MAR-2021,104.25,104.25,97.1,98.65,10480,9093,228
BASF,30-MAR-2021,2015.0,2040.05,1981.95,2030.3,27135,13878,4273
BASML,30-MAR-2021,63.9,63.9,60.0,60.95,12621,6149,348
BATAINDIA,30-MAR-2021,1423.7,1432.0,1396.5,1404.25,478319,249397,22705
BAYERCROP,30-MAR-2021,4990.0,5225.0,4965.0,5191.85,31083,17763,8451
BBL,30-MAR-2021,1108.85,1135.0,1105.1,1117.45,4311,2503,711
BBTC,30-MAR-2021,1117.3,1128.0,1114.0,1121.7,35399,18296,3541
BCG,30-MAR-2021,8.05,8.2,7.85,8.2,1359367,783936,1009
BCLIND,30-MAR-2021,109.1,113.0,104.45,106.4,30510,12476,2248
BCP,30-MAR-2021,3.05,3.05,2.85,2.95,1146497,909674,765
BDL,30-MAR-2021,344.5,345.0,334.55,336.45,197890,103594,5699
BEARDSELL,30-MAR-2021,10.4,10.4,9.5,9.75,13546,8671,49
BECTORFOOD,30-MAR-2021,334.9,350.75,328.4,340.3,503035,209200,15457
BEDMUTHA,30-MAR-2021,22.25,22.25,20.55,20.95,19879,18923,48
BEL,30-MAR-2021,124.0,126.95,122.9,125.8,14232720,6698268,42979
BEML,30-MAR-2021,1288.75,1307.0,1265.45,1277.75,344081,72318,18442
BEPL,30-MAR-2021,142.5,142.5,139.0,139.45,486136,240839,5087
BERGEPAINT,30-MAR-2021,765.0,772.0,757.0,759.8,1625617,471518,31481
BESTAGRO,30-MAR-2021,429.0,444.35,425.2,431.8,3681,2257,251
BFINVEST,30-MAR-2021,278.0,278.0,270.2,275.3,10944,5833,663
BFUTILITIE,30-MAR-2021,245.15,251.75,245.1,247.0,116200,45336,4671
BGRENERGY,30-MAR-2021,42.6,43.9,42.6,43.1,73492,41295,631
BHAGERIA,30-MAR-2021,159.4,159.8,152.1,155.9,43196,31215,878
BHAGYAPROP,30-MAR-2021,29.65,29.7,27.45,28.2,19279,16478,72
BHARATFORG,30-MAR-2021,593.0,600.45,588.35,590.65,933525,302127,24473
BHARATGEAR,30-MAR-2021,74.25,74.25,72.8,73.5,7810,5567,134
BHARATRAS,30-MAR-2021,9359.5,9414.5,9273.3,9330.75,1309,790,707
BHARTIARTL,30-MAR-2021,527.8,527.9,516.25,521.5,10494794,4648204,133631
BHEL,30-MAR-2021,49.2,49.6,48.3,48.95,41700664,7570791,64310
BIGBLOC,30-MAR-2021,116.1,116.1,116.1,116.1,622,622,19
BIL,30-MAR-2021,159.95,168.5,159.6,168.1,29292,20678,1104
BINDALAGRO,30-MAR-2021,16.8,18.85,16.35,18.25,426772,187148,2116
BIOCON,30-MAR-2021,400.9,409.5,399.05,408.45,4193149,1567610,53570
BIRLACABLE,30-MAR-2021,60.7,61.1,60.0,60.2,31348,19650,560
BIRLACORPN,30-MAR-2021,910.25,923.15,889.0,899.4,189177,92791,10379
BIRLAMONEY,30-MAR-2021,41.1,42.3,40.6,41.3,90208,48767,801
BIRLATYRE,30-MAR-2021,23.9,23.9,22.5,23.0,334245,201804,2364
BKMINDST,30-MAR-2021,0.9,0.9,0.85,0.85,34908,31893,87
BLISSGVS,30-MAR-2021,103.8,103.8,99.9,100.4,296740,187991,4273
BLS,30-MAR-2021,96.7,97.5,94.25,94.75,110295,78536,1838
BLUEDART,30-MAR-2021,5350.0,5740.0,5239.9,5589.95,82882,43454,14293
BLUESTARCO,30-MAR-2021,915.0,925.0,899.0,909.9,143630,88639,13152
BODALCHEM,30-MAR-2021,90.3,94.6,89.65,91.05,1313522,320340,12290
BOMDYEING,30-MAR-2021,71.75,72.8,71.05,71.3,1443945,493847,7813
BOROLTD,30-MAR-2021,171.25,173.7,161.0,162.75,95918,54085,2385
BORORENEW,30-MAR-2021,246.15,258.9,244.9,249.75,370183,203152,7347
BOSCHLTD,30-MAR-2021,13890.0,14371.85,13765.95,14256.6,55183,22072,14850
BPCL,30-MAR-2021,428.9,433.9,421.5,430.8,8576904,4517636,72931
BPL,30-MAR-2021,22.2,22.6,21.95,22.3,139267,65019,641
BRFL,30-MAR-2021,7.25,7.6,7.1,7.1,253759,170997,494
BRIGADE,30-MAR-2021,271.0,303.3,252.1,282.45,318216,175893,11230
BRITANNIA,30-MAR-2021,3514.0,3625.0,3510.05,3616.0,567450,301792,51482
BRNL,30-MAR-2021,29.4,29.6,28.5,28.85,57468,34292,446
BROOKS,30-MAR-2021,58.4,58.4,56.5,58.4,15652,13003,101
BSE,30-MAR-2021,554.0,575.75,552.35,566.15,405295,211250,16995
BSELINFRA,30-MAR-2021,0.95,0.95,0.9,0.95,14227,14227,20
BSL,30-MAR-2021,34.45,34.95,33.2,33.85,11717,7083,235
BSLGOLDETF,30-MAR-2021,4070.0,4088.0,4060.0,4075.7,346,209,141
BSLNIFTY,30-MAR-2021,158.0,164.99,158.0,161.94,661,146,33
BSOFT,30-MAR-2021,254.9,254.9,249.35,252.75,1306713,727060,23946
BURGERKING,30-MAR-2021,130.15,132.45,130.0,130.7,1435240,700717,23250
BUTTERFLY,30-MAR-2021,554.2,560.6,546.0,553.05,67433,13006,9340
BYKE,30-MAR-2021,18.5,18.8,18.05,18.65,46493,37470,214
CADILAHC,30-MAR-2021,424.0,436.3,422.25,434.55,1997389,752493,28687
CALSOFT,30-MAR-2021,8.5,8.5,8.05,8.15,29338,26644,89
CAMLINFINE,30-MAR-2021,140.0,142.0,137.1,141.05,317407,148541,5564
CAMS,30-MAR-2021,1790.0,1850.0,1776.2,1814.65,110433,84060,12910
CANBK,30-MAR-2021,148.0,149.5,144.8,147.05,13091155,1601433,49228
CANFINHOME,30-MAR-2021,585.95,604.3,580.0,600.4,424229,253399,20517
CANTABIL,30-MAR-2021,373.6,391.3,371.3,385.95,114058,22983,3986
CAPACITE,30-MAR-2021,201.1,205.35,200.0,201.85,72363,48238,1247
CAPLIPOINT,30-MAR-2021,416.1,421.0,410.0,411.1,120931,72222,4515
CARBORUNIV,30-MAR-2021,489.8,494.0,475.0,489.55,213853,112665,19227
CAREERP,30-MAR-2021,133.05,137.55,132.95,134.05,12354,8037,279
CARERATING,30-MAR-2021,421.3,427.05,414.5,415.65,126796,84729,4108
CASTROLIND,30-MAR-2021,123.25,125.35,122.95,124.8,661055,403930,13826
CCHHL,30-MAR-2021,4.25,4.25,3.9,4.1,31724,19261,115
CCL,30-MAR-2021,244.9,244.9,233.8,238.7,164648,86244,6673
CDSL,30-MAR-2021,645.0,662.0,645.0,653.4,640186,224183,25502
CEATLTD,30-MAR-2021,1526.0,1575.0,1498.2,1548.3,105817,33566,8054
CENTENKA,30-MAR-2021,252.0,254.55,247.0,248.8,36058,21704,994
CENTEXT,30-MAR-2021,4.1,4.1,3.85,4.1,59431,31018,166
CENTRALBK,30-MAR-2021,16.5,16.55,16.0,16.25,5162815,2587335,18144
CENTRUM,30-MAR-2021,28.4,29.35,28.1,28.25,9049749,2125868,10634
CENTUM,30-MAR-2021,389.45,400.15,378.85,381.75,3278,2183,352
CENTURYPLY,30-MAR-2021,308.0,316.9,303.05,314.55,201533,129907,10493
CENTURYTEX,30-MAR-2021,472.35,474.2,454.5,459.4,550473,271156,17682
CERA,30-MAR-2021,3865.0,3940.0,3854.05,3915.75,15683,12955,1819
CEREBRAINT,30-MAR-2021,50.4,51.6,49.55,49.85,108592,70663,662
CESC,30-MAR-2021,607.0,612.95,591.1,595.8,299563,196400,13449
CGCL,30-MAR-2021,353.2,387.5,352.15,381.7,170121,62535,6484
CGPOWER,30-MAR-2021,68.8,69.45,64.55,66.3,2663043,1710027,9160
CHALET,30-MAR-2021,153.85,154.1,147.15,149.5,184358,112380,3530
CHAMBLFERT,30-MAR-2021,230.0,230.0,221.0,225.85,529316,248892,13526
CHEMBOND,30-MAR-2021,188.05,193.5,185.4,187.85,14504,8939,369
CHEMCON,30-MAR-2021,409.5,413.55,404.1,405.05,105876,52039,4386
CHEMFAB,30-MAR-2021,124.0,126.3,121.2,122.3,3507,2434,169
CHENNPETRO,30-MAR-2021,96.9,98.6,96.0,96.45,408005,220290,6600
CHOLAFIN,30-MAR-2021,560.2,564.3,549.4,555.3,1956770,750286,38750
CHOLAHLDNG,30-MAR-2021,589.6,603.0,588.1,597.3,51001,35243,4584
CIGNITITEC,30-MAR-2021,330.0,332.3,316.0,317.85,43828,28331,1467
CINELINE,30-MAR-2021,33.5,33.5,30.3,31.25,149691,44037,1277
CINEVISTA,30-MAR-2021,6.0,6.05,5.8,6.0,5220,4618,24
CIPLA,30-MAR-2021,790.25,815.9,790.25,812.2,4453933,1578325,125974
CLEDUCATE,30-MAR-2021,83.7,87.85,82.65,87.15,27666,18983,532
CLNINDIA,30-MAR-2021,377.7,377.7,367.4,369.15,46447,27406,1940
COALINDIA,30-MAR-2021,131.0,134.45,130.15,132.95,20584678,9114511,78312
COCHINSHIP,30-MAR-2021,356.0,381.55,352.0,369.3,333571,163315,11203
COFORGE,30-MAR-2021,2832.0,2988.0,2776.3,2960.1,706485,205490,45529
COLPAL,30-MAR-2021,1540.0,1561.75,1529.85,1552.7,509875,227697,26918
COMPINFO,30-MAR-2021,18.0,19.8,17.5,19.05,970205,283510,2472
COMPUSOFT,30-MAR-2021,9.0,9.2,7.85,8.7,104932,69980,289
CONCOR,30-MAR-2021,589.4,610.15,587.5,597.8,6813463,3714227,85543
CONFIPET,30-MAR-2021,44.5,46.4,43.95,44.35,1469400,627380,7861
CONSOFINVT,30-MAR-2021,55.3,59.75,55.3,56.75,2714,1543,54
CONTROLPR,30-MAR-2021,258.1,258.1,247.95,248.85,6111,4451,473
CORALFINAC,30-MAR-2021,21.1,22.3,21.1,21.55,11139,3932,180
CORDSCABLE,30-MAR-2021,39.8,40.95,39.05,39.3,22694,14985,245
COROMANDEL,30-MAR-2021,756.8,773.05,755.0,769.7,281205,120623,14723
COSMOFILMS,30-MAR-2021,610.0,648.4,606.85,624.9,195481,90569,6061
CPSEETF,30-MAR-2021,22.25,22.95,22.25,22.83,1851745,1546211,37567
CRAFTSMAN,30-MAR-2021,1501.0,1510.0,1435.5,1486.55,170145,65373,18360
CREATIVE,30-MAR-2021,103.0,105.0,101.0,103.05,16606,5372,210
CREATIVEYE,30-MAR-2021,3.0,3.0,3.0,3.0,1700,1700,3
CREDITACC,30-MAR-2021,680.0,687.0,640.05,679.6,192231,93281,22065
CREST,30-MAR-2021,89.7,90.0,85.0,85.9,12120,5382,435
CRISIL,30-MAR-2021,1890.0,1898.05,1871.2,1888.7,19071,10805,3033
CROMPTON,30-MAR-2021,389.0,389.0,375.6,385.85,1497268,930107,45456
CSBBANK,30-MAR-2021,242.0,242.6,233.55,237.5,227779,131213,5395
CTE,30-MAR-2021,27.1,29.3,26.85,26.85,29867,22310,222
CUB,30-MAR-2021,162.0,162.0,150.0,153.9,5510475,3142141,33981
CUBEXTUB,30-MAR-2021,17.7,17.7,17.05,17.15,11397,8648,81
CUMMINSIND,30-MAR-2021,874.0,907.9,867.75,897.9,1413577,579563,29545
CUPID,30-MAR-2021,212.0,213.0,209.0,210.45,43909,22265,2939
CYBERTECH,30-MAR-2021,120.9,126.0,118.2,124.6,159471,86154,2007
CYIENT,30-MAR-2021,646.95,648.95,621.25,643.6,424910,300566,13702
DAAWAT,30-MAR-2021,57.0,58.0,56.5,57.7,1091116,554747,5040
DABUR,30-MAR-2021,532.5,541.2,532.0,538.0,2643994,1384453,49094
DALBHARAT,30-MAR-2021,1574.0,1605.9,1537.15,1584.0,124486,97171,21663
DALMIASUG,30-MAR-2021,182.0,189.05,178.25,181.75,256874,128821,5850
DAMODARIND,30-MAR-2021,23.95,23.95,21.95,22.1,62446,50300,518
DANGEE,30-MAR-2021,134.15,134.5,129.85,131.0,10951,3210,80
DATAMATICS,30-MAR-2021,115.25,116.5,114.0,115.9,105724,44349,3029
DBCORP,30-MAR-2021,91.0,94.25,90.1,92.4,328567,113265,7248
DBL,30-MAR-2021,564.0,591.0,564.0,584.15,407892,102405,14005
DBSTOCKBRO,30-MAR-2021,9.0,9.0,8.35,8.9,1244,1063,20
DCAL,30-MAR-2021,109.05,111.8,106.8,108.35,551347,257980,6672
DCBBANK,30-MAR-2021,103.9,106.5,102.75,105.9,1213973,625708,11135
DCM,30-MAR-2021,24.65,24.65,23.5,23.85,4408,2942,82
DCMSHRIRAM,30-MAR-2021,489.5,505.7,488.0,493.4,77723,40130,3521
DCW,30-MAR-2021,27.3,27.5,25.9,26.05,974744,638541,2216
DECCANCE,30-MAR-2021,407.5,418.75,407.05,410.65,19341,9681,1194
DEEPAKFERT,30-MAR-2021,223.15,228.75,218.15,226.25,643010,191837,12115
DEEPAKNTR,30-MAR-2021,1585.0,1637.95,1546.1,1626.1,1948347,716120,64119
DEEPENR,30-MAR-2021,37.2,37.2,35.55,35.7,20967,14003,357
DELTACORP,30-MAR-2021,175.8,178.0,164.0,165.15,5398234,1290397,47528
DELTAMAGNT,30-MAR-2021,32.0,32.4,30.5,31.05,3826,2237,151
DEN,30-MAR-2021,49.0,50.15,48.75,49.3,9446667,6365522,16916
DENORA,30-MAR-2021,253.25,257.35,250.0,253.0,4037,2501,239
DFMFOODS,30-MAR-2021,360.35,381.75,356.05,359.5,133164,94124,2685
DGCONTENT,30-MAR-2021,7.4,7.4,6.85,7.1,21378,17367,122
DHAMPURSUG,30-MAR-2021,186.0,187.8,184.0,185.6,275567,166879,8129
DHANBANK,30-MAR-2021,14.85,14.85,14.6,14.65,1207766,1107036,895
DHANI,30-MAR-2021,215.5,219.7,180.3,186.75,7078719,2662309,91460
DHANUKA,30-MAR-2021,689.0,696.0,672.1,679.05,56449,39277,4338
DHARSUGAR,30-MAR-2021,7.1,7.1,6.75,6.8,12518,12021,65
DHFL,30-MAR-2021,15.65,16.45,15.5,16.05,1638867,987123,4278
DHUNINV,30-MAR-2021,273.15,283.0,267.55,274.2,4155,3223,151
DIAMONDYD,30-MAR-2021,610.0,615.4,599.0,600.0,16149,11899,1364
DICIND,30-MAR-2021,398.55,398.55,385.05,389.65,1908,1198,144
DISHTV,30-MAR-2021,9.6,9.65,9.25,9.35,7664805,6556400,10523
DIVISLAB,30-MAR-2021,3500.0,3600.0,3480.05,3584.25,732609,319782,71010
DIXON,30-MAR-2021,3740.0,3765.0,3620.0,3635.55,421867,224560,54810
DLF,30-MAR-2021,281.95,284.45,274.5,279.3,7730360,2274192,53890
DLINKINDIA,30-MAR-2021,100.7,100.75,98.8,99.95,125549,85466,1588
DMART,30-MAR-2021,2867.0,2918.0,2807.0,2837.55,696633,340982,63857
DNAMEDIA,30-MAR-2021,0.75,0.75,0.65,0.7,65434,52255,75
DOLAT,30-MAR-2021,71.9,72.0,68.0,69.25,202083,147579,2237
DOLLAR,30-MAR-2021,239.5,241.25,232.0,233.9,40275,22178,1231
DONEAR,30-MAR-2021,30.4,30.4,28.4,29.2,24689,16244,333
DPABHUSHAN,30-MAR-2021,119.1,119.1,115.1,117.1,1436,1149,50
DPSCLTD,30-MAR-2021,12.15,12.35,11.7,11.85,28032,24476,161
DPWIRES,30-MAR-2021,109.75,109.95,104.35,106.4,2173,1398,82
DRCSYSTEMS,30-MAR-2021,278.75,278.75,278.75,278.75,535,535,16
DREDGECORP,30-MAR-2021,377.0,393.0,371.9,376.2,334347,56691,12842
DRREDDY,30-MAR-2021,4429.95,4527.45,4421.05,4518.2,866350,357518,77755
DSSL,30-MAR-2021,74.65,76.75,73.35,75.8,55983,32220,644
DTIL,30-MAR-2021,259.0,272.0,259.0,260.15,4897,3232,327
DUCON,30-MAR-2021,6.6,6.6,6.3,6.3,38451,32740,116
DVL,30-MAR-2021,100.0,104.0,99.0,99.9,110881,51384,1666
DWARKESH,30-MAR-2021,32.3,32.6,31.0,31.1,1278638,635563,3280
DYNAMATECH,30-MAR-2021,1027.0,1042.4,950.0,981.55,72487,23707,6353
DYNPRO,30-MAR-2021,543.0,550.0,523.25,526.5,110450,42549,9674
EASEMYTRIP,30-MAR-2021,216.9,222.9,195.1,210.75,9872412,2077199,115863
EBANK,30-MAR-2021,3659.25,3659.25,3549.48,3549.48,3,3,2
EBBETF0423,30-MAR-2021,1115.2,1116.16,1114.58,1115.63,1071,902,56
EBBETF0425,30-MAR-2021,1115.9,1115.9,1025.63,1033.97,106326,104786,196
EBBETF0430,30-MAR-2021,1129.73,1134.99,1128.01,1132.52,17807,16385,174
EBBETF0431,30-MAR-2021,1013.0,1017.0,1012.09,1015.97,17589,12353,132
EBIXFOREX,30-MAR-2021,495.0,500.0,481.5,491.1,2476,1468,392
ECLERX,30-MAR-2021,1055.0,1110.0,1053.0,1075.65,384678,88808,31664
EDELWEISS,30-MAR-2021,70.5,70.5,66.6,66.6,2196913,1523116,9825
EICHERMOT,30-MAR-2021,2574.0,2653.7,2561.35,2639.95,980341,305063,64690
EIDPARRY,30-MAR-2021,327.0,331.95,321.45,324.5,119898,65163,4693
EIHAHOTELS,30-MAR-2021,235.05,245.95,230.8,231.75,11673,7884,474
EIHOTEL,30-MAR-2021,96.2,96.55,90.45,92.95,724256,400390,7600
EIMCOELECO,30-MAR-2021,374.0,374.0,330.1,332.15,4133,1418,615
EKC,30-MAR-2021,77.4,79.45,73.5,74.05,389148,221704,3942
ELECON,30-MAR-2021,63.35,66.5,62.05,64.15,312970,177823,2451
ELECTCAST,30-MAR-2021,23.95,25.4,23.95,24.9,1734464,958301,2648
ELECTHERM,30-MAR-2021,106.45,120.5,105.1,108.15,61091,16792,1444
ELGIEQUIP,30-MAR-2021,181.4,186.7,181.4,183.8,44850,29398,2065
ELGIRUBCO,30-MAR-2021,26.4,28.85,26.4,27.0,25864,13355,223
EMAMILTD,30-MAR-2021,476.5,501.1,473.0,493.35,785314,594711,33210
EMAMIPAP,30-MAR-2021,127.25,137.0,125.05,126.6,34811,14681,882
EMAMIREAL,30-MAR-2021,43.5,44.7,41.2,41.55,61615,37625,592
EMKAY,30-MAR-2021,71.8,71.8,67.4,68.15,56999,39002,470
EMMBI,30-MAR-2021,82.9,85.45,76.4,78.9,64838,34637,1633
ENDURANCE,30-MAR-2021,1457.0,1480.0,1428.05,1464.15,110596,57260,11102
ENGINERSIN,30-MAR-2021,74.0,78.7,73.4,76.85,6560526,1913059,30584
ENIL,30-MAR-2021,153.25,153.9,147.5,148.45,20769,11674,472
EPL,30-MAR-2021,227.95,232.0,224.15,230.75,1362461,1064052,12555
EQ30,30-MAR-2021,412.0,416.06,408.05,416.0,117,79,31
EQUITAS,30-MAR-2021,88.0,89.8,84.8,85.9,2399077,1336586,17797
EQUITASBNK,30-MAR-2021,60.0,60.9,59.55,60.0,519975,301402,3553
ERIS,30-MAR-2021,620.0,620.0,595.25,609.85,161429,105955,15120
EROSMEDIA,30-MAR-2021,25.1,26.1,24.5,24.95,283721,187290,1175
ESABINDIA,30-MAR-2021,1819.2,1833.35,1780.0,1795.3,5679,2894,1057
ESCORTS,30-MAR-2021,1280.0,1291.95,1262.45,1274.35,553080,120949,24648
ESSARSHPNG,30-MAR-2021,7.6,8.2,7.6,8.05,89832,59849,431
ESTER,30-MAR-2021,118.95,121.5,116.0,118.25,198870,82689,4998
EVEREADY,30-MAR-2021,269.75,276.3,266.15,270.3,905495,555118,9510
EVERESTIND,30-MAR-2021,289.95,292.8,284.95,286.4,27198,17659,1013
EXCEL,30-MAR-2021,2.45,2.45,2.25,2.3,175703,31902,171
EXCELINDUS,30-MAR-2021,845.0,849.25,835.05,838.4,7332,4494,1022
EXIDEIND,30-MAR-2021,183.8,186.85,182.85,186.2,3911551,1967682,28450
EXPLEOSOL,30-MAR-2021,525.0,535.0,519.0,526.4,14535,9953,1240
FACT,30-MAR-2021,113.95,116.0,109.0,112.3,488956,121846,8663
FAIRCHEMOR,30-MAR-2021,689.0,740.0,689.0,729.25,106282,39775,3343
FCL,30-MAR-2021,59.6,63.0,59.2,61.5,348120,205083,2272
FCONSUMER,30-MAR-2021,6.6,6.7,6.0,6.1,9614433,5266651,19137
FDC,30-MAR-2021,276.0,283.25,276.0,281.0,129065,75387,4657
FEDERALBNK,30-MAR-2021,78.0,78.2,75.55,75.8,20729627,7452269,43033
FEL,30-MAR-2021,8.55,8.55,7.9,8.05,1440371,1039724,4844
FELDVR,30-MAR-2021,9.95,10.45,9.95,10.15,90046,68717,253
FIEMIND,30-MAR-2021,553.5,558.8,542.05,546.8,14860,9561,1167
FILATEX,30-MAR-2021,64.4,66.8,64.4,65.05,309183,161553,2184
FINCABLES,30-MAR-2021,386.1,391.75,380.75,389.25,314955,242473,10814
FINEORG,30-MAR-2021,2304.0,2316.0,2261.05,2279.1,42792,24981,9360
FINPIPE,30-MAR-2021,620.9,622.0,606.45,613.05,84023,56487,8110
FLFL,30-MAR-2021,52.65,54.15,51.45,51.45,341775,253991,2377
FLUOROCHEM,30-MAR-2021,575.1,590.0,575.0,581.4,26153,18150,1125
FMGOETZE,30-MAR-2021,284.0,290.0,281.05,284.5,8013,5942,241
FMNL,30-MAR-2021,12.75,13.05,12.55,12.55,61068,52127,329
FORCEMOT,30-MAR-2021,1191.4,1206.1,1168.25,1171.2,14865,9282,1739
FORTIS,30-MAR-2021,201.7,205.65,197.5,200.6,2651307,1140869,22158
FOSECOIND,30-MAR-2021,1158.0,1159.95,1135.0,1140.0,1306,1203,174
FRETAIL,30-MAR-2021,47.2,47.5,44.85,44.85,3835506,2527411,19403
FSC,30-MAR-2021,67.7,68.9,66.5,66.5,63931,48511,956
FSL,30-MAR-2021,109.8,111.9,107.3,110.8,2748991,839660,19149
G5,30-MAR-2021,47.58,47.58,47.3,47.49,16205,16000,39
GABRIEL,30-MAR-2021,105.0,105.1,104.5,104.85,471574,326448,4905
GAEL,30-MAR-2021,128.55,131.45,127.55,128.3,145693,64187,2913
GAIL,30-MAR-2021,133.9,137.25,130.8,132.35,71858400,45490377,134019
GAL,30-MAR-2021,2.05,2.1,1.95,2.0,95838,52434,96
GALAXYSURF,30-MAR-2021,2415.0,2460.0,2403.05,2446.2,19023,10257,3934
GALLANTT,30-MAR-2021,45.8,45.8,43.5,43.75,32482,17582,373
GALLISPAT,30-MAR-2021,38.0,38.0,35.05,35.4,19385,12137,255
GAMMNINFRA,30-MAR-2021,0.75,0.75,0.7,0.75,979348,744390,3026
GANDHITUBE,30-MAR-2021,282.0,285.05,264.25,269.3,6652,4037,324
GANECOS,30-MAR-2021,555.35,600.0,551.55,588.35,106240,88094,1718
GANESHHOUC,30-MAR-2021,56.3,56.3,52.65,53.0,39026,24201,372
GANGESSECU,30-MAR-2021,64.0,64.0,56.8,59.75,1318,661,47
GARFIBRES,30-MAR-2021,2408.05,2547.7,2400.0,2496.9,20785,11684,3520
GATI,30-MAR-2021,103.65,106.2,103.0,103.75,411918,138718,6013
GAYAPROJ,30-MAR-2021,30.5,30.9,28.5,28.9,1055508,805962,3653
GBGLOBAL,30-MAR-2021,7.7,7.7,7.0,7.05,3084,2197,29
GDL,30-MAR-2021,184.65,184.75,176.65,177.6,79823,39238,3041
GEECEE,30-MAR-2021,105.1,108.6,101.1,102.0,11386,8192,200
GEEKAYWIRE,30-MAR-2021,82.9,82.9,76.0,77.25,10528,9953,42
GENCON,30-MAR-2021,46.05,47.5,45.0,46.0,3255,2662,60
GENUSPAPER,30-MAR-2021,7.45,7.45,7.1,7.15,109466,87946,208
GENUSPOWER,30-MAR-2021,49.35,51.15,49.25,49.3,185540,106433,932
GEOJITFSL,30-MAR-2021,52.5,52.5,50.0,51.05,176710,109244,1721
GEPIL,30-MAR-2021,278.0,284.05,270.6,279.95,100952,63859,3310
GESHIP,30-MAR-2021,309.0,319.5,309.0,316.7,182923,128979,10494
GET&D,30-MAR-2021,114.0,115.8,113.0,113.45,65537,37895,1141
GFSTEELS,30-MAR-2021,2.0,2.0,2.0,2.0,20,20,1
GHCL,30-MAR-2021,218.15,228.0,217.35,226.55,198416,101601,8589
GICHSGFIN,30-MAR-2021,116.55,118.35,114.75,115.3,180490,97506,2546
GICRE,30-MAR-2021,203.15,205.9,182.6,183.7,2389997,1669245,29466
GILLANDERS,30-MAR-2021,43.2,43.2,40.1,40.55,4679,4412,35
GILLETTE,30-MAR-2021,5638.4,5899.0,5571.0,5835.7,19515,10602,6056
GINNIFILA,30-MAR-2021,20.4,21.05,20.0,20.25,60835,43301,233
GIPCL,30-MAR-2021,76.8,77.7,75.8,76.55,223457,107898,3058
GKWLIMITED,30-MAR-2021,506.95,518.15,505.25,507.6,1595,226,619
GLAND,30-MAR-2021,2425.0,2514.9,2425.0,2497.4,183863,135803,11951
GLAXO,30-MAR-2021,1412.9,1429.7,1410.45,1426.2,23836,18563,3720
GLENMARK,30-MAR-2021,452.0,463.25,452.0,461.9,1086346,344330,23088
GLFL,30-MAR-2021,2.4,2.6,2.4,2.4,3122,2499,13
GLOBAL,30-MAR-2021,42.05,42.05,38.2,38.2,8856,7385,138
GLOBUSSPR,30-MAR-2021,324.0,324.0,311.2,318.35,62013,39351,1613
GMBREW,30-MAR-2021,418.0,423.8,410.0,411.55,14473,8972,648
GMDCLTD,30-MAR-2021,55.6,57.8,54.55,55.9,1595245,453568,9068
GMMPFAUDLR,30-MAR-2021,4180.0,4230.0,4110.0,4188.8,33825,15819,6856
GMRINFRA,30-MAR-2021,24.6,26.6,24.3,24.4,17158582,6672120,39182
GNA,30-MAR-2021,351.8,355.55,348.3,352.95,48111,27428,1497
GNFC,30-MAR-2021,289.3,297.35,284.0,295.55,1127442,458378,12806
GOACARBON,30-MAR-2021,280.0,284.9,277.1,278.45,15345,7742,737
GOCLCORP,30-MAR-2021,222.75,228.0,220.7,222.0,3668,2567,202
GODFRYPHLP,30-MAR-2021,896.0,899.9,881.45,895.75,72874,40526,4275
GODHA,30-MAR-2021,49.2,50.1,45.65,48.55,361,146,24
GODREJAGRO,30-MAR-2021,492.0,524.0,488.8,513.0,315660,119948,14010
GODREJCP,30-MAR-2021,717.35,731.3,713.55,726.5,2462785,1251807,45228
GODREJIND,30-MAR-2021,534.5,550.0,531.0,545.8,460165,296991,14064
GODREJPROP,30-MAR-2021,1389.0,1389.15,1342.55,1352.2,695220,215169,25426
GOKEX,30-MAR-2021,79.65,81.95,78.0,78.95,105492,61070,1230
GOKUL,30-MAR-2021,18.6,19.25,17.8,18.1,28967,20390,226
GOKULAGRO,30-MAR-2021,19.55,20.4,19.55,19.95,60914,41476,303
GOLDBEES,30-MAR-2021,39.86,39.86,38.29,38.38,12540743,10409655,35452
GOLDENTOBC,30-MAR-2021,40.3,41.95,39.5,39.6,3832,2945,143
GOLDIAM,30-MAR-2021,335.0,345.0,335.0,340.9,62329,23846,2305
GOLDSHARE,30-MAR-2021,40.0,40.15,39.2,39.85,222752,164077,1633
GOODLUCK,30-MAR-2021,67.45,69.0,65.35,67.45,59060,31745,857
GOODYEAR,30-MAR-2021,900.0,905.0,886.0,888.75,12453,8811,1341
GPIL,30-MAR-2021,728.4,755.0,715.05,727.15,272777,100927,12524
GPPL,30-MAR-2021,98.0,99.65,96.2,98.25,262649,137006,3180
GPTINFRA,30-MAR-2021,37.75,38.55,36.65,37.1,10300,4135,259
GRANULES,30-MAR-2021,303.1,310.55,303.1,309.1,2794951,1472997,50773
GRAPHITE,30-MAR-2021,481.7,499.4,480.6,484.65,921670,282862,24112
GRASIM,30-MAR-2021,1416.6,1441.65,1395.75,1422.6,2574303,1053972,66750
GRAVITA,30-MAR-2021,94.0,95.85,92.55,93.1,69495,39713,682
GREAVESCOT,30-MAR-2021,127.6,133.15,124.45,131.05,1497089,507890,18778
GREENLAM,30-MAR-2021,930.0,948.0,915.0,927.45,7026,5428,611
GREENPANEL,30-MAR-2021,158.6,161.0,154.05,155.6,133979,90863,3179
GREENPLY,30-MAR-2021,172.0,173.3,168.85,171.0,118395,73585,2373
GRINDWELL,30-MAR-2021,906.0,955.0,894.35,930.35,29581,21373,3587
GROBTEA,30-MAR-2021,826.0,846.0,791.0,816.55,652,312,167
GRPLTD,30-MAR-2021,800.45,850.0,800.45,813.35,1013,800,136
GRSE,30-MAR-2021,193.0,193.1,185.7,186.55,119482,69448,2330
GSCLCEMENT,30-MAR-2021,33.45,33.45,32.2,32.65,133480,67353,877
GSFC,30-MAR-2021,83.15,83.9,81.5,81.8,1461727,786672,11146
GSPL,30-MAR-2021,269.55,269.8,260.4,267.2,550455,292394,14392
GSS,30-MAR-2021,53.65,53.8,52.05,52.55,48441,30232,832
GTL,30-MAR-2021,5.95,5.95,5.45,5.5,351852,207252,3793
GTLINFRA,30-MAR-2021,0.75,0.8,0.7,0.75,11209866,5831133,3818
GTPL,30-MAR-2021,110.45,112.8,110.45,111.65,69111,50266,1638
GUFICBIO,30-MAR-2021,101.0,106.0,101.0,105.1,92302,67391,990
GUJALKALI,30-MAR-2021,337.95,342.0,335.0,338.65,86776,56425,1851
GUJAPOLLO,30-MAR-2021,206.7,215.95,201.0,201.85,7585,5382,235
GUJGASLTD,30-MAR-2021,524.0,540.0,515.0,537.6,1226159,456166,32564
GULFOILLUB,30-MAR-2021,724.5,744.9,710.0,733.5,16667,10610,2237
GULFPETRO,30-MAR-2021,38.05,38.1,35.7,36.2,47812,32409,462
GULPOLY,30-MAR-2021,94.4,94.4,90.85,92.3,71215,44909,808
HAL,30-MAR-2021,996.6,1005.0,992.2,1000.2,136800,55757,8992
HAPPSTMNDS,30-MAR-2021,526.95,538.95,523.1,536.6,1082286,313730,23758
HARITASEAT,30-MAR-2021,740.0,750.0,730.0,738.15,6276,2954,627
HARRMALAYA,30-MAR-2021,141.6,147.7,138.1,138.7,222988,45388,7500
HATHWAY,30-MAR-2021,25.25,25.5,25.0,25.15,2291645,1558694,5922
HATSUN,30-MAR-2021,727.9,729.8,715.3,719.3,18910,6193,1823
HAVELLS,30-MAR-2021,1066.0,1078.0,1047.55,1050.55,1297976,422808,32182
HBANKETF,30-MAR-2021,338.0,338.0,334.87,337.59,1671,1292,105
HBLPOWER,30-MAR-2021,34.1,34.5,33.0,33.5,353964,228458,2434
HCC,30-MAR-2021,7.45,7.75,7.35,7.7,3723252,2365751,3284
HCG,30-MAR-2021,189.5,189.5,176.95,180.85,151308,67505,5338
HCL-INSYS,30-MAR-2021,8.55,8.95,8.55,8.8,470472,297585,1144
HCLTECH,30-MAR-2021,965.0,1000.8,964.45,995.8,5475051,2381501,121367
HDFC,30-MAR-2021,2569.3,2617.0,2555.25,2605.65,4349089,2737671,150693
HDFCAMC,30-MAR-2021,2860.0,2912.0,2860.0,2892.25,180923,96162,14662
HDFCBANK,30-MAR-2021,1506.65,1562.55,1501.55,1553.7,12804032,7304263,229161
HDFCLIFE,30-MAR-2021,675.5,693.3,675.0,687.75,3467886,2196920,92969
HDFCMFGETF,30-MAR-2021,39.49,39.99,39.2,39.63,2499424,1997228,4284
HDFCNIFETF,30-MAR-2021,158.9,158.9,155.17,157.2,17253,9615,381
HDFCSENETF,30-MAR-2021,523.58,549.89,523.58,533.5,1440,935,193
HEG,30-MAR-2021,1444.0,1480.0,1432.0,1442.35,302176,64798,17490
HEIDELBERG,30-MAR-2021,234.2,236.6,228.0,230.35,404915,316053,5501
HERANBA,30-MAR-2021,637.0,649.0,627.2,630.45,359233,122250,17088
HERCULES,30-MAR-2021,111.95,114.5,110.7,111.35,33190,21886,901
HERITGFOOD,30-MAR-2021,310.0,311.75,295.0,296.5,80761,39054,4043
HEROMOTOCO,30-MAR-2021,2934.95,2976.35,2916.6,2963.85,899494,356163,54602
HESTERBIO,30-MAR-2021,1989.35,1989.35,1881.0,1901.3,18556,7657,3279
HFCL,30-MAR-2021,25.85,25.95,25.35,25.5,2712276,1557624,3916
HGINFRA,30-MAR-2021,293.0,293.55,282.0,290.95,79924,50695,2476
HGS,30-MAR-2021,1524.0,1754.4,1505.35,1739.2,725992,148329,59456
HIKAL,30-MAR-2021,145.0,147.25,144.25,145.15,303969,179356,6208
HIL,30-MAR-2021,2867.0,3000.0,2867.0,2988.7,10286,7047,2964
HILTON,30-MAR-2021,9.8,9.8,9.35,9.7,4913,3193,36
HIMATSEIDE,30-MAR-2021,151.25,152.35,146.05,147.0,73421,30605,1904
HINDALCO,30-MAR-2021,330.55,332.9,324.95,326.3,9159364,2283152,85073
HINDCOMPOS,30-MAR-2021,275.0,278.85,261.4,266.35,4650,2940,354
HINDCOPPER,30-MAR-2021,123.0,127.2,120.6,121.45,1869082,912708,13743
HINDOILEXP,30-MAR-2021,97.95,101.4,96.3,99.15,578632,212427,8082
HINDPETRO,30-MAR-2021,230.8,231.9,228.75,230.0,3572153,1640061,41739
HINDUNILVR,30-MAR-2021,2325.0,2406.0,2325.0,2398.75,3327205,1970421,156830
HINDZINC,30-MAR-2021,281.4,283.0,257.0,262.25,2786711,1704076,47495
HIRECT,30-MAR-2021,124.9,124.9,118.65,119.85,16944,12994,433
HISARMETAL,30-MAR-2021,115.0,118.9,102.15,104.35,127721,50687,3116
HITECH,30-MAR-2021,389.55,395.1,383.3,392.25,58593,21160,1909
HITECHCORP,30-MAR-2021,129.95,132.0,121.0,122.55,1396,682,122
HITECHGEAR,30-MAR-2021,182.0,182.0,168.3,172.65,10100,7357,336
HLEGLAS,30-MAR-2021,2319.95,2319.95,2215.25,2260.15,3338,1966,849
HLVLTD,30-MAR-2021,6.15,6.15,5.65,5.9,164579,152296,301
HMVL,30-MAR-2021,60.15,62.0,59.3,60.5,26241,18027,415
HNDFDS,30-MAR-2021,2038.1,2051.8,1965.0,1997.65,17826,13452,3387
HNGSNGBEES,30-MAR-2021,352.99,353.0,343.6,345.94,1477,1032,111
HOMEFIRST,30-MAR-2021,457.5,462.0,446.25,447.7,111325,57646,5262
HONAUT,30-MAR-2021,45995.0,47000.0,45493.65,46609.6,10339,6690,4256
HONDAPOWER,30-MAR-2021,991.3,1009.55,970.0,975.8,11013,8223,1280
HOTELRUGBY,30-MAR-2021,1.05,1.1,1.05,1.1,3000,2700,9
HSCL,30-MAR-2021,42.15,42.25,41.6,41.75,2382685,1252584,8475
HSIL,30-MAR-2021,160.5,162.55,155.1,156.9,127831,53343,4986
HTMEDIA,30-MAR-2021,21.35,22.0,21.2,21.25,160365,57528,1093
HUDCO,30-MAR-2021,44.35,44.8,43.85,44.1,1386013,574540,5077
HUHTAMAKI,30-MAR-2021,278.0,279.7,274.05,274.8,42781,24904,1438
IBMFNIFTY,30-MAR-2021,156.95,158.62,146.03,148.36,805,321,161
IBREALEST,30-MAR-2021,84.55,85.0,78.65,79.95,8189408,3584531,48925
IBULHSGFIN,30-MAR-2021,201.0,201.0,193.1,196.05,10656553,2049526,60375
ICEMAKE,30-MAR-2021,67.05,68.7,65.0,65.8,3276,2695,87
ICICI500,30-MAR-2021,204.0,204.0,200.05,202.43,1424,1363,116
ICICIALPLV,30-MAR-2021,142.7,142.9,138.01,141.91,2727,2013,127
ICICIB22,30-MAR-2021,35.83,35.99,34.9,35.84,386123,281234,3293
ICICIBANK,30-MAR-2021,582.0,593.1,582.0,591.45,28012288,14467009,266625
ICICIBANKN,30-MAR-2021,338.5,338.7,318.9,337.08,11496,10819,211
ICICIBANKP,30-MAR-2021,179.0,181.4,177.3,179.87,42169,34152,941
ICICIGI,30-MAR-2021,1414.0,1440.0,1401.1,1432.95,559402,413685,27779
ICICIGOLD,30-MAR-2021,39.83,39.83,39.05,39.6,319120,264355,1848
ICICILIQ,30-MAR-2021,1000.05,1000.05,999.6,999.95,8184,6486,35
ICICILOVOL,30-MAR-2021,109.7,119.9,109.7,118.89,8343,5779,685
ICICIM150,30-MAR-2021,89.9,90.0,88.84,89.85,3624,3462,154
ICICIMCAP,30-MAR-2021,85.9,86.0,84.0,85.57,2812,1345,187
ICICINF100,30-MAR-2021,158.2,161.59,158.2,161.16,5813,4480,226
ICICINIFTY,30-MAR-2021,159.15,159.15,151.0,157.61,76981,43536,3881
ICICINV20,30-MAR-2021,76.25,80.78,76.25,78.39,13217,8756,910
ICICINXT50,30-MAR-2021,35.5,35.5,34.11,34.72,21053,14983,400
ICICIPRULI,30-MAR-2021,436.4,440.8,430.3,431.75,2227776,1399251,62665
ICICISENSX,30-MAR-2021,530.0,543.1,530.0,541.59,2129,1885,113
ICICITECH,30-MAR-2021,258.0,272.0,256.44,268.33,211972,186768,939
ICIL,30-MAR-2021,127.6,134.75,125.0,132.5,472336,243147,12239
ICRA,30-MAR-2021,3611.0,3648.0,3320.0,3362.75,20805,7626,4345
IDBI,30-MAR-2021,38.5,40.1,37.3,38.7,32749040,9227513,52384
IDBIGOLD,30-MAR-2021,4170.95,4170.95,4113.05,4129.55,30,21,20
IDEA,30-MAR-2021,9.3,9.5,9.0,9.2,170193546,80213530,204109
IDFC,30-MAR-2021,48.05,48.9,46.95,47.4,4189824,2446217,20106
IDFCFIRSTB,30-MAR-2021,58.35,60.0,58.0,58.25,38680457,12234990,74598
IDFNIFTYET,30-MAR-2021,147.47,172.0,147.47,153.95,2153,546,93
IEX,30-MAR-2021,347.0,347.75,338.5,341.3,1256092,571343,51594
IFBAGRO,30-MAR-2021,399.0,399.0,384.85,390.4,11464,5218,813
IFBIND,30-MAR-2021,1103.7,1190.0,1102.05,1152.2,373538,66942,32667
IFCI,30-MAR-2021,13.0,13.0,12.2,12.25,2989595,1463344,48682
IFGLEXPOR,30-MAR-2021,320.0,328.2,314.95,323.55,37767,24467,1877
IGARASHI,30-MAR-2021,274.0,278.0,263.0,265.7,123472,70318,8469
IGL,30-MAR-2021,510.0,518.0,505.5,510.85,2308845,1255839,26898
IGPL,30-MAR-2021,435.0,435.0,414.95,421.6,19207,9584,1071
IIFL,30-MAR-2021,276.8,284.0,262.3,269.4,467501,217378,6959
IIFLSEC,30-MAR-2021,47.2,47.2,46.0,46.2,233940,138652,1173
IIFLWAM,30-MAR-2021,1217.0,1240.0,1191.0,1223.7,11325,7236,1612
IITL,30-MAR-2021,53.3,55.0,49.3,52.5,3341,2693,111
IMFA,30-MAR-2021,453.4,458.45,446.95,455.65,15297,9798,649
IMPAL,30-MAR-2021,693.05,707.15,683.25,688.45,2331,1241,328
INDBANK,30-MAR-2021,13.25,13.6,12.9,12.95,81028,50356,342
INDHOTEL,30-MAR-2021,110.0,110.0,105.0,105.7,1660627,785939,11652
INDIACEM,30-MAR-2021,164.0,169.25,163.25,167.55,2101923,673727,15396
INDIAGLYCO,30-MAR-2021,441.15,449.7,428.0,430.45,199557,99413,7211
INDIAMART,30-MAR-2021,7849.0,7909.9,7720.0,7820.8,137919,83421,21695
INDIANB,30-MAR-2021,119.5,120.1,114.7,115.4,1380297,581372,13873
INDIANCARD,30-MAR-2021,142.0,142.0,130.1,132.4,4490,1910,241
INDIANHUME,30-MAR-2021,171.1,172.95,168.15,169.4,39607,25119,896
INDIGO,30-MAR-2021,1602.0,1629.7,1575.2,1585.4,1229662,248270,46349
INDIGOPNTS,30-MAR-2021,2306.0,2324.95,2295.65,2310.4,28565,14098,4838
INDLMETER,30-MAR-2021,14.6,14.75,13.45,13.6,11058,9731,106
INDNIPPON,30-MAR-2021,371.0,372.5,364.65,366.95,30558,26745,588
INDOCO,30-MAR-2021,296.1,299.65,285.0,290.25,134984,47216,4989
INDORAMA,30-MAR-2021,39.0,39.0,36.1,37.1,26077,18202,201
INDOSTAR,30-MAR-2021,318.25,318.25,313.25,314.05,26500,18245,910
INDOTECH,30-MAR-2021,87.35,87.4,85.4,86.7,5166,3893,124
INDRAMEDCO,30-MAR-2021,54.95,55.6,54.0,54.15,127471,82061,804
INDSWFTLAB,30-MAR-2021,74.55,75.65,72.3,72.75,69137,46194,568
INDUSINDBK,30-MAR-2021,966.0,978.4,955.0,961.05,5832348,1966706,112842
INDUSTOWER,30-MAR-2021,244.75,261.8,240.3,254.6,8067414,2381072,86934
INEOSSTYRO,30-MAR-2021,949.7,970.15,929.95,935.25,22212,15122,2762
INFIBEAM,30-MAR-2021,47.65,48.75,46.0,46.3,6970141,5159387,9516
INFOBEAN,30-MAR-2021,148.0,148.0,141.0,142.15,8826,5699,241
INFRABEES,30-MAR-2021,400.0,434.98,400.0,429.51,3082,1637,126
INFY,30-MAR-2021,1346.9,1400.0,1336.15,1385.3,10546919,5618355,227944
INGERRAND,30-MAR-2021,680.0,695.0,680.0,688.95,16263,7114,1865
INOXLEISUR,30-MAR-2021,296.0,298.45,285.0,289.35,711900,224114,17938
INOXWIND,30-MAR-2021,75.7,77.0,71.6,72.4,99542,55233,1901
INSECTICID,30-MAR-2021,492.0,509.5,456.95,473.15,253070,87051,9037
INSPIRISYS,30-MAR-2021,44.2,44.85,43.5,44.1,5448,4386,92
INTELLECT,30-MAR-2021,644.7,713.35,630.65,695.2,1227419,369765,42714
INTENTECH,30-MAR-2021,33.9,33.9,32.0,32.3,10266,7097,142
INVENTURE,30-MAR-2021,29.0,32.5,28.55,30.45,217101,78723,1499
IOB,30-MAR-2021,16.05,16.1,15.7,15.9,4448930,2120996,8093
IOC,30-MAR-2021,91.0,91.95,90.1,91.55,20591828,9587027,84395
IOLCP,30-MAR-2021,575.9,579.0,554.5,556.8,593476,247842,22820
IPCALAB,30-MAR-2021,1899.0,1945.0,1866.0,1890.0,277545,100273,25499
IRB,30-MAR-2021,103.7,105.15,102.5,103.4,1150015,316289,9573
IRCON,30-MAR-2021,81.1,88.5,80.6,87.35,11316630,3376705,43837
IRCTC,30-MAR-2021,1740.4,1774.0,1740.4,1755.25,1473085,416459,57416
IRFC,30-MAR-2021,23.15,23.3,22.9,22.95,14310179,7669060,42774
IRISDOREME,30-MAR-2021,93.95,93.95,86.15,87.45,7142,3848,200
ISEC,30-MAR-2021,398.0,402.25,386.0,387.35,712755,485977,26615
ISFT,30-MAR-2021,66.35,70.2,65.5,69.8,15167,11549,305
ISMTLTD,30-MAR-2021,10.65,11.25,10.65,11.05,41834,30019,114
ITC,30-MAR-2021,213.25,215.0,210.4,214.55,27792437,12175778,147081
ITDC,30-MAR-2021,357.0,420.0,355.75,392.7,1014236,100713,32801
ITDCEM,30-MAR-2021,80.05,81.2,78.15,79.25,261901,108299,3715
ITI,30-MAR-2021,117.0,117.95,114.6,115.25,304500,101287,4302
IVC,30-MAR-2021,3.75,3.95,3.75,3.85,355823,305283,230
IVZINGOLD,30-MAR-2021,4098.0,4098.0,4000.0,4020.0,188,166,49
IVZINNIFTY,30-MAR-2021,1700.0,1700.0,1569.05,1610.35,34,24,8
IZMO,30-MAR-2021,52.05,52.95,50.6,52.2,18634,11794,301
J&KBANK,30-MAR-2021,25.9,26.3,25.65,26.0,1252960,719812,3726
JAGRAN,30-MAR-2021,59.4,59.5,58.7,58.75,295353,242602,967
JAGSNPHARM,30-MAR-2021,80.7,85.0,78.2,80.05,324518,43014,4509
JAICORPLTD,30-MAR-2021,84.3,86.9,84.3,85.2,716933,207571,5734
JAMNAAUTO,30-MAR-2021,69.1,69.2,66.5,67.0,591520,313494,5335
JASH,30-MAR-2021,295.65,303.7,295.0,297.55,15901,10440,353
JAYAGROGN,30-MAR-2021,135.2,137.9,134.55,136.8,14006,11667,359
JAYBARMARU,30-MAR-2021,226.5,228.15,222.0,223.45,9696,6751,266
JAYNECOIND,30-MAR-2021,10.2,10.6,10.2,10.5,178383,153597,303
JAYSREETEA,30-MAR-2021,67.85,69.0,67.0,67.35,35723,19425,548
JBCHEPHARM,30-MAR-2021,1266.0,1268.95,1216.85,1228.5,144893,93308,6966
JBFIND,30-MAR-2021,14.4,14.8,14.2,14.8,261183,223843,461
JBMA,30-MAR-2021,422.0,425.9,412.35,416.85,14354,6360,780
JCHAC,30-MAR-2021,2577.25,2625.0,2565.8,2616.45,13370,6627,2251
JINDALPOLY,30-MAR-2021,756.0,777.65,735.55,753.5,69648,33697,5744
JINDALSAW,30-MAR-2021,72.85,73.1,71.5,71.95,884521,394104,5380
JINDALSTEL,30-MAR-2021,329.6,340.9,328.2,336.45,9379731,1907584,83129
JINDRILL,30-MAR-2021,92.9,95.0,89.5,90.45,16330,7738,378
JINDWORLD,30-MAR-2021,49.5,51.0,48.0,48.15,169856,11561,1105
JISLJALEQS,30-MAR-2021,19.35,19.7,18.5,18.6,2431011,1905813,8120
JKCEMENT,30-MAR-2021,2813.0,2950.0,2813.0,2903.1,31695,23123,6709
JKIL,30-MAR-2021,206.9,209.0,196.0,198.15,165307,82678,5214
JKLAKSHMI,30-MAR-2021,419.0,423.0,412.1,419.8,482841,222094,11589
JKPAPER,30-MAR-2021,152.5,153.6,146.3,148.65,730930,332052,7677
JKTYRE,30-MAR-2021,110.8,110.8,98.9,108.35,787692,399557,8812
JMA,30-MAR-2021,30.8,32.9,30.2,30.7,5466,3395,135
JMCPROJECT,30-MAR-2021,79.1,79.25,75.95,76.5,109587,61952,1026
JMFINANCIL,30-MAR-2021,88.4,89.8,86.35,87.45,407567,191101,4441
JOCIL,30-MAR-2021,149.25,149.3,140.2,143.9,11475,8181,298
JPASSOCIAT,30-MAR-2021,7.3,7.4,6.95,7.0,6900503,5248759,13078
JPINFRATEC,30-MAR-2021,1.7,1.7,1.65,1.65,1281568,863111,823
JPPOWER,30-MAR-2021,3.15,3.2,3.1,3.1,38911332,24929854,11417
JSL,30-MAR-2021,66.95,68.3,66.1,67.9,980501,452488,8253
JSLHISAR,30-MAR-2021,120.35,126.15,119.85,123.05,980794,589828,8575
JSWENERGY,30-MAR-2021,89.0,90.4,86.6,87.3,6597444,2383555,34596
JSWHL,30-MAR-2021,3544.75,3699.0,3475.0,3672.3,2117,1073,698
JSWISPL,30-MAR-2021,24.5,25.2,24.3,25.15,484753,419145,1038
JSWSTEEL,30-MAR-2021,455.0,470.2,452.2,467.45,17646211,3913399,163332
JTEKTINDIA,30-MAR-2021,85.5,86.2,84.0,84.15,98253,63022,1291
JUBLFOOD,30-MAR-2021,2909.75,2982.45,2900.6,2955.7,964329,552598,46493
JUBLINDS,30-MAR-2021,188.0,192.9,188.0,189.55,9249,5766,274
JUBLPHARMA,30-MAR-2021,681.55,717.7,668.9,705.75,185104,119465,9559
JUMPNET,30-MAR-2021,9.5,9.5,9.5,9.5,42515,42515,232
JUNIORBEES,30-MAR-2021,368.0,368.0,352.51,357.58,84204,46118,5123
JUSTDIAL,30-MAR-2021,875.95,892.0,862.85,872.9,837155,161988,33366
JYOTHYLAB,30-MAR-2021,138.2,141.7,136.8,137.0,249978,171682,3309
KABRAEXTRU,30-MAR-2021,190.0,192.0,180.3,182.1,98237,56507,3976
KAJARIACER,30-MAR-2021,897.0,946.55,897.0,935.7,269451,122366,16945
KAKATCEM,30-MAR-2021,166.0,170.0,161.2,164.65,13859,5968,900
KALPATPOWR,30-MAR-2021,375.0,380.9,370.45,378.25,73897,43154,3062
KALYANKJIL,30-MAR-2021,75.95,77.9,69.65,70.85,11092972,4400158,100487
KAMATHOTEL,30-MAR-2021,31.5,31.5,29.25,29.45,65881,40639,560
KAMDHENU,30-MAR-2021,137.85,140.8,133.85,136.3,40757,17928,1181
KANANIIND,30-MAR-2021,4.15,4.3,3.9,4.05,42738,17307,97
KANPRPLA,30-MAR-2021,144.7,147.9,142.0,146.45,26105,14246,1519
KANSAINER,30-MAR-2021,571.0,594.5,569.75,591.2,407652,247988,29651
KARDA,30-MAR-2021,113.0,117.95,111.6,117.4,161826,115575,438
KARURVYSYA,30-MAR-2021,55.35,56.7,54.6,55.5,1112401,544471,6308
KAUSHALYA,30-MAR-2021,1.75,1.75,1.7,1.7,13210,13200,28
KAYA,30-MAR-2021,274.1,293.15,274.1,291.65,27278,14236,1100
KCP,30-MAR-2021,85.7,86.35,82.15,82.4,225464,151273,2117
KCPSUGIND,30-MAR-2021,15.05,15.05,14.6,14.75,139229,93952,335
KDDL,30-MAR-2021,285.0,285.0,263.05,265.9,2603,1585,148
KEC,30-MAR-2021,405.0,409.45,382.0,406.0,1720920,866474,35529
KECL,30-MAR-2021,13.0,13.1,12.45,12.55,80528,57858,325
KEERTI,30-MAR-2021,24.7,24.7,23.8,24.1,44419,40478,109
KEI,30-MAR-2021,520.2,534.0,516.65,527.65,252661,91681,21244
KELLTONTEC,30-MAR-2021,66.4,72.6,66.4,71.25,1609358,853058,7326
KENNAMET,30-MAR-2021,1018.0,1053.0,1010.0,1045.85,4785,3542,528
KESORAMIND,30-MAR-2021,71.6,73.0,70.0,70.3,759680,287664,5887
KEYFINSERV,30-MAR-2021,51.85,56.05,51.35,51.9,5103,1385,123
KHADIM,30-MAR-2021,149.0,153.3,146.15,147.2,36858,24662,790
KHAICHEM,30-MAR-2021,21.2,21.85,21.2,21.5,94970,65158,858
KHANDSE,30-MAR-2021,14.5,14.5,14.05,14.05,641,525,12
KICL,30-MAR-2021,1520.05,1557.25,1500.0,1550.35,1520,367,698
KILITCH,30-MAR-2021,79.5,83.75,79.5,81.2,7104,6000,144
KINGFA,30-MAR-2021,597.35,615.85,579.05,583.2,7141,3027,1012
KIOCL,30-MAR-2021,139.3,143.5,134.25,136.6,91896,50261,3911
KIRIINDUS,30-MAR-2021,425.0,427.05,415.0,416.75,84188,46906,2620
KIRLFER,30-MAR-2021,164.2,166.4,161.25,164.1,150525,72359,3071
KIRLOSBROS,30-MAR-2021,225.0,242.9,216.35,235.85,223567,118746,7965
KIRLOSENG,30-MAR-2021,168.15,172.0,165.6,167.7,127929,43048,5697
KIRLOSIND,30-MAR-2021,1255.1,1270.0,1236.05,1248.65,1383,759,212
KITEX,30-MAR-2021,101.0,101.85,99.75,100.15,74466,43289,998
KKCL,30-MAR-2021,915.0,915.0,841.55,865.25,2840,1229,494
KMSUGAR,30-MAR-2021,12.3,12.3,11.65,11.7,175863,117730,471
KNRCON,30-MAR-2021,208.5,209.75,204.0,206.95,319519,161396,9431
KOKUYOCMLN,30-MAR-2021,54.95,56.0,54.4,55.6,147652,77839,1523
KOLTEPATIL,30-MAR-2021,228.05,236.9,224.65,225.6,61723,35053,2666
KOPRAN,30-MAR-2021,102.95,104.55,101.0,102.35,407618,245759,4717
KOTAKBANK,30-MAR-2021,1782.1,1801.95,1775.0,1781.25,5575571,4203635,162547
KOTAKBKETF,30-MAR-2021,341.0,343.22,336.85,340.8,138237,101762,648
KOTAKGOLD,30-MAR-2021,387.7,388.6,385.1,387.25,71341,42914,1878
KOTAKIT,30-MAR-2021,26.0,26.24,25.05,26.18,8206,4597,57
KOTAKNIFTY,30-MAR-2021,156.86,156.86,152.66,154.91,117356,100151,676
KOTAKNV20,30-MAR-2021,78.8,79.24,77.5,78.89,4706,4265,95
KOTAKPSUBK,30-MAR-2021,216.0,226.4,204.13,211.25,44077,33665,1534
KOTARISUG,30-MAR-2021,25.65,30.65,25.55,27.9,1193519,344969,1985
KOTHARIPET,30-MAR-2021,26.35,28.0,26.0,26.3,74068,38137,450
KOTHARIPRO,30-MAR-2021,63.2,64.9,62.95,63.45,4735,3710,85
KPITTECH,30-MAR-2021,182.0,183.7,175.25,179.2,1342103,549676,27233
KPRMILL,30-MAR-2021,1028.65,1100.0,1022.0,1059.65,35165,21462,5770
KRBL,30-MAR-2021,184.05,185.9,181.45,182.95,383505,228742,5951
KREBSBIO,30-MAR-2021,94.3,94.75,87.1,89.55,12128,9639,321
KRIDHANINF,30-MAR-2021,3.75,3.85,3.65,3.75,105525,96668,246
KRISHANA,30-MAR-2021,95.95,100.0,89.5,95.15,18094,10192,463
KSB,30-MAR-2021,895.0,907.9,890.0,896.1,91379,38239,12294
KSCL,30-MAR-2021,491.0,495.8,484.8,488.15,135999,77513,6383
KSL,30-MAR-2021,310.95,322.7,310.95,313.2,74776,27173,3015
KTKBANK,30-MAR-2021,60.8,61.6,60.05,60.3,1465157,826826,15200
KUANTUM,30-MAR-2021,70.0,71.7,65.4,67.55,41664,12033,341
L&TFH,30-MAR-2021,95.7,96.9,93.75,95.65,8646654,2440644,29667
LALPATHLAB,30-MAR-2021,2600.0,2689.5,2589.4,2614.8,355517,120401,30101
LAMBODHARA,30-MAR-2021,50.45,51.6,48.55,49.6,24546,13021,304
LAOPALA,30-MAR-2021,214.1,224.8,214.1,222.9,254368,194474,4647
LASA,30-MAR-2021,61.1,62.95,60.5,60.7,71551,42512,648
LAURUSLABS,30-MAR-2021,360.0,364.0,356.55,360.3,1965562,1085287,21893
LAXMIMACH,30-MAR-2021,6690.0,7000.0,6690.0,6910.0,20935,18072,3705
LEMONTREE,30-MAR-2021,36.5,37.9,35.25,35.7,992587,563019,4386
LFIC,30-MAR-2021,88.55,90.0,80.6,85.05,7738,1717,276
LGBBROSLTD,30-MAR-2021,299.95,305.0,298.0,302.0,39505,23988,2428
LIBERTSHOE,30-MAR-2021,129.25,131.1,127.5,128.3,47584,27739,913
LICHSGFIN,30-MAR-2021,422.0,427.4,414.8,420.55,2478626,549700,41174
LICNETFGSC,30-MAR-2021,21.52,21.73,21.52,21.58,2681,1764,88
LICNETFN50,30-MAR-2021,162.0,164.9,155.0,155.99,739,336,217
LICNETFSEN,30-MAR-2021,552.95,552.95,535.6,542.54,96,51,52
LICNFNHGP,30-MAR-2021,149.9,149.9,145.3,148.5,227,226,17
LIKHITHA,30-MAR-2021,317.0,324.7,311.15,314.2,106279,45304,2699
LINCOLN,30-MAR-2021,229.85,229.85,222.15,222.8,40518,28299,944
LINCPEN,30-MAR-2021,154.0,154.0,145.4,149.1,4061,3418,144
LINDEINDIA,30-MAR-2021,1770.0,1786.0,1715.0,1725.35,69224,34909,5405
LIQUIDBEES,30-MAR-2021,1002.3,1002.3,999.3,999.99,1448303,920504,4587
LIQUIDETF,30-MAR-2021,1000.04,1000.04,999.99,999.99,13572,10624,86
LOTUSEYE,30-MAR-2021,38.55,42.5,38.55,41.6,41521,33976,385
LOVABLE,30-MAR-2021,84.0,85.1,82.0,82.2,13523,9125,363
LT,30-MAR-2021,1408.0,1428.2,1395.55,1423.55,2801283,1259476,101440
LTI,30-MAR-2021,3995.0,4244.0,3919.0,4163.0,354360,171153,34865
LTTS,30-MAR-2021,2590.0,2656.0,2550.0,2640.65,268490,106980,20502
LUMAXIND,30-MAR-2021,1630.0,1649.9,1612.35,1627.65,3011,1490,505
LUMAXTECH,30-MAR-2021,152.3,159.0,152.3,155.4,45755,21878,3455
LUPIN,30-MAR-2021,989.9,1009.85,985.0,1005.9,1875762,677049,38064
LUXIND,30-MAR-2021,1810.0,1836.8,1726.0,1738.0,370607,316616,9854
LXCHEM,30-MAR-2021,190.3,191.95,171.1,175.05,8839565,2761811,131583
LYPSAGEMS,30-MAR-2021,4.6,4.7,4.4,4.6,8753,7415,61
M&M,30-MAR-2021,805.55,805.55,783.0,795.0,5671140,2574339,115389
M&MFIN,30-MAR-2021,208.5,208.95,198.7,199.9,8141329,2798846,52912
M100,30-MAR-2021,25.5,25.5,24.41,24.78,70045,43087,1658
M50,30-MAR-2021,145.55,145.55,142.1,143.26,414,286,56
MAANALU,30-MAR-2021,141.4,150.7,141.4,146.2,22301,11574,642
MADHAV,30-MAR-2021,49.6,49.6,46.4,47.1,7966,5210,174
MAESGETF,30-MAR-2021,25.48,25.48,24.03,25.25,21059,16363,59
MAGADSUGAR,30-MAR-2021,102.65,103.4,98.5,102.25,38004,29534,344
MAGMA,30-MAR-2021,111.45,113.2,104.85,104.9,1125578,735120,5952
MAHABANK,30-MAR-2021,21.0,21.2,20.15,20.75,4503030,2000306,8114
MAHASTEEL,30-MAR-2021,75.95,87.35,74.95,87.35,183198,76225,2046
MAHEPC,30-MAR-2021,147.9,147.9,143.5,143.95,81128,45694,1553
MAHESHWARI,30-MAR-2021,78.0,80.75,76.15,76.65,12074,9322,235
MAHINDCIE,30-MAR-2021,165.0,165.95,160.05,162.9,219177,93075,6105
MAHLIFE,30-MAR-2021,557.05,566.6,536.85,561.1,46975,34347,2552
MAHLOG,30-MAR-2021,558.0,576.45,532.65,564.25,47880,20414,2684
MAHSCOOTER,30-MAR-2021,3537.6,3603.1,3490.0,3579.8,6231,4417,1613
MAHSEAMLES,30-MAR-2021,279.9,282.0,276.4,279.4,48710,23305,1673
MAITHANALL,30-MAR-2021,545.0,548.8,538.3,542.35,60470,38969,2447
MALUPAPER,30-MAR-2021,26.5,26.9,25.9,26.15,6569,4478,102
MAN50ETF,30-MAR-2021,155.25,155.25,149.45,151.55,3382,2864,106
MANAKALUCO,30-MAR-2021,9.0,9.0,8.4,8.6,5790,4292,43
MANAKCOAT,30-MAR-2021,13.3,13.3,12.35,12.35,132450,24450,191
MANAKSIA,30-MAR-2021,49.95,51.7,49.45,50.25,45740,30536,361
MANAKSTEEL,30-MAR-2021,21.5,22.55,21.5,22.55,16022,13522,92
MANALIPETC,30-MAR-2021,61.0,62.1,59.15,59.8,570845,315242,4909
MANAPPURAM,30-MAR-2021,153.4,153.4,148.65,149.85,2636487,1148418,23815
MANGALAM,30-MAR-2021,109.95,109.95,102.1,104.15,43777,31129,853
MANGCHEFER,30-MAR-2021,72.1,75.5,72.1,72.95,353382,200073,3117
MANGLMCEM,30-MAR-2021,282.0,285.0,275.1,278.25,36943,19269,1799
MANGTIMBER,30-MAR-2021,11.9,11.95,10.85,11.3,14686,11505,53
MANINDS,30-MAR-2021,77.4,79.65,77.15,77.65,99937,52875,1023
MANINFRA,30-MAR-2021,39.6,41.8,38.6,40.7,1037901,242843,3737
MANUGRAPH,30-MAR-2021,12.15,12.15,11.7,11.85,5541,3683,63
MANXT50,30-MAR-2021,385.0,385.0,337.73,339.87,3628,3463,61
MARATHON,30-MAR-2021,64.2,64.45,62.1,64.0,331994,145998,517
MARICO,30-MAR-2021,403.55,409.95,403.1,408.2,1467853,802982,38248
MARINE,30-MAR-2021,69.8,69.8,64.0,64.7,304446,177820,2154
MARKSANS,30-MAR-2021,49.55,50.45,49.45,49.65,864469,570273,5581
MARUTI,30-MAR-2021,6811.0,6875.0,6740.0,6851.8,1088917,518822,105581
MASFIN,30-MAR-2021,863.0,879.8,854.1,865.85,13570,9078,1040
MASTEK,30-MAR-2021,1179.4,1211.1,1170.0,1195.5,198994,58932,13067
MATRIMONY,30-MAR-2021,984.9,997.7,936.0,945.3,21278,9818,4375
MAWANASUG,30-MAR-2021,35.6,36.8,35.05,35.5,20870,12466,171
MAXHEALTH,30-MAR-2021,200.7,208.45,198.75,205.1,361972,237721,21007
MAXIND,30-MAR-2021,63.55,64.3,63.55,64.1,110918,90400,421
MAXVIL,30-MAR-2021,56.85,57.75,55.6,56.25,81492,46933,708
MAYURUNIQ,30-MAR-2021,411.5,418.7,410.25,413.55,33383,19469,1332
MAZDA,30-MAR-2021,475.0,479.5,451.0,452.2,5886,3936,433
MAZDOCK,30-MAR-2021,215.0,215.5,210.0,210.4,406791,123066,7440
MBLINFRA,30-MAR-2021,21.7,21.7,20.15,20.2,76693,50556,273
MCDHOLDING,30-MAR-2021,42.0,42.2,40.75,40.8,6885,5357,122
MCDOWELL-N,30-MAR-2021,560.2,560.95,550.75,552.95,1196786,618448,26953
MCL,30-MAR-2021,93.4,93.4,88.25,91.4,9625,7569,106
MCLEODRUSS,30-MAR-2021,20.05,20.4,18.9,19.15,411761,291526,800
MCX,30-MAR-2021,1570.0,1579.15,1525.0,1529.45,131205,68217,10335
MEGASOFT,30-MAR-2021,9.7,9.9,9.5,9.7,37923,29904,191
MEGH,30-MAR-2021,116.4,121.55,114.85,116.75,2566948,947526,18637
MENONBE,30-MAR-2021,54.7,54.75,53.25,53.55,10234,7718,262
MEP,30-MAR-2021,16.45,16.5,15.7,16.0,245206,201471,454
METROPOLIS,30-MAR-2021,2111.0,2279.95,2100.1,2245.65,307017,117765,27093
MFSL,30-MAR-2021,865.0,884.9,857.5,867.15,575841,241222,22032
MGEL,30-MAR-2021,46.0,46.45,44.5,46.1,6820,5814,35
MGL,30-MAR-2021,1137.05,1164.85,1137.05,1160.8,257210,79773,16307
MHRIL,30-MAR-2021,213.0,213.8,205.15,206.7,76917,47988,1710
MIDHANI,30-MAR-2021,178.2,180.35,176.0,176.95,402578,212220,5725
MINDACORP,30-MAR-2021,97.9,99.25,91.6,98.8,516956,196911,7535
MINDAIND,30-MAR-2021,562.0,568.7,545.65,554.35,224243,102653,17155
MINDTECK,30-MAR-2021,43.4,43.7,41.25,42.55,11548,6362,246
MINDTREE,30-MAR-2021,2005.0,2158.95,1990.0,2130.0,2339287,538762,77321
MIRZAINT,30-MAR-2021,46.4,47.5,46.0,46.3,310370,150193,3861
MITTAL,30-MAR-2021,10.7,10.7,10.2,10.2,35894,28246,144
MMFL,30-MAR-2021,510.0,510.0,487.0,488.5,6828,4026,430
MMP,30-MAR-2021,83.0,89.0,80.3,87.0,163150,160514,238
MMTC,30-MAR-2021,44.95,44.95,43.35,43.55,2270043,784211,8065
MOHITIND,30-MAR-2021,9.6,9.8,9.2,9.75,15120,9806,57
MOIL,30-MAR-2021,139.0,159.4,138.0,156.1,7158933,860527,78625
MOLDTECH,30-MAR-2021,40.3,41.45,38.8,39.15,13158,8418,256
MOLDTKPAC,30-MAR-2021,394.9,405.0,389.9,393.2,25503,12138,1430
MONTECARLO,30-MAR-2021,225.0,228.8,221.25,223.55,26965,17246,1555
MORARJEE,30-MAR-2021,14.5,14.85,13.95,14.7,10876,9235,109
MOREPENLAB,30-MAR-2021,32.25,32.55,31.55,31.7,1677675,838094,3881
MOTHERSUMI,30-MAR-2021,200.8,207.75,200.2,202.1,15231406,5452327,108461
MOTILALOFS,30-MAR-2021,639.85,643.3,631.3,634.3,53047,26424,4381
MOTOGENFIN,30-MAR-2021,23.1,24.6,22.4,24.6,49291,33577,359
MPHASIS,30-MAR-2021,1643.0,1798.75,1637.0,1778.85,845092,399321,39603
MPSLTD,30-MAR-2021,440.0,445.0,435.2,437.85,8260,4707,624
MRF,30-MAR-2021,82511.0,83946.0,81325.05,83185.3,34009,15142,15950
MRPL,30-MAR-2021,39.0,39.45,38.8,39.2,1274638,651717,4184
MSPL,30-MAR-2021,7.35,7.8,7.1,7.35,53439,35968,164
MSTCLTD,30-MAR-2021,301.5,304.0,294.0,295.1,384390,135337,10363
MTARTECH,30-MAR-2021,1026.0,1033.0,991.0,1011.05,248858,90384,15300
MTEDUCARE,30-MAR-2021,6.55,6.8,6.45,6.55,129649,102187,306
MTNL,30-MAR-2021,20.4,20.55,19.1,19.25,1896376,964427,4497
MUKANDENGG,30-MAR-2021,13.1,14.45,13.1,14.45,6964,4538,41
MUKANDLTD,30-MAR-2021,62.0,69.0,62.0,69.0,601152,292719,2901
MUKTAARTS,30-MAR-2021,28.45,28.55,28.0,28.1,13208,11565,84
MUNJALAU,30-MAR-2021,54.3,54.85,53.9,54.05,151008,55325,2029
MUNJALSHOW,30-MAR-2021,140.95,141.3,138.4,138.8,29153,22129,638
MURUDCERA,30-MAR-2021,19.5,19.5,18.8,19.0,48710,33420,275
MUTHOOTCAP,30-MAR-2021,382.0,389.35,373.0,375.35,30625,15418,2155
MUTHOOTFIN,30-MAR-2021,1238.6,1251.15,1198.35,1210.05,973544,328071,34794
N100,30-MAR-2021,939.9,939.9,924.02,933.85,34298,21261,1872
NACLIND,30-MAR-2021,37.05,38.0,37.05,37.8,40422,24324,383
NAGREEKCAP,30-MAR-2021,5.95,5.95,5.95,5.95,1233,1233,3
NAGREEKEXP,30-MAR-2021,16.3,16.8,16.0,16.1,2733,2137,38
NAHARCAP,30-MAR-2021,103.0,109.45,103.0,104.75,18169,8988,531
NAHARINDUS,30-MAR-2021,44.45,45.9,44.25,44.55,55200,4088,475
NAHARPOLY,30-MAR-2021,113.6,115.9,109.0,111.05,46484,20827,1094
NAHARSPING,30-MAR-2021,110.0,110.0,102.05,104.1,34537,24957,365
NAM-INDIA,30-MAR-2021,330.9,337.8,330.6,336.2,500186,238572,9797
NATCOPHARM,30-MAR-2021,806.0,829.1,805.45,821.4,250711,150116,12412
NATHBIOGEN,30-MAR-2021,309.0,311.0,297.0,299.5,10352,5240,486
NATIONALUM,30-MAR-2021,54.5,55.25,53.9,54.2,12385176,3056905,22246
NAUKRI,30-MAR-2021,4480.05,4531.35,4023.9,4158.45,1748909,806069,114051
NAVINFLUOR,30-MAR-2021,2454.0,2744.0,2450.0,2718.45,607828,114564,53949
NAVKARCORP,30-MAR-2021,33.35,34.7,31.75,32.25,733659,351283,3518
NAVNETEDUL,30-MAR-2021,81.75,82.55,80.15,81.1,221677,156458,3218
NAZARA,30-MAR-2021,1990.0,2024.9,1592.0,1592.0,7491764,2748976,500837
NBCC,30-MAR-2021,46.9,48.8,46.0,47.9,9832813,4350504,33403
NBIFIN,30-MAR-2021,1863.0,1908.35,1852.05,1890.55,246,141,83
NBVENTURES,30-MAR-2021,70.3,70.5,69.85,70.0,782225,600264,5047
NCC,30-MAR-2021,80.95,83.0,79.05,80.1,5215439,2122349,23897
NCLIND,30-MAR-2021,162.0,165.75,162.0,163.6,137982,76877,2709
NCPSESDL24,30-MAR-2021,103.12,103.15,103.03,103.12,43521,43378,27
NDGL,30-MAR-2021,731.05,759.0,711.0,737.25,108,36,36
NDL,30-MAR-2021,33.2,34.05,31.2,31.55,18573,12310,203
NDRAUTO,30-MAR-2021,192.0,195.95,186.0,186.6,7863,6355,247
NDTV,30-MAR-2021,59.0,59.5,56.1,57.45,34174,23145,353
NECCLTD,30-MAR-2021,8.1,8.7,8.1,8.3,25887,23846,109
NECLIFE,30-MAR-2021,18.8,19.25,18.6,19.1,258896,170219,797
NELCAST,30-MAR-2021,65.0,66.3,60.1,62.9,54943,40423,693
NELCO,30-MAR-2021,193.4,195.45,189.65,191.2,61761,30597,1544
NEOGEN,30-MAR-2021,797.0,801.9,782.1,786.9,23897,12687,2375
NESCO,30-MAR-2021,521.95,526.65,517.7,520.3,52229,33558,3393
NESTLEIND,30-MAR-2021,16610.0,17253.55,16610.0,17165.0,148903,70024,38724
NETF,30-MAR-2021,176.25,176.25,176.25,176.25,122,120,30
NETFCONSUM,30-MAR-2021,64.0,65.8,63.51,64.68,4007,3341,94
NETFDIVOPP,30-MAR-2021,38.85,39.0,36.17,37.24,34323,28268,120
NETFIT,30-MAR-2021,26.0,27.1,25.81,26.84,862517,609574,3529
NETFLTGILT,30-MAR-2021,21.96,22.4,21.96,22.0,18238,13925,225
NETFMID150,30-MAR-2021,90.29,90.5,88.66,90.41,152900,109508,684
NETFNIF100,30-MAR-2021,151.1,155.99,151.1,155.98,228,190,47
NETFNV20,30-MAR-2021,82.4,86.0,78.02,80.37,6978,3432,234
NETWORK18,30-MAR-2021,37.8,38.3,36.1,36.4,1510562,818573,6874
NEULANDLAB,30-MAR-2021,2070.0,2149.4,1953.55,2106.5,112787,66952,9736
NEWGEN,30-MAR-2021,289.0,293.0,285.05,287.2,41826,19365,2547
NEXTMEDIA,30-MAR-2021,3.65,3.65,3.65,3.65,14717,14717,36
NFL,30-MAR-2021,55.65,57.4,54.05,55.6,2008188,436839,9736
NH,30-MAR-2021,387.0,407.5,385.2,403.7,222574,172127,4431
NHPC,30-MAR-2021,23.3,26.0,23.3,25.05,13881569,7912931,17188
NIACL,30-MAR-2021,153.6,156.0,150.55,151.9,556205,198334,8866
NIBL,30-MAR-2021,18.15,18.15,18.15,18.15,2564,2564,12
NIFTYBEES,30-MAR-2021,179.88,179.88,153.81,158.42,3007515,1957890,17165
NIITLTD,30-MAR-2021,148.0,149.05,138.0,139.1,728452,465397,17174
NILKAMAL,30-MAR-2021,1940.7,1990.0,1921.1,1970.85,20691,11362,2406
NIPPOBATRY,30-MAR-2021,700.0,746.6,700.0,714.95,763,484,138
NIRAJ,30-MAR-2021,41.5,44.8,41.5,44.25,2715,2180,115
NITCO,30-MAR-2021,19.8,19.8,19.05,19.15,32092,22083,220
NITINSPIN,30-MAR-2021,82.4,82.9,80.2,81.35,40948,28175,433
NKIND,30-MAR-2021,24.0,25.1,24.0,24.0,668,501,18
NLCINDIA,30-MAR-2021,49.15,52.8,49.1,51.4,1613422,992645,7898
NMDC,30-MAR-2021,128.45,133.85,127.7,132.55,19986524,10266356,52760
NOCIL,30-MAR-2021,180.0,180.35,172.5,174.1,522158,262148,7120
NORBTEAEXP,30-MAR-2021,6.2,6.4,6.1,6.1,4096,4056,31
NOVARTIND,30-MAR-2021,558.9,558.95,530.05,551.9,23916,20851,623
NPBET,30-MAR-2021,180.9,180.9,176.0,179.82,50,25,14
NRAIL,30-MAR-2021,244.0,244.0,231.9,237.9,13251,9074,473
NRBBEARING,30-MAR-2021,108.2,109.65,106.8,107.7,161469,106401,4810
NSIL,30-MAR-2021,1019.95,1041.05,1011.0,1020.55,1049,830,155
NTL,30-MAR-2021,0.7,0.7,0.7,0.7,46545,46545,17
NTPC,30-MAR-2021,105.85,108.7,104.6,107.7,36130210,16728815,97440
NUCLEUS,30-MAR-2021,497.0,501.5,487.0,489.55,39935,24200,2413
NURECA,30-MAR-2021,605.0,619.35,591.9,612.25,27762,16597,1469
NXTDIGITAL,30-MAR-2021,456.0,489.0,451.0,460.45,3540,1556,398
OAL,30-MAR-2021,562.0,593.0,562.0,577.0,24853,16273,1388
OBEROIRLTY,30-MAR-2021,563.0,570.95,547.0,555.95,858395,687634,28917
OCCL,30-MAR-2021,907.05,935.45,905.4,925.15,4095,2034,649
OFSS,30-MAR-2021,3125.0,3747.0,3105.45,3356.75,381370,253909,24351
OIL,30-MAR-2021,118.95,129.0,118.7,124.0,2883594,1571343,20516
OLECTRA,30-MAR-2021,211.0,221.1,210.85,214.05,372164,153818,6613
OMAXAUTO,30-MAR-2021,43.7,44.7,42.15,42.35,35313,24181,619
OMAXE,30-MAR-2021,69.5,70.35,68.0,69.1,132336,69366,985
OMINFRAL,30-MAR-2021,21.6,22.45,21.1,22.3,79370,61919,413
ONEPOINT,30-MAR-2021,12.85,12.95,12.35,12.95,22781,19553,77
ONGC,30-MAR-2021,104.05,106.3,102.6,103.5,31843605,11790760,110924
ONMOBILE,30-MAR-2021,98.55,99.25,91.4,92.4,652445,363559,8706
ONWARDTEC,30-MAR-2021,113.5,116.25,112.05,113.45,28980,13588,831
OPTIEMUS,30-MAR-2021,130.0,134.9,124.1,124.45,90923,58155,1080
ORBTEXP,30-MAR-2021,60.95,60.95,57.35,57.65,21165,17371,328
ORIENTABRA,30-MAR-2021,21.25,21.4,20.65,20.75,37665,24005,293
ORIENTALTL,30-MAR-2021,6.25,6.3,5.95,6.05,28818,23635,148
ORIENTBELL,30-MAR-2021,212.15,216.95,204.2,206.1,25934,16251,651
ORIENTCEM,30-MAR-2021,97.25,100.0,95.5,96.65,362743,192297,3186
ORIENTELEC,30-MAR-2021,317.9,319.8,309.25,310.35,397442,151876,17668
ORIENTHOT,30-MAR-2021,23.0,23.0,21.75,21.9,31203,24534,291
ORIENTLTD,30-MAR-2021,78.0,81.95,77.05,78.35,783,642,46
ORIENTPPR,30-MAR-2021,26.75,26.75,24.75,24.95,1248015,600244,4061
ORIENTREF,30-MAR-2021,235.2,237.9,225.15,228.2,47442,24934,1746
ORISSAMINE,30-MAR-2021,2355.0,2502.0,2310.05,2435.4,20608,11291,2983
OSWALAGRO,30-MAR-2021,10.0,10.45,9.85,10.15,118455,61440,663
PAGEIND,30-MAR-2021,30296.0,31179.45,30250.0,30984.4,56267,20502,21960
PAISALO,30-MAR-2021,790.3,815.0,780.1,791.25,14682,8814,1127
PALASHSECU,30-MAR-2021,47.9,47.9,44.65,47.75,12,10,3
PANACEABIO,30-MAR-2021,182.85,184.2,179.0,179.35,58372,33850,1407
PANACHE,30-MAR-2021,64.0,64.15,57.5,60.5,33926,13728,511
PANAMAPET,30-MAR-2021,149.75,152.85,144.0,148.15,56540,34528,1135
PARACABLES,30-MAR-2021,8.25,8.6,8.25,8.3,93441,70814,212
PARAGMILK,30-MAR-2021,102.6,103.95,99.0,99.4,411416,242386,4429
PATELENG,30-MAR-2021,12.45,12.7,11.8,11.95,358792,225437,858
PATINTLOG,30-MAR-2021,17.25,17.4,16.05,16.6,194211,133634,1239
PATSPINLTD,30-MAR-2021,4.95,5.2,4.85,5.0,16173,14909,51
PCJEWELLER,30-MAR-2021,27.2,27.65,26.95,27.25,873702,633977,2153
PDMJEPAPER,30-MAR-2021,24.4,24.9,23.4,23.5,52355,41369,312
PDSMFL,30-MAR-2021,683.95,683.95,655.0,661.95,2891,2375,320
PEARLPOLY,30-MAR-2021,14.35,14.35,13.95,14.05,2361,2144,23
PEL,30-MAR-2021,1833.9,1841.8,1757.95,1764.7,1019808,365368,56086
PENIND,30-MAR-2021,16.95,17.0,16.3,16.55,263462,204500,669
PENINLAND,30-MAR-2021,7.75,7.75,7.75,7.75,482648,482648,118
PERSISTENT,30-MAR-2021,1827.6,1940.0,1822.65,1922.6,140717,72340,19713
PETRONET,30-MAR-2021,226.1,230.9,225.75,226.95,3915487,2557941,39850
PFC,30-MAR-2021,116.4,116.4,110.2,111.1,12662131,7937944,46016
PFIZER,30-MAR-2021,4405.0,4490.95,4385.0,4470.0,36556,17591,6688
PFOCUS,30-MAR-2021,60.55,61.95,57.9,58.55,43812,28684,586
PFS,30-MAR-2021,18.5,18.5,17.6,17.85,654336,398016,1539
PGHH,30-MAR-2021,12610.2,12925.0,12110.0,12383.1,17584,11611,5418
PGHL,30-MAR-2021,6230.0,6350.0,6150.0,6290.05,17320,11479,5281
PGIL,30-MAR-2021,178.7,178.7,172.25,172.25,1371,1080,66
PHILIPCARB,30-MAR-2021,194.85,194.85,185.6,187.55,500960,284998,10996
PHOENIXLTD,30-MAR-2021,783.0,816.0,752.0,789.95,570886,398466,58345
PIDILITIND,30-MAR-2021,1832.0,1838.3,1810.1,1826.45,624454,320738,35914
PIIND,30-MAR-2021,2275.0,2303.2,2270.1,2275.2,231739,171403,15008
PILANIINVS,30-MAR-2021,1607.2,1620.5,1536.0,1567.45,20653,13359,2204
PILITA,30-MAR-2021,17.2,17.7,16.2,16.3,91238,35339,282
PIONDIST,30-MAR-2021,111.9,111.9,107.0,107.35,10183,8070,86
PIONEEREMB,30-MAR-2021,38.65,43.0,37.85,41.15,119079,64438,934
PITTIENG,30-MAR-2021,67.0,68.4,65.15,67.55,193500,31475,2093
PLASTIBLEN,30-MAR-2021,230.35,232.75,227.2,231.15,6149,5206,222
PNB,30-MAR-2021,36.4,36.7,35.8,36.15,94892266,14911256,87402
PNBGILTS,30-MAR-2021,48.35,48.35,47.1,47.45,244100,148434,1345
PNBHOUSING,30-MAR-2021,380.0,383.8,372.25,381.3,202616,78164,9700
PNCINFRA,30-MAR-2021,255.0,264.8,250.05,260.95,1292429,941127,21535
PODDARMENT,30-MAR-2021,191.55,192.95,187.55,188.25,4685,3010,178
POKARNA,30-MAR-2021,263.0,265.3,254.6,258.5,151481,65526,7721
POLYCAB,30-MAR-2021,1403.0,1409.8,1365.0,1377.65,449575,194929,26618
POLYMED,30-MAR-2021,815.45,824.5,800.25,818.45,89233,36688,9323
POLYPLEX,30-MAR-2021,825.0,849.0,820.05,840.5,41472,27958,4290
PONNIERODE,30-MAR-2021,150.6,150.6,148.0,148.15,1111,926,72
POWERGRID,30-MAR-2021,216.9,223.7,215.4,221.35,29997550,14623539,142060
POWERINDIA,30-MAR-2021,1352.95,1380.05,1341.1,1365.5,17391,10060,2016
POWERMECH,30-MAR-2021,551.25,576.0,551.25,570.35,144018,81358,4901
PPAP,30-MAR-2021,200.0,200.75,187.25,192.45,95954,63522,3357
PPL,30-MAR-2021,124.0,125.7,121.35,124.05,187773,87786,5125
PRABHAT,30-MAR-2021,93.7,94.45,87.05,92.1,436222,283526,2858
PRAENG,30-MAR-2021,8.0,8.25,7.75,8.25,34467,27543,89
PRAJIND,30-MAR-2021,189.8,198.5,187.2,194.2,2347484,707731,25117
PRAKASH,30-MAR-2021,66.4,67.5,65.75,65.95,1232650,627697,7867
PRAKASHSTL,30-MAR-2021,0.8,0.8,0.75,0.75,131514,71692,153
PRECAM,30-MAR-2021,40.75,41.4,40.0,40.15,67583,42149,761
PRECOT,30-MAR-2021,105.95,106.55,102.7,105.55,6757,6073,83
PRECWIRE,30-MAR-2021,200.2,203.15,193.65,194.8,22140,12237,704
PREMIERPOL,30-MAR-2021,38.0,38.9,35.5,36.3,1976,1175,76
PRESSMN,30-MAR-2021,21.6,22.25,21.35,21.45,118394,114486,204
PRESTIGE,30-MAR-2021,311.15,312.0,294.5,309.15,427081,257390,10663
PRICOLLTD,30-MAR-2021,68.35,69.25,65.65,66.5,631532,241919,6601
PRINCEPIPE,30-MAR-2021,411.65,424.9,409.0,417.65,357717,170461,13195
PRIVISCL,30-MAR-2021,875.95,920.0,850.0,857.6,63879,26629,5532
PROZONINTU,30-MAR-2021,17.3,17.5,16.8,16.9,194323,147330,646
PRSMJOHNSN,30-MAR-2021,128.5,130.3,127.5,129.0,2764085,2550422,6369
PSB,30-MAR-2021,16.5,16.95,16.1,16.8,661108,449174,1521
PSPPROJECT,30-MAR-2021,469.25,469.45,451.75,458.6,93004,43303,2899
PSUBNKBEES,30-MAR-2021,23.3,24.0,22.95,23.46,978462,868899,962
PTC,30-MAR-2021,79.65,80.0,79.15,79.65,760330,497539,10348
PTL,30-MAR-2021,39.75,39.85,38.5,38.7,27279,12211,184
PUNJABCHEM,30-MAR-2021,914.9,915.05,886.0,889.45,2605,1127,285
PURVA,30-MAR-2021,70.95,73.55,70.75,71.25,86473,38675,930
PVR,30-MAR-2021,1199.5,1310.7,1193.85,1246.85,2323331,452965,71082
QGOLDHALF,30-MAR-2021,1905.0,1924.4,1905.0,1918.05,420,379,69
QNIFTY,30-MAR-2021,1548.09,1548.09,1517.0,1527.0,16,6,12
QUESS,30-MAR-2021,689.05,700.0,679.0,694.6,255891,171156,23279
QUICKHEAL,30-MAR-2021,185.2,195.0,185.2,187.2,321923,115287,6003
RADICO,30-MAR-2021,565.0,577.0,559.25,563.85,329951,144538,8238
RADIOCITY,30-MAR-2021,23.85,24.05,23.25,23.5,151530,107892,260
RAILTEL,30-MAR-2021,128.35,129.9,125.7,127.65,1645993,800551,25411
RAIN,30-MAR-2021,143.05,148.4,141.65,143.75,2357830,747886,27221
RAJESHEXPO,30-MAR-2021,476.65,483.0,473.0,477.6,229716,113634,10231
RAJRATAN,30-MAR-2021,803.0,803.0,771.15,777.0,7121,4748,602
RAJTV,30-MAR-2021,31.75,31.9,31.1,31.6,2071,1431,72
RALLIS,30-MAR-2021,267.9,267.9,260.25,261.25,270456,125516,5377
RAMANEWS,30-MAR-2021,15.95,17.15,15.95,16.9,84866,56091,466
RAMCOCEM,30-MAR-2021,959.0,992.0,958.8,985.7,431068,166575,14676
RAMCOIND,30-MAR-2021,257.1,269.25,256.05,256.25,32531,22377,1210
RAMCOSYS,30-MAR-2021,529.0,551.6,529.0,545.9,77320,36625,4391
RAMKY,30-MAR-2021,76.1,78.95,73.55,75.1,40849,20226,636
RANASUG,30-MAR-2021,9.95,10.15,9.65,9.7,1639750,1077339,3355
RANEENGINE,30-MAR-2021,260.0,270.0,258.0,259.6,6164,2578,326
RANEHOLDIN,30-MAR-2021,580.0,614.8,580.0,596.1,20539,7300,1457
RATNAMANI,30-MAR-2021,1874.0,1909.0,1861.0,1889.5,9567,6069,1472
RAYMOND,30-MAR-2021,358.75,366.4,355.0,358.9,939524,301237,14852
RBL,30-MAR-2021,783.35,807.1,776.9,799.1,6994,3250,837
RBLBANK,30-MAR-2021,213.0,214.4,206.95,208.05,10298178,3211047,66254
RCF,30-MAR-2021,76.8,81.5,73.9,78.7,3653359,1108021,23468
RCOM,30-MAR-2021,1.75,1.75,1.65,1.65,9526368,5266488,5465
RECLTD,30-MAR-2021,132.0,133.1,127.8,128.55,5197773,2459757,39280
REDINGTON,30-MAR-2021,166.9,191.45,153.65,187.2,5734720,663984,86838
REFEX,30-MAR-2021,84.5,92.0,84.3,91.2,582901,210788,5485
RELAXO,30-MAR-2021,885.0,909.0,875.15,882.25,219693,69644,13315
RELCAPITAL,30-MAR-2021,11.3,11.4,10.65,10.8,1469780,850936,6004
RELIANCE,30-MAR-2021,2008.0,2048.9,1991.55,2029.3,9433850,3802211,230499
RELIGARE,30-MAR-2021,86.0,87.8,85.3,86.3,293390,174010,2126
RELINFRA,30-MAR-2021,37.0,37.3,35.15,35.55,1792401,895971,5788
REMSONSIND,30-MAR-2021,134.65,148.75,134.65,145.55,2000,1240,74
RENUKA,30-MAR-2021,9.4,9.65,9.3,9.35,2484319,1103547,1468
REPCOHOME,30-MAR-2021,329.8,335.0,327.1,331.55,119965,84165,8978
REPL,30-MAR-2021,203.0,213.55,194.0,204.95,20697,17437,451
REPRO,30-MAR-2021,356.5,356.5,342.8,350.4,9114,5344,473
RESPONIND,30-MAR-2021,161.9,170.0,159.15,164.85,46079,10955,1858
REVATHI,30-MAR-2021,469.55,491.9,457.2,460.6,3880,2628,373
RGL,30-MAR-2021,302.3,304.0,286.25,287.65,3623,2079,156
RHFL,30-MAR-2021,2.35,2.4,2.3,2.3,1022970,668758,1084
RICOAUTO,30-MAR-2021,36.8,36.8,35.15,35.6,857091,773101,1262
RIIL,30-MAR-2021,367.1,369.8,365.0,365.9,106515,34495,3059
RITES,30-MAR-2021,243.05,244.9,240.0,241.55,195201,122326,4437
RKDL,30-MAR-2021,7.75,7.75,7.45,7.5,2430,1277,44
RKEC,30-MAR-2021,64.8,64.8,60.5,60.55,30407,27881,167
RKFORGE,30-MAR-2021,496.0,514.0,486.55,510.2,57489,45966,1125
RML,30-MAR-2021,365.0,378.0,362.0,367.6,25323,9703,1205
ROHLTD,30-MAR-2021,65.4,65.4,62.0,62.75,41131,27668,582
ROLTA,30-MAR-2021,3.6,3.6,3.4,3.4,627598,419108,5156
ROSSARI,30-MAR-2021,1041.0,1050.7,1027.85,1043.65,41863,18924,7615
ROSSELLIND,30-MAR-2021,106.0,110.9,105.15,107.2,11597,9091,261
ROUTE,30-MAR-2021,1477.8,1477.9,1415.0,1424.6,249201,101692,22362
RPGLIFE,30-MAR-2021,365.4,374.7,359.75,368.0,23086,10459,1260
RPOWER,30-MAR-2021,4.8,4.8,4.5,4.55,18703411,12714467,13421
RPPINFRA,30-MAR-2021,60.15,61.85,57.3,57.75,41607,30000,482
RPSGVENT,30-MAR-2021,343.0,344.6,331.1,340.4,33032,23504,1225
RSSOFTWARE,30-MAR-2021,25.65,25.65,24.6,24.85,18236,11930,239
RSWM,30-MAR-2021,188.9,195.45,185.0,187.95,6394,4654,201
RSYSTEMS,30-MAR-2021,114.7,114.75,113.0,113.65,12893,10971,202
RTNINFRA,30-MAR-2021,5.3,5.45,4.85,4.9,2065051,1581541,2876
RTNPOWER,30-MAR-2021,2.65,2.7,2.6,2.65,5086235,2353432,4129
RUBYMILLS,30-MAR-2021,170.15,172.95,163.1,167.0,9528,7207,299
RUCHI,30-MAR-2021,655.0,655.0,640.55,642.4,16895,10730,1854
RUCHIRA,30-MAR-2021,63.0,64.6,62.5,63.35,66571,55341,337
RUPA,30-MAR-2021,309.5,314.0,305.25,307.45,51108,23851,2805
RUSHIL,30-MAR-2021,226.0,233.7,212.4,212.8,48400,30713,1340
RVHL,30-MAR-2021,17.0,17.2,16.15,16.2,28670,23501,234
RVNL,30-MAR-2021,29.95,30.4,29.5,29.6,9457623,3592514,22997
SABEVENTS,30-MAR-2021,1.25,1.3,1.25,1.3,1321,1321,9
SADBHAV,30-MAR-2021,62.25,64.4,62.25,62.85,320934,158659,2557
SADBHIN,30-MAR-2021,19.95,20.7,19.6,19.7,237166,120964,883
SAFARI,30-MAR-2021,612.7,612.7,595.0,598.55,8215,5320,670
SAGARDEEP,30-MAR-2021,33.1,33.1,29.3,31.3,37270,35232,190
SAGCEM,30-MAR-2021,723.0,724.45,705.5,715.3,5522,3109,421
SAIL,30-MAR-2021,78.45,81.0,78.0,79.15,90702901,20583614,169984
SAKAR,30-MAR-2021,115.0,118.95,107.05,109.7,134769,85541,1878
SAKHTISUG,30-MAR-2021,9.0,9.8,8.95,9.5,234508,108069,756
SAKSOFT,30-MAR-2021,366.0,370.15,353.3,360.65,25729,16122,1225
SAKUMA,30-MAR-2021,4.8,4.85,4.6,4.7,232139,157971,461
SALASAR,30-MAR-2021,365.1,369.75,340.85,349.9,67770,25887,2401
SALONA,30-MAR-2021,93.8,97.9,93.8,95.6,78,18,14
SALSTEEL,30-MAR-2021,3.15,3.3,3.0,3.25,79974,61611,121
SALZERELEC,30-MAR-2021,131.0,132.0,126.0,127.65,49718,22613,1494
SAMBHAAV,30-MAR-2021,2.2,2.2,2.0,2.1,56894,43595,84
SANCO,30-MAR-2021,7.6,7.85,7.25,7.25,75219,69177,342
SANDESH,30-MAR-2021,670.7,678.3,650.7,656.1,1284,621,248
SANDHAR,30-MAR-2021,210.0,212.0,205.0,206.05,30006,18397,1002
SANGHIIND,30-MAR-2021,41.45,43.35,41.1,42.5,1641419,878228,7152
SANGHVIMOV,30-MAR-2021,105.8,105.8,99.0,101.8,27507,21010,369
SANGINITA,30-MAR-2021,21.7,22.2,19.8,20.05,65617,52064,676
SANOFI,30-MAR-2021,7880.0,7989.95,7849.0,7877.35,49557,36643,6361
SARDAEN,30-MAR-2021,421.0,433.0,419.0,423.45,58552,32672,3193
SAREGAMA,30-MAR-2021,1564.0,1620.0,1513.95,1592.55,19820,12105,2276
SARLAPOLY,30-MAR-2021,24.65,24.9,24.0,24.05,91380,61502,409
SASKEN,30-MAR-2021,858.65,888.0,855.4,871.75,20367,10933,2216
SASTASUNDR,30-MAR-2021,120.45,120.95,112.2,113.95,40701,31645,835
SATIA,30-MAR-2021,84.0,85.75,81.35,82.65,58671,10642,589
SATIN,30-MAR-2021,84.4,86.55,83.1,83.65,172532,123085,1340
SBICARD,30-MAR-2021,950.6,954.95,933.1,940.7,1365204,727434,68188
SBIETFIT,30-MAR-2021,263.0,263.0,252.05,259.12,2090,1474,111
SBIETFPB,30-MAR-2021,182.0,184.78,180.05,182.11,612,429,48
SBIETFQLTY,30-MAR-2021,127.97,128.44,123.44,127.59,3589,2764,87
SBILIFE,30-MAR-2021,876.0,881.0,868.0,872.15,1276847,620736,50495
SBIN,30-MAR-2021,360.1,364.3,356.3,360.8,39407496,11452061,340842
SCHAEFFLER,30-MAR-2021,5346.65,5468.0,5231.0,5389.05,13623,8849,4561
SCHNEIDER,30-MAR-2021,96.5,98.5,94.0,94.4,288536,135243,2933
SCI,30-MAR-2021,115.5,115.95,112.85,113.45,1690798,799798,9845
SDBL,30-MAR-2021,32.9,34.3,32.6,32.7,81712,45549,577
SEAMECLTD,30-MAR-2021,464.85,464.85,435.05,442.65,55222,16928,4001
SECURKLOUD,30-MAR-2021,80.15,81.6,77.1,78.4,43520,37672,823
SELAN,30-MAR-2021,130.75,134.5,129.5,133.35,81720,59384,1112
SEQUENT,30-MAR-2021,238.0,243.0,233.65,240.9,403464,254748,15647
SESHAPAPER,30-MAR-2021,159.6,163.9,159.6,161.3,24110,13062,933
SETCO,30-MAR-2021,13.5,14.5,13.5,13.8,102226,72882,312
SETF10GILT,30-MAR-2021,204.75,204.75,199.5,199.5,544,505,25
SETFGOLD,30-MAR-2021,3970.0,3990.0,3941.0,3952.6,24479,14988,2856
SETFNIF50,30-MAR-2021,149.0,150.56,147.91,150.3,124320,85954,2524
SETFNIFBK,30-MAR-2021,336.0,339.0,334.23,337.33,27840,16539,760
SETFNN50,30-MAR-2021,366.0,383.6,352.02,354.71,10094,7399,387
SEYAIND,30-MAR-2021,53.0,53.25,51.0,51.45,9243,6778,253
SFL,30-MAR-2021,1995.0,2025.0,1930.0,1960.7,11740,6727,2386
SGL,30-MAR-2021,8.5,8.95,8.4,8.45,10545,9028,150
SHAKTIPUMP,30-MAR-2021,518.0,533.0,515.3,526.5,69894,27294,4705
SHALBY,30-MAR-2021,99.7,106.35,98.05,102.9,559815,333780,3632
SHALPAINTS,30-MAR-2021,93.4,97.5,92.55,96.55,308705,126740,4012
SHANKARA,30-MAR-2021,413.0,441.75,408.5,421.75,177295,43033,9811
SHANTIGEAR,30-MAR-2021,125.9,127.5,120.55,125.55,75859,67610,467
SHARDACROP,30-MAR-2021,294.5,296.2,285.4,290.35,115660,52828,5812
SHARDAMOTR,30-MAR-2021,2149.95,2181.55,1975.0,1993.35,10305,7809,1415
SHAREINDIA,30-MAR-2021,264.7,266.0,258.0,261.0,5424,4417,168
SHARIABEES,30-MAR-2021,362.0,368.0,358.0,359.22,216,184,36
SHEMAROO,30-MAR-2021,64.35,67.75,64.35,64.85,26763,16808,875
SHIL,30-MAR-2021,266.05,273.9,254.0,270.45,167352,88981,4121
SHILPAMED,30-MAR-2021,334.8,338.4,331.1,335.7,208426,123340,4283
SHIVAMAUTO,30-MAR-2021,17.7,18.15,17.2,18.15,47187,40854,183
SHIVATEX,30-MAR-2021,131.4,139.15,131.2,134.85,928,563,53
SHK,30-MAR-2021,113.55,114.1,110.95,111.8,146131,105999,1605
SHOPERSTOP,30-MAR-2021,211.25,216.3,203.85,212.75,251409,91523,6790
SHREDIGCEM,30-MAR-2021,61.3,63.25,60.5,62.75,731522,173597,5763
SHREECEM,30-MAR-2021,28500.0,29500.0,28301.8,29094.45,94570,29973,31530
SHREEPUSHK,30-MAR-2021,139.9,142.45,134.1,135.85,65410,23123,3125
SHREERAMA,30-MAR-2021,10.0,10.45,9.7,9.85,19593,12832,161
SHRENIK,30-MAR-2021,1.95,2.0,1.9,1.9,4067292,3267356,1627
SHREYANIND,30-MAR-2021,107.0,107.0,99.1,101.05,33133,19680,670
SHREYAS,30-MAR-2021,73.15,77.0,73.0,73.5,17148,10591,253
SHRIRAMCIT,30-MAR-2021,1400.0,1405.6,1324.95,1367.05,29040,18427,4050
SHRIRAMEPC,30-MAR-2021,4.1,4.1,3.95,4.0,183242,144577,282
SHYAMCENT,30-MAR-2021,5.55,5.55,5.2,5.3,39583,35221,121
SICAGEN,30-MAR-2021,14.55,15.15,14.4,14.55,14143,10823,113
SICAL,30-MAR-2021,9.95,9.95,9.95,9.95,92017,92017,105
SIEMENS,30-MAR-2021,1824.2,1859.7,1815.2,1832.7,229580,107893,11127
SIGIND,30-MAR-2021,31.25,32.0,29.45,30.85,73009,53514,617
SILGO,30-MAR-2021,49.0,49.95,46.5,46.95,67665,37814,1145
SILINV,30-MAR-2021,203.7,203.75,186.4,188.6,2433,1218,155
SIMBHALS,30-MAR-2021,7.0,7.05,6.6,6.8,19469,15696,105
SIMPLEXINF,30-MAR-2021,31.5,32.0,30.0,30.5,156801,95285,1102
SINTERCOM,30-MAR-2021,88.4,88.4,75.0,80.0,2667,2301,55
SIS,30-MAR-2021,402.0,405.0,393.0,397.9,145466,110369,3667
SITINET,30-MAR-2021,0.9,0.9,0.85,0.9,4407154,3552972,1356
SIYSIL,30-MAR-2021,186.35,194.9,186.05,189.95,48976,27804,2170
SJVN,30-MAR-2021,25.4,28.0,25.2,26.5,4692200,2592144,7494
SKFINDIA,30-MAR-2021,2180.0,2262.45,2156.85,2223.3,79481,72419,5133
SKIPPER,30-MAR-2021,62.9,62.9,59.25,61.05,51787,33914,589
SKMEGGPROD,30-MAR-2021,48.1,50.3,48.1,49.6,41974,27761,392
SMARTLINK,30-MAR-2021,82.85,85.25,82.6,84.8,10034,8588,171
SMCGLOBAL,30-MAR-2021,69.75,70.5,68.3,69.0,30849,26705,271
SMLISUZU,30-MAR-2021,461.0,477.05,451.0,454.85,22716,9507,1501
SMSLIFE,30-MAR-2021,494.75,497.0,487.35,489.4,2807,2050,190
SMSPHARMA,30-MAR-2021,124.25,124.95,122.25,123.45,44401,28169,517
SNOWMAN,30-MAR-2021,46.4,46.7,44.2,44.4,1278014,751648,5547
SOBHA,30-MAR-2021,446.25,454.9,442.0,451.5,80673,35192,5482
SOLARA,30-MAR-2021,1360.0,1389.8,1330.55,1353.0,93307,39290,8970
SOLARINDS,30-MAR-2021,1298.0,1307.25,1283.6,1300.4,6143,3223,957
SOMANYCERA,30-MAR-2021,421.25,421.25,412.1,418.3,16860,12736,1603
SONATSOFTW,30-MAR-2021,498.0,512.85,488.8,505.85,674302,162905,19924
SORILINFRA,30-MAR-2021,148.6,151.35,141.5,143.25,56836,37500,1774
SOTL,30-MAR-2021,967.0,1002.6,960.0,994.1,14739,5896,3287
SOUTHBANK,30-MAR-2021,8.5,8.5,8.15,8.2,16254055,9445098,130285
SOUTHWEST,30-MAR-2021,55.15,55.15,53.05,54.4,56420,42552,202
SPAL,30-MAR-2021,156.55,159.4,152.0,152.9,17586,13491,347
SPANDANA,30-MAR-2021,596.0,605.45,577.55,591.65,55843,34617,4479
SPARC,30-MAR-2021,149.0,152.5,144.25,144.9,497744,256213,6379
SPECIALITY,30-MAR-2021,43.3,44.5,39.55,40.2,161393,121752,1198
SPENCERS,30-MAR-2021,71.0,71.65,70.0,70.15,181976,124393,1576
SPIC,30-MAR-2021,29.1,29.5,28.2,29.0,551238,161497,6663
SPICEJET,30-MAR-2021,69.6,70.1,68.0,68.35,2427256,1018240,16245
SPLIL,30-MAR-2021,36.35,36.35,33.6,33.85,52599,26718,588
SPMLINFRA,30-MAR-2021,10.8,10.8,9.5,9.65,45026,31193,203
SPTL,30-MAR-2021,3.65,3.65,3.45,3.45,1535184,1162544,1564
SPYL,30-MAR-2021,0.4,0.45,0.35,0.4,1880531,1450690,412
SREEL,30-MAR-2021,148.0,169.9,146.6,155.45,271175,75103,5058
SREINFRA,30-MAR-2021,5.3,5.4,5.05,5.15,1298954,658492,1356
SRF,30-MAR-2021,5300.0,5420.95,5285.6,5402.25,153794,65646,14461
SRHHYPOLTD,30-MAR-2021,230.0,237.95,230.0,233.6,15233,8600,819
SRIPIPES,30-MAR-2021,169.6,175.0,167.35,173.2,98927,52198,1651
SRTRANSFIN,30-MAR-2021,1443.45,1445.0,1411.1,1420.6,2234811,721450,65977
SSWL,30-MAR-2021,664.2,680.0,664.2,675.2,13782,6404,968
STAR,30-MAR-2021,846.7,897.8,835.0,868.15,1218155,193014,43885
STARCEMENT,30-MAR-2021,96.25,98.2,95.25,96.4,150847,71654,1678
STARPAPER,30-MAR-2021,122.6,124.0,119.65,121.5,79628,38851,1116
STCINDIA,30-MAR-2021,75.45,77.8,75.05,75.65,49502,25820,625
STEELCITY,30-MAR-2021,37.45,37.5,36.1,36.2,23056,16907,320
STEELXIND,30-MAR-2021,54.0,56.6,53.4,55.95,304302,237859,1983
STERTOOLS,30-MAR-2021,196.9,203.95,194.0,195.0,8774,5473,414
STLTECH,30-MAR-2021,195.0,200.0,193.8,198.1,288496,142194,6479
STOVEKRAFT,30-MAR-2021,461.0,467.45,451.25,457.1,132451,55137,5087
SUBEXLTD,30-MAR-2021,34.9,37.25,34.9,35.95,7432824,3355978,19432
SUBROS,30-MAR-2021,308.6,310.3,306.3,307.2,18308,10981,1221
SUDARSCHEM,30-MAR-2021,520.05,527.8,513.55,521.85,135584,72039,6528
SUMICHEM,30-MAR-2021,276.0,285.85,272.7,285.0,580785,394416,10598
SUMIT,30-MAR-2021,10.0,10.0,9.75,9.75,43393,33605,87
SUMMITSEC,30-MAR-2021,529.0,545.0,526.55,535.45,2315,1157,267
SUNCLAYLTD,30-MAR-2021,3090.0,3144.05,2980.75,3100.05,3814,2706,551
SUNDARAM,30-MAR-2021,1.3,1.3,1.25,1.25,177844,163882,173
SUNDARMFIN,30-MAR-2021,2545.0,2588.0,2481.05,2537.0,51894,20948,8309
SUNDARMHLD,30-MAR-2021,73.55,77.0,73.55,76.55,20709,13667,347
SUNDRMBRAK,30-MAR-2021,339.6,349.95,339.55,343.3,2951,2333,198
SUNDRMFAST,30-MAR-2021,735.1,784.95,727.0,773.05,111818,60932,11822
SUNFLAG,30-MAR-2021,62.8,64.5,62.05,62.55,408968,157811,3766
SUNPHARMA,30-MAR-2021,594.95,599.0,587.25,597.7,4637898,1627325,107621
SUNTECK,30-MAR-2021,294.2,298.1,275.25,278.75,299643,124881,11924
SUNTV,30-MAR-2021,459.0,470.0,456.1,463.9,1544634,565444,37035
SUPERHOUSE,30-MAR-2021,124.0,127.6,122.0,125.1,15305,9261,233
SUPERSPIN,30-MAR-2021,4.65,4.65,4.25,4.25,45834,29748,119
SUPPETRO,30-MAR-2021,407.0,421.0,405.0,408.2,15919,8331,854
SUPRAJIT,30-MAR-2021,276.0,277.15,269.6,270.25,98393,57107,3546
SUPREMEENG,30-MAR-2021,25.6,26.85,25.2,26.85,51044,35746,94
SUPREMEIND,30-MAR-2021,2025.0,2045.0,1992.55,2027.25,103867,83032,9484
SURANAT&P,30-MAR-2021,4.1,4.5,4.1,4.15,71573,50179,106
SURYALAXMI,30-MAR-2021,32.4,32.5,29.6,30.8,15413,11286,158
SURYAROSNI,30-MAR-2021,353.7,361.65,341.0,344.4,123711,62599,4627
SURYODAY,30-MAR-2021,270.25,276.0,256.65,270.8,1667592,915859,30721
SUTLEJTEX,30-MAR-2021,40.55,41.6,39.05,39.5,83720,59863,547
SUVEN,30-MAR-2021,73.0,74.0,70.8,71.15,229281,132436,2438
SUVENPHAR,30-MAR-2021,473.0,485.0,463.3,479.9,581691,502379,13687
SUZLON,30-MAR-2021,5.55,5.65,5.25,5.25,34164134,18916890,19685
SWANENERGY,30-MAR-2021,135.5,135.95,132.4,134.2,211908,9304,7818
SWARAJENG,30-MAR-2021,1303.1,1329.0,1281.0,1295.3,10121,6252,1807
SWELECTES,30-MAR-2021,205.85,206.05,200.8,202.55,9447,7776,285
SWSOLAR,30-MAR-2021,254.5,262.3,250.0,251.75,1737178,485156,30382
SYMPHONY,30-MAR-2021,1280.0,1292.0,1262.0,1277.55,34192,17297,5071
SYNGENE,30-MAR-2021,539.8,542.95,527.05,534.55,336498,187242,15556
TAINWALCHM,30-MAR-2021,59.95,59.95,57.2,57.9,4305,2734,125
TAJGVK,30-MAR-2021,113.7,113.7,109.0,109.7,97987,62413,1636
TAKE,30-MAR-2021,47.85,48.0,44.35,45.4,1547172,944856,7501
TALBROAUTO,30-MAR-2021,205.05,209.9,201.5,202.25,37703,16409,1404
TANLA,30-MAR-2021,824.8,824.8,784.0,804.75,292722,161092,11516
TARC,30-MAR-2021,30.3,30.75,28.4,28.95,292448,182918,1564
TARMAT,30-MAR-2021,44.45,45.05,42.15,43.6,24118,11747,460
TASTYBITE,30-MAR-2021,14099.95,14250.0,13802.65,13948.7,2944,1684,1285
TATACHEM,30-MAR-2021,749.35,761.75,743.05,752.25,4161789,818859,53003
TATACOFFEE,30-MAR-2021,121.0,123.2,120.0,121.9,1880630,319598,12558
TATACOMM,30-MAR-2021,1133.0,1137.9,1081.1,1091.5,576969,349079,27743
TATACONSUM,30-MAR-2021,630.85,637.6,617.55,628.9,19895352,14598890,110012
TATAELXSI,30-MAR-2021,2679.6,2714.7,2620.0,2688.6,337713,84708,28619
TATAINVEST,30-MAR-2021,1045.5,1058.45,1028.8,1042.75,53216,22147,6469
TATAMETALI,30-MAR-2021,730.0,823.9,726.1,797.2,1590102,215885,66147
TATAMOTORS,30-MAR-2021,300.5,301.3,292.7,297.05,45257627,5114972,267495
TATAMTRDVR,30-MAR-2021,130.0,131.15,127.1,129.05,2004933,856562,11913
TATAPOWER,30-MAR-2021,105.35,105.35,102.8,103.6,47453372,8082364,114216
TATASTEEL,30-MAR-2021,780.0,810.0,777.9,800.0,28480338,4841164,368821
TATASTLBSL,30-MAR-2021,50.0,51.7,50.0,51.05,19313504,5930164,36656
TATASTLLP,30-MAR-2021,679.5,711.15,679.3,711.15,118510,88332,2683
TBZ,30-MAR-2021,64.55,64.55,61.25,61.85,106514,66781,1674
TCI,30-MAR-2021,260.45,267.65,260.45,262.25,95373,56686,5484
TCIDEVELOP,30-MAR-2021,299.5,305.95,292.0,296.35,84912,82528,409
TCIEXP,30-MAR-2021,929.0,944.0,900.0,912.7,53731,9154,3910
TCIFINANCE,30-MAR-2021,5.0,5.1,4.75,4.75,24342,19801,89
TCNSBRANDS,30-MAR-2021,519.95,519.95,496.05,500.35,135716,123803,3502
TCPLPACK,30-MAR-2021,375.1,380.0,360.0,371.6,4111,673,654
TCS,30-MAR-2021,3083.0,3188.45,3060.9,3158.55,4694261,2277177,191356
TDPOWERSYS,30-MAR-2021,154.0,154.0,148.0,150.6,14213,10127,269
TEAMLEASE,30-MAR-2021,3600.0,3771.0,3559.25,3681.5,35909,27945,3887
TECHM,30-MAR-2021,991.5,1019.8,991.5,1016.9,4303081,2278945,98738
TECHNOE,30-MAR-2021,303.0,304.8,291.1,293.0,82234,26240,8376
TEJASNET,30-MAR-2021,167.8,167.8,156.6,158.0,301070,189030,6956
TERASOFT,30-MAR-2021,37.05,37.25,36.0,36.6,28511,15813,436
TEXINFRA,30-MAR-2021,69.25,72.15,69.25,71.05,30196,24562,244
TEXMOPIPES,30-MAR-2021,25.0,25.45,24.5,25.15,85247,46455,492
TEXRAIL,30-MAR-2021,27.75,27.75,26.7,26.8,784810,644045,1876
TFCILTD,30-MAR-2021,61.15,62.0,58.95,60.1,223542,110691,1771
TGBHOTELS,30-MAR-2021,4.65,4.65,4.35,4.4,7480,6830,47
THANGAMAYL,30-MAR-2021,606.9,606.9,593.8,598.6,5938,3172,522
THEINVEST,30-MAR-2021,93.75,97.15,89.25,92.7,12757,7007,456
THEMISMED,30-MAR-2021,289.2,289.2,276.15,280.1,10597,8237,357
THERMAX,30-MAR-2021,1320.0,1345.0,1305.2,1337.2,44126,29852,6967
THOMASCOOK,30-MAR-2021,49.5,50.0,48.95,49.0,281037,218884,1161
THYROCARE,30-MAR-2021,874.1,889.0,868.0,874.2,170667,77057,11176
TI,30-MAR-2021,29.55,30.7,29.4,29.9,270416,141489,1049
TIDEWATER,30-MAR-2021,4360.0,4415.0,4360.0,4401.85,866,610,308
TIIL,30-MAR-2021,358.0,397.9,357.15,379.6,61536,30864,3119
TIINDIA,30-MAR-2021,1154.7,1189.9,1126.0,1165.05,48773,32802,5417
TIL,30-MAR-2021,160.4,162.8,151.95,153.7,10082,6828,479
TIMESGTY,30-MAR-2021,26.4,26.4,24.0,24.1,802,585,35
TIMETECHNO,30-MAR-2021,60.6,60.75,59.0,59.8,483738,230613,3356
TIMKEN,30-MAR-2021,1289.0,1289.0,1250.05,1273.9,19706,10611,3151
TINPLATE,30-MAR-2021,157.0,161.6,156.75,158.8,622727,140580,11582
TIRUMALCHM,30-MAR-2021,88.95,89.0,84.95,86.65,400816,232517,4168
TITAN,30-MAR-2021,1510.0,1563.0,1510.0,1552.2,3466049,1373424,130380
TMRVL,30-MAR-2021,11.8,12.9,11.8,12.35,63830,34468,361
TNPETRO,30-MAR-2021,47.5,49.75,47.5,48.35,495621,224238,3852
TNPL,30-MAR-2021,148.9,148.9,144.3,146.9,129183,72915,2337
TOKYOPLAST,30-MAR-2021,70.6,71.4,70.0,70.05,2521,1182,40
TORNTPHARM,30-MAR-2021,2452.5,2555.0,2452.5,2529.3,352924,130425,31750
TORNTPOWER,30-MAR-2021,416.95,425.5,413.8,421.65,949709,317930,12187
TOTAL,30-MAR-2021,42.1,45.6,41.6,43.7,26060,16360,251
TPLPLASTEH,30-MAR-2021,141.25,153.3,141.0,148.2,7750,4590,420
TREEHOUSE,30-MAR-2021,7.5,7.5,6.75,6.95,41621,21743,161
TREJHARA,30-MAR-2021,30.1,30.15,28.5,29.7,12748,5107,216
TRENT,30-MAR-2021,769.95,777.15,750.05,760.65,628414,290434,22301
TRF,30-MAR-2021,82.75,86.0,80.3,83.85,14464,7672,432
TRIDENT,30-MAR-2021,14.0,14.35,13.85,14.2,8969001,5321286,14686
TRIGYN,30-MAR-2021,65.9,65.9,63.0,63.25,25073,18066,436
TRIL,30-MAR-2021,16.6,16.95,15.5,16.25,264518,181650,775
TRITURBINE,30-MAR-2021,101.5,103.7,100.25,102.15,117523,62526,1735
TRIVENI,30-MAR-2021,87.5,87.5,84.55,85.0,175495,103018,1885
TTKHLTCARE,30-MAR-2021,489.0,505.0,488.5,494.55,2428,1295,301
TTKPRESTIG,30-MAR-2021,7169.95,7380.0,7140.45,7346.25,4570,2598,1693
TTL,30-MAR-2021,47.0,47.6,45.45,46.0,6521,4647,124
TV18BRDCST,30-MAR-2021,29.85,29.95,28.75,29.15,8995484,5465573,10568
TVSMOTOR,30-MAR-2021,578.0,581.85,563.7,575.2,2100267,635672,34424
TVSSRICHAK,30-MAR-2021,1824.0,1837.25,1755.65,1771.6,13209,8672,2745
TVTODAY,30-MAR-2021,271.5,273.0,264.0,265.35,43843,27234,973
TVVISION,30-MAR-2021,2.4,2.4,2.4,2.4,5302,5302,6
TWL,30-MAR-2021,44.6,45.7,44.5,44.7,378700,138242,7387
UBL,30-MAR-2021,1253.0,1257.05,1221.8,1227.4,169608,59875,8657
UCALFUEL,30-MAR-2021,138.0,143.75,138.0,140.35,143614,18783,8513
UCOBANK,30-MAR-2021,11.05,11.2,10.8,10.95,10869396,4116329,22571
UFLEX,30-MAR-2021,380.0,385.75,368.0,373.7,173767,91123,5159
UFO,30-MAR-2021,71.0,72.25,69.6,70.05,129928,90943,1497
UGARSUGAR,30-MAR-2021,16.65,16.8,16.45,16.6,162596,121747,430
UJJIVAN,30-MAR-2021,214.9,216.35,208.35,209.9,618973,300950,8497
UJJIVANSFB,30-MAR-2021,30.8,30.8,30.05,30.2,1973580,1143550,10209
ULTRACEMCO,30-MAR-2021,6784.0,6875.0,6746.0,6785.6,422442,194423,46741
UMANGDAIRY,30-MAR-2021,58.05,59.85,57.1,57.3,13512,9096,330
UNICHEMLAB,30-MAR-2021,302.55,313.55,302.55,311.25,35987,26844,1020
UNIDT,30-MAR-2021,252.0,263.5,252.0,260.95,5731,5414,63
UNIENTER,30-MAR-2021,83.45,86.25,83.1,85.9,27156,14304,820
UNIONBANK,30-MAR-2021,34.05,34.5,33.6,34.1,6063712,1493909,11577
UNITEDTEA,30-MAR-2021,295.0,314.5,295.0,300.4,2036,1030,120
UNIVCABLES,30-MAR-2021,139.0,142.5,135.0,138.1,23509,12140,997
UNIVPHOTO,30-MAR-2021,174.7,174.7,158.0,163.25,1081,653,130
UPL,30-MAR-2021,597.0,634.65,591.0,627.95,14663831,2261491,179423
USHAMART,30-MAR-2021,32.9,33.8,32.55,33.2,844456,467507,2364
UTIAMC,30-MAR-2021,559.25,576.0,557.1,570.05,107318,60971,8827
UTIBANKETF,30-MAR-2021,33.7,33.93,33.3,33.37,25459,25281,111
UTINEXT50,30-MAR-2021,38.75,38.75,36.02,36.11,30657,19291,619
UTINIFTETF,30-MAR-2021,1530.0,1573.57,1525.85,1538.64,566,488,128
UTISENSETF,30-MAR-2021,522.3,527.72,512.0,521.12,1111,1043,88
UTISXN50,30-MAR-2021,37.1,40.49,37.1,39.47,4095,2623,124
UTTAMSUGAR,30-MAR-2021,90.2,91.55,89.15,89.6,42343,23669,890
V2RETAIL,30-MAR-2021,128.75,128.75,121.1,121.85,64542,57816,536
VADILALIND,30-MAR-2021,900.0,913.1,874.95,889.6,17554,9263,1435
VAIBHAVGBL,30-MAR-2021,3752.65,3802.05,3602.5,3667.55,67206,42682,10127
VAKRANGEE,30-MAR-2021,52.2,53.4,52.2,53.4,1374381,1080601,2588
VALIANTORG,30-MAR-2021,1200.0,1205.8,1123.05,1146.75,56039,33356,4066
VARDHACRLC,30-MAR-2021,37.35,38.15,36.4,36.65,14336,10112,99
VARDMNPOLY,30-MAR-2021,18.0,18.4,17.15,17.3,44551,24965,288
VARROC,30-MAR-2021,379.2,389.15,373.0,375.65,150449,95558,5413
VASCONEQ,30-MAR-2021,19.5,19.7,18.5,18.7,786066,376890,2341
VASWANI,30-MAR-2021,10.1,10.1,9.35,9.75,6078,2813,49
VBL,30-MAR-2021,1008.0,1020.0,993.65,1015.7,291772,154341,14581
VEDL,30-MAR-2021,228.9,230.85,226.9,230.1,18234834,12012244,42738
VENKEYS,30-MAR-2021,1561.0,1574.0,1530.0,1562.9,32008,16143,3067
VENUSREM,30-MAR-2021,307.9,310.0,287.75,287.75,72347,53205,1385
VERTOZ,30-MAR-2021,256.0,289.4,248.7,277.8,411438,106060,6595
VESUVIUS,30-MAR-2021,943.0,970.0,932.0,958.2,5106,2591,773
VETO,30-MAR-2021,119.5,119.5,112.45,114.95,133163,120032,812
VGUARD,30-MAR-2021,234.0,249.8,233.95,246.3,1966644,590719,32488
VHL,30-MAR-2021,1795.65,1799.75,1738.05,1746.9,1288,354,660
VIDHIING,30-MAR-2021,207.0,208.0,181.0,201.25,182040,87404,5413
VIJIFIN,30-MAR-2021,0.65,0.65,0.6,0.65,45395,44076,108
VIKASECO,30-MAR-2021,2.3,2.35,2.2,2.2,1580136,1044138,719
VIKASMCORP,30-MAR-2021,3.1,3.1,3.0,3.05,2609168,1505583,2235
VIKASPROP,30-MAR-2021,2.2,2.3,2.2,2.3,1622223,1060844,544
VIKASWSP,30-MAR-2021,6.1,6.15,6.1,6.15,231464,203214,180
VIMTALABS,30-MAR-2021,153.0,157.75,152.45,153.85,17057,8848,474
VINATIORGA,30-MAR-2021,1429.25,1445.0,1404.85,1409.9,47127,30209,4569
VINDHYATEL,30-MAR-2021,820.0,824.95,813.1,819.0,15274,8543,781
VINYLINDIA,30-MAR-2021,115.2,119.4,115.0,116.05,61921,23192,837
VIPIND,30-MAR-2021,351.05,356.95,338.7,347.25,367389,183701,16335
VISAKAIND,30-MAR-2021,472.2,487.1,467.75,472.3,53568,32436,4402
VISASTEEL,30-MAR-2021,6.6,6.65,6.15,6.55,21229,14646,130
VISHAL,30-MAR-2021,63.6,63.6,63.6,63.6,1201,1201,44
VISHNU,30-MAR-2021,268.0,275.0,261.7,270.3,21626,14686,763
VISHWARAJ,30-MAR-2021,133.95,134.7,124.0,126.1,76030,27202,1121
VIVIMEDLAB,30-MAR-2021,17.05,17.05,16.15,16.25,179922,132680,719
VLSFINANCE,30-MAR-2021,81.5,82.5,71.1,77.05,42251,30772,758
VMART,30-MAR-2021,2750.0,2810.0,2748.2,2779.5,30214,21443,6240
VOLTAMP,30-MAR-2021,1048.3,1052.0,1013.6,1020.85,11005,8808,1038
VOLTAS,30-MAR-2021,995.0,1005.0,982.1,993.25,1582960,573481,47226
VRLLOG,30-MAR-2021,238.55,240.9,228.4,231.05,120474,54548,3763
VSSL,30-MAR-2021,142.9,145.5,140.25,142.2,107511,83360,1590
VSTIND,30-MAR-2021,3331.0,3403.0,3315.0,3376.5,6464,4042,1388
VSTTILLERS,30-MAR-2021,1824.0,1840.0,1765.0,1793.1,13086,6181,2876
VTL,30-MAR-2021,1210.4,1273.6,1200.05,1252.6,14274,7872,1565
WABAG,30-MAR-2021,240.7,249.75,238.8,241.95,470881,129263,13340
WABCOINDIA,30-MAR-2021,5930.0,6890.0,5861.1,6640.7,534715,195647,59737
WALCHANNAG,30-MAR-2021,63.5,64.65,62.9,63.4,223999,28079,4788
WATERBASE,30-MAR-2021,99.8,100.75,98.0,98.55,85377,45515,1644
WEALTH,30-MAR-2021,120.4,130.3,120.1,121.55,2482,158,166
WEBELSOLAR,30-MAR-2021,42.5,44.2,41.75,42.15,132500,86095,659
WEIZMANIND,30-MAR-2021,43.0,44.85,43.0,43.25,2871,2363,57
WELCORP,30-MAR-2021,135.55,136.3,131.4,134.2,564959,324453,6158
WELENT,30-MAR-2021,117.7,124.5,117.25,118.05,4802085,4392546,8040
WELINV,30-MAR-2021,423.3,457.9,395.05,429.0,11061,10025,250
WELSPUNIND,30-MAR-2021,84.0,85.45,82.15,83.6,1567307,639606,14267
WENDT,30-MAR-2021,3113.3,3182.0,3113.3,3143.3,236,115,86
WESTLIFE,30-MAR-2021,455.0,460.0,447.15,460.0,329976,268175,7089
WHEELS,30-MAR-2021,469.7,476.0,458.1,461.35,28260,10748,1775
WHIRLPOOL,30-MAR-2021,2192.85,2248.0,2181.1,2208.3,140163,99431,9775
WILLAMAGOR,30-MAR-2021,16.4,17.55,15.95,17.45,12612,11111,150
WINDMACHIN,30-MAR-2021,31.25,32.7,30.9,31.05,379318,204106,992
WIPRO,30-MAR-2021,405.0,420.45,405.0,418.1,13171390,4174238,122127
WOCKPHARMA,30-MAR-2021,407.0,434.9,406.85,428.95,1358583,235026,31160
WONDERLA,30-MAR-2021,195.1,199.75,192.4,193.7,48434,25725,1795
WORTH,30-MAR-2021,50.75,50.8,48.35,49.4,3948,3044,49
WSI,30-MAR-2021,6.35,6.35,6.35,6.35,10781,10780,189
WSTCSTPAPR,30-MAR-2021,245.5,247.0,233.0,240.0,130897,66358,3524
XCHANGING,30-MAR-2021,64.65,65.35,62.6,62.7,106833,53408,1340
XELPMOC,30-MAR-2021,262.5,268.2,253.05,255.6,38061,20219,4057
XPROINDIA,30-MAR-2021,69.6,69.6,69.6,69.6,4174,4173,33
YAARII,30-MAR-2021,131.95,135.1,125.3,125.3,236761,136817,2019
YESBANK,30-MAR-2021,14.15,16.85,14.0,16.3,336333365,164045850,156167
ZEEL,30-MAR-2021,204.0,204.0,197.95,200.95,8199118,2067190,49433
ZEELEARN,30-MAR-2021,10.15,10.3,9.9,9.95,1057217,723812,1724
ZEEMEDIA,30-MAR-2021,6.25,6.35,6.05,6.3,1941679,1495143,8148
ZENITHEXPO,30-MAR-2021,71.8,71.8,65.8,66.6,611,276,32
ZENSARTECH,30-MAR-2021,280.15,284.95,271.0,272.2,201298,110779,6523
ZENTEC,30-MAR-2021,77.35,80.6,77.35,78.35,125106,69993,2564
ZODIACLOTH,30-MAR-2021,97.95,98.8,94.1,94.7,46233,38293,493
ZODJRDMKJ,30-MAR-2021,25.2,26.95,24.35,25.8,1195,374,112
ZOTA,30-MAR-2021,147.0,147.35,140.2,141.2,54969,40684,371
ZUARI,30-MAR-2021,86.6,88.5,85.85,86.8,72936,50951,702
ZYDUSWELL,30-MAR-2021,1985.0,2004.0,1925.0,1970.6,38089,25894,4200
