20MICRONS,01-APR-2021,35.4,35.9,34.5,35.4,33682,18390,384
21STCENMGM,01-APR-2021,13.7,13.7,13.7,13.7,3915,3915,11
3IINFOTECH,01-APR-2021,7.8,7.8,7.8,7.8,1675589,1675573,1327
3MINDIA,01-APR-2021,30265.0,31000.0,29400.0,29602.95,8475,4122,3996
3PLAND,01-APR-2021,8.8,9.1,8.5,8.9,3243,2218,25
5PAISA,01-APR-2021,252.5,268.5,252.0,260.6,24901,14950,527
63MOONS,01-APR-2021,69.4,72.7,69.4,72.0,31204,18489,725
A2ZINFRA,01-APR-2021,3.85,3.95,3.75,3.8,845562,581839,453
AARON,01-APR-2021,57.5,58.45,55.6,57.8,1166,775,50
AARTIDRUGS,01-APR-2021,698.0,726.0,696.05,718.65,786666,179249,27650
AARTIIND,01-APR-2021,1330.0,1390.0,1315.0,1363.8,613919,83946,25055
AARTISURF,01-APR-2021,943.0,977.7,928.0,977.7,10230,5777,1487
AARVEEDEN,01-APR-2021,17.9,18.45,17.5,17.85,5345,4461,70
AARVI,01-APR-2021,54.0,54.4,49.0,50.75,11049,8558,155
AAVAS,01-APR-2021,2460.0,2519.0,2365.5,2418.0,53783,15691,9623
ABAN,01-APR-2021,30.0,30.9,29.6,30.9,79217,51060,654
ABB,01-APR-2021,1413.8,1424.7,1391.1,1397.5,80643,44271,8856
ABBOTINDIA,01-APR-2021,15000.0,15160.05,14901.0,14980.05,21203,12353,5678
ABCAPITAL,01-APR-2021,120.05,123.0,120.05,121.55,2429443,855067,26945
ABFRL,01-APR-2021,203.6,207.0,197.55,198.95,2452891,1075328,42353
ABMINTLTD,01-APR-2021,55.2,57.75,55.15,56.95,391,282,19
ABSLBANETF,01-APR-2021,336.2,339.22,330.85,336.46,36,18,20
ABSLNN50ET,01-APR-2021,344.0,357.0,336.1,347.4,107,88,41
ACC,01-APR-2021,1920.0,1920.0,1886.95,1913.35,765296,167345,29559
ACCELYA,01-APR-2021,859.0,880.0,851.95,874.8,1767,1277,237
ACCURACY,01-APR-2021,52.5,52.55,50.7,52.5,4709,3529,47
ACE,01-APR-2021,158.0,163.9,156.05,161.05,303672,180341,4381
ACRYSIL,01-APR-2021,317.9,323.25,317.9,323.25,39849,33590,419
ADANIENT,01-APR-2021,1043.4,1116.05,1035.0,1107.2,12713083,1176816,216541
ADANIGREEN,01-APR-2021,1104.9,1160.05,1104.9,1160.05,523216,267447,24357
ADANIPORTS,01-APR-2021,713.5,742.0,705.0,736.25,15017049,2293326,166679
ADANIPOWER,01-APR-2021,83.2,89.3,81.35,89.3,43478357,13661598,110148
ADANITRANS,01-APR-2021,923.0,999.2,917.05,999.2,2213099,829671,49816
ADFFOODS,01-APR-2021,901.9,960.0,899.75,925.95,138075,39481,6651
ADHUNIKIND,01-APR-2021,19.5,20.95,19.1,20.95,37870,25212,204
ADORWELD,01-APR-2021,304.0,317.3,301.0,312.7,24562,12111,639
ADSL,01-APR-2021,43.2,45.8,43.2,45.8,105582,64198,861
ADVANIHOTR,01-APR-2021,56.85,59.65,56.45,58.6,9095,5533,122
ADVENZYMES,01-APR-2021,347.8,360.45,347.8,353.1,156303,60329,4511
AEGISCHEM,01-APR-2021,303.0,308.9,291.3,301.25,299812,107661,14305
AFFLE,01-APR-2021,5520.0,5714.6,5465.0,5602.3,89364,44692,20457
AGCNET,01-APR-2021,1330.0,1355.4,1330.0,1355.4,5455,4748,146
AGRITECH,01-APR-2021,30.75,32.2,30.7,31.85,3330,2043,90
AGROPHOS,01-APR-2021,11.7,12.25,11.7,12.25,35048,19255,170
AHLADA,01-APR-2021,92.2,96.05,92.2,96.05,2572,2040,54
AHLEAST,01-APR-2021,158.6,161.8,155.5,160.0,1635,907,114
AHLUCONT,01-APR-2021,300.75,308.0,300.75,302.25,6638,4517,664
AHLWEST,01-APR-2021,225.25,269.95,214.05,246.0,30599,24071,894
AIAENG,01-APR-2021,2084.55,2084.55,1989.8,2053.35,115870,92592,6060
AIRAN,01-APR-2021,15.6,16.0,15.6,15.8,36227,26251,187
AJANTPHARM,01-APR-2021,1808.2,1808.25,1725.0,1748.45,218010,109031,15808
AJMERA,01-APR-2021,119.7,121.0,117.7,120.1,61676,28849,1609
AKASH,01-APR-2021,220.0,220.0,200.0,209.85,71857,62275,880
AKG,01-APR-2021,63.2,63.2,63.2,63.2,2122,2122,17
AKSHARCHEM,01-APR-2021,235.0,251.0,233.75,248.65,31642,20162,964
AKSHOPTFBR,01-APR-2021,5.45,5.85,5.3,5.85,230826,168975,417
AKZOINDIA,01-APR-2021,2308.1,2378.0,2297.2,2371.05,17016,8295,3616
ALANKIT,01-APR-2021,16.2,16.4,16.05,16.15,151034,107953,760
ALBERTDAVD,01-APR-2021,378.9,391.55,378.9,389.5,5601,4054,338
ALEMBICLTD,01-APR-2021,103.5,107.6,103.2,105.3,678641,257961,6056
ALICON,01-APR-2021,434.0,440.0,428.0,430.8,7252,4408,412
ALKALI,01-APR-2021,49.95,53.5,49.8,53.05,28735,19743,438
ALKEM,01-APR-2021,2766.0,2794.0,2735.25,2775.45,79864,47236,9200
ALKYLAMINE,01-APR-2021,5755.65,5838.0,5710.0,5758.65,32740,10954,5995
ALLCARGO,01-APR-2021,123.65,127.35,123.65,126.75,251200,187154,1878
ALLSEC,01-APR-2021,319.75,329.0,315.8,326.3,3639,2451,220
ALMONDZ,01-APR-2021,29.5,30.15,29.0,29.3,7396,5498,61
ALOKINDS,01-APR-2021,20.4,21.25,20.25,20.85,9236598,3901246,9164
ALPA,01-APR-2021,37.4,37.4,36.2,36.9,23016,15608,386
ALPHAGEO,01-APR-2021,178.8,182.9,178.0,179.35,11392,8511,400
AMARAJABAT,01-APR-2021,858.95,865.95,855.1,860.5,400848,203965,10958
AMBER,01-APR-2021,3319.0,3389.4,3227.0,3247.55,95334,51958,20314
AMBIKCO,01-APR-2021,900.05,935.0,900.05,911.1,9062,6584,924
AMBUJACEM,01-APR-2021,311.85,313.45,307.25,311.0,4689185,1088328,70721
AMJLAND,01-APR-2021,21.9,23.1,21.9,22.4,7112,5842,74
AMRUTANJAN,01-APR-2021,570.5,584.0,570.0,575.7,56397,21816,2976
ANANTRAJ,01-APR-2021,55.4,57.05,54.5,55.95,1061775,663644,2850
ANDHRACEMT,01-APR-2021,5.5,5.65,5.35,5.6,218671,102687,428
ANDHRAPAP,01-APR-2021,220.0,225.0,220.0,224.4,14004,6783,553
ANDHRSUGAR,01-APR-2021,294.85,305.0,292.55,304.05,34566,17851,1623
ANGELBRKG,01-APR-2021,291.3,301.5,291.3,294.55,192526,126235,2910
ANIKINDS,01-APR-2021,14.7,15.0,14.15,15.0,33762,19575,140
ANKITMETAL,01-APR-2021,1.05,1.05,1.0,1.05,43788,33483,67
ANSALAPI,01-APR-2021,6.1,6.15,5.95,6.15,746850,742073,87
ANSALHSG,01-APR-2021,5.35,5.45,5.35,5.45,39676,37795,40
ANUP,01-APR-2021,585.0,609.0,573.0,583.65,32645,18097,2155
ANURAS,01-APR-2021,495.1,519.8,492.85,516.95,695372,298258,31482
APARINDS,01-APR-2021,480.0,489.3,478.0,483.15,71352,36854,3112
APCL,01-APR-2021,212.25,215.95,212.25,214.85,20797,13412,490
APCOTEXIND,01-APR-2021,181.0,185.0,180.2,183.8,97460,43822,2277
APEX,01-APR-2021,209.15,226.9,209.15,220.2,278824,95430,7523
APLAPOLLO,01-APR-2021,1423.0,1440.0,1296.9,1326.75,291705,141048,17739
APLLTD,01-APR-2021,964.9,990.0,960.05,987.15,397081,201641,11431
APOLLO,01-APR-2021,92.3,99.85,92.3,98.95,145294,61347,2922
APOLLOHOSP,01-APR-2021,2886.35,2913.95,2843.4,2894.05,842489,421344,73392
APOLLOPIPE,01-APR-2021,1000.0,1035.95,1000.0,1019.55,182216,109720,12845
APOLLOTYRE,01-APR-2021,226.25,236.9,224.05,236.05,6079701,847123,36407
APOLSINHOT,01-APR-2021,562.95,568.4,551.25,566.0,1365,1250,63
APTECHT,01-APR-2021,186.95,223.6,186.95,222.95,3376946,649747,35640
ARCHIES,01-APR-2021,10.2,10.75,10.0,10.65,34379,29670,139
ARENTERP,01-APR-2021,10.9,11.35,10.65,10.75,498,402,14
ARIES,01-APR-2021,78.35,84.0,77.2,82.95,79216,55210,946
ARIHANT,01-APR-2021,17.9,17.9,16.4,17.5,1722,1111,36
ARIHANTSUP,01-APR-2021,37.25,37.3,35.5,35.95,25013,4566,86
ARMANFIN,01-APR-2021,609.65,611.0,583.85,609.55,15295,8387,813
AROGRANITE,01-APR-2021,40.85,42.9,40.85,41.85,14601,11234,219
ARSSINFRA,01-APR-2021,19.35,20.7,19.0,20.4,25613,10559,136
ARTEMISMED,01-APR-2021,218.4,222.9,215.05,216.9,8953,6313,92
ARVEE,01-APR-2021,58.15,58.15,58.15,58.15,50,50,1
ARVIND,01-APR-2021,66.0,69.4,66.0,69.1,947908,366581,6612
ARVINDFASN,01-APR-2021,139.6,146.0,139.6,144.75,189163,93074,2834
ARVSMART,01-APR-2021,96.1,99.9,96.0,98.85,78317,48272,976
ASAHIINDIA,01-APR-2021,305.35,311.15,302.3,307.05,78211,21150,3307
ASAHISONG,01-APR-2021,317.05,327.0,309.75,323.6,10080,6872,439
ASALCBR,01-APR-2021,422.0,449.5,420.0,441.1,82531,35869,3499
ASHAPURMIN,01-APR-2021,103.0,108.7,102.5,106.5,164332,117410,2084
ASHIANA,01-APR-2021,134.0,135.9,126.0,128.4,63991,29100,1669
ASHIMASYN,01-APR-2021,15.9,16.5,15.55,16.1,178561,131848,334
ASHOKA,01-APR-2021,102.3,103.95,100.0,100.6,705285,326732,6241
ASHOKLEY,01-APR-2021,115.25,118.75,113.5,118.15,21938734,5472139,81294
ASIANHOTNR,01-APR-2021,58.3,63.3,58.3,62.8,1246,788,55
ASIANPAINT,01-APR-2021,2532.0,2564.55,2532.0,2551.75,1219588,331850,54928
ASIANTILES,01-APR-2021,145.7,158.5,145.7,158.5,1248775,778297,11785
ASPINWALL,01-APR-2021,199.9,199.9,186.0,191.8,1551,930,68
ASTEC,01-APR-2021,1015.0,1038.8,1003.85,1019.65,19623,9711,2288
ASTERDM,01-APR-2021,138.0,139.6,136.2,138.55,183317,125729,9577
ASTRAL,01-APR-2021,1649.0,1694.95,1635.05,1685.35,254543,153960,21891
ASTRAMICRO,01-APR-2021,130.4,136.2,130.4,132.8,249993,122954,2791
ASTRAZEN,01-APR-2021,3040.0,3548.0,3030.05,3429.85,378308,59525,40145
ASTRON,01-APR-2021,42.45,43.3,41.4,43.1,45466,28585,443
ATFL,01-APR-2021,837.2,840.35,821.95,833.25,3658,2096,417
ATGL,01-APR-2021,985.0,1087.8,964.5,1060.65,3577352,877298,86760
ATLANTA,01-APR-2021,6.6,6.9,6.6,6.9,11006,9018,79
ATUL,01-APR-2021,7065.0,7457.45,7055.85,7415.35,43531,18473,8218
ATULAUTO,01-APR-2021,180.0,182.75,178.65,180.25,58716,30584,1423
AUBANK,01-APR-2021,1250.0,1278.0,1215.0,1267.9,1087053,224379,43594
AURIONPRO,01-APR-2021,138.0,140.0,131.35,133.2,70170,36856,1827
AUROPHARMA,01-APR-2021,879.0,886.95,866.35,881.3,1440078,453871,30403
AUSOMENT,01-APR-2021,47.55,49.0,46.25,48.95,8789,7517,103
AUTOAXLES,01-APR-2021,1071.0,1098.0,1069.0,1096.0,5632,4022,685
AUTOIND,01-APR-2021,41.7,42.65,41.7,42.65,35732,30027,220
AVADHSUGAR,01-APR-2021,187.0,193.1,186.95,188.8,46638,20722,1184
AVANTIFEED,01-APR-2021,423.0,430.5,417.7,418.5,723220,326159,33544
AVTNPL,01-APR-2021,45.0,46.5,45.0,46.35,138918,100613,1047
AWHCL,01-APR-2021,243.5,254.25,242.7,252.8,117368,40539,5636
AXISBANK,01-APR-2021,706.3,717.0,695.55,713.0,13090326,4048471,147724
AXISBNKETF,01-APR-2021,334.55,338.47,331.95,338.02,1915,1538,54
AXISCADES,01-APR-2021,40.0,42.9,39.95,42.7,86237,46901,709
AXISGOLD,01-APR-2021,39.0,39.38,38.7,39.21,63380,41247,650
AXISNIFTY,01-APR-2021,154.46,155.7,153.1,154.61,5252,4768,120
AXISTECETF,01-APR-2021,271.0,280.0,266.25,278.98,713,686,32
AYMSYNTEX,01-APR-2021,48.0,48.75,47.1,48.75,13431,12033,59
BAGFILMS,01-APR-2021,2.0,2.15,2.0,2.05,580967,472380,235
BAJAJ-AUTO,01-APR-2021,3704.0,3764.3,3690.2,3743.05,861229,360088,50864
BAJAJCON,01-APR-2021,264.0,282.0,261.45,268.6,924294,416080,22396
BAJAJELEC,01-APR-2021,985.1,999.55,976.0,992.5,49284,27291,4206
BAJAJFINSV,01-APR-2021,9730.0,9826.0,9667.5,9789.5,310065,92734,30719
BAJAJHIND,01-APR-2021,6.3,6.55,6.25,6.4,4746815,2303593,5590
BAJAJHLDNG,01-APR-2021,3310.0,3380.0,3277.35,3338.7,24520,14872,3044
BAJFINANCE,01-APR-2021,5210.0,5288.5,5161.95,5272.15,2148234,827844,106992
BALAJITELE,01-APR-2021,58.55,61.65,57.0,59.0,404586,104895,3618
BALAMINES,01-APR-2021,1779.0,1820.0,1770.1,1787.15,134658,31646,9305
BALAXI,01-APR-2021,550.7,550.7,527.2,550.7,1097,690,127
BALKRISIND,01-APR-2021,1701.0,1708.2,1655.45,1681.8,393382,150338,14577
BALMLAWRIE,01-APR-2021,129.2,134.65,129.2,133.7,492289,158855,6658
BALPHARMA,01-APR-2021,53.95,55.8,53.95,55.25,14612,10138,263
BALRAMCHIN,01-APR-2021,218.5,218.9,212.5,214.1,1681603,457112,22118
BANARBEADS,01-APR-2021,50.85,51.5,49.3,50.3,5039,3554,84
BANARISUG,01-APR-2021,1574.1,1674.0,1574.1,1640.0,3175,448,1102
BANCOINDIA,01-APR-2021,140.55,148.35,140.55,147.65,97572,55434,1799
BANDHANBNK,01-APR-2021,341.95,354.95,339.0,350.9,5001602,1397222,65225
BANG,01-APR-2021,29.15,29.15,26.25,27.55,4572,1865,187
BANKA,01-APR-2021,62.6,62.7,62.2,62.7,3200,2314,42
BANKBARODA,01-APR-2021,74.8,76.0,73.5,75.6,38540206,6870594,88768
BANKBEES,01-APR-2021,339.02,342.25,334.5,341.52,1272684,609717,11913
BANKINDIA,01-APR-2021,69.45,72.3,68.9,69.9,10593022,2815112,41500
BANSWRAS,01-APR-2021,102.95,107.0,101.45,106.05,4750,3866,222
BASF,01-APR-2021,2098.0,2160.0,2070.0,2136.9,25528,10031,2943
BASML,01-APR-2021,63.85,63.9,60.2,62.25,10612,7759,172
BATAINDIA,01-APR-2021,1416.55,1437.75,1410.55,1425.05,573721,118255,20503
BAYERCROP,01-APR-2021,5341.0,5395.0,5264.7,5313.1,10382,5617,2485
BBL,01-APR-2021,1105.5,1134.0,1105.5,1124.7,9083,5703,922
BBTC,01-APR-2021,1116.2,1148.4,1116.2,1145.45,39852,16792,4810
BCG,01-APR-2021,8.4,8.5,7.9,8.15,3245397,1508812,2078
BCLIND,01-APR-2021,106.05,109.75,106.0,106.65,38945,18189,970
BCP,01-APR-2021,3.15,3.2,3.15,3.2,42489,40989,63
BDL,01-APR-2021,333.0,339.35,333.0,337.95,87702,37322,3003
BEARDSELL,01-APR-2021,9.55,10.1,9.5,9.9,7010,5581,22
BECTORFOOD,01-APR-2021,340.5,346.5,337.7,345.4,286146,108946,7113
BEDMUTHA,01-APR-2021,20.2,21.1,20.2,21.0,1442,921,27
BEL,01-APR-2021,126.0,127.0,124.3,126.1,10006344,3697341,65896
BEML,01-APR-2021,1261.5,1332.9,1255.85,1319.55,563017,86299,25391
BEPL,01-APR-2021,141.9,154.25,141.85,152.9,1048787,472265,12889
BERGEPAINT,01-APR-2021,768.0,770.0,761.0,764.35,720353,260732,16210
BESTAGRO,01-APR-2021,425.0,435.0,416.0,429.7,81372,65221,246
BFINVEST,01-APR-2021,276.9,285.55,276.9,280.3,10950,2393,508
BFUTILITIE,01-APR-2021,248.25,259.35,248.25,256.8,159225,43612,4262
BGRENERGY,01-APR-2021,43.75,45.5,43.75,45.25,80955,51522,768
BHAGERIA,01-APR-2021,158.9,163.0,155.8,158.6,47948,32766,672
BHAGYAPROP,01-APR-2021,28.7,29.25,27.75,28.35,4252,3778,31
BHARATFORG,01-APR-2021,603.8,616.0,596.25,613.35,1338081,524283,33152
BHARATGEAR,01-APR-2021,74.6,77.5,73.3,75.95,24687,7444,454
BHARATRAS,01-APR-2021,9461.05,9514.95,9400.0,9442.2,1155,729,556
BHARTIARTL,01-APR-2021,519.95,523.9,514.55,520.8,6980458,2880529,83069
BHEL,01-APR-2021,49.0,51.2,48.95,50.95,52965110,9221997,89354
BIGBLOC,01-APR-2021,105.55,106.0,104.8,104.8,7726,7102,136
BIL,01-APR-2021,170.0,198.7,170.0,188.55,96744,30101,2378
BINDALAGRO,01-APR-2021,18.0,19.2,18.0,18.7,247495,150396,1108
BIOCON,01-APR-2021,409.2,413.2,408.8,410.55,1860699,579318,22984
BIRLACABLE,01-APR-2021,60.55,63.3,60.55,62.95,66299,35249,856
BIRLACORPN,01-APR-2021,965.0,978.95,961.05,974.1,338114,75521,15005
BIRLAMONEY,01-APR-2021,41.75,42.8,41.2,42.15,95194,45548,798
BIRLATYRE,01-APR-2021,23.4,23.9,22.95,23.9,186502,150790,976
BKMINDST,01-APR-2021,0.9,0.9,0.8,0.9,64409,46709,80
BLISSGVS,01-APR-2021,99.95,102.8,99.0,100.85,252159,155591,2783
BLS,01-APR-2021,92.5,97.8,92.5,96.9,72712,42609,1132
BLUEDART,01-APR-2021,5668.0,5672.25,5520.0,5591.2,22489,5925,3897
BLUESTARCO,01-APR-2021,945.0,959.0,917.0,922.85,156932,60735,12254
BODALCHEM,01-APR-2021,90.85,94.8,90.85,93.8,1031508,383550,9883
BOMDYEING,01-APR-2021,70.7,73.5,70.6,73.35,2408721,639524,11661
BOROLTD,01-APR-2021,171.7,173.1,168.0,169.7,61517,37996,3605
BORORENEW,01-APR-2021,252.2,252.2,244.1,249.5,200687,112242,3175
BOSCHLTD,01-APR-2021,14244.95,14404.95,14033.15,14178.9,56398,23859,14313
BPCL,01-APR-2021,430.6,439.95,428.05,437.4,4578197,1674709,55099
BPL,01-APR-2021,22.75,23.85,22.75,23.85,65625,51902,453
BRFL,01-APR-2021,6.65,7.05,6.65,7.05,241319,203745,8690
BRIGADE,01-APR-2021,281.0,281.0,262.1,267.35,561864,398129,22054
BRITANNIA,01-APR-2021,3635.0,3670.0,3610.25,3618.5,460658,251028,29858
BRNL,01-APR-2021,28.5,29.6,28.5,29.2,39136,24279,325
BROOKS,01-APR-2021,62.2,63.0,59.3,60.25,61198,36305,531
BSE,01-APR-2021,572.0,587.95,568.0,583.55,207585,119887,6345
BSELINFRA,01-APR-2021,0.95,0.95,0.95,0.95,10136,10136,16
BSL,01-APR-2021,33.8,34.95,31.0,34.2,11205,7315,205
BSLGOLDETF,01-APR-2021,4108.85,4189.0,4083.15,4128.45,518,69,111
BSLNIFTY,01-APR-2021,180.0,180.0,159.3,163.93,486,360,53
BSOFT,01-APR-2021,253.25,268.5,253.25,262.15,3776867,1623543,58571
BURGERKING,01-APR-2021,129.05,132.4,129.05,131.1,1457462,826457,20725
BUTTERFLY,01-APR-2021,560.0,568.05,547.0,550.5,66349,18964,9666
BYKE,01-APR-2021,18.35,19.2,18.35,18.85,58025,39875,205
CADILAHC,01-APR-2021,445.0,447.15,440.45,441.8,1269615,400104,21977
CALSOFT,01-APR-2021,8.85,8.85,8.6,8.8,29506,18089,54
CAMLINFINE,01-APR-2021,143.85,143.85,136.5,139.7,210573,72911,3633
CAMS,01-APR-2021,1865.0,1867.9,1828.0,1836.5,34863,22380,3654
CANBK,01-APR-2021,154.4,157.4,150.6,156.35,18668358,3395448,71219
CANFINHOME,01-APR-2021,617.0,619.9,602.55,611.45,330083,125359,16998
CANTABIL,01-APR-2021,383.75,384.8,375.45,379.1,123925,17336,4880
CAPACITE,01-APR-2021,202.8,209.9,201.65,203.35,81488,41126,1623
CAPLIPOINT,01-APR-2021,407.45,464.0,407.35,452.35,1100784,143076,39849
CARBORUNIV,01-APR-2021,516.4,519.0,504.1,506.7,160647,74967,9685
CAREERP,01-APR-2021,131.9,143.15,130.6,139.8,58400,13812,1246
CARERATING,01-APR-2021,416.5,432.5,416.45,430.6,176906,94272,11295
CASTROLIND,01-APR-2021,125.4,126.4,124.0,124.8,889567,495458,11006
CCHHL,01-APR-2021,4.2,4.5,3.9,4.45,63422,43819,131
CCL,01-APR-2021,235.0,239.0,229.1,230.55,223811,140930,11931
CDSL,01-APR-2021,661.05,671.7,652.1,655.65,712734,359490,34165
CEATLTD,01-APR-2021,1566.0,1609.0,1552.0,1595.8,259451,38935,12053
CENTENKA,01-APR-2021,255.8,259.8,254.45,257.9,18048,12358,611
CENTEXT,01-APR-2021,4.25,4.6,4.25,4.55,183897,157186,235
CENTRALBK,01-APR-2021,16.95,17.1,16.6,17.1,8637139,4137804,10427
CENTRUM,01-APR-2021,28.4,29.0,28.15,28.35,4752682,1305478,6021
CENTUM,01-APR-2021,383.1,388.0,374.65,378.35,6028,2599,419
CENTURYPLY,01-APR-2021,322.0,323.25,315.25,318.25,137016,79932,4839
CENTURYTEX,01-APR-2021,467.0,470.9,455.55,458.9,498618,205684,14617
CERA,01-APR-2021,3922.0,4025.0,3815.25,3867.45,5685,2373,1733
CEREBRAINT,01-APR-2021,51.9,53.25,51.05,52.9,295495,98664,1508
CESC,01-APR-2021,599.9,610.0,595.0,605.55,149710,54686,6283
CGCL,01-APR-2021,381.5,396.0,380.4,394.1,92450,26740,4037
CGPOWER,01-APR-2021,68.15,69.6,66.75,68.75,2339008,1359639,7529
CHALET,01-APR-2021,148.5,155.0,147.3,152.7,175959,79989,2632
CHAMBLFERT,01-APR-2021,229.8,233.55,226.35,230.35,461695,272631,9390
CHEMBOND,01-APR-2021,193.65,193.9,188.0,191.35,32948,19967,494
CHEMCON,01-APR-2021,410.4,415.55,408.75,413.6,90444,43540,3163
CHEMFAB,01-APR-2021,129.0,137.0,127.65,130.9,8378,5788,186
CHENNPETRO,01-APR-2021,100.9,103.5,99.4,103.05,445355,173821,4842
CHOLAFIN,01-APR-2021,566.0,568.9,549.6,562.5,4461159,2243967,72528
CHOLAHLDNG,01-APR-2021,593.8,606.05,590.1,600.85,24420,10986,2718
CIGNITITEC,01-APR-2021,315.9,347.0,315.25,343.9,128107,91812,2582
CINELINE,01-APR-2021,32.0,33.0,31.5,32.55,34501,21144,358
CINEVISTA,01-APR-2021,6.2,6.5,6.0,6.3,15390,12351,49
CIPLA,01-APR-2021,819.5,824.0,811.6,818.3,1910949,570752,39715
CLEDUCATE,01-APR-2021,94.75,96.05,92.15,96.05,25546,18659,386
CLNINDIA,01-APR-2021,374.95,384.0,374.95,382.65,32790,17735,2099
COALINDIA,01-APR-2021,131.45,132.4,130.6,132.15,6226087,1715150,39462
COCHINSHIP,01-APR-2021,374.5,381.0,373.0,378.45,113211,43414,3913
COFORGE,01-APR-2021,2936.0,3070.8,2888.15,2933.45,832101,131285,49429
COLPAL,01-APR-2021,1555.35,1578.0,1555.35,1562.95,228430,64878,14907
COMPINFO,01-APR-2021,18.9,19.3,18.35,18.5,134529,82501,571
COMPUSOFT,01-APR-2021,9.2,9.2,8.7,8.8,31969,19488,133
CONCOR,01-APR-2021,605.0,606.0,593.35,598.6,2350611,1067080,38341
CONFIPET,01-APR-2021,45.1,45.65,44.75,45.1,355287,199190,2030
CONSOFINVT,01-APR-2021,58.85,58.9,57.15,58.35,3717,2885,44
CONTROLPR,01-APR-2021,244.25,252.0,243.65,247.25,7377,3535,374
CORALFINAC,01-APR-2021,21.45,22.45,21.2,22.25,9897,5814,96
CORDSCABLE,01-APR-2021,39.1,41.4,39.1,41.1,25456,10061,352
COROMANDEL,01-APR-2021,774.55,774.9,746.25,748.9,600863,403169,25435
COSMOFILMS,01-APR-2021,621.0,642.0,621.0,636.9,61908,41433,2599
CPSEETF,01-APR-2021,22.66,23.04,22.61,22.89,1267001,891017,5383
CRAFTSMAN,01-APR-2021,1425.1,1476.0,1425.1,1449.05,67232,27124,6932
CREATIVE,01-APR-2021,105.75,105.75,102.65,103.3,13352,3848,99
CREDITACC,01-APR-2021,668.0,678.55,660.0,666.9,46538,20874,3709
CREST,01-APR-2021,84.05,85.85,82.65,84.1,3142,2165,123
CRISIL,01-APR-2021,1848.7,1869.85,1781.3,1788.95,63031,39847,6140
CROMPTON,01-APR-2021,391.0,399.0,383.45,393.25,1317098,817222,33736
CSBBANK,01-APR-2021,234.2,244.9,233.0,236.2,311232,183620,7159
CTE,01-APR-2021,26.4,26.4,25.4,25.55,15303,13501,148
CUB,01-APR-2021,156.45,161.95,156.45,161.1,1502566,428321,15143
CUBEXTUB,01-APR-2021,17.45,17.75,16.65,17.75,6819,5999,38
CUMMINSIND,01-APR-2021,929.5,934.25,888.2,895.35,1546599,244031,40976
CUPID,01-APR-2021,210.1,216.6,210.1,213.9,39522,20562,1547
CYBERTECH,01-APR-2021,122.7,126.0,122.5,124.8,107125,61687,1271
CYIENT,01-APR-2021,652.05,678.8,652.05,665.65,496762,359253,30693
DAAWAT,01-APR-2021,58.8,62.9,58.3,62.25,3722852,1591477,16486
DABUR,01-APR-2021,540.45,543.95,536.8,538.65,823482,376733,19614
DALBHARAT,01-APR-2021,1598.0,1599.9,1550.0,1560.35,192213,169295,14784
DALMIASUG,01-APR-2021,188.95,189.0,182.6,184.3,117193,62382,2554
DAMODARIND,01-APR-2021,24.3,25.0,23.1,24.2,18224,12595,163
DANGEE,01-APR-2021,130.0,132.45,129.45,130.45,22302,5533,73
DATAMATICS,01-APR-2021,116.0,123.35,116.0,122.55,300901,139258,4047
DBCORP,01-APR-2021,90.3,92.35,89.9,91.5,149266,75466,2264
DBL,01-APR-2021,582.9,603.95,580.0,595.0,168401,40425,5746
DBSTOCKBRO,01-APR-2021,8.95,8.95,8.4,8.75,2907,1889,18
DCAL,01-APR-2021,109.25,115.0,109.25,113.45,422710,222083,8048
DCBBANK,01-APR-2021,103.9,105.2,103.0,104.35,1047396,332422,7113
DCM,01-APR-2021,24.9,25.0,24.2,24.45,13861,10914,140
DCMSHRIRAM,01-APR-2021,503.7,523.7,503.7,517.6,54432,22604,2621
DCW,01-APR-2021,26.25,28.7,26.25,28.15,1356051,750797,2750
DECCANCE,01-APR-2021,421.85,429.0,415.85,423.7,35713,16415,1729
DEEPAKFERT,01-APR-2021,228.9,236.0,228.3,234.55,424800,147436,8272
DEEPAKNTR,01-APR-2021,1675.0,1693.7,1635.95,1646.75,1007936,247343,43919
DEEPENR,01-APR-2021,35.25,36.0,34.05,35.5,20683,15347,257
DELTACORP,01-APR-2021,163.9,170.5,163.0,169.05,3106714,724437,27502
DELTAMAGNT,01-APR-2021,30.65,31.9,30.6,31.45,1407,914,92
DEN,01-APR-2021,49.6,49.75,49.0,49.2,4848933,3547584,21204
DENORA,01-APR-2021,251.5,257.15,248.7,254.1,2413,1327,123
DFMFOODS,01-APR-2021,374.6,374.6,359.7,361.6,60260,35343,1920
DGCONTENT,01-APR-2021,7.45,7.45,6.95,7.45,7119,7103,33
DHAMPURSUG,01-APR-2021,184.55,188.6,184.3,185.6,355273,115182,5765
DHANBANK,01-APR-2021,15.0,16.0,14.55,15.55,5162115,677024,4922
DHANI,01-APR-2021,163.95,184.9,155.1,172.35,10872520,4342877,81918
DHANUKA,01-APR-2021,695.95,722.4,690.0,717.15,90080,71432,5120
DHARSUGAR,01-APR-2021,6.3,6.45,6.2,6.4,27165,19293,111
DHFL,01-APR-2021,15.65,16.4,15.65,16.3,1792802,1154908,4327
DHUNINV,01-APR-2021,277.4,279.75,270.1,272.05,1530,568,250
DIAMONDYD,01-APR-2021,590.0,611.0,589.1,593.95,5597,3667,512
DICIND,01-APR-2021,394.35,398.9,391.45,394.9,3274,2373,112
DISHTV,01-APR-2021,9.25,10.9,9.25,10.3,27526503,15426232,14704
DIVISLAB,01-APR-2021,3618.0,3639.0,3603.0,3616.1,247000,75871,20283
DIXON,01-APR-2021,3702.45,3720.0,3571.5,3588.05,374644,207808,67253
DLF,01-APR-2021,288.1,293.6,283.5,291.8,7372090,715875,49557
DLINKINDIA,01-APR-2021,106.4,108.0,104.1,106.15,178196,69249,3031
DMART,01-APR-2021,2885.0,2925.0,2855.5,2912.7,416624,179583,36076
DNAMEDIA,01-APR-2021,0.7,0.75,0.65,0.75,61029,50927,71
DOLAT,01-APR-2021,70.25,71.8,69.0,70.65,310775,247931,2462
DOLLAR,01-APR-2021,232.7,236.55,227.95,234.95,138439,108155,2198
DONEAR,01-APR-2021,30.5,31.7,30.25,31.2,36833,22420,331
DPABHUSHAN,01-APR-2021,118.1,122.0,118.0,121.15,2652,2296,42
DPSCLTD,01-APR-2021,11.85,12.75,11.75,12.45,28319,20035,165
DPWIRES,01-APR-2021,108.65,109.0,103.3,105.8,2077,1661,95
DRCSYSTEMS,01-APR-2021,307.25,307.25,307.25,307.25,4156,4156,60
DREDGECORP,01-APR-2021,373.65,391.2,373.0,383.4,311210,54985,10959
DRREDDY,01-APR-2021,4550.0,4594.95,4522.05,4587.65,647640,252282,52621
DSSL,01-APR-2021,75.95,76.4,71.5,72.6,51060,27002,717
DTIL,01-APR-2021,264.65,264.65,257.2,259.4,2008,1420,125
DUCON,01-APR-2021,6.2,6.25,5.7,5.95,157439,87721,335
DVL,01-APR-2021,101.0,101.4,97.1,98.5,30478,20559,521
DWARKESH,01-APR-2021,31.7,31.9,31.05,31.6,1061538,494819,5149
DYNAMATECH,01-APR-2021,945.5,1111.0,945.5,1054.75,74856,20073,8005
DYNPRO,01-APR-2021,523.1,537.7,504.0,509.05,53802,25301,3010
EASEMYTRIP,01-APR-2021,210.05,216.6,206.35,214.0,2334164,809538,25532
EBBETF0423,01-APR-2021,1115.57,1116.9,1115.55,1116.43,2510,2261,71
EBBETF0425,01-APR-2021,1030.5,1034.0,1030.25,1033.99,11812,11638,61
EBBETF0430,01-APR-2021,1135.0,1137.0,1134.0,1136.75,27765,27745,103
EBBETF0431,01-APR-2021,1017.24,1022.99,1017.24,1021.55,3511,3262,146
EBIXFOREX,01-APR-2021,495.0,495.0,473.0,475.5,1548,1054,125
ECLERX,01-APR-2021,1119.0,1130.0,1099.95,1108.4,54768,20131,4858
EDELWEISS,01-APR-2021,63.15,66.45,63.1,66.45,4024006,2502122,17248
EICHERMOT,01-APR-2021,2610.8,2649.0,2588.85,2631.15,744423,142703,50361
EIDPARRY,01-APR-2021,320.0,326.5,319.6,324.35,131061,66976,5128
EIHAHOTELS,01-APR-2021,236.5,243.0,235.35,240.65,3646,2349,241
EIHOTEL,01-APR-2021,93.2,97.4,93.2,95.5,456500,150959,6936
EIMCOELECO,01-APR-2021,335.5,349.15,327.65,339.95,1124,669,167
EKC,01-APR-2021,80.5,84.0,80.3,81.65,883742,405586,9869
ELECON,01-APR-2021,64.9,67.95,63.65,67.55,482957,315796,3964
ELECTCAST,01-APR-2021,24.8,25.9,24.8,25.7,1681023,1078464,4054
ELECTHERM,01-APR-2021,112.55,117.1,110.95,112.95,39676,30161,422
ELGIEQUIP,01-APR-2021,190.2,198.75,189.35,197.2,106111,65086,4288
ELGIRUBCO,01-APR-2021,26.7,27.55,26.55,27.2,18445,12495,120
EMAMILTD,01-APR-2021,482.0,493.8,480.45,488.05,828339,732545,17831
EMAMIPAP,01-APR-2021,127.2,127.8,122.2,125.7,38156,16823,774
EMAMIREAL,01-APR-2021,39.7,41.65,39.5,41.65,17223,11206,196
EMKAY,01-APR-2021,64.2,69.85,64.2,68.25,24296,14371,541
EMMBI,01-APR-2021,84.5,85.7,82.9,84.4,40136,24510,764
ENDURANCE,01-APR-2021,1452.35,1465.1,1425.3,1440.75,68246,49020,6590
ENGINERSIN,01-APR-2021,77.6,79.0,77.1,78.4,1633313,717844,12035
ENIL,01-APR-2021,145.6,149.3,145.2,146.5,58396,40411,825
EPL,01-APR-2021,236.0,243.85,233.0,235.15,2116025,1941714,21473
EQ30,01-APR-2021,411.0,432.12,411.0,432.0,73,49,17
EQUITAS,01-APR-2021,87.25,89.25,87.2,87.8,899852,476932,9072
EQUITASBNK,01-APR-2021,60.1,62.5,59.7,61.85,3561203,3202993,4772
ERIS,01-APR-2021,620.55,634.0,600.0,604.3,267662,72877,12839
EROSMEDIA,01-APR-2021,24.75,25.9,24.65,25.45,167977,91281,558
ESABINDIA,01-APR-2021,1798.7,1839.0,1798.7,1830.8,3619,1802,547
ESCORTS,01-APR-2021,1310.0,1316.9,1263.3,1274.05,1597734,302325,59466
ESSARSHPNG,01-APR-2021,7.75,8.25,7.75,8.15,119034,65565,402
ESTER,01-APR-2021,118.7,121.5,117.4,119.3,164954,83967,2450
EUROTEXIND,01-APR-2021,7.8,7.8,7.8,7.8,256,251,4
EVEREADY,01-APR-2021,271.0,278.5,270.0,275.8,203383,79297,5670
EVERESTIND,01-APR-2021,287.0,299.5,287.0,292.45,21517,8392,693
EXCEL,01-APR-2021,2.35,2.45,2.3,2.45,40122,27346,93
EXCELINDUS,01-APR-2021,847.8,857.0,845.3,850.8,6038,3700,718
EXIDEIND,01-APR-2021,185.25,186.3,184.1,185.8,2010308,689919,20916
EXPLEOSOL,01-APR-2021,540.0,555.0,526.05,546.45,38463,21077,2104
FACT,01-APR-2021,109.75,114.4,109.75,112.25,229234,66710,2724
FAIRCHEMOR,01-APR-2021,760.0,767.6,735.0,747.65,13121,8382,981
FCL,01-APR-2021,66.7,68.5,65.55,67.2,535746,296881,3692
FCONSUMER,01-APR-2021,6.2,6.6,6.1,6.6,4963091,2863390,3227
FDC,01-APR-2021,286.1,291.95,286.1,287.8,177323,117662,2411
FEDERALBNK,01-APR-2021,76.45,79.5,76.3,78.85,17948568,3427377,42597
FEL,01-APR-2021,8.05,8.7,8.05,8.7,490392,378230,5997
FELDVR,01-APR-2021,10.45,10.8,10.25,10.8,25109,18226,97
FIEMIND,01-APR-2021,560.5,585.0,557.65,573.35,13110,6869,976
FILATEX,01-APR-2021,67.0,71.25,66.95,69.9,929103,589714,4519
FINCABLES,01-APR-2021,381.5,391.95,381.5,388.75,65348,29289,3039
FINEORG,01-APR-2021,2295.0,2306.1,2272.05,2290.25,25554,15408,5126
FINPIPE,01-APR-2021,648.25,659.0,648.0,654.7,274459,100771,11682
FLFL,01-APR-2021,46.7,51.3,46.5,51.3,353258,170567,1757
FLUOROCHEM,01-APR-2021,575.2,616.0,575.0,610.65,75478,45870,2672
FMGOETZE,01-APR-2021,281.35,289.45,281.35,288.45,3956,2352,146
FMNL,01-APR-2021,12.25,12.5,11.55,12.5,109206,58767,181
FORCEMOT,01-APR-2021,1174.0,1220.0,1174.0,1197.65,16496,7185,1863
FORTIS,01-APR-2021,201.0,203.8,198.15,202.25,1650936,560073,15044
FOSECOIND,01-APR-2021,1148.85,1205.0,1147.6,1195.75,2819,589,1080
FRETAIL,01-APR-2021,41.45,44.75,40.55,44.75,4458582,1991808,15440
FSC,01-APR-2021,60.65,66.35,60.05,66.35,96474,52943,954
FSL,01-APR-2021,114.3,120.9,114.3,118.1,8467620,2236016,58440
G5,01-APR-2021,47.44,47.47,47.31,47.44,224,122,20
GABRIEL,01-APR-2021,103.95,104.1,102.75,103.1,488776,362818,3147
GAEL,01-APR-2021,128.4,137.9,128.4,135.2,407247,160575,5053
GAIL,01-APR-2021,136.25,140.95,135.2,140.15,18828032,4698479,69653
GAL,01-APR-2021,1.95,1.95,1.9,1.95,59330,54228,74
GALAXYSURF,01-APR-2021,2560.2,2605.75,2530.0,2546.35,23403,9398,3757
GALLANTT,01-APR-2021,43.05,47.0,42.8,46.55,37983,21559,488
GALLISPAT,01-APR-2021,37.45,40.75,36.65,39.85,78707,48233,558
GAMMNINFRA,01-APR-2021,0.7,0.75,0.7,0.75,817607,754792,13317
GANDHITUBE,01-APR-2021,284.0,284.0,265.3,274.55,6598,4187,260
GANECOS,01-APR-2021,590.4,600.75,582.0,590.8,22258,12273,769
GANESHHOUC,01-APR-2021,57.9,58.4,57.9,58.4,14555,12471,62
GANGESSECU,01-APR-2021,63.0,63.0,60.05,60.25,1812,1321,42
GARFIBRES,01-APR-2021,2597.9,2627.5,2584.05,2616.2,10493,5710,2824
GATI,01-APR-2021,103.7,107.45,103.15,106.05,421231,199194,4903
GAYAPROJ,01-APR-2021,29.0,31.2,28.75,31.1,1097657,782032,2928
GBGLOBAL,01-APR-2021,7.65,7.65,7.1,7.45,1662,1543,20
GDL,01-APR-2021,177.75,181.8,174.75,177.9,80168,37670,2257
GEECEE,01-APR-2021,102.2,105.95,102.0,102.65,12828,5698,433
GEEKAYWIRE,01-APR-2021,79.95,79.95,77.7,79.45,15762,15597,29
GENCON,01-APR-2021,45.45,47.7,44.55,45.25,2562,1817,152
GENUSPAPER,01-APR-2021,7.2,7.35,7.05,7.25,127994,82925,262
GENUSPOWER,01-APR-2021,48.7,51.15,48.3,50.65,298678,202246,1294
GEOJITFSL,01-APR-2021,52.0,52.0,50.85,51.8,186560,110832,2418
GEPIL,01-APR-2021,288.5,290.6,284.0,286.05,55821,30335,2325
GESHIP,01-APR-2021,314.0,326.75,310.05,315.1,265822,136818,7869
GET&D,01-APR-2021,116.65,124.7,116.2,121.6,99882,52604,1419
GFSTEELS,01-APR-2021,2.0,2.0,2.0,2.0,100,100,2
GHCL,01-APR-2021,231.5,233.1,227.0,229.6,110993,50476,4856
GICHSGFIN,01-APR-2021,117.45,123.4,117.4,122.1,370743,141318,4174
GICRE,01-APR-2021,200.0,211.0,196.0,208.2,2521612,456569,46457
GILLANDERS,01-APR-2021,42.4,42.4,40.4,41.15,1115,1047,18
GILLETTE,01-APR-2021,5861.0,5895.0,5490.1,5689.75,16491,5837,4001
GINNIFILA,01-APR-2021,19.85,20.6,19.5,20.4,70151,32353,382
GIPCL,01-APR-2021,76.8,76.8,75.8,76.2,435166,292134,3261
GKWLIMITED,01-APR-2021,508.05,517.0,501.05,514.45,927,72,397
GLAND,01-APR-2021,2499.2,2507.8,2441.0,2467.9,168497,114199,20835
GLAXO,01-APR-2021,1440.0,1455.0,1430.0,1432.15,30043,9580,3625
GLENMARK,01-APR-2021,466.0,488.0,462.35,483.25,2183036,840063,31701
GLFL,01-APR-2021,2.6,2.6,2.45,2.5,14812,12657,46
GLOBAL,01-APR-2021,36.35,37.95,35.5,37.5,3474,2323,97
GLOBUSSPR,01-APR-2021,318.1,340.45,317.55,331.05,198146,57537,5071
GMBREW,01-APR-2021,416.1,439.0,416.1,435.85,68801,38472,2054
GMDCLTD,01-APR-2021,55.5,59.75,55.45,58.95,2423496,843246,11411
GMMPFAUDLR,01-APR-2021,4300.0,4536.0,4295.0,4437.9,131914,40503,21744
GMRINFRA,01-APR-2021,24.65,25.15,24.1,25.0,19223855,7401316,32819
GNA,01-APR-2021,342.95,373.75,342.95,367.15,109142,48039,3571
GNFC,01-APR-2021,304.0,313.75,303.7,311.95,1088792,466644,15732
GOACARBON,01-APR-2021,277.7,303.35,277.7,299.95,79420,28406,2212
GOCLCORP,01-APR-2021,220.0,226.0,218.05,223.65,4537,3352,151
GODFRYPHLP,01-APR-2021,920.35,935.0,916.0,928.0,72171,32500,3896
GODHA,01-APR-2021,46.15,46.15,45.65,45.65,10,10,2
GODREJAGRO,01-APR-2021,525.0,532.35,512.8,518.0,130637,45730,6774
GODREJCP,01-APR-2021,730.7,735.9,723.7,726.3,681593,337477,17893
GODREJIND,01-APR-2021,542.0,548.3,533.4,539.5,193533,106142,6883
GODREJPROP,01-APR-2021,1380.3,1406.4,1361.3,1391.35,1024026,178157,37742
GOKEX,01-APR-2021,78.6,80.3,78.6,79.15,123540,81905,1327
GOKUL,01-APR-2021,17.95,19.15,17.95,18.7,10630,6108,158
GOKULAGRO,01-APR-2021,20.6,20.6,20.1,20.3,23530,13770,179
GOLDBEES,01-APR-2021,39.7,39.7,38.42,39.1,4438427,3834359,21756
GOLDENTOBC,01-APR-2021,40.95,42.0,40.1,41.4,3062,2057,175
GOLDIAM,01-APR-2021,346.9,351.9,338.45,340.55,25200,14796,1083
GOLDSHARE,01-APR-2021,39.85,40.2,39.85,40.05,206615,148538,782
GOODLUCK,01-APR-2021,66.15,73.85,66.15,72.15,448883,165923,3581
GOODYEAR,01-APR-2021,896.0,923.95,893.6,918.8,8128,4389,897
GPIL,01-APR-2021,725.05,772.0,721.0,759.3,339402,147680,10164
GPPL,01-APR-2021,97.25,100.7,97.25,99.95,193831,115440,6882
GPTINFRA,01-APR-2021,37.55,39.0,36.75,38.2,18351,12112,175
GRANULES,01-APR-2021,305.85,312.6,304.1,311.9,1839186,667832,24498
GRAPHITE,01-APR-2021,520.0,580.95,518.25,557.4,5600312,1417900,114402
GRASIM,01-APR-2021,1460.0,1467.0,1436.95,1454.5,1270201,303647,43912
GRAVITA,01-APR-2021,91.5,97.25,91.05,96.15,196675,105872,2178
GREAVESCOT,01-APR-2021,129.0,135.0,128.0,134.25,1099718,568774,15065
GREENLAM,01-APR-2021,939.95,950.0,900.05,930.45,10759,6267,585
GREENPANEL,01-APR-2021,162.0,168.15,162.0,168.15,271820,230960,1227
GREENPLY,01-APR-2021,171.95,181.3,171.55,180.0,260822,157651,3783
GRINDWELL,01-APR-2021,950.0,964.25,925.0,934.4,149416,131622,4178
GROBTEA,01-APR-2021,806.95,838.95,800.0,801.4,843,169,318
GRPLTD,01-APR-2021,810.05,959.95,808.85,913.1,13246,2854,1756
GRSE,01-APR-2021,185.8,193.0,185.8,190.55,121867,60473,2337
GSCLCEMENT,01-APR-2021,33.25,34.3,33.25,34.05,125299,63484,793
GSFC,01-APR-2021,81.75,87.9,81.75,87.15,2663260,874821,14429
GSPL,01-APR-2021,275.9,280.4,273.35,276.3,964293,656146,18016
GSS,01-APR-2021,52.6,54.5,52.55,53.55,53656,40609,460
GTL,01-APR-2021,5.25,5.5,5.05,5.5,177013,95595,388
GTLINFRA,01-APR-2021,0.8,0.85,0.75,0.8,10249793,7773204,2629
GTNTEX,01-APR-2021,5.3,5.3,5.05,5.05,1031,780,8
GTPL,01-APR-2021,123.6,125.75,121.15,124.55,121598,76537,1417
GUFICBIO,01-APR-2021,115.35,120.6,112.35,115.9,332270,136283,4629
GUJALKALI,01-APR-2021,346.6,358.0,344.45,353.25,107076,50309,2783
GUJAPOLLO,01-APR-2021,209.85,213.55,203.6,208.6,13135,5950,319
GUJGASLTD,01-APR-2021,554.7,566.0,542.0,547.8,1665370,294869,34014
GULFOILLUB,01-APR-2021,723.0,745.0,722.0,742.2,11469,6772,1059
GULFPETRO,01-APR-2021,36.75,38.8,36.05,38.3,47167,29784,444
GULPOLY,01-APR-2021,94.4,95.15,92.5,94.7,43277,25790,537
HAL,01-APR-2021,1017.0,1052.0,1011.25,1035.65,980629,541389,30769
HAPPSTMNDS,01-APR-2021,544.8,613.0,543.05,594.55,7937821,1550085,144065
HARITASEAT,01-APR-2021,745.0,754.0,704.9,735.45,32572,14060,1774
HARRMALAYA,01-APR-2021,141.4,144.4,139.55,141.95,100044,25777,2545
HATHWAY,01-APR-2021,26.1,26.15,25.15,25.35,1342150,911659,6790
HATSUN,01-APR-2021,728.5,748.5,725.6,742.0,23251,15404,2381
HAVELLS,01-APR-2021,1062.75,1072.0,1046.15,1058.45,1032919,236236,29921
HBANKETF,01-APR-2021,335.0,338.9,332.01,337.8,870,522,74
HBLPOWER,01-APR-2021,34.0,34.65,33.3,34.45,303767,179955,1854
HCC,01-APR-2021,8.4,8.45,8.3,8.45,2813195,1987002,4076
HCG,01-APR-2021,192.4,193.8,184.05,187.05,215841,72271,6231
HCL-INSYS,01-APR-2021,9.15,9.25,9.0,9.25,231165,189964,528
HCLTECH,01-APR-2021,992.0,1013.5,990.6,1002.6,5269079,1518707,97439
HDFC,01-APR-2021,2524.0,2536.95,2480.0,2531.45,2621437,1145037,103602
HDFCAMC,01-APR-2021,2935.0,2975.0,2891.15,2963.35,121493,45435,12564
HDFCBANK,01-APR-2021,1499.4,1499.4,1465.0,1486.75,17881881,9572778,338659
HDFCLIFE,01-APR-2021,699.8,704.35,682.3,691.0,3443437,1716518,67468
HDFCMFGETF,01-APR-2021,40.39,41.4,39.91,40.08,1017425,871209,2025
HDFCNIFETF,01-APR-2021,157.95,158.8,156.5,158.01,19500,17442,214
HDFCSENETF,01-APR-2021,540.0,540.0,530.0,530.47,1439,1079,130
HEG,01-APR-2021,1479.0,1605.0,1478.0,1580.9,983669,200527,43722
HEIDELBERG,01-APR-2021,234.9,241.5,233.05,239.05,556730,204462,8832
HERANBA,01-APR-2021,635.8,647.2,631.0,632.15,387094,215614,12302
HERCULES,01-APR-2021,113.95,115.5,112.25,114.95,24147,14541,690
HERITGFOOD,01-APR-2021,293.0,315.0,292.5,312.9,183853,63507,5164
HEROMOTOCO,01-APR-2021,2949.0,3004.95,2933.0,2956.1,1067722,286005,63536
HESTERBIO,01-APR-2021,1931.45,1965.55,1886.0,1903.4,11049,4013,1456
HFCL,01-APR-2021,25.4,27.0,24.6,26.4,5553498,2322846,6875
HGINFRA,01-APR-2021,299.7,302.7,294.35,295.55,45237,27098,1324
HGS,01-APR-2021,1715.0,1890.0,1684.0,1798.8,155968,55088,14481
HIKAL,01-APR-2021,144.1,164.4,144.1,159.9,2894671,475201,27659
HIL,01-APR-2021,3059.0,3088.0,2955.2,3017.9,6114,3966,1130
HILTON,01-APR-2021,9.2,9.7,8.85,9.65,11894,9235,71
HIMATSEIDE,01-APR-2021,145.05,148.0,145.05,147.3,76825,37417,2221
HINDALCO,01-APR-2021,329.75,352.0,328.45,350.25,25631843,4357729,181535
HINDCOMPOS,01-APR-2021,261.35,272.75,261.35,270.35,8714,3082,348
HINDCOPPER,01-APR-2021,120.5,125.55,120.15,125.55,2632548,1239560,16115
HINDOILEXP,01-APR-2021,97.0,99.1,96.8,98.0,412540,163893,4292
HINDPETRO,01-APR-2021,236.0,238.65,232.5,237.6,3620285,1409238,44426
HINDUNILVR,01-APR-2021,2446.8,2446.8,2392.05,2399.1,1532653,879833,89059
HINDZINC,01-APR-2021,276.0,283.0,274.25,280.25,1464491,391935,28002
HIRECT,01-APR-2021,120.0,126.0,119.2,125.25,17410,10031,430
HISARMETAL,01-APR-2021,113.9,126.75,112.2,122.9,528393,85824,8359
HITECH,01-APR-2021,398.95,406.4,392.9,402.15,83144,35841,2359
HITECHCORP,01-APR-2021,121.55,128.05,121.45,122.75,3665,1393,276
HITECHGEAR,01-APR-2021,172.45,176.35,172.0,173.25,9713,4109,330
HLEGLAS,01-APR-2021,2340.0,2400.95,2310.0,2400.95,7718,6387,737
HLVLTD,01-APR-2021,5.95,6.2,5.8,6.15,215997,163102,358
HMVL,01-APR-2021,59.75,64.45,59.65,63.35,34937,23646,496
HNDFDS,01-APR-2021,2138.0,2174.5,2100.0,2129.6,15419,8166,2660
HNGSNGBEES,01-APR-2021,349.99,359.99,346.11,357.0,1664,1484,90
HOMEFIRST,01-APR-2021,448.1,464.85,448.1,462.35,142753,42747,7506
HONAUT,01-APR-2021,47774.9,47774.9,45800.0,46112.6,4054,1507,2776
HONDAPOWER,01-APR-2021,961.25,985.0,961.25,980.55,5288,3807,524
HOTELRUGBY,01-APR-2021,1.05,1.05,1.05,1.05,5000,5000,4
HSCL,01-APR-2021,42.0,44.5,41.9,44.0,6395196,2192431,19495
HSIL,01-APR-2021,154.1,161.4,154.1,159.2,200859,74044,5926
HTMEDIA,01-APR-2021,21.0,22.85,21.0,22.85,159928,106616,600
HUDCO,01-APR-2021,44.1,45.9,44.05,45.1,4428835,1192126,14025
HUHTAMAKI,01-APR-2021,282.5,289.3,282.5,287.9,53776,35033,1450
IBMFNIFTY,01-APR-2021,155.37,155.37,142.83,148.8,518,194,69
IBREALEST,01-APR-2021,82.3,91.0,81.55,88.3,23275713,6500140,81571
IBULHSGFIN,01-APR-2021,200.05,205.5,196.3,204.65,14256246,2695807,99705
ICEMAKE,01-APR-2021,66.25,68.75,66.1,67.5,2902,2188,76
ICICI500,01-APR-2021,209.98,209.98,200.95,203.97,3197,2504,126
ICICIALPLV,01-APR-2021,145.2,145.2,141.63,143.35,4541,3257,117
ICICIB22,01-APR-2021,35.96,36.65,35.22,36.55,249214,203891,1662
ICICIBANK,01-APR-2021,587.55,596.1,580.2,594.4,15631940,5461849,187284
ICICIBANKN,01-APR-2021,337.0,337.69,329.43,335.85,7096,4875,279
ICICIBANKP,01-APR-2021,197.7,197.7,176.1,178.93,48114,22721,932
ICICIGI,01-APR-2021,1438.0,1446.95,1411.0,1437.6,410607,244896,24517
ICICIGOLD,01-APR-2021,39.16,40.19,39.16,39.98,1048382,895821,1667
ICICILIQ,01-APR-2021,1000.0,1000.0,999.99,999.99,27081,25003,29
ICICILOVOL,01-APR-2021,117.0,121.7,115.6,118.63,169236,161741,769
ICICIM150,01-APR-2021,92.4,108.15,90.85,92.96,44730,21624,500
ICICIMCAP,01-APR-2021,87.9,87.9,85.1,86.09,10862,7992,189
ICICINF100,01-APR-2021,164.7,164.7,160.0,160.93,3784,2200,188
ICICINIFTY,01-APR-2021,170.9,170.9,147.4,157.87,64118,43306,3543
ICICINV20,01-APR-2021,79.5,79.7,78.05,78.95,8587,6284,1010
ICICINXT50,01-APR-2021,34.11,35.48,34.11,35.29,16827,15819,424
ICICIPRULI,01-APR-2021,447.45,449.05,437.5,444.35,1520418,611626,28496
ICICISENSX,01-APR-2021,538.99,540.98,526.05,537.49,2693,1459,152
ICICITECH,01-APR-2021,269.0,286.6,261.15,263.09,416438,398004,520
ICIL,01-APR-2021,133.75,137.0,129.0,130.85,297214,92487,2760
ICRA,01-APR-2021,3300.0,3420.3,3280.0,3308.3,11414,2304,1988
IDBI,01-APR-2021,38.8,39.5,38.4,39.0,15754551,5636481,25157
IDBIGOLD,01-APR-2021,4199.95,4199.95,4115.1,4154.85,89,49,36
IDEA,01-APR-2021,9.3,10.15,9.2,10.0,249215374,98480128,160917
IDFC,01-APR-2021,47.9,48.4,47.4,47.7,4058499,2372501,13354
IDFCFIRSTB,01-APR-2021,56.2,57.85,56.15,57.05,49970187,10957497,93661
IDFNIFTYET,01-APR-2021,155.0,158.0,154.7,156.1,94,64,20
IEX,01-APR-2021,335.0,348.55,335.0,347.05,1917324,742782,53784
IFBAGRO,01-APR-2021,415.0,415.0,399.65,407.55,6660,3666,401
IFBIND,01-APR-2021,1132.6,1148.85,1082.05,1096.8,76370,36209,5681
IFCI,01-APR-2021,12.1,12.6,12.05,12.6,5987391,2384781,11887
IFGLEXPOR,01-APR-2021,322.0,329.55,313.9,325.2,58380,37088,1986
IGARASHI,01-APR-2021,275.2,289.0,273.95,285.3,150802,65137,3588
IGL,01-APR-2021,519.6,527.8,515.65,526.45,2479390,1003050,39929
IGPL,01-APR-2021,416.0,432.8,416.0,429.15,35183,19009,1552
IIFL,01-APR-2021,293.45,295.9,282.95,293.95,257126,115814,7671
IIFLSEC,01-APR-2021,46.85,51.45,46.85,50.45,622369,267406,3054
IIFLWAM,01-APR-2021,1241.0,1348.0,1234.3,1308.95,63823,16488,7805
IITL,01-APR-2021,63.3,63.5,60.1,62.95,20018,9240,542
IMFA,01-APR-2021,455.1,495.0,455.0,482.25,61100,39997,2082
IMPAL,01-APR-2021,684.1,697.45,684.05,689.2,723,303,142
INDBANK,01-APR-2021,13.15,13.3,12.6,12.85,31103,20050,269
INDHOTEL,01-APR-2021,111.0,113.45,109.25,112.3,2194893,1067298,24774
INDIACEM,01-APR-2021,168.9,173.85,167.5,169.8,2882429,715782,19657
INDIAGLYCO,01-APR-2021,421.0,443.8,420.0,438.65,334897,82403,13887
INDIAMART,01-APR-2021,7761.0,8037.7,7761.0,7972.55,115414,42387,28236
INDIANB,01-APR-2021,118.0,119.6,117.0,118.1,1214824,442902,11118
INDIANCARD,01-APR-2021,136.8,136.8,132.45,134.0,5482,3282,210
INDIANHUME,01-APR-2021,174.4,181.35,171.05,179.15,59618,19432,3932
INDIGO,01-APR-2021,1631.9,1640.0,1601.4,1616.6,663120,192219,29260
INDIGOPNTS,01-APR-2021,2400.0,2414.85,2350.95,2384.25,15817,5981,2868
INDLMETER,01-APR-2021,14.0,14.1,13.9,14.0,2890,2712,32
INDNIPPON,01-APR-2021,370.05,378.35,369.95,374.0,7445,5025,579
INDOCO,01-APR-2021,289.8,294.25,286.0,288.25,106569,90344,1258
INDORAMA,01-APR-2021,38.95,39.75,38.1,38.85,30045,16052,265
INDOSTAR,01-APR-2021,313.8,319.0,309.65,317.15,10081,5508,585
INDOTECH,01-APR-2021,85.95,96.0,85.55,90.3,32354,9333,770
INDRAMEDCO,01-APR-2021,54.0,56.35,54.0,56.0,151498,96260,1182
INDSWFTLAB,01-APR-2021,70.6,75.5,70.6,74.9,87387,56969,666
INDUSINDBK,01-APR-2021,964.0,997.0,959.1,993.3,7932671,2379494,128089
INDUSTOWER,01-APR-2021,249.8,256.9,246.8,255.45,3907171,1712918,31340
INEOSSTYRO,01-APR-2021,937.0,971.1,937.0,965.55,18015,12268,1143
INFIBEAM,01-APR-2021,47.5,48.4,46.55,47.6,3142177,1763528,6568
INFOBEAN,01-APR-2021,147.4,147.4,144.6,146.55,13972,7804,208
INFRABEES,01-APR-2021,430.0,435.0,425.95,430.31,1404,1387,58
INFY,01-APR-2021,1380.0,1391.6,1371.0,1385.2,5675155,3176842,146481
INGERRAND,01-APR-2021,689.0,700.0,678.0,697.9,15242,5664,1672
INOXLEISUR,01-APR-2021,288.95,288.95,277.0,278.8,747312,354088,25836
INOXWIND,01-APR-2021,70.7,74.0,70.2,72.1,152206,79675,1672
INSECTICID,01-APR-2021,478.0,485.0,469.7,475.75,118676,30809,4028
INSPIRISYS,01-APR-2021,43.35,45.6,43.0,43.55,22068,17382,170
INTELLECT,01-APR-2021,754.0,773.8,715.5,730.75,1118716,433213,47808
INTENTECH,01-APR-2021,33.15,33.4,31.95,32.75,15133,11475,165
INVENTURE,01-APR-2021,29.25,33.0,29.0,31.25,307116,120350,1668
IOB,01-APR-2021,17.1,17.6,16.55,16.95,26467947,5177201,26203
IOC,01-APR-2021,92.0,93.35,91.2,93.15,14843941,4484028,47657
IOLCP,01-APR-2021,556.0,561.35,549.25,552.4,707444,271891,18338
IPCALAB,01-APR-2021,1909.8,1915.0,1871.1,1882.0,119222,67418,14607
IRB,01-APR-2021,110.0,115.0,109.1,113.8,3147655,781389,20963
IRCON,01-APR-2021,89.0,90.45,88.5,89.9,3260535,1525972,12514
IRCTC,01-APR-2021,1760.0,1779.45,1750.0,1751.75,944947,293372,41728
IRFC,01-APR-2021,23.0,23.2,22.7,22.85,18367745,10138551,36551
IRISDOREME,01-APR-2021,92.9,92.9,87.65,90.1,1295,921,67
ISEC,01-APR-2021,385.0,397.5,384.6,394.6,613986,298323,29120
ISFT,01-APR-2021,67.95,69.85,67.35,68.25,7400,6086,149
ISMTLTD,01-APR-2021,11.0,11.25,10.7,10.95,110377,96405,150
ITC,01-APR-2021,220.0,220.6,217.3,220.05,29062762,14556236,125473
ITDC,01-APR-2021,382.15,395.95,382.15,390.75,95906,18499,4475
ITDCEM,01-APR-2021,79.9,79.9,77.65,78.95,210881,122122,2450
ITI,01-APR-2021,115.65,118.2,115.45,117.15,266567,79904,2805
IVC,01-APR-2021,3.95,4.05,3.9,4.05,96702,90161,172
IVZINGOLD,01-APR-2021,4114.05,4114.05,4012.0,4077.75,35,21,17
IVZINNIFTY,01-APR-2021,1640.0,1640.0,1600.9,1617.0,5,4,5
IZMO,01-APR-2021,49.7,52.7,49.7,50.1,22993,17544,278
J&KBANK,01-APR-2021,26.0,26.8,25.8,26.65,1198886,684861,5655
JAGRAN,01-APR-2021,58.95,59.35,58.55,59.0,1590387,1484103,1022
JAGSNPHARM,01-APR-2021,80.0,84.8,79.2,79.9,490978,81128,6102
JAICORPLTD,01-APR-2021,85.4,88.65,84.85,87.9,901954,245186,5826
JAMNAAUTO,01-APR-2021,68.4,69.25,67.0,68.8,308522,127303,4146
JASH,01-APR-2021,306.6,329.7,303.3,324.2,63166,45734,1300
JAYAGROGN,01-APR-2021,135.05,139.75,134.65,136.75,14314,7778,279
JAYBARMARU,01-APR-2021,227.7,235.85,227.7,231.65,18356,10829,298
JAYNECOIND,01-APR-2021,11.0,11.1,10.2,11.1,164874,110569,222
JAYSREETEA,01-APR-2021,67.55,68.8,67.1,68.25,45056,25674,563
JBCHEPHARM,01-APR-2021,1268.0,1268.9,1237.65,1252.1,82203,46288,5512
JBFIND,01-APR-2021,15.1,15.15,14.05,14.2,181997,147132,438
JBMA,01-APR-2021,427.0,432.9,417.85,425.95,17298,9104,888
JCHAC,01-APR-2021,2665.85,2699.8,2619.75,2668.05,14606,6045,2424
JINDALPOLY,01-APR-2021,748.0,775.0,742.3,765.35,48409,21460,5758
JINDALSAW,01-APR-2021,74.7,77.6,74.5,76.65,1269286,483759,8740
JINDALSTEL,01-APR-2021,346.4,373.5,346.0,370.9,14147031,1971493,110742
JINDRILL,01-APR-2021,93.5,94.25,89.4,93.75,21054,14996,411
JINDWORLD,01-APR-2021,49.05,50.8,48.35,49.4,160993,7361,986
JISLJALEQS,01-APR-2021,18.8,19.3,18.6,19.3,2431937,2027293,3994
JKCEMENT,01-APR-2021,2870.0,2970.0,2870.0,2919.6,29478,21171,3538
JKIL,01-APR-2021,193.65,198.0,193.15,194.45,110213,49681,3199
JKLAKSHMI,01-APR-2021,436.2,441.0,426.0,438.65,616815,434044,18993
JKPAPER,01-APR-2021,150.5,155.5,149.25,154.55,926254,268068,9920
JKTYRE,01-APR-2021,109.95,119.9,109.75,119.15,1474290,722767,13685
JMA,01-APR-2021,31.95,32.0,31.25,31.8,515,392,31
JMCPROJECT,01-APR-2021,75.75,83.95,75.15,82.6,382400,240672,2657
JMFINANCIL,01-APR-2021,85.1,86.5,84.25,85.4,913377,396473,6884
JOCIL,01-APR-2021,142.8,152.0,142.8,149.7,6854,3446,256
JPASSOCIAT,01-APR-2021,7.0,7.2,6.95,7.1,5127028,3500775,19273
JPINFRATEC,01-APR-2021,1.55,1.6,1.55,1.55,3617492,2148290,12856
JPPOWER,01-APR-2021,3.35,3.4,3.3,3.4,60226830,29493318,11480
JSL,01-APR-2021,68.15,70.9,67.8,69.85,1180708,586393,6151
JSLHISAR,01-APR-2021,125.05,130.9,124.35,128.5,669639,311182,7349
JSWENERGY,01-APR-2021,88.6,92.8,87.85,90.7,12835744,3635495,47639
JSWHL,01-APR-2021,3830.0,3933.2,3765.35,3902.55,4597,3119,750
JSWISPL,01-APR-2021,26.7,27.5,26.6,27.5,577491,538391,585
JSWSTEEL,01-APR-2021,470.55,512.95,470.0,508.75,35736230,4068045,309434
JTEKTINDIA,01-APR-2021,84.45,87.0,84.3,86.35,150093,80111,2322
JUBLFOOD,01-APR-2021,2944.95,2968.0,2906.2,2950.75,465741,172517,43218
JUBLINDS,01-APR-2021,189.8,193.0,187.9,191.6,18080,10974,441
JUBLPHARMA,01-APR-2021,701.0,722.0,681.8,712.7,127133,74326,6844
JUMPNET,01-APR-2021,9.3,9.5,9.2,9.2,2633137,1703653,2143
JUNIORBEES,01-APR-2021,367.4,367.94,354.0,362.9,138572,62213,12539
JUSTDIAL,01-APR-2021,873.0,914.0,869.0,902.9,1583710,297888,52239
JYOTHYLAB,01-APR-2021,137.5,145.0,137.35,144.2,399086,169390,4658
KABRAEXTRU,01-APR-2021,177.85,184.7,175.0,178.7,150406,58790,3756
KAJARIACER,01-APR-2021,931.8,950.9,927.0,941.95,126328,63366,10120
KAKATCEM,01-APR-2021,170.0,174.75,169.9,174.3,18072,10460,586
KALPATPOWR,01-APR-2021,379.4,384.0,377.5,382.2,67832,34211,2412
KALYANKJIL,01-APR-2021,68.6,72.75,68.2,71.4,7403570,1813708,48608
KAMATHOTEL,01-APR-2021,30.0,31.85,30.0,31.45,27722,19729,306
KAMDHENU,01-APR-2021,137.3,151.0,137.3,145.5,159431,78436,2253
KANANIIND,01-APR-2021,4.25,4.25,3.95,4.05,5707,4200,36
KANPRPLA,01-APR-2021,144.25,147.45,143.95,144.45,15909,9891,600
KANSAINER,01-APR-2021,600.05,603.0,584.0,591.85,277610,200452,10727
KARDA,01-APR-2021,125.95,126.9,118.5,120.55,56017,13819,673
KARURVYSYA,01-APR-2021,56.45,57.3,56.0,56.75,949521,538835,4750
KAUSHALYA,01-APR-2021,1.7,1.7,1.6,1.6,22404,14219,38
KAYA,01-APR-2021,299.1,301.2,284.5,288.75,32173,23804,734
KCP,01-APR-2021,84.75,85.55,83.75,84.35,75140,46619,866
KCPSUGIND,01-APR-2021,14.95,15.25,14.8,15.1,240650,125728,415
KDDL,01-APR-2021,256.7,279.0,254.65,266.35,1351,709,109
KEC,01-APR-2021,412.75,422.7,412.35,419.5,165695,57862,6944
KECL,01-APR-2021,12.35,12.8,12.35,12.7,49683,31797,232
KEERTI,01-APR-2021,23.9,24.25,23.9,24.2,9361,5922,91
KEI,01-APR-2021,519.6,534.0,519.6,528.6,131317,46566,7990
KELLTONTEC,01-APR-2021,72.95,74.25,71.0,73.1,773625,295037,2892
KENNAMET,01-APR-2021,1054.0,1095.9,1051.1,1082.65,104783,100565,912
KESORAMIND,01-APR-2021,71.35,77.5,64.0,76.45,1126023,406428,6728
KEYFINSERV,01-APR-2021,53.8,56.4,53.8,56.4,236,175,14
KHADIM,01-APR-2021,147.95,152.9,147.95,151.2,36798,17628,1049
KHAICHEM,01-APR-2021,22.15,23.2,21.75,22.9,117462,73443,795
KHANDSE,01-APR-2021,13.8,15.1,13.75,14.6,995,945,20
KICL,01-APR-2021,1584.3,1797.9,1572.2,1579.2,461,356,127
KILITCH,01-APR-2021,83.45,85.5,80.45,83.3,3716,2354,168
KINGFA,01-APR-2021,596.35,615.9,583.6,606.15,4124,1750,529
KIOCL,01-APR-2021,146.3,150.55,143.65,150.55,77282,37891,3417
KIRIINDUS,01-APR-2021,422.9,449.45,421.85,442.3,173566,64106,5525
KIRLFER,01-APR-2021,163.15,174.5,163.15,173.5,323517,131905,6870
KIRLOSBROS,01-APR-2021,244.0,278.3,243.65,260.5,530676,167739,13334
KIRLOSENG,01-APR-2021,164.5,175.0,164.5,170.1,149314,58858,3264
KIRLOSIND,01-APR-2021,1354.35,1354.95,1233.0,1260.75,7609,6670,373
KITEX,01-APR-2021,99.6,101.95,99.6,101.0,61969,33347,711
KKCL,01-APR-2021,862.5,892.45,862.5,873.75,2447,1185,627
KMSUGAR,01-APR-2021,11.65,12.25,11.6,12.05,178340,94358,381
KNRCON,01-APR-2021,214.9,216.8,210.85,211.8,469751,254138,10233
KOKUYOCMLN,01-APR-2021,55.9,60.3,55.0,59.15,338534,135617,2365
KOLTEPATIL,01-APR-2021,228.35,239.0,227.15,236.75,164827,136755,2066
KOPRAN,01-APR-2021,105.95,112.0,104.8,110.8,330841,150736,5002
KOTAKBANK,01-APR-2021,1770.0,1813.25,1750.65,1804.55,3802652,2124943,111166
KOTAKBKETF,01-APR-2021,342.98,347.96,337.0,344.84,221502,195377,655
KOTAKGOLD,01-APR-2021,393.9,395.85,390.7,393.3,29899,18990,1024
KOTAKIT,01-APR-2021,26.57,30.7,25.25,25.97,7552,5841,96
KOTAKNIFTY,01-APR-2021,152.97,155.31,152.97,155.1,37533,20613,402
KOTAKNV20,01-APR-2021,80.0,82.0,78.25,81.23,5368,3388,132
KOTAKPSUBK,01-APR-2021,217.9,220.99,213.11,217.55,12539,9358,248
KOTARISUG,01-APR-2021,27.8,27.9,26.25,27.1,110873,52972,543
KOTHARIPET,01-APR-2021,27.35,27.7,26.25,27.25,33113,25277,215
KOTHARIPRO,01-APR-2021,64.8,67.65,63.95,66.15,8978,7844,110
KPITTECH,01-APR-2021,177.5,180.5,173.25,175.7,774661,379516,9985
KPRMILL,01-APR-2021,1068.95,1071.95,1046.95,1061.15,92597,85865,2207
KRBL,01-APR-2021,180.4,182.85,178.6,179.05,449933,269782,8824
KREBSBIO,01-APR-2021,89.5,92.75,86.35,91.55,5786,3044,228
KRIDHANINF,01-APR-2021,3.9,3.9,3.75,3.9,59694,50501,141
KRISHANA,01-APR-2021,91.65,95.0,91.2,92.25,927,477,50
KSB,01-APR-2021,888.15,913.55,885.0,891.55,25908,12386,2981
KSCL,01-APR-2021,518.0,532.35,516.45,527.85,305816,123166,10127
KSL,01-APR-2021,318.95,349.7,318.0,335.8,927110,240336,22352
KTKBANK,01-APR-2021,61.5,65.6,61.4,65.05,2989351,1135409,13212
KUANTUM,01-APR-2021,68.2,70.0,67.0,68.3,62151,8336,252
L&TFH,01-APR-2021,96.45,100.0,96.0,99.5,10369618,1825573,37122
LALPATHLAB,01-APR-2021,2717.05,2750.0,2665.95,2730.6,289605,82562,23333
LAMBODHARA,01-APR-2021,50.9,53.9,49.05,53.9,70896,29801,495
LAOPALA,01-APR-2021,222.95,225.95,219.0,221.15,49459,29293,2534
LASA,01-APR-2021,60.9,61.0,59.8,60.4,157856,66349,3910
LAURUSLABS,01-APR-2021,362.0,369.05,361.5,365.3,1625290,811562,29395
LAXMIMACH,01-APR-2021,6815.0,6899.8,6748.85,6876.1,3518,2059,1022
LEMONTREE,01-APR-2021,37.5,38.4,37.45,37.8,495293,279938,2699
LFIC,01-APR-2021,82.9,87.2,82.05,82.6,1229,768,47
LGBBROSLTD,01-APR-2021,308.0,313.55,306.25,309.95,30437,22589,940
LIBERTSHOE,01-APR-2021,128.95,134.0,128.3,130.9,47042,18080,985
LICHSGFIN,01-APR-2021,431.75,433.9,424.0,432.85,2815660,662492,39211
LICNETFGSC,01-APR-2021,21.64,21.73,21.47,21.68,13889,13819,77
LICNETFN50,01-APR-2021,162.04,169.0,156.5,161.85,1436,736,307
LICNETFSEN,01-APR-2021,550.5,550.5,537.25,541.34,111,101,31
LICNFNHGP,01-APR-2021,150.0,152.2,148.44,151.08,68,52,21
LIKHITHA,01-APR-2021,335.0,349.4,332.6,343.75,289168,166738,6874
LINCOLN,01-APR-2021,226.6,238.6,225.55,236.7,108505,56057,2910
LINCPEN,01-APR-2021,149.6,151.9,146.0,150.45,6761,4614,176
LINDEINDIA,01-APR-2021,1830.0,1830.0,1785.0,1813.45,36059,23536,3050
LIQUIDBEES,01-APR-2021,1002.3,1002.3,998.3,999.99,958069,631523,9736
LIQUIDETF,01-APR-2021,1000.0,1000.01,999.99,999.99,9392,8243,39
LOTUSEYE,01-APR-2021,41.9,43.85,41.0,43.35,12974,10003,159
LOVABLE,01-APR-2021,82.0,85.25,82.0,84.3,21173,15389,461
LT,01-APR-2021,1432.0,1447.85,1420.5,1444.6,1380763,454704,64305
LTI,01-APR-2021,4082.0,4189.0,4072.3,4112.8,213617,51399,26199
LTTS,01-APR-2021,2679.95,2757.6,2679.0,2720.6,312036,93176,28013
LUMAXIND,01-APR-2021,1610.0,1650.05,1601.25,1621.3,2092,1083,580
LUMAXTECH,01-APR-2021,163.4,166.75,161.9,163.5,103887,41422,4040
LUPIN,01-APR-2021,1033.0,1034.95,1019.1,1027.0,1089119,388526,32133
LUXIND,01-APR-2021,1748.0,1844.0,1748.0,1827.6,59525,17523,5169
LXCHEM,01-APR-2021,176.8,186.8,171.45,180.85,4813541,1487755,65028
LYPSAGEMS,01-APR-2021,4.5,4.6,4.25,4.6,6301,5800,31
M&M,01-APR-2021,801.5,809.8,779.75,807.6,5678798,2093721,105433
M&MFIN,01-APR-2021,201.0,205.3,198.5,204.3,4313549,610935,27816
M100,01-APR-2021,25.45,25.89,25.1,25.33,106971,59874,1188
M50,01-APR-2021,144.05,145.9,141.6,145.51,1656,1637,48
MAANALU,01-APR-2021,154.8,157.8,152.25,153.35,33597,18878,1095
MADHAV,01-APR-2021,48.0,50.9,48.0,50.0,10607,5804,141
MAESGETF,01-APR-2021,25.79,25.79,25.11,25.27,1445,929,31
MAGADSUGAR,01-APR-2021,102.95,104.7,102.15,104.05,10694,8055,161
MAGMA,01-APR-2021,111.2,115.6,111.2,115.6,249291,151498,1663
MAHABANK,01-APR-2021,21.3,21.95,21.05,21.45,7531269,2496705,11111
MAHASTEEL,01-APR-2021,84.4,88.9,83.1,86.15,84917,26779,1487
MAHEPC,01-APR-2021,143.7,149.6,142.9,147.8,72034,33895,1314
MAHESHWARI,01-APR-2021,74.05,76.75,73.3,76.35,10228,8316,211
MAHINDCIE,01-APR-2021,161.5,168.8,161.5,167.2,124579,53568,3271
MAHLIFE,01-APR-2021,567.0,571.0,556.85,560.25,26268,10667,1669
MAHLOG,01-APR-2021,582.9,590.9,570.0,574.75,23893,9711,2338
MAHSCOOTER,01-APR-2021,3565.0,3649.0,3565.0,3604.95,2982,1977,818
MAHSEAMLES,01-APR-2021,269.05,289.4,269.05,284.15,104741,37101,3311
MAITHANALL,01-APR-2021,538.5,593.3,537.5,583.6,220286,134091,8300
MALUPAPER,01-APR-2021,25.9,27.85,25.9,27.0,13698,6156,161
MAN50ETF,01-APR-2021,151.6,152.11,150.23,151.73,2431,2100,66
MANAKALUCO,01-APR-2021,8.8,9.1,8.65,8.85,7201,5248,60
MANAKCOAT,01-APR-2021,11.25,12.35,11.25,12.35,117674,27051,196
MANAKSIA,01-APR-2021,50.05,52.35,50.05,51.8,25306,12582,364
MANAKSTEEL,01-APR-2021,24.7,24.8,23.05,24.8,63429,57510,329
MANALIPETC,01-APR-2021,60.6,65.15,60.35,65.15,1453307,980070,3392
MANAPPURAM,01-APR-2021,151.0,158.75,149.5,157.3,6547778,2177905,28501
MANGALAM,01-APR-2021,103.45,110.95,102.0,107.85,103456,57151,1470
MANGCHEFER,01-APR-2021,72.7,75.4,72.3,74.25,313733,161377,2518
MANGLMCEM,01-APR-2021,284.5,286.9,280.5,283.85,34152,19407,1322
MANGTIMBER,01-APR-2021,11.2,12.1,11.2,11.4,656,420,14
MANINDS,01-APR-2021,80.25,82.05,79.95,80.75,132090,65138,1328
MANINFRA,01-APR-2021,41.75,42.6,41.3,41.7,529047,178467,3169
MANUGRAPH,01-APR-2021,11.95,12.3,11.8,12.2,4379,3978,31
MANXT50,01-APR-2021,342.22,345.91,341.08,345.91,250,220,16
MARATHON,01-APR-2021,64.5,64.5,62.5,63.15,31278,23383,250
MARICO,01-APR-2021,411.3,411.6,406.2,407.25,645008,284760,20895
MARINE,01-APR-2021,66.95,68.9,65.5,66.3,544896,235415,2013
MARKSANS,01-APR-2021,50.6,54.5,50.1,54.0,2956128,1174268,11909
MARUTI,01-APR-2021,6950.0,6991.5,6855.0,6923.9,660759,170697,57833
MASFIN,01-APR-2021,857.6,864.0,841.3,858.95,16444,8446,2097
MASTEK,01-APR-2021,1228.0,1281.0,1227.65,1272.9,245085,89466,13019
MATRIMONY,01-APR-2021,956.1,983.95,951.75,960.65,24501,16843,2120
MAWANASUG,01-APR-2021,36.45,37.2,35.95,36.85,38631,27114,246
MAXHEALTH,01-APR-2021,204.25,221.0,204.25,218.2,930335,578810,23853
MAXIND,01-APR-2021,64.4,64.7,64.1,64.45,45227,35643,231
MAXVIL,01-APR-2021,56.0,58.45,56.0,57.3,164357,90033,837
MAYURUNIQ,01-APR-2021,415.0,427.4,415.0,416.1,41668,25410,2822
MAZDA,01-APR-2021,450.0,464.85,450.0,463.5,4209,2616,317
MAZDOCK,01-APR-2021,213.0,217.0,213.0,214.7,316416,128384,4946
MBLINFRA,01-APR-2021,19.75,20.4,19.6,19.95,170919,86216,413
MCDHOLDING,01-APR-2021,39.3,43.5,39.3,42.95,46932,38206,216
MCDOWELL-N,01-APR-2021,559.0,561.9,552.25,558.3,1157038,424825,22730
MCL,01-APR-2021,91.15,93.0,90.1,91.5,6577,6034,65
MCLEODRUSS,01-APR-2021,19.65,20.05,19.3,20.05,348695,193866,531
MCX,01-APR-2021,1520.95,1544.9,1506.85,1518.05,156833,78558,11601
MEGASOFT,01-APR-2021,9.65,10.15,9.55,9.8,61684,22998,148
MEGH,01-APR-2021,117.4,121.25,116.35,118.85,3783909,956448,21187
MENONBE,01-APR-2021,53.9,54.5,53.1,54.35,14544,9309,191
MEP,01-APR-2021,16.1,16.8,16.1,16.55,127375,91139,361
METROPOLIS,01-APR-2021,2219.0,2265.5,2142.05,2159.65,117841,46322,10297
MFSL,01-APR-2021,862.6,883.9,861.2,880.3,368923,116011,12719
MGEL,01-APR-2021,46.2,46.5,46.2,46.25,3250,3250,9
MGL,01-APR-2021,1183.05,1193.9,1157.1,1181.5,454224,179450,14455
MHRIL,01-APR-2021,210.4,224.55,210.4,223.3,71647,40004,2228
MIDHANI,01-APR-2021,177.4,193.7,177.4,191.45,2086379,486201,26330
MINDACORP,01-APR-2021,100.9,102.45,100.55,101.35,479422,172512,4031
MINDAIND,01-APR-2021,546.45,551.0,531.6,539.2,276397,146244,17988
MINDTECK,01-APR-2021,42.0,43.75,41.5,43.65,16500,12728,233
MINDTREE,01-APR-2021,2084.0,2111.6,2054.45,2075.95,1111247,126684,38334
MIRZAINT,01-APR-2021,46.2,48.4,45.6,47.95,296675,130951,2657
MITTAL,01-APR-2021,10.3,10.5,10.05,10.5,27871,20989,130
MMFL,01-APR-2021,491.9,498.35,480.2,488.2,2889,1952,463
MMP,01-APR-2021,86.05,87.9,82.6,86.1,10096,8597,179
MMTC,01-APR-2021,42.7,46.55,42.5,46.55,7247068,2287900,18872
MOHITIND,01-APR-2021,9.35,9.35,8.9,9.1,5450,5365,27
MOIL,01-APR-2021,154.7,157.65,152.45,156.0,1792135,193636,23967
MOLDTECH,01-APR-2021,41.6,42.45,40.35,40.7,8572,6251,150
MOLDTKPAC,01-APR-2021,401.95,401.95,390.1,394.8,28066,13366,1344
MONTECARLO,01-APR-2021,226.0,232.0,224.9,229.75,30863,20682,1169
MORARJEE,01-APR-2021,13.8,14.9,13.8,14.75,4531,3882,45
MOREPENLAB,01-APR-2021,32.25,34.35,32.1,34.1,3921387,1542734,9491
MOTHERSUMI,01-APR-2021,203.0,212.4,202.5,210.45,13438282,4328850,85120
MOTILALOFS,01-APR-2021,623.35,644.0,620.0,640.65,88439,45639,6991
MOTOGENFIN,01-APR-2021,24.8,25.75,23.5,23.5,21751,15755,215
MPHASIS,01-APR-2021,1785.0,1809.0,1738.0,1747.8,423748,172812,26469
MPSLTD,01-APR-2021,475.0,545.95,471.1,539.7,155043,67303,7263
MRF,01-APR-2021,83148.0,83449.95,82200.0,83133.1,19973,4138,11027
MRPL,01-APR-2021,39.25,40.55,39.0,40.05,1267870,444598,4032
MSPL,01-APR-2021,7.5,7.7,7.3,7.7,30349,19400,120
MSTCLTD,01-APR-2021,300.6,316.0,300.05,305.2,898040,168478,16507
MTARTECH,01-APR-2021,1049.5,1059.0,1035.0,1045.65,241427,104016,12745
MTEDUCARE,01-APR-2021,6.6,7.3,6.45,7.0,437011,214359,699
MTNL,01-APR-2021,18.9,19.65,18.9,19.45,3856929,1117516,4165
MUKANDENGG,01-APR-2021,17.4,17.4,16.9,17.4,28849,24801,142
MUKANDLTD,01-APR-2021,84.2,90.9,77.1,88.8,2346571,722271,19837
MUKTAARTS,01-APR-2021,28.55,29.0,28.5,28.7,2275,1307,39
MUNJALAU,01-APR-2021,54.25,55.8,54.25,55.3,123172,66457,1192
MUNJALSHOW,01-APR-2021,140.5,144.25,140.05,142.85,19661,11188,543
MURUDCERA,01-APR-2021,19.1,20.9,19.1,20.35,51569,32946,346
MUTHOOTCAP,01-APR-2021,369.0,380.0,365.55,378.15,44004,26820,1850
MUTHOOTFIN,01-APR-2021,1222.0,1222.0,1199.75,1214.35,649180,215026,24279
N100,01-APR-2021,954.9,954.9,938.03,950.08,38981,29451,2235
NACLIND,01-APR-2021,38.0,39.5,37.05,39.3,84318,65836,439
NAGREEKCAP,01-APR-2021,6.5,6.5,5.9,5.9,362,299,6
NAGREEKEXP,01-APR-2021,15.05,15.8,14.55,15.65,5500,4286,74
NAHARCAP,01-APR-2021,104.0,113.25,104.0,109.25,21663,8568,522
NAHARINDUS,01-APR-2021,45.4,46.3,43.65,46.3,52244,16019,518
NAHARPOLY,01-APR-2021,111.6,125.8,111.0,121.5,241563,76133,4440
NAHARSPING,01-APR-2021,104.5,107.5,104.0,104.8,36363,26909,378
NAM-INDIA,01-APR-2021,337.1,346.85,336.0,344.4,777441,409924,11404
NATCOPHARM,01-APR-2021,829.9,854.9,829.05,842.1,322915,207333,13550
NATHBIOGEN,01-APR-2021,305.0,323.0,303.4,320.45,27134,16691,932
NATIONALUM,01-APR-2021,54.8,59.2,54.5,58.75,41165892,11307593,60238
NAUKRI,01-APR-2021,4300.95,4324.2,4170.0,4263.05,780736,251320,72025
NAVINFLUOR,01-APR-2021,2796.0,2819.85,2755.1,2777.0,201075,41506,19658
NAVKARCORP,01-APR-2021,31.95,33.3,31.5,31.9,1965999,1387043,6383
NAVNETEDUL,01-APR-2021,80.5,85.2,80.5,83.65,285250,99569,2730
NAZARA,01-APR-2021,1505.1,1738.4,1499.05,1670.7,3523089,491067,213632
NBCC,01-APR-2021,47.25,48.35,46.9,47.95,7769317,3628254,20137
NBIFIN,01-APR-2021,1934.0,1934.7,1906.0,1933.65,71,35,13
NBVENTURES,01-APR-2021,69.95,75.3,69.9,73.15,2041780,954534,10838
NCC,01-APR-2021,79.5,82.4,79.5,81.1,3286735,1233978,17629
NCLIND,01-APR-2021,172.5,175.6,171.3,172.65,273337,131440,4343
NCPSESDL24,01-APR-2021,104.0,104.0,103.1,103.19,39106,39102,20
NDGL,01-APR-2021,713.0,770.0,713.0,750.2,44,9,20
NDL,01-APR-2021,31.5,33.25,30.45,32.3,37805,26371,279
NDRAUTO,01-APR-2021,194.7,194.8,188.2,193.45,1164,666,82
NDTV,01-APR-2021,56.05,57.95,54.8,56.05,27430,17433,347
NECCLTD,01-APR-2021,8.2,8.45,8.1,8.3,13148,10555,67
NECLIFE,01-APR-2021,18.75,19.65,18.75,19.25,329328,179755,1040
NELCAST,01-APR-2021,65.45,66.4,64.4,65.8,58908,34004,584
NELCO,01-APR-2021,192.1,198.4,192.1,197.5,77513,35624,1897
NEOGEN,01-APR-2021,867.0,886.5,853.0,863.9,67952,16812,6419
NESCO,01-APR-2021,528.0,534.65,519.6,522.8,63215,46005,4684
NESTLEIND,01-APR-2021,17165.2,17188.55,16967.6,17083.15,83176,40818,15149
NETF,01-APR-2021,182.64,182.64,182.64,182.64,108,108,20
NETFCONSUM,01-APR-2021,64.0,66.18,64.0,65.42,3040,2437,109
NETFDIVOPP,01-APR-2021,38.1,38.1,36.23,37.99,263,236,30
NETFIT,01-APR-2021,27.0,27.0,26.2,26.32,461572,280548,1440
NETFLTGILT,01-APR-2021,22.4,22.4,22.05,22.14,19670,17533,193
NETFMID150,01-APR-2021,94.12,94.12,91.14,92.5,83391,54513,875
NETFNIF100,01-APR-2021,156.0,156.98,151.46,152.23,21851,21300,95
NETFNV20,01-APR-2021,82.0,82.5,79.5,80.18,3634,1592,139
NETFSDL26,01-APR-2021,101.7,101.72,101.65,101.65,48,30,8
NETWORK18,01-APR-2021,36.75,38.6,36.7,38.0,797686,254795,3265
NEULANDLAB,01-APR-2021,2085.0,2210.0,2085.0,2185.05,107695,56135,8202
NEWGEN,01-APR-2021,284.5,299.2,284.5,297.85,76429,41703,4154
NEXTMEDIA,01-APR-2021,3.65,3.65,3.5,3.65,1446,1446,16
NFL,01-APR-2021,54.7,56.3,54.5,55.35,1368053,430229,5797
NH,01-APR-2021,411.0,421.8,411.0,418.05,196432,104025,9585
NHPC,01-APR-2021,24.55,24.8,24.5,24.65,1979510,795432,4379
NIACL,01-APR-2021,155.3,159.0,154.2,155.65,943989,227508,12689
NIBL,01-APR-2021,20.0,20.0,20.0,20.0,2666,2666,11
NIFTYBEES,01-APR-2021,137.05,177.0,137.05,158.7,1753952,791198,19197
NIITLTD,01-APR-2021,141.65,165.45,141.65,165.45,2516885,758349,35257
NILKAMAL,01-APR-2021,1961.0,1977.0,1937.0,1951.8,8969,4617,1788
NIPPOBATRY,01-APR-2021,719.9,735.0,710.1,723.55,1598,1288,144
NIRAJ,01-APR-2021,42.2,43.35,40.0,40.2,7076,5923,53
NITCO,01-APR-2021,19.5,20.25,19.1,20.15,63012,45469,295
NITINSPIN,01-APR-2021,80.8,86.0,80.8,84.7,60675,46426,409
NKIND,01-APR-2021,21.8,23.9,21.7,21.75,875,552,18
NLCINDIA,01-APR-2021,50.6,51.05,50.5,50.75,1126348,694398,8038
NMDC,01-APR-2021,136.1,139.2,135.75,138.45,9626748,3553980,40659
NOCIL,01-APR-2021,176.0,183.0,176.0,180.4,1209740,366144,17781
NORBTEAEXP,01-APR-2021,5.85,5.9,5.55,5.6,11109,8057,71
NOVARTIND,01-APR-2021,554.9,598.0,552.15,572.15,9700,4716,811
NPBET,01-APR-2021,176.8,181.2,175.35,177.91,194,121,26
NRAIL,01-APR-2021,239.95,245.0,238.85,242.7,11518,6765,290
NRBBEARING,01-APR-2021,109.8,113.3,109.25,112.35,108256,58086,2789
NSIL,01-APR-2021,1058.1,1101.0,1044.35,1093.45,1952,1365,344
NTL,01-APR-2021,0.7,0.7,0.7,0.7,2640,2640,7
NTPC,01-APR-2021,107.5,108.75,106.95,107.9,13753303,4927737,52607
NUCLEUS,01-APR-2021,483.6,501.35,483.6,495.35,40331,17824,3122
NURECA,01-APR-2021,609.1,615.0,583.0,601.5,10266,4868,825
NXTDIGITAL,01-APR-2021,468.95,495.0,462.3,484.8,5657,4560,182
OAL,01-APR-2021,590.0,595.0,586.05,588.65,14316,10288,421
OBEROIRLTY,01-APR-2021,571.35,596.0,569.0,578.85,445532,147339,16834
OCCL,01-APR-2021,924.9,949.4,924.85,937.5,4084,2127,636
OFSS,01-APR-2021,3230.0,3270.0,3185.0,3209.1,110273,49007,10142
OIL,01-APR-2021,122.8,124.8,122.5,124.0,579175,264085,11076
OLECTRA,01-APR-2021,221.05,223.6,217.6,219.45,222542,133516,3163
OMAXAUTO,01-APR-2021,40.95,44.0,40.75,43.55,21518,7720,601
OMAXE,01-APR-2021,68.0,69.2,67.5,68.45,90819,47505,362
OMINFRAL,01-APR-2021,23.05,23.4,22.65,22.85,61414,51124,196
ONEPOINT,01-APR-2021,13.15,13.2,12.5,13.0,40459,32800,105
ONGC,01-APR-2021,103.0,105.25,101.15,104.35,22299747,7195395,78669
ONMOBILE,01-APR-2021,92.55,92.55,92.55,92.55,157234,157207,478
ONWARDTEC,01-APR-2021,115.1,129.5,114.8,123.75,287274,65681,4202
OPTIEMUS,01-APR-2021,117.55,127.1,117.55,127.1,25595,18838,292
ORBTEXP,01-APR-2021,57.0,58.9,56.9,57.0,21936,13582,340
ORIENTABRA,01-APR-2021,21.75,21.75,20.8,21.45,37954,26913,307
ORIENTALTL,01-APR-2021,6.2,6.3,5.9,6.05,86869,71666,191
ORIENTBELL,01-APR-2021,204.5,219.0,201.55,216.5,18076,11135,457
ORIENTCEM,01-APR-2021,98.8,102.85,98.1,101.6,638254,303686,5737
ORIENTELEC,01-APR-2021,313.5,318.95,312.05,317.25,265551,83879,7845
ORIENTHOT,01-APR-2021,23.2,23.25,22.6,22.95,59240,52601,221
ORIENTLTD,01-APR-2021,80.85,81.65,78.15,80.45,426,225,19
ORIENTPPR,01-APR-2021,24.75,25.85,24.65,25.6,905815,346044,2256
ORIENTREF,01-APR-2021,226.3,241.0,226.3,237.4,187534,130337,3918
ORISSAMINE,01-APR-2021,2470.0,2504.05,2460.0,2471.2,5304,2719,814
OSWALAGRO,01-APR-2021,10.4,10.4,9.1,10.15,189436,118832,526
PAGEIND,01-APR-2021,30598.0,30749.6,29990.0,30197.6,33538,10401,10929
PAISALO,01-APR-2021,790.0,794.95,777.0,781.05,34989,24688,563
PALASHSECU,01-APR-2021,45.8,50.1,45.8,50.0,2298,2005,29
PANACEABIO,01-APR-2021,180.0,192.0,179.95,190.5,162642,84732,3300
PANACHE,01-APR-2021,59.95,63.15,57.3,62.1,43702,19603,565
PANAMAPET,01-APR-2021,145.1,170.0,145.1,166.15,335363,144705,4825
PARACABLES,01-APR-2021,8.2,8.6,8.2,8.5,123832,94655,223
PARAGMILK,01-APR-2021,106.5,112.0,105.95,111.45,1193557,622612,11064
PATELENG,01-APR-2021,12.05,12.55,11.9,12.4,238632,144739,687
PATINTLOG,01-APR-2021,16.3,17.15,16.2,17.0,92250,64499,597
PATSPINLTD,01-APR-2021,4.75,4.85,4.55,4.8,26859,22112,59
PCJEWELLER,01-APR-2021,27.1,28.45,27.1,27.7,2169554,1303735,3331
PDMJEPAPER,01-APR-2021,24.2,24.75,24.2,24.55,23489,15577,204
PDSMFL,01-APR-2021,670.0,694.0,662.0,672.05,2594,2018,199
PEARLPOLY,01-APR-2021,14.7,14.75,14.1,14.2,1494,1262,27
PEL,01-APR-2021,1777.4,1819.55,1761.8,1779.8,1622529,625841,49095
PENIND,01-APR-2021,16.35,18.6,16.35,17.5,837957,595340,1604
PENINLAND,01-APR-2021,8.5,8.5,8.5,8.5,76004,76004,67
PERSISTENT,01-APR-2021,1929.0,1978.0,1921.9,1953.25,138155,59822,13118
PETRONET,01-APR-2021,226.8,228.75,225.55,227.75,1617459,895785,23577
PFC,01-APR-2021,114.6,114.8,113.45,114.4,4394808,1285576,22225
PFIZER,01-APR-2021,4512.0,4589.0,4510.0,4551.5,80485,52786,10420
PFOCUS,01-APR-2021,57.8,61.7,57.65,60.85,58994,41269,536
PFS,01-APR-2021,18.2,18.8,18.2,18.7,685523,356580,1549
PGHH,01-APR-2021,12620.0,12796.05,12425.0,12567.55,7404,3406,3973
PGHL,01-APR-2021,6220.0,6255.75,6120.0,6169.3,6755,4172,2022
PGIL,01-APR-2021,169.4,174.1,167.05,168.8,722,488,50
PHILIPCARB,01-APR-2021,192.4,202.0,191.65,198.7,889414,366187,9920
PHOENIXLTD,01-APR-2021,773.6,781.4,761.25,767.85,92433,49490,6897
PIDILITIND,01-APR-2021,1811.0,1833.0,1809.1,1823.15,462214,181339,30122
PIIND,01-APR-2021,2254.2,2304.0,2233.65,2249.8,179555,109216,24262
PILANIINVS,01-APR-2021,1674.0,1699.0,1611.0,1693.0,5635,1903,1051
PILITA,01-APR-2021,18.1,19.2,16.55,18.4,480552,314638,988
PIONDIST,01-APR-2021,108.15,108.45,107.05,108.3,1279,593,61
PIONEEREMB,01-APR-2021,39.3,40.75,39.05,39.45,14482,5151,249
PITTIENG,01-APR-2021,67.75,68.35,66.15,67.8,200469,41937,2525
PLASTIBLEN,01-APR-2021,227.1,235.7,227.0,229.8,11318,7968,459
PNB,01-APR-2021,37.0,38.5,36.8,38.2,100007430,13301543,87456
PNBGILTS,01-APR-2021,48.5,51.5,48.35,51.2,665990,322113,4189
PNBHOUSING,01-APR-2021,379.85,396.0,377.25,393.05,279533,96253,11711
PNCINFRA,01-APR-2021,258.7,264.0,254.2,257.5,254612,102436,7487
PODDARMENT,01-APR-2021,191.2,194.0,189.0,192.0,4134,3097,204
POKARNA,01-APR-2021,264.95,269.5,260.25,267.4,154832,60003,4736
POLYCAB,01-APR-2021,1394.0,1402.0,1376.75,1396.25,154908,69124,11594
POLYMED,01-APR-2021,823.2,845.0,815.0,837.2,70423,45210,5480
POLYPLEX,01-APR-2021,883.0,883.0,865.0,870.15,38678,26345,2523
PONNIERODE,01-APR-2021,149.55,150.0,148.3,149.95,2601,2488,51
POWERGRID,01-APR-2021,216.65,219.35,214.75,218.7,6316508,2188785,61052
POWERINDIA,01-APR-2021,1374.1,1390.0,1353.1,1382.7,9973,6142,1303
POWERMECH,01-APR-2021,589.95,596.0,572.2,576.25,49983,30976,2069
PPAP,01-APR-2021,203.85,209.0,195.6,199.2,78150,39845,2001
PPL,01-APR-2021,130.55,132.75,128.0,130.3,209642,89905,4730
PRABHAT,01-APR-2021,96.5,98.5,95.8,97.0,320075,227292,1088
PRAENG,01-APR-2021,7.8,8.2,7.6,8.05,17050,13321,67
PRAJIND,01-APR-2021,196.05,198.0,192.0,193.15,1594598,651190,13712
PRAKASH,01-APR-2021,74.8,83.1,73.2,81.4,8228749,2264113,46796
PRAKASHSTL,01-APR-2021,0.8,0.8,0.75,0.75,391011,286002,169
PRECAM,01-APR-2021,40.1,41.95,39.85,41.2,74013,50010,748
PRECOT,01-APR-2021,113.4,113.5,109.05,112.5,5598,4225,85
PRECWIRE,01-APR-2021,198.0,198.0,193.4,195.45,18569,10775,483
PREMIERPOL,01-APR-2021,35.2,38.0,35.2,37.7,9798,7007,79
PRESSMN,01-APR-2021,21.9,23.95,21.35,22.85,136375,57428,662
PRESTIGE,01-APR-2021,306.4,310.0,300.25,308.85,427152,226771,11914
PRICOLLTD,01-APR-2021,70.75,73.1,69.75,71.5,939684,368797,8782
PRINCEPIPE,01-APR-2021,424.9,434.85,420.45,427.5,332351,167867,8953
PRIVISCL,01-APR-2021,855.05,875.0,838.5,843.95,21181,12728,2146
PROZONINTU,01-APR-2021,16.85,17.25,16.65,17.1,111511,70843,424
PRSMJOHNSN,01-APR-2021,132.1,134.9,130.3,134.05,631742,443440,3406
PSB,01-APR-2021,18.45,18.45,18.45,18.45,650828,621528,824
PSPPROJECT,01-APR-2021,468.8,468.8,461.05,466.15,25413,9614,580
PSUBNKBEES,01-APR-2021,23.95,24.2,23.7,24.02,357929,263090,931
PTC,01-APR-2021,78.1,79.8,78.1,78.8,1373983,899102,10423
PTL,01-APR-2021,38.9,40.0,38.65,38.95,33161,22721,384
PUNJABCHEM,01-APR-2021,888.4,909.0,872.0,896.15,6496,2901,538
PURVA,01-APR-2021,71.0,72.45,70.3,71.95,97859,45895,1378
PVR,01-APR-2021,1226.15,1247.0,1212.5,1238.05,802861,171842,26895
QGOLDHALF,01-APR-2021,1935.95,1943.0,1927.0,1942.9,577,406,103
QNIFTY,01-APR-2021,1531.0,1570.0,1527.0,1534.0,34,22,13
QUESS,01-APR-2021,692.3,703.85,680.0,689.75,143173,60689,9370
QUICKHEAL,01-APR-2021,187.2,191.8,187.1,189.3,207654,82547,4535
RADICO,01-APR-2021,561.0,569.0,560.0,565.1,139383,55642,10752
RADIOCITY,01-APR-2021,23.5,24.4,23.5,24.1,74192,52712,164
RAILTEL,01-APR-2021,128.1,130.5,126.8,128.8,2709913,1534092,30127
RAIN,01-APR-2021,144.7,154.1,144.0,149.9,3619423,1322178,28974
RAJESHEXPO,01-APR-2021,481.0,495.65,480.0,492.35,182224,44213,5258
RAJRATAN,01-APR-2021,792.0,797.0,761.2,771.9,10072,6935,672
RAJTV,01-APR-2021,32.7,33.45,32.25,32.8,4207,2826,58
RALLIS,01-APR-2021,256.1,261.0,254.25,259.8,244389,98426,4224
RAMANEWS,01-APR-2021,16.65,17.3,16.55,16.8,40181,19930,257
RAMCOCEM,01-APR-2021,1010.0,1029.75,1002.25,1027.05,348159,66102,19323
RAMCOIND,01-APR-2021,257.95,261.95,255.8,257.95,42531,34309,1707
RAMCOSYS,01-APR-2021,533.8,594.0,533.05,570.5,341687,231401,8070
RAMKY,01-APR-2021,80.5,80.5,75.7,76.3,61270,39121,529
RANASUG,01-APR-2021,9.9,10.0,9.7,9.8,1059630,576855,2131
RANEENGINE,01-APR-2021,274.65,274.7,260.05,266.7,9428,2467,502
RANEHOLDIN,01-APR-2021,595.0,614.9,592.25,600.2,7953,4251,522
RATNAMANI,01-APR-2021,1898.6,2069.75,1888.3,1995.6,51842,23198,7178
RAYMOND,01-APR-2021,363.4,371.0,362.05,368.7,486266,167519,7776
RBL,01-APR-2021,801.9,808.8,792.0,799.45,3651,1571,342
RBLBANK,01-APR-2021,210.9,217.0,208.35,216.2,11026676,1472741,68003
RCF,01-APR-2021,78.25,80.75,77.4,79.05,1898593,574175,10988
RCOM,01-APR-2021,1.7,1.75,1.65,1.75,9510977,8802578,3898
RECLTD,01-APR-2021,132.2,133.1,131.1,132.75,3582988,1176527,18847
REDINGTON,01-APR-2021,192.3,192.8,182.05,184.0,433169,175331,12565
REFEX,01-APR-2021,96.0,97.5,93.0,94.35,155259,84371,2220
RELAXO,01-APR-2021,881.05,910.0,881.05,904.35,304844,81713,12936
RELCAPITAL,01-APR-2021,10.85,11.25,10.85,11.25,1923224,1189322,1586
RELIANCE,01-APR-2021,2018.0,2030.0,2003.15,2021.85,5410307,1895300,140946
RELIGARE,01-APR-2021,88.0,96.5,88.0,94.95,835775,448811,4117
RELINFRA,01-APR-2021,35.4,38.6,35.4,38.2,5784965,2116245,14425
REMSONSIND,01-APR-2021,152.95,152.95,138.05,141.7,2034,1484,79
RENUKA,01-APR-2021,9.25,9.75,9.25,9.7,3345281,1561728,2341
REPCOHOME,01-APR-2021,339.7,340.0,332.05,336.9,62625,43212,1517
REPL,01-APR-2021,206.5,209.9,203.0,207.05,12284,11259,199
REPRO,01-APR-2021,352.8,378.0,350.75,360.0,6963,3986,421
RESPONIND,01-APR-2021,168.0,189.4,166.7,182.1,104698,24209,2250
REVATHI,01-APR-2021,490.15,495.1,470.65,492.5,3591,1137,447
RGL,01-APR-2021,298.0,324.3,298.0,308.7,20287,9601,850
RHFL,01-APR-2021,2.4,2.5,2.4,2.5,577178,537398,695
RICOAUTO,01-APR-2021,35.8,38.15,35.75,37.65,398044,224337,2066
RIIL,01-APR-2021,366.9,377.0,366.5,374.95,191943,36424,4896
RITES,01-APR-2021,241.3,247.0,241.3,244.75,221900,105448,5225
RKDL,01-APR-2021,7.5,7.75,7.5,7.65,4938,4882,24
RKEC,01-APR-2021,61.1,63.0,61.1,62.65,19283,18036,59
RKFORGE,01-APR-2021,525.0,535.0,518.05,531.8,15431,9059,1473
RML,01-APR-2021,379.65,383.85,368.7,375.5,18343,7573,779
ROHLTD,01-APR-2021,65.45,66.5,63.7,65.9,50432,29644,387
ROLTA,01-APR-2021,3.2,3.4,3.15,3.4,240739,137117,505
ROSSARI,01-APR-2021,1055.0,1085.0,1041.75,1073.6,144469,61881,14622
ROSSELLIND,01-APR-2021,107.85,111.95,105.3,109.7,12965,8176,202
ROUTE,01-APR-2021,1422.0,1485.0,1420.0,1469.7,485394,147511,32071
RPGLIFE,01-APR-2021,390.5,399.9,385.0,388.1,33302,17642,1611
RPOWER,01-APR-2021,4.4,4.55,4.4,4.55,4136086,3851547,1936
RPPINFRA,01-APR-2021,57.5,64.5,57.5,61.95,88516,25785,1026
RPSGVENT,01-APR-2021,338.0,375.0,338.0,370.2,230361,74025,5321
RSSOFTWARE,01-APR-2021,24.85,25.2,24.3,25.2,9430,8576,57
RSWM,01-APR-2021,187.0,196.0,187.0,193.55,15095,12192,281
RSYSTEMS,01-APR-2021,116.95,116.95,112.0,114.4,5707,4172,171
RTNINFRA,01-APR-2021,5.35,5.35,4.85,4.95,3794677,3398025,2070
RTNPOWER,01-APR-2021,2.6,2.65,2.55,2.65,3348294,2194635,1374
RUBYMILLS,01-APR-2021,163.0,171.0,163.0,168.9,3183,1644,195
RUCHI,01-APR-2021,655.0,674.1,644.05,674.1,17284,11377,1529
RUCHIRA,01-APR-2021,64.0,64.9,62.5,63.35,52546,24002,625
RUPA,01-APR-2021,309.9,312.45,306.0,307.5,46653,26438,1176
RUSHIL,01-APR-2021,209.35,219.8,207.05,219.8,26126,14529,633
RVHL,01-APR-2021,15.05,16.5,15.05,16.5,27777,18476,207
RVNL,01-APR-2021,29.3,30.2,29.2,29.65,19400812,2450529,18056
SABEVENTS,01-APR-2021,1.35,1.35,1.35,1.35,21321,21321,15
SADBHAV,01-APR-2021,62.8,65.55,62.4,64.3,1108391,856092,3113
SADBHIN,01-APR-2021,19.85,21.15,19.75,20.4,480195,379850,816
SAFARI,01-APR-2021,606.2,629.45,605.1,615.75,4940,2756,545
SAGARDEEP,01-APR-2021,33.95,34.0,31.2,33.8,6328,4648,168
SAGCEM,01-APR-2021,720.0,743.3,712.85,735.0,81937,69810,1470
SAIL,01-APR-2021,79.65,84.4,79.55,83.85,87556680,30442867,161975
SAKAR,01-APR-2021,112.05,120.5,111.15,115.5,374167,236939,3366
SAKHTISUG,01-APR-2021,9.8,9.8,9.45,9.7,61427,49325,158
SAKSOFT,01-APR-2021,360.75,375.0,356.7,368.6,28313,7834,1093
SAKUMA,01-APR-2021,5.05,5.15,4.85,5.0,243203,139746,377
SALASAR,01-APR-2021,367.0,379.9,363.15,372.2,40957,9862,1660
SALONA,01-APR-2021,92.0,97.7,91.55,95.6,733,344,43
SALSTEEL,01-APR-2021,3.2,3.25,2.95,3.2,330549,214806,267
SALZERELEC,01-APR-2021,126.4,128.5,124.55,127.95,31793,18998,737
SAMBHAAV,01-APR-2021,2.1,2.1,1.9,2.05,70265,60568,69
SANCO,01-APR-2021,7.65,7.95,7.65,7.95,43718,42670,96
SANDESH,01-APR-2021,663.7,675.0,644.4,657.7,1080,559,200
SANDHAR,01-APR-2021,206.4,211.75,206.4,210.7,11932,6436,592
SANGHIIND,01-APR-2021,42.8,44.35,42.65,43.85,1437628,754121,4226
SANGHVIMOV,01-APR-2021,99.9,108.45,99.9,105.1,17651,10969,323
SANGINITA,01-APR-2021,20.4,20.4,18.0,18.8,124700,67348,726
SANOFI,01-APR-2021,7935.0,8040.0,7868.2,7994.3,32906,24738,4074
SARDAEN,01-APR-2021,422.2,443.0,421.85,437.1,236688,148912,6292
SAREGAMA,01-APR-2021,1619.0,1741.0,1601.2,1712.3,44110,25791,3363
SARLAPOLY,01-APR-2021,24.65,27.5,24.2,26.8,177457,119902,778
SASKEN,01-APR-2021,870.35,894.35,868.25,875.3,15439,8117,1327
SASTASUNDR,01-APR-2021,119.8,120.8,117.05,118.15,16911,9039,586
SATIA,01-APR-2021,82.6,88.0,81.7,85.7,90331,35800,757
SATIN,01-APR-2021,85.8,90.05,85.8,90.05,111410,90002,671
SBICARD,01-APR-2021,935.0,985.0,935.0,974.3,2082857,1024762,80021
SBIETFIT,01-APR-2021,260.0,265.0,259.2,264.93,10185,9680,99
SBIETFPB,01-APR-2021,181.9,182.99,179.01,179.98,779,437,45
SBIETFQLTY,01-APR-2021,127.5,130.5,126.1,126.68,4727,3605,92
SBILIFE,01-APR-2021,881.6,890.05,876.5,883.45,1193426,650173,66595
SBIN,01-APR-2021,367.7,371.9,363.1,370.65,31883453,6113330,201211
SCHAEFFLER,01-APR-2021,5430.0,5550.05,5430.0,5491.85,6296,4730,2129
SCHNEIDER,01-APR-2021,95.3,98.9,95.3,96.75,529355,159347,5543
SCI,01-APR-2021,112.4,116.5,111.35,114.15,2760503,680873,14993
SDBL,01-APR-2021,33.25,34.35,33.0,33.5,93686,51066,474
SEAMECLTD,01-APR-2021,464.8,464.8,439.0,447.0,356046,273578,6188
SECURKLOUD,01-APR-2021,77.45,80.75,77.05,80.75,19398,14564,323
SELAN,01-APR-2021,133.9,134.75,129.0,131.5,112038,73945,1091
SEQUENT,01-APR-2021,242.95,249.9,242.05,243.9,417121,189860,7003
SESHAPAPER,01-APR-2021,161.8,164.7,161.05,162.2,19415,12126,422
SETCO,01-APR-2021,14.75,15.25,13.95,15.25,150323,88599,279
SETF10GILT,01-APR-2021,202.9,202.9,200.0,201.95,24,12,5
SETFGOLD,01-APR-2021,4045.0,4045.0,3966.25,4019.95,9261,6858,1422
SETFNIF50,01-APR-2021,151.33,151.33,149.0,150.52,154127,127177,1350
SETFNIFBK,01-APR-2021,336.0,338.46,331.99,337.44,23323,19174,397
SETFNN50,01-APR-2021,357.99,360.79,354.5,358.48,5104,3511,317
SEYAIND,01-APR-2021,49.5,51.95,49.0,51.55,32543,20846,491
SFL,01-APR-2021,1986.95,2024.0,1975.5,1988.15,4849,1912,2153
SGL,01-APR-2021,8.15,9.7,8.15,9.05,228586,94155,724
SHAKTIPUMP,01-APR-2021,518.0,525.7,515.5,518.25,30845,20744,1316
SHALBY,01-APR-2021,101.3,107.15,101.2,106.3,319425,127179,2755
SHALPAINTS,01-APR-2021,96.8,99.5,96.75,97.2,85537,46688,1419
SHANKARA,01-APR-2021,414.5,435.8,414.4,425.05,94831,25066,4683
SHANTIGEAR,01-APR-2021,128.75,134.85,126.25,133.4,56196,46375,743
SHARDACROP,01-APR-2021,288.3,301.85,288.3,298.4,90980,49284,3325
SHARDAMOTR,01-APR-2021,1980.0,2019.0,1980.0,1994.75,3863,2890,478
SHAREINDIA,01-APR-2021,273.0,277.95,257.45,270.25,7981,5071,391
SHARIABEES,01-APR-2021,373.2,375.0,368.49,370.24,215,137,41
SHEMAROO,01-APR-2021,66.05,68.75,65.6,68.35,36683,23779,525
SHIL,01-APR-2021,270.1,280.0,267.3,272.1,55547,34244,1259
SHILPAMED,01-APR-2021,342.0,357.05,338.5,351.15,410513,124467,10193
SHIVAMAUTO,01-APR-2021,18.55,18.7,17.55,18.25,44874,33656,207
SHIVATEX,01-APR-2021,141.0,142.55,135.35,138.0,15343,11322,120
SHK,01-APR-2021,112.05,116.95,112.05,113.05,188039,114698,2094
SHOPERSTOP,01-APR-2021,217.0,218.4,212.4,215.6,126564,32371,2578
SHREDIGCEM,01-APR-2021,61.4,64.6,61.4,63.25,430653,198624,2121
SHREECEM,01-APR-2021,29570.0,30279.5,29445.4,29951.95,52771,13824,15708
SHREEPUSHK,01-APR-2021,137.05,142.4,137.05,138.75,70307,38034,1713
SHREERAMA,01-APR-2021,10.25,10.45,9.75,10.25,35704,28250,199
SHRENIK,01-APR-2021,1.85,1.85,1.8,1.8,2498352,1518979,1703
SHREYANIND,01-APR-2021,103.7,107.7,101.6,104.4,52806,20626,771
SHREYAS,01-APR-2021,72.5,77.0,71.15,76.55,38476,31395,446
SHRIRAMCIT,01-APR-2021,1389.0,1450.0,1370.0,1429.7,49783,19639,6821
SHRIRAMEPC,01-APR-2021,4.1,4.1,4.0,4.05,266973,231717,288
SHYAMCENT,01-APR-2021,5.4,5.45,5.2,5.35,52479,44328,119
SICAGEN,01-APR-2021,14.55,15.3,14.55,15.05,14321,9401,110
SICAL,01-APR-2021,10.5,10.9,10.5,10.9,129057,106867,218
SIEMENS,01-APR-2021,1850.0,1866.75,1835.0,1858.25,124369,46102,6616
SIGIND,01-APR-2021,30.4,31.5,30.4,31.35,9802,7275,173
SILGO,01-APR-2021,59.0,65.0,54.5,55.65,456570,168440,5067
SILINV,01-APR-2021,198.6,202.0,191.6,194.15,1665,1304,76
SIMBHALS,01-APR-2021,7.45,7.45,7.45,7.45,15980,15960,32
SIMPLEXINF,01-APR-2021,31.0,32.0,30.55,31.95,141979,106335,528
SINTERCOM,01-APR-2021,78.0,95.9,78.0,83.5,33276,8076,666
SIS,01-APR-2021,392.0,408.0,392.0,404.8,180311,114002,6100
SITINET,01-APR-2021,0.85,0.9,0.85,0.9,1971397,1406000,741
SIYSIL,01-APR-2021,189.95,195.0,189.4,190.95,45970,30069,1051
SJVN,01-APR-2021,26.2,26.5,25.9,26.1,1596095,763216,4331
SKFINDIA,01-APR-2021,2223.0,2288.0,2201.0,2220.65,13930,9688,3216
SKIPPER,01-APR-2021,61.95,62.45,60.1,61.25,31269,18635,439
SKMEGGPROD,01-APR-2021,47.05,49.95,47.05,49.45,42325,25221,396
SMARTLINK,01-APR-2021,83.55,85.25,83.5,84.95,6492,3577,150
SMCGLOBAL,01-APR-2021,69.95,76.4,69.35,75.75,408648,182739,2957
SMLISUZU,01-APR-2021,455.75,484.95,455.75,469.7,38698,12142,2106
SMSLIFE,01-APR-2021,507.9,512.0,495.2,503.7,1780,1219,132
SMSPHARMA,01-APR-2021,124.25,126.9,122.5,124.85,62876,30691,857
SNOWMAN,01-APR-2021,44.7,47.25,44.1,46.5,2384586,928314,8421
SOBHA,01-APR-2021,439.2,449.0,438.0,445.6,62633,30187,4098
SOLARA,01-APR-2021,1414.9,1414.9,1388.15,1404.2,41511,21868,4335
SOLARINDS,01-APR-2021,1285.0,1324.0,1251.35,1292.4,10605,2967,1118
SOMANYCERA,01-APR-2021,421.05,437.0,421.05,434.3,19255,13704,914
SONATSOFTW,01-APR-2021,513.3,528.9,512.55,525.7,441480,137043,21259
SORILINFRA,01-APR-2021,140.9,150.0,136.35,148.35,129771,56307,2490
SOTL,01-APR-2021,978.0,1029.0,978.0,1021.85,8807,4965,1259
SOUTHBANK,01-APR-2021,8.35,8.75,8.3,8.7,12452921,4855266,150155
SOUTHWEST,01-APR-2021,53.25,53.25,51.25,52.7,10209,8130,91
SPAL,01-APR-2021,154.5,163.0,154.05,161.0,16092,10965,418
SPANDANA,01-APR-2021,615.0,625.0,612.7,618.5,34536,20903,2811
SPARC,01-APR-2021,142.7,153.0,142.3,152.25,1081036,286172,12875
SPECIALITY,01-APR-2021,38.0,39.15,37.8,38.2,185101,153165,890
SPENCERS,01-APR-2021,70.9,73.9,70.9,72.5,268472,133114,1996
SPIC,01-APR-2021,29.65,30.95,29.25,30.15,629457,216697,6213
SPICEJET,01-APR-2021,70.2,72.6,69.7,72.15,2523924,1060789,10899
SPLIL,01-APR-2021,34.35,36.0,33.35,34.5,43421,24336,402
SPMLINFRA,01-APR-2021,9.85,10.35,9.75,10.0,39283,37874,75
SPTL,01-APR-2021,3.15,3.45,3.15,3.45,4146593,3437695,1014
SPYL,01-APR-2021,0.4,0.4,0.35,0.4,294334,240896,167
SREEL,01-APR-2021,149.9,151.75,146.45,147.6,22193,11803,840
SREINFRA,01-APR-2021,5.2,6.05,5.15,6.05,6626032,2917786,4572
SRF,01-APR-2021,5449.5,5774.75,5436.05,5741.35,431901,76244,46169
SRHHYPOLTD,01-APR-2021,238.0,247.0,236.05,244.3,13865,8662,664
SRIPIPES,01-APR-2021,173.5,174.95,172.1,174.05,28720,19067,477
SRTRANSFIN,01-APR-2021,1445.0,1479.0,1425.5,1472.7,2450892,390842,74595
SSWL,01-APR-2021,698.0,728.85,698.0,720.15,52490,27228,2840
STAR,01-APR-2021,854.0,873.7,843.0,850.2,381578,67421,12423
STARCEMENT,01-APR-2021,97.7,101.0,96.75,99.05,271526,107941,2887
STARPAPER,01-APR-2021,123.0,124.15,121.65,123.7,51751,21310,1060
STCINDIA,01-APR-2021,75.5,78.1,75.5,78.1,33659,24489,398
STEELCITY,01-APR-2021,35.05,37.8,35.0,37.1,24558,13204,232
STEELXIND,01-APR-2021,65.0,68.7,64.0,66.7,645046,385357,5001
STERTOOLS,01-APR-2021,196.05,206.95,196.05,197.7,11533,5443,503
STLTECH,01-APR-2021,197.7,207.9,195.0,206.65,522084,294295,8861
STOVEKRAFT,01-APR-2021,462.6,483.95,459.4,479.75,235525,88622,11575
SUBEXLTD,01-APR-2021,35.85,37.7,35.8,37.0,6894752,2725427,14866
SUBROS,01-APR-2021,310.0,328.35,308.5,325.05,226126,39808,4863
SUDARSCHEM,01-APR-2021,520.75,529.95,520.35,523.15,44685,17383,2199
SUMICHEM,01-APR-2021,291.8,293.8,287.0,288.45,219064,103169,4680
SUMIT,01-APR-2021,9.6,10.5,9.5,10.5,152107,121665,297
SUMMITSEC,01-APR-2021,545.3,550.3,536.0,540.0,2928,2679,172
SUNCLAYLTD,01-APR-2021,3118.0,3120.05,3055.8,3060.4,4457,3896,934
SUNDARAM,01-APR-2021,1.25,1.25,1.2,1.25,142607,90811,45
SUNDARMFIN,01-APR-2021,2605.0,2645.95,2582.8,2619.1,56387,46796,4105
SUNDARMHLD,01-APR-2021,77.75,78.7,76.9,77.55,32907,24802,282
SUNDRMBRAK,01-APR-2021,359.0,359.0,345.25,348.5,2065,1410,131
SUNDRMFAST,01-APR-2021,813.7,839.9,741.1,798.2,226396,113054,17287
SUNFLAG,01-APR-2021,63.2,69.45,63.0,67.95,1983189,769725,12766
SUNPHARMA,01-APR-2021,600.0,612.7,597.35,610.75,6033653,2143177,90978
SUNTECK,01-APR-2021,289.9,298.75,278.2,281.25,1041026,247698,25223
SUNTV,01-APR-2021,474.5,480.0,467.2,478.35,1268820,373616,22125
SUPERHOUSE,01-APR-2021,123.0,127.05,123.0,126.0,10823,6265,185
SUPERSPIN,01-APR-2021,4.25,4.25,4.05,4.25,6122,3922,25
SUPPETRO,01-APR-2021,416.05,424.05,416.05,422.0,17429,9547,860
SUPRAJIT,01-APR-2021,278.2,292.2,278.2,289.8,162355,67351,6663
SUPREMEENG,01-APR-2021,28.1,28.1,26.55,27.5,4722,2245,26
SUPREMEIND,01-APR-2021,2049.9,2049.9,1985.55,2020.8,43191,21566,8864
SURANAT&P,01-APR-2021,4.05,4.25,4.05,4.25,24007,15770,81
SURYALAXMI,01-APR-2021,29.8,30.95,29.0,30.95,6866,5345,83
SURYAROSNI,01-APR-2021,347.85,359.9,347.85,357.75,112920,38472,5083
SURYODAY,01-APR-2021,276.1,281.45,271.1,273.35,253766,67135,8424
SUTLEJTEX,01-APR-2021,39.85,43.0,39.75,41.15,86459,57101,477
SUVEN,01-APR-2021,70.65,74.95,70.65,74.55,415880,220866,3071
SUVENPHAR,01-APR-2021,496.8,499.0,483.0,491.1,267030,174889,11687
SUZLON,01-APR-2021,5.0,5.25,4.85,5.1,39493741,15992520,18125
SWANENERGY,01-APR-2021,134.3,141.15,134.3,137.05,236269,11219,8833
SWARAJENG,01-APR-2021,1330.0,1336.2,1305.1,1327.1,3616,2249,547
SWELECTES,01-APR-2021,205.95,207.6,201.2,204.55,6712,4728,214
SWSOLAR,01-APR-2021,263.7,283.0,262.3,279.35,3452178,1302545,36650
SYMPHONY,01-APR-2021,1274.0,1314.0,1250.0,1293.95,32887,14042,4194
SYNGENE,01-APR-2021,550.0,559.8,547.3,557.95,489698,265147,28882
TAINWALCHM,01-APR-2021,59.0,61.45,58.15,60.55,11587,4624,371
TAJGVK,01-APR-2021,110.85,114.9,110.5,113.3,57174,29629,1088
TAKE,01-APR-2021,45.35,53.85,45.1,52.85,8168872,1885420,38953
TALBROAUTO,01-APR-2021,209.0,215.0,202.0,207.45,26327,8952,1034
TANLA,01-APR-2021,834.0,854.25,821.6,854.25,144313,90047,5982
TARC,01-APR-2021,29.15,31.5,29.15,30.45,432993,230038,1859
TARMAT,01-APR-2021,46.35,48.75,43.05,47.05,31173,20417,445
TASTYBITE,01-APR-2021,14273.95,14641.9,14273.0,14416.45,1027,412,613
TATACHEM,01-APR-2021,758.8,791.7,755.1,779.1,7295960,1484879,100604
TATACOFFEE,01-APR-2021,120.65,123.9,120.55,122.85,1688787,276857,10695
TATACOMM,01-APR-2021,1062.8,1134.9,1062.8,1122.9,1165973,428568,39639
TATACONSUM,01-APR-2021,641.0,652.95,640.65,650.15,3844057,1286121,63736
TATAELXSI,01-APR-2021,2707.0,2797.0,2705.0,2772.0,579333,142142,33100
TATAINVEST,01-APR-2021,1037.95,1045.0,1031.45,1034.45,40621,29171,3635
TATAMETALI,01-APR-2021,824.9,852.45,806.75,843.8,815164,123291,23421
TATAMOTORS,01-APR-2021,306.75,309.85,303.05,307.75,44088352,4813315,268091
TATAMTRDVR,01-APR-2021,130.15,132.9,129.2,131.45,2137789,1085482,26009
TATAPOWER,01-APR-2021,103.9,105.5,103.55,105.05,34637782,5869252,84344
TATASTEEL,01-APR-2021,821.0,868.9,819.0,863.05,36842098,6576525,405809
TATASTLBSL,01-APR-2021,52.85,55.85,52.6,55.45,15849327,4379229,34575
TATASTLLP,01-APR-2021,727.0,759.05,723.5,755.3,166252,94754,5594
TBZ,01-APR-2021,62.95,68.75,62.45,65.85,175701,96783,2101
TCI,01-APR-2021,257.0,265.25,257.0,264.45,46023,25234,2446
TCIDEVELOP,01-APR-2021,300.3,311.85,300.3,309.95,256,111,34
TCIEXP,01-APR-2021,946.0,952.2,925.0,933.75,16677,5070,2985
TCIFINANCE,01-APR-2021,4.75,4.85,4.75,4.85,13029,12524,12
TCNSBRANDS,01-APR-2021,510.0,534.8,499.25,519.9,49138,21243,11113
TCPLPACK,01-APR-2021,455.0,456.0,425.0,432.55,43259,13902,1956
TCS,01-APR-2021,3191.1,3215.0,3145.0,3165.0,4285076,2256615,154796
TDPOWERSYS,01-APR-2021,155.2,158.0,152.55,155.45,35027,24927,665
TEAMLEASE,01-APR-2021,3800.0,3859.95,3710.0,3772.6,33458,14571,4532
TECHM,01-APR-2021,1000.0,1007.8,986.0,992.15,3555291,1853314,81967
TECHNOE,01-APR-2021,306.85,320.0,306.85,316.1,479326,295905,9182
TEJASNET,01-APR-2021,161.5,166.85,159.05,166.85,115731,91587,1616
TERASOFT,01-APR-2021,39.0,39.7,38.4,39.55,38940,28564,410
TEXINFRA,01-APR-2021,69.8,71.2,69.8,70.7,15081,13490,110
TEXMOPIPES,01-APR-2021,25.1,25.75,24.95,25.45,94803,70432,458
TEXRAIL,01-APR-2021,26.95,27.85,26.95,27.5,932712,590757,1969
TFCILTD,01-APR-2021,61.95,63.7,61.7,62.8,225028,108541,1612
TGBHOTELS,01-APR-2021,4.35,4.45,4.3,4.4,8194,6424,37
THANGAMAYL,01-APR-2021,591.95,597.5,586.2,594.7,6072,3194,364
THEINVEST,01-APR-2021,91.4,93.8,90.05,90.7,7655,4413,216
THEMISMED,01-APR-2021,286.0,302.0,281.45,297.9,5110,3485,260
THERMAX,01-APR-2021,1341.05,1379.25,1310.55,1326.6,56747,29398,9015
THOMASCOOK,01-APR-2021,50.0,50.25,48.85,49.2,238146,151499,1389
THYROCARE,01-APR-2021,909.75,950.0,903.0,945.4,480734,204634,19052
TI,01-APR-2021,29.55,31.8,29.5,30.9,781996,648296,1232
TIDEWATER,01-APR-2021,4358.45,4440.0,4358.45,4389.95,978,625,281
TIIL,01-APR-2021,390.5,402.0,389.85,393.95,12938,7509,711
TIINDIA,01-APR-2021,1219.0,1219.85,1153.0,1198.35,282259,258697,4331
TIL,01-APR-2021,156.45,164.05,152.35,162.5,9128,5629,468
TIMESGTY,01-APR-2021,24.0,25.95,24.0,25.0,803,489,67
TIMETECHNO,01-APR-2021,61.0,62.95,60.2,61.9,1127767,575124,12084
TIMKEN,01-APR-2021,1296.5,1324.45,1293.8,1311.5,45360,31948,3088
TINPLATE,01-APR-2021,161.8,171.0,160.8,168.45,1076268,316963,14176
TIRUMALCHM,01-APR-2021,86.9,89.6,86.0,89.1,638661,330192,4519
TITAN,01-APR-2021,1560.0,1593.3,1551.55,1559.35,1343989,339501,53360
TMRVL,01-APR-2021,12.55,12.75,12.2,12.7,43974,34155,161
TNPETRO,01-APR-2021,49.4,53.9,49.1,52.75,1322478,584546,7304
TNPL,01-APR-2021,147.05,161.8,145.35,154.0,593919,416772,8839
TOKYOPLAST,01-APR-2021,69.1,70.9,68.65,70.05,2841,2056,36
TORNTPHARM,01-APR-2021,2548.95,2556.45,2525.7,2548.25,123628,61014,12128
TORNTPOWER,01-APR-2021,423.5,428.55,421.95,427.55,690448,336869,10544
TOTAL,01-APR-2021,44.85,44.9,43.55,43.6,5487,4363,58
TPLPLASTEH,01-APR-2021,157.75,157.75,151.55,154.6,14001,1451,121
TREEHOUSE,01-APR-2021,7.25,7.95,7.2,7.85,78056,71748,156
TREJHARA,01-APR-2021,29.15,31.15,28.55,30.95,20879,15410,237
TRENT,01-APR-2021,760.0,764.2,739.05,750.85,810538,398401,23697
TRF,01-APR-2021,85.9,89.85,85.35,88.8,13147,5560,355
TRIDENT,01-APR-2021,14.15,14.4,14.05,14.2,7149942,3400936,10447
TRIGYN,01-APR-2021,63.7,68.25,63.1,68.25,51973,40733,550
TRIL,01-APR-2021,16.5,17.45,16.5,17.3,131393,93036,470
TRITURBINE,01-APR-2021,102.15,103.5,100.5,101.75,63590,35060,792
TRIVENI,01-APR-2021,85.6,86.45,83.5,85.25,339707,161326,2449
TTKHLTCARE,01-APR-2021,503.95,503.95,490.1,497.25,1388,1102,121
TTKPRESTIG,01-APR-2021,7258.3,7336.0,7152.0,7282.7,6130,3611,2219
TTL,01-APR-2021,45.2,47.45,45.2,46.7,6666,3905,175
TV18BRDCST,01-APR-2021,28.95,29.4,28.5,29.2,6614470,2694022,7526
TVSMOTOR,01-APR-2021,592.8,593.0,582.25,589.2,1284339,341005,26752
TVSSRICHAK,01-APR-2021,1783.85,1820.0,1783.85,1798.0,6448,4531,892
TVTODAY,01-APR-2021,267.5,271.0,266.45,270.45,21010,15988,538
TVVISION,01-APR-2021,2.6,2.6,2.6,2.6,1979,1979,10
TWL,01-APR-2021,45.45,47.45,44.95,47.05,433663,156332,3697
UBL,01-APR-2021,1242.0,1250.05,1230.15,1242.15,106441,21897,6514
UCALFUEL,01-APR-2021,139.0,147.4,139.0,146.4,112426,28387,7887
UCOBANK,01-APR-2021,11.4,11.5,11.15,11.45,10635549,4452953,21899
UFLEX,01-APR-2021,380.9,389.7,378.5,387.6,87162,35831,2733
UFO,01-APR-2021,70.5,73.95,69.0,73.7,142192,73385,1527
UGARSUGAR,01-APR-2021,17.25,17.8,17.25,17.3,116203,60919,568
UJJIVAN,01-APR-2021,211.3,227.9,211.3,223.55,958810,266583,12781
UJJIVANSFB,01-APR-2021,30.8,32.15,30.6,31.9,2676741,1206569,10173
ULTRACEMCO,01-APR-2021,6766.0,6933.7,6731.2,6898.85,531749,238475,42208
UMANGDAIRY,01-APR-2021,59.7,60.9,57.65,58.8,13699,5544,413
UNICHEMLAB,01-APR-2021,312.5,317.35,310.6,314.2,15523,8367,670
UNIDT,01-APR-2021,264.65,280.0,261.0,277.5,22258,18013,454
UNIENTER,01-APR-2021,86.1,86.8,84.7,85.55,5632,3384,96
UNIONBANK,01-APR-2021,34.45,35.15,34.2,34.9,6985406,2673883,15013
UNITEDTEA,01-APR-2021,300.95,304.95,298.75,300.65,1232,525,179
UNIVCABLES,01-APR-2021,137.0,141.0,137.0,139.0,15605,11662,344
UNIVPHOTO,01-APR-2021,168.9,169.95,161.5,167.85,2161,766,110
UPL,01-APR-2021,640.95,656.9,635.0,653.6,7348750,594748,89415
USHAMART,01-APR-2021,33.25,38.0,33.2,36.55,6672568,2592581,18522
UTIAMC,01-APR-2021,579.1,583.05,568.1,572.8,193119,163718,6798
UTIBANKETF,01-APR-2021,33.4,34.29,32.82,33.97,26897,24467,149
UTINEXT50,01-APR-2021,37.0,38.0,36.0,36.22,15305,11414,336
UTINIFTETF,01-APR-2021,1543.1,1576.0,1541.0,1561.4,157,146,47
UTISENSETF,01-APR-2021,521.0,524.0,517.67,522.81,175,169,47
UTISXN50,01-APR-2021,40.4,41.63,39.62,40.5,671,356,32
UTTAMSUGAR,01-APR-2021,91.6,92.5,90.5,91.4,25245,12048,396
V2RETAIL,01-APR-2021,125.0,132.1,125.0,132.1,32141,31381,223
VADILALIND,01-APR-2021,899.95,925.0,885.0,912.5,20798,7832,2494
VAIBHAVGBL,01-APR-2021,3965.0,4040.0,3900.0,4006.95,26829,13528,7282
VAKRANGEE,01-APR-2021,57.25,58.75,56.8,58.3,3485541,2437081,7395
VALIANTORG,01-APR-2021,1291.95,1315.0,1250.0,1292.9,51990,14490,4252
VARDHACRLC,01-APR-2021,36.5,37.95,36.5,37.15,13769,9492,70
VARDMNPOLY,01-APR-2021,17.4,17.45,16.85,17.1,48704,28524,246
VARROC,01-APR-2021,385.0,385.0,370.6,378.3,217101,63538,7805
VASCONEQ,01-APR-2021,18.3,18.8,18.15,18.55,211177,155486,708
VASWANI,01-APR-2021,10.15,10.2,9.5,9.6,12334,10510,56
VBL,01-APR-2021,1010.1,1015.0,993.35,1009.0,206328,124925,15161
VEDL,01-APR-2021,229.25,231.8,228.75,231.25,10398919,4212777,32277
VENKEYS,01-APR-2021,1559.75,1589.0,1553.3,1566.85,61964,18599,4047
VENUSREM,01-APR-2021,282.8,288.0,261.1,284.95,159692,84828,2360
VERTOZ,01-APR-2021,274.9,290.0,273.05,285.5,177028,40321,3471
VESUVIUS,01-APR-2021,981.0,1010.95,980.0,995.3,12883,5181,2034
VETO,01-APR-2021,118.95,121.85,116.25,121.85,31223,18802,697
VGUARD,01-APR-2021,253.0,262.0,242.3,247.55,1852199,665907,22700
VHL,01-APR-2021,1763.0,1797.55,1751.05,1789.25,842,502,232
VIDHIING,01-APR-2021,215.0,215.9,205.65,207.1,160049,84864,4194
VIJIFIN,01-APR-2021,0.7,0.7,0.65,0.65,23917,23768,73
VIKASECO,01-APR-2021,2.3,2.35,2.25,2.35,1395121,800928,4856
VIKASMCORP,01-APR-2021,3.0,3.05,2.95,3.05,1944060,1075659,2263
VIKASPROP,01-APR-2021,2.4,2.45,2.4,2.4,1285370,1189888,2324
VIKASWSP,01-APR-2021,6.2,6.2,5.95,6.05,525713,381239,353
VIMTALABS,01-APR-2021,161.5,165.5,161.35,163.55,29060,12262,779
VINATIORGA,01-APR-2021,1405.55,1419.3,1382.0,1399.9,151882,127959,5410
VINDHYATEL,01-APR-2021,820.0,842.45,820.0,828.9,10989,6729,878
VINYLINDIA,01-APR-2021,118.8,119.65,116.5,117.05,64620,37621,825
VIPIND,01-APR-2021,357.0,361.2,351.0,354.45,192683,84266,33909
VISAKAIND,01-APR-2021,477.55,487.95,468.0,472.75,64937,35161,3168
VISASTEEL,01-APR-2021,6.8,6.8,6.6,6.7,26305,23803,91
VISHAL,01-APR-2021,61.15,61.15,61.15,61.15,5091,5091,94
VISHNU,01-APR-2021,291.5,297.95,286.5,297.95,11486,8081,208
VISHWARAJ,01-APR-2021,121.55,127.7,119.95,122.6,93297,33844,1252
VIVIMEDLAB,01-APR-2021,16.15,17.9,16.15,17.7,513639,325701,1509
VLSFINANCE,01-APR-2021,82.9,83.5,81.15,82.55,19996,12332,303
VMART,01-APR-2021,2785.5,2850.0,2769.05,2808.45,101534,87818,8108
VOLTAMP,01-APR-2021,1100.0,1120.0,1072.1,1081.65,9994,4681,1235
VOLTAS,01-APR-2021,1012.0,1015.15,1002.1,1005.95,803202,170645,20868
VRLLOG,01-APR-2021,237.0,237.0,231.8,233.4,37572,18058,1186
VSSL,01-APR-2021,141.3,145.15,139.5,143.6,107886,61438,1541
VSTIND,01-APR-2021,3420.0,3420.0,3336.9,3363.85,3980,2377,1150
VSTTILLERS,01-APR-2021,1824.0,1874.7,1809.75,1833.7,15265,4768,2145
VTL,01-APR-2021,1330.0,1346.35,1253.5,1269.15,208106,174735,7229
WABAG,01-APR-2021,252.8,261.55,251.45,256.6,573934,162563,12467
WABCOINDIA,01-APR-2021,6590.05,6678.0,6381.0,6421.9,32350,9100,8228
WALCHANNAG,01-APR-2021,63.4,65.6,63.1,64.8,363680,71749,5207
WATERBASE,01-APR-2021,100.8,105.0,100.8,104.3,117317,43846,1715
WEALTH,01-APR-2021,126.85,131.75,126.85,131.3,51,8,7
WEBELSOLAR,01-APR-2021,43.65,44.0,42.5,43.65,86987,68111,399
WEIZMANIND,01-APR-2021,44.8,45.0,43.6,44.35,3173,1549,44
WELCORP,01-APR-2021,140.7,148.8,140.55,147.3,4195656,1470059,31998
WELENT,01-APR-2021,111.4,115.0,110.3,113.9,431718,253644,4216
WELINV,01-APR-2021,417.05,417.05,381.1,393.65,951,621,95
WELSPUNIND,01-APR-2021,82.0,85.35,81.9,84.75,1752101,891361,9175
WENDT,01-APR-2021,3170.0,3213.0,3130.0,3189.0,281,147,125
WESTLIFE,01-APR-2021,459.7,465.0,446.3,456.0,575508,526296,2895
WHEELS,01-APR-2021,453.65,464.75,451.45,458.7,524128,380454,3168
WHIRLPOOL,01-APR-2021,2239.4,2262.55,2214.0,2223.65,91390,59180,11241
WILLAMAGOR,01-APR-2021,18.5,18.95,18.5,18.8,1745,1535,27
WINDMACHIN,01-APR-2021,31.0,32.05,30.7,32.05,160017,113199,502
WIPRO,01-APR-2021,418.85,422.85,414.35,416.4,7596943,1423843,85649
WOCKPHARMA,01-APR-2021,416.85,433.0,414.75,428.25,490358,137699,10539
WONDERLA,01-APR-2021,192.4,204.4,192.4,202.55,75304,34649,2311
WORTH,01-APR-2021,49.2,52.8,49.2,51.85,10710,7088,113
WSI,01-APR-2021,6.65,6.85,6.65,6.85,2617,2617,11
WSTCSTPAPR,01-APR-2021,241.15,251.65,241.15,247.9,209670,104291,4721
XCHANGING,01-APR-2021,65.05,67.35,64.85,66.6,76264,41455,833
XELPMOC,01-APR-2021,263.85,268.8,256.6,266.5,31505,21626,3168
XPROINDIA,01-APR-2021,76.7,76.7,76.7,76.7,5947,5947,42
YAARII,01-APR-2021,113.1,122.75,113.1,113.7,1130570,448823,6972
YESBANK,01-APR-2021,15.65,15.85,15.35,15.7,93196660,27968799,72805
ZEEL,01-APR-2021,204.2,210.85,202.2,209.25,8509692,1806324,62737
ZEELEARN,01-APR-2021,10.5,11.2,10.35,10.95,1617822,735311,1616
ZEEMEDIA,01-APR-2021,6.4,6.6,6.25,6.5,962945,626638,1639
ZENITHEXPO,01-APR-2021,70.0,70.0,67.5,67.85,787,386,52
ZENSARTECH,01-APR-2021,275.0,276.95,273.0,274.75,187065,110419,5397
ZENTEC,01-APR-2021,79.15,80.2,78.1,79.65,95542,57015,1151
ZODIACLOTH,01-APR-2021,94.0,98.4,93.7,97.45,28694,19778,347
ZODJRDMKJ,01-APR-2021,25.35,26.0,24.35,25.8,693,443,64
ZOTA,01-APR-2021,143.9,145.9,141.0,144.85,23104,4447,179
ZUARI,01-APR-2021,91.6,93.0,90.5,91.3,55564,25973,779
ZYDUSWELL,01-APR-2021,1971.0,1990.0,1961.1,1985.0,8760,4360,1611
