20MICRONS,15-APR-2021,36.8,37.05,35.95,36.05,34375,15910,412
21STCENMGM,15-APR-2021,12.45,12.45,12.45,12.45,1049,949,12
3IINFOTECH,15-APR-2021,7.3,7.55,7.05,7.05,17175200,8575475,11018
3MINDIA,15-APR-2021,26499.0,26499.0,25315.0,25532.5,4198,1825,2544
3PLAND,15-APR-2021,9.6,10.0,9.2,9.8,20266,12133,125
5PAISA,15-APR-2021,350.4,350.4,339.85,350.4,233162,130939,1636
63MOONS,15-APR-2021,82.95,97.3,80.3,96.0,1926800,449771,20591
A2ZINFRA,15-APR-2021,3.8,3.85,3.7,3.75,666938,525243,562
AARON,15-APR-2021,53.25,57.1,53.25,56.3,229,149,29
AARTIDRUGS,15-APR-2021,714.1,714.1,700.05,703.85,316853,100644,15864
AARTIIND,15-APR-2021,1380.0,1388.55,1340.3,1369.0,166764,55993,10318
AARTISURF,15-APR-2021,1565.0,1675.0,1531.0,1641.75,118995,48010,9583
AARVEEDEN,15-APR-2021,22.05,24.75,20.6,22.8,57193,29806,649
AARVI,15-APR-2021,47.35,47.35,41.95,43.15,12571,9935,178
AAVAS,15-APR-2021,2270.5,2363.35,2265.0,2327.6,128096,100351,7283
ABAN,15-APR-2021,31.6,31.6,29.65,29.9,129590,58216,1010
ABB,15-APR-2021,1316.5,1363.95,1309.05,1349.45,426291,285882,15959
ABBOTINDIA,15-APR-2021,15000.0,15082.15,14855.0,14919.75,6685,3913,2361
ABCAPITAL,15-APR-2021,121.0,123.4,117.35,119.65,7443237,1444823,59539
ABFRL,15-APR-2021,175.0,175.25,169.25,171.6,1325248,587480,21980
ABMINTLTD,15-APR-2021,47.8,48.95,47.8,48.7,723,708,12
ABSLBANETF,15-APR-2021,316.0,350.0,311.9,315.16,3387,257,89
ABSLNN50ET,15-APR-2021,356.86,356.86,340.0,342.75,279,130,32
ACC,15-APR-2021,1890.0,1896.2,1812.0,1836.65,706453,126937,33741
ACCELYA,15-APR-2021,865.0,875.8,858.0,864.4,1350,902,243
ACCURACY,15-APR-2021,55.0,58.85,53.0,58.6,71802,39246,230
ACE,15-APR-2021,152.7,154.05,148.35,152.45,150168,74540,2430
ACRYSIL,15-APR-2021,336.0,347.4,321.2,331.95,115605,59019,3787
ADANIENT,15-APR-2021,1095.0,1144.9,1081.35,1129.95,9350889,719972,187596
ADANIGREEN,15-APR-2021,1115.95,1144.0,1085.4,1122.7,786223,311935,46327
ADANIPORTS,15-APR-2021,735.9,754.5,725.0,750.35,26108614,1749254,335056
ADANIPOWER,15-APR-2021,88.55,92.4,88.5,90.75,21099016,5546755,85313
ADANITRANS,15-APR-2021,889.9,944.2,860.1,944.15,1477107,590417,23491
ADFFOODS,15-APR-2021,895.7,915.0,871.75,909.5,22195,8106,2480
ADHUNIKIND,15-APR-2021,23.25,23.25,22.3,22.8,55688,34183,422
ADORWELD,15-APR-2021,325.0,325.0,309.55,312.65,10095,6893,611
ADSL,15-APR-2021,47.6,51.85,45.95,48.95,265541,95426,1853
ADVANIHOTR,15-APR-2021,52.85,54.8,52.45,53.05,18367,8747,123
ADVENZYMES,15-APR-2021,358.0,362.0,351.2,357.0,109496,30157,3744
AEGISCHEM,15-APR-2021,288.0,289.8,282.9,286.0,140674,85890,7636
AFFLE,15-APR-2021,5480.0,5498.85,5320.1,5400.3,31824,11482,8494
AGCNET,15-APR-2021,1362.0,1469.15,1362.0,1469.15,7881,6327,448
AGRITECH,15-APR-2021,38.75,42.45,38.75,40.85,124055,53281,1128
AGROPHOS,15-APR-2021,11.75,11.75,11.2,11.4,13211,9343,129
AHLADA,15-APR-2021,101.85,101.85,93.6,97.45,3666,2331,133
AHLEAST,15-APR-2021,157.35,159.15,156.15,156.15,853,712,47
AHLUCONT,15-APR-2021,295.0,295.0,287.95,291.05,51646,49283,652
AHLWEST,15-APR-2021,205.8,213.05,205.0,208.65,1007,286,359
AIAENG,15-APR-2021,1885.8,1885.8,1850.0,1856.8,15553,7491,3530
AIRAN,15-APR-2021,15.7,16.8,15.7,16.65,39413,28603,232
AJANTPHARM,15-APR-2021,1730.0,1745.0,1692.55,1709.6,114183,65059,18141
AJMERA,15-APR-2021,112.8,112.95,106.35,108.75,83825,42707,1766
AKASH,15-APR-2021,224.95,224.95,206.3,211.0,54539,51391,580
AKG,15-APR-2021,42.05,42.05,42.05,42.05,377,377,12
AKSHARCHEM,15-APR-2021,245.65,245.65,238.0,240.25,7304,3944,304
AKSHOPTFBR,15-APR-2021,6.35,6.35,6.2,6.25,157811,107204,291
AKZOINDIA,15-APR-2021,2264.95,2283.3,2257.0,2266.05,3061,1374,1013
ALANKIT,15-APR-2021,16.3,16.3,15.55,15.65,46971,27986,360
ALBERTDAVD,15-APR-2021,413.2,413.4,402.0,404.35,11334,7486,560
ALEMBICLTD,15-APR-2021,102.6,104.25,101.7,102.6,299214,108872,2984
ALICON,15-APR-2021,426.0,429.95,417.85,423.65,2668,1388,290
ALKALI,15-APR-2021,53.35,55.35,51.65,53.35,39188,13281,921
ALKEM,15-APR-2021,2751.8,2781.95,2681.5,2750.45,112319,32582,11815
ALKYLAMINE,15-APR-2021,6071.0,6090.0,5820.0,5899.25,28275,11990,6795
ALLCARGO,15-APR-2021,123.8,124.6,123.0,123.85,79092,33503,1092
ALLSEC,15-APR-2021,323.4,326.65,311.0,312.15,7912,3051,407
ALMONDZ,15-APR-2021,26.9,27.8,26.15,26.9,2473,1937,73
ALOKINDS,15-APR-2021,20.75,21.9,20.6,21.6,10273622,4307811,11614
ALPA,15-APR-2021,52.95,53.45,48.5,49.35,200771,100711,2328
ALPHAGEO,15-APR-2021,187.95,188.9,181.95,183.4,12641,7896,403
AMARAJABAT,15-APR-2021,807.95,810.0,788.5,801.9,1006376,165959,31990
AMBER,15-APR-2021,3161.0,3189.95,3069.0,3094.3,40323,23943,7583
AMBIKCO,15-APR-2021,900.15,901.0,885.7,898.1,10288,7237,942
AMBUJACEM,15-APR-2021,303.0,306.5,293.0,295.2,9069002,3321911,65368
AMJLAND,15-APR-2021,23.85,23.85,22.25,22.9,5201,2147,102
AMRUTANJAN,15-APR-2021,610.7,613.95,590.0,599.05,61058,18827,5231
ANANTRAJ,15-APR-2021,48.25,52.1,47.3,51.25,770500,460847,2594
ANDHRACEMT,15-APR-2021,5.75,5.75,5.4,5.55,446890,249185,750
ANDHRAPAP,15-APR-2021,218.5,218.5,203.65,213.4,30211,21474,967
ANDHRSUGAR,15-APR-2021,310.5,328.95,308.05,325.75,324865,112220,10103
ANGELBRKG,15-APR-2021,288.1,299.0,288.1,297.15,76573,30348,2367
ANIKINDS,15-APR-2021,14.9,14.9,13.35,13.95,44291,32482,242
ANKITMETAL,15-APR-2021,1.0,1.0,0.95,0.95,78707,56566,53
ANSALAPI,15-APR-2021,6.25,6.5,6.1,6.2,75775,51129,118
ANSALHSG,15-APR-2021,5.15,5.15,4.8,4.9,65224,57320,119
ANUP,15-APR-2021,552.4,571.7,552.4,565.2,5392,2798,604
ANURAS,15-APR-2021,581.9,600.95,564.2,594.7,671215,211213,27422
APARINDS,15-APR-2021,460.4,461.95,452.9,458.15,19971,11373,1137
APCL,15-APR-2021,205.25,211.0,205.25,208.6,15629,9389,599
APCOTEXIND,15-APR-2021,180.0,181.0,177.1,178.8,39005,14948,1263
APEX,15-APR-2021,205.8,209.95,203.0,204.9,94757,47333,4254
APLAPOLLO,15-APR-2021,1212.75,1265.0,1186.55,1225.45,248989,176495,11157
APLLTD,15-APR-2021,976.0,986.95,960.0,972.6,140229,41928,7118
APOLLO,15-APR-2021,91.05,91.8,88.2,90.0,49738,25768,1494
APOLLOHOSP,15-APR-2021,3037.0,3038.95,2902.3,2993.5,692875,243227,42371
APOLLOPIPE,15-APR-2021,1022.25,1032.35,990.85,1013.8,93409,63213,1946
APOLLOTYRE,15-APR-2021,212.6,215.5,205.3,208.4,7243110,1584394,65070
APOLSINHOT,15-APR-2021,590.05,590.9,540.6,555.55,2659,1474,253
APTECHT,15-APR-2021,201.1,204.75,196.4,198.25,110927,35674,2903
ARCHIES,15-APR-2021,10.85,11.1,10.6,10.9,22596,16712,125
ARENTERP,15-APR-2021,11.0,11.9,10.8,11.8,2082,67,27
ARIES,15-APR-2021,84.9,84.9,80.65,82.05,27152,13528,455
ARIHANT,15-APR-2021,19.6,19.6,18.65,18.65,2478,1842,25
ARIHANTSUP,15-APR-2021,45.85,54.7,43.55,54.7,386354,116900,3503
ARMANFIN,15-APR-2021,598.95,604.65,582.45,591.2,8139,4172,513
AROGRANITE,15-APR-2021,39.9,39.9,38.6,39.05,8613,5990,156
ARSSINFRA,15-APR-2021,25.5,25.9,23.25,23.55,36293,21709,334
ARTEMISMED,15-APR-2021,209.9,209.9,198.7,200.0,3462,2918,64
ARVIND,15-APR-2021,61.9,63.8,61.5,62.7,724205,198365,7335
ARVINDFASN,15-APR-2021,133.7,133.8,129.75,131.8,78549,51233,1435
ARVSMART,15-APR-2021,98.5,99.15,96.05,97.1,75220,61677,568
ASAHIINDIA,15-APR-2021,321.25,324.0,314.1,321.55,38553,17423,1969
ASAHISONG,15-APR-2021,320.0,322.3,305.1,317.85,10195,4785,426
ASALCBR,15-APR-2021,410.0,413.55,401.25,405.6,38407,18942,2140
ASHAPURMIN,15-APR-2021,117.1,120.35,114.7,117.25,208278,70073,3261
ASHIANA,15-APR-2021,131.1,134.35,127.0,128.8,52372,28469,1233
ASHIMASYN,15-APR-2021,15.25,16.0,14.75,15.65,102662,72523,261
ASHOKA,15-APR-2021,90.0,90.2,86.3,88.85,681772,238678,7207
ASHOKLEY,15-APR-2021,113.15,114.85,110.05,112.0,22512842,5224977,76601
ASIANHOTNR,15-APR-2021,63.95,65.8,62.35,65.1,8766,2542,454
ASIANPAINT,15-APR-2021,2590.0,2593.55,2537.0,2587.7,1209829,416760,67289
ASIANTILES,15-APR-2021,161.45,162.75,157.05,159.45,134579,66856,2485
ASPINWALL,15-APR-2021,175.25,178.35,170.15,170.9,308,148,26
ASTEC,15-APR-2021,1035.0,1079.7,1016.0,1019.9,16133,9339,1772
ASTERDM,15-APR-2021,143.6,143.6,140.15,140.75,813088,690423,6437
ASTRAL,15-APR-2021,1446.0,1545.0,1446.0,1525.65,1170357,656650,63913
ASTRAMICRO,15-APR-2021,116.85,117.0,112.0,116.3,241377,138085,3938
ASTRAZEN,15-APR-2021,3580.0,3587.7,3470.0,3505.05,52118,14500,8033
ASTRON,15-APR-2021,40.75,41.5,39.6,39.85,31858,20722,406
ATFL,15-APR-2021,809.95,850.0,809.95,843.8,15650,13346,664
ATGL,15-APR-2021,1019.0,1129.7,993.0,1113.55,2900383,898622,108128
ATLANTA,15-APR-2021,6.95,7.2,6.7,6.95,5718,4831,59
ATUL,15-APR-2021,7676.0,7761.0,7510.3,7582.75,17078,10583,3653
ATULAUTO,15-APR-2021,170.65,171.55,167.2,168.95,31255,16832,1163
AUBANK,15-APR-2021,1080.8,1104.0,1040.0,1055.45,2332608,996819,77741
AURIONPRO,15-APR-2021,163.8,194.35,154.65,190.05,635042,171565,13171
AUROPHARMA,15-APR-2021,917.0,932.0,900.0,915.25,4393581,1569054,121701
AUSOMENT,15-APR-2021,53.0,53.8,52.55,53.4,5282,3623,77
AUTOAXLES,15-APR-2021,1006.6,1007.1,978.3,987.5,7213,4211,1149
AUTOIND,15-APR-2021,34.0,36.9,33.55,36.35,21013,12287,231
AVADHSUGAR,15-APR-2021,193.85,206.3,189.05,201.0,364535,73634,6862
AVANTIFEED,15-APR-2021,463.7,472.0,458.0,462.1,158272,64649,8335
AVTNPL,15-APR-2021,44.25,45.0,43.4,43.85,89089,59607,846
AWHCL,15-APR-2021,248.75,250.95,248.0,248.6,27797,13853,1756
AXISBANK,15-APR-2021,666.45,671.35,652.3,668.85,15195951,5118158,211651
AXISBNKETF,15-APR-2021,327.93,327.93,313.06,320.88,4487,3776,89
AXISCADES,15-APR-2021,61.2,62.4,53.1,55.35,367555,186583,4044
AXISGOLD,15-APR-2021,40.43,40.85,40.43,40.74,117208,74572,1539
AXISNIFTY,15-APR-2021,151.24,151.7,149.14,150.87,3000,2305,113
AXISTECETF,15-APR-2021,274.99,274.99,260.0,265.1,1438,1261,94
AYMSYNTEX,15-APR-2021,45.3,45.3,43.8,44.5,4030,3629,65
BAGFILMS,15-APR-2021,2.1,2.1,2.0,2.05,149988,127613,149
BAJAJ-AUTO,15-APR-2021,3602.45,3655.55,3526.1,3597.5,614450,187185,46902
BAJAJCON,15-APR-2021,287.8,313.3,284.35,294.6,4160979,1170547,95758
BAJAJELEC,15-APR-2021,1062.0,1067.25,1036.6,1061.4,74771,56824,6833
BAJAJFINSV,15-APR-2021,9751.7,9834.0,9597.0,9739.7,587504,197282,91201
BAJAJHIND,15-APR-2021,6.25,6.7,6.25,6.4,10105728,2787208,9406
BAJAJHLDNG,15-APR-2021,3315.05,3360.0,3270.0,3341.1,13012,5389,2723
BAJFINANCE,15-APR-2021,4708.1,4750.0,4566.1,4660.3,2897185,998685,189454
BALAJITELE,15-APR-2021,56.4,56.4,53.65,54.55,192634,78133,1930
BALAMINES,15-APR-2021,1820.0,1895.55,1820.0,1861.4,78599,24762,9626
BALAXI,15-APR-2021,597.4,597.4,571.0,589.55,3074,1879,176
BALKRISIND,15-APR-2021,1660.0,1689.0,1632.4,1678.45,379962,104176,17156
BALMLAWRIE,15-APR-2021,124.0,124.0,120.8,121.9,327936,123658,5570
BALPHARMA,15-APR-2021,63.15,64.8,60.75,62.65,35539,19265,825
BALRAMCHIN,15-APR-2021,236.0,272.0,232.6,261.2,13870590,2319136,177131
BANARBEADS,15-APR-2021,47.75,48.75,46.95,47.35,1437,1246,48
BANARISUG,15-APR-2021,1635.0,1700.0,1608.0,1644.75,3245,631,773
BANCOINDIA,15-APR-2021,145.3,146.7,143.0,146.0,101222,58000,3845
BANDHANBNK,15-APR-2021,330.6,335.8,320.1,326.2,11119030,3331085,110169
BANG,15-APR-2021,27.75,27.9,26.5,27.65,1236,735,72
BANKA,15-APR-2021,57.1,61.95,57.1,58.2,3245,2568,81
BANKBARODA,15-APR-2021,67.75,69.4,66.3,68.3,51164588,11024164,97314
BANKBEES,15-APR-2021,319.44,324.85,316.4,323.81,3432574,1922248,19028
BANKINDIA,15-APR-2021,70.0,70.0,67.7,69.15,8185033,1122424,27488
BANSWRAS,15-APR-2021,94.45,96.5,90.9,94.95,22590,15055,336
BARBEQUE,15-APR-2021,668.8,703.0,656.85,693.3,309883,60431,15011
BASF,15-APR-2021,2080.0,2128.7,2052.25,2083.5,28952,8909,4533
BASML,15-APR-2021,62.15,65.0,62.15,62.8,9749,5297,275
BATAINDIA,15-APR-2021,1305.0,1323.0,1293.95,1317.1,344436,60977,17119
BAYERCROP,15-APR-2021,5155.0,5185.0,5088.0,5148.0,6414,3018,1908
BBL,15-APR-2021,1099.4,1105.75,1070.0,1094.6,5748,2412,901
BBTC,15-APR-2021,1227.0,1227.0,1186.1,1191.75,23056,8928,2603
BCG,15-APR-2021,7.9,7.95,7.6,7.7,1783024,1270319,1178
BCLIND,15-APR-2021,120.0,130.0,116.8,126.45,988331,386346,11163
BCP,15-APR-2021,3.15,3.25,3.1,3.2,141732,107921,312
BDL,15-APR-2021,333.0,335.85,328.25,331.95,84639,38835,3050
BEARDSELL,15-APR-2021,10.15,10.4,9.6,10.15,5192,3866,88
BECTORFOOD,15-APR-2021,344.0,348.0,341.0,344.05,208589,94489,5719
BEDMUTHA,15-APR-2021,24.95,26.6,23.45,24.45,11210,8564,82
BEL,15-APR-2021,125.0,129.7,124.4,128.5,14226636,5287962,59766
BEML,15-APR-2021,1186.5,1227.95,1182.2,1210.3,317131,50747,18468
BEPL,15-APR-2021,155.8,163.15,155.1,161.4,1517613,670995,19202
BERGEPAINT,15-APR-2021,724.0,731.25,711.0,727.45,681355,267516,21724
BESTAGRO,15-APR-2021,409.9,424.7,390.3,419.2,113696,109048,742
BFINVEST,15-APR-2021,280.5,283.7,272.5,276.75,5057,2694,373
BFUTILITIE,15-APR-2021,241.2,243.75,236.0,239.0,105615,24025,4200
BGRENERGY,15-APR-2021,44.8,45.1,43.5,44.05,86893,52135,755
BHAGERIA,15-APR-2021,155.25,159.4,150.5,153.1,30711,18436,811
BHAGYAPROP,15-APR-2021,30.95,30.95,28.1,28.65,65068,50464,331
BHARATFORG,15-APR-2021,591.95,597.15,559.0,575.05,2270249,637982,40840
BHARATGEAR,15-APR-2021,77.85,78.7,74.0,74.9,26238,19677,459
BHARATRAS,15-APR-2021,9550.65,10089.75,9380.0,9994.05,4519,1825,1808
BHARTIARTL,15-APR-2021,540.0,546.15,530.25,539.35,9805711,3407798,104489
BHEL,15-APR-2021,46.5,47.15,45.0,46.05,40230735,6760372,62393
BIGBLOC,15-APR-2021,83.5,83.5,79.55,79.55,5240,4612,162
BIL,15-APR-2021,200.0,206.25,195.55,197.5,7074,4148,362
BINDALAGRO,15-APR-2021,17.3,17.75,16.6,17.2,86992,53402,546
BIOCON,15-APR-2021,411.9,411.9,400.0,404.6,2744731,1038683,32619
BIRLACABLE,15-APR-2021,58.4,58.5,55.8,56.4,66877,43616,1239
BIRLACORPN,15-APR-2021,935.1,954.95,925.55,946.0,126608,50934,8278
BIRLAMONEY,15-APR-2021,40.75,40.95,39.95,40.15,58202,28233,658
BIRLATYRE,15-APR-2021,22.65,23.85,22.2,22.5,772213,515558,3860
BKMINDST,15-APR-2021,0.95,0.95,0.9,0.9,3491,3491,22
BLISSGVS,15-APR-2021,97.05,97.7,94.95,95.85,146863,93676,2170
BLS,15-APR-2021,90.5,91.45,87.95,88.45,105709,55458,4716
BLUECHIP,15-APR-2021,0.35,0.35,0.35,0.35,13594,13594,12
BLUEDART,15-APR-2021,5211.15,5333.75,5169.85,5235.6,9345,5018,2494
BLUESTARCO,15-APR-2021,868.0,870.0,850.25,866.4,74221,29175,5959
BODALCHEM,15-APR-2021,89.25,91.4,89.0,89.4,681358,281435,7444
BOMDYEING,15-APR-2021,68.6,69.65,67.5,68.05,713783,241209,4678
BOROLTD,15-APR-2021,187.0,192.0,182.95,189.55,108830,69966,2050
BORORENEW,15-APR-2021,237.6,237.6,226.1,229.8,408165,261398,19350
BOSCHLTD,15-APR-2021,13859.0,13866.7,13575.0,13647.6,43056,17642,9771
BPCL,15-APR-2021,409.0,416.4,403.3,404.85,7220179,4005454,81822
BPL,15-APR-2021,22.05,23.15,21.9,22.35,37242,25548,334
BRFL,15-APR-2021,7.05,7.1,6.7,6.85,66874,49536,234
BRIGADE,15-APR-2021,261.1,264.95,253.7,256.15,183582,90055,9669
BRITANNIA,15-APR-2021,3751.0,3799.9,3673.0,3692.7,494464,263843,38003
BRNL,15-APR-2021,30.1,30.1,28.3,28.8,26193,11292,612
BROOKS,15-APR-2021,69.4,71.55,68.45,70.7,21129,10445,331
BSE,15-APR-2021,568.0,603.0,568.0,591.5,246573,97040,9605
BSELINFRA,15-APR-2021,0.95,0.95,0.9,0.9,17012,17012,18
BSL,15-APR-2021,34.9,35.5,32.25,33.35,18019,9369,291
BSLGOLDETF,15-APR-2021,4279.95,4300.0,4243.0,4280.9,196,117,112
BSLNIFTY,15-APR-2021,156.11,166.8,156.11,160.45,358,187,36
BSOFT,15-APR-2021,250.2,259.0,248.5,252.9,486094,191385,12142
BURGERKING,15-APR-2021,131.0,131.55,128.8,130.2,637791,290422,8929
BUTTERFLY,15-APR-2021,627.1,660.8,624.1,635.3,222757,91720,12098
BYKE,15-APR-2021,18.8,19.5,17.85,18.8,82335,43721,329
CADILAHC,15-APR-2021,494.95,513.0,486.2,504.7,12921095,1693163,157094
CALSOFT,15-APR-2021,9.45,9.45,8.65,8.95,18052,12829,65
CAMLINFINE,15-APR-2021,139.6,142.05,137.55,139.75,168665,88957,3300
CAMS,15-APR-2021,1782.0,1865.0,1782.0,1854.3,71494,36616,12479
CANBK,15-APR-2021,136.3,139.3,133.6,135.75,15554952,1473088,55825
CANFINHOME,15-APR-2021,507.0,527.95,502.0,512.6,543655,198781,23182
CANTABIL,15-APR-2021,375.0,377.65,370.25,371.15,98417,19593,1345
CAPACITE,15-APR-2021,192.1,193.95,184.5,191.5,110351,65534,3423
CAPLIPOINT,15-APR-2021,458.0,464.9,451.9,454.4,89802,31919,3898
CARBORUNIV,15-APR-2021,506.75,514.5,491.3,498.4,70748,30363,4706
CAREERP,15-APR-2021,132.95,132.95,128.0,128.8,11638,8438,276
CARERATING,15-APR-2021,450.8,454.2,436.05,443.4,64868,28082,2672
CASTROLIND,15-APR-2021,122.3,122.95,119.55,122.05,931156,408139,9435
CCHHL,15-APR-2021,4.15,4.15,3.8,3.9,42616,26494,116
CCL,15-APR-2021,234.65,244.8,234.65,241.7,242236,160171,7629
CDSL,15-APR-2021,709.0,724.0,699.0,719.05,558408,202243,19816
CEATLTD,15-APR-2021,1445.8,1456.5,1385.0,1403.1,260751,133035,22363
CENTENKA,15-APR-2021,253.0,255.75,248.0,251.8,25391,14270,975
CENTEXT,15-APR-2021,4.55,4.55,4.15,4.4,88625,73992,217
CENTRALBK,15-APR-2021,17.2,17.8,17.05,17.35,9596554,3362855,11211
CENTRUM,15-APR-2021,25.65,25.75,24.6,24.75,2952924,967523,5176
CENTUM,15-APR-2021,401.25,401.25,376.05,378.5,2971,1661,372
CENTURYPLY,15-APR-2021,302.0,342.0,297.8,331.55,1936864,303032,32350
CENTURYTEX,15-APR-2021,458.7,464.9,445.5,461.3,461983,54572,12459
CERA,15-APR-2021,3775.0,3843.95,3775.0,3833.45,8899,3980,2758
CEREBRAINT,15-APR-2021,51.35,51.85,50.1,50.8,212391,102479,1604
CESC,15-APR-2021,597.0,619.55,588.7,616.85,380051,137009,15472
CGCL,15-APR-2021,394.0,397.0,391.0,391.95,122521,105083,3424
CGPOWER,15-APR-2021,68.65,72.7,67.6,69.2,6645823,5075045,14173
CHALET,15-APR-2021,135.0,139.3,133.0,136.45,197299,68438,3219
CHAMBLFERT,15-APR-2021,228.0,239.4,223.5,230.95,1859405,812535,24619
CHEMBOND,15-APR-2021,188.0,190.95,182.2,184.2,12717,8537,319
CHEMCON,15-APR-2021,414.15,415.75,409.15,410.6,91527,37111,3565
CHEMFAB,15-APR-2021,144.7,144.7,136.5,137.6,4528,2482,230
CHENNPETRO,15-APR-2021,95.7,98.9,95.7,96.65,281235,85616,2927
CHOLAFIN,15-APR-2021,527.5,541.15,523.15,535.3,3470035,906120,54806
CHOLAHLDNG,15-APR-2021,571.0,592.0,562.45,583.6,88460,62031,2850
CIGNITITEC,15-APR-2021,414.9,421.35,405.0,408.6,49143,30873,1094
CINELINE,15-APR-2021,31.5,31.5,30.55,30.8,14863,11795,240
CINEVISTA,15-APR-2021,13.1,13.35,13.0,13.35,135533,98525,227
CIPLA,15-APR-2021,898.8,925.4,883.9,914.2,13218002,1195634,254586
CLEDUCATE,15-APR-2021,80.05,85.2,80.05,85.2,13089,9155,231
CLNINDIA,15-APR-2021,397.0,408.0,393.0,400.25,117150,66884,5735
COALINDIA,15-APR-2021,127.95,130.8,126.95,128.25,8924391,2548133,50005
COCHINSHIP,15-APR-2021,356.1,361.0,355.25,358.65,87446,33009,4534
COFORGE,15-APR-2021,2870.0,3072.0,2870.0,3045.05,1197238,199826,71014
COLPAL,15-APR-2021,1545.0,1565.0,1531.55,1555.45,728377,462047,32508
COMPINFO,15-APR-2021,15.7,15.95,14.4,15.0,388997,253358,1183
COMPUSOFT,15-APR-2021,9.2,9.4,8.6,9.0,107598,82733,249
CONCOR,15-APR-2021,581.85,585.65,559.35,564.45,2184542,1076935,44774
CONFIPET,15-APR-2021,40.7,40.7,38.65,39.25,373400,178339,3082
CONSOFINVT,15-APR-2021,58.35,58.35,53.1,55.0,4981,3388,93
CONTROLPR,15-APR-2021,235.0,240.85,230.1,239.95,13631,11124,374
CORALFINAC,15-APR-2021,21.0,21.0,20.35,20.7,6860,6169,64
CORDSCABLE,15-APR-2021,40.85,40.85,39.3,40.45,17063,9573,326
COROMANDEL,15-APR-2021,738.95,740.0,725.6,734.05,228824,121464,16283
COSMOFILMS,15-APR-2021,645.05,659.95,622.0,651.8,52859,26651,2588
CPSEETF,15-APR-2021,22.0,22.5,21.75,22.26,1778301,1358172,6770
CRAFTSMAN,15-APR-2021,1371.05,1380.85,1336.7,1341.8,38327,8085,4899
CREATIVE,15-APR-2021,102.35,102.85,99.9,100.45,7072,921,86
CREATIVEYE,15-APR-2021,2.85,2.85,2.85,2.85,11,11,1
CREDITACC,15-APR-2021,594.45,594.45,559.65,565.7,650422,549656,14861
CREST,15-APR-2021,78.7,83.85,78.0,78.2,1524,787,61
CRISIL,15-APR-2021,1853.3,1917.0,1839.3,1899.25,54941,26607,8310
CROMPTON,15-APR-2021,372.0,390.0,370.35,385.25,1265461,567714,56024
CSBBANK,15-APR-2021,257.0,260.6,248.1,259.25,180968,77519,7492
CTE,15-APR-2021,30.25,30.25,28.3,28.7,5204,4306,63
CUB,15-APR-2021,161.0,165.5,158.85,162.0,2168104,859310,16083
CUBEXTUB,15-APR-2021,21.2,21.2,19.0,20.95,82349,43992,618
CUMMINSIND,15-APR-2021,839.65,857.8,830.5,848.55,520399,184613,23446
CUPID,15-APR-2021,216.0,223.55,214.15,217.2,40717,20671,2031
CYBERTECH,15-APR-2021,127.3,129.0,122.95,124.0,98638,47126,1555
CYIENT,15-APR-2021,691.0,696.95,665.0,687.05,153641,63040,12254
DAAWAT,15-APR-2021,67.7,71.85,65.1,70.8,8294316,2449455,32570
DABUR,15-APR-2021,565.0,577.0,560.75,572.05,5336354,3224828,92408
DALBHARAT,15-APR-2021,1555.0,1600.0,1542.0,1578.25,334169,280607,17625
DALMIASUG,15-APR-2021,199.35,223.2,197.45,215.6,1480254,342244,19644
DAMODARIND,15-APR-2021,23.35,23.75,21.75,22.45,31955,9127,442
DANGEE,15-APR-2021,130.95,131.0,129.55,129.85,23586,12190,91
DATAMATICS,15-APR-2021,117.5,118.0,112.6,114.9,120574,53162,2841
DBCORP,15-APR-2021,86.0,87.8,86.0,87.15,92305,46395,1173
DBL,15-APR-2021,545.0,556.9,534.45,547.6,170067,61158,8090
DBSTOCKBRO,15-APR-2021,8.55,9.3,8.55,8.9,8277,1345,52
DCAL,15-APR-2021,113.0,118.4,111.3,116.1,471270,157659,6285
DCBBANK,15-APR-2021,93.0,93.5,90.9,91.05,1991915,1244871,16093
DCM,15-APR-2021,26.75,26.75,24.05,25.0,4727,2209,107
DCMSHRIRAM,15-APR-2021,514.9,568.0,508.0,555.3,342091,80451,16930
DCW,15-APR-2021,31.7,32.75,31.05,31.65,6587187,2826675,17598
DECCANCE,15-APR-2021,415.25,421.0,413.0,415.4,22936,13581,962
DEEPAKFERT,15-APR-2021,241.5,244.8,235.0,239.55,400472,175806,5852
DEEPAKNTR,15-APR-2021,1587.0,1615.85,1557.0,1608.15,651992,114855,38134
DEEPENR,15-APR-2021,33.6,35.1,33.45,34.15,19669,12165,263
DELTACORP,15-APR-2021,152.2,156.1,151.0,152.45,1837038,549392,21201
DELTAMAGNT,15-APR-2021,27.85,29.0,27.25,27.45,1253,1067,44
DEN,15-APR-2021,47.0,47.8,46.5,47.2,581090,331671,2154
DENORA,15-APR-2021,251.25,252.7,245.0,246.95,9776,6424,454
DFMFOODS,15-APR-2021,347.4,358.9,336.9,344.35,88913,42871,3666
DGCONTENT,15-APR-2021,8.1,8.55,7.8,8.45,35539,32026,76
DHAMPURSUG,15-APR-2021,189.9,205.25,188.5,198.8,2715267,677079,36498
DHANBANK,15-APR-2021,14.3,14.45,14.0,14.35,388903,203346,1104
DHANI,15-APR-2021,203.4,203.4,193.9,200.75,1651446,512019,17481
DHANUKA,15-APR-2021,727.8,727.8,707.45,720.75,33707,17740,3135
DHARSUGAR,15-APR-2021,6.25,6.4,5.9,6.4,38794,24464,178
DHFL,15-APR-2021,14.35,14.45,13.8,13.9,1660253,971735,5952
DHUNINV,15-APR-2021,285.05,286.0,273.45,285.05,4196,3547,165
DIAMONDYD,15-APR-2021,559.2,559.2,540.1,546.0,4392,2833,472
DICIND,15-APR-2021,393.95,399.0,386.1,393.8,2748,1563,156
DISHTV,15-APR-2021,9.2,9.35,9.1,9.2,2117204,963229,7654
DIVISLAB,15-APR-2021,3745.5,3819.9,3695.55,3783.4,850076,199686,61216
DIXON,15-APR-2021,3510.0,3545.75,3460.0,3497.1,227889,122744,32076
DLF,15-APR-2021,256.1,258.8,246.0,248.0,10700910,2965825,76576
DLINKINDIA,15-APR-2021,101.0,101.0,99.0,100.1,75656,35186,1923
DMART,15-APR-2021,2844.0,2952.95,2828.1,2928.9,377544,163291,29201
DNAMEDIA,15-APR-2021,0.75,0.75,0.7,0.7,22674,21474,53
DOLAT,15-APR-2021,63.5,68.45,63.05,65.9,233649,104504,2855
DOLLAR,15-APR-2021,239.5,245.05,236.15,240.0,45200,25522,1293
DONEAR,15-APR-2021,29.65,29.65,28.5,28.8,24383,15449,287
DPABHUSHAN,15-APR-2021,116.0,120.95,111.0,119.95,1488,1260,36
DPSCLTD,15-APR-2021,12.95,12.95,12.25,12.6,8523,4326,125
DPWIRES,15-APR-2021,105.95,113.0,103.45,108.5,8394,5168,217
DREDGECORP,15-APR-2021,350.0,354.8,343.05,346.7,70111,15713,3369
DRREDDY,15-APR-2021,4842.9,4875.05,4785.0,4845.55,1386901,237059,96985
DSSL,15-APR-2021,75.8,76.75,71.0,72.25,63522,34524,1151
DTIL,15-APR-2021,247.15,251.8,247.05,248.45,1942,988,263
DUCON,15-APR-2021,6.55,6.9,5.9,6.75,196188,105268,366
DVL,15-APR-2021,94.85,97.0,92.8,96.0,13960,8087,376
DWARKESH,15-APR-2021,32.0,34.6,31.75,34.3,6021947,1879461,18305
DYNAMATECH,15-APR-2021,1010.0,1017.45,989.95,994.2,4782,3895,314
DYNPRO,15-APR-2021,473.0,476.5,462.55,465.4,28493,13894,1688
EASEMYTRIP,15-APR-2021,191.0,191.0,171.0,173.35,3059604,1502181,50440
EBBETF0423,15-APR-2021,1120.07,1121.48,1120.0,1120.45,2146,1881,52
EBBETF0425,15-APR-2021,1031.0,1032.5,1030.0,1030.23,13113,8092,151
EBBETF0430,15-APR-2021,1147.0,1147.5,1145.05,1146.47,12726,11889,125
EBBETF0431,15-APR-2021,1027.94,1027.99,1023.08,1027.81,28463,26239,389
EBIXFOREX,15-APR-2021,467.5,467.5,455.0,457.4,594,272,75
ECLERX,15-APR-2021,1162.95,1169.9,1112.2,1134.25,32574,14079,3990
EDELWEISS,15-APR-2021,65.1,65.65,62.65,63.65,683240,339285,5740
EICHERMOT,15-APR-2021,2475.0,2489.9,2378.0,2412.6,1979939,783242,98405
EIDPARRY,15-APR-2021,315.0,330.4,313.0,322.75,947937,200224,18577
EIHAHOTELS,15-APR-2021,225.05,227.95,222.0,223.9,4721,3476,313
EIHOTEL,15-APR-2021,89.0,89.0,86.5,87.95,494399,349978,4128
EIMCOELECO,15-APR-2021,331.25,339.0,330.45,334.0,475,247,133
EKC,15-APR-2021,72.0,76.75,66.8,74.15,639490,280524,5241
ELECON,15-APR-2021,66.85,66.85,62.85,63.9,297953,189594,2834
ELECTCAST,15-APR-2021,31.3,31.65,30.2,30.8,787450,535726,1881
ELECTHERM,15-APR-2021,106.0,107.4,101.55,102.65,21679,13655,451
ELGIEQUIP,15-APR-2021,194.0,207.0,188.0,199.7,190216,52906,6673
ELGIRUBCO,15-APR-2021,26.9,27.4,26.5,26.85,16834,11559,121
EMAMILTD,15-APR-2021,508.0,531.0,508.0,529.45,1310763,1080739,18382
EMAMIPAP,15-APR-2021,132.0,141.95,128.0,135.05,979283,165284,12839
EMAMIREAL,15-APR-2021,47.4,47.4,43.3,43.6,32426,26461,401
EMKAY,15-APR-2021,68.9,68.9,62.15,63.25,13122,5702,409
EMMBI,15-APR-2021,80.55,81.7,77.0,78.15,21785,13674,539
ENDURANCE,15-APR-2021,1298.0,1313.35,1249.4,1294.05,169477,106153,22803
ENGINERSIN,15-APR-2021,71.8,72.7,71.15,72.25,1252411,489092,7020
ENIL,15-APR-2021,145.0,145.0,140.0,142.0,52167,23795,653
EPL,15-APR-2021,212.05,217.0,206.9,209.85,490406,323817,9104
EQUITAS,15-APR-2021,82.0,83.4,78.7,79.3,3673501,1971623,27502
EQUITASBNK,15-APR-2021,51.0,55.0,51.0,52.7,876454,351518,5188
ERIS,15-APR-2021,592.7,604.95,589.2,595.35,148874,109728,2636
EROSMEDIA,15-APR-2021,23.0,23.4,22.5,22.75,189785,142457,870
ESABINDIA,15-APR-2021,1829.0,1838.15,1801.6,1824.05,3004,1573,520
ESCORTS,15-APR-2021,1230.0,1230.0,1177.25,1217.9,1212087,299858,59026
ESSARSHPNG,15-APR-2021,7.95,8.1,7.8,7.85,31319,21452,190
ESTER,15-APR-2021,119.85,120.25,117.0,118.25,201564,101467,3725
EUROTEXIND,15-APR-2021,7.3,7.3,7.3,7.3,1,1,1
EVEREADY,15-APR-2021,273.0,293.5,272.0,291.0,277759,118438,6179
EVERESTIND,15-APR-2021,291.0,291.0,281.7,285.85,31288,16456,1011
EXCEL,15-APR-2021,2.7,2.7,2.55,2.6,20176,15926,64
EXCELINDUS,15-APR-2021,812.0,823.85,800.0,813.3,11412,7067,1498
EXIDEIND,15-APR-2021,179.4,180.3,176.65,177.65,2025026,770597,24491
EXPLEOSOL,15-APR-2021,592.6,596.8,549.15,556.2,38215,22425,2157
FACT,15-APR-2021,107.7,110.45,106.35,107.85,312704,77791,6568
FAIRCHEMOR,15-APR-2021,788.0,790.0,761.0,768.95,13107,9100,734
FCL,15-APR-2021,62.0,64.5,61.85,62.45,147909,84953,1082
FCONSUMER,15-APR-2021,6.7,6.9,6.6,6.75,2605393,1132287,3109
FDC,15-APR-2021,316.0,318.8,310.0,311.55,428470,157910,9333
FEDERALBNK,15-APR-2021,75.0,77.25,74.1,75.85,22121021,3434592,61315
FEL,15-APR-2021,9.0,9.4,8.9,8.95,734717,503174,1114
FELDVR,15-APR-2021,11.6,11.6,11.0,11.25,32797,11592,202
FIEMIND,15-APR-2021,558.0,558.0,540.9,546.6,7238,3559,602
FILATEX,15-APR-2021,73.3,74.5,70.5,72.3,551470,238834,4607
FINCABLES,15-APR-2021,370.1,373.5,362.35,368.5,63490,28699,3284
FINEORG,15-APR-2021,2529.0,2562.0,2484.25,2498.85,28863,14312,8874
FINPIPE,15-APR-2021,141.0,149.9,135.65,143.65,2577555,1087639,61682
FLFL,15-APR-2021,55.05,55.05,53.0,53.3,151820,75799,2037
FLUOROCHEM,15-APR-2021,722.05,780.0,722.05,751.2,576825,175472,37280
FMGOETZE,15-APR-2021,296.95,298.0,290.0,297.25,8353,4352,282
FMNL,15-APR-2021,14.65,14.65,13.7,13.8,23550,15638,208
FORCEMOT,15-APR-2021,1120.0,1143.4,1112.0,1124.35,11610,5102,1777
FORTIS,15-APR-2021,203.0,208.7,201.2,205.9,4553093,1810359,47844
FOSECOIND,15-APR-2021,1199.0,1244.0,1199.0,1234.55,2110,1196,441
FRETAIL,15-APR-2021,46.5,47.45,45.8,46.3,1743436,961831,16828
FSC,15-APR-2021,77.8,77.8,74.0,74.05,73484,36561,1003
FSL,15-APR-2021,114.8,117.25,112.7,115.2,3774941,1279057,43339
G5,15-APR-2021,47.74,47.74,47.63,47.66,79288,53030,11
GABRIEL,15-APR-2021,104.6,106.6,103.0,105.2,211465,93686,3783
GAEL,15-APR-2021,134.0,135.95,132.1,132.95,137681,66355,2325
GAIL,15-APR-2021,136.5,141.55,136.45,140.6,14308075,4421183,57389
GAL,15-APR-2021,2.4,2.45,2.25,2.3,57072,44159,181
GALAXYSURF,15-APR-2021,2625.0,2649.0,2567.6,2606.65,27995,14280,6028
GALLANTT,15-APR-2021,47.35,48.85,46.25,46.5,35394,24479,404
GALLISPAT,15-APR-2021,39.9,40.1,38.4,39.3,22242,13899,425
GAMMNINFRA,15-APR-2021,0.75,0.8,0.7,0.7,1948622,1372007,1126
GANDHITUBE,15-APR-2021,265.0,275.35,264.0,264.5,2270,1352,151
GANECOS,15-APR-2021,549.1,556.3,537.55,540.7,15519,9465,716
GANESHHOUC,15-APR-2021,84.7,87.0,78.0,81.05,125448,69246,972
GANGESSECU,15-APR-2021,60.05,60.7,58.7,59.0,2491,2314,34
GARFIBRES,15-APR-2021,2697.0,2699.9,2610.4,2634.85,9216,5309,2599
GATI,15-APR-2021,101.0,102.05,96.1,98.7,615957,218530,14150
GAYAPROJ,15-APR-2021,29.65,29.65,27.7,28.3,592462,442652,2254
GBGLOBAL,15-APR-2021,6.6,6.9,6.55,6.9,945,932,13
GDL,15-APR-2021,170.1,176.0,170.1,174.85,48282,33158,1640
GEECEE,15-APR-2021,102.35,103.0,101.8,102.6,4175,3819,68
GEEKAYWIRE,15-APR-2021,77.1,80.5,75.65,79.8,3695,2091,55
GENCON,15-APR-2021,45.5,47.4,43.3,44.1,5529,4229,67
GENUSPAPER,15-APR-2021,7.5,7.6,7.25,7.4,162317,127595,153
GENUSPOWER,15-APR-2021,47.6,47.6,45.4,45.95,373950,239914,4774
GEOJITFSL,15-APR-2021,48.0,48.6,46.65,48.05,151292,99916,1405
GEPIL,15-APR-2021,260.0,263.9,255.0,255.5,64674,40768,2378
GESHIP,15-APR-2021,287.85,298.6,281.7,293.9,167835,65833,4694
GET&D,15-APR-2021,114.7,114.7,110.55,111.1,52222,38612,1537
GFLLIMITED,15-APR-2021,70.2,72.45,68.0,70.05,114086,36811,1375
GFSTEELS,15-APR-2021,1.8,1.8,1.8,1.8,135,135,2
GHCL,15-APR-2021,218.7,234.6,217.0,229.7,311789,105623,9198
GICHSGFIN,15-APR-2021,113.85,113.85,109.65,111.85,140577,50310,2654
GICRE,15-APR-2021,200.55,205.65,199.05,201.25,448290,130326,10917
GILLANDERS,15-APR-2021,38.4,41.75,38.4,39.4,3443,3027,33
GILLETTE,15-APR-2021,5500.05,5535.0,5450.1,5513.25,2808,1553,960
GINNIFILA,15-APR-2021,20.35,20.35,19.3,19.95,173814,32653,1071
GIPCL,15-APR-2021,74.15,74.7,73.5,74.1,140889,77897,1516
GKWLIMITED,15-APR-2021,514.15,532.85,513.95,521.4,956,193,333
GLAND,15-APR-2021,2544.0,2544.0,2473.0,2480.85,235371,155025,16373
GLAXO,15-APR-2021,1455.55,1478.0,1440.0,1465.55,58084,43299,5780
GLENMARK,15-APR-2021,514.85,553.2,512.4,536.95,13413739,2605346,229208
GLFL,15-APR-2021,2.95,2.95,2.95,2.95,65,65,2
GLOBAL,15-APR-2021,40.95,41.3,38.5,40.9,7653,5434,81
GLOBUSSPR,15-APR-2021,317.0,324.0,304.55,317.75,110203,48911,3670
GMBREW,15-APR-2021,405.5,410.05,402.0,408.3,15359,8938,746
GMDCLTD,15-APR-2021,56.2,57.15,54.75,55.4,1053578,331493,6436
GMMPFAUDLR,15-APR-2021,4120.0,4172.6,4040.0,4086.1,29337,10582,6026
GMRINFRA,15-APR-2021,23.8,24.2,23.7,24.0,10873276,3183533,34297
GNA,15-APR-2021,360.05,362.75,355.3,359.75,27718,15569,1302
GNFC,15-APR-2021,311.0,313.25,301.3,308.45,615323,241464,10760
GOACARBON,15-APR-2021,306.15,323.95,305.0,316.85,71450,23370,2332
GOCLCORP,15-APR-2021,209.1,216.35,209.0,212.65,9729,5816,259
GODFRYPHLP,15-APR-2021,872.0,886.9,870.4,874.5,17557,10090,2184
GODHA,15-APR-2021,41.85,44.8,41.5,41.55,923,316,30
GODREJAGRO,15-APR-2021,498.0,509.6,497.0,499.7,67140,43906,4333
GODREJCP,15-APR-2021,729.95,738.85,720.0,736.55,783875,352508,21246
GODREJIND,15-APR-2021,517.0,517.0,501.0,509.2,65848,27862,2928
GODREJPROP,15-APR-2021,1291.0,1354.9,1278.0,1347.75,1214044,376554,34961
GOKEX,15-APR-2021,79.95,82.7,78.5,82.05,203764,134223,2741
GOKUL,15-APR-2021,19.0,19.0,18.0,18.25,14410,9153,217
GOKULAGRO,15-APR-2021,21.8,21.8,20.5,20.75,18494,11288,297
GOLDBEES,15-APR-2021,40.77,40.77,40.52,40.72,2911816,2209861,21617
GOLDENTOBC,15-APR-2021,40.0,40.8,37.9,40.4,2221,1543,108
GOLDIAM,15-APR-2021,344.0,353.0,308.0,338.9,45736,20916,2133
GOLDSHARE,15-APR-2021,41.95,41.95,41.0,41.4,182270,120135,809
GOODLUCK,15-APR-2021,68.9,71.95,66.5,68.5,106703,41736,2029
GOODYEAR,15-APR-2021,887.0,891.65,884.0,889.9,3191,2105,340
GPIL,15-APR-2021,770.0,794.0,752.25,771.9,95061,55224,2954
GPPL,15-APR-2021,96.0,97.95,95.1,95.9,916451,731587,5978
GPTINFRA,15-APR-2021,37.15,37.15,35.0,35.8,21618,12447,216
GRANULES,15-APR-2021,318.3,327.7,315.4,317.55,2272322,607620,32233
GRAPHITE,15-APR-2021,622.0,652.95,619.35,646.55,4117479,713980,107013
GRASIM,15-APR-2021,1393.0,1399.95,1325.0,1349.25,2008929,665921,61106
GRAVITA,15-APR-2021,92.4,94.25,86.1,90.0,84517,44125,1726
GREAVESCOT,15-APR-2021,125.15,127.85,122.0,126.1,832193,286262,16541
GREENLAM,15-APR-2021,972.95,990.55,965.0,970.1,6657,5238,465
GREENPANEL,15-APR-2021,193.7,198.75,193.0,198.75,430919,430868,592
GREENPLY,15-APR-2021,183.15,189.1,180.0,183.15,458744,222938,5006
GRINDWELL,15-APR-2021,886.0,896.8,875.1,879.7,13057,5815,3219
GROBTEA,15-APR-2021,826.95,826.95,785.0,794.05,1385,105,820
GRPLTD,15-APR-2021,863.3,891.2,854.6,869.75,2542,340,961
GRSE,15-APR-2021,177.3,179.65,175.45,177.0,59789,27571,1757
GSCLCEMENT,15-APR-2021,34.5,34.85,33.6,34.45,114898,60858,1197
GSFC,15-APR-2021,85.75,88.3,85.0,87.65,943374,396813,10256
GSPL,15-APR-2021,253.0,256.85,248.55,256.05,484835,260521,16496
GSS,15-APR-2021,54.7,60.9,54.7,58.5,1043062,310837,8151
GTL,15-APR-2021,5.35,5.5,5.05,5.25,143980,88950,395
GTLINFRA,15-APR-2021,0.7,0.75,0.65,0.7,11898819,8642148,2538
GTPL,15-APR-2021,125.0,127.35,122.0,124.65,81815,47087,1232
GUFICBIO,15-APR-2021,113.0,115.35,112.9,113.45,47960,24704,1195
GUJALKALI,15-APR-2021,438.5,438.5,416.75,420.25,966544,262348,27889
GUJAPOLLO,15-APR-2021,209.85,211.1,205.05,208.65,4174,2881,144
GUJGASLTD,15-APR-2021,530.0,535.0,524.0,528.65,702600,191078,17803
GULFOILLUB,15-APR-2021,695.05,711.35,695.05,703.55,6566,4611,607
GULFPETRO,15-APR-2021,37.5,37.5,36.05,36.6,17654,11938,306
GULPOLY,15-APR-2021,113.8,129.1,108.25,124.95,773374,293814,9699
HAL,15-APR-2021,970.0,976.15,946.3,969.0,127817,47560,11248
HAPPSTMNDS,15-APR-2021,634.0,651.75,626.3,630.0,1876429,376909,67816
HARRMALAYA,15-APR-2021,144.65,148.0,140.6,147.0,197803,37539,6374
HATHWAY,15-APR-2021,23.0,23.0,22.3,22.5,550294,314090,3383
HATSUN,15-APR-2021,730.05,758.95,730.05,748.8,15834,8441,1240
HAVELLS,15-APR-2021,1031.1,1038.0,1003.85,1010.2,1467066,527048,40936
HBANKETF,15-APR-2021,325.6,325.6,314.82,320.54,3588,3022,132
HBLPOWER,15-APR-2021,33.0,33.0,31.5,32.15,284044,155529,2642
HCC,15-APR-2021,7.55,7.7,7.3,7.45,1593621,993066,2005
HCG,15-APR-2021,171.0,171.0,164.25,166.35,49552,29328,1416
HCL-INSYS,15-APR-2021,8.85,8.9,8.25,8.3,471578,360630,1306
HCLTECH,15-APR-2021,968.0,994.7,958.75,991.9,7430279,3553281,210308
HDFC,15-APR-2021,2540.0,2555.0,2493.0,2547.15,4201633,2455847,147895
HDFCAMC,15-APR-2021,2855.25,2959.0,2855.25,2949.5,314438,111731,31139
HDFCBANK,15-APR-2021,1405.0,1436.7,1391.0,1430.1,17222492,9464480,317928
HDFCLIFE,15-APR-2021,713.15,713.7,688.0,694.45,2566125,1044311,81456
HDFCMFGETF,15-APR-2021,41.79,41.79,41.49,41.73,722940,505586,1291
HDFCNIFETF,15-APR-2021,154.49,156.4,152.57,154.71,25032,18934,292
HDFCSENETF,15-APR-2021,533.27,533.27,518.0,520.27,2115,1669,207
HEG,15-APR-2021,2067.0,2210.0,2066.0,2174.6,898453,151877,69664
HEIDELBERG,15-APR-2021,231.0,232.9,224.75,230.95,101228,42265,4334
HERANBA,15-APR-2021,645.95,647.9,632.65,639.3,178700,70958,9110
HERCULES,15-APR-2021,117.5,117.5,114.3,115.9,27533,11151,884
HERITGFOOD,15-APR-2021,320.2,323.25,303.25,312.0,69625,36825,2163
HEROMOTOCO,15-APR-2021,2852.0,2890.0,2820.0,2862.55,683426,245335,43389
HESTERBIO,15-APR-2021,2024.0,2041.95,1980.65,2013.95,4212,1967,1142
HFCL,15-APR-2021,24.3,24.95,24.05,24.65,2243853,992724,3176
HGINFRA,15-APR-2021,266.0,270.0,260.35,266.8,56644,28459,1576
HGS,15-APR-2021,1715.0,1735.0,1608.15,1668.75,95789,49678,8110
HIKAL,15-APR-2021,170.5,176.25,168.6,171.05,786001,236871,20516
HIL,15-APR-2021,3232.8,3259.6,3130.0,3201.55,8219,4396,1414
HILTON,15-APR-2021,13.3,13.3,13.0,13.3,67320,38217,169
HIMATSEIDE,15-APR-2021,137.1,141.0,137.1,139.7,156058,126906,2146
HINDALCO,15-APR-2021,354.0,366.8,349.75,353.55,21825520,7264461,209937
HINDCOMPOS,15-APR-2021,264.95,265.0,261.1,262.65,606,301,60
HINDCOPPER,15-APR-2021,139.6,145.0,136.35,137.25,3309167,1116269,25819
HINDOILEXP,15-APR-2021,99.0,99.0,95.0,97.25,512979,189607,6969
HINDPETRO,15-APR-2021,228.65,237.9,228.65,237.15,4342810,1940583,51493
HINDUNILVR,15-APR-2021,2497.0,2497.0,2421.1,2460.65,3352379,2318209,104105
HINDZINC,15-APR-2021,291.5,297.9,290.0,291.75,1015424,399151,29837
HIRECT,15-APR-2021,123.5,124.0,121.0,121.85,6588,4608,234
HISARMETAL,15-APR-2021,117.0,117.9,110.7,112.45,19332,9138,648
HITECH,15-APR-2021,387.7,387.7,359.65,374.05,55467,4460,1084
HITECHCORP,15-APR-2021,131.9,136.75,130.5,135.05,1911,1454,78
HITECHGEAR,15-APR-2021,166.45,170.0,159.9,167.25,3691,690,149
HLEGLAS,15-APR-2021,2444.9,2444.9,2272.3,2299.9,7682,4248,1195
HLVLTD,15-APR-2021,5.75,5.9,5.6,5.65,100632,64239,243
HMVL,15-APR-2021,59.4,60.0,58.4,59.0,21664,11480,505
HNDFDS,15-APR-2021,1972.55,2000.0,1950.0,1981.05,7030,3990,1419
HNGSNGBEES,15-APR-2021,345.17,369.5,328.1,363.7,478,331,80
HOMEFIRST,15-APR-2021,448.25,474.4,448.25,469.15,142324,49241,7690
HONAUT,15-APR-2021,42640.0,43388.9,42600.0,42865.95,2765,1367,1538
HONDAPOWER,15-APR-2021,975.4,975.4,955.0,958.25,3375,1916,495
HSCL,15-APR-2021,43.0,43.25,41.8,42.45,6533709,1228103,16554
HSIL,15-APR-2021,151.1,154.2,147.85,149.55,165331,68500,3257
HTMEDIA,15-APR-2021,21.2,21.6,20.8,20.95,46224,23157,374
HUDCO,15-APR-2021,41.75,42.25,40.55,41.2,1197582,375227,4768
HUHTAMAKI,15-APR-2021,268.25,271.8,266.95,267.75,53153,29288,2328
IBMFNIFTY,15-APR-2021,149.2,149.2,145.0,145.02,104,72,33
IBREALEST,15-APR-2021,79.0,79.7,76.5,78.1,4211760,1254713,20246
IBULHSGFIN,15-APR-2021,169.1,171.7,161.1,164.95,19875117,3343281,112831
ICEMAKE,15-APR-2021,68.9,68.95,65.75,66.2,9064,5942,119
ICICI500,15-APR-2021,199.5,210.0,195.2,201.5,886,478,163
ICICIALPLV,15-APR-2021,146.99,146.99,142.35,143.95,2249,2033,173
ICICIB22,15-APR-2021,34.95,35.25,34.2,34.89,327875,248573,2396
ICICIBANK,15-APR-2021,565.95,576.75,554.15,575.2,37614884,18418969,319800
ICICIBANKN,15-APR-2021,322.0,322.0,312.95,320.14,9828,7088,266
ICICIBANKP,15-APR-2021,168.02,169.45,165.6,168.84,29914,13955,162
ICICIGI,15-APR-2021,1364.0,1395.65,1334.55,1386.6,597218,343227,48760
ICICIGOLD,15-APR-2021,41.21,41.79,41.21,41.68,295629,254996,1726
ICICILIQ,15-APR-2021,999.99,1000.0,999.99,999.99,4634,4608,16
ICICILOVOL,15-APR-2021,119.97,120.7,113.2,118.13,27966,26149,732
ICICIM150,15-APR-2021,88.7,90.89,88.2,89.69,120689,113679,342
ICICIMCAP,15-APR-2021,85.8,85.8,83.11,83.86,8772,3741,221
ICICINF100,15-APR-2021,159.99,160.34,156.45,158.61,7692,4683,264
ICICINIFTY,15-APR-2021,156.0,157.0,151.0,155.06,161881,116787,5209
ICICINV20,15-APR-2021,79.0,79.97,77.32,78.14,9031,7585,997
ICICINXT50,15-APR-2021,35.97,35.97,31.6,34.69,36705,21173,610
ICICIPRULI,15-APR-2021,458.5,462.85,444.1,456.0,1593383,473491,38454
ICICISENSX,15-APR-2021,531.98,531.98,519.0,524.86,972,754,99
ICICITECH,15-APR-2021,260.1,262.6,255.74,260.85,9099,5260,276
ICIL,15-APR-2021,129.0,129.0,121.25,123.0,121408,60802,2197
ICRA,15-APR-2021,3389.0,3389.85,3267.95,3284.15,4609,1468,1313
IDBI,15-APR-2021,36.25,36.6,35.2,35.8,13996973,3723616,32463
IDBIGOLD,15-APR-2021,4205.0,4298.0,4205.0,4287.6,198,128,80
IDEA,15-APR-2021,8.9,9.1,8.65,8.95,155089395,39141621,111358
IDFC,15-APR-2021,47.7,48.3,46.1,47.2,2663079,1382724,9979
IDFCFIRSTB,15-APR-2021,53.0,54.1,51.5,52.45,54496776,15842690,111143
IDFNIFTYET,15-APR-2021,155.32,157.98,147.95,150.62,211,103,13
IEX,15-APR-2021,335.1,340.35,332.6,336.05,885502,315828,22136
IFBAGRO,15-APR-2021,419.0,433.0,402.8,423.0,31042,11816,1617
IFBIND,15-APR-2021,1086.0,1110.9,1085.1,1093.05,28187,16585,2615
IFCI,15-APR-2021,10.9,11.3,10.6,11.3,3873380,2280749,5952
IFGLEXPOR,15-APR-2021,339.8,364.7,339.15,356.3,86437,42432,2848
IGARASHI,15-APR-2021,326.0,328.0,313.15,325.8,67073,25646,2497
IGL,15-APR-2021,521.0,528.3,512.0,524.95,1282953,503551,34909
IGPL,15-APR-2021,437.7,446.05,421.45,436.7,23551,10377,1483
IIFL,15-APR-2021,275.0,276.95,263.0,272.25,182713,78829,6671
IIFLSEC,15-APR-2021,48.05,48.9,47.4,48.05,268974,123803,1633
IIFLWAM,15-APR-2021,1165.1,1184.05,1135.1,1146.15,7779,4424,1338
IITL,15-APR-2021,56.0,58.9,54.2,54.9,954,651,55
IMFA,15-APR-2021,486.0,494.95,470.5,484.75,38465,21208,2058
IMPAL,15-APR-2021,660.3,672.35,654.0,664.8,1313,332,397
INDBANK,15-APR-2021,14.3,14.6,13.2,13.7,158348,59757,896
INDHOTEL,15-APR-2021,104.3,104.85,99.5,99.95,4922755,3099078,59330
INDIACEM,15-APR-2021,172.0,173.9,165.6,168.6,2309793,711364,20807
INDIAGLYCO,15-APR-2021,430.0,464.0,411.75,453.9,762273,134312,31430
INDIAMART,15-APR-2021,7890.0,8150.0,7890.0,8043.45,74392,31685,19147
INDIANB,15-APR-2021,108.9,108.9,98.7,102.95,4538734,1089330,29722
INDIANCARD,15-APR-2021,129.4,137.0,123.35,130.5,2713,1593,94
INDIANHUME,15-APR-2021,175.0,175.0,170.0,171.25,26594,11982,870
INDIGO,15-APR-2021,1575.0,1619.95,1565.6,1609.85,847017,276090,33153
INDIGOPNTS,15-APR-2021,2266.55,2309.75,2266.55,2300.7,21709,10474,3412
INDLMETER,15-APR-2021,11.85,12.95,11.85,12.9,2459,1612,18
INDNIPPON,15-APR-2021,362.0,363.7,345.25,350.5,17034,11207,767
INDOCO,15-APR-2021,301.2,317.5,300.95,308.2,278416,159371,5904
INDORAMA,15-APR-2021,37.95,39.0,35.5,37.75,60835,37071,446
INDOSTAR,15-APR-2021,311.45,313.0,306.0,310.3,14182,9715,886
INDOTECH,15-APR-2021,89.95,89.95,84.5,86.25,5267,3578,224
INDRAMEDCO,15-APR-2021,56.1,57.7,55.5,56.2,169353,82977,1775
INDSWFTLAB,15-APR-2021,73.25,77.9,72.75,73.15,41612,25971,504
INDUSINDBK,15-APR-2021,867.5,883.8,841.25,858.35,6862663,983973,151956
INDUSTOWER,15-APR-2021,245.05,252.95,242.2,251.5,2204043,907254,35478
INEOSSTYRO,15-APR-2021,1024.6,1037.65,1003.65,1022.4,14012,8365,1453
INFIBEAM,15-APR-2021,43.8,43.9,42.15,42.85,3477168,1641089,8303
INFOBEAN,15-APR-2021,155.0,163.0,151.8,161.6,93597,54674,1514
INFRABEES,15-APR-2021,406.11,424.99,393.4,418.61,573,338,68
INFY,15-APR-2021,1332.3,1366.4,1320.0,1360.75,25342491,10516044,678751
INGERRAND,15-APR-2021,704.05,705.65,685.3,693.8,9795,5824,1128
INOXLEISUR,15-APR-2021,254.2,257.85,250.05,253.15,698941,179212,14867
INOXWIND,15-APR-2021,67.0,69.75,65.1,67.8,97230,45954,1427
INSECTICID,15-APR-2021,460.0,465.0,457.1,462.05,18447,15097,567
INSPIRISYS,15-APR-2021,42.25,46.85,41.2,46.4,62788,23352,700
INTELLECT,15-APR-2021,670.0,718.0,670.0,685.4,473646,205496,28769
INTENTECH,15-APR-2021,37.1,37.9,34.05,35.1,51581,39281,401
INVENTURE,15-APR-2021,28.0,28.75,26.8,27.05,36798,25669,410
IOB,15-APR-2021,17.4,17.4,16.15,16.8,33829322,6291679,25504
IOC,15-APR-2021,88.2,90.35,88.1,90.1,15727499,4527071,49251
IOLCP,15-APR-2021,583.25,590.15,565.2,571.8,640309,199188,21225
IPCALAB,15-APR-2021,2155.0,2193.95,2085.0,2103.0,212491,83708,20419
IRB,15-APR-2021,105.1,109.75,105.1,109.1,865249,323374,7583
IRCON,15-APR-2021,87.5,90.8,87.5,88.7,2008271,793476,9141
IRCTC,15-APR-2021,1592.1,1632.9,1589.0,1608.1,1158163,320683,44369
IRFC,15-APR-2021,21.3,21.35,20.9,21.1,18166238,9476437,33325
IRISDOREME,15-APR-2021,91.55,93.2,89.05,90.25,138387,132929,378
ISEC,15-APR-2021,397.0,417.0,395.15,409.8,1378024,662690,31182
ISFT,15-APR-2021,77.95,82.65,71.9,79.8,140867,71255,1454
ISMTLTD,15-APR-2021,9.9,10.25,9.9,10.0,35177,32699,79
ITC,15-APR-2021,209.0,210.45,206.0,206.7,17530742,7808066,126577
ITDC,15-APR-2021,336.1,339.0,325.0,329.1,67746,14370,2818
ITDCEM,15-APR-2021,74.05,75.35,72.5,73.9,211133,86323,3678
ITI,15-APR-2021,108.5,110.45,108.1,108.85,181593,61184,2791
IVC,15-APR-2021,4.15,4.15,3.75,3.9,131300,93960,142
IVZINGOLD,15-APR-2021,4195.1,4299.0,4195.1,4225.0,155,129,29
IVZINNIFTY,15-APR-2021,1568.95,1568.95,1550.0,1564.7,37,34,9
IZMO,15-APR-2021,76.4,76.4,70.5,74.4,295305,161285,2566
J&KBANK,15-APR-2021,25.0,25.1,24.5,24.65,1109457,553539,3258
JAGRAN,15-APR-2021,58.4,58.7,58.0,58.15,339552,217568,1220
JAGSNPHARM,15-APR-2021,80.0,81.85,76.95,79.15,528915,31444,6315
JAICORPLTD,15-APR-2021,85.35,86.0,83.05,84.2,490028,109402,4401
JAMNAAUTO,15-APR-2021,68.75,68.75,65.3,65.9,677169,359327,6201
JASH,15-APR-2021,310.05,317.5,301.5,312.5,21329,13213,1025
JAYAGROGN,15-APR-2021,128.8,144.0,128.8,136.25,11745,6243,398
JAYBARMARU,15-APR-2021,210.4,213.95,208.8,209.55,13208,7369,400
JAYNECOIND,15-APR-2021,14.3,14.6,13.6,13.65,604557,389434,790
JAYSREETEA,15-APR-2021,67.55,70.15,66.45,69.0,208542,54174,2985
JBCHEPHARM,15-APR-2021,1244.0,1244.0,1215.0,1228.75,107353,86698,5726
JBFIND,15-APR-2021,18.7,18.7,18.7,18.7,51824,51824,118
JBMA,15-APR-2021,372.75,380.65,367.05,369.85,27675,17346,1262
JCHAC,15-APR-2021,2515.0,2523.0,2466.0,2490.05,5027,2599,1320
JINDALPOLY,15-APR-2021,748.5,781.85,745.0,766.8,64023,26300,5810
JINDALSAW,15-APR-2021,73.55,75.1,72.05,74.45,871474,258816,6070
JINDALSTEL,15-APR-2021,413.85,422.95,403.0,414.3,12092334,1200922,106783
JINDRILL,15-APR-2021,93.2,93.75,91.0,92.05,11271,7239,333
JINDWORLD,15-APR-2021,45.25,48.0,45.1,45.7,161648,4472,968
JISLJALEQS,15-APR-2021,18.2,18.2,17.05,17.2,2751759,2035247,3877
JKCEMENT,15-APR-2021,2852.0,2900.05,2805.0,2882.6,12432,6777,2138
JKIL,15-APR-2021,175.25,176.3,169.15,172.1,132374,58021,9588
JKLAKSHMI,15-APR-2021,415.9,416.6,390.05,399.4,878133,306313,31843
JKPAPER,15-APR-2021,136.75,137.95,132.75,136.05,622762,184891,8618
JKTYRE,15-APR-2021,109.7,109.7,106.0,107.7,506164,280005,6918
JMA,15-APR-2021,37.8,40.9,37.8,38.65,18800,10952,288
JMCPROJECT,15-APR-2021,78.15,78.8,74.55,77.7,189775,115499,2626
JMFINANCIL,15-APR-2021,80.7,81.3,77.2,77.85,665080,423395,8062
JOCIL,15-APR-2021,153.65,153.65,146.65,147.5,6136,3571,163
JPASSOCIAT,15-APR-2021,7.3,7.4,7.05,7.2,6091299,2614605,19184
JPINFRATEC,15-APR-2021,1.75,1.75,1.65,1.65,3930588,2230612,1125
JPPOWER,15-APR-2021,3.0,3.2,3.0,3.2,37879253,22269636,8308
JSL,15-APR-2021,73.85,74.95,72.7,73.6,546255,235182,5675
JSLHISAR,15-APR-2021,138.0,139.9,135.0,138.5,617110,316835,10327
JSWENERGY,15-APR-2021,95.8,96.9,91.8,95.85,5329479,1234074,28552
JSWHL,15-APR-2021,3990.0,3990.0,3860.0,3921.1,779,454,266
JSWISPL,15-APR-2021,32.3,34.75,32.3,33.4,938871,456473,1921
JSWSTEEL,15-APR-2021,638.0,644.0,616.0,629.1,24006650,1678951,256928
JTEKTINDIA,15-APR-2021,82.6,85.8,82.6,85.1,403861,330664,4432
JUBLFOOD,15-APR-2021,2772.0,2795.8,2715.0,2771.3,460873,96283,34911
JUBLINDS,15-APR-2021,213.05,213.2,200.05,207.05,18981,10206,720
JUBLINGREA,15-APR-2021,322.0,322.0,305.25,311.1,288127,189339,12579
JUBLPHARMA,15-APR-2021,760.0,760.0,716.35,727.45,171260,85769,5782
JUMPNET,15-APR-2021,9.1,9.1,9.1,9.1,325121,325121,506
JUNIORBEES,15-APR-2021,373.2,373.2,346.0,357.73,79768,42768,6328
JUSTDIAL,15-APR-2021,878.0,898.0,850.15,860.3,1210848,216100,66419
JYOTHYLAB,15-APR-2021,145.0,145.0,138.25,140.5,201044,81816,7542
KABRAEXTRU,15-APR-2021,163.25,169.75,162.5,164.35,57143,32644,1450
KAJARIACER,15-APR-2021,882.0,935.0,882.0,903.85,238018,143206,12280
KAKATCEM,15-APR-2021,177.6,186.0,175.0,181.25,31786,13403,1302
KALPATPOWR,15-APR-2021,360.0,363.5,355.0,361.6,219941,154839,8495
KALYANKJIL,15-APR-2021,69.0,69.85,68.55,69.0,896321,480156,8901
KAMATHOTEL,15-APR-2021,29.55,29.9,28.15,28.95,40311,25369,335
KAMDHENU,15-APR-2021,143.75,147.5,139.1,143.75,100674,49734,2226
KANANIIND,15-APR-2021,4.65,4.65,4.2,4.45,9003,3755,71
KANPRPLA,15-APR-2021,141.0,143.05,136.55,138.35,7838,4244,332
KANSAINER,15-APR-2021,567.0,573.8,558.0,568.1,152958,122846,3069
KARDA,15-APR-2021,121.6,125.6,114.25,119.15,282368,209459,658
KARURVYSYA,15-APR-2021,53.6,54.8,53.4,54.25,531163,271424,3464
KAUSHALYA,15-APR-2021,1.5,1.5,1.45,1.45,101,101,2
KAYA,15-APR-2021,265.0,269.9,259.0,260.5,14236,7937,615
KCP,15-APR-2021,87.75,96.8,86.5,95.75,803106,345149,8809
KCPSUGIND,15-APR-2021,14.95,15.95,14.85,15.5,1131637,321878,2950
KDDL,15-APR-2021,282.0,305.0,273.05,300.4,10643,6950,529
KEC,15-APR-2021,405.0,420.0,402.25,415.8,191718,56505,6903
KECL,15-APR-2021,13.1,13.7,12.5,12.85,90226,59011,316
KEERTI,15-APR-2021,23.0,24.6,23.0,24.55,124562,10912,506
KEI,15-APR-2021,505.95,512.0,490.1,496.7,128923,43742,6499
KELLTONTEC,15-APR-2021,70.4,70.4,66.55,67.0,211900,131008,2012
KENNAMET,15-APR-2021,1095.45,1110.4,1079.25,1092.95,1268,886,240
KESORAMIND,15-APR-2021,71.9,72.0,68.75,70.3,722059,235618,5995
KEYFINSERV,15-APR-2021,55.9,57.6,54.0,56.7,657,383,45
KHADIM,15-APR-2021,141.35,141.35,136.7,137.2,32082,20801,719
KHAICHEM,15-APR-2021,22.5,23.15,21.5,22.25,125486,54056,1747
KHANDSE,15-APR-2021,15.65,15.65,13.0,14.0,3848,3114,53
KICL,15-APR-2021,1491.95,1506.05,1450.0,1451.75,293,203,100
KILITCH,15-APR-2021,107.0,112.8,104.45,106.05,35138,21973,649
KINGFA,15-APR-2021,602.95,605.05,580.1,594.4,4291,2787,336
KIOCL,15-APR-2021,151.0,154.95,147.05,151.3,61412,15652,8531
KIRIINDUS,15-APR-2021,421.95,424.85,415.0,416.45,98998,63744,2962
KIRLFER,15-APR-2021,180.2,184.2,178.55,179.95,75421,24545,3171
KIRLOSBROS,15-APR-2021,226.55,231.85,221.4,226.45,41702,19297,2003
KIRLOSENG,15-APR-2021,159.0,160.1,155.6,158.15,72282,42424,2983
KIRLOSIND,15-APR-2021,1340.0,1340.0,1250.0,1265.1,1602,1008,267
KITEX,15-APR-2021,96.05,97.8,96.05,97.2,86953,46639,1044
KKCL,15-APR-2021,829.3,947.7,815.0,864.95,6430,2866,701
KMSUGAR,15-APR-2021,12.2,12.75,11.95,12.5,615540,257230,1382
KNRCON,15-APR-2021,203.95,209.75,200.75,206.2,332582,167953,8426
KOKUYOCMLN,15-APR-2021,55.0,55.6,53.7,54.05,113557,68329,1016
KOLTEPATIL,15-APR-2021,236.0,237.5,231.05,234.3,32641,16337,1154
KOPRAN,15-APR-2021,112.5,119.9,112.0,118.05,383675,195915,5382
KOTAKBANK,15-APR-2021,1800.0,1809.5,1752.6,1773.25,3546886,1699454,131698
KOTAKBKETF,15-APR-2021,311.0,324.97,301.4,324.37,1000514,695809,1875
KOTAKGOLD,15-APR-2021,409.9,409.9,407.8,409.2,43932,29558,1585
KOTAKIT,15-APR-2021,27.18,27.5,25.4,26.11,14768,8025,88
KOTAKNIFTY,15-APR-2021,155.87,155.87,150.32,152.32,30774,19221,554
KOTAKNV20,15-APR-2021,80.9,80.9,76.83,79.55,6925,5129,171
KOTAKPSUBK,15-APR-2021,207.2,207.2,197.5,200.42,21526,11005,474
KOTARISUG,15-APR-2021,27.15,27.5,26.35,26.9,784421,335754,2559
KOTHARIPET,15-APR-2021,25.6,25.9,25.0,25.1,29787,21132,172
KOTHARIPRO,15-APR-2021,66.8,66.8,61.65,62.75,4621,2977,108
KPITTECH,15-APR-2021,188.6,193.75,184.0,186.8,645603,319634,11621
KPRMILL,15-APR-2021,1228.0,1247.0,1170.5,1228.6,152030,44423,17621
KRBL,15-APR-2021,185.05,189.45,181.4,183.6,332644,119823,5726
KREBSBIO,15-APR-2021,112.0,112.0,105.0,109.6,30452,19676,602
KRIDHANINF,15-APR-2021,3.7,3.9,3.6,3.85,25579,18886,158
KRISHANA,15-APR-2021,87.3,90.5,85.5,90.0,10971,7164,153
KSB,15-APR-2021,892.0,899.35,852.7,868.0,28145,12712,3182
KSCL,15-APR-2021,540.0,565.0,534.0,562.85,278410,126258,10884
KSL,15-APR-2021,344.0,348.8,338.3,341.5,119747,53741,3719
KTKBANK,15-APR-2021,61.55,62.1,60.05,60.5,2021695,489317,8401
KUANTUM,15-APR-2021,64.95,65.0,61.1,61.7,42547,10751,406
L&TFH,15-APR-2021,93.15,95.35,91.55,93.55,11197716,1563991,42522
LALPATHLAB,15-APR-2021,3057.0,3060.0,2901.0,2936.2,1299787,240594,84072
LAMBODHARA,15-APR-2021,53.2,55.75,52.1,53.85,21852,8010,555
LAOPALA,15-APR-2021,208.5,210.0,207.0,207.55,32603,16750,1253
LASA,15-APR-2021,64.7,65.4,63.2,63.55,88713,40741,1662
LAURUSLABS,15-APR-2021,443.55,446.8,431.0,436.5,2974045,1092175,49889
LAXMIMACH,15-APR-2021,6560.0,6560.0,6326.15,6366.8,2516,1393,1094
LCCINFOTEC,15-APR-2021,3.65,3.65,3.65,3.65,9883,9883,33
LEMONTREE,15-APR-2021,32.45,32.45,29.55,30.05,3027416,1770717,13502
LFIC,15-APR-2021,80.0,83.0,77.0,77.3,2995,1896,84
LGBBROSLTD,15-APR-2021,299.7,300.0,291.0,297.65,33437,17532,1265
LIBERTSHOE,15-APR-2021,121.35,123.3,120.1,121.4,28499,12203,731
LICHSGFIN,15-APR-2021,393.1,400.55,381.0,389.9,4053999,1615110,66013
LICNETFGSC,15-APR-2021,22.05,22.05,21.6,21.6,7037,4579,103
LICNETFN50,15-APR-2021,153.9,160.2,153.9,158.01,219,146,39
LICNETFSEN,15-APR-2021,520.09,520.09,510.07,519.99,80,79,18
LICNFNHGP,15-APR-2021,161.75,161.75,152.11,154.75,239,128,29
LIKHITHA,15-APR-2021,371.0,383.0,367.15,370.25,75546,34679,2151
LINCOLN,15-APR-2021,234.7,234.7,228.65,231.8,43467,19758,1574
LINCPEN,15-APR-2021,141.8,149.8,141.8,147.1,1044,774,67
LINDEINDIA,15-APR-2021,1788.0,1944.8,1782.0,1865.55,249902,101385,20227
LIQUIDBEES,15-APR-2021,1002.3,1002.3,998.3,1000.0,751818,484531,4100
LIQUIDETF,15-APR-2021,1000.01,1000.01,999.99,999.99,13999,10090,59
LOTUSEYE,15-APR-2021,40.8,43.5,40.8,42.65,7881,5861,175
LOVABLE,15-APR-2021,83.7,84.85,82.65,83.4,8708,6200,191
LT,15-APR-2021,1378.95,1391.1,1358.1,1374.65,2625838,1260661,107649
LTI,15-APR-2021,4110.0,4111.6,3962.2,4045.2,265495,98381,34789
LTTS,15-APR-2021,2703.5,2787.65,2643.85,2756.85,441352,96072,34449
LUMAXIND,15-APR-2021,1615.0,1627.9,1564.95,1573.95,2653,1447,594
LUMAXTECH,15-APR-2021,158.95,158.95,149.05,152.05,57362,26778,1592
LUPIN,15-APR-2021,1020.25,1056.75,1020.05,1050.05,1780723,431081,35910
LUXIND,15-APR-2021,1940.0,1960.0,1886.95,1950.35,36441,10513,4138
LXCHEM,15-APR-2021,190.5,195.6,183.55,191.6,2358127,600246,28705
LYPSAGEMS,15-APR-2021,4.2,4.45,4.15,4.3,14547,8110,94
M&M,15-APR-2021,805.0,808.9,785.15,805.1,5256004,1453659,135199
M&MFIN,15-APR-2021,174.5,178.65,168.25,173.85,7735995,1463360,49640
M100,15-APR-2021,26.5,26.5,24.5,24.56,70442,39221,1596
M50,15-APR-2021,148.5,150.0,140.99,143.17,5162,4868,110
MAANALU,15-APR-2021,149.9,160.5,145.95,159.35,79273,36024,2134
MADHAV,15-APR-2021,48.85,48.9,47.25,47.55,11809,5405,341
MAESGETF,15-APR-2021,25.73,25.73,24.78,25.07,250087,248539,76
MAGADSUGAR,15-APR-2021,110.0,116.5,107.3,112.95,142331,43179,3802
MAGMA,15-APR-2021,108.0,109.0,103.1,104.95,564499,320638,4716
MAHABANK,15-APR-2021,26.0,26.45,24.65,25.2,27490674,9793536,36639
MAHASTEEL,15-APR-2021,76.2,82.35,75.55,77.05,36875,14742,962
MAHEPC,15-APR-2021,140.65,143.0,139.05,141.2,72077,38872,1324
MAHESHWARI,15-APR-2021,88.8,88.8,86.5,88.2,17240,10332,381
MAHINDCIE,15-APR-2021,160.0,160.3,155.0,158.15,112391,43546,4746
MAHLIFE,15-APR-2021,489.2,497.0,470.0,485.15,31865,14695,2154
MAHLOG,15-APR-2021,525.85,545.45,521.0,533.8,46213,19013,3289
MAHSCOOTER,15-APR-2021,3490.0,3490.0,3398.0,3461.15,6332,4664,1716
MAHSEAMLES,15-APR-2021,269.7,274.7,265.0,268.15,215878,122085,5665
MAITHANALL,15-APR-2021,695.0,748.0,679.0,735.1,131324,78327,5159
MALUPAPER,15-APR-2021,25.85,26.0,25.0,25.5,19867,4544,353
MAN50ETF,15-APR-2021,155.0,155.0,145.0,148.85,6564,5547,96
MANAKALUCO,15-APR-2021,11.8,12.0,10.6,11.3,94965,51449,577
MANAKCOAT,15-APR-2021,12.1,12.7,11.5,12.65,164043,55549,237
MANAKSIA,15-APR-2021,54.55,54.9,53.1,53.35,29376,16313,636
MANAKSTEEL,15-APR-2021,24.5,25.45,23.7,24.15,39915,22109,239
MANALIPETC,15-APR-2021,70.65,72.75,69.25,70.35,1275148,508503,7261
MANAPPURAM,15-APR-2021,145.55,149.25,143.55,145.55,4724404,1806988,32057
MANGALAM,15-APR-2021,108.4,111.9,106.1,108.75,38144,23066,837
MANGCHEFER,15-APR-2021,73.0,74.35,71.15,72.7,296357,148098,2470
MANGLMCEM,15-APR-2021,279.7,280.1,270.1,274.4,20458,10802,615
MANGTIMBER,15-APR-2021,10.55,10.9,10.45,10.65,7874,6631,37
MANINDS,15-APR-2021,81.0,81.9,79.0,80.7,198490,103782,2169
MANINFRA,15-APR-2021,39.65,39.65,37.9,39.15,490618,245784,2750
MANUGRAPH,15-APR-2021,12.0,12.0,11.25,11.7,1462,849,43
MANXT50,15-APR-2021,346.7,346.7,335.0,339.81,4561,274,74
MARATHON,15-APR-2021,44.0,46.4,42.05,46.4,196919,152036,927
MARICO,15-APR-2021,421.6,425.2,417.2,423.3,1234047,496283,23864
MARINE,15-APR-2021,59.0,60.0,57.85,58.75,73359,16543,864
MARKSANS,15-APR-2021,55.05,55.5,53.5,53.85,2681172,946952,9242
MARUTI,15-APR-2021,6846.6,6846.85,6551.0,6644.25,1267365,581577,138313
MASFIN,15-APR-2021,802.6,809.2,789.1,791.95,13474,8540,930
MASTEK,15-APR-2021,1290.0,1323.0,1275.0,1288.75,125570,49959,11710
MATRIMONY,15-APR-2021,967.0,967.0,915.35,940.15,16350,8915,2534
MAWANASUG,15-APR-2021,38.4,40.3,37.3,38.6,188073,107506,1074
MAXHEALTH,15-APR-2021,221.0,221.35,215.75,219.95,999740,749363,24097
MAXIND,15-APR-2021,65.3,66.8,64.95,65.85,121031,49030,690
MAXVIL,15-APR-2021,57.0,57.0,53.15,54.6,125496,43630,1381
MAYURUNIQ,15-APR-2021,395.0,419.0,392.0,417.25,108459,58139,4023
MAZDA,15-APR-2021,440.65,444.15,436.25,440.15,3538,2004,336
MAZDOCK,15-APR-2021,200.2,203.85,198.35,200.3,556986,144883,6122
MBLINFRA,15-APR-2021,17.5,18.0,17.5,17.8,62246,41747,208
MCDHOLDING,15-APR-2021,39.65,40.45,38.2,38.7,3767,3112,112
MCDOWELL-N,15-APR-2021,529.0,529.0,517.0,522.2,1116960,504761,21564
MCL,15-APR-2021,94.0,96.0,92.6,95.15,22159,10953,325
MCLEODRUSS,15-APR-2021,19.6,20.0,18.95,19.45,307379,197228,916
MCX,15-APR-2021,1475.0,1481.0,1453.0,1474.9,73651,25997,6782
MEGASOFT,15-APR-2021,9.75,9.95,9.55,9.75,50306,43286,143
MEGH,15-APR-2021,119.9,124.8,118.05,123.85,1953640,532193,16032
MENONBE,15-APR-2021,55.0,55.5,53.05,53.45,34446,22154,364
MEP,15-APR-2021,16.3,16.3,15.4,15.55,149374,112098,428
METROPOLIS,15-APR-2021,2380.0,2460.0,2379.95,2435.9,110362,39069,10933
MFSL,15-APR-2021,875.0,881.8,852.25,876.45,426756,128548,19080
MGEL,15-APR-2021,46.55,46.55,44.8,45.0,7350,7138,60
MGL,15-APR-2021,1094.1,1117.75,1074.05,1083.65,561205,207444,27515
MHRIL,15-APR-2021,196.65,199.8,195.4,198.4,72832,35588,2628
MIDHANI,15-APR-2021,183.8,184.7,181.05,182.55,201995,107442,3981
MINDACORP,15-APR-2021,94.9,96.75,93.65,96.15,230682,104623,3182
MINDAIND,15-APR-2021,511.1,523.9,504.05,506.8,112218,56079,11888
MINDTECK,15-APR-2021,48.0,48.0,45.0,45.45,10197,6868,168
MINDTREE,15-APR-2021,2020.0,2080.95,1951.0,2065.3,1833728,300884,67816
MIRZAINT,15-APR-2021,46.0,46.25,45.05,45.65,196905,68041,2755
MITTAL,15-APR-2021,10.1,10.65,9.8,9.9,34347,29253,165
MMFL,15-APR-2021,465.0,482.05,457.35,464.75,6814,1678,673
MMP,15-APR-2021,83.45,83.55,81.0,82.95,1854,1515,36
MMTC,15-APR-2021,41.45,41.95,40.3,41.1,2135332,495004,7913
MOHITIND,15-APR-2021,7.8,7.8,7.2,7.2,5063,4757,20
MOIL,15-APR-2021,155.0,157.75,153.75,155.95,502888,166773,8119
MOLDTECH,15-APR-2021,40.15,41.1,39.1,39.95,11546,8730,264
MOLDTKPAC,15-APR-2021,424.85,424.85,395.0,401.6,32058,16729,1574
MONTECARLO,15-APR-2021,226.95,230.05,218.0,223.25,54300,33564,1551
MORARJEE,15-APR-2021,15.5,15.55,14.95,15.55,44085,41269,74
MOREPENLAB,15-APR-2021,40.4,41.75,39.5,40.45,15604751,4646073,34441
MOTHERSUMI,15-APR-2021,209.75,213.85,205.7,207.9,10486628,2860688,82544
MOTILALOFS,15-APR-2021,615.1,617.85,601.5,606.15,89282,42824,5680
MOTOGENFIN,15-APR-2021,18.8,20.45,18.7,19.05,10373,3782,55
MPHASIS,15-APR-2021,1653.0,1736.7,1641.0,1699.95,663225,196154,41048
MPSLTD,15-APR-2021,585.1,597.95,575.0,583.45,59417,46711,994
MRF,15-APR-2021,81700.0,82449.95,80500.0,80980.5,33546,1849,22861
MRPL,15-APR-2021,35.9,36.9,35.5,36.45,1473657,489525,6112
MSPL,15-APR-2021,11.3,11.7,10.65,10.75,160716,137625,477
MSTCLTD,15-APR-2021,269.0,269.35,260.55,265.85,313582,108205,5847
MTARTECH,15-APR-2021,981.0,996.35,953.0,960.45,393921,212222,17337
MTEDUCARE,15-APR-2021,6.95,6.95,6.45,6.75,109025,76944,305
MTNL,15-APR-2021,16.25,16.95,15.75,16.4,2072434,633007,4068
MUKANDLTD,15-APR-2021,91.0,94.0,89.5,91.85,303550,156191,3065
MUKTAARTS,15-APR-2021,28.15,29.2,27.2,28.0,10994,6151,144
MUNJALAU,15-APR-2021,53.2,53.25,51.6,51.9,93405,39924,1833
MUNJALSHOW,15-APR-2021,139.25,139.6,135.2,136.1,11890,7484,508
MURUDCERA,15-APR-2021,19.5,19.5,18.6,19.1,42337,17611,388
MUTHOOTCAP,15-APR-2021,365.0,376.0,365.0,375.05,14225,5384,713
MUTHOOTFIN,15-APR-2021,1180.0,1183.5,1136.65,1153.05,1318568,611629,54514
N100,15-APR-2021,1024.9,1029.0,1011.0,1027.32,62905,45910,3854
NACLIND,15-APR-2021,38.6,39.7,38.1,39.05,38011,29427,319
NAGREEKCAP,15-APR-2021,5.85,5.85,5.75,5.75,1499,1499,7
NAGREEKEXP,15-APR-2021,17.05,17.05,16.0,16.35,18222,13097,96
NAHARCAP,15-APR-2021,97.3,98.8,93.65,96.8,6271,5088,167
NAHARINDUS,15-APR-2021,43.6,43.6,41.4,42.3,5879,4505,109
NAHARPOLY,15-APR-2021,110.65,110.9,103.8,109.75,47684,21942,1073
NAHARSPING,15-APR-2021,98.2,98.95,94.0,96.65,20331,14935,254
NAM-INDIA,15-APR-2021,332.0,336.7,324.9,332.7,1062923,237420,16079
NATCOPHARM,15-APR-2021,911.55,931.35,898.9,910.6,210790,105905,7520
NATHBIOGEN,15-APR-2021,340.0,349.45,326.65,343.45,21368,9972,1085
NATIONALUM,15-APR-2021,56.5,58.45,56.0,58.05,29263919,3997677,45970
NAUKRI,15-APR-2021,4560.0,4618.8,4372.55,4580.5,754385,200161,64082
NAVINFLUOR,15-APR-2021,2962.1,3037.0,2900.0,2968.1,171614,54495,20451
NAVKARCORP,15-APR-2021,33.0,33.65,32.5,32.9,223084,93869,1265
NAVNETEDUL,15-APR-2021,77.3,78.1,77.1,77.9,52840,27713,1178
NAZARA,15-APR-2021,1630.0,1666.0,1606.1,1616.55,296979,88524,23518
NBCC,15-APR-2021,42.8,42.9,41.35,41.95,7714444,2252402,22362
NBIFIN,15-APR-2021,1690.0,1690.0,1625.45,1666.5,45,26,15
NBVENTURES,15-APR-2021,74.8,74.8,72.8,73.15,945048,619149,4833
NCC,15-APR-2021,74.6,75.3,72.5,74.0,3923469,1022652,19567
NCLIND,15-APR-2021,172.1,176.8,170.05,172.05,239468,120556,4512
NCPSESDL24,15-APR-2021,103.53,103.53,103.3,103.3,10607,10582,65
NDGL,15-APR-2021,723.65,785.0,715.65,725.35,127,71,32
NDL,15-APR-2021,30.55,31.1,30.1,30.65,13356,9853,161
NDRAUTO,15-APR-2021,207.3,209.05,194.3,198.25,2589,1340,182
NDTV,15-APR-2021,57.0,57.8,55.0,55.35,23447,19897,397
NECCLTD,15-APR-2021,8.6,8.8,8.0,8.3,8679,5654,77
NECLIFE,15-APR-2021,19.3,19.8,19.05,19.25,195570,88936,891
NELCAST,15-APR-2021,65.3,68.0,64.05,66.15,47794,30790,865
NELCO,15-APR-2021,196.9,196.9,184.3,187.55,66959,30681,1794
NEOGEN,15-APR-2021,942.25,942.25,757.2,905.45,66758,17086,6726
NESCO,15-APR-2021,480.0,490.0,477.6,488.25,134018,73065,7742
NESTLEIND,15-APR-2021,17325.0,17400.0,16775.0,16875.65,118314,65138,23173
NETFCONSUM,15-APR-2021,68.0,68.0,63.05,64.78,3329,2587,135
NETFDIVOPP,15-APR-2021,37.99,37.99,36.5,36.78,1333,1142,69
NETFGILT5Y,15-APR-2021,47.75,47.75,47.64,47.66,14,10,4
NETFIT,15-APR-2021,25.9,26.24,25.73,26.16,571163,211414,2070
NETFLTGILT,15-APR-2021,25.0,25.0,22.16,22.17,65207,52470,109
NETFMID150,15-APR-2021,90.45,91.98,88.61,89.69,173151,148589,860
NETFNIF100,15-APR-2021,154.39,154.39,146.95,149.9,3058,998,98
NETFNV20,15-APR-2021,82.99,82.99,80.05,81.15,5358,3205,138
NETFSDL26,15-APR-2021,102.75,102.75,102.7,102.7,54,54,3
NETWORK18,15-APR-2021,35.7,35.95,34.75,35.1,301544,177270,1449
NEULANDLAB,15-APR-2021,2405.05,2455.0,2385.0,2415.5,39653,16394,6058
NEWGEN,15-APR-2021,290.1,299.9,290.1,298.7,54839,18968,2604
NEXTMEDIA,15-APR-2021,3.7,3.95,3.55,3.8,7237,6548,37
NFL,15-APR-2021,54.0,57.0,53.2,54.75,2142649,601373,9902
NH,15-APR-2021,410.0,426.0,407.5,423.9,198048,126250,5584
NHPC,15-APR-2021,23.9,24.1,23.6,23.95,3393922,1076097,6351
NIACL,15-APR-2021,147.5,150.65,144.0,145.25,541799,207916,11724
NIBL,15-APR-2021,21.9,21.9,21.9,21.9,4222,4212,42
NIFTYBEES,15-APR-2021,174.88,174.88,152.41,155.93,1757440,528475,19605
NIFTYEES,15-APR-2021,18600.0,18600.0,18600.0,18600.0,1,1,1
NIITLTD,15-APR-2021,173.4,173.45,164.0,168.35,235286,121875,4706
NILKAMAL,15-APR-2021,1861.0,1935.0,1849.55,1918.2,19909,8098,3629
NIPPOBATRY,15-APR-2021,704.95,728.8,704.95,725.15,1167,770,199
NIRAJ,15-APR-2021,40.6,42.25,40.55,40.95,8962,6999,79
NITCO,15-APR-2021,18.25,19.5,18.15,18.9,31362,19218,359
NITINSPIN,15-APR-2021,84.3,84.3,80.5,81.45,104702,79643,1144
NKIND,15-APR-2021,22.65,22.7,20.15,22.2,897,788,8
NLCINDIA,15-APR-2021,48.05,48.4,47.55,47.95,708231,362223,2776
NMDC,15-APR-2021,140.1,142.85,138.15,141.3,12210358,4408241,40129
NOCIL,15-APR-2021,171.0,176.4,168.1,175.25,544062,250072,5947
NORBTEAEXP,15-APR-2021,5.4,5.4,5.4,5.4,4336,4336,6
NOVARTIND,15-APR-2021,587.0,592.05,580.05,583.9,3634,2299,261
NPBET,15-APR-2021,176.9,179.87,170.0,172.4,634,254,44
NRAIL,15-APR-2021,221.0,226.3,211.35,214.2,23824,12062,1544
NRBBEARING,15-APR-2021,106.25,107.1,104.0,104.95,83876,41246,1797
NSIL,15-APR-2021,1308.4,1347.7,1231.65,1274.3,797,406,138
NTPC,15-APR-2021,101.2,103.0,99.3,101.35,13865351,4829947,62331
NUCLEUS,15-APR-2021,540.0,540.0,523.15,535.6,35215,13324,2682
NURECA,15-APR-2021,894.8,925.0,860.0,913.65,59927,21561,3832
NXTDIGITAL,15-APR-2021,463.4,473.4,463.25,465.05,560,452,52
OAL,15-APR-2021,724.9,741.0,704.1,733.95,27267,17974,1647
OBEROIRLTY,15-APR-2021,545.7,559.4,543.15,557.25,362370,261079,10132
OCCL,15-APR-2021,899.85,907.7,885.0,894.1,7324,4390,986
OFSS,15-APR-2021,3294.6,3339.95,3180.0,3283.1,63872,22528,9693
OIL,15-APR-2021,117.0,120.9,115.4,119.5,1225535,646826,9274
OLECTRA,15-APR-2021,191.3,197.9,188.55,189.3,707214,290568,7243
OMAXAUTO,15-APR-2021,41.3,42.2,41.25,41.5,5645,3008,199
OMAXE,15-APR-2021,67.25,67.25,66.0,66.95,39113,32516,419
OMINFRAL,15-APR-2021,23.5,23.5,20.75,21.35,189399,110017,807
ONEPOINT,15-APR-2021,12.5,12.5,11.55,12.0,9815,2204,62
ONGC,15-APR-2021,104.25,106.75,103.8,105.1,28659714,7690640,134293
ONMOBILE,15-APR-2021,106.85,106.85,99.0,100.8,412976,225914,5159
ONWARDTEC,15-APR-2021,117.95,117.95,110.2,112.7,47450,22044,1076
OPTIEMUS,15-APR-2021,119.15,125.1,119.0,124.4,61297,45863,867
ORBTEXP,15-APR-2021,59.35,60.75,58.2,58.35,3646,1891,129
ORIENTABRA,15-APR-2021,21.85,22.85,21.45,21.5,58555,33702,385
ORIENTALTL,15-APR-2021,7.0,7.2,6.8,6.85,21983,14265,124
ORIENTBELL,15-APR-2021,212.05,215.9,207.1,214.8,54121,29804,1420
ORIENTCEM,15-APR-2021,101.5,105.95,99.0,103.4,1078804,487937,8434
ORIENTELEC,15-APR-2021,296.0,301.85,282.0,285.95,566662,353152,15615
ORIENTHOT,15-APR-2021,23.1,24.0,22.2,22.65,34324,22386,354
ORIENTLTD,15-APR-2021,77.9,84.7,77.9,81.75,3940,1078,89
ORIENTPPR,15-APR-2021,23.9,24.1,22.9,23.25,868870,190190,3513
ORIENTREF,15-APR-2021,286.65,292.0,274.95,282.5,178673,93119,3090
ORISSAMINE,15-APR-2021,2460.0,2460.0,2385.0,2412.05,7357,3072,1395
ORTINLAB,15-APR-2021,21.4,26.2,21.4,26.2,113458,67441,558
OSWALAGRO,15-APR-2021,9.5,9.6,8.25,9.05,90865,49349,657
PAGEIND,15-APR-2021,29199.0,30000.0,28727.45,29843.85,26397,8284,10644
PAISALO,15-APR-2021,713.0,713.0,681.3,693.45,10004,2530,1555
PALASHSECU,15-APR-2021,50.8,52.65,50.8,51.65,13542,11181,92
PANACEABIO,15-APR-2021,269.0,273.7,248.05,252.0,839520,351284,24405
PANACHE,15-APR-2021,59.25,61.8,56.05,57.5,20730,8664,286
PANAMAPET,15-APR-2021,164.8,164.8,152.05,152.95,67216,37371,1508
PARACABLES,15-APR-2021,8.7,8.9,8.4,8.5,86795,51857,255
PARAGMILK,15-APR-2021,108.15,109.95,104.7,107.1,388528,174114,5507
PATELENG,15-APR-2021,11.8,11.9,11.15,11.7,230989,134204,654
PATINTLOG,15-APR-2021,17.85,19.0,17.6,18.3,34872,17958,632
PATSPINLTD,15-APR-2021,4.75,5.2,4.55,4.8,4824,4603,23
PCJEWELLER,15-APR-2021,24.0,24.5,23.65,23.95,958361,593834,2942
PDMJEPAPER,15-APR-2021,22.9,23.35,22.55,23.15,30168,23364,198
PDSMFL,15-APR-2021,665.85,699.9,664.0,671.8,718,543,58
PEARLPOLY,15-APR-2021,15.6,16.4,14.95,16.05,22740,21085,160
PEL,15-APR-2021,1715.0,1738.0,1682.1,1716.5,714230,119448,31849
PENIND,15-APR-2021,17.45,17.65,17.05,17.25,78425,57179,382
PERSISTENT,15-APR-2021,1930.1,1968.0,1885.95,1955.5,251425,165840,23550
PETRONET,15-APR-2021,224.0,227.6,221.45,222.1,3971829,2611859,28972
PFC,15-APR-2021,108.0,111.6,108.0,109.45,6390488,2654386,32784
PFIZER,15-APR-2021,5075.0,5199.0,4976.0,5135.2,237773,44550,29651
PFOCUS,15-APR-2021,64.5,65.15,61.6,63.5,30311,23294,608
PFS,15-APR-2021,17.65,17.65,17.05,17.4,280997,168177,1090
PGHH,15-APR-2021,13699.95,13715.0,13410.0,13612.3,5797,2775,2661
PGHL,15-APR-2021,6250.6,6525.45,6170.0,6377.55,21187,6525,5142
PGIL,15-APR-2021,183.55,196.0,178.15,192.25,16991,15835,381
PHILIPCARB,15-APR-2021,187.15,204.4,187.0,200.4,1489450,390342,16667
PHOENIXLTD,15-APR-2021,718.0,729.0,713.0,722.15,140356,103177,14514
PIDILITIND,15-APR-2021,1803.65,1830.9,1778.0,1823.75,576555,322313,26268
PIIND,15-APR-2021,2446.85,2510.0,2357.5,2378.05,387011,168036,27156
PILANIINVS,15-APR-2021,1708.85,1724.05,1663.0,1704.9,2858,852,413
PILITA,15-APR-2021,15.9,16.05,15.3,15.5,245262,207723,353
PIONDIST,15-APR-2021,103.85,103.85,99.8,101.1,27273,22781,171
PIONEEREMB,15-APR-2021,39.55,39.55,38.8,39.1,28036,18128,412
PITTIENG,15-APR-2021,65.0,66.4,64.7,65.55,199195,36656,1037
PLASTIBLEN,15-APR-2021,226.25,228.55,223.0,224.0,1856,1121,168
PNB,15-APR-2021,34.6,35.35,34.15,34.75,115658330,9505223,93955
PNBGILTS,15-APR-2021,51.75,51.75,50.15,50.95,152331,91215,1518
PNBHOUSING,15-APR-2021,368.2,376.95,360.2,368.0,117746,30254,5266
PNCINFRA,15-APR-2021,239.3,243.35,231.6,236.3,378923,193753,16061
PODDARMENT,15-APR-2021,190.6,193.55,188.15,191.1,3213,2326,116
POKARNA,15-APR-2021,233.95,238.05,216.0,234.65,148278,99447,2529
POLYCAB,15-APR-2021,1345.3,1425.0,1342.05,1413.8,333770,134973,26504
POLYMED,15-APR-2021,838.9,874.4,815.55,862.55,70246,28873,8215
POLYPLEX,15-APR-2021,818.7,900.0,802.0,879.3,394185,144632,13951
PONNIERODE,15-APR-2021,151.05,159.0,148.85,154.55,18277,11897,552
POWERGRID,15-APR-2021,207.9,211.4,207.05,207.8,5714635,2791939,38504
POWERINDIA,15-APR-2021,1438.0,1544.0,1413.25,1511.65,127881,93465,8483
POWERMECH,15-APR-2021,586.0,593.85,570.3,578.55,31515,15200,1844
PPAP,15-APR-2021,187.0,191.0,182.1,184.8,19728,10465,756
PPL,15-APR-2021,119.3,121.65,116.1,117.9,92480,46573,2375
PRABHAT,15-APR-2021,99.45,99.5,99.05,99.35,284477,253593,895
PRAENG,15-APR-2021,8.25,8.25,7.8,8.05,34489,26444,55
PRAJIND,15-APR-2021,199.05,218.95,193.1,211.15,9142746,1548691,105198
PRAKASH,15-APR-2021,82.5,84.5,80.4,80.75,1805916,800347,20322
PRAKASHSTL,15-APR-2021,0.8,0.8,0.75,0.8,321404,110945,92
PRECAM,15-APR-2021,45.0,45.75,43.1,44.15,193438,133024,1359
PRECOT,15-APR-2021,108.4,108.4,103.4,103.55,1138,927,22
PRECWIRE,15-APR-2021,189.9,189.9,180.9,182.15,17867,7811,613
PREMIERPOL,15-APR-2021,35.2,36.9,34.55,36.0,1411,1009,45
PRESSMN,15-APR-2021,22.85,22.85,21.5,21.9,7588,5826,168
PRESTIGE,15-APR-2021,297.0,313.75,289.5,305.95,468213,245180,14155
PRICOLLTD,15-APR-2021,74.75,74.8,71.55,73.05,517317,162767,4501
PRINCEPIPE,15-APR-2021,494.0,506.85,481.35,492.65,254663,82737,14505
PRIVISCL,15-APR-2021,916.55,929.95,887.15,894.3,25545,13922,2593
PROZONINTU,15-APR-2021,16.75,17.2,16.4,16.55,126926,65116,673
PRSMJOHNSN,15-APR-2021,123.6,123.65,114.25,120.85,354504,235817,2916
PSB,15-APR-2021,17.5,17.75,16.95,17.45,902820,394385,1756
PSPPROJECT,15-APR-2021,430.8,433.45,412.5,418.55,30978,13529,1926
PSUBNKBEES,15-APR-2021,22.7,22.71,22.04,22.33,450635,171990,1323
PTC,15-APR-2021,84.9,85.0,80.7,83.05,1470170,471433,8504
PTL,15-APR-2021,37.5,37.5,36.8,37.3,105078,90503,304
PUNJABCHEM,15-APR-2021,891.9,896.75,851.35,862.75,7430,5677,494
PURVA,15-APR-2021,68.0,68.3,65.75,66.35,75300,37403,1240
PVR,15-APR-2021,1061.0,1077.65,1050.5,1061.85,1852725,413215,62514
QGOLDHALF,15-APR-2021,2016.0,2023.0,2013.0,2022.0,500,416,85
QNIFTY,15-APR-2021,1507.0,1507.0,1497.0,1497.0,9,9,3
QUESS,15-APR-2021,594.0,600.8,575.55,588.15,201331,141602,10105
QUICKHEAL,15-APR-2021,187.15,191.75,184.4,190.5,225097,93907,4367
RADICO,15-APR-2021,516.1,518.95,505.0,509.0,124606,51015,6139
RADIOCITY,15-APR-2021,24.05,24.3,24.0,24.2,97550,62876,239
RAILTEL,15-APR-2021,117.0,117.0,113.85,115.05,797101,351770,12789
RAIN,15-APR-2021,151.5,159.45,151.3,157.95,3992743,1102678,42015
RAJESHEXPO,15-APR-2021,496.0,503.45,492.5,499.45,136193,46272,7308
RAJRATAN,15-APR-2021,790.0,790.0,764.15,780.6,11561,8968,656
RAJTV,15-APR-2021,31.5,32.5,29.65,31.45,8147,4698,198
RALLIS,15-APR-2021,260.0,265.8,257.25,259.0,614723,481153,7270
RAMANEWS,15-APR-2021,15.05,15.25,14.7,15.1,18046,11873,222
RAMCOCEM,15-APR-2021,1060.0,1065.95,978.3,1006.25,1285908,411139,64742
RAMCOIND,15-APR-2021,262.9,268.8,251.3,253.95,304212,289752,1552
RAMCOSYS,15-APR-2021,550.55,558.95,518.0,524.15,219360,117519,10218
RAMKY,15-APR-2021,62.75,67.05,60.75,66.35,84467,40564,1028
RANASUG,15-APR-2021,9.55,11.2,9.35,10.75,5877453,2320928,6310
RANEENGINE,15-APR-2021,260.1,260.9,252.95,256.85,3331,1745,196
RANEHOLDIN,15-APR-2021,585.65,589.0,547.2,554.75,29277,16182,1249
RATNAMANI,15-APR-2021,2000.0,2024.85,1921.0,1933.9,22961,8691,2802
RAYMOND,15-APR-2021,334.35,340.0,329.35,334.9,531746,120973,11517
RBL,15-APR-2021,819.75,821.0,812.0,819.45,2962,1472,243
RBLBANK,15-APR-2021,192.3,197.5,184.2,189.7,20657818,2590886,133988
RCF,15-APR-2021,71.9,75.75,71.65,72.8,3568542,1014981,20483
RCOM,15-APR-2021,1.65,1.7,1.6,1.65,7990986,5361168,4178
RECLTD,15-APR-2021,130.75,132.1,126.5,128.1,6320687,3182200,22917
REDINGTON,15-APR-2021,178.5,180.5,171.1,174.8,299591,130530,10357
REFEX,15-APR-2021,92.65,110.5,91.15,106.65,1441629,350057,14392
RELAXO,15-APR-2021,899.0,909.0,889.15,905.0,137817,39798,8934
RELCAPITAL,15-APR-2021,10.1,10.35,9.8,9.95,1363306,795102,2140
RELIANCE,15-APR-2021,1926.3,1961.0,1913.0,1944.3,9102492,4483830,189159
RELIGARE,15-APR-2021,94.0,95.0,89.75,91.95,983450,617320,5539
RELINFRA,15-APR-2021,35.5,35.9,34.0,34.7,2900406,1460364,7125
REMSONSIND,15-APR-2021,149.0,149.0,143.1,147.9,7761,1388,150
RENUKA,15-APR-2021,9.95,10.45,9.85,9.95,12460152,4223554,7715
REPCOHOME,15-APR-2021,283.0,289.7,275.0,281.4,70417,40317,2205
REPL,15-APR-2021,205.05,212.8,202.35,209.85,17195,15189,195
REPRO,15-APR-2021,340.1,351.4,339.55,343.35,2764,1594,141
RESPONIND,15-APR-2021,168.5,172.7,167.25,169.6,27014,6884,583
REVATHI,15-APR-2021,499.95,510.9,480.95,496.55,737,282,159
RGL,15-APR-2021,373.0,393.3,372.8,387.9,80894,23396,4162
RHFL,15-APR-2021,2.3,2.4,2.25,2.4,916473,659744,756
RICOAUTO,15-APR-2021,39.7,39.7,37.95,38.85,313797,136338,1921
RIIL,15-APR-2021,363.5,370.4,361.9,366.85,61303,14083,1992
RITES,15-APR-2021,240.75,244.0,237.15,238.75,489419,413247,4093
RKDL,15-APR-2021,7.7,8.0,7.45,7.8,9405,8228,66
RKEC,15-APR-2021,62.4,62.4,58.6,59.2,7683,5515,126
RKFORGE,15-APR-2021,519.05,522.4,502.95,508.65,39868,30617,1039
RML,15-APR-2021,355.0,358.8,338.9,342.8,8712,3837,611
ROHLTD,15-APR-2021,59.8,60.0,58.2,59.1,27714,17138,390
ROLTA,15-APR-2021,4.15,4.2,3.8,4.0,854252,587246,659
ROSSARI,15-APR-2021,1048.0,1098.65,1037.7,1045.85,141473,56742,10609
ROSSELLIND,15-APR-2021,109.0,109.95,103.35,106.2,8834,5473,219
ROUTE,15-APR-2021,1539.5,1539.5,1481.75,1498.8,335116,82326,22867
RPGLIFE,15-APR-2021,424.2,433.05,412.25,415.35,38983,18513,2026
RPOWER,15-APR-2021,4.5,4.6,4.2,4.4,24783472,11840393,10815
RPPINFRA,15-APR-2021,57.45,57.45,53.2,54.75,38983,25594,617
RPSGVENT,15-APR-2021,338.8,342.8,331.05,334.6,21524,11322,706
RSSOFTWARE,15-APR-2021,27.3,27.3,26.3,26.45,11566,9507,187
RSWM,15-APR-2021,175.0,188.0,175.0,183.0,28648,20252,509
RSYSTEMS,15-APR-2021,116.0,119.0,113.9,117.95,16561,10278,439
RTNINDIA,15-APR-2021,6.45,6.45,6.45,6.45,3266671,2763644,316
RTNPOWER,15-APR-2021,2.55,2.6,2.5,2.55,6822567,4289118,2605
RUBYMILLS,15-APR-2021,160.5,169.9,160.5,164.4,4007,1934,124
RUCHI,15-APR-2021,655.0,671.0,651.0,659.35,15035,7754,1129
RUCHIRA,15-APR-2021,62.95,62.95,60.0,61.1,25518,16175,449
RUPA,15-APR-2021,297.5,302.65,294.75,296.4,37304,10447,1762
RUSHIL,15-APR-2021,188.0,198.6,182.0,198.6,60458,27660,1659
RVHL,15-APR-2021,16.6,17.3,16.05,16.2,21024,10591,191
RVNL,15-APR-2021,27.3,27.7,26.9,27.25,3583495,1168378,9572
SADBHAV,15-APR-2021,61.95,64.6,60.4,63.9,611657,458080,3316
SADBHIN,15-APR-2021,20.0,21.05,19.8,20.25,1058422,940729,911
SAFARI,15-APR-2021,567.0,572.7,542.05,560.75,13414,7654,1684
SAGARDEEP,15-APR-2021,32.25,33.4,30.7,31.25,4111,2693,148
SAGCEM,15-APR-2021,735.45,744.45,720.0,738.1,24467,13328,1430
SAIL,15-APR-2021,92.0,95.35,89.9,92.8,120105992,24459128,230139
SAKAR,15-APR-2021,111.0,113.8,104.25,112.4,45918,20471,1147
SAKHTISUG,15-APR-2021,9.6,10.45,9.5,10.0,574150,226519,1525
SAKSOFT,15-APR-2021,515.0,515.0,483.85,492.9,204381,63695,14787
SAKUMA,15-APR-2021,4.95,4.95,4.8,4.9,139606,80944,371
SALASAR,15-APR-2021,483.05,486.3,465.0,480.5,78020,34817,1933
SALONA,15-APR-2021,79.95,85.8,78.75,81.85,859,523,37
SALSTEEL,15-APR-2021,4.5,4.7,4.25,4.7,526178,388140,552
SALZERELEC,15-APR-2021,121.65,124.0,120.75,122.25,11737,6685,278
SAMBHAAV,15-APR-2021,2.25,2.25,2.05,2.05,80191,64956,129
SANCO,15-APR-2021,8.65,8.8,8.25,8.5,41422,30811,174
SANDESH,15-APR-2021,646.55,674.0,628.35,639.85,1567,639,366
SANDHAR,15-APR-2021,201.75,205.1,198.0,204.75,12948,7743,669
SANGHIIND,15-APR-2021,42.4,42.95,41.2,41.9,662815,278400,2258
SANGHVIMOV,15-APR-2021,113.15,120.05,113.15,114.95,78131,48606,1726
SANGINITA,15-APR-2021,21.4,22.15,21.35,21.35,26022,21721,194
SANOFI,15-APR-2021,8070.0,8125.0,7994.2,8035.7,29960,19033,5664
SARDAEN,15-APR-2021,444.0,444.6,425.2,439.35,72745,42351,2086
SAREGAMA,15-APR-2021,1692.25,1734.85,1663.2,1689.4,12483,7379,1576
SARLAPOLY,15-APR-2021,25.2,25.35,24.0,24.45,89143,43805,572
SASKEN,15-APR-2021,956.9,975.2,916.3,929.4,49340,21500,4280
SASTASUNDR,15-APR-2021,119.0,122.0,115.15,117.25,39997,23291,1042
SATIA,15-APR-2021,82.95,82.95,79.85,80.15,31233,6569,319
SATIN,15-APR-2021,90.25,94.9,88.1,89.35,334220,188310,2856
SBICARD,15-APR-2021,900.5,909.8,883.35,905.55,1874017,1043978,58025
SBIETFIT,15-APR-2021,263.0,263.0,256.55,262.35,1946,1229,99
SBIETFPB,15-APR-2021,174.9,174.9,165.2,170.8,1259,1050,45
SBIETFQLTY,15-APR-2021,125.51,129.95,125.51,126.54,787,595,81
SBILIFE,15-APR-2021,895.0,912.0,890.0,908.7,1464475,742808,36075
SBIN,15-APR-2021,342.1,347.55,336.1,342.7,52992349,10616930,325566
SCHAEFFLER,15-APR-2021,5241.0,5320.0,5166.15,5207.45,23492,21287,2127
SCHNEIDER,15-APR-2021,92.65,93.2,90.0,91.05,273642,103506,3189
SCI,15-APR-2021,106.0,106.0,102.05,103.5,1592858,562183,10741
SDBL,15-APR-2021,30.45,30.45,28.5,28.75,114278,91604,765
SEAMECLTD,15-APR-2021,410.5,424.1,410.5,414.55,4735,1775,361
SECURKLOUD,15-APR-2021,88.1,92.8,86.55,90.95,48857,40033,417
SELAN,15-APR-2021,124.75,125.9,123.05,123.65,44650,12832,994
SEQUENT,15-APR-2021,246.8,256.9,245.55,250.15,461271,212250,12608
SESHAPAPER,15-APR-2021,159.05,163.35,156.45,161.4,23537,18085,387
SETCO,15-APR-2021,15.6,15.6,14.4,14.9,85501,51041,304
SETF10GILT,15-APR-2021,204.4,204.4,201.0,204.29,6,4,4
SETFGOLD,15-APR-2021,4175.95,4184.0,4160.55,4176.95,8553,5628,1447
SETFNIF50,15-APR-2021,148.2,148.2,145.48,147.42,510379,387711,1847
SETFNIFBK,15-APR-2021,315.2,320.69,313.66,320.33,79590,40877,1296
SETFNN50,15-APR-2021,356.99,357.99,347.11,357.37,8515,5643,455
SEYAIND,15-APR-2021,48.8,50.1,48.8,49.7,14655,10741,260
SFL,15-APR-2021,1961.0,2046.75,1952.6,2002.65,28882,25218,2529
SGL,15-APR-2021,8.9,8.9,8.45,8.65,10245,8606,105
SHAKTIPUMP,15-APR-2021,508.9,514.0,493.0,496.3,50470,23866,2598
SHALBY,15-APR-2021,114.1,117.75,113.25,115.2,609120,247588,7759
SHALPAINTS,15-APR-2021,89.0,90.7,87.6,88.25,35620,18540,1248
SHANKARA,15-APR-2021,405.15,408.6,378.0,381.1,192186,97293,8493
SHANTIGEAR,15-APR-2021,126.0,144.8,126.0,137.0,265693,127655,3569
SHARDACROP,15-APR-2021,285.0,289.8,277.5,279.95,138830,91083,4434
SHARDAMOTR,15-APR-2021,1940.0,2015.0,1926.0,1986.6,9575,6577,1360
SHAREINDIA,15-APR-2021,305.0,325.0,305.0,319.85,37861,23862,966
SHARIABEES,15-APR-2021,382.0,384.0,369.5,371.35,1189,989,93
SHEMAROO,15-APR-2021,71.3,77.1,69.5,74.9,130121,104418,910
SHIL,15-APR-2021,266.0,272.7,262.0,266.05,87301,61269,1350
SHILPAMED,15-APR-2021,367.1,381.4,365.1,376.25,179455,68247,4768
SHIVAMAUTO,15-APR-2021,16.8,17.2,16.1,16.3,55059,36120,423
SHIVATEX,15-APR-2021,148.0,152.9,133.55,140.45,11959,8221,291
SHK,15-APR-2021,129.9,135.9,125.25,133.65,738273,360838,12540
SHOPERSTOP,15-APR-2021,188.15,196.2,187.5,194.0,97141,39626,2488
SHREDIGCEM,15-APR-2021,63.55,65.75,63.05,64.3,330637,158267,2567
SHREECEM,15-APR-2021,30599.0,30896.05,29514.0,30305.4,72414,23884,24202
SHREEPUSHK,15-APR-2021,143.2,147.45,141.5,145.1,52206,22419,1622
SHREERAMA,15-APR-2021,10.4,10.4,9.6,9.85,123323,93954,528
SHRENIK,15-APR-2021,1.65,1.75,1.65,1.65,2777240,1429467,1268
SHREYANIND,15-APR-2021,91.05,91.1,89.0,90.05,13631,7618,388
SHREYAS,15-APR-2021,75.65,79.2,75.15,76.1,48621,22060,611
SHRIRAMCIT,15-APR-2021,1421.0,1482.15,1416.85,1466.1,7072,2796,2223
SHRIRAMEPC,15-APR-2021,4.0,4.0,3.9,3.9,121714,111133,183
SHYAMCENT,15-APR-2021,5.7,6.0,5.55,5.6,108301,87972,215
SICAGEN,15-APR-2021,17.5,17.75,16.9,17.1,20405,16508,182
SICAL,15-APR-2021,13.6,13.8,12.7,12.7,105174,93117,199
SIEMENS,15-APR-2021,1760.0,1821.7,1722.5,1816.65,599409,188615,32075
SIGIND,15-APR-2021,29.05,29.45,28.55,29.1,24284,19432,222
SILGO,15-APR-2021,50.65,54.55,50.65,51.4,127645,112279,347
SILINV,15-APR-2021,185.25,189.0,184.35,186.0,257,189,20
SIMBHALS,15-APR-2021,7.25,7.65,7.25,7.65,22010,17768,73
SIMPLEXINF,15-APR-2021,30.1,30.75,29.4,29.85,108728,72562,842
SINTERCOM,15-APR-2021,77.95,83.55,77.95,80.0,21670,20448,42
SIS,15-APR-2021,370.9,374.15,367.55,369.45,55836,29528,3117
SITINET,15-APR-2021,0.85,0.85,0.75,0.75,1587569,1180494,862
SIYSIL,15-APR-2021,194.0,194.0,186.4,188.7,49736,23247,1353
SJVN,15-APR-2021,25.2,25.35,24.85,25.25,2005834,1355109,3493
SKFINDIA,15-APR-2021,2130.0,2195.0,2116.45,2179.1,16418,11534,4480
SKIPPER,15-APR-2021,58.9,58.9,55.65,56.15,18515,13663,449
SKMEGGPROD,15-APR-2021,48.0,48.0,46.0,46.8,43277,29013,510
SMARTLINK,15-APR-2021,85.0,85.3,84.1,84.7,3166,2313,83
SMCGLOBAL,15-APR-2021,67.8,69.3,67.05,67.85,24383,15619,238
SMLISUZU,15-APR-2021,458.05,463.95,457.1,458.15,10931,6317,601
SMSLIFE,15-APR-2021,541.0,569.0,530.0,542.85,9881,5841,572
SMSPHARMA,15-APR-2021,141.15,143.0,138.9,140.3,120439,51379,1965
SNOWMAN,15-APR-2021,49.85,50.45,46.4,46.8,3736534,1501561,13407
SOBHA,15-APR-2021,522.5,533.15,492.15,522.85,629079,184458,35985
SOLARA,15-APR-2021,1477.0,1479.95,1410.3,1423.5,82883,31520,12166
SOLARINDS,15-APR-2021,1293.0,1328.0,1250.3,1311.85,19315,9325,2750
SOMANYCERA,15-APR-2021,425.0,427.0,416.75,421.6,69794,49768,1734
SONATSOFTW,15-APR-2021,619.7,619.7,586.5,593.4,755939,613362,13360
SORILINFRA,15-APR-2021,137.05,139.0,133.05,134.05,28370,13018,615
SOTL,15-APR-2021,1002.0,1007.9,987.05,999.3,7288,3857,1087
SOUTHBANK,15-APR-2021,8.0,8.1,7.8,7.95,11225130,4886393,15638
SOUTHWEST,15-APR-2021,49.3,50.6,48.0,50.2,15325,10258,146
SPAL,15-APR-2021,151.85,152.0,146.4,150.2,17635,12007,502
SPANDANA,15-APR-2021,583.0,591.55,550.0,561.4,70546,42516,2338
SPARC,15-APR-2021,161.9,165.0,160.5,162.2,457427,125656,6318
SPECIALITY,15-APR-2021,38.5,39.0,36.3,37.6,77886,45914,836
SPENCERS,15-APR-2021,71.0,71.2,68.7,70.4,149962,73640,2107
SPIC,15-APR-2021,29.9,30.2,29.1,29.75,362965,96307,3209
SPICEJET,15-APR-2021,68.0,68.25,65.5,66.75,1943516,679211,24933
SPLIL,15-APR-2021,33.0,33.45,31.3,32.25,28022,19456,299
SPMLINFRA,15-APR-2021,9.7,10.05,9.7,9.9,53434,50906,99
SPTL,15-APR-2021,3.25,3.25,3.0,3.05,1605906,953533,1082
SPYL,15-APR-2021,0.35,0.4,0.35,0.4,558723,463269,414
SREEL,15-APR-2021,141.5,144.4,137.55,140.45,5587,3246,181
SREINFRA,15-APR-2021,7.1,7.15,6.7,6.9,3086850,1404229,4320
SRF,15-APR-2021,6105.55,6129.95,5940.0,5997.85,212540,100395,23973
SRHHYPOLTD,15-APR-2021,247.5,247.5,240.9,244.35,7588,4392,411
SRIPIPES,15-APR-2021,176.8,176.8,164.8,170.35,70281,34419,1953
SRTRANSFIN,15-APR-2021,1375.0,1388.3,1311.0,1380.65,3590357,928329,88724
SSWL,15-APR-2021,696.0,698.65,676.95,681.75,23980,10235,1851
STAR,15-APR-2021,878.0,878.0,850.65,854.3,413052,158959,13846
STARCEMENT,15-APR-2021,100.15,100.45,97.5,97.9,190583,65400,3157
STARPAPER,15-APR-2021,115.0,115.0,108.4,111.3,70614,32080,1860
STCINDIA,15-APR-2021,76.5,82.0,73.25,78.75,52275,22619,930
STEELCITY,15-APR-2021,35.0,36.0,34.65,35.0,15432,6517,216
STEELXIND,15-APR-2021,57.3,59.9,56.25,58.85,182739,102701,531
STERTOOLS,15-APR-2021,189.0,192.9,185.0,185.65,12160,5467,832
STLTECH,15-APR-2021,222.65,227.9,215.0,219.65,613058,221029,10800
STOVEKRAFT,15-APR-2021,477.5,490.65,467.2,477.85,97532,26087,4100
SUBEXLTD,15-APR-2021,47.1,48.8,45.8,46.95,17102667,4942286,38592
SUBROS,15-APR-2021,296.35,306.15,292.0,300.65,30458,9968,1880
SUDARSCHEM,15-APR-2021,539.5,558.5,539.5,551.3,145405,50924,8956
SUMICHEM,15-APR-2021,284.0,284.7,279.0,282.2,131186,65302,3355
SUMIT,15-APR-2021,11.1,11.65,10.7,11.2,35148,26762,153
SUMMITSEC,15-APR-2021,512.05,512.3,501.5,509.3,1345,571,399
SUNCLAYLTD,15-APR-2021,3080.6,3122.6,2975.0,2989.5,3298,1259,1201
SUNDARAM,15-APR-2021,1.25,1.25,1.2,1.2,52256,39481,181
SUNDARMFIN,15-APR-2021,2470.0,2470.0,2369.95,2394.75,15971,8272,3127
SUNDARMHLD,15-APR-2021,76.25,76.25,72.65,73.55,33314,21360,508
SUNDRMBRAK,15-APR-2021,354.0,354.0,335.25,339.4,889,321,163
SUNDRMFAST,15-APR-2021,700.0,715.0,692.85,701.6,42576,17756,4075
SUNFLAG,15-APR-2021,65.2,67.4,63.6,64.3,828763,342025,5201
SUNPHARMA,15-APR-2021,633.6,641.5,626.5,633.25,8588761,2815660,131766
SUNTECK,15-APR-2021,290.95,290.95,277.6,280.85,169253,37501,9047
SUNTV,15-APR-2021,465.0,472.8,457.5,464.3,1176160,172898,19508
SUPERHOUSE,15-APR-2021,117.5,117.5,112.4,114.1,25164,16330,304
SUPERSPIN,15-APR-2021,4.5,4.85,4.15,4.25,58893,42884,124
SUPPETRO,15-APR-2021,488.85,515.0,476.9,503.3,140152,70652,7337
SUPRAJIT,15-APR-2021,279.45,281.0,264.15,266.45,147442,79008,6380
SUPREMEENG,15-APR-2021,24.4,26.8,23.55,26.5,17256,14828,122
SUPREMEIND,15-APR-2021,1956.0,1979.95,1944.05,1956.35,78318,45664,17837
SURANAT&P,15-APR-2021,4.3,4.3,4.0,4.25,34330,25993,85
SURYALAXMI,15-APR-2021,30.55,30.8,30.05,30.1,8088,7062,55
SURYAROSNI,15-APR-2021,362.9,368.7,353.45,356.25,132351,55699,10108
SURYODAY,15-APR-2021,256.3,260.85,254.0,257.05,186237,100882,6907
SUTLEJTEX,15-APR-2021,42.3,42.3,40.15,40.45,38759,27070,574
SUVEN,15-APR-2021,89.0,93.6,89.0,90.65,2308576,1089323,18360
SUVENPHAR,15-APR-2021,488.0,488.0,477.0,486.6,167147,102275,5673
SUZLON,15-APR-2021,4.8,4.85,4.65,4.7,13939130,6452732,8517
SWANENERGY,15-APR-2021,134.4,134.45,130.65,133.5,135356,9015,4264
SWARAJENG,15-APR-2021,1351.55,1363.0,1331.05,1343.5,6494,3464,890
SWELECTES,15-APR-2021,196.0,199.9,192.8,198.05,15466,9776,616
SWSOLAR,15-APR-2021,311.0,313.85,293.7,305.9,859530,210054,17825
SYMPHONY,15-APR-2021,1205.0,1205.3,1170.05,1182.0,32436,15166,4600
SYNGENE,15-APR-2021,572.7,575.0,564.4,572.8,375382,193079,11965
TAINWALCHM,15-APR-2021,59.65,59.65,56.45,57.5,2490,1794,87
TAJGVK,15-APR-2021,111.85,111.85,108.05,109.05,35436,18910,1106
TAKE,15-APR-2021,47.25,47.5,45.55,46.75,1992696,828091,12660
TALBROAUTO,15-APR-2021,208.95,213.9,205.3,212.2,12895,6105,516
TANLA,15-APR-2021,942.8,950.3,907.45,916.15,162291,88695,7477
TARC,15-APR-2021,27.05,27.55,26.25,26.9,319503,221819,1254
TARMAT,15-APR-2021,46.55,47.45,44.8,47.05,15231,8193,153
TASTYBITE,15-APR-2021,14100.05,14490.4,14100.05,14293.15,613,261,331
TATACHEM,15-APR-2021,745.0,759.95,731.0,748.95,4474232,555455,78472
TATACOFFEE,15-APR-2021,117.65,118.6,115.2,116.45,1576774,229766,10819
TATACOMM,15-APR-2021,1100.3,1132.5,1100.3,1114.35,761682,425864,22874
TATACONSUM,15-APR-2021,662.8,674.0,647.15,659.3,3193956,1447937,55675
TATAELXSI,15-APR-2021,2825.0,2952.0,2822.55,2927.85,311649,103830,28697
TATAINVEST,15-APR-2021,1005.0,1007.0,996.0,999.25,13406,7131,1303
TATAMETALI,15-APR-2021,841.25,917.0,821.0,866.65,641210,163276,28087
TATAMOTORS,15-APR-2021,303.0,307.55,296.5,303.5,75262749,7009105,397148
TATAMTRDVR,15-APR-2021,133.85,137.45,132.0,133.7,2572250,994524,34142
TATAPOWER,15-APR-2021,94.7,96.7,93.3,94.15,38846301,5708448,119133
TATASTEEL,15-APR-2021,892.0,911.5,879.5,898.2,21856357,3380477,285071
TATASTLBSL,15-APR-2021,57.35,58.65,56.55,57.75,7235393,2084898,17754
TATASTLLP,15-APR-2021,780.0,799.0,762.2,772.65,106311,56921,4336
TBZ,15-APR-2021,63.0,63.1,61.2,62.65,65349,35144,751
TCI,15-APR-2021,257.0,268.0,256.05,264.65,49704,14478,1962
TCIDEVELOP,15-APR-2021,307.95,316.3,298.25,302.2,712,23,246
TCIEXP,15-APR-2021,872.0,872.7,846.05,854.0,7761,2831,1640
TCIFINANCE,15-APR-2021,5.65,5.95,5.5,5.6,3731,3706,13
TCNSBRANDS,15-APR-2021,465.0,477.75,461.6,463.7,21141,15816,985
TCPLPACK,15-APR-2021,395.0,400.4,375.1,390.5,9532,6538,414
TCS,15-APR-2021,3160.3,3237.25,3087.45,3218.95,6062760,3038656,219212
TDPOWERSYS,15-APR-2021,150.1,153.45,148.5,150.05,26507,15192,523
TEAMLEASE,15-APR-2021,3375.75,3444.85,3295.5,3321.65,17990,10457,6051
TECHM,15-APR-2021,1001.85,1007.8,970.3,993.15,4373215,2161676,109988
TECHNOE,15-APR-2021,291.1,300.7,287.0,297.95,53192,20950,3398
TEJASNET,15-APR-2021,167.0,170.75,159.15,162.15,469517,335743,4147
TERASOFT,15-APR-2021,36.35,37.35,36.05,36.9,20269,13553,278
TEXINFRA,15-APR-2021,72.05,72.9,71.35,71.9,45706,41159,229
TEXMOPIPES,15-APR-2021,29.55,30.15,27.9,29.05,507581,261823,3150
TEXRAIL,15-APR-2021,25.6,25.75,25.1,25.45,246556,119071,1307
TFCILTD,15-APR-2021,56.5,57.4,55.4,56.2,195127,94536,1298
TGBHOTELS,15-APR-2021,4.5,4.55,4.15,4.4,9260,8004,37
THANGAMAYL,15-APR-2021,608.95,620.0,603.0,616.15,16932,11695,2195
THEINVEST,15-APR-2021,88.15,93.05,85.85,92.15,15578,11242,206
THEMISMED,15-APR-2021,318.0,318.0,300.6,311.3,4076,2198,223
THERMAX,15-APR-2021,1335.0,1377.3,1330.2,1352.95,32176,15952,6197
THOMASCOOK,15-APR-2021,45.5,45.55,44.55,45.05,242275,161836,1126
THYROCARE,15-APR-2021,1024.8,1049.25,1016.45,1036.85,300919,65508,19166
TI,15-APR-2021,35.3,35.55,33.5,33.8,233526,185903,975
TIDEWATER,15-APR-2021,4394.95,4394.95,4311.3,4332.85,1332,470,533
TIIL,15-APR-2021,379.95,379.95,363.65,373.15,13945,8777,665
TIINDIA,15-APR-2021,1130.1,1154.4,1087.0,1102.7,297426,284221,3241
TIL,15-APR-2021,168.0,168.0,160.6,161.8,4711,3498,206
TIMESGTY,15-APR-2021,22.1,28.55,21.0,28.2,41285,11995,434
TIMETECHNO,15-APR-2021,65.95,75.9,64.5,74.0,3229862,904467,20246
TIMKEN,15-APR-2021,1361.0,1361.95,1315.0,1337.55,54341,43066,2002
TINPLATE,15-APR-2021,169.7,182.9,169.5,180.05,2591342,871882,33206
TIRUMALCHM,15-APR-2021,89.0,89.6,86.0,87.25,217763,97008,2519
TITAN,15-APR-2021,1545.0,1554.5,1515.55,1538.55,1313429,616800,56059
TMRVL,15-APR-2021,11.7,12.05,11.35,11.45,41687,27846,232
TNPETRO,15-APR-2021,61.25,65.8,60.95,63.5,3231294,1220664,19521
TNPL,15-APR-2021,140.0,141.0,138.05,138.3,99013,61986,1520
TOKYOPLAST,15-APR-2021,72.0,72.95,69.55,70.0,9257,6508,145
TORNTPHARM,15-APR-2021,2568.8,2644.15,2552.95,2565.0,303834,54746,21672
TORNTPOWER,15-APR-2021,397.0,402.8,394.3,395.5,803461,328634,11014
TOTAL,15-APR-2021,43.1,43.1,42.05,42.6,4303,2318,58
TPLPLASTEH,15-APR-2021,184.0,189.65,179.75,180.85,24372,6396,848
TREEHOUSE,15-APR-2021,8.9,8.9,8.4,8.75,12409,9609,94
TREJHARA,15-APR-2021,30.35,35.25,30.35,33.15,31326,14631,443
TRENT,15-APR-2021,727.0,746.0,714.8,740.1,871200,255226,33251
TRF,15-APR-2021,91.05,91.75,87.35,88.6,8209,5106,256
TRIDENT,15-APR-2021,13.6,14.15,13.5,13.95,12996089,6041745,17772
TRIGYN,15-APR-2021,68.05,71.05,65.8,68.35,53763,21409,960
TRIL,15-APR-2021,17.35,17.6,16.9,17.45,89898,61401,391
TRITURBINE,15-APR-2021,99.0,105.0,97.5,102.35,162969,83195,4041
TRIVENI,15-APR-2021,95.0,101.0,93.8,98.75,7181800,1958611,54967
TTKHLTCARE,15-APR-2021,498.0,509.3,489.35,500.05,1732,1151,179
TTKPRESTIG,15-APR-2021,7510.0,7510.0,7355.3,7437.15,23886,21161,2736
TTL,15-APR-2021,44.35,45.0,44.0,44.85,3772,1965,204
TV18BRDCST,15-APR-2021,27.5,27.65,26.7,27.05,2827045,1092740,4361
TVSMOTOR,15-APR-2021,546.2,552.25,532.15,542.6,980528,79211,17216
TVSSRICHAK,15-APR-2021,1722.0,1735.0,1694.0,1699.25,10924,8393,1090
TVTODAY,15-APR-2021,274.9,277.0,270.0,270.8,20330,10932,751
TWL,15-APR-2021,47.85,48.5,47.15,48.15,212222,121754,1916
UBL,15-APR-2021,1101.0,1111.0,1091.45,1101.75,341964,162656,23914
UCALFUEL,15-APR-2021,141.0,141.0,136.1,136.95,21840,8405,1325
UCOBANK,15-APR-2021,11.5,11.5,11.1,11.4,8625738,2496383,15047
UFLEX,15-APR-2021,369.4,373.0,360.0,367.9,93382,34625,4256
UFO,15-APR-2021,71.35,72.8,70.15,71.1,42246,23783,1083
UGARSUGAR,15-APR-2021,17.6,19.0,17.5,18.2,1234694,396594,3730
UJJIVAN,15-APR-2021,202.3,207.45,199.6,201.0,752666,381248,15177
UJJIVANSFB,15-APR-2021,29.85,30.1,28.85,29.05,2935696,1876823,8657
ULTRACEMCO,15-APR-2021,6649.0,6700.0,6393.65,6539.3,490675,162974,55379
UMANGDAIRY,15-APR-2021,55.85,56.85,54.55,55.2,13244,6967,282
UNICHEMLAB,15-APR-2021,312.6,316.6,307.6,311.2,26492,13329,1099
UNIDT,15-APR-2021,320.0,331.3,307.0,309.3,5487,3472,208
UNIENTER,15-APR-2021,75.75,77.5,73.65,75.7,5711,1804,241
UNIONBANK,15-APR-2021,34.4,35.3,33.9,34.4,7823976,1665139,23417
UNITEDTEA,15-APR-2021,290.05,303.65,290.05,297.6,140,83,27
UNIVCABLES,15-APR-2021,139.95,139.95,135.0,137.0,13130,9260,338
UNIVPHOTO,15-APR-2021,174.5,175.0,168.95,170.85,1854,1217,91
UPL,15-APR-2021,611.0,623.9,597.4,607.35,7395673,1530314,101576
USHAMART,15-APR-2021,38.55,39.2,37.1,38.55,2204472,788961,6116
UTIAMC,15-APR-2021,553.0,561.85,549.25,551.8,345166,217823,9589
UTIBANKETF,15-APR-2021,31.99,32.1,31.25,31.97,7828,7308,114
UTINEXT50,15-APR-2021,36.2,37.0,35.0,35.93,17473,11000,243
UTINIFTETF,15-APR-2021,1540.0,1541.0,1498.95,1511.93,331,235,80
UTISENSETF,15-APR-2021,509.0,521.74,497.94,511.74,2763,1813,136
UTISXN50,15-APR-2021,41.98,41.98,39.52,39.7,769,630,70
UTTAMSUGAR,15-APR-2021,99.2,104.85,96.15,101.95,493558,98103,10082
V2RETAIL,15-APR-2021,115.0,117.15,110.5,110.85,64835,50659,626
VADILALIND,15-APR-2021,917.8,927.0,900.1,908.7,4825,1525,1214
VAIBHAVGBL,15-APR-2021,4550.0,4600.0,4277.0,4331.7,43915,24944,9946
VAKRANGEE,15-APR-2021,60.0,61.7,56.65,57.85,7049316,4068467,8972
VALIANTORG,15-APR-2021,1387.9,1470.0,1381.45,1420.4,29788,11577,3057
VARDHACRLC,15-APR-2021,34.95,35.8,34.4,35.15,53399,46701,158
VARDMNPOLY,15-APR-2021,16.5,17.25,16.1,16.55,16882,9827,231
VARROC,15-APR-2021,356.55,356.55,337.85,340.8,214144,159292,7449
VASCONEQ,15-APR-2021,17.2,17.2,16.3,16.9,150437,102974,587
VASWANI,15-APR-2021,9.5,10.45,9.0,9.8,36227,32039,117
VBL,15-APR-2021,1000.3,1016.1,986.6,997.6,218047,102616,13715
VEDL,15-APR-2021,221.55,226.4,218.6,225.35,9752896,2620880,48860
VENKEYS,15-APR-2021,1525.0,1571.0,1522.0,1543.55,32909,10164,3073
VENUSREM,15-APR-2021,281.0,299.35,279.1,286.55,84844,49287,1250
VERTOZ,15-APR-2021,265.0,271.45,257.05,260.9,150294,65836,2742
VESUVIUS,15-APR-2021,1006.65,1030.35,991.2,1009.7,5594,2132,796
VETO,15-APR-2021,131.55,143.0,126.8,139.95,70456,38999,1090
VGUARD,15-APR-2021,233.0,233.95,229.85,233.0,279344,109312,9329
VHL,15-APR-2021,1717.0,1722.05,1600.0,1624.05,1287,630,478
VIDHIING,15-APR-2021,193.7,193.7,181.2,186.9,212427,169586,2636
VIJIFIN,15-APR-2021,0.65,0.7,0.6,0.65,80798,66164,114
VIKASECO,15-APR-2021,2.05,2.05,1.95,2.05,944654,699340,586
VIKASMCORP,15-APR-2021,3.05,3.05,2.9,2.9,3157471,1637625,2718
VIKASPROP,15-APR-2021,2.45,2.5,2.35,2.4,671208,518217,363
VIKASWSP,15-APR-2021,5.4,5.8,5.35,5.45,164542,95308,289
VIMTALABS,15-APR-2021,202.2,206.9,196.0,204.8,124557,62829,2891
VINATIORGA,15-APR-2021,1606.0,1628.4,1562.25,1622.65,111687,39167,15030
VINDHYATEL,15-APR-2021,820.35,827.85,796.7,805.55,8007,4593,718
VINYLINDIA,15-APR-2021,117.45,117.45,113.1,114.95,74150,47548,976
VIPIND,15-APR-2021,322.25,349.4,311.0,328.9,561424,171866,20687
VISAKAIND,15-APR-2021,477.05,489.0,473.35,483.55,37416,20435,2014
VISASTEEL,15-APR-2021,6.65,6.75,6.35,6.35,31525,27630,100
VISHAL,15-APR-2021,52.5,53.95,50.35,50.55,102146,32668,723
VISHNU,15-APR-2021,280.05,290.0,280.05,287.05,14173,7686,444
VISHWARAJ,15-APR-2021,123.5,123.5,116.0,120.6,47134,20287,994
VIVIMEDLAB,15-APR-2021,16.95,17.3,16.45,17.0,295203,146759,1051
VLSFINANCE,15-APR-2021,80.35,83.7,79.75,80.85,20183,12383,420
VMART,15-APR-2021,2820.0,3084.0,2752.8,2926.25,55805,20773,8738
VOLTAMP,15-APR-2021,1063.05,1070.9,1030.8,1053.35,6140,3426,1193
VOLTAS,15-APR-2021,958.5,960.85,939.1,947.7,1724373,587768,52274
VRLLOG,15-APR-2021,241.4,241.4,225.5,232.4,158960,54392,7502
VSSL,15-APR-2021,146.15,157.5,146.15,155.75,176690,87750,2981
VSTIND,15-APR-2021,3305.0,3305.0,3252.0,3262.15,3852,2697,1026
VSTTILLERS,15-APR-2021,1824.5,1824.5,1774.05,1783.0,3877,2131,838
VTL,15-APR-2021,1189.95,1236.0,1160.0,1189.1,41200,24869,2925
WABAG,15-APR-2021,240.0,247.3,233.85,235.05,407878,173857,9131
WABCOINDIA,15-APR-2021,6088.4,6176.3,5950.0,6065.15,3928,2303,1049
WALCHANNAG,15-APR-2021,60.0,60.7,58.55,58.9,273638,37430,6077
WATERBASE,15-APR-2021,107.5,108.4,103.9,107.9,239796,92081,4956
WEALTH,15-APR-2021,134.3,134.3,126.3,129.7,49,7,10
WEBELSOLAR,15-APR-2021,43.85,44.6,42.05,43.2,1263321,1144922,925
WEIZMANIND,15-APR-2021,44.95,44.95,41.25,42.2,4298,2907,122
WELCORP,15-APR-2021,148.55,151.95,142.7,145.25,1388106,728382,16702
WELENT,15-APR-2021,106.8,107.6,99.05,101.95,205516,114000,4205
WELINV,15-APR-2021,406.05,476.2,399.05,416.5,24796,4248,1774
WELSPUNIND,15-APR-2021,78.5,79.5,75.55,77.65,1158909,539477,8706
WENDT,15-APR-2021,3128.75,3165.0,3111.0,3120.1,120,40,61
WESTLIFE,15-APR-2021,400.0,414.95,385.1,407.0,672196,581180,7856
WHEELS,15-APR-2021,435.0,443.7,430.65,434.4,5732,4060,523
WHIRLPOOL,15-APR-2021,2172.0,2188.0,2131.0,2136.9,64399,37417,10241
WILLAMAGOR,15-APR-2021,18.15,18.75,18.15,18.35,4196,3281,53
WINDMACHIN,15-APR-2021,28.35,29.7,27.05,28.5,154240,108625,422
WIPRO,15-APR-2021,418.9,434.45,415.0,430.7,26758891,8256473,220999
WOCKPHARMA,15-APR-2021,445.4,452.0,434.35,445.9,492433,76377,17409
WONDERLA,15-APR-2021,190.0,190.0,183.15,185.35,28512,12346,1337
WORTH,15-APR-2021,47.55,49.0,47.05,48.65,6588,3352,85
WSTCSTPAPR,15-APR-2021,212.0,214.5,203.3,206.4,108579,57524,2706
XCHANGING,15-APR-2021,64.9,65.1,63.0,63.8,25616,16733,560
XELPMOC,15-APR-2021,298.2,319.95,294.2,304.75,25656,12620,2978
YAARII,15-APR-2021,110.9,110.9,105.4,105.4,160229,140282,1137
YESBANK,15-APR-2021,14.7,14.7,14.4,14.55,58323051,25480184,65644
ZEEL,15-APR-2021,189.4,190.5,184.9,189.2,10404058,3244653,59592
ZEELEARN,15-APR-2021,10.1,10.15,9.85,10.0,247035,134936,664
ZEEMEDIA,15-APR-2021,6.05,6.2,6.0,6.05,717557,453277,1024
ZENITHEXPO,15-APR-2021,68.95,70.0,64.1,67.05,8357,2508,223
ZENSARTECH,15-APR-2021,272.05,276.0,266.35,269.0,101858,49730,3509
ZENTEC,15-APR-2021,80.0,80.0,75.4,76.55,70287,34766,1483
ZODIACLOTH,15-APR-2021,92.75,92.95,89.05,90.3,16684,9433,408
ZODJRDMKJ,15-APR-2021,24.45,25.7,24.1,25.25,1114,493,103
ZOTA,15-APR-2021,145.85,151.0,143.75,145.15,1159569,1158346,122
ZUARI,15-APR-2021,94.0,94.75,90.35,91.6,52454,22150,1060
ZYDUSWELL,15-APR-2021,2087.3,2112.2,2032.0,2081.45,33321,16545,3916
