20MICRONS,26-APR-2021,36.3,36.9,35.9,36.1,44347,29741,572
21STCENMGM,26-APR-2021,12.1,12.1,11.7,12.1,2698,2254,60
3IINFOTECH,26-APR-2021,7.1,7.15,7.05,7.15,7955888,5518754,2388
3MINDIA,26-APR-2021,26378.0,26900.0,25914.55,26181.15,2223,798,1355
3PLAND,26-APR-2021,9.9,10.2,9.5,9.95,7538,3578,114
5PAISA,26-APR-2021,374.9,374.9,352.35,355.9,71833,33357,2502
63MOONS,26-APR-2021,97.55,98.45,90.45,92.45,258458,132133,4492
A2ZINFRA,26-APR-2021,3.95,4.0,3.7,3.75,1739023,1303229,979
AARON,26-APR-2021,54.85,54.85,50.3,53.5,983,498,55
AARTIDRUGS,26-APR-2021,721.75,732.0,711.15,715.6,284682,85081,11631
AARTIIND,26-APR-2021,1476.8,1499.0,1465.15,1492.05,558789,155843,24525
AARTISURF,26-APR-2021,1420.05,1464.7,1415.6,1427.95,17720,9353,1822
AARVEEDEN,26-APR-2021,19.0,20.0,19.0,20.0,17980,16413,93
AARVI,26-APR-2021,51.45,51.45,48.0,48.45,22357,18199,320
AAVAS,26-APR-2021,2300.0,2300.0,2210.0,2235.9,47151,22906,6980
ABAN,26-APR-2021,29.6,29.65,28.7,29.0,56317,37507,709
ABB,26-APR-2021,1381.95,1402.95,1360.1,1369.1,189659,85247,19887
ABBOTINDIA,26-APR-2021,14999.95,15094.1,14950.0,15052.85,6842,4085,2071
ABCAPITAL,26-APR-2021,117.2,117.8,112.5,113.05,3284687,1763027,19661
ABFRL,26-APR-2021,173.95,177.3,172.1,173.6,1056454,575813,14331
ABMINTLTD,26-APR-2021,49.8,49.8,49.4,49.4,1596,1588,105
ABSLBANETF,26-APR-2021,319.0,323.52,319.0,321.26,103,51,23
ABSLNN50ET,26-APR-2021,346.85,350.0,346.85,350.0,45,39,6
ACC,26-APR-2021,1818.0,1851.95,1817.25,1844.75,833521,149490,34089
ACCELYA,26-APR-2021,851.0,862.0,849.45,858.35,1982,1651,240
ACCURACY,26-APR-2021,57.0,59.35,56.5,58.85,4369,2974,74
ACE,26-APR-2021,149.1,150.0,146.2,147.7,181497,116386,2480
ACRYSIL,26-APR-2021,328.7,336.8,309.15,314.0,105805,65135,3845
ADANIENT,26-APR-2021,1160.0,1197.9,1160.0,1173.35,6939823,1337136,127378
ADANIGREEN,26-APR-2021,1060.35,1062.95,1045.0,1049.25,226465,123971,14647
ADANIPORTS,26-APR-2021,733.0,739.65,728.9,730.75,9390549,838079,116457
ADANIPOWER,26-APR-2021,88.6,89.7,87.0,87.75,7052722,2844543,34175
ADANITRANS,26-APR-2021,1070.0,1078.95,1042.2,1055.2,520738,253328,17217
ADFFOODS,26-APR-2021,880.0,912.25,875.0,905.65,26437,12513,1723
ADHUNIKIND,26-APR-2021,21.9,22.5,21.5,21.8,22950,12849,234
ADORWELD,26-APR-2021,374.0,374.0,357.65,361.75,16461,9929,1256
ADSL,26-APR-2021,47.95,49.5,46.5,47.4,123882,65587,1108
ADVANIHOTR,26-APR-2021,52.8,52.8,49.1,52.15,8279,5729,188
ADVENZYMES,26-APR-2021,385.4,391.55,377.15,380.35,242697,120423,5809
AEGISCHEM,26-APR-2021,292.7,294.0,284.0,286.0,145883,66282,6836
AFFLE,26-APR-2021,5380.0,5731.95,5380.0,5630.05,154112,37046,27774
AGCNET,26-APR-2021,1672.0,1747.05,1672.0,1697.4,19182,15829,667
AGRITECH,26-APR-2021,34.65,36.0,33.9,34.15,15712,11332,238
AGROPHOS,26-APR-2021,11.9,11.9,11.25,11.5,94198,13056,558
AHLADA,26-APR-2021,90.05,104.75,90.05,100.85,11468,5560,258
AHLEAST,26-APR-2021,147.6,151.6,147.1,147.75,783,483,50
AHLUCONT,26-APR-2021,283.6,293.25,283.6,289.2,6306,2252,602
AHLWEST,26-APR-2021,205.0,214.0,198.0,205.95,5807,2415,964
AIAENG,26-APR-2021,1877.95,1929.9,1863.85,1900.4,15535,9014,2317
AIRAN,26-APR-2021,15.9,16.75,15.7,16.45,45485,20771,369
AJANTPHARM,26-APR-2021,1811.7,1824.85,1767.9,1802.5,163261,83789,13764
AJMERA,26-APR-2021,109.4,115.4,109.3,113.55,76619,29726,1885
AKASH,26-APR-2021,202.7,203.5,193.75,195.6,55164,52225,593
AKG,26-APR-2021,31.0,31.0,31.0,31.0,2017,2017,20
AKSHARCHEM,26-APR-2021,244.0,246.0,238.0,238.5,8315,4663,549
AKSHOPTFBR,26-APR-2021,6.3,6.3,6.05,6.1,117957,87093,279
AKZOINDIA,26-APR-2021,2219.65,2283.9,2194.95,2214.35,21663,3448,2978
ALANKIT,26-APR-2021,14.4,14.4,14.0,14.15,58478,46437,389
ALBERTDAVD,26-APR-2021,457.05,460.5,447.55,449.15,17459,9401,1456
ALEMBICLTD,26-APR-2021,110.25,114.45,106.9,112.25,1842015,533016,17145
ALICON,26-APR-2021,425.25,434.35,425.25,432.8,1586,1148,171
ALKALI,26-APR-2021,54.05,55.0,52.8,53.65,24974,18842,723
ALKEM,26-APR-2021,2779.4,2825.0,2747.85,2797.9,360047,260961,16794
ALKYLAMINE,26-APR-2021,6399.25,6999.95,6390.0,6779.95,228507,48661,35153
ALLCARGO,26-APR-2021,124.7,124.85,122.55,122.7,53778,23949,1398
ALLSEC,26-APR-2021,315.0,324.4,313.1,318.05,4634,2858,228
ALMONDZ,26-APR-2021,26.75,28.35,26.1,26.4,852,630,40
ALOKINDS,26-APR-2021,23.2,24.2,22.65,23.1,39184511,14801328,42180
ALPA,26-APR-2021,67.4,71.65,66.0,67.25,493264,209962,5003
ALPHAGEO,26-APR-2021,185.1,189.95,182.15,187.95,17778,14330,397
AMARAJABAT,26-APR-2021,802.0,811.9,799.6,801.3,714077,172880,21324
AMBER,26-APR-2021,3240.0,3299.4,3150.0,3171.45,94633,65597,17802
AMBIKCO,26-APR-2021,852.25,876.5,852.25,868.6,6191,4345,749
AMBUJACEM,26-APR-2021,297.0,304.5,295.25,303.35,5179998,1456373,47689
AMJLAND,26-APR-2021,23.95,25.7,23.25,23.25,14940,8894,454
AMRUTANJAN,26-APR-2021,637.8,647.25,630.0,634.6,36998,16352,3033
ANANTRAJ,26-APR-2021,49.45,50.8,49.0,49.1,226717,127160,1016
ANDHRACEMT,26-APR-2021,5.45,5.45,5.3,5.35,235972,189880,1624
ANDHRAPAP,26-APR-2021,213.1,217.15,211.0,211.5,9505,5715,288
ANDHRSUGAR,26-APR-2021,339.9,347.0,335.2,340.9,153893,47662,4808
ANGELBRKG,26-APR-2021,353.95,371.8,346.25,366.4,471212,87217,17120
ANIKINDS,26-APR-2021,14.2,14.4,13.65,13.7,14086,11474,132
ANKITMETAL,26-APR-2021,0.95,0.95,0.9,0.95,10552,8650,33
ANSALAPI,26-APR-2021,6.15,6.2,5.9,6.2,26827,24143,85
ANSALHSG,26-APR-2021,5.15,5.3,4.65,5.1,20792,15805,71
ANUP,26-APR-2021,575.2,597.7,575.2,593.5,40082,30781,1781
ANURAS,26-APR-2021,599.2,609.9,591.15,602.55,784396,456711,26551
APARINDS,26-APR-2021,460.0,543.9,456.0,543.9,1274347,245814,30309
APCL,26-APR-2021,205.6,211.5,205.6,210.2,17805,10711,650
APCOTEXIND,26-APR-2021,202.2,217.0,202.2,209.05,1066342,306483,30683
APEX,26-APR-2021,214.25,215.3,209.05,211.9,38107,20784,1249
APLAPOLLO,26-APR-2021,1289.0,1299.9,1253.05,1287.65,140733,78523,9799
APLLTD,26-APR-2021,1000.15,1008.45,993.3,1000.9,165796,65683,5052
APOLLO,26-APR-2021,90.7,92.1,89.4,89.85,62421,46050,1707
APOLLOHOSP,26-APR-2021,3230.35,3253.0,3152.0,3174.65,557667,173596,33769
APOLLOPIPE,26-APR-2021,1020.0,1126.95,1020.0,1097.35,214731,116192,13821
APOLLOTYRE,26-APR-2021,203.65,205.2,199.75,200.15,6648609,2493770,33940
APOLSINHOT,26-APR-2021,559.85,580.0,540.95,560.0,407,334,59
APTECHT,26-APR-2021,203.1,205.0,198.15,199.1,114553,49009,2727
ARCHIES,26-APR-2021,10.5,11.8,9.9,11.8,456773,213273,950
ARENTERP,26-APR-2021,11.4,11.95,11.4,11.4,251,247,11
ARIES,26-APR-2021,82.0,84.35,81.0,81.5,22945,15312,466
ARIHANT,26-APR-2021,18.2,18.95,18.2,18.4,1041,983,29
ARIHANTSUP,26-APR-2021,59.05,64.65,58.5,63.75,125148,54775,850
ARMANFIN,26-APR-2021,568.05,590.75,552.0,561.9,8210,4153,850
AROGRANITE,26-APR-2021,39.3,45.7,39.1,45.0,137762,63288,1126
ARSSINFRA,26-APR-2021,25.75,26.2,25.1,25.25,11568,8540,123
ARTEMISMED,26-APR-2021,199.9,199.9,188.1,189.75,13630,10735,198
ARVIND,26-APR-2021,60.4,62.0,60.15,60.6,960991,434219,5958
ARVINDFASN,26-APR-2021,124.15,127.0,123.5,124.0,188941,121902,2819
ARVSMART,26-APR-2021,95.95,97.0,95.15,96.05,26229,11092,409
ASAHIINDIA,26-APR-2021,295.0,324.8,290.0,298.1,71108,25316,2306
ASAHISONG,26-APR-2021,325.0,325.95,316.1,320.1,5721,2826,361
ASALCBR,26-APR-2021,406.9,414.8,406.05,409.7,40370,22534,1952
ASHAPURMIN,26-APR-2021,116.9,119.9,116.05,116.9,177354,54621,5856
ASHIANA,26-APR-2021,123.15,127.0,123.15,125.5,61352,49652,507
ASHIMASYN,26-APR-2021,16.05,16.25,15.5,15.7,26605,20600,123
ASHOKA,26-APR-2021,86.0,89.0,83.2,83.95,1269926,597426,11695
ASHOKLEY,26-APR-2021,112.4,114.75,111.85,114.1,18137936,5032756,54535
ASIANHOTNR,26-APR-2021,64.55,66.8,61.3,65.5,8953,3401,383
ASIANPAINT,26-APR-2021,2530.0,2575.0,2530.0,2557.9,1103980,335232,58557
ASIANTILES,26-APR-2021,160.4,161.35,158.0,159.5,150451,102599,2343
ASPINWALL,26-APR-2021,175.45,177.65,170.0,173.95,1544,1045,38
ASTEC,26-APR-2021,1111.0,1185.0,1095.4,1164.1,113310,41427,14236
ASTERDM,26-APR-2021,149.5,150.5,144.1,145.5,398253,210917,6545
ASTRAL,26-APR-2021,1705.0,1718.75,1665.0,1676.95,128966,47214,17047
ASTRAMICRO,26-APR-2021,113.9,117.2,113.8,116.0,248104,117998,4329
ASTRAZEN,26-APR-2021,4319.95,4493.7,4250.0,4313.55,341927,42591,32322
ASTRON,26-APR-2021,38.15,39.15,38.15,38.7,24271,15573,478
ATFL,26-APR-2021,834.7,855.5,834.7,845.55,6370,3215,854
ATGL,26-APR-2021,1151.1,1180.0,1140.0,1153.8,1322185,947658,23084
ATLANTA,26-APR-2021,6.9,7.1,6.9,6.95,6714,6686,44
ATUL,26-APR-2021,7849.0,8309.0,7849.0,8266.65,73606,37691,14575
ATULAUTO,26-APR-2021,166.2,168.9,166.0,166.55,24488,13760,880
AUBANK,26-APR-2021,1081.0,1096.0,1045.0,1051.5,2303376,842461,63324
AURIONPRO,26-APR-2021,169.0,173.5,166.5,168.35,57544,30038,1568
AUROPHARMA,26-APR-2021,999.0,999.95,966.75,971.2,1910017,449005,41141
AUSOMENT,26-APR-2021,58.95,60.0,58.05,59.05,30794,15724,563
AUTOAXLES,26-APR-2021,984.1,1001.95,975.2,985.75,26695,20388,2064
AUTOIND,26-APR-2021,35.25,36.4,34.45,35.95,12071,8109,158
AVADHSUGAR,26-APR-2021,232.0,236.0,226.15,228.45,251546,96076,4759
AVANTIFEED,26-APR-2021,520.0,524.0,490.0,494.1,401408,177950,13478
AVTNPL,26-APR-2021,44.25,47.0,44.2,46.35,380875,240597,2443
AWHCL,26-APR-2021,279.0,284.6,275.15,281.9,113796,36082,6633
AXISBANK,26-APR-2021,694.0,703.8,684.5,700.45,21646184,5949937,286480
AXISBNKETF,26-APR-2021,324.32,326.0,320.98,322.99,1778,1555,60
AXISCADES,26-APR-2021,68.8,69.0,64.55,65.75,316528,132286,3694
AXISGOLD,26-APR-2021,41.49,41.49,41.03,41.14,140363,98085,1839
AXISNIFTY,26-APR-2021,149.39,151.43,149.39,150.21,4704,3497,130
AXISTECETF,26-APR-2021,260.0,263.0,254.1,259.95,1521,1012,67
AYMSYNTEX,26-APR-2021,43.5,45.0,43.1,44.05,3863,2845,128
BAGFILMS,26-APR-2021,2.2,2.3,2.2,2.3,228302,184586,65
BAJAJ-AUTO,26-APR-2021,3682.2,3749.0,3676.0,3738.85,480016,155563,36835
BAJAJCON,26-APR-2021,289.75,294.0,286.0,287.95,715823,282173,20278
BAJAJELEC,26-APR-2021,1125.0,1137.2,1090.0,1102.3,117458,77035,13225
BAJAJFINSV,26-APR-2021,9992.0,10125.0,9902.2,10001.75,419596,77816,45113
BAJAJHIND,26-APR-2021,6.4,6.6,6.35,6.45,3199108,1239858,2993
BAJAJHLDNG,26-APR-2021,3420.0,3430.0,3394.05,3422.95,16429,10637,2519
BAJFINANCE,26-APR-2021,4690.0,4829.0,4690.0,4736.55,2903989,768523,175366
BALAJITELE,26-APR-2021,56.6,57.2,55.25,56.45,159879,60675,1730
BALAMINES,26-APR-2021,1970.7,2093.8,1964.0,2076.6,466149,97169,49232
BALAXI,26-APR-2021,600.0,600.0,580.7,587.3,3271,2291,155
BALKRISIND,26-APR-2021,1703.95,1730.8,1695.05,1705.55,345797,95200,19982
BALMLAWRIE,26-APR-2021,120.9,122.45,120.1,120.3,130367,65491,2424
BALPHARMA,26-APR-2021,109.9,113.85,108.5,113.85,288401,196857,2018
BALRAMCHIN,26-APR-2021,268.6,272.9,262.15,263.55,2401018,385640,30042
BANARBEADS,26-APR-2021,48.3,50.8,47.2,47.7,4158,3069,106
BANARISUG,26-APR-2021,1604.05,1630.0,1592.0,1612.8,1516,860,386
BANCOINDIA,26-APR-2021,142.35,156.0,142.3,152.0,569092,196559,10055
BANDHANBNK,26-APR-2021,318.0,318.15,310.55,313.15,4359029,939242,46820
BANG,26-APR-2021,27.85,27.9,26.6,27.25,3317,2110,93
BANKA,26-APR-2021,64.0,64.0,60.0,61.8,4469,2825,104
BANKBARODA,26-APR-2021,63.5,64.45,63.2,63.55,34891753,6855281,62953
BANKBEES,26-APR-2021,318.05,326.8,318.05,323.9,1136376,393329,14305
BANKINDIA,26-APR-2021,65.85,66.5,64.9,65.25,3484853,937011,12248
BANSWRAS,26-APR-2021,94.45,96.7,89.0,95.85,24309,13424,635
BARBEQUE,26-APR-2021,640.9,649.95,631.1,635.9,50993,24616,4666
BASF,26-APR-2021,1999.0,2010.0,1972.0,1977.5,16272,9351,2303
BASML,26-APR-2021,63.9,63.9,61.8,62.15,10048,2724,288
BATAINDIA,26-APR-2021,1315.0,1346.95,1303.05,1341.7,951088,217702,37553
BAYERCROP,26-APR-2021,5175.0,5372.0,5150.45,5336.45,27705,12159,5676
BBL,26-APR-2021,1153.05,1199.15,1139.25,1155.9,20603,9943,2864
BBTC,26-APR-2021,1152.55,1158.0,1125.05,1128.85,32552,16134,3233
BCG,26-APR-2021,7.7,7.75,7.55,7.65,2130601,1435694,1159
BCLIND,26-APR-2021,123.9,123.9,119.5,119.9,68420,46410,1205
BCP,26-APR-2021,3.2,3.25,3.15,3.2,584218,560885,200
BDL,26-APR-2021,327.75,327.75,324.55,325.4,59811,32223,2144
BEARDSELL,26-APR-2021,9.25,9.95,9.25,9.75,18716,4541,96
BECTORFOOD,26-APR-2021,366.75,370.8,362.0,363.6,124280,42237,4591
BEDMUTHA,26-APR-2021,25.5,25.9,23.0,25.25,17033,11652,104
BEL,26-APR-2021,128.0,129.7,127.7,129.35,5568309,1745774,26836
BEML,26-APR-2021,1134.0,1155.0,1130.0,1138.85,170566,39019,9565
BEPL,26-APR-2021,154.6,157.5,151.9,152.75,700379,337311,8838
BERGEPAINT,26-APR-2021,714.5,726.45,713.05,722.4,568488,93496,15089
BESTAGRO,26-APR-2021,411.55,473.0,409.75,452.35,187641,72134,3668
BFINVEST,26-APR-2021,272.0,278.85,270.05,271.6,3281,1507,278
BFUTILITIE,26-APR-2021,231.7,233.7,231.0,231.3,84114,29496,3033
BGRENERGY,26-APR-2021,43.5,52.05,43.2,52.05,3868512,789271,11967
BHAGERIA,26-APR-2021,155.0,157.7,153.55,155.9,28140,16032,658
BHAGYAPROP,26-APR-2021,28.2,29.5,28.2,29.25,26087,21464,174
BHARATFORG,26-APR-2021,584.8,588.5,568.5,576.55,2356930,1127472,38115
BHARATGEAR,26-APR-2021,73.0,74.65,72.15,73.9,9454,5192,231
BHARATRAS,26-APR-2021,9999.0,10098.0,9895.05,9937.0,2311,1388,1220
BHARTIARTL,26-APR-2021,522.75,528.5,522.75,527.55,5819893,2682701,70201
BHEL,26-APR-2021,45.8,46.55,45.55,46.15,28374188,4959730,46745
BIGBLOC,26-APR-2021,81.0,87.85,80.05,84.35,6689,3403,209
BIL,26-APR-2021,199.05,203.6,180.0,190.65,5282,3222,302
BINDALAGRO,26-APR-2021,17.3,17.35,16.65,16.8,45219,33790,373
BIOCON,26-APR-2021,401.2,401.2,395.0,395.5,2469336,1133391,28668
BIRLACABLE,26-APR-2021,58.25,59.0,57.8,58.0,27816,21130,830
BIRLACORPN,26-APR-2021,907.0,927.35,900.9,910.1,96925,43078,5922
BIRLAMONEY,26-APR-2021,41.25,41.7,40.6,40.8,102709,49276,1206
BIRLATYRE,26-APR-2021,22.5,24.4,22.25,23.85,846908,439164,3699
BKMINDST,26-APR-2021,0.85,0.9,0.85,0.9,7580,7580,18
BLISSGVS,26-APR-2021,103.0,109.75,102.5,106.55,1100675,548837,12950
BLS,26-APR-2021,87.8,88.5,85.55,86.35,138651,97482,3496
BLUEDART,26-APR-2021,5214.5,5250.0,4952.0,5119.7,24002,9944,3304
BLUESTARCO,26-APR-2021,840.0,848.65,827.0,836.1,44468,18930,3615
BODALCHEM,26-APR-2021,92.55,94.5,91.45,92.1,579711,180498,8210
BOMDYEING,26-APR-2021,66.25,68.7,66.25,68.1,1255869,436711,7640
BOROLTD,26-APR-2021,200.0,203.0,192.2,192.95,139272,73935,4640
BORORENEW,26-APR-2021,238.0,239.9,232.0,233.6,256542,167996,6820
BOSCHLTD,26-APR-2021,13610.0,13735.0,13471.55,13496.7,16995,3768,4564
BPCL,26-APR-2021,426.0,428.35,417.55,418.9,6444098,2408600,68579
BPL,26-APR-2021,31.15,31.15,31.15,31.15,70708,70708,263
BRFL,26-APR-2021,6.7,7.05,6.7,6.8,92988,64170,331
BRIGADE,26-APR-2021,235.95,245.4,235.5,240.2,130456,54913,6750
BRITANNIA,26-APR-2021,3661.1,3662.0,3531.0,3539.2,1031406,507276,72258
BRNL,26-APR-2021,27.85,27.9,26.15,27.0,31656,16920,619
BROOKS,26-APR-2021,83.0,83.0,83.0,83.0,11138,10961,86
BSE,26-APR-2021,600.1,606.9,595.1,600.1,175460,86735,4971
BSELINFRA,26-APR-2021,0.95,0.95,0.85,0.9,709,709,7
BSL,26-APR-2021,37.0,37.0,35.2,35.45,14827,8039,261
BSLGOLDETF,26-APR-2021,4379.95,4379.95,4302.0,4309.5,259,163,96
BSLNIFTY,26-APR-2021,155.65,165.0,155.65,159.87,332,233,34
BSOFT,26-APR-2021,257.8,261.5,253.0,254.8,696631,288816,16180
BURGERKING,26-APR-2021,130.3,132.0,129.65,130.1,671923,251371,7820
BUTTERFLY,26-APR-2021,620.0,624.4,601.0,602.05,51663,30357,2546
BYKE,26-APR-2021,17.7,18.85,17.7,18.6,23990,15869,201
CADILAHC,26-APR-2021,605.0,605.0,565.1,569.55,32282135,5093644,355558
CALSOFT,26-APR-2021,9.0,9.1,8.4,8.5,55812,27637,180
CAMLINFINE,26-APR-2021,139.9,140.25,137.2,137.9,141515,92981,2237
CAMS,26-APR-2021,2135.05,2228.95,2105.0,2164.4,187543,72267,24976
CANBK,26-APR-2021,132.1,135.8,131.75,135.25,18837895,2850458,59950
CANFINHOME,26-APR-2021,525.0,586.25,525.0,570.3,1404552,297104,30367
CANTABIL,26-APR-2021,373.0,373.0,366.15,369.55,116650,39450,2204
CAPACITE,26-APR-2021,184.0,187.0,182.1,183.45,54419,31780,1462
CAPLIPOINT,26-APR-2021,510.0,514.0,501.0,504.35,224679,94343,7151
CARBORUNIV,26-APR-2021,484.0,488.0,481.0,484.35,51605,25024,2588
CAREERP,26-APR-2021,120.8,126.7,120.55,123.0,32027,20898,784
CARERATING,26-APR-2021,475.8,483.6,460.85,474.2,137503,53962,6181
CASTROLIND,26-APR-2021,123.7,127.0,121.2,125.3,2082375,913616,16843
CCHHL,26-APR-2021,4.0,4.1,3.25,3.9,79945,44335,208
CCL,26-APR-2021,279.8,279.8,265.1,267.9,909018,386497,27725
CDSL,26-APR-2021,725.0,734.9,725.0,731.35,299287,140782,11231
CEATLTD,26-APR-2021,1440.0,1453.3,1385.0,1396.65,232093,112259,24839
CENTENKA,26-APR-2021,244.6,250.0,243.65,246.5,15321,8364,586
CENTEXT,26-APR-2021,4.7,5.25,4.7,5.15,287275,212987,475
CENTRALBK,26-APR-2021,16.25,16.35,16.05,16.15,3221679,1232716,4552
CENTRUM,26-APR-2021,22.65,23.25,22.5,23.0,4702262,1496293,5273
CENTUM,26-APR-2021,390.0,390.0,381.5,383.65,1970,1205,195
CENTURYPLY,26-APR-2021,328.15,335.0,320.0,324.45,129930,57491,7000
CENTURYTEX,26-APR-2021,464.9,472.3,461.5,470.15,424423,133633,12261
CERA,26-APR-2021,3922.75,3980.0,3922.1,3972.75,3124,1947,1134
CEREBRAINT,26-APR-2021,49.8,51.15,49.2,49.8,239576,113662,2014
CESC,26-APR-2021,602.5,620.0,594.15,616.6,498673,186305,14787
CGCL,26-APR-2021,398.4,398.5,393.0,393.35,132456,109405,1660
CGPOWER,26-APR-2021,68.1,69.1,67.2,67.7,1294213,912482,3943
CHALET,26-APR-2021,144.3,146.95,142.7,143.8,231360,120851,3846
CHAMBLFERT,26-APR-2021,213.7,220.5,210.9,219.75,573422,263334,9329
CHEMBOND,26-APR-2021,210.0,210.0,198.0,200.2,76127,44638,1920
CHEMCON,26-APR-2021,420.0,422.1,407.0,411.0,93726,39773,3629
CHEMFAB,26-APR-2021,135.35,135.35,130.05,132.95,2897,1788,163
CHENNPETRO,26-APR-2021,103.65,106.9,103.35,103.85,1080743,329134,13859
CHOLAFIN,26-APR-2021,558.95,569.0,550.95,552.35,3793015,1243022,57882
CHOLAHLDNG,26-APR-2021,565.15,579.0,560.1,564.7,36647,21336,2196
CIGNITITEC,26-APR-2021,404.8,411.5,397.0,398.15,43736,28103,1437
CINELINE,26-APR-2021,32.0,32.7,31.2,32.1,31832,20355,485
CINEVISTA,26-APR-2021,14.55,14.55,14.55,14.55,8592,8592,45
CIPLA,26-APR-2021,935.6,940.0,902.15,905.4,10255697,3451318,161321
CLEDUCATE,26-APR-2021,80.75,80.75,77.0,79.45,19977,14126,395
CLNINDIA,26-APR-2021,416.0,421.7,412.4,413.9,50537,31863,1930
COALINDIA,26-APR-2021,127.75,128.0,126.5,126.95,4967884,1755583,29393
COCHINSHIP,26-APR-2021,352.0,355.8,350.1,351.55,91062,43125,3143
COFORGE,26-APR-2021,2869.9,2900.95,2799.8,2808.1,381791,84182,26316
COLPAL,26-APR-2021,1524.0,1524.0,1502.0,1504.55,315394,179247,18568
COMPINFO,26-APR-2021,15.25,16.45,15.2,15.8,515319,160469,2881
COMPUSOFT,26-APR-2021,8.9,8.9,8.65,8.75,31389,29281,152
CONCOR,26-APR-2021,554.9,559.8,551.3,555.3,992700,277600,19981
CONFIPET,26-APR-2021,49.9,53.7,46.55,50.1,9796755,3118714,45656
CONSOFINVT,26-APR-2021,57.85,58.0,55.85,56.65,30180,28958,95
CONTROLPR,26-APR-2021,285.0,310.7,285.0,310.7,299831,140710,5595
CORALFINAC,26-APR-2021,21.9,23.9,21.45,23.45,28130,22944,237
CORDSCABLE,26-APR-2021,40.5,40.65,39.65,40.25,13996,11579,359
COROMANDEL,26-APR-2021,739.0,744.65,724.0,725.5,267099,178793,8977
COSMOFILMS,26-APR-2021,624.0,644.65,624.0,632.6,34450,19345,1638
CPSEETF,26-APR-2021,22.5,22.5,22.13,22.35,7786745,7655130,9118
CRAFTSMAN,26-APR-2021,1290.0,1316.0,1285.0,1300.5,86599,58749,5886
CREATIVE,26-APR-2021,102.0,102.0,99.5,99.85,10831,2097,99
CREATIVEYE,26-APR-2021,2.8,2.8,2.8,2.8,181,181,3
CREDITACC,26-APR-2021,586.0,596.0,583.5,584.45,429608,405285,3243
CREST,26-APR-2021,78.4,79.9,77.05,79.0,2347,1577,102
CRISIL,26-APR-2021,1891.0,1894.1,1864.0,1870.9,12554,4710,1935
CROMPTON,26-APR-2021,355.7,374.8,353.0,372.9,2022097,1335911,44700
CSBBANK,26-APR-2021,253.0,258.0,243.8,255.95,110409,39269,2471
CTE,26-APR-2021,26.05,27.35,26.05,27.3,20629,16020,95
CUB,26-APR-2021,166.75,167.7,163.2,164.95,3014688,978738,51945
CUBEXTUB,26-APR-2021,27.55,27.55,27.55,27.55,7075,7075,29
CUMMINSIND,26-APR-2021,850.65,882.0,850.5,876.75,1150871,257661,28947
CUPID,26-APR-2021,222.2,227.5,216.05,218.4,40731,22339,1496
CYBERTECH,26-APR-2021,125.1,130.45,125.05,126.7,144802,64667,2341
CYIENT,26-APR-2021,695.2,708.7,690.8,695.2,388797,280954,24036
DAAWAT,26-APR-2021,72.2,72.7,70.05,70.5,1633804,794946,7578
DABUR,26-APR-2021,560.9,562.6,539.55,541.3,3121274,1264781,56677
DALBHARAT,26-APR-2021,1435.0,1477.6,1434.9,1471.15,154949,136972,4744
DALMIASUG,26-APR-2021,236.9,237.75,226.1,227.25,141069,60613,3728
DAMODARIND,26-APR-2021,22.8,23.15,21.8,22.45,23710,17092,199
DANGEE,26-APR-2021,140.85,160.0,140.85,155.25,52681,40053,592
DATAMATICS,26-APR-2021,115.0,117.0,113.5,114.15,121621,57093,2740
DBCORP,26-APR-2021,77.0,77.6,76.0,76.25,350475,203309,6959
DBL,26-APR-2021,601.9,606.3,587.25,594.55,247928,32200,22677
DBSTOCKBRO,26-APR-2021,9.3,9.9,7.5,8.3,75364,53773,287
DCAL,26-APR-2021,148.4,155.0,143.0,148.0,1702408,808600,24908
DCBBANK,26-APR-2021,91.0,92.75,89.5,89.95,1577541,705913,15171
DCM,26-APR-2021,24.6,24.9,24.1,24.4,10553,7351,182
DCMSHRIRAM,26-APR-2021,670.0,686.0,662.0,668.15,406517,108429,22369
DCW,26-APR-2021,36.5,37.2,34.9,35.35,5658882,2326688,16251
DECCANCE,26-APR-2021,412.0,418.05,412.0,417.4,27862,18922,1228
DEEPAKFERT,26-APR-2021,239.95,241.6,236.0,237.8,311228,173485,6554
DEEPAKNTR,26-APR-2021,1648.4,1654.6,1607.0,1637.5,1464576,808231,40659
DEEPENR,26-APR-2021,41.4,47.45,40.5,42.9,1033743,319753,7069
DELTACORP,26-APR-2021,157.7,163.95,156.2,162.0,3913398,919063,34578
DELTAMAGNT,26-APR-2021,27.0,28.15,27.0,27.6,1927,1186,94
DEN,26-APR-2021,43.85,44.45,43.5,43.9,1731163,1134588,18803
DENORA,26-APR-2021,244.0,256.0,244.0,249.75,3311,1869,194
DFMFOODS,26-APR-2021,348.15,352.95,334.05,336.85,68528,44901,2840
DGCONTENT,26-APR-2021,7.7,8.2,7.7,7.9,7792,6452,61
DHAMPURSUG,26-APR-2021,213.7,215.5,205.1,206.05,1215971,410575,13685
DHANBANK,26-APR-2021,14.1,14.45,14.1,14.15,296735,175336,785
DHANI,26-APR-2021,189.0,193.4,184.4,185.4,821022,375785,10042
DHANUKA,26-APR-2021,780.95,790.0,770.05,777.45,89997,33641,8076
DHARSUGAR,26-APR-2021,5.95,6.25,5.95,6.15,11003,7767,110
DHFL,26-APR-2021,13.55,14.0,13.5,14.0,1045550,769265,1912
DHUNINV,26-APR-2021,270.0,290.0,264.3,285.35,4667,3364,430
DIAMONDYD,26-APR-2021,552.05,555.05,550.0,553.45,2443,1894,236
DICIND,26-APR-2021,396.9,396.9,386.4,388.8,3780,2480,149
DISHTV,26-APR-2021,9.45,9.7,9.35,9.4,2482670,1318545,6577
DIVISLAB,26-APR-2021,3782.0,3842.5,3770.45,3784.35,568028,225737,52231
DIXON,26-APR-2021,3890.0,3965.0,3840.1,3895.2,243171,97317,33309
DLF,26-APR-2021,243.05,248.2,242.65,246.8,5940387,807693,41081
DLINKINDIA,26-APR-2021,99.75,100.7,99.1,99.35,60472,28979,1415
DMART,26-APR-2021,2729.9,2819.4,2719.15,2808.25,476865,163095,39328
DNAMEDIA,26-APR-2021,0.75,0.8,0.7,0.8,190084,179227,129
DOLAT,26-APR-2021,65.0,65.4,63.0,63.5,86592,49831,1502
DOLLAR,26-APR-2021,239.5,243.75,237.35,239.0,21817,10887,721
DONEAR,26-APR-2021,28.0,29.5,28.0,28.65,33127,22376,306
DPABHUSHAN,26-APR-2021,113.95,113.95,111.9,112.0,975,811,42
DPSCLTD,26-APR-2021,12.7,13.05,12.4,12.65,15188,8023,149
DPWIRES,26-APR-2021,103.8,107.1,103.0,106.7,5222,3522,185
DREDGECORP,26-APR-2021,348.1,354.8,344.0,346.45,41540,11713,1538
DRREDDY,26-APR-2021,5125.0,5130.0,5030.25,5066.7,950577,217218,70675
DSSL,26-APR-2021,74.75,75.8,72.1,74.6,43574,23004,886
DTIL,26-APR-2021,252.1,256.0,252.1,254.1,3511,2664,197
DUCON,26-APR-2021,7.6,8.1,7.0,7.7,424027,298318,607
DVL,26-APR-2021,91.35,95.95,91.35,93.2,53303,33354,819
DWARKESH,26-APR-2021,37.05,38.15,35.7,36.05,2762245,1202520,8581
DYNAMATECH,26-APR-2021,985.4,1010.0,977.95,994.9,44087,36738,1065
DYNPRO,26-APR-2021,496.0,507.0,469.0,476.95,128049,65892,8640
EASEMYTRIP,26-APR-2021,179.9,189.3,179.0,185.4,1741872,717093,16761
EBBETF0423,26-APR-2021,1120.5,1121.75,1119.6,1121.69,16045,13203,56
EBBETF0425,26-APR-2021,1032.98,1033.2,1032.07,1032.08,2002,1626,34
EBBETF0430,26-APR-2021,1145.0,1148.49,1145.0,1147.84,2781,2717,62
EBBETF0431,26-APR-2021,1029.5,1030.5,1027.0,1029.41,11240,10867,128
EBIXFOREX,26-APR-2021,441.3,445.15,432.0,440.15,1000,621,155
ECLERX,26-APR-2021,1195.0,1213.35,1162.9,1171.25,36465,15455,4609
EDELWEISS,26-APR-2021,62.95,63.0,61.95,62.2,843488,530632,3924
EICHERMOT,26-APR-2021,2329.5,2376.15,2329.5,2369.85,1330072,717589,40310
EIDPARRY,26-APR-2021,335.0,339.0,321.2,322.95,206852,85515,5623
EIHAHOTELS,26-APR-2021,224.3,237.4,224.2,234.05,11854,7580,607
EIHOTEL,26-APR-2021,87.0,88.85,85.2,88.5,628457,290265,8834
EIMCOELECO,26-APR-2021,339.25,343.85,331.75,333.5,914,445,222
EKC,26-APR-2021,143.9,147.25,140.1,147.25,5486897,2196381,32806
ELECON,26-APR-2021,85.95,87.45,80.25,82.05,695799,418171,9341
ELECTCAST,26-APR-2021,30.95,32.0,30.9,31.8,647790,364768,2122
ELECTHERM,26-APR-2021,109.5,109.95,104.1,105.85,21673,15044,431
ELGIEQUIP,26-APR-2021,228.0,232.6,215.45,221.95,337595,157836,8537
ELGIRUBCO,26-APR-2021,26.5,27.25,26.4,26.95,18866,13523,173
EMAMILTD,26-APR-2021,505.1,509.9,490.0,497.05,379249,281093,11068
EMAMIPAP,26-APR-2021,122.55,126.0,115.7,118.25,52951,25987,1082
EMAMIREAL,26-APR-2021,47.5,47.5,44.25,45.35,25327,17448,390
EMKAY,26-APR-2021,64.15,66.45,61.75,62.95,61325,42549,1073
EMMBI,26-APR-2021,79.85,82.45,79.55,80.7,16023,9174,499
ENDURANCE,26-APR-2021,1284.35,1292.35,1270.1,1278.6,115791,86670,7670
ENGINERSIN,26-APR-2021,71.3,72.0,71.3,71.55,661006,324860,4437
ENIL,26-APR-2021,145.65,147.95,144.25,144.5,17428,14126,300
EPL,26-APR-2021,221.0,223.2,216.0,217.2,148180,81643,6289
EQ30,26-APR-2021,418.04,418.04,416.1,416.1,81,81,6
EQUITAS,26-APR-2021,77.5,79.0,77.1,78.0,590277,266099,7763
EQUITASBNK,26-APR-2021,51.1,54.45,51.1,51.8,581962,195094,3439
ERIS,26-APR-2021,612.6,614.5,596.2,601.6,36857,14304,3177
EROSMEDIA,26-APR-2021,22.55,22.55,21.4,21.6,261422,189980,1609
ESABINDIA,26-APR-2021,1834.25,1850.65,1804.25,1831.65,6281,2903,720
ESCORTS,26-APR-2021,1141.7,1149.5,1124.5,1128.95,1862525,451067,66103
ESSARSHPNG,26-APR-2021,8.25,8.25,7.6,7.9,54488,28117,265
ESTER,26-APR-2021,123.6,123.6,119.3,119.5,157987,76211,3456
EVEREADY,26-APR-2021,297.0,299.0,289.0,291.4,266546,118074,7077
EVERESTIND,26-APR-2021,302.0,332.3,302.0,313.1,240994,70279,7803
EXCEL,26-APR-2021,2.0,2.0,2.0,2.0,34593,34593,108
EXCELINDUS,26-APR-2021,811.2,823.15,806.05,811.55,10288,6557,1475
EXIDEIND,26-APR-2021,172.0,173.15,171.4,171.55,1618676,584171,18322
EXPLEOSOL,26-APR-2021,529.9,545.0,513.15,525.3,39531,21724,2939
FACT,26-APR-2021,107.5,108.0,105.2,105.85,157071,74649,2718
FAIRCHEMOR,26-APR-2021,765.0,788.0,755.75,764.45,29049,17931,734
FCL,26-APR-2021,69.0,69.4,66.15,68.0,271589,163647,2422
FCONSUMER,26-APR-2021,6.9,7.45,6.85,7.25,15736804,3930935,6559
FDC,26-APR-2021,309.0,314.55,302.0,307.15,233525,92196,5388
FEDERALBNK,26-APR-2021,72.75,75.25,72.75,73.95,26114856,4961568,57358
FEL,26-APR-2021,9.2,9.6,9.1,9.6,1082925,690685,1246
FELDVR,26-APR-2021,10.95,11.3,10.3,11.3,53565,32946,285
FIEMIND,26-APR-2021,566.0,575.0,560.0,569.75,24318,18554,1031
FILATEX,26-APR-2021,74.0,75.8,71.45,72.05,1519260,840861,11272
FINCABLES,26-APR-2021,358.35,366.0,358.3,359.7,75247,43696,4187
FINEORG,26-APR-2021,2572.0,2586.0,2486.05,2502.25,534111,309536,6552
FINPIPE,26-APR-2021,147.0,147.95,144.0,144.6,423130,263470,15654
FLFL,26-APR-2021,57.1,59.75,57.1,59.75,138004,118081,835
FLUOROCHEM,26-APR-2021,725.0,737.4,708.4,713.0,60678,29639,2891
FMGOETZE,26-APR-2021,260.0,278.9,256.55,272.55,2282249,1284805,21643
FMNL,26-APR-2021,14.35,15.25,14.3,15.25,50622,36183,245
FORCEMOT,26-APR-2021,1074.0,1093.35,1060.0,1064.5,17016,7359,2333
FORTIS,26-APR-2021,209.1,210.0,204.5,204.9,2379968,928518,36041
FOSECOIND,26-APR-2021,1249.0,1265.05,1219.95,1225.35,2550,1760,349
FRETAIL,26-APR-2021,49.55,51.45,49.4,51.45,2455534,1720857,17959
FSC,26-APR-2021,75.0,77.6,74.2,77.6,38391,28861,675
FSL,26-APR-2021,110.85,117.0,110.35,113.95,4012031,857063,28361
G5,26-APR-2021,48.01,48.32,48.01,48.16,43773,41614,42
GABRIEL,26-APR-2021,105.2,107.6,103.6,104.65,161816,82678,3589
GAEL,26-APR-2021,129.7,134.5,129.7,132.15,227794,92871,3409
GAIL,26-APR-2021,130.7,132.0,129.75,130.0,6020366,1797932,25764
GAL,26-APR-2021,2.45,2.45,2.25,2.3,33126,32158,109
GALAXYSURF,26-APR-2021,2630.0,2673.35,2630.0,2660.4,13959,7031,2218
GALLANTT,26-APR-2021,51.4,58.7,51.35,54.45,317663,141051,3119
GALLISPAT,26-APR-2021,39.6,42.1,39.45,41.1,70198,34590,1080
GAMMNINFRA,26-APR-2021,0.7,0.75,0.65,0.7,5093924,1872586,1537
GANDHITUBE,26-APR-2021,266.55,275.2,266.55,273.25,5704,3940,265
GANECOS,26-APR-2021,544.7,556.9,522.8,550.8,15426,8298,645
GANESHHOUC,26-APR-2021,64.25,70.85,64.2,68.65,91767,41386,1106
GANGESSECU,26-APR-2021,58.1,63.9,58.1,61.25,5861,5069,116
GARFIBRES,26-APR-2021,2559.6,2565.45,2500.0,2516.65,32375,25545,3316
GATI,26-APR-2021,96.55,98.7,95.7,96.35,402124,160157,5147
GAYAPROJ,26-APR-2021,28.0,28.5,27.35,27.75,455876,244429,2222
GBGLOBAL,26-APR-2021,7.05,7.1,6.65,7.05,2540,1700,21
GDL,26-APR-2021,173.9,173.9,170.1,172.1,39043,23417,1659
GEECEE,26-APR-2021,102.6,105.9,101.05,102.05,3143,1464,263
GEEKAYWIRE,26-APR-2021,78.05,79.05,70.7,72.85,3097,1859,95
GENCON,26-APR-2021,45.9,45.9,42.1,42.95,4050,4001,26
GENUSPAPER,26-APR-2021,7.9,7.9,7.35,7.45,195931,136961,323
GENUSPOWER,26-APR-2021,47.6,47.8,46.75,46.95,100758,69033,1343
GEOJITFSL,26-APR-2021,48.3,48.65,47.45,47.85,120680,84371,2600
GEPIL,26-APR-2021,257.3,260.55,253.1,254.1,22550,13698,1242
GESHIP,26-APR-2021,299.0,310.95,282.4,307.55,418472,211104,11878
GET&D,26-APR-2021,114.5,114.5,112.0,112.9,33622,20831,858
GFLLIMITED,26-APR-2021,70.2,71.4,69.25,69.7,128958,88289,1262
GFSTEELS,26-APR-2021,1.95,1.95,1.95,1.95,40,40,1
GHCL,26-APR-2021,233.95,242.9,230.6,238.9,357773,134269,7192
GICHSGFIN,26-APR-2021,113.8,115.7,112.45,114.05,321121,103744,5420
GICRE,26-APR-2021,202.25,206.4,198.5,202.0,184387,64547,3153
GILLANDERS,26-APR-2021,38.0,39.2,37.4,38.2,3065,2679,44
GILLETTE,26-APR-2021,5495.0,5495.0,5407.1,5410.8,3885,2342,1154
GINNIFILA,26-APR-2021,19.3,19.9,19.2,19.35,217557,23598,1194
GIPCL,26-APR-2021,74.0,74.65,73.5,73.9,147387,93419,1524
GKWLIMITED,26-APR-2021,547.0,547.7,510.15,513.9,335,125,132
GLAND,26-APR-2021,2674.0,2699.0,2645.0,2651.3,202832,108030,18858
GLAXO,26-APR-2021,1452.0,1462.0,1433.05,1451.15,20536,11145,3166
GLENMARK,26-APR-2021,563.9,569.95,550.3,552.15,3783242,602394,72514
GLFL,26-APR-2021,2.3,2.3,2.2,2.2,5599,5599,11
GLOBAL,26-APR-2021,39.0,39.5,37.8,39.4,3736,2741,104
GLOBUSSPR,26-APR-2021,318.0,319.0,309.75,312.95,34754,16422,1444
GMBREW,26-APR-2021,394.35,395.75,390.0,392.45,12002,6948,620
GMDCLTD,26-APR-2021,54.8,56.4,54.25,55.55,972871,297490,6074
GMMPFAUDLR,26-APR-2021,4131.0,4154.1,4090.85,4102.55,18546,9110,3816
GMRINFRA,26-APR-2021,22.9,23.1,22.75,22.9,10366571,2695413,27760
GNA,26-APR-2021,394.0,396.15,385.05,389.55,306692,99856,11429
GNFC,26-APR-2021,312.3,312.5,307.45,310.2,444501,128375,7970
GOACARBON,26-APR-2021,304.35,315.65,304.35,315.65,45076,28449,1098
GOCLCORP,26-APR-2021,204.5,204.6,198.5,200.05,8942,4370,536
GODFRYPHLP,26-APR-2021,869.3,870.0,861.7,864.4,13720,7353,1579
GODHA,26-APR-2021,44.2,44.2,40.8,42.2,542,470,20
GODREJAGRO,26-APR-2021,504.4,504.4,487.5,490.25,93635,50243,6537
GODREJCP,26-APR-2021,700.0,704.9,694.2,695.4,890730,580141,21641
GODREJIND,26-APR-2021,513.0,517.9,508.05,509.05,48149,20740,2408
GODREJPROP,26-APR-2021,1316.2,1375.85,1316.2,1366.25,1086164,216059,37924
GOKEX,26-APR-2021,80.85,82.45,80.25,82.05,77252,54762,1208
GOKUL,26-APR-2021,19.4,19.4,18.3,18.55,21256,15178,170
GOKULAGRO,26-APR-2021,21.85,22.05,20.2,20.85,88159,52482,669
GOLDBEES,26-APR-2021,41.42,41.44,41.12,41.23,5277427,4254780,20510
GOLDENTOBC,26-APR-2021,42.2,43.9,39.5,41.35,13297,6752,247
GOLDIAM,26-APR-2021,344.0,355.0,339.35,350.5,74292,47095,2157
GOLDSHARE,26-APR-2021,42.75,42.75,42.05,42.15,166598,120396,1086
GOODLUCK,26-APR-2021,77.05,88.15,76.1,83.5,2211599,600245,21122
GOODYEAR,26-APR-2021,888.0,894.2,876.6,884.3,4474,2313,563
GPIL,26-APR-2021,811.0,830.0,810.05,812.1,63848,39827,2970
GPPL,26-APR-2021,95.2,95.7,92.8,93.15,220589,131551,4900
GPTINFRA,26-APR-2021,38.45,38.45,35.3,36.35,31033,5274,373
GRANULES,26-APR-2021,331.0,334.6,324.1,325.6,1670217,475441,20855
GRAPHITE,26-APR-2021,660.0,688.7,658.0,675.3,3350415,985104,90137
GRASIM,26-APR-2021,1285.0,1321.0,1285.0,1312.35,1233546,383238,36437
GRAVITA,26-APR-2021,94.0,97.0,93.5,95.65,112034,72524,1546
GREAVESCOT,26-APR-2021,130.0,135.7,127.55,131.85,2640007,772031,30233
GREENLAM,26-APR-2021,991.0,1030.0,989.0,991.25,5677,4391,570
GREENPANEL,26-APR-2021,213.5,215.65,202.1,209.05,285548,177820,3902
GREENPLY,26-APR-2021,204.7,213.7,203.0,210.85,1242226,538905,22609
GRINDWELL,26-APR-2021,885.5,924.0,863.6,917.55,126756,16740,7900
GROBTEA,26-APR-2021,795.3,813.95,780.95,803.05,1389,156,665
GRPLTD,26-APR-2021,801.85,819.0,800.0,806.3,2331,777,450
GRSE,26-APR-2021,177.2,181.75,177.2,177.5,31483,16085,763
GSCLCEMENT,26-APR-2021,33.05,34.2,33.05,33.9,100074,58957,905
GSFC,26-APR-2021,94.5,94.8,91.8,92.05,1048186,572954,8158
GSPL,26-APR-2021,252.5,258.8,251.4,255.7,404676,200836,12428
GSS,26-APR-2021,63.2,64.6,61.8,62.05,78286,39668,1123
GTL,26-APR-2021,5.8,5.8,5.55,5.6,116257,67156,428
GTLINFRA,26-APR-2021,0.65,0.7,0.65,0.65,5861673,4365192,2090
GTNTEX,26-APR-2021,5.5,5.5,5.5,5.5,901,901,3
GTPL,26-APR-2021,129.0,133.45,128.95,129.45,114410,78259,3005
GUFICBIO,26-APR-2021,136.0,143.9,128.7,137.7,1825158,594059,33914
GUJALKALI,26-APR-2021,415.85,429.85,413.2,422.25,807053,192180,16427
GUJAPOLLO,26-APR-2021,211.15,217.25,211.15,213.2,4413,3377,180
GUJGASLTD,26-APR-2021,552.55,565.0,543.5,545.75,1673259,329655,38336
GULFOILLUB,26-APR-2021,700.95,707.95,691.95,696.2,29960,22299,1767
GULFPETRO,26-APR-2021,45.9,47.5,40.45,41.65,873722,383086,6125
GULPOLY,26-APR-2021,140.5,151.0,130.15,145.65,800030,323908,14098
HAL,26-APR-2021,956.85,965.0,951.0,954.3,68522,30261,5829
HAPPSTMNDS,26-APR-2021,651.9,656.9,641.25,644.15,805186,255867,23331
HARRMALAYA,26-APR-2021,151.8,154.0,146.1,149.2,370074,72878,7856
HATHWAY,26-APR-2021,21.65,22.45,21.65,22.05,17152097,11499902,19719
HATSUN,26-APR-2021,760.0,812.7,755.5,785.2,442059,70794,15753
HAVELLS,26-APR-2021,1013.8,1013.8,990.05,1000.1,1526982,723771,39020
HBANKETF,26-APR-2021,321.59,326.0,320.84,323.05,5264,2677,170
HBLPOWER,26-APR-2021,32.0,32.5,31.1,31.6,293611,176594,2702
HCC,26-APR-2021,7.4,7.55,7.3,7.4,1379415,1010419,1294
HCG,26-APR-2021,190.0,190.05,183.0,184.0,62273,41633,3221
HCL-INSYS,26-APR-2021,8.7,8.7,8.5,8.6,325801,224203,1168
HCLTECH,26-APR-2021,940.0,954.5,923.05,928.8,19619972,9218485,311431
HDFC,26-APR-2021,2500.0,2534.1,2483.2,2509.8,3916088,2440395,121028
HDFCAMC,26-APR-2021,2858.0,2858.0,2813.0,2832.4,124493,53394,16182
HDFCBANK,26-APR-2021,1413.0,1429.0,1402.75,1404.8,15085476,9791881,291268
HDFCLIFE,26-APR-2021,693.0,708.15,687.2,704.45,3274660,1180138,62777
HDFCMFGETF,26-APR-2021,42.74,42.74,42.1,42.29,490934,257810,1575
HDFCNIFETF,26-APR-2021,166.1,166.1,152.43,153.52,18958,10613,279
HDFCSENETF,26-APR-2021,501.51,522.99,501.51,516.53,7112,6233,193
HEG,26-APR-2021,2055.0,2180.0,2052.3,2094.4,1081746,180370,79551
HEIDELBERG,26-APR-2021,230.25,235.8,230.1,233.3,102123,40312,2847
HERANBA,26-APR-2021,668.0,682.0,661.95,669.65,306250,95698,12369
HERCULES,26-APR-2021,114.2,116.55,114.2,115.3,15298,10107,356
HERITGFOOD,26-APR-2021,340.1,352.25,335.6,340.9,417939,202040,12739
HEROMOTOCO,26-APR-2021,2860.05,2878.4,2830.0,2864.55,831133,406724,46378
HESTERBIO,26-APR-2021,2144.2,2199.0,2111.0,2133.7,7712,3855,1331
HFCL,26-APR-2021,27.85,28.25,26.65,26.85,6940825,3497123,12202
HGINFRA,26-APR-2021,271.05,272.35,265.15,268.55,53309,26469,1659
HGS,26-APR-2021,1585.0,1640.0,1585.0,1614.25,44719,28191,3847
HIKAL,26-APR-2021,213.9,221.4,211.7,218.15,3415492,967105,43007
HIL,26-APR-2021,3335.0,3475.0,3260.85,3426.5,11831,6877,2870
HILTON,26-APR-2021,11.5,12.0,11.5,11.7,5420,3902,114
HIMATSEIDE,26-APR-2021,140.0,141.4,138.6,139.0,40561,23686,630
HINDALCO,26-APR-2021,353.0,358.25,345.5,348.35,16472269,7186409,113431
HINDCOMPOS,26-APR-2021,251.9,252.0,234.0,246.45,10820,5242,523
HINDCOPPER,26-APR-2021,141.4,142.85,137.5,138.5,3877317,1566613,23993
HINDOILEXP,26-APR-2021,100.4,101.0,98.1,99.05,265386,115722,4359
HINDPETRO,26-APR-2021,234.15,234.8,230.5,232.5,6247178,3315363,60107
HINDUNILVR,26-APR-2021,2324.0,2369.8,2311.0,2360.65,1946867,1289103,85684
HINDZINC,26-APR-2021,304.7,311.0,300.35,304.15,3199929,905722,43338
HIRECT,26-APR-2021,121.2,123.65,121.15,122.45,9957,7671,317
HISARMETAL,26-APR-2021,106.0,120.7,106.0,116.95,92014,28394,1846
HITECH,26-APR-2021,370.95,384.4,370.85,378.55,75475,30170,1001
HITECHCORP,26-APR-2021,136.9,139.05,133.3,135.65,6099,3278,481
HITECHGEAR,26-APR-2021,165.15,165.5,157.35,158.75,7145,3114,258
HLEGLAS,26-APR-2021,2242.0,2299.0,2165.75,2231.35,6935,4969,889
HLVLTD,26-APR-2021,5.6,5.85,5.6,5.75,73206,49983,236
HMVL,26-APR-2021,58.1,59.75,57.5,58.3,20491,10577,575
HNDFDS,26-APR-2021,2066.0,2121.2,2004.1,2121.2,10164,7669,1441
HNGSNGBEES,26-APR-2021,377.99,377.99,355.04,367.67,2722,1643,164
HOMEFIRST,26-APR-2021,473.9,478.0,464.05,465.3,58831,19678,3948
HONAUT,26-APR-2021,43599.9,44155.0,43398.5,43912.95,2202,1162,1649
HONDAPOWER,26-APR-2021,940.0,954.7,915.0,949.75,14444,8681,1259
HSCL,26-APR-2021,44.85,45.85,44.2,45.0,5174281,1987153,14561
HSIL,26-APR-2021,155.1,155.5,151.3,152.1,95920,49284,2498
HTMEDIA,26-APR-2021,20.0,20.85,20.0,20.3,50754,30942,945
HUDCO,26-APR-2021,42.45,42.55,41.85,42.05,989151,521046,2903
HUHTAMAKI,26-APR-2021,279.0,279.0,269.55,276.1,74598,30657,1838
IBMFNIFTY,26-APR-2021,146.62,151.84,146.62,148.47,577,251,49
IBREALEST,26-APR-2021,82.0,84.4,81.15,82.05,12385844,3330526,46663
IBULHSGFIN,26-APR-2021,179.6,181.4,174.1,179.25,10635194,1581564,70699
ICEMAKE,26-APR-2021,74.35,77.45,73.1,74.95,69440,21938,823
ICICI500,26-APR-2021,209.8,209.8,199.0,200.39,565,476,182
ICICIALPLV,26-APR-2021,145.85,145.85,142.5,143.16,2085,1380,168
ICICIB22,26-APR-2021,34.89,35.03,34.6,34.9,217321,160075,2549
ICICIBANK,26-APR-2021,602.0,605.5,588.0,591.1,62584522,16913351,546696
ICICIBANKN,26-APR-2021,320.0,323.57,311.25,320.3,16050,12157,355
ICICIBANKP,26-APR-2021,168.0,171.35,167.08,169.94,31003,8855,213
ICICIGI,26-APR-2021,1411.2,1462.15,1390.05,1451.6,1698950,907019,54022
ICICIGOLD,26-APR-2021,45.1,45.1,42.1,42.17,915080,808309,1795
ICICILIQ,26-APR-2021,1000.0,1000.0,999.5,999.99,4886,3500,23
ICICILOVOL,26-APR-2021,114.12,118.6,114.12,117.58,271799,264990,842
ICICIM150,26-APR-2021,90.97,91.39,89.57,90.45,8191,5152,432
ICICIMCAP,26-APR-2021,86.55,86.55,81.51,84.18,5393,2879,213
ICICINF100,26-APR-2021,158.99,158.99,155.04,157.64,5388,2561,312
ICICINIFTY,26-APR-2021,166.6,166.6,151.0,154.19,102828,42305,6519
ICICINV20,26-APR-2021,78.0,79.0,76.1,76.89,10159,6498,927
ICICINXT50,26-APR-2021,40.0,40.0,34.21,35.08,19917,10719,503
ICICIPRULI,26-APR-2021,517.1,547.0,506.25,543.9,10662743,2791068,142368
ICICISENSX,26-APR-2021,511.03,525.9,511.03,521.79,1894,1066,102
ICICITECH,26-APR-2021,257.0,259.98,254.15,257.02,968737,945441,995
ICIL,26-APR-2021,126.7,129.55,125.65,127.3,79489,36449,1962
ICRA,26-APR-2021,3218.0,3218.0,3155.0,3165.25,1628,777,487
IDBI,26-APR-2021,34.15,34.7,34.0,34.1,5604577,2139609,10824
IDBIGOLD,26-APR-2021,4388.85,4388.85,4280.0,4318.45,318,169,72
IDEA,26-APR-2021,8.55,8.6,8.45,8.45,55862755,27164393,71843
IDFC,26-APR-2021,46.55,47.9,46.15,47.1,2899036,1507338,14194
IDFCFIRSTB,26-APR-2021,51.9,52.75,51.6,52.25,36590967,9642919,61492
IDFNIFTYET,26-APR-2021,154.7,154.7,150.4,151.65,649,502,22
IEX,26-APR-2021,361.7,379.8,359.8,376.0,3693988,1080297,65403
IFBAGRO,26-APR-2021,408.05,408.05,396.0,397.9,4054,2196,322
IFBIND,26-APR-2021,975.05,1001.9,965.1,972.5,84082,49705,6889
IFCI,26-APR-2021,11.0,11.35,10.8,11.05,4641656,1747345,4986
IFGLEXPOR,26-APR-2021,364.95,372.3,354.2,358.75,36921,18773,2132
IGARASHI,26-APR-2021,329.9,347.7,326.9,334.75,326088,112759,12939
IGL,26-APR-2021,512.0,516.0,506.5,508.8,467414,132636,9697
IGPL,26-APR-2021,461.0,485.15,460.0,474.3,126947,54249,6850
IIFL,26-APR-2021,249.95,256.0,245.0,252.15,99746,49977,1954
IIFLSEC,26-APR-2021,49.2,49.8,46.0,49.15,487920,197426,3672
IIFLWAM,26-APR-2021,1099.95,1128.0,1085.45,1110.45,4716,3029,931
IITL,26-APR-2021,54.95,55.0,53.2,54.0,1187,723,66
IMFA,26-APR-2021,465.4,478.5,460.55,468.6,42173,23435,2019
IMPAL,26-APR-2021,648.8,655.0,640.0,649.4,1084,503,158
INDBANK,26-APR-2021,13.7,13.7,13.05,13.15,107526,69742,494
INDHOTEL,26-APR-2021,106.0,113.1,104.5,111.45,6167878,2113577,35733
INDIACEM,26-APR-2021,167.45,168.3,165.1,166.4,1358647,358525,12762
INDIAGLYCO,26-APR-2021,447.4,468.0,447.0,453.0,364043,68130,18133
INDIAMART,26-APR-2021,8382.0,8638.8,8300.0,8356.35,174997,64064,31797
INDIANB,26-APR-2021,107.2,110.7,106.75,109.6,2643998,570490,21156
INDIANCARD,26-APR-2021,127.5,133.2,122.1,124.45,3995,666,234
INDIANHUME,26-APR-2021,170.0,174.2,170.0,171.0,18603,9537,748
INDIGO,26-APR-2021,1545.0,1585.0,1545.0,1573.05,565955,52266,23934
INDIGOPNTS,26-APR-2021,2302.1,2350.15,2302.1,2336.9,25624,8908,4689
INDLMETER,26-APR-2021,14.8,14.8,13.35,14.45,34865,26257,155
INDNIPPON,26-APR-2021,361.0,361.0,352.0,356.35,11276,7553,561
INDOCO,26-APR-2021,334.9,340.0,325.0,332.9,228566,85927,9311
INDORAMA,26-APR-2021,36.5,37.5,35.65,36.85,23678,17154,465
INDOSTAR,26-APR-2021,315.0,315.8,305.4,309.9,7571,4422,692
INDOTECH,26-APR-2021,88.25,90.5,87.05,88.25,8614,5503,246
INDRAMEDCO,26-APR-2021,58.8,60.8,58.4,60.35,795672,404767,5467
INDSWFTLAB,26-APR-2021,81.75,88.6,80.85,88.6,970517,494047,4573
INDUSINDBK,26-APR-2021,857.0,870.95,851.45,859.55,4894557,637531,89276
INDUSTOWER,26-APR-2021,255.0,256.0,247.2,248.15,2355190,838833,28982
INEOSSTYRO,26-APR-2021,1148.0,1159.8,1118.45,1135.6,52670,27682,3020
INFIBEAM,26-APR-2021,40.5,41.25,39.7,39.8,1358181,565451,5948
INFOBEAN,26-APR-2021,189.0,215.3,184.0,213.3,527955,201692,6817
INFRABEES,26-APR-2021,418.0,418.0,411.01,413.32,306,249,49
INFY,26-APR-2021,1332.25,1351.3,1321.0,1343.55,7088606,4218129,130375
INGERRAND,26-APR-2021,745.0,798.0,740.1,757.9,1376240,206366,50103
INOXLEISUR,26-APR-2021,271.4,276.0,271.4,273.9,590149,155889,8658
INOXWIND,26-APR-2021,88.9,92.0,83.2,84.2,1588631,510126,16359
INSECTICID,26-APR-2021,483.0,490.9,483.0,488.85,72932,57993,3033
INSPIRISYS,26-APR-2021,51.95,52.05,48.65,50.15,38301,27738,410
INTELLECT,26-APR-2021,724.95,748.0,705.5,710.95,325883,198095,10761
INTENTECH,26-APR-2021,42.55,45.2,42.2,43.4,189514,109761,1510
INVENTURE,26-APR-2021,25.25,25.55,24.65,25.1,77513,68014,468
IOB,26-APR-2021,16.0,16.25,15.85,15.95,6995724,2031339,6388
IOC,26-APR-2021,88.7,88.8,87.75,88.2,7066681,2065036,31742
IOLCP,26-APR-2021,609.9,616.85,601.6,604.65,375582,115066,10688
IPCALAB,26-APR-2021,2124.0,2124.0,2087.1,2104.3,104412,49809,12457
IRB,26-APR-2021,104.5,106.25,104.5,105.0,569838,226702,3727
IRCON,26-APR-2021,88.25,89.1,87.75,88.0,624073,309885,4291
IRCTC,26-APR-2021,1721.9,1739.25,1718.0,1730.85,791759,261036,32355
IRFC,26-APR-2021,21.1,21.35,20.95,21.0,12051423,6643164,32611
IRISDOREME,26-APR-2021,93.85,101.95,93.85,97.5,58873,34579,458
ISEC,26-APR-2021,477.0,478.9,454.6,468.4,2211635,1156382,43205
ISFT,26-APR-2021,82.25,87.4,82.25,86.15,27740,21436,295
ISMTLTD,26-APR-2021,10.0,10.0,9.8,9.85,51132,45171,180
ITC,26-APR-2021,205.8,206.75,204.7,205.3,19886214,11449231,103777
ITDC,26-APR-2021,322.05,326.05,322.05,323.15,27511,9446,1176
ITDCEM,26-APR-2021,73.15,74.7,72.5,72.75,253434,118556,2789
ITI,26-APR-2021,106.7,108.55,105.7,106.1,248149,90255,3771
IVC,26-APR-2021,5.1,5.3,4.7,5.15,643284,368571,865
IVZINGOLD,26-APR-2021,4397.8,4400.0,4261.0,4290.4,141,133,21
IVZINNIFTY,26-APR-2021,1565.0,1565.0,1565.0,1565.0,1,1,1
IZMO,26-APR-2021,66.2,69.55,64.25,69.55,106129,65690,1060
J&KBANK,26-APR-2021,22.7,23.5,22.6,23.05,6860737,3410483,11662
JAGRAN,26-APR-2021,58.0,58.1,57.1,57.8,2149827,2050417,1237
JAGSNPHARM,26-APR-2021,98.0,103.0,96.45,98.9,333102,121844,4395
JAICORPLTD,26-APR-2021,82.65,84.0,82.65,82.9,376469,113978,3769
JAMNAAUTO,26-APR-2021,65.35,66.4,65.1,66.0,2669806,2346650,13996
JASH,26-APR-2021,350.0,350.0,328.75,341.5,26471,20748,719
JAYAGROGN,26-APR-2021,143.95,143.95,138.05,139.2,11297,7483,401
JAYBARMARU,26-APR-2021,209.8,242.8,209.8,220.05,46604,17672,1397
JAYNECOIND,26-APR-2021,12.15,12.8,12.15,12.8,291286,182147,340
JAYSREETEA,26-APR-2021,70.2,72.6,69.9,71.65,171965,85330,2541
JBCHEPHARM,26-APR-2021,1319.45,1332.0,1292.95,1305.95,141303,52538,13454
JBFIND,26-APR-2021,18.95,18.95,18.95,18.95,57008,57008,73
JBMA,26-APR-2021,344.0,352.8,344.0,345.2,13676,8818,657
JCHAC,26-APR-2021,2377.4,2425.0,2354.0,2418.3,13110,8361,1971
JINDALPOLY,26-APR-2021,774.0,789.0,727.0,732.65,156279,79314,11332
JINDALSAW,26-APR-2021,73.0,74.7,73.0,73.6,853673,246401,5177
JINDALSTEL,26-APR-2021,441.0,451.4,438.65,442.95,12314848,1658782,97781
JINDRILL,26-APR-2021,90.05,90.7,89.0,89.15,9029,5953,282
JINDWORLD,26-APR-2021,47.5,47.5,45.05,45.35,167165,13240,1427
JISLJALEQS,26-APR-2021,18.2,18.2,18.2,18.2,304956,304956,398
JKCEMENT,26-APR-2021,2819.2,2840.0,2750.0,2783.7,131675,122792,2949
JKIL,26-APR-2021,186.0,186.0,180.5,181.75,76930,31400,7757
JKLAKSHMI,26-APR-2021,399.0,403.15,394.35,396.45,164176,73985,6274
JKPAPER,26-APR-2021,133.0,135.5,131.85,132.45,388581,125856,5131
JKTYRE,26-APR-2021,112.0,113.5,108.9,109.9,551922,317042,6034
JMA,26-APR-2021,38.8,40.8,37.1,38.65,27383,10418,228
JMCPROJECT,26-APR-2021,81.7,83.9,80.45,81.05,104041,72714,1600
JMFINANCIL,26-APR-2021,81.4,81.4,79.55,80.15,291187,135662,2632
JOCIL,26-APR-2021,174.45,174.45,165.35,167.55,14523,7539,506
JPASSOCIAT,26-APR-2021,7.15,7.2,7.0,7.0,3514825,2793228,14056
JPINFRATEC,26-APR-2021,1.45,1.45,1.4,1.45,869160,622504,530
JPPOWER,26-APR-2021,2.95,3.0,2.9,2.9,7869181,5532602,5029
JSL,26-APR-2021,79.85,86.0,78.3,84.55,7109277,2659098,34097
JSLHISAR,26-APR-2021,151.4,162.3,148.0,159.4,2308908,799289,22563
JSWENERGY,26-APR-2021,104.1,107.15,103.6,105.9,9821565,2246948,41907
JSWHL,26-APR-2021,3975.0,4041.0,3855.65,3981.65,1540,630,451
JSWISPL,26-APR-2021,38.05,38.05,36.5,37.85,7096087,3764912,6765
JSWSTEEL,26-APR-2021,642.0,660.7,638.25,655.8,16506538,1837617,186271
JTEKTINDIA,26-APR-2021,80.1,83.7,80.1,81.95,132278,48294,2308
JUBLFOOD,26-APR-2021,2845.1,2901.0,2804.6,2885.85,540029,140678,30895
JUBLINDS,26-APR-2021,274.0,279.9,249.3,253.85,695137,283201,22282
JUBLINGREA,26-APR-2021,343.5,343.5,325.0,328.2,523268,381186,10519
JUBLPHARMA,26-APR-2021,796.0,824.5,772.2,805.8,457519,186672,16425
JUMPNET,26-APR-2021,7.7,7.9,7.4,7.9,2142828,1486044,1408
JUNIORBEES,26-APR-2021,368.0,368.0,351.0,360.14,63388,30176,4742
JUSTDIAL,26-APR-2021,874.0,896.4,861.75,868.55,1411534,253140,46385
JYOTHYLAB,26-APR-2021,153.4,153.4,146.55,149.5,1641265,590952,24007
KABRAEXTRU,26-APR-2021,165.5,167.55,161.0,162.4,52901,36601,1287
KAJARIACER,26-APR-2021,875.45,901.0,861.1,885.15,195789,119949,8280
KAKATCEM,26-APR-2021,187.85,193.3,180.15,182.5,37493,12364,1111
KALPATPOWR,26-APR-2021,359.5,372.5,358.35,360.9,258479,143247,6636
KALYANKJIL,26-APR-2021,65.9,67.0,63.75,63.85,2193105,1383036,23998
KAMATHOTEL,26-APR-2021,28.4,30.85,28.4,30.1,114290,43750,1004
KAMDHENU,26-APR-2021,147.7,164.0,146.0,155.9,494848,194502,5952
KANANIIND,26-APR-2021,4.0,4.3,4.0,4.2,4266,1989,34
KANPRPLA,26-APR-2021,135.0,135.0,132.0,134.6,9859,5823,464
KANSAINER,26-APR-2021,555.0,562.0,542.35,553.7,124197,73437,5017
KARDA,26-APR-2021,110.0,115.5,110.0,115.5,171543,70404,411
KARURVYSYA,26-APR-2021,54.1,55.2,53.9,54.1,827308,396647,3576
KAUSHALYA,26-APR-2021,1.4,1.45,1.4,1.45,2550,2550,3
KAYA,26-APR-2021,284.8,296.0,280.2,287.9,39909,18171,2254
KCP,26-APR-2021,98.45,98.8,94.75,96.05,252922,129916,4112
KCPSUGIND,26-APR-2021,15.6,15.65,15.1,15.2,282909,130191,587
KDDL,26-APR-2021,331.0,337.4,310.25,317.05,26822,14484,1023
KEC,26-APR-2021,414.0,414.0,404.25,404.95,413043,334246,7888
KECL,26-APR-2021,13.2,13.5,12.8,12.95,56768,39293,369
KEERTI,26-APR-2021,23.5,27.7,23.05,27.65,326370,91327,1091
KEI,26-APR-2021,516.25,523.15,509.0,510.8,75734,31378,5172
KELLTONTEC,26-APR-2021,68.0,69.5,67.2,68.45,1002484,450451,4167
KENNAMET,26-APR-2021,1046.45,1048.95,1021.15,1034.5,1979,1246,343
KESORAMIND,26-APR-2021,69.45,76.45,68.15,75.15,2633911,815836,16255
KEYFINSERV,26-APR-2021,55.75,58.3,55.1,58.25,602,538,21
KHADIM,26-APR-2021,135.0,137.7,131.75,132.45,29481,19155,919
KHAICHEM,26-APR-2021,23.4,23.4,22.65,22.85,74032,42279,813
KHANDSE,26-APR-2021,14.0,14.0,13.05,13.6,1275,1250,11
KICL,26-APR-2021,1422.0,1481.0,1421.95,1439.9,616,342,197
KILITCH,26-APR-2021,110.0,113.45,109.0,110.55,30469,22430,531
KINGFA,26-APR-2021,572.35,585.8,572.35,577.6,1603,1246,144
KIOCL,26-APR-2021,146.0,149.7,144.1,146.2,53975,21439,2623
KIRIINDUS,26-APR-2021,418.8,418.8,407.85,408.6,45453,22701,1601
KIRLFER,26-APR-2021,197.0,198.4,190.05,195.9,93532,46627,4009
KIRLOSBROS,26-APR-2021,233.5,242.0,230.7,232.95,64116,29957,1904
KIRLOSENG,26-APR-2021,168.0,168.8,163.4,164.75,65222,41168,1423
KIRLOSIND,26-APR-2021,1224.3,1225.65,1198.05,1214.25,1645,1180,216
KITEX,26-APR-2021,99.85,99.85,96.5,97.05,44192,27586,851
KKCL,26-APR-2021,826.35,856.4,826.0,842.5,547,302,176
KMSUGAR,26-APR-2021,13.85,14.25,13.45,13.65,1039819,605286,2432
KNRCON,26-APR-2021,196.85,197.3,189.25,189.95,1044668,642866,19433
KOKUYOCMLN,26-APR-2021,53.3,54.75,53.05,53.4,59760,39675,735
KOLTEPATIL,26-APR-2021,221.35,224.8,221.35,222.7,30575,16016,1215
KOPRAN,26-APR-2021,162.85,168.0,154.05,165.25,2087633,650771,31926
KOTAKBANK,26-APR-2021,1740.0,1783.0,1733.3,1759.65,3253062,1795465,94734
KOTAKBKETF,26-APR-2021,329.9,339.5,324.0,325.41,459171,203384,1000
KOTAKGOLD,26-APR-2021,417.9,417.9,413.45,414.9,127841,79999,1460
KOTAKIT,26-APR-2021,26.0,26.45,25.75,26.25,52423,50338,63
KOTAKNIFTY,26-APR-2021,151.3,152.1,150.78,151.55,29585,20240,546
KOTAKNV20,26-APR-2021,78.0,79.48,78.0,78.41,11488,4565,177
KOTAKPSUBK,26-APR-2021,194.0,198.44,194.0,196.78,23167,17299,238
KOTARISUG,26-APR-2021,26.4,28.7,25.0,25.4,1537558,349543,5534
KOTHARIPET,26-APR-2021,32.0,32.0,23.5,27.65,461639,232721,2297
KOTHARIPRO,26-APR-2021,62.5,64.75,62.5,64.2,3301,1095,171
KPITTECH,26-APR-2021,203.0,203.0,196.6,198.35,609780,297403,9568
KPRMILL,26-APR-2021,1217.95,1309.7,1217.95,1266.7,149525,44592,17146
KRBL,26-APR-2021,180.0,181.1,179.0,179.5,239784,155140,5061
KREBSBIO,26-APR-2021,121.8,138.15,121.8,138.15,215624,136077,1980
KRIDHANINF,26-APR-2021,4.15,4.2,3.8,4.05,336197,239328,617
KRISHANA,26-APR-2021,90.45,90.45,86.15,88.5,8949,767,25
KSB,26-APR-2021,859.05,872.9,855.0,865.15,25607,11693,1950
KSCL,26-APR-2021,584.15,595.0,580.0,582.15,151989,70807,6042
KSL,26-APR-2021,343.4,361.0,343.4,352.25,322575,58937,8906
KTKBANK,26-APR-2021,60.9,62.0,60.55,60.9,665187,265808,3724
KUANTUM,26-APR-2021,60.9,61.2,60.2,60.6,39360,5527,509
L&TFH,26-APR-2021,91.2,91.4,87.5,87.7,17187273,5604024,64133
LALPATHLAB,26-APR-2021,2899.0,2925.0,2833.0,2840.2,297542,69585,23348
LAMBODHARA,26-APR-2021,51.8,53.5,51.7,52.25,25045,15838,301
LAOPALA,26-APR-2021,205.0,207.0,202.55,204.15,60374,36390,1950
LASA,26-APR-2021,73.95,77.65,73.05,73.7,542775,138249,15151
LAURUSLABS,26-APR-2021,470.0,477.2,461.25,465.75,3066996,1240499,40204
LAXMIMACH,26-APR-2021,6129.0,6225.0,6051.75,6093.55,3315,1447,1193
LCCINFOTEC,26-APR-2021,2.4,2.4,2.4,2.4,39039,39039,84
LEMONTREE,26-APR-2021,32.65,37.5,32.5,36.2,5546294,2037909,30064
LFIC,26-APR-2021,82.95,82.95,78.9,79.15,1772,1317,55
LGBBROSLTD,26-APR-2021,293.35,302.2,292.1,293.05,33307,22211,860
LIBERTSHOE,26-APR-2021,120.95,123.45,120.95,122.15,21529,11706,647
LICHSGFIN,26-APR-2021,393.2,398.5,392.0,397.45,2054479,463686,29788
LICNETFGSC,26-APR-2021,21.97,21.99,21.71,21.79,17694,15605,116
LICNETFN50,26-APR-2021,164.05,169.9,160.0,163.07,1962,960,467
LICNETFSEN,26-APR-2021,518.9,524.87,493.95,516.2,209,126,72
LICNFNHGP,26-APR-2021,156.06,156.97,150.0,151.17,280,219,32
LIKHITHA,26-APR-2021,380.0,387.0,375.7,377.15,64138,27557,2445
LINCOLN,26-APR-2021,263.5,266.05,257.1,259.05,193854,88401,6116
LINCPEN,26-APR-2021,148.6,148.6,143.3,146.9,5267,1516,281
LINDEINDIA,26-APR-2021,1964.0,2000.1,1908.0,1925.95,320401,156296,29282
LIQUIDBEES,26-APR-2021,1002.3,1002.3,999.27,999.99,1145172,1092590,5197
LIQUIDETF,26-APR-2021,999.99,1000.01,999.99,1000.0,7182,5454,67
LODHA,26-APR-2021,532.0,586.0,532.0,580.1,2069788,718552,59175
LOTUSEYE,26-APR-2021,44.8,44.8,42.35,42.7,2763,2252,75
LOVABLE,26-APR-2021,86.45,86.45,82.15,83.3,10196,6008,374
LT,26-APR-2021,1330.05,1341.2,1323.0,1335.9,1431562,518221,52965
LTI,26-APR-2021,3961.35,3995.95,3901.0,3934.05,152758,57658,18397
LTTS,26-APR-2021,2660.0,2685.0,2606.95,2620.9,178170,46323,14495
LUMAXIND,26-APR-2021,1549.9,1560.35,1530.1,1546.05,1876,1029,326
LUMAXTECH,26-APR-2021,146.35,153.35,145.7,148.75,53266,24801,1985
LUPIN,26-APR-2021,1074.95,1080.9,1056.65,1062.55,2024621,575754,35025
LUXIND,26-APR-2021,1870.0,1901.0,1866.3,1877.9,29865,4032,2106
LXCHEM,26-APR-2021,181.0,193.6,178.45,191.45,3975987,1375709,48968
LYPSAGEMS,26-APR-2021,4.2,4.3,4.1,4.2,7645,7594,33
M&M,26-APR-2021,780.0,793.3,775.65,780.5,3528851,1196409,87675
M&MFIN,26-APR-2021,168.9,168.9,161.15,163.25,35868833,12079426,168599
M100,26-APR-2021,24.69,25.55,24.51,25.28,58909,45124,2069
M50,26-APR-2021,131.1,146.6,131.1,141.96,1573,1432,56
MAANALU,26-APR-2021,165.0,165.0,156.0,157.05,51016,28767,2638
MADHAV,26-APR-2021,48.4,52.1,47.05,49.65,105982,45029,1493
MAESGETF,26-APR-2021,21.75,25.8,21.75,24.82,1870,1813,60
MAGADSUGAR,26-APR-2021,132.0,133.5,124.2,124.85,87992,48294,1748
MAGMA,26-APR-2021,121.0,121.15,116.2,118.35,521622,356504,4327
MAHABANK,26-APR-2021,23.2,23.95,23.1,23.4,5718801,2217334,7716
MAHASTEEL,26-APR-2021,79.85,84.2,78.6,83.05,35431,14494,880
MAHEPC,26-APR-2021,143.75,146.4,142.35,144.6,70706,34630,1548
MAHESHWARI,26-APR-2021,120.0,122.0,115.0,116.75,178525,79416,4222
MAHINDCIE,26-APR-2021,157.3,159.95,153.55,155.25,134268,58485,3377
MAHLIFE,26-APR-2021,475.0,509.0,475.0,502.8,46396,33101,3426
MAHLOG,26-APR-2021,521.65,525.0,506.05,517.0,52148,21348,2917
MAHSCOOTER,26-APR-2021,3443.5,3539.9,3410.0,3454.0,6152,3601,1592
MAHSEAMLES,26-APR-2021,269.05,272.25,269.0,270.9,26093,13793,853
MAITHANALL,26-APR-2021,724.2,771.7,720.0,757.45,402835,84942,19067
MALUPAPER,26-APR-2021,24.85,25.55,24.5,25.0,7638,4223,298
MAN50ETF,26-APR-2021,143.7,149.06,143.7,148.13,37403,36677,63
MANAKALUCO,26-APR-2021,10.25,10.5,9.9,10.3,34668,23878,182
MANAKCOAT,26-APR-2021,14.8,14.8,13.9,14.0,31249,22674,167
MANAKSIA,26-APR-2021,55.0,62.2,53.85,61.35,1357970,431264,7524
MANAKSTEEL,26-APR-2021,23.7,24.5,23.7,24.5,44887,34759,236
MANALIPETC,26-APR-2021,78.6,83.45,77.2,81.5,5488002,1962168,25879
MANAPPURAM,26-APR-2021,148.0,149.35,146.05,146.7,3201209,850398,21670
MANGALAM,26-APR-2021,130.5,151.0,128.15,151.0,1515898,525492,15184
MANGCHEFER,26-APR-2021,70.2,71.8,70.2,71.1,175058,119999,2612
MANGLMCEM,26-APR-2021,274.0,277.45,274.0,275.35,21896,14603,609
MANGTIMBER,26-APR-2021,10.25,11.1,10.25,10.9,4091,3411,36
MANINDS,26-APR-2021,79.5,80.75,79.15,79.8,161602,80388,2329
MANINFRA,26-APR-2021,39.75,39.75,38.4,39.15,388478,124165,3094
MANUGRAPH,26-APR-2021,10.85,11.0,10.7,11.0,4204,3909,37
MANXT50,26-APR-2021,384.0,384.0,342.67,343.37,4304,4212,28
MARATHON,26-APR-2021,51.65,54.25,50.1,51.55,77776,31390,1087
MARICO,26-APR-2021,413.1,414.25,404.65,406.35,780607,354549,19244
MARINE,26-APR-2021,72.0,75.0,69.0,70.45,423436,129073,3220
MARKSANS,26-APR-2021,71.5,73.25,67.5,68.3,10105064,3235999,50249
MARUTI,26-APR-2021,6690.2,6789.0,6600.0,6638.9,937344,464999,74474
MASFIN,26-APR-2021,833.3,833.7,800.2,805.0,10965,4712,1355
MASTEK,26-APR-2021,1399.9,1460.0,1390.1,1441.5,236713,113439,16389
MATRIMONY,26-APR-2021,842.15,863.35,835.0,849.8,42004,27029,3915
MAWANASUG,26-APR-2021,39.2,40.75,39.2,39.6,59465,42796,754
MAXHEALTH,26-APR-2021,227.9,229.95,224.0,224.75,353972,152401,8395
MAXIND,26-APR-2021,67.1,67.2,65.5,66.05,307066,167327,2955
MAXVIL,26-APR-2021,57.7,57.7,55.1,55.35,46019,32774,648
MAYURUNIQ,26-APR-2021,415.5,483.95,415.5,473.25,1009624,300648,27807
MAZDA,26-APR-2021,449.0,454.95,441.95,443.0,1384,881,176
MAZDOCK,26-APR-2021,196.95,204.0,195.6,203.15,580233,251428,10004
MBLINFRA,26-APR-2021,19.0,19.45,18.1,18.35,132936,89487,878
MCDHOLDING,26-APR-2021,41.0,41.0,38.95,40.0,5043,3552,110
MCDOWELL-N,26-APR-2021,522.0,525.55,516.45,518.05,1440846,922714,27669
MCL,26-APR-2021,90.45,90.5,88.5,89.9,10788,6640,182
MCLEODRUSS,26-APR-2021,21.8,21.8,21.0,21.8,1313652,565125,1052
MCX,26-APR-2021,1472.0,1491.8,1455.0,1483.15,225397,118603,9560
MEGASOFT,26-APR-2021,10.2,10.2,9.55,9.95,46652,31844,261
MEGH,26-APR-2021,123.55,129.5,123.55,124.75,2497026,618439,17274
MENONBE,26-APR-2021,50.55,52.15,50.55,51.4,28878,15185,312
MEP,26-APR-2021,15.4,15.8,15.2,15.35,106551,66846,490
METROPOLIS,26-APR-2021,2412.45,2412.45,2330.0,2336.1,42147,18829,5865
MFSL,26-APR-2021,867.4,891.2,856.6,881.85,728507,172191,24278
MGEL,26-APR-2021,46.95,48.15,46.5,46.95,2111,1979,35
MGL,26-APR-2021,1115.85,1120.75,1100.0,1102.7,206047,39052,15197
MHRIL,26-APR-2021,204.5,214.4,200.6,213.1,55595,28816,1610
MIDHANI,26-APR-2021,180.55,184.5,180.05,180.4,295261,131072,4903
MINDACORP,26-APR-2021,97.05,97.9,95.1,97.05,278900,150909,3176
MINDAIND,26-APR-2021,550.0,551.2,526.0,528.65,192714,119080,11473
MINDTECK,26-APR-2021,44.65,46.9,43.6,45.85,41625,29911,484
MINDTREE,26-APR-2021,2035.0,2076.0,2025.05,2062.4,845322,174594,37074
MIRZAINT,26-APR-2021,45.0,46.5,45.0,45.55,143981,61836,2245
MITTAL,26-APR-2021,8.5,8.9,8.5,8.85,47208,36899,190
MMFL,26-APR-2021,465.0,465.0,451.55,456.45,4698,3706,208
MMP,26-APR-2021,85.0,98.7,83.35,92.15,229243,65116,3609
MMTC,26-APR-2021,39.3,39.7,38.55,38.8,2193577,591390,6901
MOHITIND,26-APR-2021,6.3,6.8,6.25,6.75,3943,3682,25
MOIL,26-APR-2021,152.05,156.3,150.0,152.35,206962,69049,2996
MOLDTECH,26-APR-2021,41.45,46.15,40.7,45.25,186108,91960,1431
MOLDTKPAC,26-APR-2021,407.85,414.85,405.0,413.3,30621,17789,1183
MONTECARLO,26-APR-2021,227.9,232.0,222.9,226.1,32569,15862,1224
MORARJEE,26-APR-2021,14.35,14.4,13.95,14.1,1188,1132,16
MOREPENLAB,26-APR-2021,50.9,52.9,50.0,51.1,14468162,4427585,49526
MOTHERSUMI,26-APR-2021,213.0,217.2,211.15,212.65,6702977,1873157,53026
MOTILALOFS,26-APR-2021,593.0,608.8,593.0,600.85,112111,60506,3384
MOTOGENFIN,26-APR-2021,20.7,21.35,20.0,20.7,3713,1756,80
MPHASIS,26-APR-2021,1730.0,1805.85,1715.15,1724.3,1273633,299769,53817
MPSLTD,26-APR-2021,616.15,635.0,592.35,618.85,20552,13373,1253
MRF,26-APR-2021,78550.0,79296.4,77484.5,77687.55,16483,2688,10817
MRPL,26-APR-2021,37.8,40.45,37.5,38.3,4168835,774910,14316
MSPL,26-APR-2021,10.1,10.4,10.1,10.4,12932,12731,66
MSTCLTD,26-APR-2021,269.8,269.85,262.0,263.25,139905,60357,5001
MTARTECH,26-APR-2021,965.0,969.95,938.0,944.6,117881,31017,7595
MTEDUCARE,26-APR-2021,6.9,7.0,6.7,6.8,103612,63536,229
MTNL,26-APR-2021,16.7,17.15,15.95,16.05,2996844,1546664,4714
MUKANDLTD,26-APR-2021,102.4,112.65,102.4,112.65,329276,163028,2565
MUKTAARTS,26-APR-2021,29.0,29.0,27.6,27.85,7752,6842,83
MUNJALAU,26-APR-2021,50.05,50.8,50.0,50.35,52287,25490,786
MUNJALSHOW,26-APR-2021,129.0,133.95,129.0,131.8,20565,13193,501
MURUDCERA,26-APR-2021,19.5,19.5,18.8,19.25,21191,15331,400
MUTHOOTCAP,26-APR-2021,370.0,370.0,363.65,365.75,8018,3479,452
MUTHOOTFIN,26-APR-2021,1204.0,1215.95,1171.0,1174.75,1102356,456120,49421
N100,26-APR-2021,1048.9,1048.9,1022.06,1023.33,28519,17946,2537
NACLIND,26-APR-2021,38.0,38.8,35.95,36.7,107648,80105,670
NAGREEKEXP,26-APR-2021,16.35,17.25,16.35,17.25,2518,2384,33
NAHARCAP,26-APR-2021,90.95,93.55,89.55,92.3,21271,9471,301
NAHARINDUS,26-APR-2021,41.9,42.0,40.65,41.65,11902,10061,98
NAHARPOLY,26-APR-2021,109.0,119.0,107.15,115.25,166374,63910,3620
NAHARSPING,26-APR-2021,95.0,98.25,94.2,95.55,17383,12299,332
NAM-INDIA,26-APR-2021,327.6,332.8,327.05,330.7,1342265,653090,12384
NATCOPHARM,26-APR-2021,930.0,945.0,901.0,907.9,1659850,359755,50006
NATHBIOGEN,26-APR-2021,333.0,343.7,333.0,335.55,17903,10458,820
NATIONALUM,26-APR-2021,57.65,58.65,57.05,57.9,19648259,3590864,24883
NAUKRI,26-APR-2021,4919.95,4958.5,4843.0,4892.3,536668,116402,44097
NAVINFLUOR,26-APR-2021,3184.0,3285.0,3172.2,3204.6,449537,73656,39620
NAVKARCORP,26-APR-2021,34.95,35.25,34.3,34.65,445278,213105,2289
NAVNETEDUL,26-APR-2021,75.0,76.95,74.5,75.0,193901,141198,3523
NAZARA,26-APR-2021,1710.0,1721.95,1675.0,1693.45,409738,193736,23261
NBCC,26-APR-2021,40.0,40.75,39.8,39.95,6724037,1887250,16102
NBIFIN,26-APR-2021,1877.0,1917.75,1877.0,1899.85,189,160,47
NBVENTURES,26-APR-2021,73.65,73.65,71.7,72.0,494750,305159,3290
NCC,26-APR-2021,74.4,75.5,73.2,73.65,1838676,889240,9844
NCLIND,26-APR-2021,175.5,182.5,175.25,176.3,670242,179834,10461
NCPSESDL24,26-APR-2021,103.67,103.67,103.65,103.65,126,124,13
NDGL,26-APR-2021,738.05,773.0,700.6,765.05,525,139,245
NDL,26-APR-2021,31.5,33.0,30.45,30.8,32049,22785,196
NDRAUTO,26-APR-2021,198.0,199.65,192.55,198.2,2035,1363,89
NDTV,26-APR-2021,54.0,56.4,53.45,53.75,30973,19730,521
NECCLTD,26-APR-2021,8.9,8.9,8.3,8.55,25450,8691,119
NECLIFE,26-APR-2021,25.7,26.95,24.25,24.7,2145497,1031737,7342
NELCAST,26-APR-2021,64.95,64.95,63.65,64.0,21474,14303,514
NELCO,26-APR-2021,187.0,190.7,187.0,187.85,37907,21059,1284
NEOGEN,26-APR-2021,872.3,900.0,854.2,860.55,39235,20556,3761
NESCO,26-APR-2021,503.0,504.15,488.0,500.55,76572,42065,3673
NESTLEIND,26-APR-2021,16799.05,16895.0,16663.65,16870.6,152362,117593,14294
NETF,26-APR-2021,177.31,177.31,177.31,177.31,210,208,58
NETFCONSUM,26-APR-2021,64.9,64.9,63.07,63.21,101683,73208,182
NETFDIVOPP,26-APR-2021,36.5,37.8,36.12,36.31,3772,2851,70
NETFGILT5Y,26-APR-2021,48.0,48.15,48.0,48.15,1016,1011,8
NETFIT,26-APR-2021,25.83,26.14,25.77,25.93,368749,214077,1800
NETFLTGILT,26-APR-2021,22.35,22.41,22.27,22.39,36713,24713,158
NETFMID150,26-APR-2021,89.91,90.81,89.91,90.09,104186,67648,847
NETFNIF100,26-APR-2021,154.0,154.0,148.9,150.04,813,432,56
NETFNV20,26-APR-2021,81.49,81.49,78.25,79.43,5164,3838,141
NETFSDL26,26-APR-2021,102.45,102.45,102.45,102.45,1,1,1
NETWORK18,26-APR-2021,40.4,40.5,39.05,39.4,2353089,694049,5602
NEULANDLAB,26-APR-2021,2528.15,2560.75,2433.05,2448.6,49504,26103,5935
NEWGEN,26-APR-2021,312.0,320.8,311.85,318.9,92889,45024,4685
NEXTMEDIA,26-APR-2021,5.05,5.05,4.65,4.65,12262,12215,45
NFL,26-APR-2021,52.15,52.7,51.6,51.8,719240,324130,3955
NH,26-APR-2021,399.0,405.0,395.0,396.4,64620,33947,2864
NHPC,26-APR-2021,24.4,24.5,24.05,24.1,1835790,971289,4725
NIACL,26-APR-2021,149.9,151.75,148.65,148.95,327123,131376,5093
NIBL,26-APR-2021,16.8,17.95,16.25,17.95,20257,18107,137
NIFTYBEES,26-APR-2021,158.4,158.4,153.91,155.17,1445359,518429,15677
NIITLTD,26-APR-2021,168.9,170.0,166.8,168.95,118188,58202,2847
NILKAMAL,26-APR-2021,1899.95,1924.65,1865.6,1894.35,7825,3960,1665
NIPPOBATRY,26-APR-2021,759.55,759.55,736.95,740.75,1008,772,103
NIRAJ,26-APR-2021,42.3,42.4,39.2,39.95,2553,1204,72
NITCO,26-APR-2021,19.0,19.25,18.55,18.65,27178,14695,332
NITINSPIN,26-APR-2021,82.0,84.0,80.25,83.45,160005,142587,877
NITIRAJ,26-APR-2021,43.4,43.4,43.35,43.35,45,45,2
NKIND,26-APR-2021,21.85,22.0,21.75,22.0,2412,1573,49
NLCINDIA,26-APR-2021,47.9,47.9,47.2,47.4,375825,194188,2609
NMDC,26-APR-2021,140.25,143.5,139.25,142.65,8949266,2453073,33458
NOCIL,26-APR-2021,175.5,178.85,173.5,174.5,355011,167878,6561
NORBTEAEXP,26-APR-2021,5.6,5.6,5.6,5.6,1117,1117,3
NOVARTIND,26-APR-2021,646.5,670.0,620.0,649.5,64588,22887,3820
NPBET,26-APR-2021,173.16,173.98,169.0,173.53,314,258,18
NRAIL,26-APR-2021,219.0,219.0,194.3,204.05,55651,26454,1641
NRBBEARING,26-APR-2021,103.9,107.35,102.6,104.85,334447,151391,5786
NSIL,26-APR-2021,1298.3,1325.0,1293.2,1315.2,655,598,166
NTL,26-APR-2021,0.75,0.75,0.7,0.7,22,22,2
NTPC,26-APR-2021,103.95,103.95,100.85,102.4,24369413,9190471,66644
NUCLEUS,26-APR-2021,539.0,550.0,527.0,540.5,26565,16565,1654
NURECA,26-APR-2021,1343.6,1343.6,1343.6,1343.6,2762,2762,145
NXTDIGITAL,26-APR-2021,472.3,475.0,458.0,461.25,3686,2443,353
OAL,26-APR-2021,739.95,742.45,711.0,719.8,12569,7103,1002
OBEROIRLTY,26-APR-2021,535.0,536.4,522.2,527.5,492391,425013,13554
OCCL,26-APR-2021,874.1,893.05,871.3,887.6,7138,4322,1250
OFSS,26-APR-2021,3308.0,3321.0,3253.1,3307.55,59514,25355,7753
OIL,26-APR-2021,116.5,117.15,115.35,116.05,402760,240335,6370
OLECTRA,26-APR-2021,184.75,192.0,184.0,185.7,221712,96150,5305
OMAXAUTO,26-APR-2021,40.45,42.85,39.95,40.5,79417,27634,846
OMAXE,26-APR-2021,69.1,70.25,60.0,69.5,164479,101247,1714
OMINFRAL,26-APR-2021,21.2,21.2,20.65,20.8,21977,14594,103
ONEPOINT,26-APR-2021,15.95,16.35,15.75,16.0,61770,54497,269
ONGC,26-APR-2021,105.25,105.7,102.5,102.8,11797791,3024740,63132
ONMOBILE,26-APR-2021,103.45,104.6,99.05,100.2,495011,258684,8929
ONWARDTEC,26-APR-2021,115.3,115.3,112.0,112.5,22377,13284,591
OPTIEMUS,26-APR-2021,120.0,121.9,114.25,115.0,66482,51210,587
ORBTEXP,26-APR-2021,57.0,59.0,56.85,58.4,6849,3817,127
ORIENTABRA,26-APR-2021,23.8,26.15,23.5,24.95,717847,374651,2891
ORIENTALTL,26-APR-2021,7.9,8.05,7.7,7.75,51724,33672,278
ORIENTBELL,26-APR-2021,209.0,216.0,209.0,211.9,14668,7257,561
ORIENTCEM,26-APR-2021,106.15,108.75,105.15,106.5,802510,353786,7457
ORIENTELEC,26-APR-2021,285.15,286.95,280.1,282.65,233999,123161,6259
ORIENTHOT,26-APR-2021,22.6,24.85,22.3,24.35,206294,97248,1145
ORIENTLTD,26-APR-2021,83.0,84.85,78.8,80.85,992,590,63
ORIENTPPR,26-APR-2021,22.85,23.7,22.45,23.2,596697,237107,2023
ORIENTREF,26-APR-2021,314.95,322.3,307.1,310.0,369754,154574,12247
ORISSAMINE,26-APR-2021,2301.0,2333.2,2291.0,2304.55,3674,2307,756
ORTINLAB,26-APR-2021,31.5,32.9,30.5,31.15,124381,72556,1187
OSWALAGRO,26-APR-2021,9.05,9.1,8.85,8.9,23272,18909,410
PAGEIND,26-APR-2021,29249.0,30426.8,29248.95,30282.7,72653,48504,13112
PAISALO,26-APR-2021,651.0,651.5,610.1,615.65,431549,414089,1537
PALASHSECU,26-APR-2021,50.25,53.7,50.25,50.35,640,544,16
PANACEABIO,26-APR-2021,364.5,368.55,353.0,368.55,1718822,635741,29822
PANACHE,26-APR-2021,56.05,58.25,55.5,55.8,18351,8296,230
PANAMAPET,26-APR-2021,168.05,177.5,168.05,173.6,208305,111420,5477
PARACABLES,26-APR-2021,8.95,9.1,8.75,8.9,305610,252137,393
PARAGMILK,26-APR-2021,112.45,114.9,111.05,114.3,525753,232895,9643
PATELENG,26-APR-2021,11.55,11.8,11.55,11.7,142314,100123,662
PATINTLOG,26-APR-2021,17.9,18.35,17.9,18.1,31209,22328,367
PATSPINLTD,26-APR-2021,4.75,4.75,4.35,4.5,10387,8720,40
PCJEWELLER,26-APR-2021,22.9,23.6,22.9,23.25,671887,375678,2377
PDMJEPAPER,26-APR-2021,22.5,22.8,22.25,22.5,29223,22315,377
PDSMFL,26-APR-2021,690.05,700.0,680.0,680.0,5661,5296,134
PEARLPOLY,26-APR-2021,17.0,17.0,15.9,16.1,13672,6368,242
PEL,26-APR-2021,1670.0,1684.1,1625.45,1635.2,822708,234757,31655
PENIND,26-APR-2021,18.35,18.35,17.7,17.85,258521,143138,843
PERSISTENT,26-APR-2021,1877.0,1941.45,1862.55,1935.6,60882,21892,8866
PETRONET,26-APR-2021,236.0,239.0,233.3,238.05,4246146,2501683,43624
PFC,26-APR-2021,107.2,108.0,106.6,106.95,3002608,1515952,19097
PFIZER,26-APR-2021,5227.0,5240.0,5110.5,5150.95,117616,23070,14625
PFOCUS,26-APR-2021,69.0,74.4,68.35,71.15,170207,70724,2074
PFS,26-APR-2021,16.85,17.1,16.8,16.9,295743,239903,974
PGHH,26-APR-2021,13622.75,13669.8,13500.0,13525.9,22700,21580,1073
PGHL,26-APR-2021,6380.0,6390.0,6200.0,6223.6,7510,3919,2910
PGIL,26-APR-2021,181.05,194.95,174.3,181.05,9165,6566,268
PHILIPCARB,26-APR-2021,203.5,206.45,200.75,202.35,1415587,590354,14706
PHOENIXLTD,26-APR-2021,678.0,814.5,677.9,776.3,473981,183176,22189
PIDILITIND,26-APR-2021,1790.4,1843.0,1782.5,1837.15,805229,396421,32285
PIIND,26-APR-2021,2561.0,2561.0,2494.95,2509.0,233762,91685,13715
PILANIINVS,26-APR-2021,1689.0,1705.0,1659.0,1697.75,12031,2464,2175
PILITA,26-APR-2021,13.95,15.6,13.25,13.95,506501,199420,1580
PIONDIST,26-APR-2021,102.1,104.4,102.1,102.6,7885,5612,172
PIONEEREMB,26-APR-2021,46.7,48.7,45.65,46.9,350109,161188,5993
PITTIENG,26-APR-2021,65.25,65.25,63.1,63.8,197900,32027,2108
PLASTIBLEN,26-APR-2021,233.5,233.5,222.95,227.3,8724,5634,333
PNB,26-APR-2021,34.25,34.7,34.25,34.45,73069756,7995182,50019
PNBGILTS,26-APR-2021,50.45,50.95,49.85,50.5,139215,75388,1562
PNBHOUSING,26-APR-2021,357.65,381.25,357.65,367.45,152187,40452,4663
PNCINFRA,26-APR-2021,235.9,243.0,233.25,240.4,331186,134664,11781
PODDARMENT,26-APR-2021,210.0,216.2,207.0,208.7,11622,7170,760
POKARNA,26-APR-2021,246.0,252.0,243.15,245.35,52764,34112,1380
POLYCAB,26-APR-2021,1494.0,1500.0,1469.35,1478.55,283076,121085,18530
POLYMED,26-APR-2021,1037.0,1050.0,999.6,1017.0,159755,47351,11332
POLYPLEX,26-APR-2021,898.0,898.0,876.8,879.75,30462,19551,1720
PONNIERODE,26-APR-2021,162.9,167.05,161.0,161.4,10578,7130,354
POWERGRID,26-APR-2021,208.2,216.45,208.2,215.8,10765892,3544712,72260
POWERINDIA,26-APR-2021,1511.8,1539.0,1509.25,1520.65,18731,12052,3087
POWERMECH,26-APR-2021,560.35,576.9,556.55,566.35,100853,22437,3822
PPAP,26-APR-2021,191.0,193.0,184.1,188.0,128579,36093,2779
PPL,26-APR-2021,127.95,139.8,127.95,137.8,957693,390891,11630
PRAENG,26-APR-2021,7.9,8.05,7.8,7.9,29786,27047,85
PRAJIND,26-APR-2021,226.35,251.9,226.35,240.4,11054163,2935467,133923
PRAKASH,26-APR-2021,75.5,78.55,75.5,76.6,2069621,836689,16382
PRAKASHSTL,26-APR-2021,0.8,0.8,0.7,0.75,79366,77504,99
PRECAM,26-APR-2021,43.0,43.65,42.15,42.4,66444,38748,878
PRECOT,26-APR-2021,117.65,117.9,113.05,115.9,6975,5597,103
PRECWIRE,26-APR-2021,184.0,185.75,177.3,182.6,19432,8786,657
PREMIERPOL,26-APR-2021,35.8,42.9,35.2,41.3,126720,47190,843
PRESSMN,26-APR-2021,22.8,23.1,22.0,22.25,22017,19039,382
PRESTIGE,26-APR-2021,278.8,281.0,272.0,274.35,224767,101614,7879
PRICOLLTD,26-APR-2021,73.95,87.3,72.55,79.2,5208519,1586570,24352
PRINCEPIPE,26-APR-2021,496.0,504.85,484.35,489.85,205017,86125,11084
PRIVISCL,26-APR-2021,875.0,903.05,855.0,865.8,36569,23806,3432
PROZONINTU,26-APR-2021,17.25,17.5,16.8,17.25,92401,60113,701
PRSMJOHNSN,26-APR-2021,125.0,131.0,125.0,129.1,270789,167365,2246
PSB,26-APR-2021,16.75,17.2,16.75,16.85,368129,173758,1093
PSPPROJECT,26-APR-2021,429.85,429.85,421.0,422.65,12063,5935,716
PSUBNKBEES,26-APR-2021,21.7,21.97,21.6,21.89,763067,516709,1199
PTC,26-APR-2021,82.95,83.35,80.6,81.0,977082,448408,6154
PTL,26-APR-2021,35.95,36.5,35.7,35.85,125348,109977,657
PUNJABCHEM,26-APR-2021,861.1,897.8,861.1,886.3,16751,15320,392
PURVA,26-APR-2021,65.3,68.85,65.3,66.15,90671,43781,1418
PVR,26-APR-2021,1166.0,1180.0,1133.3,1157.3,2576538,362290,77294
QGOLDHALF,26-APR-2021,2059.95,2059.95,2041.3,2047.9,1274,687,100
QNIFTY,26-APR-2021,1480.0,1530.0,1480.0,1503.0,11,2,5
QUESS,26-APR-2021,562.0,609.15,562.0,598.3,445548,217895,17627
QUICKHEAL,26-APR-2021,195.0,195.5,192.9,193.75,148746,88627,2406
RADICO,26-APR-2021,519.05,527.4,511.05,518.95,135368,77710,12344
RADIOCITY,26-APR-2021,24.25,24.25,23.55,23.7,258966,199605,414
RAILTEL,26-APR-2021,125.0,125.0,120.0,120.45,2715920,841644,27636
RAIN,26-APR-2021,176.9,186.8,175.15,185.1,14452762,3094745,112323
RAJESHEXPO,26-APR-2021,506.05,519.3,506.05,515.05,206999,61864,8728
RAJRATAN,26-APR-2021,900.0,960.0,880.0,921.2,153478,40823,11813
RAJTV,26-APR-2021,38.0,38.2,36.3,36.9,69860,36910,642
RALLIS,26-APR-2021,277.0,289.4,274.05,280.6,2277031,921361,30970
RAMANEWS,26-APR-2021,15.0,15.0,14.2,14.45,24882,19717,320
RAMCOCEM,26-APR-2021,960.0,994.8,957.95,959.85,462200,175454,19688
RAMCOIND,26-APR-2021,251.75,265.0,250.45,259.1,62732,42153,2746
RAMCOSYS,26-APR-2021,512.7,523.05,498.5,500.4,117266,59748,4563
RAMKY,26-APR-2021,65.35,67.25,63.35,67.25,48730,42959,308
RANASUG,26-APR-2021,10.25,10.45,9.85,10.05,1080109,711105,1942
RANEENGINE,26-APR-2021,282.45,282.45,268.5,271.75,3551,1704,256
RANEHOLDIN,26-APR-2021,616.0,621.05,578.0,583.25,33243,18026,2564
RATNAMANI,26-APR-2021,1945.0,1945.0,1900.0,1918.3,4147,2405,824
RAYMOND,26-APR-2021,320.2,322.5,318.0,319.3,208278,78617,4493
RBL,26-APR-2021,850.0,850.0,833.5,838.45,2957,1035,356
RBLBANK,26-APR-2021,181.8,185.2,179.7,184.2,12901261,1893509,62583
RCF,26-APR-2021,72.4,72.5,71.0,71.25,1356638,371764,7465
RCOM,26-APR-2021,1.55,1.6,1.55,1.6,4206332,3012794,2990
RECLTD,26-APR-2021,126.05,128.7,126.05,128.3,2550286,952671,15184
REDINGTON,26-APR-2021,172.1,177.7,172.1,174.75,132758,50162,4006
REFEX,26-APR-2021,156.55,161.9,141.0,142.55,3234487,979352,64409
RELAXO,26-APR-2021,891.9,898.1,857.95,860.35,176955,81685,13346
RELCAPITAL,26-APR-2021,9.95,9.95,9.3,9.45,1299694,742581,2289
RELIANCE,26-APR-2021,1920.0,1962.0,1911.5,1937.85,9620785,4276703,259137
RELIGARE,26-APR-2021,90.9,91.65,87.1,87.7,594020,409818,5112
RELINFRA,26-APR-2021,33.65,33.95,33.0,33.15,2356922,995467,4580
REMSONSIND,26-APR-2021,170.9,170.9,158.0,167.05,21425,9558,480
RENUKA,26-APR-2021,10.05,10.1,9.85,9.95,4571233,3189364,1577
REPCOHOME,26-APR-2021,314.1,324.95,312.0,320.05,165514,111977,3758
REPL,26-APR-2021,203.0,203.0,196.3,198.05,11026,6681,219
REPRO,26-APR-2021,341.05,352.65,341.05,347.85,2987,1165,353
RESPONIND,26-APR-2021,158.0,161.8,152.3,155.8,28065,10080,576
REVATHI,26-APR-2021,499.2,545.0,480.0,529.7,6704,3500,765
RGL,26-APR-2021,379.5,409.7,379.5,404.35,101339,37029,4815
RHFL,26-APR-2021,2.7,2.7,2.6,2.7,727631,657140,546
RICOAUTO,26-APR-2021,38.45,39.5,38.25,38.55,353342,130164,2341
RIIL,26-APR-2021,361.0,369.5,361.0,363.8,72907,21436,2344
RITES,26-APR-2021,240.3,243.6,237.55,242.4,205979,130147,5035
RKDL,26-APR-2021,9.9,10.3,9.25,9.65,28417,18569,248
RKEC,26-APR-2021,59.2,59.8,56.3,56.75,21470,14121,314
RKFORGE,26-APR-2021,529.75,539.0,504.4,522.5,28782,9485,1585
RML,26-APR-2021,343.0,351.85,338.05,340.3,10603,5417,733
ROHLTD,26-APR-2021,61.0,62.85,60.25,62.05,43087,25741,638
ROLTA,26-APR-2021,4.2,4.25,4.0,4.1,880420,608052,674
ROSSARI,26-APR-2021,1130.0,1154.0,1112.75,1122.55,99857,42454,7640
ROSSELLIND,26-APR-2021,106.1,107.75,104.2,106.5,7794,5750,245
ROUTE,26-APR-2021,1540.0,1574.0,1536.5,1550.0,182975,56777,16271
RPGLIFE,26-APR-2021,469.95,478.9,451.0,455.25,102733,35799,5638
RPOWER,26-APR-2021,4.55,4.6,4.4,4.45,16573231,11308651,6799
RPPINFRA,26-APR-2021,59.8,59.8,58.2,59.05,15208,8035,502
RPSGVENT,26-APR-2021,343.7,346.0,337.15,338.9,19137,10853,613
RSSOFTWARE,26-APR-2021,26.4,27.05,26.3,26.7,18174,11035,550
RSWM,26-APR-2021,175.0,178.0,169.5,172.4,20538,13089,422
RSYSTEMS,26-APR-2021,118.8,118.8,113.0,114.75,34932,23534,809
RTNINDIA,26-APR-2021,8.5,8.5,7.95,8.5,3721666,2244740,763
RTNPOWER,26-APR-2021,2.5,2.6,2.5,2.55,3406255,2228050,1708
RUBYMILLS,26-APR-2021,164.55,164.55,161.65,163.4,1401,821,90
RUCHI,26-APR-2021,724.1,724.1,680.0,693.95,80945,40518,5656
RUCHIRA,26-APR-2021,59.0,60.55,58.6,59.95,24015,19192,633
RUPA,26-APR-2021,300.1,303.05,295.5,297.35,18864,8005,736
RUSHIL,26-APR-2021,194.0,207.0,192.5,193.25,43642,25110,991
RVHL,26-APR-2021,17.1,17.9,16.9,17.25,105013,62239,519
RVNL,26-APR-2021,26.75,27.0,26.55,26.65,3507322,1329055,10246
SADBHAV,26-APR-2021,62.0,62.05,60.3,60.55,215835,105846,2161
SADBHIN,26-APR-2021,19.4,19.5,19.15,19.2,75593,59205,406
SAFARI,26-APR-2021,580.0,615.0,580.0,605.85,9029,5460,891
SAGARDEEP,26-APR-2021,32.55,33.25,32.45,32.9,2126,1323,85
SAGCEM,26-APR-2021,770.0,770.0,724.5,730.85,16349,9121,1266
SAIL,26-APR-2021,95.05,101.2,94.85,100.5,167027119,38082548,313413
SAKAR,26-APR-2021,119.5,119.5,111.0,113.3,52225,32937,1235
SAKHTISUG,26-APR-2021,9.85,10.1,9.8,9.8,58907,36196,210
SAKSOFT,26-APR-2021,489.0,500.0,475.0,480.75,42125,23596,2277
SAKUMA,26-APR-2021,4.95,5.0,4.8,4.9,133535,89987,274
SALASAR,26-APR-2021,466.0,466.0,455.0,462.1,20167,7505,523
SALONA,26-APR-2021,86.5,94.5,86.1,88.15,1677,642,140
SALSTEEL,26-APR-2021,4.8,4.8,4.6,4.65,110937,97350,210
SALZERELEC,26-APR-2021,120.0,123.95,119.4,120.3,30460,17839,904
SAMBHAAV,26-APR-2021,2.1,2.1,1.95,2.0,60612,51701,76
SANCO,26-APR-2021,8.75,8.75,8.15,8.65,23676,18688,96
SANDESH,26-APR-2021,646.0,669.0,636.0,641.5,934,337,270
SANDHAR,26-APR-2021,185.0,185.0,178.0,180.4,33536,18470,1523
SANGHIIND,26-APR-2021,42.05,42.85,42.0,42.3,518149,226107,2078
SANGHVIMOV,26-APR-2021,127.45,132.45,122.0,125.2,96206,56956,2674
SANGINITA,26-APR-2021,21.8,22.3,21.3,22.1,30325,28099,152
SANOFI,26-APR-2021,7599.0,7625.75,7424.65,7434.1,36856,24228,7243
SARDAEN,26-APR-2021,490.0,495.0,471.0,473.45,67436,38469,4606
SAREGAMA,26-APR-2021,1775.0,1804.05,1735.0,1760.25,23282,15264,2744
SARLAPOLY,26-APR-2021,25.25,25.95,25.05,25.45,87107,44956,673
SASKEN,26-APR-2021,932.0,943.7,928.3,930.65,27644,14630,2663
SASTASUNDR,26-APR-2021,177.7,179.0,165.0,165.8,175792,94686,3895
SATIA,26-APR-2021,79.2,83.7,79.15,81.4,38578,15021,506
SATIN,26-APR-2021,88.6,88.6,83.1,85.3,205072,153119,1303
SBICARD,26-APR-2021,963.8,971.9,911.0,919.35,2745958,1090839,115160
SBIETFIT,26-APR-2021,256.0,261.75,255.1,259.54,3416,1805,100
SBIETFPB,26-APR-2021,170.14,172.77,169.1,172.43,1556,1162,60
SBIETFQLTY,26-APR-2021,127.9,127.9,124.0,124.99,49496,49272,128
SBILIFE,26-APR-2021,919.15,946.9,916.0,942.5,3751088,2292134,66202
SBIN,26-APR-2021,339.25,347.45,339.25,344.3,49234985,11962001,306217
SCHAEFFLER,26-APR-2021,5020.25,5250.55,4975.0,5182.75,19756,10586,5543
SCHNEIDER,26-APR-2021,92.6,93.75,90.65,91.05,180492,94847,2858
SCI,26-APR-2021,101.9,103.8,100.4,101.15,1507116,594532,9185
SDBL,26-APR-2021,29.8,30.9,29.45,30.1,124295,64848,871
SEAMECLTD,26-APR-2021,424.75,424.75,408.05,411.15,7707,3297,326
SECURKLOUD,26-APR-2021,86.1,91.5,86.1,90.55,28691,18118,386
SELAN,26-APR-2021,119.9,120.35,118.55,119.1,11995,7338,530
SEQUENT,26-APR-2021,268.05,283.85,266.45,280.55,796596,364816,14852
SESHAPAPER,26-APR-2021,148.9,152.9,148.0,150.75,27654,19451,494
SETCO,26-APR-2021,15.9,16.7,15.75,16.7,700941,516101,1247
SETF10GILT,26-APR-2021,204.0,204.0,201.0,203.9,156,150,10
SETFGOLD,26-APR-2021,4249.0,4253.0,4210.0,4225.45,12963,9450,1610
SETFNIF50,26-APR-2021,148.95,148.96,146.06,146.68,140917,81695,1475
SETFNIFBK,26-APR-2021,318.0,324.19,318.0,321.07,54619,22890,1116
SETFNN50,26-APR-2021,362.99,362.99,352.96,357.33,9145,8141,431
SEYAIND,26-APR-2021,59.7,61.5,57.95,60.05,58880,34636,887
SFL,26-APR-2021,2055.0,2075.7,1992.0,2008.5,10222,4220,2071
SGL,26-APR-2021,8.25,8.6,8.05,8.1,36229,22751,534
SHAKTIPUMP,26-APR-2021,491.4,502.0,488.95,491.05,38940,22671,2044
SHALBY,26-APR-2021,113.05,115.85,113.05,114.0,792529,346342,6769
SHALPAINTS,26-APR-2021,86.05,86.95,83.9,85.0,42780,27294,879
SHANKARA,26-APR-2021,367.0,389.0,367.0,379.3,123627,53594,7489
SHANTIGEAR,26-APR-2021,131.7,136.25,130.85,135.15,61240,54514,622
SHARDACROP,26-APR-2021,302.0,311.0,295.1,308.4,221735,90329,7543
SHARDAMOTR,26-APR-2021,364.0,364.0,328.0,329.75,78831,53014,4785
SHAREINDIA,26-APR-2021,314.0,315.95,312.45,313.25,37668,8026,703
SHARIABEES,26-APR-2021,379.8,379.8,364.0,364.87,339,318,28
SHEMAROO,26-APR-2021,91.0,93.4,85.1,86.25,130348,77967,2733
SHIL,26-APR-2021,270.0,280.0,261.65,276.9,78820,52552,2044
SHILPAMED,26-APR-2021,444.0,448.0,425.35,429.0,533074,149679,11442
SHIVAMAUTO,26-APR-2021,16.85,17.45,16.35,17.25,33976,23878,403
SHIVATEX,26-APR-2021,133.65,133.8,128.65,132.75,2044,1510,89
SHK,26-APR-2021,129.65,134.8,128.85,130.6,689540,346070,7598
SHOPERSTOP,26-APR-2021,192.0,196.85,192.0,194.4,90304,24444,2312
SHREDIGCEM,26-APR-2021,67.5,71.9,67.5,71.35,2268677,831358,11279
SHREECEM,26-APR-2021,28249.0,28444.15,27951.05,28062.6,40346,11557,15326
SHREEPUSHK,26-APR-2021,144.0,149.0,144.0,147.15,43407,25286,900
SHREERAMA,26-APR-2021,9.45,11.2,9.4,10.15,151324,94247,600
SHRENIK,26-APR-2021,1.85,1.85,1.85,1.85,1129351,1129351,877
SHREYANIND,26-APR-2021,82.05,83.8,81.5,82.5,8611,6027,398
SHREYAS,26-APR-2021,76.15,78.35,75.3,76.4,20772,9865,538
SHRIRAMCIT,26-APR-2021,1428.4,1450.0,1400.75,1427.55,16757,10515,2741
SHRIRAMEPC,26-APR-2021,3.95,3.95,3.9,3.9,207094,184858,145
SHYAMCENT,26-APR-2021,5.6,5.6,5.2,5.5,14581,9455,127
SICAGEN,26-APR-2021,17.45,19.85,17.4,19.85,192896,138562,420
SICAL,26-APR-2021,13.75,13.85,12.75,12.75,507979,370591,1068
SIEMENS,26-APR-2021,1806.0,1833.35,1800.95,1810.15,183231,23668,11894
SIGIND,26-APR-2021,28.3,29.9,28.3,28.8,11144,6134,409
SILGO,26-APR-2021,51.9,53.7,51.0,51.3,32242,16537,329
SILINV,26-APR-2021,181.0,199.85,176.0,186.35,3042,2323,172
SIMBHALS,26-APR-2021,8.4,8.6,8.35,8.6,89611,67212,144
SIMPLEXINF,26-APR-2021,28.6,29.8,28.25,29.6,84307,43989,842
SINTERCOM,26-APR-2021,81.35,82.55,76.1,76.2,1940,1584,56
SIS,26-APR-2021,359.75,360.7,354.0,357.05,140801,77501,6054
SITINET,26-APR-2021,0.8,0.85,0.8,0.8,3719691,3665788,831
SIYSIL,26-APR-2021,187.6,193.05,187.6,189.15,34195,19972,1043
SJVN,26-APR-2021,25.4,25.75,24.95,25.1,1947167,1181230,4555
SKFINDIA,26-APR-2021,2220.0,2259.75,2202.05,2210.45,17819,8787,2476
SKIPPER,26-APR-2021,56.0,56.0,52.2,54.2,132895,72413,1372
SKMEGGPROD,26-APR-2021,49.15,52.2,48.75,51.35,79913,43819,927
SMARTLINK,26-APR-2021,86.0,86.4,84.0,85.6,8542,6720,253
SMCGLOBAL,26-APR-2021,70.4,70.7,69.5,70.0,9799,7633,146
SMLISUZU,26-APR-2021,455.0,466.05,450.0,451.85,10697,4035,821
SMSLIFE,26-APR-2021,625.2,633.85,605.0,606.9,12290,5670,1198
SMSPHARMA,26-APR-2021,154.1,154.9,148.1,151.2,287662,97179,5427
SNOWMAN,26-APR-2021,55.25,56.25,53.65,54.55,5462119,1994398,22490
SOBHA,26-APR-2021,510.0,515.2,491.05,492.85,182194,53430,7565
SOLARA,26-APR-2021,1537.0,1537.0,1494.0,1509.0,69445,24982,6958
SOLARINDS,26-APR-2021,1256.0,1265.0,1225.1,1231.15,16385,11832,1164
SOMANYCERA,26-APR-2021,415.0,423.1,414.25,417.65,60179,50537,1410
SONATSOFTW,26-APR-2021,574.9,600.0,560.0,562.6,88003,47639,4152
SORILINFRA,26-APR-2021,125.0,131.5,122.95,123.95,82774,37320,1560
SOTL,26-APR-2021,989.15,1075.05,984.1,1060.0,34792,16243,4394
SOUTHBANK,26-APR-2021,7.9,8.0,7.85,7.9,5549917,2752261,9873
SOUTHWEST,26-APR-2021,43.55,43.8,40.5,40.95,23037,17683,238
SPAL,26-APR-2021,155.0,157.7,144.95,146.45,80837,64543,1269
SPANDANA,26-APR-2021,524.75,533.0,522.45,524.15,22424,11827,1406
SPARC,26-APR-2021,177.0,179.05,170.0,171.0,653393,236113,9556
SPECIALITY,26-APR-2021,39.7,40.6,39.0,40.15,60615,45126,625
SPENCERS,26-APR-2021,68.55,69.7,67.6,68.0,156244,92458,2074
SPIC,26-APR-2021,31.0,31.3,28.8,29.1,816131,519478,3216
SPICEJET,26-APR-2021,61.95,63.65,61.2,62.0,3191586,1434808,17063
SPLIL,26-APR-2021,33.0,35.9,33.0,35.05,76122,37186,813
SPMLINFRA,26-APR-2021,10.0,10.0,9.4,10.0,31750,25964,130
SPTL,26-APR-2021,3.1,3.2,3.05,3.1,1047275,535139,626
SPYL,26-APR-2021,0.35,0.4,0.35,0.35,423392,273803,319
SREEL,26-APR-2021,136.6,142.95,136.6,140.95,6787,4476,210
SREINFRA,26-APR-2021,7.2,7.3,7.05,7.3,2948983,2159683,1868
SRF,26-APR-2021,6202.0,6402.3,6115.2,6203.2,137823,26976,17992
SRHHYPOLTD,26-APR-2021,252.85,295.9,249.05,295.9,156634,87803,4621
SRIPIPES,26-APR-2021,178.4,184.0,174.95,180.0,73207,29040,1479
SRTRANSFIN,26-APR-2021,1379.0,1379.55,1326.6,1339.1,2676531,1157943,89168
SSWL,26-APR-2021,663.9,685.4,662.0,665.9,25899,15035,1653
STAR,26-APR-2021,925.3,928.0,905.1,908.65,574314,169644,15323
STARCEMENT,26-APR-2021,97.0,99.35,96.5,98.5,143625,70966,2268
STARPAPER,26-APR-2021,110.75,113.8,109.85,111.75,20582,11111,522
STCINDIA,26-APR-2021,75.45,77.15,74.4,74.8,12625,7633,412
STEELCITY,26-APR-2021,35.0,37.5,34.3,36.4,22321,16204,248
STEELXIND,26-APR-2021,63.9,63.9,60.25,61.55,50938,35111,951
STERTOOLS,26-APR-2021,179.65,182.0,178.35,180.2,7839,5166,267
STLTECH,26-APR-2021,236.4,239.0,231.75,235.8,523786,270181,10315
STOVEKRAFT,26-APR-2021,467.5,476.8,467.5,471.35,55897,19919,3326
SUBEXLTD,26-APR-2021,53.0,56.5,51.4,55.15,19299087,6054688,49607
SUBROS,26-APR-2021,305.95,305.95,292.25,295.35,25286,11145,1319
SUDARSCHEM,26-APR-2021,546.2,556.85,546.2,554.1,93088,48563,3927
SUMICHEM,26-APR-2021,302.0,302.0,295.0,296.1,283494,109724,6873
SUMIT,26-APR-2021,9.4,9.75,9.35,9.45,28988,24663,94
SUMMITSEC,26-APR-2021,506.05,506.05,495.95,498.15,2439,2093,178
SUNCLAYLTD,26-APR-2021,2982.05,3068.0,2981.3,2997.75,6141,3868,1251
SUNDARAM,26-APR-2021,1.15,1.25,1.15,1.2,454736,233277,196
SUNDARMFIN,26-APR-2021,2326.0,2360.0,2300.55,2316.8,18370,8640,1929
SUNDARMHLD,26-APR-2021,73.0,73.9,69.3,71.35,242811,141255,2332
SUNDRMBRAK,26-APR-2021,325.15,336.9,321.9,327.95,6833,2918,242
SUNDRMFAST,26-APR-2021,681.0,694.25,677.0,685.0,40687,21822,3407
SUNFLAG,26-APR-2021,69.8,74.4,68.95,71.1,3020382,697642,21321
SUNPHARMA,26-APR-2021,644.0,644.0,631.0,634.7,6527947,1899919,102313
SUNTECK,26-APR-2021,281.0,282.9,274.85,278.2,199756,100781,2516
SUNTV,26-APR-2021,457.45,468.55,457.0,466.6,1509176,538828,23821
SUPERHOUSE,26-APR-2021,117.9,118.9,113.35,115.2,5560,2752,221
SUPERSPIN,26-APR-2021,4.6,4.75,4.4,4.6,34502,24105,104
SUPPETRO,26-APR-2021,670.9,700.0,651.55,683.8,338293,186129,10911
SUPRAJIT,26-APR-2021,254.0,260.1,252.2,255.5,95699,41033,4054
SUPREMEENG,26-APR-2021,24.9,25.45,24.8,25.15,14832,14721,51
SUPREMEIND,26-APR-2021,2003.0,2003.0,1979.6,1992.85,67053,47073,9715
SURANAT&P,26-APR-2021,4.35,4.5,4.1,4.2,26931,19660,101
SURYALAXMI,26-APR-2021,31.05,31.05,29.05,29.5,2193,1543,49
SURYAROSNI,26-APR-2021,358.2,375.8,358.2,371.75,174761,78410,6449
SURYODAY,26-APR-2021,250.0,251.8,245.6,246.3,59416,33752,4099
SUTLEJTEX,26-APR-2021,38.95,38.95,37.55,38.4,26575,21190,274
SUVEN,26-APR-2021,104.3,105.8,99.0,100.2,1834987,777889,19113
SUVENPHAR,26-APR-2021,550.0,559.35,526.7,545.95,625600,301409,25598
SUVIDHAA,26-APR-2021,41.55,41.55,41.55,41.55,4087,4087,79
SUZLON,26-APR-2021,4.5,4.7,4.5,4.7,9068460,5070484,6371
SWANENERGY,26-APR-2021,135.9,137.35,133.4,134.7,151525,28124,3937
SWARAJENG,26-APR-2021,1480.0,1500.0,1467.6,1476.4,35641,17064,5630
SWELECTES,26-APR-2021,195.0,201.95,195.0,199.65,15199,11859,388
SWSOLAR,26-APR-2021,329.9,333.0,319.3,323.35,855599,416186,17162
SYMPHONY,26-APR-2021,1190.95,1214.8,1190.95,1208.65,56676,20508,6953
SYNGENE,26-APR-2021,601.0,608.7,589.2,598.95,268460,116313,8745
TAINWALCHM,26-APR-2021,57.1,68.55,57.1,68.55,53356,27189,614
TAJGVK,26-APR-2021,105.0,107.55,103.5,107.0,182956,103994,4743
TAKE,26-APR-2021,50.05,51.2,49.5,49.9,1455585,349147,6516
TALBROAUTO,26-APR-2021,193.8,207.8,193.8,198.55,46589,15604,1094
TANLA,26-APR-2021,910.0,910.0,872.65,878.35,106201,63016,6269
TARC,26-APR-2021,28.15,29.25,28.1,28.35,147895,93576,1279
TARMAT,26-APR-2021,45.95,46.0,44.5,45.15,3103,2165,90
TASTYBITE,26-APR-2021,15600.0,15981.0,15565.0,15746.05,1943,752,893
TATACHEM,26-APR-2021,731.0,742.0,728.0,733.65,2818442,303888,45197
TATACOFFEE,26-APR-2021,126.9,129.15,124.75,126.7,2918315,647847,20341
TATACOMM,26-APR-2021,1132.2,1162.0,1132.2,1157.05,419803,231871,23294
TATACONSUM,26-APR-2021,667.0,675.0,662.05,670.2,1845322,650991,36853
TATAELXSI,26-APR-2021,3264.0,3269.85,3165.0,3202.85,274316,80852,28788
TATAINVEST,26-APR-2021,1010.0,1026.45,998.8,1018.5,28500,11605,2668
TATAMETALI,26-APR-2021,896.0,915.0,887.45,896.2,277832,73386,9423
TATAMOTORS,26-APR-2021,297.0,299.0,294.6,295.4,30583139,3291167,173282
TATAMTRDVR,26-APR-2021,129.6,130.1,127.6,128.25,1269147,542595,9406
TATAPOWER,26-APR-2021,95.7,97.15,95.5,96.3,24546834,3095003,60894
TATASTEEL,26-APR-2021,935.0,956.0,930.05,940.75,21234858,4584617,274958
TATASTLBSL,26-APR-2021,61.3,63.0,60.9,62.4,18285779,7127803,47068
TATASTLLP,26-APR-2021,812.6,842.5,812.6,833.0,158949,97533,5165
TBZ,26-APR-2021,62.0,62.4,60.5,61.5,36712,20189,753
TCI,26-APR-2021,269.0,269.0,264.5,266.15,28621,17749,1116
TCIDEVELOP,26-APR-2021,305.0,315.5,297.05,300.1,325,61,107
TCIEXP,26-APR-2021,888.0,900.0,867.35,877.6,18681,9668,3046
TCIFINANCE,26-APR-2021,5.35,5.35,5.3,5.3,446,446,9
TCNSBRANDS,26-APR-2021,488.0,494.4,482.7,487.1,22354,10271,1639
TCPLPACK,26-APR-2021,392.75,413.95,386.0,392.4,2963,1747,296
TCS,26-APR-2021,3102.05,3153.0,3088.05,3100.8,2490260,1345353,87012
TDPOWERSYS,26-APR-2021,155.05,162.0,154.55,160.7,38383,31785,579
TEAMLEASE,26-APR-2021,3120.0,3127.0,3026.05,3074.8,33733,26151,6290
TECHM,26-APR-2021,951.0,970.0,937.0,962.2,5053998,1947524,84936
TECHNOE,26-APR-2021,292.1,297.8,289.15,291.2,14452,6889,701
TEJASNET,26-APR-2021,193.55,193.55,193.55,193.55,113777,113577,590
TEMBO,26-APR-2021,126.8,145.8,124.85,139.65,654083,227319,9420
TERASOFT,26-APR-2021,37.7,41.15,36.25,41.15,161887,71191,916
TEXINFRA,26-APR-2021,70.5,71.0,69.85,70.6,41481,31541,437
TEXMOPIPES,26-APR-2021,27.4,27.4,26.5,26.85,95675,65354,769
TEXRAIL,26-APR-2021,25.45,25.5,25.0,25.1,182668,121999,837
TFCILTD,26-APR-2021,59.5,59.6,57.0,58.1,129338,88568,1143
TGBHOTELS,26-APR-2021,4.25,4.75,4.25,4.4,23882,12512,115
THANGAMAYL,26-APR-2021,613.9,613.9,606.8,610.95,3857,2126,264
THEINVEST,26-APR-2021,91.9,91.9,86.05,89.7,2292,1732,98
THEMISMED,26-APR-2021,379.0,380.0,355.25,370.95,56506,32551,2344
THERMAX,26-APR-2021,1405.0,1432.0,1400.0,1410.75,53412,24648,6021
THOMASCOOK,26-APR-2021,46.6,47.1,46.05,47.1,331692,252146,1383
THYROCARE,26-APR-2021,1028.6,1032.45,1002.3,1005.4,175537,64117,7270
TI,26-APR-2021,33.25,39.15,32.35,39.0,4210267,1512201,11364
TIDEWATER,26-APR-2021,4498.6,4554.95,4481.0,4524.05,2025,1070,586
TIIL,26-APR-2021,370.05,380.05,369.85,378.7,11802,6848,475
TIINDIA,26-APR-2021,1144.0,1144.0,1097.05,1123.2,204089,192110,2829
TIL,26-APR-2021,159.5,161.0,159.0,159.7,1813,1371,63
TIMESGTY,26-APR-2021,56.6,56.6,54.25,56.6,49813,30158,357
TIMETECHNO,26-APR-2021,78.7,82.7,78.6,79.6,1836872,786850,15960
TIMKEN,26-APR-2021,1325.5,1375.0,1311.1,1363.45,108512,93907,4328
TINPLATE,26-APR-2021,173.4,179.4,172.3,175.95,1253132,504197,18086
TIRUMALCHM,26-APR-2021,89.35,90.5,88.55,89.2,367874,125042,2997
TITAN,26-APR-2021,1470.0,1489.75,1465.15,1479.85,1020499,228386,39416
TMRVL,26-APR-2021,11.3,11.4,10.8,11.2,20659,14673,179
TNPETRO,26-APR-2021,73.65,74.9,72.0,72.45,1220543,630069,8822
TNPL,26-APR-2021,135.25,138.15,134.35,134.95,172004,142269,1801
TOKYOPLAST,26-APR-2021,71.85,71.9,70.0,70.05,1363,907,26
TORNTPHARM,26-APR-2021,2520.0,2544.55,2506.6,2511.45,150499,50639,10041
TORNTPOWER,26-APR-2021,397.0,397.95,388.6,391.45,377310,106098,10036
TOTAL,26-APR-2021,43.95,45.9,42.05,45.9,196600,122898,1120
TPLPLASTEH,26-APR-2021,234.0,239.95,208.0,209.7,181006,54339,5881
TREEHOUSE,26-APR-2021,9.0,9.25,8.8,8.95,59854,38000,120
TREJHARA,26-APR-2021,32.5,32.6,29.95,30.25,44610,36605,320
TRENT,26-APR-2021,780.9,787.0,761.85,780.5,824311,340825,28389
TRF,26-APR-2021,88.25,89.75,87.05,88.05,5211,4245,178
TRIDENT,26-APR-2021,13.6,13.7,13.5,13.6,5655823,2958017,12243
TRIGYN,26-APR-2021,68.95,81.65,68.1,81.65,692062,362577,6708
TRIL,26-APR-2021,17.55,17.9,17.3,17.65,70005,49746,272
TRITURBINE,26-APR-2021,102.15,103.55,101.0,101.45,31968,16837,848
TRIVENI,26-APR-2021,113.6,116.7,111.7,113.05,1346679,446063,15831
TTKHLTCARE,26-APR-2021,702.9,708.8,660.0,680.6,71147,22508,4924
TTKPRESTIG,26-APR-2021,7671.45,7745.8,7515.0,7687.8,6566,3181,2401
TTL,26-APR-2021,42.2,50.55,42.15,49.7,84324,46295,1036
TV18BRDCST,26-APR-2021,34.7,34.8,33.05,33.9,10541556,4593047,18095
TVSMOTOR,26-APR-2021,533.0,555.1,530.25,552.7,2031184,467869,33705
TVSSRICHAK,26-APR-2021,1705.0,1733.0,1705.0,1717.95,6632,3564,958
TVTODAY,26-APR-2021,287.0,290.15,278.0,279.15,33342,16909,1402
TWL,26-APR-2021,47.45,47.45,46.3,46.55,149868,45030,3061
UBL,26-APR-2021,1145.5,1161.15,1127.75,1143.25,650339,287415,30364
UCALFUEL,26-APR-2021,130.1,131.5,129.05,130.45,15940,8859,405
UCOBANK,26-APR-2021,11.0,11.05,10.95,10.95,3374462,1167551,12745
UFLEX,26-APR-2021,368.95,387.0,368.95,383.25,257244,69220,9295
UFO,26-APR-2021,71.35,73.95,71.0,71.3,50060,27992,728
UGARSUGAR,26-APR-2021,18.3,18.8,17.75,17.85,346001,156653,1340
UJJIVAN,26-APR-2021,194.9,195.55,191.75,192.1,467195,230502,12936
UJJIVANSFB,26-APR-2021,27.0,27.35,26.7,26.75,2942002,1558364,7196
ULTRACEMCO,26-APR-2021,6131.8,6293.0,6111.25,6275.9,697792,184834,75412
UMANGDAIRY,26-APR-2021,53.95,55.8,52.8,54.95,18011,8618,265
UNICHEMLAB,26-APR-2021,337.9,357.7,333.3,347.85,228047,93021,9874
UNIDT,26-APR-2021,325.0,325.0,296.0,299.7,6381,4195,269
UNIENTER,26-APR-2021,75.45,77.4,73.05,76.15,6976,2695,316
UNIONBANK,26-APR-2021,33.0,33.4,32.85,33.05,3839845,860801,6996
UNITEDTEA,26-APR-2021,309.9,309.9,293.0,293.45,667,470,44
UNIVCABLES,26-APR-2021,135.05,138.95,134.1,136.05,9697,6876,316
UNIVPHOTO,26-APR-2021,194.0,194.0,182.05,182.95,2244,1501,217
UPL,26-APR-2021,587.1,597.9,585.9,590.65,3162291,431594,46535
USHAMART,26-APR-2021,38.7,43.0,38.0,42.35,9295648,2801314,23963
UTIAMC,26-APR-2021,568.8,593.05,567.45,591.1,214794,95129,10749
UTIBANKETF,26-APR-2021,32.77,32.77,31.9,32.2,20975,18912,131
UTINEXT50,26-APR-2021,35.1,36.3,35.02,35.2,11712,5928,155
UTINIFTETF,26-APR-2021,1491.38,1520.0,1491.38,1514.05,354,243,56
UTISENSETF,26-APR-2021,509.99,509.99,501.0,504.68,833,744,92
UTISXN50,26-APR-2021,42.52,42.52,40.29,40.8,2107,1621,108
UTTAMSUGAR,26-APR-2021,105.1,108.0,102.85,103.8,116704,41741,2871
V2RETAIL,26-APR-2021,109.95,111.0,106.1,107.45,106778,96803,692
VADILALIND,26-APR-2021,900.2,928.15,900.2,921.1,6532,3051,720
VAIBHAVGBL,26-APR-2021,4110.0,4199.95,4061.0,4108.7,45728,23824,10271
VAKRANGEE,26-APR-2021,52.55,53.65,52.0,52.3,2641547,2272190,5497
VALIANTORG,26-APR-2021,1400.0,1418.95,1385.0,1389.95,14311,9561,1491
VARDHACRLC,26-APR-2021,36.0,36.3,35.3,35.6,13678,9892,114
VARDMNPOLY,26-APR-2021,19.5,19.85,18.5,19.85,162750,107125,852
VARROC,26-APR-2021,375.0,379.0,361.55,372.9,74367,43022,4173
VASCONEQ,26-APR-2021,15.85,16.45,15.85,15.95,120446,91179,669
VASWANI,26-APR-2021,9.3,9.65,8.9,9.2,16480,11058,83
VBL,26-APR-2021,886.0,903.35,885.0,899.05,342656,210546,13746
VEDL,26-APR-2021,229.6,239.7,229.6,236.65,16763872,5690581,70776
VENKEYS,26-APR-2021,1545.0,1545.0,1518.0,1525.9,28316,14047,2363
VENUSREM,26-APR-2021,339.4,345.05,322.05,322.05,76550,45920,1609
VERTOZ,26-APR-2021,264.0,269.9,252.0,261.8,501806,187052,6586
VESUVIUS,26-APR-2021,1089.95,1089.95,1048.6,1077.65,10010,5402,911
VETO,26-APR-2021,134.9,134.9,127.5,130.15,26439,16260,453
VGUARD,26-APR-2021,223.4,226.3,223.4,223.85,236334,124185,6490
VHL,26-APR-2021,1680.05,1689.9,1639.05,1649.9,2835,277,1113
VIDHIING,26-APR-2021,187.7,189.0,184.0,186.65,37609,24284,1237
VIJIFIN,26-APR-2021,0.6,0.65,0.6,0.6,57055,56410,84
VIKASECO,26-APR-2021,2.1,2.2,2.0,2.2,12046321,5022004,2788
VIKASMCORP,26-APR-2021,2.95,2.95,2.9,2.95,5016221,2328017,2664
VIKASPROP,26-APR-2021,2.35,2.4,2.3,2.35,844493,564790,544
VIKASWSP,26-APR-2021,7.3,7.3,6.8,6.95,1154423,830870,1278
VIMTALABS,26-APR-2021,204.95,242.75,202.6,242.75,1335338,328719,19876
VINATIORGA,26-APR-2021,1670.0,1710.0,1647.0,1666.35,106970,31617,11787
VINDHYATEL,26-APR-2021,775.0,798.5,775.0,790.95,8571,6331,801
VINYLINDIA,26-APR-2021,122.75,140.0,117.85,137.1,1553455,424032,26148
VIPIND,26-APR-2021,332.0,336.0,327.8,335.0,151328,70747,5378
VISAKAIND,26-APR-2021,570.0,579.05,546.2,551.75,193526,70216,15415
VISASTEEL,26-APR-2021,6.6,6.6,6.2,6.45,13491,8898,113
VISHAL,26-APR-2021,53.9,53.9,50.45,50.6,56839,30539,570
VISHNU,26-APR-2021,349.0,352.1,344.0,352.1,14111,11692,239
VISHWARAJ,26-APR-2021,110.7,114.75,110.0,111.85,42184,20650,1355
VIVIMEDLAB,26-APR-2021,35.55,37.7,35.0,37.7,2618435,1184831,6338
VLSFINANCE,26-APR-2021,84.25,92.0,81.1,86.35,394007,140684,3854
VMART,26-APR-2021,2573.8,2644.85,2564.9,2616.8,8203,3155,1740
VOLTAMP,26-APR-2021,1067.05,1077.4,1044.0,1059.75,5937,3726,974
VOLTAS,26-APR-2021,947.6,950.05,940.65,946.15,768299,359968,23813
VRLLOG,26-APR-2021,218.25,219.1,215.2,216.35,49844,19965,2258
VSSL,26-APR-2021,161.1,178.0,161.1,175.6,447537,155464,7568
VSTIND,26-APR-2021,3257.3,3360.25,3240.05,3318.65,8181,5148,2329
VSTTILLERS,26-APR-2021,1747.1,1761.9,1741.95,1748.7,3991,2302,901
VTL,26-APR-2021,1129.8,1210.0,1126.7,1195.75,53748,20409,5553
WABAG,26-APR-2021,248.2,250.9,245.0,247.9,235641,117802,8363
WABCOINDIA,26-APR-2021,6445.0,6547.8,6444.95,6517.15,5247,3875,1219
WALCHANNAG,26-APR-2021,56.05,57.1,55.85,56.05,129694,41832,2224
WATERBASE,26-APR-2021,108.0,109.55,105.7,106.15,94159,45694,2149
WEALTH,26-APR-2021,119.1,125.45,118.75,122.0,825,698,34
WEBELSOLAR,26-APR-2021,43.4,43.5,42.5,43.1,78146,48272,562
WEIZMANIND,26-APR-2021,44.5,44.5,40.45,41.95,6518,4355,152
WELCORP,26-APR-2021,140.0,145.3,138.5,144.2,963680,442060,11909
WELENT,26-APR-2021,99.5,100.95,98.25,99.8,110112,61337,1822
WELINV,26-APR-2021,399.45,399.45,382.95,385.75,423,220,52
WELSPUNIND,26-APR-2021,79.05,80.9,78.5,79.35,894825,446343,8991
WENDT,26-APR-2021,3400.0,3486.6,3217.55,3253.55,2240,1308,621
WESTLIFE,26-APR-2021,412.1,426.0,409.0,421.85,203776,163344,2837
WHEELS,26-APR-2021,427.0,456.95,421.05,426.35,22175,13906,1059
WHIRLPOOL,26-APR-2021,2145.0,2199.0,2144.85,2174.95,110890,42102,8971
WILLAMAGOR,26-APR-2021,17.15,17.4,16.7,16.85,7570,5982,103
WINDMACHIN,26-APR-2021,28.5,30.7,28.5,30.7,483361,68950,793
WIPRO,26-APR-2021,479.4,483.85,477.0,480.3,9314644,3081057,89443
WOCKPHARMA,26-APR-2021,509.9,529.6,503.5,516.9,3425189,537972,70564
WONDERLA,26-APR-2021,180.9,184.45,178.1,179.0,61429,36908,2822
WORTH,26-APR-2021,47.75,48.95,45.55,47.95,22984,14107,250
WSTCSTPAPR,26-APR-2021,197.5,203.8,197.35,201.75,150891,72167,2832
XCHANGING,26-APR-2021,62.8,64.45,62.8,63.2,44114,26762,768
XELPMOC,26-APR-2021,291.0,294.7,280.0,284.35,38841,18528,4501
YAARII,26-APR-2021,99.0,102.6,93.2,94.7,966057,458471,10065
YESBANK,26-APR-2021,14.05,14.2,14.0,14.05,73016298,26077828,57597
ZEEL,26-APR-2021,190.6,191.1,185.1,186.4,8542755,2340188,52374
ZEELEARN,26-APR-2021,10.1,10.3,10.1,10.15,279778,180907,590
ZEEMEDIA,26-APR-2021,6.4,6.5,6.3,6.4,894317,588585,1181
ZENITHEXPO,26-APR-2021,69.95,69.95,64.3,65.75,2653,436,128
ZENSARTECH,26-APR-2021,270.0,275.0,266.1,268.65,98400,59639,2411
ZENTEC,26-APR-2021,75.6,78.7,75.0,76.65,85518,48209,1646
ZODIACLOTH,26-APR-2021,90.0,90.0,87.0,87.75,23126,18524,340
ZODJRDMKJ,26-APR-2021,24.75,26.2,24.75,25.85,5117,1331,301
ZOTA,26-APR-2021,159.85,159.85,154.55,154.95,21741,11244,533
ZUARI,26-APR-2021,90.8,90.8,88.0,88.45,34688,24679,858
ZYDUSWELL,26-APR-2021,2299.0,2299.0,2131.6,2162.7,398597,134521,46424
