20MICRONS,14-JUN-2021,68.5,68.9,63.7,66.95,292224,150619,3254
21STCENMGM,14-JUN-2021,18.1,18.1,18.1,18.1,6411,6411,21
3MINDIA,14-JUN-2021,25981.0,26623.85,25799.05,25883.35,3573,1736,2214
3PLAND,14-JUN-2021,14.1,14.1,13.6,14.0,56241,47660,206
5PAISA,14-JUN-2021,394.5,398.85,389.9,398.85,108710,74147,2390
AAKASH,14-JUN-2021,168.85,182.45,168.85,176.0,56126,18498,497
AARTIDRUGS,14-JUN-2021,732.85,734.5,720.25,725.9,308300,163422,21189
AARTIIND,14-JUN-2021,1830.0,1854.75,1788.0,1842.0,908774,244397,45084
AARTISURF,14-JUN-2021,1399.95,1400.0,1370.0,1379.0,24487,13908,3253
AARVI,14-JUN-2021,69.0,70.0,66.65,67.55,43006,30439,743
AAVAS,14-JUN-2021,2525.0,2575.0,2471.05,2520.55,52700,16249,8669
ABAN,14-JUN-2021,50.65,50.65,46.3,47.8,315748,174047,2765
ABB,14-JUN-2021,1659.0,1672.3,1601.0,1660.6,124292,39487,7640
ABBOTINDIA,14-JUN-2021,16400.0,16554.75,16137.05,16290.7,30110,20363,5294
ABCAPITAL,14-JUN-2021,125.5,125.5,122.25,123.7,1909555,732507,13274
ABFRL,14-JUN-2021,207.85,208.0,201.5,205.85,1573182,534128,12308
ABMINTLTD,14-JUN-2021,72.0,72.0,68.2,68.55,1892,1180,61
ABSLBANETF,14-JUN-2021,344.85,351.15,341.0,347.04,897,222,114
ABSLNN50ET,14-JUN-2021,393.0,403.0,389.95,394.75,170,131,36
ACC,14-JUN-2021,2022.0,2043.5,1990.05,2040.55,262106,49377,14361
ACCELYA,14-JUN-2021,1214.8,1229.8,1165.95,1188.35,395925,178752,17306
ACCURACY,14-JUN-2021,83.15,85.0,80.4,84.9,24865,18608,327
ACE,14-JUN-2021,201.4,212.05,196.2,206.45,4217509,1268552,56165
ACRYSIL,14-JUN-2021,540.85,549.7,520.0,534.75,168516,61326,8651
ADANIENT,14-JUN-2021,1441.45,1529.95,1201.2,1501.45,43530006,3193722,1125572
ADANIPORTS,14-JUN-2021,755.8,783.7,681.1,768.45,89771631,15189854,1357995
ADFFOODS,14-JUN-2021,997.0,1000.9,970.0,981.85,39458,16642,3595
ADORWELD,14-JUN-2021,610.0,610.0,580.0,602.55,67369,49187,3334
ADROITINFO,14-JUN-2021,11.2,11.45,10.95,11.15,26783,17417,219
ADSL,14-JUN-2021,61.95,62.0,58.25,60.55,172003,113244,1570
ADVANIHOTR,14-JUN-2021,68.0,68.5,64.5,66.3,15381,7761,513
ADVENZYMES,14-JUN-2021,415.0,418.0,401.25,411.45,214615,82874,7782
AEGISCHEM,14-JUN-2021,380.0,381.85,361.55,365.0,651162,308284,16378
AGARIND,14-JUN-2021,248.95,265.0,235.25,263.55,103258,54714,2687
AGRITECH,14-JUN-2021,47.25,47.3,46.1,46.8,7321,5077,155
AGROPHOS,14-JUN-2021,14.9,14.9,14.2,14.6,150551,57909,736
AHLADA,14-JUN-2021,174.7,178.95,157.1,174.0,95386,49022,1858
AHLEAST,14-JUN-2021,178.5,179.95,174.05,177.15,1826,1191,130
AHLUCONT,14-JUN-2021,318.05,320.95,309.5,314.3,14003,7172,846
AHLWEST,14-JUN-2021,216.0,217.45,210.05,216.1,11204,6911,604
AIAENG,14-JUN-2021,1989.0,1989.0,1951.3,1963.85,36941,26535,2734
AIRAN,14-JUN-2021,24.25,24.25,22.5,23.95,111322,75067,883
AJANTPHARM,14-JUN-2021,1969.65,1972.0,1911.9,1938.95,122520,84557,11532
AJMERA,14-JUN-2021,184.95,195.9,179.0,189.45,1055344,294248,19475
AKASH,14-JUN-2021,225.45,232.05,218.35,221.95,39125,32414,535
AKG,14-JUN-2021,30.6,30.6,29.1,29.6,5786,4854,66
AKSHARCHEM,14-JUN-2021,343.0,372.35,319.95,357.2,246772,91458,10125
AKZOINDIA,14-JUN-2021,2325.0,2335.0,2290.85,2303.55,25196,12785,3449
ALANKIT,14-JUN-2021,21.15,22.2,20.55,21.8,1063534,582042,3979
ALBERTDAVD,14-JUN-2021,497.3,549.8,497.05,530.3,576632,151429,27643
ALEMBICLTD,14-JUN-2021,131.9,131.9,124.1,129.4,837780,249921,9230
ALICON,14-JUN-2021,550.0,561.0,546.05,552.8,8116,4302,850
ALKALI,14-JUN-2021,71.5,71.5,67.5,69.45,78778,43479,2237
ALKEM,14-JUN-2021,3205.0,3259.0,3145.6,3223.5,395229,136505,24482
ALKYLAMINE,14-JUN-2021,3585.5,3620.95,3522.0,3565.05,58667,26341,9701
ALLCARGO,14-JUN-2021,144.2,144.7,137.15,140.95,481933,197446,5305
ALLSEC,14-JUN-2021,395.1,404.0,387.05,400.0,21164,10875,2165
ALMONDZ,14-JUN-2021,47.65,47.65,44.7,46.25,29051,25195,259
ALOKINDS,14-JUN-2021,30.0,31.7,25.25,31.05,162451470,39991665,229797
ALPHAGEO,14-JUN-2021,284.8,285.0,272.55,279.45,31542,16935,1708
ALPSINDUS,14-JUN-2021,2.75,2.75,2.75,2.75,83248,81825,82
AMARAJABAT,14-JUN-2021,764.0,774.95,750.0,769.3,2854192,939918,65301
AMBER,14-JUN-2021,2798.0,2808.35,2740.0,2798.95,67333,29007,10384
AMBICAAGAR,14-JUN-2021,22.55,23.7,22.5,23.25,41812,32934,253
AMBIKCO,14-JUN-2021,1240.55,1245.0,1181.1,1188.8,63751,34991,6653
AMBUJACEM,14-JUN-2021,337.9,340.9,332.5,340.35,1670528,459902,19142
AMDIND,14-JUN-2021,24.25,24.25,22.8,23.55,49278,29326,258
AMJLAND,14-JUN-2021,31.5,31.85,29.25,30.45,96274,52853,874
AMRUTANJAN,14-JUN-2021,709.0,728.0,687.05,695.55,80254,38827,4984
ANDHRAPAP,14-JUN-2021,247.15,247.55,238.45,243.1,39421,20186,1605
ANDHRSUGAR,14-JUN-2021,432.1,445.4,420.4,433.75,126738,33970,5361
ANGELBRKG,14-JUN-2021,852.1,872.0,821.3,852.4,269429,110873,12002
ANIKINDS,14-JUN-2021,20.5,20.8,19.35,19.6,99519,56298,397
ANMOL,14-JUN-2021,167.0,167.0,158.5,159.95,25405,3884,212
ANSALAPI,14-JUN-2021,9.2,9.45,8.7,8.9,585050,362862,812
ANSALHSG,14-JUN-2021,8.55,8.85,8.15,8.75,199558,131978,460
ANUP,14-JUN-2021,909.0,909.0,877.0,881.25,44018,25336,2686
ANURAS,14-JUN-2021,791.5,808.0,753.1,757.3,520041,172628,22448
APARINDS,14-JUN-2021,534.8,548.7,516.0,547.05,138227,85948,6201
APCL,14-JUN-2021,343.2,350.0,320.45,342.75,129169,67366,5654
APCOTEXIND,14-JUN-2021,322.8,327.8,316.15,319.75,98955,61057,4270
APEX,14-JUN-2021,268.0,274.2,262.25,269.05,143165,49098,4157
APLAPOLLO,14-JUN-2021,1444.0,1470.0,1405.0,1446.15,314701,204745,12701
APLLTD,14-JUN-2021,1011.95,1014.85,985.35,994.6,864005,595165,13748
APOLLO,14-JUN-2021,118.9,119.65,114.7,116.45,180260,99690,3402
APOLLOHOSP,14-JUN-2021,3345.0,3360.0,3285.0,3350.2,317756,104456,34666
APOLLOPIPE,14-JUN-2021,1043.8,1060.0,1006.1,1020.7,37036,22663,3432
APOLLOTYRE,14-JUN-2021,239.0,239.5,233.05,237.4,2084657,385646,18295
APOLSINHOT,14-JUN-2021,853.75,858.9,815.0,828.9,5605,3374,528
APTECHT,14-JUN-2021,244.5,246.5,229.05,240.55,397781,121721,10136
ARCHIES,14-JUN-2021,17.4,17.4,15.6,16.6,477674,204551,1334
ARENTERP,14-JUN-2021,13.9,14.85,13.45,14.6,7190,3609,80
ARIES,14-JUN-2021,130.65,132.35,126.0,128.25,339295,69144,9704
ARIHANT,14-JUN-2021,31.35,31.35,28.45,29.45,18245,14004,321
ARMANFIN,14-JUN-2021,629.3,644.05,613.55,634.95,6978,3704,693
AROGRANITE,14-JUN-2021,53.15,54.0,52.2,53.6,42034,27175,526
ARSHIYA,14-JUN-2021,36.5,37.8,34.5,36.55,198250,136942,1161
ARVIND,14-JUN-2021,85.35,89.5,82.05,86.95,1886402,851620,13636
ARVINDFASN,14-JUN-2021,140.9,141.8,138.0,141.15,439623,272610,5360
ARVSMART,14-JUN-2021,110.9,111.95,107.15,109.75,124024,61439,2161
ASAHIINDIA,14-JUN-2021,339.0,349.9,334.75,338.45,291657,76619,9092
ASAHISONG,14-JUN-2021,363.95,365.85,347.05,358.15,39538,25575,2695
ASAL,14-JUN-2021,47.3,50.5,45.1,49.7,89341,47135,760
ASALCBR,14-JUN-2021,458.5,458.5,442.45,450.5,27803,16543,2454
ASHIANA,14-JUN-2021,136.5,138.85,131.5,133.7,53578,31108,1542
ASHOKA,14-JUN-2021,101.0,101.0,95.1,98.8,2719045,955240,14966
ASHOKLEY,14-JUN-2021,131.05,131.05,127.3,129.75,13500838,4552622,53402
ASIANHOTNR,14-JUN-2021,93.6,95.95,92.5,93.45,25641,18615,560
ASIANPAINT,14-JUN-2021,2955.1,2970.0,2916.5,2949.9,746823,371926,36101
ASIANTILES,14-JUN-2021,190.85,193.5,185.1,190.05,1115788,500807,12026
ASPINWALL,14-JUN-2021,208.6,210.0,203.95,205.2,3638,2813,107
ASTEC,14-JUN-2021,1397.7,1400.0,1365.0,1373.65,18493,8905,2452
ASTERDM,14-JUN-2021,160.5,163.95,152.15,162.0,2055355,712968,21767
ASTRAL,14-JUN-2021,1946.5,1955.5,1890.0,1948.55,267011,135943,24102
ASTRAMICRO,14-JUN-2021,172.0,176.0,161.25,169.0,1275730,582309,19450
ASTRAZEN,14-JUN-2021,3780.4,3900.0,3740.0,3813.6,96987,19946,12322
ASTRON,14-JUN-2021,50.65,50.9,48.3,49.7,65994,38465,707
ATFL,14-JUN-2021,975.3,995.0,945.05,976.6,19926,8511,2094
ATLANTA,14-JUN-2021,13.7,13.7,12.4,13.7,235409,158956,967
ATUL,14-JUN-2021,8852.0,8969.6,8817.95,8894.7,72176,66311,2858
ATULAUTO,14-JUN-2021,199.9,199.9,193.0,194.8,206349,117660,5529
AUBANK,14-JUN-2021,1050.0,1079.5,1011.55,1070.0,2489156,883127,72062
AURIONPRO,14-JUN-2021,159.3,159.45,152.6,154.4,51029,26140,2043
AUROPHARMA,14-JUN-2021,1014.6,1018.0,982.3,994.3,3167944,1283136,63626
AUSOMENT,14-JUN-2021,73.25,73.25,70.6,71.8,22674,13453,364
AUTOAXLES,14-JUN-2021,1351.0,1361.7,1305.1,1341.35,11487,5284,1975
AUTOIND,14-JUN-2021,50.0,50.9,47.25,49.45,147065,85392,1510
AVADHSUGAR,14-JUN-2021,353.95,364.65,328.4,353.95,234343,58224,7511
AVANTIFEED,14-JUN-2021,569.0,589.0,561.0,576.75,669693,116249,16543
AVTNPL,14-JUN-2021,69.85,69.85,65.5,67.45,328267,143334,3917
AWHCL,14-JUN-2021,335.55,336.0,327.75,329.9,70719,35057,2976
AXISBANK,14-JUN-2021,735.9,741.4,725.0,736.25,5190670,1915636,77501
AXISBNKETF,14-JUN-2021,345.67,348.72,344.0,348.46,1766,1019,69
AXISBPSETF,14-JUN-2021,10.17,10.19,10.17,10.17,36792,35211,116
AXISCADES,14-JUN-2021,96.9,96.9,88.3,92.35,708484,271597,9170
AXISGOLD,14-JUN-2021,41.21,42.29,41.21,41.99,182595,165403,3763
AXISHCETF,14-JUN-2021,87.2,90.0,86.53,87.08,17794,12703,427
AXISNIFTY,14-JUN-2021,189.75,189.75,162.57,164.48,5610,3473,236
AXISTECETF,14-JUN-2021,270.05,332.5,270.05,275.81,6372,3034,252
AYMSYNTEX,14-JUN-2021,73.0,73.0,68.0,69.95,181679,138871,1955
BAFNAPH,14-JUN-2021,144.5,148.0,140.5,145.95,14841,9292,443
BAJAJ-AUTO,14-JUN-2021,4173.0,4195.5,4127.15,4146.5,200657,72793,21911
BAJAJCON,14-JUN-2021,298.4,299.0,286.05,293.95,1082114,219980,31755
BAJAJELEC,14-JUN-2021,1054.35,1055.25,1035.0,1047.05,58360,25255,4705
BAJAJFINSV,14-JUN-2021,11851.0,12015.0,11671.65,11926.15,288785,40491,38858
BAJAJHIND,14-JUN-2021,16.25,16.25,14.75,16.1,36575668,17974266,28192
BAJAJHLDNG,14-JUN-2021,3525.0,3525.3,3477.95,3498.5,28252,19009,3678
BAJFINANCE,14-JUN-2021,6069.7,6249.0,5975.6,6194.15,2633601,287338,167342
BALAJITELE,14-JUN-2021,70.8,72.0,66.55,69.05,1258122,348353,10270
BALAMINES,14-JUN-2021,2690.0,2719.0,2608.4,2664.2,70389,35895,7623
BALAXI,14-JUN-2021,624.5,624.5,597.75,608.4,4164,2256,385
BALKRISIND,14-JUN-2021,2244.8,2281.6,2215.0,2272.5,307836,75432,18171
BALMLAWRIE,14-JUN-2021,140.85,141.0,136.1,139.85,381672,143245,4881
BALRAMCHIN,14-JUN-2021,347.0,363.4,328.05,356.75,2167553,773425,36469
BANARBEADS,14-JUN-2021,57.3,59.15,56.5,56.95,7355,5753,122
BANARISUG,14-JUN-2021,1850.05,1850.05,1805.65,1817.95,2025,850,530
BANCOINDIA,14-JUN-2021,171.2,171.4,165.7,168.55,154653,74839,4315
BANDHANBNK,14-JUN-2021,319.45,319.45,313.1,316.85,3544995,1123297,39130
BANG,14-JUN-2021,32.75,32.75,31.2,31.45,7831,5277,99
BANKA,14-JUN-2021,68.45,70.45,68.0,69.15,11882,7892,286
BANKBARODA,14-JUN-2021,84.0,85.85,81.0,84.95,78345224,21211432,133910
BANKBEES,14-JUN-2021,357.9,357.9,345.1,350.78,532218,180198,8520
BANKINDIA,14-JUN-2021,80.6,80.95,78.1,79.2,6897282,1689623,21056
BANSWRAS,14-JUN-2021,176.45,178.45,171.95,175.4,18940,11602,722
BARBEQUE,14-JUN-2021,834.0,839.75,808.5,818.45,143946,72660,8248
BASF,14-JUN-2021,2515.0,2549.8,2477.0,2530.2,25259,13591,3076
BATAINDIA,14-JUN-2021,1633.15,1645.0,1602.35,1641.25,384607,81587,17330
BAYERCROP,14-JUN-2021,5519.5,5665.0,5420.0,5593.7,55573,26919,10240
BBL,14-JUN-2021,1320.0,1320.0,1289.85,1299.95,15901,10365,1854
BBTC,14-JUN-2021,1313.0,1365.4,1309.3,1346.9,548892,232471,22561
BCG,14-JUN-2021,12.65,13.15,12.65,12.65,10275768,7169655,5387
BCLIND,14-JUN-2021,198.5,198.5,185.0,194.4,159605,77787,4668
BCP,14-JUN-2021,4.6,4.6,4.2,4.2,1593369,1188223,1639
BDL,14-JUN-2021,363.0,365.0,357.0,359.65,141830,72896,4637
BECTORFOOD,14-JUN-2021,419.1,421.3,408.0,418.8,265726,113922,7558
BEDMUTHA,14-JUN-2021,40.3,40.3,36.2,36.85,107087,64324,805
BEL,14-JUN-2021,153.0,153.35,147.55,151.75,8844427,2378690,57877
BEML,14-JUN-2021,1372.0,1389.9,1341.5,1370.65,2165324,558576,65512
BEPL,14-JUN-2021,182.55,192.0,172.05,188.85,2454982,788092,31098
BERGEPAINT,14-JUN-2021,806.1,812.0,795.3,809.65,414243,125926,12751
BESTAGRO,14-JUN-2021,297.95,305.15,284.05,298.95,45805,38260,551
BFINVEST,14-JUN-2021,375.0,375.0,341.35,358.2,306000,55611,11859
BFUTILITIE,14-JUN-2021,435.75,438.0,396.85,415.95,1863810,438300,45094
BGRENERGY,14-JUN-2021,71.25,71.7,64.25,67.6,596918,239900,5271
BHAGERIA,14-JUN-2021,252.0,252.0,234.1,246.2,268593,118597,8931
BHAGYANGR,14-JUN-2021,55.95,57.0,52.0,54.3,81249,54243,714
BHAGYAPROP,14-JUN-2021,28.3,28.95,28.1,28.25,39164,32093,295
BHANDARI,14-JUN-2021,3.25,3.25,3.05,3.2,420553,245926,1158
BHARATFORG,14-JUN-2021,750.0,751.0,725.0,740.7,1779662,345095,34977
BHARATGEAR,14-JUN-2021,110.3,111.95,103.0,106.25,106575,57827,2998
BHARATRAS,14-JUN-2021,12878.0,12899.0,12610.0,12680.3,1990,1142,813
BHARATWIRE,14-JUN-2021,60.5,61.0,56.45,57.3,39846,24214,310
BHARTIARTL,14-JUN-2021,540.85,540.85,529.3,539.35,5609077,2583845,68150
BHEL,14-JUN-2021,69.4,69.75,61.65,67.4,188258380,46828358,419688
BIGBLOC,14-JUN-2021,103.9,109.95,97.0,106.85,29691,20190,522
BINDALAGRO,14-JUN-2021,28.1,28.9,25.55,27.65,993742,376070,4914
BIOCON,14-JUN-2021,415.0,415.0,405.05,412.05,1526684,467894,23595
BIOFILCHEM,14-JUN-2021,73.45,73.45,65.0,70.65,62936,42252,1084
BIRLACABLE,14-JUN-2021,92.4,95.0,88.1,91.85,1492279,624254,17801
BIRLACORPN,14-JUN-2021,1241.8,1248.25,1216.05,1230.45,125329,93767,6583
BIRLAMONEY,14-JUN-2021,54.9,60.95,53.0,58.7,1833221,747136,11358
BIRLATYRE,14-JUN-2021,28.15,28.15,27.05,27.6,426591,272312,2704
BLBLIMITED,14-JUN-2021,8.9,9.15,7.6,8.6,266744,129613,687
BLISSGVS,14-JUN-2021,114.95,115.15,111.5,114.1,518238,231315,6005
BLKASHYAP,14-JUN-2021,24.1,26.25,22.3,25.9,1240392,734827,2472
BLS,14-JUN-2021,129.0,129.1,122.15,125.35,289188,142629,4357
BLUEDART,14-JUN-2021,5962.95,5999.95,5790.55,5837.0,29100,15836,5802
BLUESTARCO,14-JUN-2021,828.1,833.95,809.35,820.5,97314,35643,6592
BODALCHEM,14-JUN-2021,111.0,111.1,105.2,107.55,804091,335664,8471
BOMDYEING,14-JUN-2021,89.0,89.0,84.2,86.75,5971656,1757391,23935
BOROLTD,14-JUN-2021,218.75,219.35,213.65,215.95,139777,69960,3300
BOSCHLTD,14-JUN-2021,15950.0,15981.0,15554.3,15914.6,33998,9060,8912
BPCL,14-JUN-2021,483.95,485.0,476.0,483.7,3618826,1678474,49244
BPL,14-JUN-2021,36.9,36.9,35.4,36.25,297933,149497,2550
BRFL,14-JUN-2021,8.45,8.55,7.7,7.95,2774039,2016800,2349
BRIGADE,14-JUN-2021,280.95,289.0,270.55,281.05,751012,231305,13416
BRITANNIA,14-JUN-2021,3557.9,3598.0,3510.45,3591.25,312420,137693,28472
BRNL,14-JUN-2021,32.95,33.2,31.0,32.3,83565,52402,1316
BROOKS,14-JUN-2021,101.95,106.0,98.0,100.35,26318,13999,405
BSE,14-JUN-2021,928.9,941.0,896.15,930.6,593876,180632,20567
BSELINFRA,14-JUN-2021,1.6,1.6,1.6,1.6,65578,65578,24
BSHSL,14-JUN-2021,192.55,198.0,189.0,189.9,7248,6166,152
BSL,14-JUN-2021,56.95,58.85,54.95,56.35,59163,34542,890
BSLGOLDETF,14-JUN-2021,4465.8,4465.8,4411.0,4418.05,502,371,142
BSLNIFTY,14-JUN-2021,175.49,190.0,170.52,174.25,1838,719,136
BSOFT,14-JUN-2021,405.9,408.0,388.0,397.75,2669248,963799,76783
BURGERKING,14-JUN-2021,161.45,164.6,155.5,161.35,3290878,1484017,31392
CADILAHC,14-JUN-2021,668.5,668.55,639.15,655.4,4142058,986812,50613
CALSOFT,14-JUN-2021,18.45,18.45,17.0,18.45,469398,336588,1392
CAMLINFINE,14-JUN-2021,175.35,176.0,169.5,172.55,412624,210440,7707
CAMS,14-JUN-2021,2804.9,2860.0,2725.5,2843.7,278036,71127,32983
CANBK,14-JUN-2021,155.9,155.9,150.0,154.75,13771699,2963045,68889
CANFINHOME,14-JUN-2021,529.1,529.95,515.0,522.35,567181,250913,13494
CANTABIL,14-JUN-2021,394.9,394.9,385.05,387.5,160107,41581,5534
CAPACITE,14-JUN-2021,212.0,219.4,207.05,209.8,1199744,563062,23391
CAPLIPOINT,14-JUN-2021,667.0,691.75,645.55,674.55,1407547,321102,53532
CAPTRUST,14-JUN-2021,95.05,96.0,93.15,94.75,9445,4072,204
CARBORUNIV,14-JUN-2021,579.9,579.9,562.5,570.05,185909,113016,9102
CAREERP,14-JUN-2021,142.3,142.3,137.0,139.6,55907,34445,1286
CARERATING,14-JUN-2021,629.0,651.7,610.1,630.7,2168896,619651,61506
CASTROLIND,14-JUN-2021,148.95,151.45,144.2,149.8,2053961,677788,18363
CCL,14-JUN-2021,358.9,358.9,347.2,349.15,295600,159777,13563
CDSL,14-JUN-2021,979.5,995.7,955.0,985.95,451943,247962,26866
CEATLTD,14-JUN-2021,1380.0,1391.0,1343.6,1363.8,239564,70840,12860
CEBBCO,14-JUN-2021,24.7,24.7,24.7,24.7,60664,60664,104
CELEBRITY,14-JUN-2021,7.95,7.95,7.25,7.95,105057,69588,298
CENTENKA,14-JUN-2021,396.0,400.0,384.2,395.4,110927,49821,4572
CENTEXT,14-JUN-2021,8.4,8.6,8.0,8.4,974888,552994,1718
CENTRALBK,14-JUN-2021,21.6,21.8,20.0,20.75,10873999,5454679,18025
CENTRUM,14-JUN-2021,45.65,45.8,41.35,42.3,4622017,2307840,12125
CENTUM,14-JUN-2021,431.9,431.9,416.0,418.0,15443,10542,953
CENTURYPLY,14-JUN-2021,421.45,422.75,412.05,414.0,245766,161117,8561
CENTURYTEX,14-JUN-2021,570.0,588.0,550.05,569.65,1331261,147588,18281
CERA,14-JUN-2021,4360.4,4437.6,4320.0,4376.8,18827,4905,4834
CEREBRAINT,14-JUN-2021,66.25,66.75,64.1,66.2,1572573,890333,5067
CESC,14-JUN-2021,769.9,774.6,728.55,767.15,650944,250882,19220
CGCL,14-JUN-2021,534.0,536.0,525.3,530.75,146529,111080,2433
CHALET,14-JUN-2021,182.4,182.4,175.85,180.0,132029,61370,3338
CHAMBLFERT,14-JUN-2021,289.0,290.9,283.0,283.95,1225494,645492,24613
CHEMBOND,14-JUN-2021,213.8,214.35,201.2,209.6,47374,25291,2029
CHEMCON,14-JUN-2021,487.95,495.0,466.6,492.65,417265,113341,15037
CHEMFAB,14-JUN-2021,153.6,159.0,145.25,157.05,61699,42361,1240
CHENNPETRO,14-JUN-2021,134.2,134.45,127.1,130.95,758488,340176,7241
CHOLAFIN,14-JUN-2021,563.0,571.2,551.7,569.9,3122051,867404,47628
CHOLAHLDNG,14-JUN-2021,685.05,698.85,673.0,676.25,100374,61675,5529
CIGNITITEC,14-JUN-2021,474.7,478.0,451.05,463.3,231044,127471,12156
CINELINE,14-JUN-2021,43.7,43.7,41.35,42.35,91291,54345,930
CIPLA,14-JUN-2021,972.7,979.0,957.0,976.15,2377279,711877,56344
CLEDUCATE,14-JUN-2021,113.8,118.7,110.15,112.75,39355,22570,721
CLNINDIA,14-JUN-2021,555.15,605.8,537.25,596.05,541532,188936,25338
CLSEL,14-JUN-2021,130.65,130.65,126.1,128.35,60137,31929,1573
CMICABLES,14-JUN-2021,48.65,52.0,48.0,50.4,94968,54644,610
COALINDIA,14-JUN-2021,164.0,164.0,155.55,159.35,30836595,7157404,134152
COCHINSHIP,14-JUN-2021,416.0,426.0,413.0,418.3,2241773,814614,40010
COFFEEDAY,14-JUN-2021,40.1,40.1,38.5,38.95,1662644,978212,9476
COFORGE,14-JUN-2021,4013.95,4013.95,3873.05,3908.45,446759,132207,54159
COLPAL,14-JUN-2021,1701.2,1710.0,1683.1,1690.05,246040,119018,13779
COMPINFO,14-JUN-2021,27.5,27.85,25.5,26.5,368855,206938,1480
COMPUSOFT,14-JUN-2021,14.9,15.2,13.65,14.55,624152,306277,1897
CONCOR,14-JUN-2021,684.9,688.0,669.2,681.1,3786048,2102849,81765
CONFIPET,14-JUN-2021,64.3,64.7,59.7,62.8,1422754,772694,7919
CONSOFINVT,14-JUN-2021,99.9,99.9,95.0,95.3,31644,27556,216
CONTROLPR,14-JUN-2021,367.85,367.85,345.65,353.8,24177,12850,1825
CORALFINAC,14-JUN-2021,36.0,36.4,33.45,35.05,142104,70117,1487
CORDSCABLE,14-JUN-2021,56.0,56.0,53.3,55.3,83655,39985,1178
COROMANDEL,14-JUN-2021,852.75,853.9,833.1,841.8,170412,76323,10650
COSMOFILMS,14-JUN-2021,862.8,864.95,825.0,842.6,103964,48142,5204
COUNCODOS,14-JUN-2021,3.6,3.6,3.6,3.6,86169,86164,107
CPSEETF,14-JUN-2021,26.77,26.84,26.1,26.8,3763577,2896826,64400
CRAFTSMAN,14-JUN-2021,1797.0,1798.0,1718.15,1786.45,36421,14726,4865
CREATIVE,14-JUN-2021,93.0,93.9,89.7,90.4,117166,62246,2201
CREATIVEYE,14-JUN-2021,3.3,3.3,3.3,3.3,510,510,3
CREDITACC,14-JUN-2021,728.0,728.0,698.6,716.85,70273,25340,3940
CREST,14-JUN-2021,101.25,108.8,97.15,105.6,157739,58774,1903
CRISIL,14-JUN-2021,2366.2,2390.0,2236.0,2376.0,132909,49967,11483
CROMPTON,14-JUN-2021,429.0,429.0,418.0,421.35,1609266,1095526,66863
CSBBANK,14-JUN-2021,335.0,339.0,325.95,333.2,212787,78814,5192
CTE,14-JUN-2021,37.0,37.45,35.0,37.45,88593,62177,458
CUB,14-JUN-2021,170.0,172.25,166.5,169.85,2842585,1073157,17465
CUMMINSIND,14-JUN-2021,835.5,835.5,811.1,829.9,672798,200847,17430
CUPID,14-JUN-2021,222.0,224.85,219.35,223.5,104467,58094,3275
CYBERMEDIA,14-JUN-2021,10.7,10.7,9.8,10.45,30421,17081,301
CYBERTECH,14-JUN-2021,151.0,151.9,145.0,147.65,137907,70311,3429
CYIENT,14-JUN-2021,820.0,838.0,800.35,819.55,155377,69403,10674
DAAWAT,14-JUN-2021,78.0,78.25,75.6,76.2,1297797,685518,11136
DABUR,14-JUN-2021,564.95,571.4,560.25,568.45,1628291,764571,47378
DALBHARAT,14-JUN-2021,1786.5,1820.0,1772.35,1799.15,82531,63247,7059
DALMIASUG,14-JUN-2021,402.05,413.7,380.0,405.65,301551,83228,10985
DAMODARIND,14-JUN-2021,39.65,39.65,35.85,37.6,32385,13339,336
DATAMATICS,14-JUN-2021,152.0,152.3,143.85,146.65,321065,106256,7501
DBCORP,14-JUN-2021,112.4,116.5,107.55,114.15,1091623,294953,14198
DBL,14-JUN-2021,561.6,565.95,546.6,555.15,307823,167890,8302
DBREALTY,14-JUN-2021,27.5,28.0,25.7,26.55,1518724,880302,4410
DCAL,14-JUN-2021,214.05,223.55,203.0,214.2,859251,362679,12276
DCBBANK,14-JUN-2021,113.0,113.75,107.15,111.35,5594400,1630120,39369
DCM,14-JUN-2021,42.5,42.5,39.0,41.75,86438,42909,644
DCMFINSERV,14-JUN-2021,2.5,2.5,2.3,2.3,84307,79884,149
DCMNVL,14-JUN-2021,131.85,132.0,125.95,131.25,60236,39948,624
DCMSHRIRAM,14-JUN-2021,730.0,760.55,703.05,749.45,427662,75777,15882
DCW,14-JUN-2021,37.3,38.4,35.65,37.6,2673599,949277,8497
DECCANCE,14-JUN-2021,545.05,548.8,524.0,541.2,183872,96073,8338
DEEPAKFERT,14-JUN-2021,395.95,456.4,370.1,448.1,4683128,1202032,77312
DEEPAKNTR,14-JUN-2021,1792.0,1800.0,1755.55,1769.8,921598,360146,56754
DEEPENR,14-JUN-2021,48.0,48.0,44.15,45.2,144466,80677,1440
DEEPINDS,14-JUN-2021,88.0,88.0,82.1,83.5,126392,83730,1917
DELTACORP,14-JUN-2021,181.05,183.0,175.25,180.25,2087725,706081,22089
DELTAMAGNT,14-JUN-2021,53.6,53.6,48.6,49.75,49466,32246,935
DEN,14-JUN-2021,60.85,64.2,57.15,62.3,10550012,4478994,32723
DENORA,14-JUN-2021,355.0,358.6,341.15,353.75,17799,7296,1025
DFMFOODS,14-JUN-2021,440.0,440.0,396.05,408.1,1440885,518151,35456
DGCONTENT,14-JUN-2021,12.0,13.85,10.5,13.85,1192658,630649,2821
DHAMPURSUG,14-JUN-2021,343.1,351.0,326.0,346.95,909114,277643,15296
DHANBANK,14-JUN-2021,15.0,15.1,14.6,14.85,618615,315070,1475
DHANI,14-JUN-2021,201.0,201.0,192.95,196.65,846943,510593,9932
DHANUKA,14-JUN-2021,968.0,1019.9,946.6,979.95,1159379,219094,40986
DHARSUGAR,14-JUN-2021,16.55,16.55,15.05,16.55,627131,353546,1806
DHUNINV,14-JUN-2021,519.0,519.0,476.35,490.15,5560,3279,372
DIAMONDYD,14-JUN-2021,638.0,725.0,609.05,695.2,540260,96268,24605
DICIND,14-JUN-2021,479.9,490.0,466.55,484.95,14666,8651,1265
DISHTV,14-JUN-2021,15.45,15.45,14.35,15.1,10382927,5817037,12519
DIVISLAB,14-JUN-2021,4334.65,4410.0,4311.0,4388.05,540274,185239,36045
DIXON,14-JUN-2021,4175.0,4211.0,4092.5,4177.6,143615,58855,21793
DLF,14-JUN-2021,313.95,314.0,290.65,299.2,22458184,2906338,173892
DLINKINDIA,14-JUN-2021,121.5,125.5,120.0,121.65,1325465,679968,15158
DMART,14-JUN-2021,3180.0,3294.0,3108.05,3274.1,735981,256463,52343
DNAMEDIA,14-JUN-2021,3.0,3.0,2.8,3.0,660212,430495,377
DOLAT,14-JUN-2021,73.65,80.35,71.6,77.35,1480119,556522,16308
DOLLAR,14-JUN-2021,321.05,324.7,306.35,311.8,214771,126628,7535
DONEAR,14-JUN-2021,38.0,40.2,37.3,39.95,201483,118920,1654
DPABHUSHAN,14-JUN-2021,164.6,164.6,152.55,157.8,10013,7738,126
DPSCLTD,14-JUN-2021,17.95,18.15,16.0,16.45,370716,282347,1608
DPWIRES,14-JUN-2021,177.9,178.0,165.0,169.8,53163,33421,2371
DREDGECORP,14-JUN-2021,408.65,410.2,396.55,398.9,140421,60981,4270
DRREDDY,14-JUN-2021,5453.0,5515.0,5370.0,5461.35,897942,265397,76407
DSSL,14-JUN-2021,154.9,169.0,140.1,164.75,141918,61382,4106
DTIL,14-JUN-2021,402.0,404.6,370.35,376.7,36958,19780,1991
DUCON,14-JUN-2021,11.15,11.8,10.7,11.8,587046,372329,1183
DVL,14-JUN-2021,194.0,198.0,186.25,190.65,149401,85050,4489
DWARKESH,14-JUN-2021,70.0,74.5,65.0,73.15,11655267,3542420,39115
DYNAMATECH,14-JUN-2021,1500.0,1500.0,1447.85,1461.35,5164,2659,706
DYNPRO,14-JUN-2021,493.05,495.6,477.5,487.65,50557,28786,3110
EASEMYTRIP,14-JUN-2021,440.0,440.0,399.1,419.75,3553526,1107651,68275
EBANK,14-JUN-2021,3754.06,3754.06,3754.06,3754.06,6,6,1
EBBETF0423,14-JUN-2021,1137.25,1138.0,1136.54,1137.94,8121,7954,2165
EBBETF0425,14-JUN-2021,1049.5,1051.5,1049.5,1051.2,7043,7043,46
EBBETF0430,14-JUN-2021,1166.55,1166.99,1160.0,1164.66,14445,12797,361
EBBETF0431,14-JUN-2021,1045.0,1048.99,1045.0,1048.21,12497,12115,160
EBIXFOREX,14-JUN-2021,646.1,668.95,600.0,629.05,6847,4329,609
ECLERX,14-JUN-2021,1730.0,1875.0,1700.2,1769.9,754996,220572,65544
EDELWEISS,14-JUN-2021,75.7,76.0,69.15,73.55,8511913,2754279,30431
EICHERMOT,14-JUN-2021,2740.0,2771.85,2711.0,2744.95,525550,140934,40426
EIDPARRY,14-JUN-2021,442.4,447.0,426.05,436.3,686456,227508,15802
EIHAHOTELS,14-JUN-2021,345.0,363.75,333.1,355.15,38915,16513,1529
EIHOTEL,14-JUN-2021,113.55,119.75,112.1,117.3,1493682,485667,15122
EIMCOELECO,14-JUN-2021,375.0,387.9,373.45,384.1,4684,1151,757
ELECON,14-JUN-2021,125.0,125.15,116.7,121.1,1109428,380725,11688
ELECTCAST,14-JUN-2021,34.75,38.0,33.15,37.85,6099432,3754745,12742
ELECTHERM,14-JUN-2021,144.3,164.45,140.8,157.9,561917,194597,12940
ELGIEQUIP,14-JUN-2021,215.1,216.65,207.65,210.3,68524,38925,2516
ELGIRUBCO,14-JUN-2021,37.0,37.0,34.05,34.8,79218,47766,594
EMAMILTD,14-JUN-2021,544.8,544.8,530.0,536.65,415101,257630,24928
EMAMIPAP,14-JUN-2021,153.85,153.85,146.6,148.0,35800,20341,1040
EMAMIREAL,14-JUN-2021,59.9,59.9,56.7,58.95,43017,24683,557
EMKAY,14-JUN-2021,78.05,80.0,76.05,79.35,79814,43578,1533
EMMBI,14-JUN-2021,105.5,105.95,100.55,103.35,75635,43874,2370
ENDURANCE,14-JUN-2021,1497.25,1594.65,1480.5,1577.9,235170,73506,20181
ENERGYDEV,14-JUN-2021,12.4,12.7,11.6,12.5,252919,146885,646
ENGINERSIN,14-JUN-2021,84.35,85.5,82.25,83.9,3600943,1442007,16250
ENIL,14-JUN-2021,193.4,198.0,187.75,196.35,536160,296677,8889
EPL,14-JUN-2021,253.4,261.55,249.55,252.7,540054,361627,10359
EQ30,14-JUN-2021,415.0,415.0,385.0,395.1,1411,823,215
EQUITAS,14-JUN-2021,94.55,95.2,91.8,94.0,937535,453122,8740
EQUITASBNK,14-JUN-2021,60.55,60.6,59.0,59.9,832713,671880,2323
ERIS,14-JUN-2021,710.9,710.95,691.0,709.25,91868,58350,6248
EROSMEDIA,14-JUN-2021,30.85,32.5,30.0,31.8,481661,247097,2249
ESABINDIA,14-JUN-2021,1800.0,1838.0,1784.85,1822.35,6105,2857,881
ESCORTS,14-JUN-2021,1227.95,1227.95,1192.6,1216.4,1333252,313823,52382
ESSARSHPNG,14-JUN-2021,13.15,13.15,12.7,12.7,182464,165713,498
ESTER,14-JUN-2021,142.75,145.3,137.85,140.85,226205,81184,3181
EUROTEXIND,14-JUN-2021,7.95,7.95,7.95,7.95,260,260,3
EVEREADY,14-JUN-2021,332.9,334.95,315.65,332.9,504101,282155,18307
EVERESTIND,14-JUN-2021,382.95,382.95,369.95,372.35,103779,67584,3183
EXCELINDUS,14-JUN-2021,1071.8,1084.6,1042.7,1068.6,16313,8008,2437
EXIDEIND,14-JUN-2021,192.35,192.6,188.1,191.2,1702331,625188,20748
EXPLEOSOL,14-JUN-2021,673.0,687.1,635.0,669.4,63291,30460,4336
FACT,14-JUN-2021,125.6,127.55,121.1,124.9,363269,79124,6831
FAIRCHEMOR,14-JUN-2021,1320.0,1484.7,1320.0,1425.5,185381,71189,13534
FCL,14-JUN-2021,93.0,93.5,88.0,91.65,606438,201124,7160
FCONSUMER,14-JUN-2021,10.1,10.55,8.75,10.0,119381545,34782249,61873
FDC,14-JUN-2021,338.0,394.9,337.5,381.3,8380748,1101274,115086
FEDERALBNK,14-JUN-2021,86.05,86.05,83.35,85.3,15538471,4463715,55740
FEL,14-JUN-2021,12.7,12.75,11.5,12.75,6492940,4214337,6484
FELDVR,14-JUN-2021,15.4,15.45,14.1,15.45,465455,207611,965
FIEMIND,14-JUN-2021,656.0,663.8,636.0,650.0,29616,15547,2707
FILATEX,14-JUN-2021,110.35,113.85,107.35,110.65,2184733,937472,25442
FINCABLES,14-JUN-2021,501.0,507.3,471.95,500.85,518778,198366,13089
FINEORG,14-JUN-2021,2980.0,2980.0,2925.0,2930.4,37820,24760,5524
FINPIPE,14-JUN-2021,173.0,174.0,167.85,169.8,419725,202956,7575
FLFL,14-JUN-2021,72.5,77.6,68.0,77.6,1206543,422591,8657
FLUOROCHEM,14-JUN-2021,1135.0,1135.0,1045.0,1127.1,186815,87111,8984
FMGOETZE,14-JUN-2021,342.0,344.85,328.0,334.45,324547,142558,7162
FMNL,14-JUN-2021,18.3,18.3,16.95,18.3,178638,91064,560
FORCEMOT,14-JUN-2021,1275.0,1275.0,1236.95,1245.5,68009,22063,6043
FORTIS,14-JUN-2021,234.4,236.5,228.3,234.3,3115538,1881652,22401
FOSECOIND,14-JUN-2021,1420.9,1420.95,1380.0,1392.15,2673,1284,825
FRETAIL,14-JUN-2021,63.3,66.05,58.1,66.05,12594270,5146825,50563
FSC,14-JUN-2021,99.9,106.75,94.45,106.05,1121612,295146,10351
FSL,14-JUN-2021,164.4,169.2,155.1,167.15,5079566,1263329,40874
G5,14-JUN-2021,48.61,48.61,48.55,48.55,436,321,10
GABRIEL,14-JUN-2021,127.5,128.0,123.25,124.9,356827,208407,7138
GAEL,14-JUN-2021,167.7,168.1,162.0,165.05,357993,174465,5890
GAIL,14-JUN-2021,164.4,164.6,160.1,163.15,17062675,6873596,93606
GALAXYSURF,14-JUN-2021,3120.35,3120.35,3041.0,3098.8,38468,23782,6618
GALLANTT,14-JUN-2021,67.4,70.85,63.8,68.35,393523,179737,4917
GALLISPAT,14-JUN-2021,52.4,57.15,51.3,53.7,470353,164456,4640
GAMMNINFRA,14-JUN-2021,2.1,2.1,2.1,2.1,853448,853448,253
GANDHITUBE,14-JUN-2021,326.35,348.0,318.0,338.9,31931,20172,1559
GANECOS,14-JUN-2021,548.85,555.35,547.0,549.3,10633,8630,540
GANESHHOUC,14-JUN-2021,98.5,98.5,95.3,98.5,113326,100749,486
GANGESSECU,14-JUN-2021,72.5,75.0,70.05,71.2,6284,1467,269
GARFIBRES,14-JUN-2021,2999.0,2999.0,2926.0,2971.15,8566,5593,1992
GATI,14-JUN-2021,144.0,144.2,135.5,141.65,1849849,580293,13345
GAYAPROJ,14-JUN-2021,32.9,34.7,31.15,32.3,8740028,3627123,25406
GDL,14-JUN-2021,310.0,322.7,302.8,315.9,382937,228811,8458
GEECEE,14-JUN-2021,143.9,153.6,142.4,147.45,157292,68108,5225
GEEKAYWIRE,14-JUN-2021,89.7,90.85,87.95,88.85,10706,9940,119
GENCON,14-JUN-2021,46.05,46.55,45.4,45.9,16811,8899,147
GENESYS,14-JUN-2021,118.8,118.8,109.0,111.65,31812,22162,582
GENUSPAPER,14-JUN-2021,10.3,10.7,10.05,10.2,646653,387533,1029
GENUSPOWER,14-JUN-2021,57.6,58.65,54.6,56.85,585580,344817,3400
GEOJITFSL,14-JUN-2021,77.95,78.25,74.1,76.05,792887,320992,7921
GEPIL,14-JUN-2021,321.95,324.0,305.55,318.0,205886,75558,5950
GESHIP,14-JUN-2021,397.7,410.0,392.3,401.75,747970,441706,15401
GET&D,14-JUN-2021,140.9,141.45,136.0,138.25,284150,141916,6010
GFLLIMITED,14-JUN-2021,75.0,75.85,73.45,74.5,132915,89172,2403
GHCL,14-JUN-2021,284.8,284.8,271.05,276.1,249696,150020,5488
GICHSGFIN,14-JUN-2021,144.2,144.3,139.2,142.75,418513,146605,4736
GICRE,14-JUN-2021,197.9,197.9,193.0,193.8,277775,142107,5846
GILLANDERS,14-JUN-2021,44.95,49.85,44.1,47.35,21887,8620,337
GILLETTE,14-JUN-2021,5848.0,5895.25,5768.0,5783.75,5432,3331,1611
GINNIFILA,14-JUN-2021,30.7,31.1,29.4,29.85,171558,114275,969
GIPCL,14-JUN-2021,88.85,89.0,85.05,86.95,853284,294205,6108
GKWLIMITED,14-JUN-2021,597.85,598.05,574.95,587.0,1521,205,569
GLAND,14-JUN-2021,3147.95,3189.75,3113.3,3159.2,220080,121538,19262
GLAXO,14-JUN-2021,1525.0,1614.0,1495.0,1582.2,255881,100704,17613
GLENMARK,14-JUN-2021,658.2,658.2,635.0,643.85,1892251,348874,36302
GLFL,14-JUN-2021,2.4,2.4,2.2,2.2,6312,5457,16
GLOBAL,14-JUN-2021,53.7,55.75,52.65,53.9,25330,19296,285
GLOBALVECT,14-JUN-2021,55.2,56.8,52.85,54.9,34093,20224,585
GLOBUSSPR,14-JUN-2021,391.95,410.0,378.3,404.7,2784443,990553,71603
GMBREW,14-JUN-2021,584.75,585.5,551.1,570.55,67844,29270,3201
GMDCLTD,14-JUN-2021,79.25,81.7,76.6,79.05,7000540,2098984,33560
GMMPFAUDLR,14-JUN-2021,4739.7,4780.3,4655.0,4695.35,33836,13450,8201
GMRINFRA,14-JUN-2021,26.95,26.95,26.05,26.75,10522261,1873750,25447
GNA,14-JUN-2021,454.85,459.0,443.4,451.1,131711,57096,5998
GNFC,14-JUN-2021,371.9,371.9,362.15,368.6,596683,316822,14286
GOACARBON,14-JUN-2021,458.0,458.0,428.0,438.85,95611,42498,4564
GOCLCORP,14-JUN-2021,278.6,286.65,260.3,277.6,72869,30915,3669
GODFRYPHLP,14-JUN-2021,929.6,937.7,915.05,927.35,47682,22001,3198
GODREJAGRO,14-JUN-2021,557.85,557.85,545.85,554.9,110756,54898,5569
GODREJCP,14-JUN-2021,898.95,924.75,888.05,920.65,3301859,1161029,71845
GODREJIND,14-JUN-2021,554.95,554.95,542.0,551.85,159312,83741,6300
GODREJPROP,14-JUN-2021,1424.45,1426.95,1380.75,1410.2,531951,147190,25397
GOKEX,14-JUN-2021,138.75,139.4,132.0,136.95,168108,91430,2855
GOKUL,14-JUN-2021,32.35,32.8,29.3,32.2,262392,126399,1863
GOKULAGRO,14-JUN-2021,43.95,46.15,40.65,44.75,736618,339944,4722
GOLDBEES,14-JUN-2021,42.27,42.34,41.97,42.03,5586567,4440588,26407
GOLDENTOBC,14-JUN-2021,51.7,52.0,49.1,50.5,25959,20074,353
GOLDIAM,14-JUN-2021,418.25,427.0,397.0,423.85,123688,81781,4515
GOLDSHARE,14-JUN-2021,42.7,42.7,42.1,42.2,245381,159223,997
GOLDTECH,14-JUN-2021,13.85,14.6,13.65,13.95,77415,51638,581
GOODLUCK,14-JUN-2021,110.95,113.9,107.0,110.35,1145737,413431,14277
GOODYEAR,14-JUN-2021,994.7,997.0,975.9,980.6,62989,41822,6203
GPIL,14-JUN-2021,1291.0,1508.25,1261.05,1504.05,1633978,416567,78591
GPPL,14-JUN-2021,118.45,118.5,109.4,116.55,2631377,811892,24305
GPTINFRA,14-JUN-2021,58.0,60.55,57.0,58.6,72833,36890,1223
GRANULES,14-JUN-2021,333.1,333.9,320.3,329.0,2626255,651399,30523
GRAPHITE,14-JUN-2021,735.0,745.0,708.0,725.85,471732,207139,17936
GRASIM,14-JUN-2021,1481.5,1497.7,1457.2,1493.0,682770,174174,24634
GRAVITA,14-JUN-2021,111.0,119.45,106.05,118.45,1530781,796079,19656
GREAVESCOT,14-JUN-2021,145.7,153.0,138.35,151.3,10390474,2812121,76587
GREENLAM,14-JUN-2021,1230.05,1233.6,1188.05,1199.55,4865,3376,543
GREENPLY,14-JUN-2021,220.05,223.2,214.25,219.75,1932036,1011137,24448
GREENPOWER,14-JUN-2021,3.0,3.0,2.95,2.95,4175721,3795580,3939
GRINDWELL,14-JUN-2021,1200.0,1217.0,1165.55,1177.75,61930,25148,5513
GROBTEA,14-JUN-2021,949.0,975.25,942.05,957.05,3322,197,1540
GRPLTD,14-JUN-2021,1078.9,1089.0,1027.0,1061.3,398,226,77
GRSE,14-JUN-2021,205.9,206.05,197.5,201.2,518544,235864,6849
GSCLCEMENT,14-JUN-2021,41.4,41.8,40.0,41.05,238815,120071,2004
GSFC,14-JUN-2021,117.3,117.4,113.25,116.0,1493974,660071,12184
GSPL,14-JUN-2021,307.0,307.6,293.2,300.85,673444,410487,11172
GSS,14-JUN-2021,65.05,69.0,64.35,68.25,147602,99740,1919
GTL,14-JUN-2021,14.8,14.8,13.4,14.8,1616965,934148,4020
GTLINFRA,14-JUN-2021,1.25,1.3,1.25,1.3,48919419,30025790,9404
GTNTEX,14-JUN-2021,7.05,7.3,7.05,7.3,2566,2558,8
GTPL,14-JUN-2021,182.0,182.0,168.8,173.0,165785,81792,3961
GUFICBIO,14-JUN-2021,188.4,188.4,180.2,183.0,274046,151318,5437
GUJALKALI,14-JUN-2021,428.0,428.95,412.0,418.6,317450,122230,8521
GUJAPOLLO,14-JUN-2021,239.9,239.9,232.0,233.7,10031,5134,643
GUJGASLTD,14-JUN-2021,605.0,610.2,586.35,601.6,766446,192370,20995
GULFOILLUB,14-JUN-2021,728.95,728.95,690.0,691.9,257148,187034,14479
GULFPETRO,14-JUN-2021,68.4,68.4,62.55,64.85,242421,136186,2804
GULPOLY,14-JUN-2021,174.9,185.35,169.0,185.35,751227,432065,9769
HAL,14-JUN-2021,1053.0,1058.0,1028.1,1051.9,154726,46204,9013
HAPPSTMNDS,14-JUN-2021,943.0,943.0,906.0,922.4,1938310,540879,65425
HARRMALAYA,14-JUN-2021,218.9,219.8,202.5,208.25,389946,119075,15487
HATHWAY,14-JUN-2021,27.55,28.25,26.5,27.45,27157139,12671225,30614
HATSUN,14-JUN-2021,923.0,923.0,890.1,902.15,58364,24847,5112
HAVELLS,14-JUN-2021,1020.0,1025.95,1001.05,1019.45,1285579,501557,32306
HBANKETF,14-JUN-2021,348.5,349.42,342.62,347.96,3675,2771,100
HBLPOWER,14-JUN-2021,47.25,47.35,44.45,45.85,1208348,425336,8282
HBSL,14-JUN-2021,18.0,18.4,17.2,18.0,15444,7735,109
HCC,14-JUN-2021,11.1,11.15,10.45,10.85,5047938,2820599,5126
HCG,14-JUN-2021,205.0,218.6,193.7,210.1,632950,255907,13706
HCL-INSYS,14-JUN-2021,16.9,16.9,15.5,15.75,3977077,2266724,8638
HCLTECH,14-JUN-2021,983.0,988.45,976.0,984.2,2236373,1011745,61546
HDFC,14-JUN-2021,2559.8,2559.8,2512.65,2539.2,2125197,1033807,77870
HDFCAMC,14-JUN-2021,3094.9,3094.9,3015.25,3085.05,121196,55276,12409
HDFCBANK,14-JUN-2021,1478.25,1486.0,1462.55,1479.45,4440982,2360747,147161
HDFCLIFE,14-JUN-2021,682.6,685.0,674.3,681.7,1151855,535556,44205
HDFCMFGETF,14-JUN-2021,43.4,43.45,43.05,43.12,392514,303518,1370
HDFCNIFETF,14-JUN-2021,180.0,180.0,166.4,168.41,24429,21625,455
HDFCSENETF,14-JUN-2021,560.99,560.99,553.0,558.37,2109,1343,197
HEG,14-JUN-2021,2313.0,2313.0,2210.35,2262.6,199348,42601,18281
HEIDELBERG,14-JUN-2021,254.0,255.0,249.65,250.15,278517,177682,10071
HEMIPROP,14-JUN-2021,156.5,156.5,147.85,153.25,944721,442644,8572
HERANBA,14-JUN-2021,775.15,789.8,751.45,779.3,583688,238419,16269
HERCULES,14-JUN-2021,135.0,142.05,128.0,140.5,482782,224142,9832
HERITGFOOD,14-JUN-2021,425.6,426.95,402.05,415.3,161844,97327,4719
HEROMOTOCO,14-JUN-2021,3010.0,3016.95,2943.0,2985.65,489598,148239,31555
HESTERBIO,14-JUN-2021,2697.0,2697.0,2621.5,2631.75,14058,6172,2395
HEXATRADEX,14-JUN-2021,120.55,120.55,114.1,116.45,16137,9840,199
HFCL,14-JUN-2021,50.7,50.7,47.95,49.25,18180349,5840443,35652
HGINFRA,14-JUN-2021,405.0,405.0,385.25,395.85,189519,74560,7138
HGS,14-JUN-2021,2589.0,2605.0,2410.0,2578.95,156312,78724,14302
HIKAL,14-JUN-2021,473.25,477.8,441.05,457.15,647303,191886,19101
HIL,14-JUN-2021,4635.0,4700.1,4482.0,4561.3,22929,13847,5790
HIMATSEIDE,14-JUN-2021,174.0,176.0,168.05,172.35,200477,122979,5142
HINDALCO,14-JUN-2021,392.95,397.5,381.35,394.8,11601461,2724667,91699
HINDCOMPOS,14-JUN-2021,363.8,363.8,339.0,343.95,46697,26720,2865
HINDCOPPER,14-JUN-2021,170.5,172.7,162.6,167.0,9720458,3250197,53622
HINDMOTORS,14-JUN-2021,9.2,9.2,8.5,8.9,308623,233081,1038
HINDNATGLS,14-JUN-2021,40.95,40.95,39.0,40.95,810737,602702,2146
HINDOILEXP,14-JUN-2021,108.7,114.4,105.5,113.3,1785545,885014,13884
HINDPETRO,14-JUN-2021,297.4,300.5,292.6,298.4,4302684,1776419,45841
HINDUNILVR,14-JUN-2021,2358.4,2375.1,2336.6,2364.6,1761632,1094365,65470
HINDZINC,14-JUN-2021,344.05,344.05,331.1,339.6,1180879,431857,19646
HIRECT,14-JUN-2021,170.75,177.0,159.8,172.6,169891,58440,6735
HISARMETAL,14-JUN-2021,121.0,122.95,112.9,119.9,56033,23910,1760
HITECH,14-JUN-2021,417.95,417.95,404.05,411.65,47443,14445,1265
HITECHCORP,14-JUN-2021,184.0,196.65,182.05,191.25,116697,52180,2709
HITECHGEAR,14-JUN-2021,232.95,234.0,220.55,224.35,21696,12743,1156
HLEGLAS,14-JUN-2021,3720.05,3791.95,3500.0,3698.45,18012,10052,3585
HLVLTD,14-JUN-2021,10.65,10.65,9.6,10.2,997434,472581,2053
HMVL,14-JUN-2021,98.5,98.5,94.05,96.3,87840,59824,988
HNGSNGBEES,14-JUN-2021,361.98,361.98,350.95,358.56,2269,1424,167
HOMEFIRST,14-JUN-2021,555.0,561.9,550.1,555.15,82167,36997,4938
HONAUT,14-JUN-2021,40799.9,41287.15,40500.55,40651.95,3428,1883,2064
HONDAPOWER,14-JUN-2021,1075.25,1076.0,1051.0,1070.95,9189,5504,756
HOTELRUGBY,14-JUN-2021,1.75,1.75,1.75,1.75,1737,1737,8
HOVS,14-JUN-2021,57.6,57.85,54.0,57.2,17624,12617,263
HPL,14-JUN-2021,59.0,59.2,56.2,58.3,198918,109799,1315
HSCL,14-JUN-2021,54.9,55.4,52.15,53.65,7506118,2573189,25510
HSIL,14-JUN-2021,229.3,234.8,215.2,231.5,248921,107430,5979
HTMEDIA,14-JUN-2021,27.95,28.05,26.35,26.75,700407,484296,3093
HUBTOWN,14-JUN-2021,29.4,29.6,27.7,29.6,186399,98093,671
HUDCO,14-JUN-2021,54.0,54.4,50.85,53.2,7097600,2033079,21688
HUHTAMAKI,14-JUN-2021,289.0,294.45,283.35,289.6,214834,104545,5112
IBMFNIFTY,14-JUN-2021,159.35,163.0,158.52,162.09,2418,1534,178
IBREALEST,14-JUN-2021,109.2,111.5,105.0,109.6,11660614,2779922,62472
IBULHSGFIN,14-JUN-2021,288.0,304.0,282.65,298.5,48702821,9495825,373955
ICEMAKE,14-JUN-2021,87.1,87.1,83.0,85.55,42369,27045,503
ICICI500,14-JUN-2021,225.98,225.98,221.45,222.89,10132,9793,221
ICICIALPLV,14-JUN-2021,158.1,182.84,156.5,157.56,14118,9132,424
ICICIB22,14-JUN-2021,40.9,40.9,39.41,40.21,480968,270106,3267
ICICIBANK,14-JUN-2021,635.7,636.1,623.35,635.15,10170497,5165984,145891
ICICIBANKN,14-JUN-2021,379.3,379.3,341.68,347.01,6805,2563,411
ICICIBANKP,14-JUN-2021,183.98,183.98,178.55,180.99,5315,4675,200
ICICIGI,14-JUN-2021,1515.0,1530.2,1494.0,1504.3,418230,181728,32368
ICICIGOLD,14-JUN-2021,44.0,44.0,42.9,42.99,467170,399558,2285
ICICILIQ,14-JUN-2021,1000.0,1002.0,999.5,1000.0,6544,4663,37
ICICILOVOL,14-JUN-2021,131.97,132.11,128.2,129.96,211024,166646,1894
ICICIM150,14-JUN-2021,104.48,104.48,101.06,103.21,18510,13204,624
ICICIMCAP,14-JUN-2021,101.9,101.9,91.8,92.99,31675,20957,455
ICICINF100,14-JUN-2021,175.49,175.49,171.15,173.49,8239,3784,526
ICICINIFTY,14-JUN-2021,193.6,193.6,166.4,168.54,72572,50018,6454
ICICINV20,14-JUN-2021,92.0,92.0,82.0,84.49,30415,17250,2033
ICICINXT50,14-JUN-2021,43.5,43.5,39.0,39.7,40972,26580,1096
ICICIPHARM,14-JUN-2021,87.0,87.5,86.09,87.29,33665,21614,289
ICICIPRULI,14-JUN-2021,578.0,593.35,567.2,587.9,1862163,704570,38905
ICICISENSX,14-JUN-2021,570.0,570.3,563.0,568.02,1355,825,101
ICICITECH,14-JUN-2021,288.0,288.24,283.0,286.18,8510,4901,200
ICIL,14-JUN-2021,172.6,176.25,165.1,171.35,767117,307091,8352
ICRA,14-JUN-2021,3399.2,3424.0,3270.1,3321.25,9312,3011,2534
IDBI,14-JUN-2021,39.0,39.1,38.25,38.7,8639243,2952676,16946
IDBIGOLD,14-JUN-2021,4505.0,4505.0,4402.0,4440.3,227,168,82
IDEA,14-JUN-2021,9.8,9.9,9.5,9.65,127161642,42240709,146205
IDFC,14-JUN-2021,57.1,59.0,54.75,56.65,12189404,3398786,30836
IDFCFIRSTB,14-JUN-2021,60.05,60.05,57.95,59.45,31058498,8036849,72184
IDFNIFTYET,14-JUN-2021,164.0,167.9,161.95,164.9,615,355,221
IEX,14-JUN-2021,366.8,369.25,357.0,366.0,1346276,624725,28784
IFBAGRO,14-JUN-2021,543.55,552.65,530.0,544.65,39234,21571,2580
IFBIND,14-JUN-2021,1183.55,1190.0,1142.55,1161.55,69508,29979,4544
IFCI,14-JUN-2021,13.8,13.8,12.75,13.35,5589578,2373528,23472
IFGLEXPOR,14-JUN-2021,377.0,382.2,361.05,374.95,58962,32494,2596
IGARASHI,14-JUN-2021,474.6,485.9,456.15,478.85,232660,75031,9432
IGL,14-JUN-2021,540.0,540.0,527.0,530.85,1679664,646440,23251
IGPL,14-JUN-2021,627.9,627.9,604.55,614.65,150571,85062,6449
IIFLSEC,14-JUN-2021,72.85,72.85,70.5,71.6,324908,221566,2311
IIFLWAM,14-JUN-2021,1195.0,1200.0,1181.35,1184.45,18591,13008,3113
IITL,14-JUN-2021,73.0,75.0,71.3,72.35,1421,992,45
IMFA,14-JUN-2021,483.0,540.0,483.0,531.4,436696,176744,14218
IMPAL,14-JUN-2021,700.0,707.25,693.0,702.55,6442,4328,270
INCREDIBLE,14-JUN-2021,28.5,28.5,27.3,27.75,43861,23815,469
INDBANK,14-JUN-2021,21.75,22.9,19.5,22.15,3010877,1134353,10114
INDHOTEL,14-JUN-2021,136.2,136.25,131.55,134.05,3438764,1282327,22290
INDIACEM,14-JUN-2021,184.7,184.7,180.45,182.05,1210489,525253,10771
INDIAGLYCO,14-JUN-2021,547.9,553.65,526.45,550.95,180150,84569,7807
INDIAMART,14-JUN-2021,7321.0,7321.0,7120.05,7208.55,51478,22928,11978
INDIANB,14-JUN-2021,140.75,149.45,137.2,146.05,6580138,2276085,35865
INDIANCARD,14-JUN-2021,164.9,166.65,161.0,162.55,4481,3990,103
INDIANHUME,14-JUN-2021,232.0,240.0,221.3,233.25,959788,346361,20786
INDIGO,14-JUN-2021,1800.0,1801.1,1765.45,1776.4,328593,108282,20082
INDIGOPNTS,14-JUN-2021,2608.1,2628.0,2551.0,2594.0,40909,11387,5175
INDLMETER,14-JUN-2021,14.05,14.85,14.05,14.15,41926,40029,135
INDNIPPON,14-JUN-2021,360.1,362.05,354.95,358.75,26360,15527,1384
INDOCO,14-JUN-2021,416.4,416.4,395.25,405.2,241707,106326,11468
INDOSTAR,14-JUN-2021,403.9,409.0,366.55,398.8,151021,65322,5748
INDOTECH,14-JUN-2021,159.7,159.7,147.5,150.0,35567,17903,912
INDOWIND,14-JUN-2021,6.3,6.3,6.0,6.3,760888,500538,1158
INDRAMEDCO,14-JUN-2021,95.9,95.95,90.25,91.4,853768,366794,8146
INDSWFTLAB,14-JUN-2021,118.0,125.6,104.0,122.2,2649597,802441,32998
INDTERRAIN,14-JUN-2021,37.3,37.3,33.8,35.55,266527,149127,1415
INDUSINDBK,14-JUN-2021,1012.0,1028.0,993.75,1024.3,3982216,1137673,81895
INDUSTOWER,14-JUN-2021,256.0,256.0,250.0,254.7,888083,306652,11267
INEOSSTYRO,14-JUN-2021,1494.0,1494.0,1430.15,1461.3,44322,17473,3778
INFIBEAM,14-JUN-2021,52.0,52.0,49.5,50.15,8579485,5149625,23694
INFOBEAN,14-JUN-2021,313.8,315.0,301.0,306.15,51709,31424,3104
INFRABEES,14-JUN-2021,474.05,474.05,451.95,464.13,2350,1588,206
INFY,14-JUN-2021,1471.0,1477.0,1453.45,1461.8,7132294,3839693,147667
INGERRAND,14-JUN-2021,972.6,983.5,942.3,951.4,50980,17768,6110
INOXLEISUR,14-JUN-2021,327.5,327.5,319.5,322.7,198180,79877,7610
INOXWIND,14-JUN-2021,92.75,92.75,85.2,88.75,276017,156929,4097
INSECTICID,14-JUN-2021,632.0,632.35,600.0,627.1,53509,23402,3370
INSPIRISYS,14-JUN-2021,48.5,49.75,45.05,48.75,238980,127880,1504
INTELLECT,14-JUN-2021,765.0,774.9,739.0,763.25,268149,138405,19531
INTENTECH,14-JUN-2021,77.9,80.0,74.6,78.0,360518,200308,2748
INVENTURE,14-JUN-2021,35.5,36.3,34.6,35.15,375335,163616,2838
IOB,14-JUN-2021,20.85,21.9,20.3,21.05,31016976,8539272,36702
IOC,14-JUN-2021,115.25,115.7,112.5,114.75,10651393,2338621,48693
IOLCP,14-JUN-2021,661.95,668.4,645.0,656.4,398806,117413,13010
IPCALAB,14-JUN-2021,2050.95,2100.0,2050.95,2095.05,360554,137008,21532
IRB,14-JUN-2021,144.5,144.7,133.05,141.6,6732475,1386163,37682
IRCON,14-JUN-2021,48.3,49.2,47.5,48.55,4197578,1975354,13723
IRCTC,14-JUN-2021,2089.95,2092.0,2025.0,2064.4,1002396,314212,73649
IRFC,14-JUN-2021,24.7,24.8,24.2,24.7,18111116,8488498,30075
IRISDOREME,14-JUN-2021,109.0,121.95,109.0,114.75,10534,5227,253
ISEC,14-JUN-2021,625.65,659.75,601.0,651.25,1652757,637779,41667
ISFT,14-JUN-2021,104.1,106.0,101.65,101.7,60220,47572,1008
ISGEC,14-JUN-2021,613.75,642.9,587.0,618.15,104060,55875,4325
ITC,14-JUN-2021,207.95,208.45,205.2,207.3,17677889,9437208,133072
ITDC,14-JUN-2021,386.5,390.05,375.25,382.9,38512,15791,1870
ITDCEM,14-JUN-2021,88.6,88.9,84.1,86.7,755828,323443,8440
ITI,14-JUN-2021,126.8,126.8,123.4,125.0,364430,113937,4373
IVP,14-JUN-2021,160.0,160.0,146.6,146.65,14098,9381,573
IVZINGOLD,14-JUN-2021,4391.15,4435.0,4360.0,4374.35,208,154,71
IVZINNIFTY,14-JUN-2021,1687.0,1722.9,1687.0,1722.9,26,25,6
IZMO,14-JUN-2021,84.0,84.0,74.75,82.1,381293,219977,3127
J&KBANK,14-JUN-2021,29.2,29.4,28.5,29.1,2651212,1111894,4776
JAGRAN,14-JUN-2021,61.55,62.0,58.0,60.8,512872,275932,5233
JAGSNPHARM,14-JUN-2021,152.0,170.7,137.0,158.85,1946065,548952,24168
JAIBALAJI,14-JUN-2021,48.6,52.25,48.6,51.0,224727,184605,1085
JAICORPLTD,14-JUN-2021,126.2,135.6,119.3,129.4,13000839,1517671,68323
JAMNAAUTO,14-JUN-2021,86.45,87.0,83.4,85.45,1130671,593112,11014
JASH,14-JUN-2021,402.5,402.5,380.0,393.15,19682,13929,929
JAYAGROGN,14-JUN-2021,212.5,217.0,206.1,212.6,109346,28094,9641
JAYBARMARU,14-JUN-2021,237.0,237.2,225.0,227.15,67297,37165,4716
JAYSREETEA,14-JUN-2021,103.15,106.05,97.45,103.75,694773,236050,9585
JBCHEPHARM,14-JUN-2021,1552.0,1594.0,1522.05,1544.85,239865,112614,15612
JBMA,14-JUN-2021,454.0,454.0,430.0,436.1,56886,31412,2186
JCHAC,14-JUN-2021,2268.0,2268.0,2220.05,2242.4,49319,38279,2571
JHS,14-JUN-2021,23.25,25.35,22.3,24.25,437694,276298,1244
JINDALPOLY,14-JUN-2021,890.0,894.0,855.55,872.4,222124,74727,8082
JINDALSAW,14-JUN-2021,114.3,114.75,109.45,111.75,4447581,1215014,20736
JINDALSTEL,14-JUN-2021,424.0,428.7,405.95,425.1,15785263,2987585,136743
JINDRILL,14-JUN-2021,128.0,128.0,122.0,125.55,60176,40784,1029
JINDWORLD,14-JUN-2021,56.5,67.4,53.5,63.75,1830829,492530,14124
JISLDVREQS,14-JUN-2021,20.8,20.8,18.9,18.9,169543,117267,499
JISLJALEQS,14-JUN-2021,27.9,27.95,25.4,26.7,7592586,3824120,11342
JKCEMENT,14-JUN-2021,2800.0,2829.65,2701.0,2813.35,82646,37701,7648
JKIL,14-JUN-2021,198.65,206.4,187.5,200.55,1112395,371426,23061
JKLAKSHMI,14-JUN-2021,568.9,572.9,542.0,570.5,331730,119743,12051
JKPAPER,14-JUN-2021,173.0,173.15,166.2,171.05,815331,248405,8665
JKTYRE,14-JUN-2021,137.6,139.5,134.35,137.75,1324830,543130,12212
JMA,14-JUN-2021,47.75,47.75,45.75,46.1,13782,9306,179
JMCPROJECT,14-JUN-2021,122.0,124.6,114.3,119.85,480772,171688,8780
JMFINANCIL,14-JUN-2021,93.85,94.7,90.85,93.1,1330552,344543,10309
JMTAUTOLTD,14-JUN-2021,3.5,3.5,3.2,3.35,9705326,4757730,3956
JOCIL,14-JUN-2021,192.3,195.45,185.0,188.5,53264,24411,1386
JPASSOCIAT,14-JUN-2021,12.9,13.75,11.35,13.6,110142466,38430069,67810
JPPOWER,14-JUN-2021,4.9,5.1,4.75,4.9,194055840,72079034,56271
JSL,14-JUN-2021,105.0,110.7,99.0,107.95,8553331,2586458,49347
JSLHISAR,14-JUN-2021,196.9,204.35,186.4,199.8,1783404,602192,22473
JSWENERGY,14-JUN-2021,156.95,157.3,150.25,155.7,6187139,2764332,43015
JSWHL,14-JUN-2021,5267.0,5299.65,5106.6,5187.15,1357,540,524
JSWSTEEL,14-JUN-2021,732.65,737.2,714.65,729.15,10470356,1188363,152448
JTEKTINDIA,14-JUN-2021,111.45,112.8,107.7,110.15,359603,140784,4632
JUBLFOOD,14-JUN-2021,3234.9,3238.0,3165.0,3199.8,314487,80701,22803
JUBLINDS,14-JUN-2021,325.0,333.6,317.05,329.65,105178,67240,2052
JUBLINGREA,14-JUN-2021,580.0,581.0,555.0,567.5,402211,218847,12594
JUBLPHARMA,14-JUN-2021,776.0,778.55,760.1,763.1,349766,165834,12375
JUMPNET,14-JUN-2021,10.3,10.5,10.0,10.5,2816916,1779391,3594
JUNIORBEES,14-JUN-2021,414.0,414.9,403.79,409.77,110723,62729,9919
JUSTDIAL,14-JUN-2021,971.0,971.3,922.0,941.4,1670511,364316,47288
JYOTHYLAB,14-JUN-2021,155.35,156.9,151.0,154.95,452706,178622,5766
KABRAEXTRU,14-JUN-2021,188.0,188.0,180.0,182.55,117848,58007,7304
KAJARIACER,14-JUN-2021,1021.95,1054.9,1010.1,1017.6,944507,339996,34312
KAKATCEM,14-JUN-2021,296.9,303.25,273.0,292.5,175075,65045,5369
KALPATPOWR,14-JUN-2021,439.95,446.35,428.0,439.7,510625,143333,18461
KALYANKJIL,14-JUN-2021,85.3,85.35,80.1,83.7,3921589,1492914,23403
KAMDHENU,14-JUN-2021,166.0,166.95,156.15,164.7,128718,60339,2778
KANANIIND,14-JUN-2021,7.0,7.0,6.4,7.0,51428,35287,235
KANORICHEM,14-JUN-2021,140.0,145.45,136.1,140.45,62450,50249,657
KANPRPLA,14-JUN-2021,227.8,227.8,218.8,223.6,29774,15501,959
KANSAINER,14-JUN-2021,584.0,588.3,574.0,575.7,179969,98248,8935
KARMAENG,14-JUN-2021,22.25,22.25,21.15,21.15,18544,14189,104
KARURVYSYA,14-JUN-2021,54.0,54.25,53.2,53.8,966654,483798,4679
KAUSHALYA,14-JUN-2021,1.9,1.95,1.9,1.95,14023,12011,12
KAYA,14-JUN-2021,356.25,358.25,340.0,344.05,36462,20804,1788
KCP,14-JUN-2021,115.0,115.95,110.9,112.15,761644,170093,10184
KCPSUGIND,14-JUN-2021,26.35,27.0,24.9,26.0,1012086,411537,3036
KDDL,14-JUN-2021,369.0,384.0,350.25,368.8,18335,9978,764
KEC,14-JUN-2021,402.0,402.0,389.05,389.9,370417,230850,10945
KEERTI,14-JUN-2021,21.5,21.8,21.5,21.7,33996,21012,107
KEI,14-JUN-2021,671.8,672.9,640.0,646.85,337589,185095,18788
KELLTONTEC,14-JUN-2021,88.8,89.85,82.0,85.6,9294861,4309887,33006
KENNAMET,14-JUN-2021,1227.55,1227.55,1168.7,1177.65,17609,7791,2803
KESORAMIND,14-JUN-2021,80.9,87.25,78.0,85.7,4486109,1257551,22498
KEYFINSERV,14-JUN-2021,73.5,74.0,69.05,70.0,7062,3909,234
KHADIM,14-JUN-2021,196.5,199.9,175.0,196.95,260127,96989,8723
KHAICHEM,14-JUN-2021,46.4,49.95,45.5,49.95,740288,448314,4578
KHANDSE,14-JUN-2021,18.2,18.35,17.95,18.0,714,653,16
KICL,14-JUN-2021,2135.0,2150.0,1995.35,2068.25,3706,2104,839
KINGFA,14-JUN-2021,1100.05,1125.05,1074.8,1088.25,17236,9040,1211
KIOCL,14-JUN-2021,296.0,304.1,280.5,295.9,160659,67005,4465
KIRIINDUS,14-JUN-2021,581.0,589.8,558.45,573.0,397797,135428,12136
KIRLFER,14-JUN-2021,240.0,243.0,232.3,237.7,193572,107426,5357
KIRLOSENG,14-JUN-2021,254.0,254.45,243.25,249.25,171917,87643,3880
KIRLOSIND,14-JUN-2021,1730.0,1767.1,1690.0,1746.7,3847,2232,562
KITEX,14-JUN-2021,128.0,128.35,119.65,124.6,297622,117555,5027
KKCL,14-JUN-2021,899.5,903.0,878.95,891.55,1986,895,407
KMSUGAR,14-JUN-2021,38.0,38.7,35.1,36.4,9477221,3330557,26846
KNRCON,14-JUN-2021,222.9,225.6,218.5,223.7,259571,117890,8818
KOKUYOCMLN,14-JUN-2021,68.4,68.5,64.55,66.95,463411,210049,3959
KOLTEPATIL,14-JUN-2021,237.5,239.25,231.05,235.05,258727,109423,6040
KOPRAN,14-JUN-2021,201.7,210.3,190.5,210.3,959417,472821,9816
KOTAKBANK,14-JUN-2021,1789.9,1789.9,1759.5,1768.05,2543002,1680632,75218
KOTAKBKETF,14-JUN-2021,351.93,352.2,346.15,351.97,153793,71127,850
KOTAKGOLD,14-JUN-2021,421.05,424.65,421.05,422.2,36521,25525,1219
KOTAKIT,14-JUN-2021,29.19,29.19,27.88,28.49,11011,8075,136
KOTAKNIFTY,14-JUN-2021,169.75,169.75,163.61,165.61,83599,62853,518
KOTAKNV20,14-JUN-2021,85.86,86.79,85.0,86.49,8003,6481,158
KOTAKPSUBK,14-JUN-2021,243.5,244.93,235.35,243.29,30845,12213,519
KOTARISUG,14-JUN-2021,41.4,41.95,38.3,40.65,738067,315592,3198
KOTHARIPET,14-JUN-2021,43.35,43.35,40.7,41.3,129181,76836,1495
KOTHARIPRO,14-JUN-2021,89.0,89.3,85.0,86.4,29311,19135,439
KPITTECH,14-JUN-2021,243.25,246.0,235.9,237.4,473477,323587,16052
KPRMILL,14-JUN-2021,1564.0,1583.9,1514.05,1542.25,37923,25857,4271
KRBL,14-JUN-2021,233.0,233.75,222.0,225.5,1354141,483247,18771
KREBSBIO,14-JUN-2021,124.0,125.0,121.0,123.9,14478,8632,394
KRISHANA,14-JUN-2021,111.9,130.95,101.25,124.8,386359,157431,5628
KSB,14-JUN-2021,1012.0,1018.9,989.0,995.85,28422,14540,2812
KSCL,14-JUN-2021,698.0,704.65,686.25,694.45,296949,166810,11674
KSL,14-JUN-2021,395.45,397.45,381.1,389.4,84360,34562,4020
KTKBANK,14-JUN-2021,63.45,64.7,62.6,64.15,1667829,752910,7860
KUANTUM,14-JUN-2021,72.25,72.25,69.1,69.85,63579,27627,851
L&TFH,14-JUN-2021,97.35,97.9,93.85,97.05,13431404,2669373,50582
LALPATHLAB,14-JUN-2021,3212.0,3235.0,3101.0,3216.45,262743,50504,25023
LAMBODHARA,14-JUN-2021,71.85,71.9,66.3,67.6,33546,24397,604
LAOPALA,14-JUN-2021,281.4,284.15,274.0,279.45,83338,31349,4255
LASA,14-JUN-2021,80.0,89.2,78.0,87.95,2251097,810233,23178
LAURUSLABS,14-JUN-2021,614.75,627.65,592.6,621.5,4726416,1401011,65605
LAXMIMACH,14-JUN-2021,6669.95,6688.95,6510.0,6539.9,4121,2420,1179
LEMONTREE,14-JUN-2021,43.1,43.1,40.9,41.65,4350339,2071249,15181
LFIC,14-JUN-2021,85.25,85.4,79.2,83.0,586,411,22
LGBBROSLTD,14-JUN-2021,404.0,407.25,387.3,390.85,896724,422570,23251
LGBFORGE,14-JUN-2021,4.85,5.0,4.8,5.0,222899,159726,178
LIBAS,14-JUN-2021,59.9,59.9,55.05,59.1,518558,310462,2236
LIBERTSHOE,14-JUN-2021,151.1,151.1,143.85,148.8,176901,63952,3402
LICHSGFIN,14-JUN-2021,524.0,527.8,508.05,524.35,4034696,702924,67368
LICNETFGSC,14-JUN-2021,22.48,22.48,21.92,22.02,8785,7084,95
LICNETFN50,14-JUN-2021,200.23,200.23,200.23,200.23,342,341,51
LICNETFSEN,14-JUN-2021,566.9,566.9,552.5,563.99,102,79,56
LICNFNHGP,14-JUN-2021,166.5,172.3,166.5,168.0,262,142,66
LIKHITHA,14-JUN-2021,466.0,466.6,389.5,434.25,719137,193922,25729
LINCOLN,14-JUN-2021,297.55,298.55,288.0,295.65,109679,37035,3926
LINCPEN,14-JUN-2021,217.8,219.95,209.0,211.9,14377,8635,638
LINDEINDIA,14-JUN-2021,1600.0,1602.0,1565.0,1582.1,64071,33811,7211
LIQUIDBEES,14-JUN-2021,1000.87,1000.87,999.51,999.99,925400,701073,5984
LIQUIDETF,14-JUN-2021,1000.0,1000.01,999.99,999.99,62297,54344,150
LODHA,14-JUN-2021,670.25,705.0,651.8,685.1,601260,248035,15688
LOTUSEYE,14-JUN-2021,46.35,46.35,44.4,44.75,13346,7508,248
LPDC,14-JUN-2021,3.75,3.75,3.75,3.75,19172,19122,48
LT,14-JUN-2021,1503.45,1519.5,1478.0,1515.75,2005404,887021,75077
LTI,14-JUN-2021,4215.0,4229.0,4125.65,4167.3,420066,118505,31941
LTTS,14-JUN-2021,2897.6,2910.0,2806.0,2863.25,287819,97690,21003
LUMAXIND,14-JUN-2021,1666.0,1666.0,1590.0,1637.0,12803,5932,1704
LUMAXTECH,14-JUN-2021,161.5,161.5,153.8,157.5,528790,264775,13999
LUPIN,14-JUN-2021,1190.0,1205.5,1173.1,1192.65,2902671,770470,67997
LUXIND,14-JUN-2021,3575.0,3595.0,3400.0,3533.7,59819,22740,7760
LXCHEM,14-JUN-2021,227.0,227.65,217.5,220.15,1593610,847654,38785
LYPSAGEMS,14-JUN-2021,5.95,6.0,5.6,5.7,99578,49032,275
M&M,14-JUN-2021,809.0,809.5,794.0,807.45,1598770,420730,45061
M&MFIN,14-JUN-2021,169.4,170.9,164.4,170.3,7954601,2289504,46303
M100,14-JUN-2021,29.0,29.0,28.23,28.44,193704,155838,2210
M50,14-JUN-2021,155.45,158.85,154.0,156.78,4777,3366,118
MAANALU,14-JUN-2021,229.8,270.75,220.4,270.75,391587,131744,8240
MACPOWER,14-JUN-2021,138.65,138.65,129.15,131.7,26182,19042,419
MADHAV,14-JUN-2021,58.4,60.9,56.1,59.65,75177,32651,978
MADHUCON,14-JUN-2021,6.4,6.45,6.3,6.3,54245,40065,125
MADRASFERT,14-JUN-2021,32.0,32.35,30.7,31.7,236097,135085,1049
MAESGETF,14-JUN-2021,26.98,27.07,26.75,27.04,162617,159981,116
MAFANG,14-JUN-2021,50.45,50.6,49.25,49.73,257123,211158,2076
MAGADSUGAR,14-JUN-2021,255.0,268.0,242.8,258.55,140042,48592,3233
MAHABANK,14-JUN-2021,26.75,26.75,25.4,26.2,9948655,4446093,12578
MAHASTEEL,14-JUN-2021,96.0,102.0,94.0,99.1,249907,130999,4773
MAHEPC,14-JUN-2021,164.7,165.4,156.1,163.7,251438,107553,5084
MAHESHWARI,14-JUN-2021,112.0,114.9,108.35,112.45,30157,21856,437
MAHINDCIE,14-JUN-2021,219.8,219.8,206.3,210.75,213348,110460,5052
MAHLIFE,14-JUN-2021,584.0,600.55,560.5,585.55,131021,81264,5694
MAHLOG,14-JUN-2021,593.9,594.75,572.05,590.1,159543,73522,10932
MAHSCOOTER,14-JUN-2021,3897.0,3897.0,3790.0,3837.6,4286,2065,917
MAHSEAMLES,14-JUN-2021,312.0,328.0,301.05,319.2,1199769,379003,25949
MAITHANALL,14-JUN-2021,825.0,900.0,804.85,881.1,540016,167222,28541
MAJESCO,14-JUN-2021,100.9,100.9,100.9,100.9,112747,112687,2103
MALUPAPER,14-JUN-2021,32.4,32.6,31.1,31.6,73555,30162,964
MAN50ETF,14-JUN-2021,161.87,162.53,160.5,162.28,5703,5048,111
MANAKCOAT,14-JUN-2021,16.65,16.65,15.5,15.75,129755,32688,634
MANAKSIA,14-JUN-2021,72.0,77.5,70.1,76.5,1215024,494528,13310
MANAKSTEEL,14-JUN-2021,26.0,26.05,25.3,25.8,328388,211597,900
MANAPPURAM,14-JUN-2021,165.0,166.05,160.55,165.35,4865453,1763525,37523
MANGALAM,14-JUN-2021,132.0,132.0,130.15,130.75,91434,56122,1740
MANGCHEFER,14-JUN-2021,87.3,87.5,82.5,84.35,377849,221008,3433
MANGLMCEM,14-JUN-2021,317.9,317.9,303.15,311.75,74059,27115,5281
MANGTIMBER,14-JUN-2021,13.3,13.3,12.5,13.0,23029,21991,65
MANINDS,14-JUN-2021,111.2,114.65,108.05,111.55,696169,327147,7457
MANINFRA,14-JUN-2021,59.85,62.25,57.15,60.7,1792573,804861,7562
MANUGRAPH,14-JUN-2021,16.15,16.15,14.7,15.2,15578,9743,158
MANXT50,14-JUN-2021,388.84,389.76,380.73,389.58,4337,2587,133
MARALOVER,14-JUN-2021,42.1,43.8,40.7,42.95,47832,39322,356
MARATHON,14-JUN-2021,73.0,73.0,67.1,70.1,89408,48255,960
MARICO,14-JUN-2021,494.75,495.95,486.6,494.8,864570,286095,14817
MARINE,14-JUN-2021,72.5,72.8,69.1,70.0,1021525,452512,7990
MARKSANS,14-JUN-2021,87.5,97.6,84.6,94.55,62484093,12221349,252737
MARUTI,14-JUN-2021,7195.0,7212.95,7095.05,7177.85,322353,143497,37207
MASFIN,14-JUN-2021,912.0,912.0,882.3,891.5,19364,8585,2446
MASTEK,14-JUN-2021,2075.0,2080.0,2000.0,2063.2,97463,34732,9073
MATRIMONY,14-JUN-2021,1002.0,1014.0,961.55,968.5,37184,20600,4079
MAWANASUG,14-JUN-2021,69.0,69.0,63.0,67.45,343240,147108,2634
MAXHEALTH,14-JUN-2021,253.0,258.0,245.05,254.25,1445279,824501,23410
MAXIND,14-JUN-2021,71.2,72.7,70.15,71.2,181233,86647,1316
MAXVIL,14-JUN-2021,80.0,80.0,72.25,75.55,460089,210634,6796
MAYURUNIQ,14-JUN-2021,520.0,520.0,491.05,506.1,168788,81693,8307
MAZDA,14-JUN-2021,670.0,674.8,633.2,649.7,21391,11602,1158
MAZDOCK,14-JUN-2021,269.5,269.5,253.0,256.4,2970235,1056811,52560
MBAPL,14-JUN-2021,121.95,121.95,115.55,116.85,18435,12802,486
MBLINFRA,14-JUN-2021,24.25,24.25,22.65,23.3,147024,85202,522
MCDHOLDING,14-JUN-2021,64.55,64.55,64.55,64.55,198351,173346,227
MCDOWELL-N,14-JUN-2021,647.0,651.8,636.9,647.75,1330851,447025,35386
MCL,14-JUN-2021,87.5,92.0,85.2,90.6,81845,50865,903
MCLEODRUSS,14-JUN-2021,41.0,41.8,38.95,39.05,1410486,898814,3458
MCX,14-JUN-2021,1574.0,1575.0,1547.65,1554.75,106801,61556,10451
MENONBE,14-JUN-2021,69.0,69.5,66.05,68.9,40074,22119,952
MEP,14-JUN-2021,25.9,25.9,24.3,25.2,373037,199921,1487
MERCATOR,14-JUN-2021,1.5,1.55,1.45,1.55,2971181,1979385,986
METROPOLIS,14-JUN-2021,2975.0,3098.0,2920.5,2991.5,404446,179422,27891
MFSL,14-JUN-2021,1020.85,1020.85,990.05,1000.6,983069,349548,47627
MGEL,14-JUN-2021,50.0,50.0,46.95,47.15,41216,37946,155
MGL,14-JUN-2021,1232.95,1234.85,1201.15,1221.65,469196,63100,19481
MHRIL,14-JUN-2021,256.2,258.5,249.15,257.1,441655,202055,7867
MIDHANI,14-JUN-2021,203.4,219.5,197.5,216.65,7613976,2099389,75895
MINDACORP,14-JUN-2021,137.55,140.55,136.45,137.05,985559,491858,7276
MINDAIND,14-JUN-2021,620.0,627.0,601.4,610.25,1213805,312634,36013
MINDTECK,14-JUN-2021,70.5,73.85,69.0,69.8,54031,29175,994
MINDTREE,14-JUN-2021,2459.0,2475.0,2424.95,2467.7,420525,128155,27690
MIRCELECTR,14-JUN-2021,19.15,19.7,18.2,19.6,2904461,2102933,2747
MIRZAINT,14-JUN-2021,59.4,59.4,55.45,57.2,1084022,395677,8236
MITTAL,14-JUN-2021,12.6,12.6,12.15,12.3,51715,41160,187
MMFL,14-JUN-2021,605.0,605.0,573.9,590.0,14509,8680,1252
MMP,14-JUN-2021,102.0,104.55,97.05,100.7,54780,33481,1392
MMTC,14-JUN-2021,59.05,59.25,55.9,58.2,4603219,1147512,15869
MODISNME,14-JUN-2021,70.25,70.25,65.7,67.85,135941,93231,1468
MOHITIND,14-JUN-2021,11.35,11.35,11.0,11.35,47896,45356,95
MOHOTAIND,14-JUN-2021,8.15,8.25,7.65,8.15,128382,91114,352
MOIL,14-JUN-2021,193.1,194.5,187.05,191.45,823064,263402,12086
MOKSH,14-JUN-2021,79.65,81.0,78.0,80.8,31916,23571,115
MOLDTECH,14-JUN-2021,60.0,60.5,57.15,59.15,88025,41465,1980
MOLDTKPAC,14-JUN-2021,500.0,500.0,488.65,493.1,37374,23285,1871
MONTECARLO,14-JUN-2021,310.0,313.95,303.0,311.25,48941,26024,2329
MORARJEE,14-JUN-2021,18.35,19.2,17.25,18.9,22353,11436,209
MOREPENLAB,14-JUN-2021,64.85,69.8,62.1,68.75,22121659,7624600,62960
MOTHERSUMI,14-JUN-2021,244.7,246.7,237.4,245.25,10626353,2523469,81854
MOTILALOFS,14-JUN-2021,809.0,809.0,775.6,799.65,377034,146711,10205
MOTOGENFIN,14-JUN-2021,21.8,21.8,20.95,21.6,7114,5305,123
MPHASIS,14-JUN-2021,2018.0,2037.0,1974.5,1994.75,557037,142391,29223
MPSLTD,14-JUN-2021,565.6,567.0,549.55,552.3,29547,18910,1763
MRF,14-JUN-2021,82000.0,83127.95,81271.3,82476.85,11908,2547,8013
MRO-TEK,14-JUN-2021,27.35,28.6,27.05,28.35,3316,2447,50
MRPL,14-JUN-2021,51.5,52.25,50.2,51.35,3278931,1017870,12186
MSTCLTD,14-JUN-2021,276.4,280.0,259.1,267.75,619319,267872,13665
MTARTECH,14-JUN-2021,1034.95,1034.95,990.0,1010.35,84889,38118,6495
MTEDUCARE,14-JUN-2021,10.65,10.9,9.3,10.65,1274614,510969,2696
MTNL,14-JUN-2021,21.25,21.45,20.5,21.0,1653478,863702,4550
MUKTAARTS,14-JUN-2021,37.95,38.1,36.0,37.4,14096,7172,198
MUNJALAU,14-JUN-2021,70.7,71.4,68.6,69.95,1292297,683983,8843
MUNJALSHOW,14-JUN-2021,162.95,163.35,158.05,160.65,73429,36718,1788
MURUDCERA,14-JUN-2021,27.2,27.45,25.8,26.55,135748,80135,1166
MUTHOOTCAP,14-JUN-2021,430.0,430.0,415.15,420.1,32161,18390,1916
MUTHOOTFIN,14-JUN-2021,1484.1,1514.9,1445.1,1503.5,1865735,480389,68005
N100,14-JUN-2021,1017.9,1017.9,998.1,1011.52,49642,34715,4254
NACLIND,14-JUN-2021,79.2,81.15,75.2,78.8,382434,194346,3802
NAGAFERT,14-JUN-2021,9.35,9.35,9.0,9.15,569109,416007,1231
NAGREEKCAP,14-JUN-2021,7.7,7.7,7.7,7.7,101,101,2
NAGREEKEXP,14-JUN-2021,27.5,27.85,26.3,26.8,14530,9022,165
NAHARCAP,14-JUN-2021,167.0,168.0,151.0,157.8,200228,77693,6250
NAHARINDUS,14-JUN-2021,73.5,74.8,70.15,74.05,168262,112640,1157
NAHARPOLY,14-JUN-2021,160.0,162.95,153.6,159.2,57616,30790,1981
NAHARSPING,14-JUN-2021,164.9,170.85,158.8,170.85,221467,156877,1862
NAM-INDIA,14-JUN-2021,372.0,372.9,362.95,371.5,719090,264622,11800
NATCOPHARM,14-JUN-2021,1100.0,1130.7,1055.3,1104.3,1953028,1017728,31591
NATHBIOGEN,14-JUN-2021,415.55,415.55,401.6,402.85,38184,22390,2592
NATIONALUM,14-JUN-2021,72.5,72.6,69.95,71.8,17719220,5739083,38804
NAUKRI,14-JUN-2021,4668.0,4718.0,4580.1,4684.3,228354,70495,22947
NAVINFLUOR,14-JUN-2021,3350.05,3455.0,3248.45,3369.9,380591,86014,39768
NAVKARCORP,14-JUN-2021,43.0,43.0,40.9,41.85,824597,397699,3550
NAVNETEDUL,14-JUN-2021,91.95,93.85,88.35,92.3,646517,316504,9185
NAZARA,14-JUN-2021,1733.0,1733.0,1677.0,1690.7,205955,76612,13428
NBCC,14-JUN-2021,55.8,58.8,52.05,57.35,107174043,22338970,232230
NBIFIN,14-JUN-2021,2345.8,2346.0,2253.1,2287.05,2359,507,1049
NBVENTURES,14-JUN-2021,107.45,119.7,100.55,117.45,4835958,1747961,37732
NCC,14-JUN-2021,91.0,94.0,87.1,91.75,16780430,6118028,76268
NCLIND,14-JUN-2021,210.5,210.9,205.0,207.6,175765,88531,2955
NCPSESDL24,14-JUN-2021,105.36,105.44,105.33,105.42,61652,60363,34
NDGL,14-JUN-2021,1079.85,1132.0,1030.05,1046.95,682,317,108
NDRAUTO,14-JUN-2021,217.55,222.5,214.0,219.15,11528,6823,532
NDTV,14-JUN-2021,71.2,72.55,66.9,71.25,103644,54354,1022
NECCLTD,14-JUN-2021,12.6,12.9,11.75,12.75,144719,95835,440
NECLIFE,14-JUN-2021,40.95,43.2,37.5,41.9,5215654,1759710,17852
NELCAST,14-JUN-2021,76.55,78.4,74.2,75.9,144811,73003,2404
NELCO,14-JUN-2021,257.5,275.2,244.85,267.8,833513,330463,19351
NEOGEN,14-JUN-2021,874.4,890.0,842.0,849.85,124477,78529,11345
NESCO,14-JUN-2021,575.0,583.2,561.2,574.9,93663,43605,5295
NESTLEIND,14-JUN-2021,17461.4,17630.0,17417.6,17577.5,36523,15037,11054
NETF,14-JUN-2021,194.25,194.25,194.25,194.25,40,40,14
NETFCONSUM,14-JUN-2021,68.98,68.98,65.62,67.86,2730,1540,161
NETFDIVOPP,14-JUN-2021,41.1,46.0,39.52,41.39,5132,3807,189
NETFGILT5Y,14-JUN-2021,48.61,48.61,48.61,48.61,62,62,4
NETFIT,14-JUN-2021,28.7,29.37,28.54,28.7,826640,465777,3375
NETFLTGILT,14-JUN-2021,22.61,22.72,22.57,22.61,41165,36820,112
NETFMID150,14-JUN-2021,108.26,108.26,101.7,103.59,98908,71669,1331
NETFNIF100,14-JUN-2021,165.1,166.9,162.95,165.72,1940,1823,88
NETFNV20,14-JUN-2021,87.84,88.4,86.5,87.38,2718,2526,126
NETFSDL26,14-JUN-2021,103.8,103.8,103.8,103.8,5,5,1
NETWORK18,14-JUN-2021,52.2,56.4,48.8,55.45,8471166,2394701,28440
NEWGEN,14-JUN-2021,450.0,465.0,430.0,458.3,184719,104558,8712
NEXTMEDIA,14-JUN-2021,6.35,6.45,6.1,6.2,21365,15936,54
NFL,14-JUN-2021,68.6,69.0,66.25,66.95,2737170,1163219,11717
NH,14-JUN-2021,492.75,492.75,480.0,485.2,320800,151635,7636
NHPC,14-JUN-2021,27.0,27.1,26.15,26.85,11083031,5106002,15999
NIACL,14-JUN-2021,169.8,170.0,165.8,166.85,470181,233661,7339
NIFTYBEES,14-JUN-2021,174.88,174.88,166.3,169.56,1875312,974731,22747
NIFTYEES,14-JUN-2021,20300.0,20300.02,20300.0,20300.02,2,2,2
NIITLTD,14-JUN-2021,273.0,283.9,262.5,276.0,2089997,382844,34657
NILAINFRA,14-JUN-2021,5.7,5.7,5.3,5.5,572829,371534,2240
NILASPACES,14-JUN-2021,1.85,1.85,1.7,1.8,734835,430023,576
NILKAMAL,14-JUN-2021,2299.55,2299.55,2241.0,2248.95,17836,9552,2315
NIPPOBATRY,14-JUN-2021,991.15,1008.85,962.6,990.7,7722,4694,719
NIRAJ,14-JUN-2021,45.85,45.85,41.8,42.35,25469,6785,472
NITCO,14-JUN-2021,33.95,33.95,31.45,31.45,267541,219703,831
NITINSPIN,14-JUN-2021,125.0,126.0,120.6,125.65,425526,257543,4381
NITIRAJ,14-JUN-2021,54.35,54.35,50.0,52.1,4901,2908,124
NLCINDIA,14-JUN-2021,65.35,65.4,62.5,63.55,3902690,1536545,23798
NMDC,14-JUN-2021,183.9,187.0,180.75,185.8,17591259,4099619,77011
NOCIL,14-JUN-2021,208.85,209.65,202.9,204.0,768324,440283,12514
NOIDATOLL,14-JUN-2021,7.5,7.95,7.25,7.9,605448,452948,623
NORBTEAEXP,14-JUN-2021,7.45,8.1,7.45,8.1,8057,8057,23
NOVARTIND,14-JUN-2021,845.0,987.2,781.0,941.25,1288310,256245,60952
NPBET,14-JUN-2021,185.98,185.98,177.95,180.04,850,700,47
NRAIL,14-JUN-2021,226.5,227.0,221.4,225.1,12567,6170,997
NRBBEARING,14-JUN-2021,131.2,132.2,125.05,129.55,388950,190671,7341
NSIL,14-JUN-2021,1755.85,1755.85,1703.6,1731.4,565,355,130
NTPC,14-JUN-2021,118.8,118.9,116.25,118.2,14179055,5296864,53396
NUCLEUS,14-JUN-2021,590.9,594.85,563.35,583.9,127742,58313,5656
NURECA,14-JUN-2021,1559.1,1589.1,1497.05,1589.1,78414,57614,3434
NXTDIGITAL,14-JUN-2021,500.0,500.0,485.5,495.8,7663,5638,445
OAL,14-JUN-2021,798.0,798.9,770.0,784.15,29319,16194,3357
OBEROIRLTY,14-JUN-2021,655.45,662.0,632.55,655.45,302283,104670,9832
OCCL,14-JUN-2021,1131.0,1147.45,1080.35,1133.35,14026,7663,2028
OFSS,14-JUN-2021,3690.0,3717.25,3575.05,3675.95,133568,66279,14285
OIL,14-JUN-2021,143.15,143.95,141.25,143.3,806560,330091,9160
OLECTRA,14-JUN-2021,190.8,195.85,186.6,187.65,364588,210359,5299
OMAXAUTO,14-JUN-2021,47.3,51.3,46.55,50.2,195700,99021,2826
OMAXE,14-JUN-2021,83.9,83.9,81.75,82.6,86059,63062,847
OMINFRAL,14-JUN-2021,27.9,28.0,26.2,27.2,130246,91313,670
ONGC,14-JUN-2021,124.4,125.8,121.25,124.8,19547491,3351674,99597
ONMOBILE,14-JUN-2021,121.0,125.95,117.0,123.15,1406423,689441,14908
ORBTEXP,14-JUN-2021,69.3,70.3,67.15,68.3,27776,13387,901
ORCHPHARMA,14-JUN-2021,1215.0,1366.75,1215.0,1289.65,5373,3303,887
ORICONENT,14-JUN-2021,26.45,26.5,25.3,25.95,148336,107352,736
ORIENTABRA,14-JUN-2021,27.6,27.6,25.75,26.4,149224,89287,1180
ORIENTALTL,14-JUN-2021,9.95,10.2,9.15,9.8,134099,75616,543
ORIENTBELL,14-JUN-2021,335.8,335.8,321.5,326.2,26613,15354,962
ORIENTCEM,14-JUN-2021,135.8,137.7,133.1,134.75,413711,218057,6366
ORIENTELEC,14-JUN-2021,305.0,319.55,305.0,313.6,1324471,447205,22124
ORIENTHOT,14-JUN-2021,39.65,39.65,38.0,39.05,218430,152838,1726
ORIENTLTD,14-JUN-2021,97.1,98.0,90.0,91.55,39710,26546,866
ORIENTPPR,14-JUN-2021,28.1,28.25,27.0,27.65,1226434,589524,2987
ORIENTREF,14-JUN-2021,311.0,316.65,307.6,310.0,139711,61442,4438
ORISSAMINE,14-JUN-2021,3277.0,3277.0,3120.0,3195.6,16773,8999,2832
ORTINLAB,14-JUN-2021,32.9,33.5,30.6,31.35,174062,84433,2137
OSWALAGRO,14-JUN-2021,14.1,15.1,13.25,14.5,587689,350211,1648
PAGEIND,14-JUN-2021,30225.0,30250.0,29650.0,30164.7,21283,10182,8970
PAISALO,14-JUN-2021,610.0,614.95,601.65,613.1,136069,68458,1392
PALASHSECU,14-JUN-2021,76.45,83.45,76.45,83.0,11502,8962,153
PALREDTEC,14-JUN-2021,157.5,157.5,140.0,143.2,31721,17697,1252
PANACEABIO,14-JUN-2021,399.0,404.5,381.0,395.15,458019,166385,12610
PANACHE,14-JUN-2021,63.25,63.25,58.5,60.05,55265,23687,529
PANAMAPET,14-JUN-2021,228.7,237.0,225.1,231.55,430627,221230,9579
PARACABLES,14-JUN-2021,13.8,13.8,12.85,13.15,902533,525399,2865
PARAGMILK,14-JUN-2021,138.9,141.5,133.05,138.5,1925438,781260,17365
PARSVNATH,14-JUN-2021,14.75,15.55,14.2,14.6,508168,299184,1094
PATELENG,14-JUN-2021,15.1,15.1,14.4,14.75,2149093,1421950,2543
PATINTLOG,14-JUN-2021,29.5,29.5,27.25,27.95,169438,103244,948
PBAINFRA,14-JUN-2021,12.45,12.45,12.45,12.45,8427,8427,15
PCJEWELLER,14-JUN-2021,27.35,27.35,26.3,26.6,1856207,1012998,4979
PDMJEPAPER,14-JUN-2021,31.85,31.9,30.7,31.2,167278,100568,1519
PDSMFL,14-JUN-2021,980.0,995.0,943.45,972.2,3748,2713,352
PEARLPOLY,14-JUN-2021,18.45,19.55,18.1,18.75,18322,14774,214
PEL,14-JUN-2021,2252.9,2252.9,2161.0,2218.6,944837,82568,45512
PENIND,14-JUN-2021,27.5,28.85,26.1,28.4,2729080,1608838,6334
PERSISTENT,14-JUN-2021,2510.0,2554.0,2480.0,2524.45,128289,56820,17315
PETRONET,14-JUN-2021,233.75,233.75,229.1,232.75,5348686,3068096,41814
PFC,14-JUN-2021,130.9,130.9,126.0,129.55,4730773,1716879,27255
PFIZER,14-JUN-2021,5550.0,5599.0,5401.1,5560.4,76331,22101,10706
PFS,14-JUN-2021,19.55,19.75,18.7,19.15,2400025,1348450,3987
PGEL,14-JUN-2021,423.0,428.95,402.0,416.5,42786,23415,1332
PGHH,14-JUN-2021,13090.35,13090.5,12980.0,13023.1,7929,6682,1462
PGHL,14-JUN-2021,5839.0,5839.0,5782.95,5787.75,7726,5466,2336
PGIL,14-JUN-2021,219.0,219.0,205.15,209.95,11003,9374,176
PHILIPCARB,14-JUN-2021,232.5,233.0,222.55,230.5,1069049,294553,18648
PHOENIXLTD,14-JUN-2021,843.05,843.95,815.45,819.65,72223,31396,8774
PIDILITIND,14-JUN-2021,2115.0,2118.0,2082.05,2114.95,267964,80808,19620
PIIND,14-JUN-2021,2827.0,2849.9,2779.05,2798.9,175889,106067,19401
PILANIINVS,14-JUN-2021,1960.0,2005.0,1926.3,1959.2,9860,4660,1777
PILITA,14-JUN-2021,10.65,10.75,9.5,10.05,7209865,2987627,8218
PIONDIST,14-JUN-2021,133.35,134.95,129.35,131.7,19665,13673,449
PIONEEREMB,14-JUN-2021,55.45,60.7,52.35,57.15,1567496,555511,13120
PITTIENG,14-JUN-2021,106.85,108.0,103.65,107.15,336844,214170,3453
PLASTIBLEN,14-JUN-2021,248.45,248.45,241.95,246.65,28883,16020,1225
PNB,14-JUN-2021,41.8,43.75,40.4,43.05,192209398,34068984,190973
PNBGILTS,14-JUN-2021,81.0,81.0,77.5,79.65,798546,320363,5044
PNCINFRA,14-JUN-2021,257.65,258.85,250.05,251.95,335261,154526,10408
PODDARHOUS,14-JUN-2021,182.0,185.3,180.0,182.7,10145,3749,647
PODDARMENT,14-JUN-2021,244.95,245.0,227.05,240.6,22334,10736,1374
POKARNA,14-JUN-2021,372.25,406.6,343.25,395.75,284666,136665,11682
POLYCAB,14-JUN-2021,1832.0,1844.85,1810.0,1815.9,361776,159085,21753
POLYMED,14-JUN-2021,965.0,965.0,921.1,950.95,225925,99178,19004
POLYPLEX,14-JUN-2021,1321.0,1349.0,1282.0,1328.85,171562,52957,10132
PONNIERODE,14-JUN-2021,221.2,226.4,209.35,220.15,30967,11192,1599
POWERGRID,14-JUN-2021,247.95,249.8,242.1,248.7,10537107,3979572,77635
POWERINDIA,14-JUN-2021,1860.0,1879.95,1815.05,1839.05,12722,7523,2071
POWERMECH,14-JUN-2021,706.0,718.0,682.6,704.95,120137,87762,3616
PPAP,14-JUN-2021,236.9,236.9,220.25,226.9,115467,57352,6100
PPL,14-JUN-2021,174.5,183.35,168.5,177.5,315321,118312,9547
PRAENG,14-JUN-2021,11.8,13.1,10.65,11.9,1666807,430236,3126
PRAKASH,14-JUN-2021,83.55,84.75,78.7,82.9,3155090,1427616,17971
PRAXIS,14-JUN-2021,45.9,46.45,43.6,45.6,17322,12308,386
PRECAM,14-JUN-2021,67.2,67.9,59.4,63.95,726783,253427,8371
PRECOT,14-JUN-2021,201.15,201.15,195.35,201.1,130838,82879,777
PRECWIRE,14-JUN-2021,225.0,229.2,212.15,222.15,81783,40772,3811
PREMEXPLN,14-JUN-2021,145.0,146.9,139.6,140.5,33735,27219,545
PREMIERPOL,14-JUN-2021,50.05,50.95,48.5,49.65,17122,8231,338
PRESSMN,14-JUN-2021,29.5,29.55,26.8,28.4,230690,115872,1925
PRESTIGE,14-JUN-2021,295.0,295.0,282.25,288.75,516289,225611,10981
PRICOLLTD,14-JUN-2021,94.95,95.85,90.25,95.15,3289562,1402846,18850
PRIMESECU,14-JUN-2021,60.3,60.35,57.35,57.55,28745,20241,358
PRINCEPIPE,14-JUN-2021,711.9,719.0,701.0,711.35,279026,137456,15129
PRIVISCL,14-JUN-2021,997.4,1188.0,970.2,1151.55,277904,101420,17541
PROINDIA,14-JUN-2021,2.95,2.95,2.95,2.95,1745,1745,5
PRSMJOHNSN,14-JUN-2021,134.5,134.5,126.7,128.15,549039,406028,6899
PSB,14-JUN-2021,20.45,20.45,19.55,20.2,802979,434102,2076
PSPPROJECT,14-JUN-2021,457.5,457.5,435.35,440.45,141962,76628,4834
PSUBNKBEES,14-JUN-2021,27.15,27.41,26.4,27.21,1282679,675524,2651
PTC,14-JUN-2021,97.55,99.45,90.2,98.25,2311531,933154,12341
PTL,14-JUN-2021,47.0,49.25,45.85,48.4,376967,252218,3372
PUNJABCHEM,14-JUN-2021,1365.1,1419.15,1310.45,1366.95,32631,18930,2352
PURVA,14-JUN-2021,91.15,91.5,87.5,88.55,502530,241930,5062
PVR,14-JUN-2021,1435.0,1444.0,1412.5,1437.35,341420,98986,16628
QGOLDHALF,14-JUN-2021,2095.95,2104.4,2084.0,2087.0,855,579,140
QNIFTY,14-JUN-2021,1630.0,1639.0,1623.0,1638.0,20,14,11
QUESS,14-JUN-2021,836.0,839.95,789.0,810.75,140612,78748,8572
QUICKHEAL,14-JUN-2021,251.0,252.3,231.7,248.15,558118,147896,14562
RADAAN,14-JUN-2021,1.4,1.4,1.4,1.4,63259,63259,44
RADICO,14-JUN-2021,710.9,731.95,701.95,713.0,588818,154227,20223
RADIOCITY,14-JUN-2021,28.4,29.0,26.35,27.95,6255924,2606554,14091
RAILTEL,14-JUN-2021,148.0,149.7,141.55,145.7,3157482,1131844,28219
RAIN,14-JUN-2021,181.9,184.3,175.5,182.35,2739231,858514,20900
RAJESHEXPO,14-JUN-2021,565.9,618.65,555.5,609.0,983729,157263,33036
RAJMET,14-JUN-2021,127.5,133.7,127.5,133.7,8282,5571,122
RAJRATAN,14-JUN-2021,1102.0,1110.0,1080.05,1108.55,16028,10795,1679
RAJSREESUG,14-JUN-2021,29.75,29.75,26.95,28.6,192450,100820,1069
RAJTV,14-JUN-2021,40.0,40.0,37.8,39.2,16491,8426,232
RALLIS,14-JUN-2021,345.9,345.9,328.0,338.55,574720,171911,14620
RAMANEWS,14-JUN-2021,20.25,20.25,19.1,19.25,300963,154572,1290
RAMASTEEL,14-JUN-2021,83.0,83.0,79.0,80.65,30728,24777,417
RAMCOCEM,14-JUN-2021,994.25,996.55,978.05,993.1,240922,90225,8052
RAMCOIND,14-JUN-2021,266.05,269.75,261.05,264.75,84924,50447,2718
RAMCOSYS,14-JUN-2021,563.8,567.6,540.5,552.65,76875,33069,3536
RAMKY,14-JUN-2021,125.9,129.15,117.5,129.15,331260,251408,1561
RANASUG,14-JUN-2021,21.7,21.75,19.75,21.75,4223419,2423784,6915
RANEENGINE,14-JUN-2021,323.15,324.95,312.35,316.35,11426,5856,855
RANEHOLDIN,14-JUN-2021,681.0,687.0,662.7,667.4,114507,74222,6814
RATNAMANI,14-JUN-2021,2027.0,2044.95,2004.05,2020.3,87208,77147,2363
RAYMOND,14-JUN-2021,415.0,416.25,398.55,411.15,679942,183511,13904
RBL,14-JUN-2021,923.9,925.0,897.65,909.5,10209,5286,1222
RBLBANK,14-JUN-2021,218.25,218.35,213.0,216.6,10330382,4758560,42042
RCF,14-JUN-2021,83.1,83.1,80.6,82.05,1781325,577768,9400
RCOM,14-JUN-2021,3.6,3.6,3.3,3.6,162769334,86403004,57966
RECLTD,14-JUN-2021,161.05,161.2,154.4,158.4,5943334,2544351,37505
REDINGTON,14-JUN-2021,279.85,280.4,260.45,270.8,506440,271773,33163
REFEX,14-JUN-2021,151.6,151.65,134.3,143.75,161244,75393,4507
RELAXO,14-JUN-2021,1099.0,1114.9,1088.6,1101.55,117869,38097,9538
RELCAPITAL,14-JUN-2021,21.35,21.35,21.0,21.35,4329171,2467952,4716
RELIANCE,14-JUN-2021,2215.0,2258.25,2195.05,2244.9,9383416,2698433,284426
RELIGARE,14-JUN-2021,138.5,139.3,130.05,132.75,1646523,1000257,15241
RELINFRA,14-JUN-2021,86.75,87.25,80.0,87.25,10430228,5597831,41869
REMSONSIND,14-JUN-2021,202.5,202.5,191.1,195.65,13548,4558,610
RENUKA,14-JUN-2021,24.95,24.95,23.15,24.95,41669533,22081830,33811
REPCOHOME,14-JUN-2021,385.0,430.0,371.0,410.2,1058375,429130,29304
REPL,14-JUN-2021,236.0,240.45,230.55,237.4,36447,25664,868
REPRO,14-JUN-2021,382.85,382.85,362.15,370.5,9395,5639,694
RESPONIND,14-JUN-2021,159.95,166.0,156.3,163.05,540368,83144,9772
REVATHI,14-JUN-2021,577.15,610.0,560.05,598.5,6626,3083,330
RGL,14-JUN-2021,535.95,549.5,519.55,541.5,52523,8634,2651
RHFL,14-JUN-2021,4.45,4.45,4.45,4.45,620100,620100,373
RICOAUTO,14-JUN-2021,50.15,52.3,49.6,51.45,9479557,2956228,36996
RIIL,14-JUN-2021,560.0,651.6,520.0,620.1,5116306,573496,126231
RITES,14-JUN-2021,281.0,281.6,274.0,278.5,659159,291824,10486
RKDL,14-JUN-2021,12.0,12.0,11.3,11.75,37027,18834,229
RKEC,14-JUN-2021,86.05,87.45,81.45,83.9,70876,39947,606
RKFORGE,14-JUN-2021,649.85,649.85,626.0,637.75,28129,12720,1743
RML,14-JUN-2021,389.4,389.4,370.05,378.05,20139,8790,1308
ROHLTD,14-JUN-2021,91.55,91.55,86.5,88.5,75883,40580,1752
ROLLT,14-JUN-2021,3.3,3.3,3.1,3.2,425267,349850,371
ROLTA,14-JUN-2021,6.7,6.75,6.35,6.65,2235999,1207655,4487
ROML,14-JUN-2021,98.95,98.95,91.25,95.8,7360,5266,179
ROSSARI,14-JUN-2021,1244.95,1257.55,1209.0,1241.6,93241,31096,5897
ROSSELLIND,14-JUN-2021,137.7,142.4,126.3,138.65,576528,236960,8184
ROUTE,14-JUN-2021,1751.0,1751.0,1676.1,1720.95,333678,72719,20336
RPGLIFE,14-JUN-2021,472.2,490.0,468.0,474.4,309767,109007,13746
RPPINFRA,14-JUN-2021,67.2,68.0,65.4,65.85,256632,158665,2411
RPSGVENT,14-JUN-2021,577.0,577.0,525.0,551.95,170778,92591,5719
RSSOFTWARE,14-JUN-2021,45.05,46.0,40.55,42.3,837069,363298,9159
RSWM,14-JUN-2021,253.0,255.6,244.1,252.95,90018,59027,1522
RSYSTEMS,14-JUN-2021,144.6,147.5,141.05,145.4,122107,69845,4380
RTNPOWER,14-JUN-2021,4.75,4.8,4.7,4.7,10680839,9014949,10626
RUBYMILLS,14-JUN-2021,232.3,237.0,227.8,230.7,11759,7226,743
RUCHI,14-JUN-2021,1304.0,1305.0,1245.0,1265.05,171929,85813,13764
RUCHIRA,14-JUN-2021,82.3,82.85,79.1,80.45,92117,52157,1573
RUPA,14-JUN-2021,478.1,478.1,462.75,473.05,232644,112203,7387
RVHL,14-JUN-2021,21.0,21.25,20.3,20.8,20579,15729,231
RVNL,14-JUN-2021,31.95,33.7,30.7,33.4,33929394,11232738,59152
S&SPOWER,14-JUN-2021,26.1,26.1,24.8,24.8,5957,5763,53
SABTN,14-JUN-2021,2.0,2.0,2.0,2.0,5110,5110,12
SADBHAV,14-JUN-2021,75.5,87.5,71.75,83.35,6646018,2906446,31936
SADBHIN,14-JUN-2021,25.45,29.85,23.95,29.4,9557451,3938173,14429
SAFARI,14-JUN-2021,683.0,698.95,650.5,685.0,18678,8582,1953
SAGCEM,14-JUN-2021,880.0,887.5,844.35,862.35,14682,7902,1584
SAIL,14-JUN-2021,136.0,139.25,130.0,137.3,107555205,20718257,290012
SAKAR,14-JUN-2021,145.55,154.7,140.4,148.65,186730,105592,3262
SAKSOFT,14-JUN-2021,493.0,502.5,476.0,497.75,33763,15714,2217
SAKUMA,14-JUN-2021,8.3,9.75,7.8,9.75,6457111,3383262,8085
SALASAR,14-JUN-2021,684.95,689.95,675.2,686.55,73733,29013,2014
SALONA,14-JUN-2021,148.0,149.35,135.5,147.5,17625,8810,791
SALZERELEC,14-JUN-2021,165.8,174.6,155.55,169.9,393950,129509,13177
SANCO,14-JUN-2021,11.05,11.3,10.75,11.15,71013,54435,218
SANDESH,14-JUN-2021,826.25,829.0,803.95,821.8,2598,1850,250
SANDHAR,14-JUN-2021,252.6,253.85,245.55,249.65,50557,26330,2721
SANGAMIND,14-JUN-2021,111.7,114.5,108.25,109.75,33263,21156,588
SANGHIIND,14-JUN-2021,58.3,58.3,54.3,56.2,2136305,1158352,11654
SANGHVIMOV,14-JUN-2021,172.95,183.2,165.2,178.9,226673,69206,10854
SANGINITA,14-JUN-2021,23.7,23.7,22.95,23.4,59976,39827,542
SANOFI,14-JUN-2021,7740.0,7850.0,7708.0,7816.2,31719,14568,7914
SARDAEN,14-JUN-2021,637.9,727.0,616.5,712.3,1417973,411780,61642
SARLAPOLY,14-JUN-2021,35.1,35.4,33.75,34.2,214424,135550,1351
SASKEN,14-JUN-2021,974.0,985.0,956.85,964.8,55689,15295,4275
SASTASUNDR,14-JUN-2021,253.7,253.7,234.0,253.7,147975,111046,1993
SATIA,14-JUN-2021,84.5,84.6,82.75,82.9,107308,50493,1330
SATIN,14-JUN-2021,93.0,93.0,87.9,88.6,408251,209475,2526
SBICARD,14-JUN-2021,1100.0,1103.5,1075.1,1078.25,646875,318603,30107
SBIETFIT,14-JUN-2021,289.99,289.99,282.1,287.61,1377,750,135
SBIETFPB,14-JUN-2021,185.0,185.9,180.1,184.0,2611,1420,79
SBIETFQLTY,14-JUN-2021,140.0,140.0,136.5,137.28,3738,2186,132
SBILIFE,14-JUN-2021,988.1,992.75,971.35,986.15,514960,186018,23915
SBIN,14-JUN-2021,427.0,432.45,416.7,430.35,30106015,8165857,279081
SCAPDVR,14-JUN-2021,2.3,2.3,2.15,2.15,159731,100072,164
SCHAEFFLER,14-JUN-2021,5285.0,5285.05,5180.0,5253.9,7281,4151,2766
SCHAND,14-JUN-2021,113.0,121.0,104.15,117.45,416351,212829,5008
SCHNEIDER,14-JUN-2021,130.5,130.55,125.1,128.6,450934,147515,5759
SCI,14-JUN-2021,113.5,113.6,110.3,111.65,1704805,824101,10484
SEAMECLTD,14-JUN-2021,472.8,472.8,449.0,460.15,18917,8182,1145
SECURKLOUD,14-JUN-2021,98.6,98.6,90.0,94.05,68656,44656,1011
SELAN,14-JUN-2021,154.05,159.0,149.65,158.0,111311,64253,2571
SEQUENT,14-JUN-2021,272.9,273.95,263.05,266.6,480826,255685,9951
SESHAPAPER,14-JUN-2021,172.85,172.85,166.6,170.45,34604,13551,1701
SETCO,14-JUN-2021,20.8,20.85,19.15,20.5,751284,268768,1525
SETF10GILT,14-JUN-2021,207.0,207.0,206.0,206.34,46,31,9
SETFGOLD,14-JUN-2021,4350.0,4355.0,4296.65,4306.45,14102,9849,2186
SETFNIF50,14-JUN-2021,169.8,169.8,158.5,160.45,146242,93061,1969
SETFNIFBK,14-JUN-2021,350.0,350.0,342.19,347.76,48798,21865,1230
SETFNN50,14-JUN-2021,407.99,408.69,395.1,403.69,13461,9646,697
SEYAIND,14-JUN-2021,68.5,72.75,65.1,71.0,573910,269699,5463
SFL,14-JUN-2021,2245.2,2245.2,2156.0,2180.05,16003,6108,2429
SGL,14-JUN-2021,12.85,12.85,11.6,12.45,71802,50602,348
SHAKTIPUMP,14-JUN-2021,828.6,829.8,760.0,800.15,159341,79326,10748
SHALBY,14-JUN-2021,168.0,168.0,157.1,161.1,329295,143501,4593
SHALPAINTS,14-JUN-2021,112.85,113.85,108.5,110.4,226581,117455,4824
SHANKARA,14-JUN-2021,435.55,438.0,420.85,431.8,145419,28435,12572
SHANTIGEAR,14-JUN-2021,150.0,150.0,140.85,145.3,73817,44298,1960
SHARDACROP,14-JUN-2021,377.9,379.9,349.55,363.0,295476,130591,9736
SHARDAMOTR,14-JUN-2021,410.15,413.2,397.0,401.0,29497,19178,1647
SHAREINDIA,14-JUN-2021,467.0,488.1,457.0,461.45,25368,12900,1403
SHARIABEES,14-JUN-2021,409.98,409.98,395.0,397.0,320,235,49
SHILPAMED,14-JUN-2021,575.0,575.0,549.0,562.5,519044,143440,11298
SHIVAMILLS,14-JUN-2021,70.5,75.75,68.75,75.75,92594,37567,645
SHIVATEX,14-JUN-2021,186.5,194.55,186.5,188.9,5615,3583,287
SHK,14-JUN-2021,155.95,156.45,152.05,152.85,184805,96760,2504
SHOPERSTOP,14-JUN-2021,240.25,240.25,232.5,234.85,111920,53623,2687
SHRADHA,14-JUN-2021,55.45,55.45,45.7,52.55,7390,3719,314
SHREDIGCEM,14-JUN-2021,84.95,84.95,80.55,83.1,643604,278258,5971
SHREECEM,14-JUN-2021,28000.0,28385.0,27752.2,28334.05,43225,11045,16033
SHREEPUSHK,14-JUN-2021,188.0,189.05,180.95,184.15,62654,36702,2685
SHREERAMA,14-JUN-2021,16.15,16.15,14.55,15.25,213542,111437,843
SHREYANIND,14-JUN-2021,103.35,106.3,99.0,105.4,144025,87715,2773
SHREYAS,14-JUN-2021,171.9,179.3,163.0,179.3,163589,86034,2792
SHRIRAMCIT,14-JUN-2021,1707.55,1710.0,1671.0,1687.55,15698,7092,2579
SHRIRAMEPC,14-JUN-2021,4.9,4.95,4.8,4.8,907455,685909,937
SHYAMCENT,14-JUN-2021,10.0,10.5,9.3,10.3,894868,634311,1571
SHYAMTEL,14-JUN-2021,12.5,13.1,12.0,13.1,15745,14404,54
SICAL,14-JUN-2021,17.0,17.3,16.15,16.7,1256759,667450,1798
SIEMENS,14-JUN-2021,2100.0,2112.35,2052.25,2068.3,284209,84743,16428
SIGIND,14-JUN-2021,53.25,54.95,51.0,52.05,60385,34778,796
SILGO,14-JUN-2021,41.15,41.15,38.4,40.45,28261,19435,383
SILINV,14-JUN-2021,242.75,242.9,231.1,237.35,12613,5424,553
SIMPLEXINF,14-JUN-2021,42.75,42.95,39.85,42.2,322634,181153,1692
SINTERCOM,14-JUN-2021,80.15,82.0,77.9,78.9,28803,22446,261
SINTEX,14-JUN-2021,4.95,5.15,4.9,4.9,22485147,9133943,6054
SIRCA,14-JUN-2021,358.0,358.0,341.2,342.7,26905,18744,1016
SIS,14-JUN-2021,421.9,421.9,408.8,416.8,276598,182326,9553
SIYSIL,14-JUN-2021,307.55,307.55,288.45,304.1,105386,46468,4207
SJVN,14-JUN-2021,29.45,29.45,28.4,29.25,3018408,1361047,8393
SKFINDIA,14-JUN-2021,2575.0,2634.0,2480.1,2579.8,47434,12639,6445
SKIL,14-JUN-2021,4.7,4.7,4.7,4.7,59921,59921,43
SKIPPER,14-JUN-2021,83.7,87.5,78.2,85.05,2425298,1096000,16553
SKMEGGPROD,14-JUN-2021,79.2,79.9,72.9,77.25,188153,87346,3056
SMARTLINK,14-JUN-2021,97.0,98.7,94.3,95.85,24446,10079,973
SMCGLOBAL,14-JUN-2021,78.2,78.35,74.0,77.3,684142,354810,5112
SMLISUZU,14-JUN-2021,489.9,492.1,471.7,483.75,25016,10924,1906
SMSLIFE,14-JUN-2021,631.0,642.0,610.0,629.8,9461,4015,1222
SMSPHARMA,14-JUN-2021,181.95,187.25,172.5,184.2,373403,138295,7441
SNOWMAN,14-JUN-2021,57.5,57.75,54.75,56.25,2637089,940561,10739
SOBHA,14-JUN-2021,510.0,511.2,492.55,500.95,132650,47045,5818
SOLARA,14-JUN-2021,1703.0,1722.65,1645.05,1670.7,102701,52193,7520
SOLARINDS,14-JUN-2021,1638.1,1646.3,1563.35,1621.9,28504,9170,3107
SOMANYCERA,14-JUN-2021,470.0,504.7,469.45,488.15,198353,130029,8156
SOMATEX,14-JUN-2021,8.35,8.4,8.35,8.4,77023,75010,203
SOMICONVEY,14-JUN-2021,57.5,60.0,52.2,56.3,61764,39602,1097
SONATSOFTW,14-JUN-2021,726.5,733.9,705.0,723.45,98632,46722,6187
SORILINFRA,14-JUN-2021,162.7,162.7,153.7,154.75,92518,44255,1986
SOTL,14-JUN-2021,1315.0,1358.0,1261.3,1345.6,61907,28445,6493
SOUTHBANK,14-JUN-2021,10.7,10.7,10.3,10.55,13350719,6357863,37282
SOUTHWEST,14-JUN-2021,43.4,44.95,40.8,43.4,188699,111744,1123
SPAL,14-JUN-2021,234.4,235.75,221.2,224.7,100013,55601,5051
SPANDANA,14-JUN-2021,715.0,722.6,688.0,696.35,107154,57166,3586
SPARC,14-JUN-2021,249.0,249.7,237.15,243.35,909519,290256,11816
SPECIALITY,14-JUN-2021,60.45,60.85,56.7,57.95,400131,172814,3830
SPENCERS,14-JUN-2021,82.7,83.5,78.35,80.9,803363,323215,8125
SPIC,14-JUN-2021,45.95,46.0,43.0,44.55,1304721,553495,8219
SPICEJET,14-JUN-2021,80.4,80.4,77.05,78.55,3302618,1336011,22077
SPLIL,14-JUN-2021,50.0,51.7,48.0,48.55,106391,63939,1580
SPTL,14-JUN-2021,5.8,5.8,5.3,5.8,12275676,7015333,4701
SREEL,14-JUN-2021,215.35,215.35,201.0,211.4,57712,26053,2757
SREINFRA,14-JUN-2021,8.4,8.45,7.5,8.25,3632208,1562773,3917
SRF,14-JUN-2021,7037.0,7065.1,6966.75,6983.75,91708,30961,9994
SRHHYPOLTD,14-JUN-2021,298.5,300.8,291.0,299.1,19677,12497,1085
SRIPIPES,14-JUN-2021,192.0,214.7,188.25,210.35,1287670,492335,25254
SRTRANSFIN,14-JUN-2021,1470.0,1483.9,1427.05,1477.0,1722561,373912,40472
SSWL,14-JUN-2021,758.0,758.0,736.45,746.05,21640,11446,2997
STAR,14-JUN-2021,826.0,832.0,801.55,817.8,440607,120037,12785
STARCEMENT,14-JUN-2021,111.0,113.0,109.05,110.85,301515,145818,3467
STARPAPER,14-JUN-2021,146.0,146.0,136.05,140.5,194434,90334,5131
STCINDIA,14-JUN-2021,124.9,125.2,118.0,119.25,151317,69387,2846
STEELCITY,14-JUN-2021,45.9,54.05,45.05,54.05,769079,389960,4459
STEELXIND,14-JUN-2021,58.75,59.25,57.8,58.35,178853,105328,746
STEL,14-JUN-2021,110.6,110.65,103.2,110.65,283671,146509,3169
STERTOOLS,14-JUN-2021,205.0,207.85,187.75,197.85,201124,118102,7624
STLTECH,14-JUN-2021,272.0,274.25,265.15,267.8,395139,183566,10375
STOVEKRAFT,14-JUN-2021,595.0,595.0,583.05,587.5,66468,29964,7447
SUBEXLTD,14-JUN-2021,59.65,59.75,56.55,58.4,7930851,2700896,27515
SUBROS,14-JUN-2021,329.95,329.95,318.4,324.9,45602,22988,2337
SUDARSCHEM,14-JUN-2021,692.2,694.65,672.0,679.5,178274,70173,7303
SUMICHEM,14-JUN-2021,366.5,398.0,356.65,393.45,2195796,683231,40460
SUMIT,14-JUN-2021,13.15,13.35,12.45,12.85,98941,67857,370
SUMMITSEC,14-JUN-2021,606.95,610.6,536.5,595.0,7425,4866,620
SUNCLAYLTD,14-JUN-2021,3647.85,3647.85,3538.0,3551.35,11357,5364,2402
SUNDARAM,14-JUN-2021,1.95,1.95,1.95,1.95,144130,144130,50
SUNDARMFIN,14-JUN-2021,2612.25,2612.25,2571.95,2579.3,38077,24907,4041
SUNDARMHLD,14-JUN-2021,75.1,75.3,72.1,73.9,285058,185882,2540
SUNDRMBRAK,14-JUN-2021,428.0,443.0,417.35,422.4,20075,8419,2384
SUNDRMFAST,14-JUN-2021,836.5,839.0,815.0,833.45,72950,30525,6234
SUNFLAG,14-JUN-2021,83.3,88.25,80.6,86.3,5047868,1395365,31970
SUNPHARMA,14-JUN-2021,682.0,683.7,671.55,677.1,3640962,1871120,63647
SUNTECK,14-JUN-2021,307.85,309.25,294.3,300.65,302954,93718,10956
SUNTV,14-JUN-2021,520.0,528.55,511.0,514.7,5632109,2533189,77635
SUPERHOUSE,14-JUN-2021,154.0,154.0,149.3,151.9,25348,13349,1664
SUPRAJIT,14-JUN-2021,297.05,305.0,291.7,295.2,353345,113002,9485
SUPREMEIND,14-JUN-2021,2275.0,2287.95,2246.0,2274.45,83986,51600,10842
SURANASOL,14-JUN-2021,12.5,12.5,11.55,11.85,98026,66074,419
SURANAT&P,14-JUN-2021,6.3,6.35,6.1,6.35,549614,423738,1346
SURYAROSNI,14-JUN-2021,484.9,514.9,479.75,507.5,817540,263422,22244
SURYODAY,14-JUN-2021,231.4,232.5,222.0,223.4,304859,179666,6061
SUTLEJTEX,14-JUN-2021,56.55,57.4,54.05,55.7,213002,114021,2072
SUULD,14-JUN-2021,437.0,440.0,435.0,438.6,30527,12739,302
SUVEN,14-JUN-2021,99.7,104.7,94.0,98.5,2055606,901825,17317
SUVENPHAR,14-JUN-2021,490.0,493.8,476.0,485.9,271752,153688,10223
SUVIDHAA,14-JUN-2021,23.2,23.9,22.5,23.9,271668,191173,741
SUZLON,14-JUN-2021,7.15,7.2,6.75,7.05,41818805,20548702,48273
SWANENERGY,14-JUN-2021,137.85,142.0,135.0,140.9,215904,56090,4404
SWARAJENG,14-JUN-2021,1547.9,1633.45,1545.0,1594.45,70648,22468,6338
SWELECTES,14-JUN-2021,238.9,240.9,226.25,237.55,30386,19389,1315
SWSOLAR,14-JUN-2021,244.35,245.45,234.1,240.05,587780,221608,9820
SYMPHONY,14-JUN-2021,1083.0,1084.45,1069.3,1074.95,90218,42297,7849
SYNGENE,14-JUN-2021,594.25,595.0,582.45,587.3,167167,76056,6938
TAINWALCHM,14-JUN-2021,81.0,83.45,76.85,80.7,48196,29080,867
TAJGVK,14-JUN-2021,145.5,145.5,138.65,142.3,265861,129314,5327
TAKE,14-JUN-2021,70.2,71.45,67.0,70.1,3109829,1501340,16047
TALBROAUTO,14-JUN-2021,283.0,283.0,267.5,278.8,105865,42726,3634
TARC,14-JUN-2021,31.25,31.25,29.4,30.4,376284,209157,1837
TARMAT,14-JUN-2021,63.75,63.75,59.2,61.45,41583,18707,993
TASTYBITE,14-JUN-2021,15640.0,15661.15,15156.05,15303.55,999,481,644
TATACHEM,14-JUN-2021,740.8,742.5,716.5,738.3,2526252,638999,49869
TATACOFFEE,14-JUN-2021,188.5,188.5,177.55,184.65,3263592,702411,28313
TATACOMM,14-JUN-2021,1286.4,1342.0,1227.05,1336.7,891393,318019,32155
TATACONSUM,14-JUN-2021,715.4,717.0,702.6,714.75,1798953,727474,50643
TATAELXSI,14-JUN-2021,3840.0,3868.0,3715.0,3809.6,109069,49878,14188
TATAINVEST,14-JUN-2021,1177.0,1187.95,1162.6,1177.0,123978,59019,7790
TATAMETALI,14-JUN-2021,1148.0,1186.0,1095.0,1162.3,828142,219229,38654
TATAMOTORS,14-JUN-2021,350.05,357.9,341.1,355.95,38482142,5912785,258674
TATAMTRDVR,14-JUN-2021,161.75,168.95,155.1,165.9,4702001,1612855,31856
TATAPOWER,14-JUN-2021,126.25,126.25,116.6,123.4,86326236,13190212,304675
TATASTEEL,14-JUN-2021,1168.0,1178.65,1140.0,1164.8,16031264,2962208,279545
TATASTLBSL,14-JUN-2021,98.4,98.4,92.5,96.2,9759984,4334835,52991
TBZ,14-JUN-2021,80.2,81.15,78.2,79.35,564343,147275,8426
TCI,14-JUN-2021,438.75,453.0,419.3,436.55,94272,35414,5576
TCIDEVELOP,14-JUN-2021,421.95,422.0,396.05,399.85,4998,3419,352
TCIEXP,14-JUN-2021,1555.95,1555.95,1476.7,1522.75,52365,18781,4889
TCIFINANCE,14-JUN-2021,6.45,6.6,6.45,6.6,7691,6791,23
TCNSBRANDS,14-JUN-2021,550.2,554.35,533.1,548.85,24397,11201,1784
TCPLPACK,14-JUN-2021,480.0,489.1,465.0,467.15,10433,6954,450
TCS,14-JUN-2021,3279.0,3308.7,3270.35,3276.35,1847360,925400,82241
TDPOWERSYS,14-JUN-2021,204.05,208.0,201.0,205.05,71435,41591,4046
TEAMLEASE,14-JUN-2021,3779.8,3779.8,3580.0,3610.55,15744,6096,3464
TECHM,14-JUN-2021,1073.0,1079.35,1058.0,1069.25,2757666,1315069,82864
TECHNOE,14-JUN-2021,335.0,337.75,326.0,333.6,54612,28142,1941
TEMBO,14-JUN-2021,216.0,226.75,209.0,218.8,191403,46631,2680
TERASOFT,14-JUN-2021,53.8,53.8,49.5,51.25,91000,54512,1251
TEXINFRA,14-JUN-2021,70.4,70.9,69.15,69.65,79943,31738,918
TEXMOPIPES,14-JUN-2021,48.0,48.0,45.15,47.35,284637,171030,2275
TEXRAIL,14-JUN-2021,34.0,36.2,32.6,35.25,5663462,2613142,16664
TFCILTD,14-JUN-2021,77.4,81.7,73.2,77.2,3611761,1154643,24034
THANGAMAYL,14-JUN-2021,822.3,849.8,803.45,817.55,20686,10903,2244
THEINVEST,14-JUN-2021,109.05,109.05,103.6,105.75,6131,3296,214
THEMISMED,14-JUN-2021,740.0,740.0,700.0,711.8,30043,19081,1596
THERMAX,14-JUN-2021,1528.95,1528.95,1483.25,1487.0,23408,11488,2845
THOMASCOOK,14-JUN-2021,68.0,69.3,64.65,67.9,690177,345504,5328
THYROCARE,14-JUN-2021,1238.0,1324.0,1165.35,1226.5,2499990,360195,90390
TI,14-JUN-2021,37.0,37.5,36.2,37.2,384124,146302,2822
TIDEWATER,14-JUN-2021,12045.15,12045.15,12045.15,12045.15,5531,4880,720
TIIL,14-JUN-2021,456.0,456.0,433.55,445.9,23806,12230,1793
TIINDIA,14-JUN-2021,1349.7,1450.0,1303.55,1329.8,89338,48553,7699
TIJARIA,14-JUN-2021,7.85,7.95,7.8,7.95,54612,49499,189
TIMESGTY,14-JUN-2021,46.3,49.85,43.35,46.2,23060,12347,368
TIMETECHNO,14-JUN-2021,86.4,86.5,84.25,85.75,533852,233941,5833
TIMKEN,14-JUN-2021,1387.0,1387.0,1351.0,1382.0,109127,96924,2742
TINPLATE,14-JUN-2021,217.5,226.45,210.0,221.25,2163707,769724,32457
TIRUMALCHM,14-JUN-2021,146.3,146.7,137.1,143.55,1715673,696287,18138
TITAN,14-JUN-2021,1728.45,1740.0,1713.0,1734.8,887780,286004,48509
TMRVL,14-JUN-2021,22.2,22.2,22.2,22.2,121795,121770,404
TNPETRO,14-JUN-2021,112.5,113.5,107.1,111.95,1188089,584899,10103
TNPL,14-JUN-2021,152.5,158.7,147.35,156.45,689460,293291,9896
TOKYOPLAST,14-JUN-2021,99.85,99.85,93.35,95.65,16656,10754,366
TORNTPHARM,14-JUN-2021,2875.0,2996.0,2839.0,2979.75,861814,113566,55642
TORNTPOWER,14-JUN-2021,464.65,464.95,445.85,458.8,2291051,667998,40767
TOTAL,14-JUN-2021,53.9,54.15,50.3,51.5,26421,17650,433
TOUCHWOOD,14-JUN-2021,91.0,94.0,84.3,89.8,25373,19196,496
TPLPLASTEH,14-JUN-2021,245.25,251.85,241.8,243.3,10493,4282,919
TREJHARA,14-JUN-2021,59.0,59.0,53.5,56.45,178629,97274,4427
TRENT,14-JUN-2021,871.0,877.55,850.5,867.55,226622,37224,7796
TRF,14-JUN-2021,127.2,128.0,121.0,125.05,156791,69814,2562
TRIDENT,14-JUN-2021,16.85,16.9,16.25,16.8,12222202,7367812,20412
TRIGYN,14-JUN-2021,140.9,141.0,131.3,135.9,613614,262697,7017
TRIL,14-JUN-2021,28.6,30.5,27.0,29.3,1510010,420848,9186
TRITURBINE,14-JUN-2021,117.0,117.0,111.55,114.7,170114,76630,3603
TRIVENI,14-JUN-2021,186.0,193.6,168.25,189.4,1864044,481030,23949
TTKHLTCARE,14-JUN-2021,660.0,660.0,635.4,642.65,19910,13355,1741
TTKPRESTIG,14-JUN-2021,8890.0,8972.2,8815.0,8855.7,35702,33000,1797
TV18BRDCST,14-JUN-2021,45.8,46.45,43.25,45.7,26239049,4758917,38504
TVSELECT,14-JUN-2021,167.5,170.45,155.3,166.85,156537,58617,2305
TVSMOTOR,14-JUN-2021,635.8,638.9,616.5,629.4,1098798,205693,19773
TVSSRICHAK,14-JUN-2021,1995.9,2090.35,1955.0,2066.4,33123,17617,5061
TVTODAY,14-JUN-2021,308.95,339.7,298.0,323.65,916354,279963,19722
TWL,14-JUN-2021,57.8,59.5,55.3,58.3,1559007,542890,11082
UBL,14-JUN-2021,1379.85,1384.9,1352.5,1368.95,240926,35860,10179
UCALFUEL,14-JUN-2021,174.5,174.95,167.5,168.8,58572,29819,2365
UCOBANK,14-JUN-2021,13.65,13.75,13.25,13.7,5740569,2393787,15899
UFLEX,14-JUN-2021,480.0,480.2,456.1,471.65,174089,79682,6719
UFO,14-JUN-2021,92.6,92.7,88.5,91.2,342790,180299,4258
UGARSUGAR,14-JUN-2021,32.05,32.7,30.9,32.1,1032115,383453,3514
UJAAS,14-JUN-2021,3.45,3.45,3.45,3.45,753952,747450,1079
UJJIVAN,14-JUN-2021,224.5,224.5,214.0,218.55,733986,298093,9514
UJJIVANSFB,14-JUN-2021,33.0,33.05,31.65,32.5,5638710,2037616,10145
ULTRACEMCO,14-JUN-2021,6655.0,6685.9,6580.0,6678.5,160001,40303,19492
UMANGDAIRY,14-JUN-2021,80.9,81.5,78.25,80.1,87971,48743,2273
UNICHEMLAB,14-JUN-2021,336.95,336.95,326.55,332.1,56454,29096,2294
UNIDT,14-JUN-2021,370.9,377.1,353.0,357.0,62672,40520,2280
UNIENTER,14-JUN-2021,119.7,121.95,114.1,118.1,23783,15677,382
UNIONBANK,14-JUN-2021,36.05,37.55,35.2,37.4,55472261,23484585,59576
UNITEDTEA,14-JUN-2021,345.0,345.0,327.3,334.45,3787,2712,191
UNIVASTU,14-JUN-2021,44.5,45.95,42.05,44.65,4289,2252,87
UNIVCABLES,14-JUN-2021,192.2,197.3,188.5,191.45,88553,43698,2705
UNIVPHOTO,14-JUN-2021,242.0,249.9,234.35,248.05,13714,10683,429
UPL,14-JUN-2021,838.2,838.2,815.2,834.6,2361786,698667,58773
URJA,14-JUN-2021,8.2,8.2,7.9,8.15,8156049,6105147,16222
USHAMART,14-JUN-2021,51.85,51.85,48.65,50.6,1990234,855660,5961
UTIAMC,14-JUN-2021,805.0,815.0,784.15,787.6,132417,70129,7674
UTIBANKETF,14-JUN-2021,35.25,35.25,34.3,34.9,7702,5364,198
UTINEXT50,14-JUN-2021,40.88,40.88,38.8,39.51,22167,13391,279
UTINIFTETF,14-JUN-2021,1677.97,1689.73,1625.76,1658.0,693,480,169
UTISENSETF,14-JUN-2021,552.25,552.25,538.9,545.85,1233,812,115
UTISXN50,14-JUN-2021,47.0,47.0,45.32,46.7,1660,1088,93
UTTAMSTL,14-JUN-2021,7.05,7.4,6.95,7.0,5403873,3008901,3073
UTTAMSUGAR,14-JUN-2021,175.7,189.0,166.05,179.8,946891,266577,15740
V2RETAIL,14-JUN-2021,135.55,136.4,132.0,132.55,18949,12845,575
VADILALIND,14-JUN-2021,1041.0,1057.55,1002.0,1017.55,39673,23231,3163
VAIBHAVGBL,14-JUN-2021,819.5,822.0,800.0,815.6,108960,59148,8229
VAISHALI,14-JUN-2021,42.3,45.85,39.5,44.3,619785,266651,3773
VAKRANGEE,14-JUN-2021,52.9,54.5,48.25,49.35,13245650,6912654,31104
VALIANTORG,14-JUN-2021,1632.0,1646.9,1593.0,1599.85,51819,35918,4342
VARDHACRLC,14-JUN-2021,44.0,44.0,42.1,42.6,96697,66212,799
VARDMNPOLY,14-JUN-2021,22.8,23.0,20.3,22.1,119500,50528,1137
VARROC,14-JUN-2021,377.8,379.15,370.0,374.05,232123,115688,9130
VASCONEQ,14-JUN-2021,21.2,22.9,19.9,21.65,1899378,1099580,3677
VASWANI,14-JUN-2021,13.95,14.2,13.5,14.1,67728,57599,239
VBL,14-JUN-2021,790.0,790.25,766.45,775.7,610343,312737,27372
VEDL,14-JUN-2021,276.95,277.45,268.1,273.9,5854545,989801,40858
VENKEYS,14-JUN-2021,2619.0,2619.0,2553.25,2569.85,67959,21769,6802
VENUSREM,14-JUN-2021,319.0,320.0,314.5,316.45,42917,33387,957
VERTOZ,14-JUN-2021,204.5,210.0,191.5,197.9,453904,142821,11322
VESUVIUS,14-JUN-2021,1099.0,1099.0,1072.0,1075.55,33249,22371,2169
VETO,14-JUN-2021,140.25,142.9,126.55,130.8,258769,146843,5609
VGUARD,14-JUN-2021,269.5,269.9,262.1,268.95,1168838,391630,18764
VHL,14-JUN-2021,2701.85,2735.95,2551.0,2610.35,1643,774,472
VIDHIING,14-JUN-2021,215.9,220.0,206.1,214.75,158906,80797,4816
VIKASLIFE,14-JUN-2021,3.6,3.6,3.35,3.5,9611284,3778952,3989
VIKASPROP,14-JUN-2021,2.8,2.85,2.65,2.75,5637303,3385942,3906
VIKASWSP,14-JUN-2021,6.05,6.2,5.75,6.1,765457,603652,995
VIMTALABS,14-JUN-2021,273.0,273.55,221.0,260.3,365466,146644,10254
VINATIORGA,14-JUN-2021,1729.0,1775.0,1725.0,1768.2,70955,25463,5815
VINDHYATEL,14-JUN-2021,1078.0,1119.5,1055.5,1106.5,59705,29380,4904
VINYLINDIA,14-JUN-2021,147.4,153.9,143.0,151.35,282627,78480,6779
VIPCLOTHNG,14-JUN-2021,17.5,18.3,17.15,17.45,158593,126416,482
VIPIND,14-JUN-2021,393.6,423.0,386.5,410.35,2182530,757131,38495
VIPULLTD,14-JUN-2021,37.1,37.1,34.5,35.2,34920,23580,296
VISAKAIND,14-JUN-2021,684.85,684.85,653.45,670.15,73390,24354,7789
VISHAL,14-JUN-2021,59.0,59.0,55.2,57.2,202877,131015,1583
VISHNU,14-JUN-2021,448.0,448.0,420.1,440.0,26856,17911,1166
VISHWARAJ,14-JUN-2021,166.9,168.9,154.65,156.35,705461,222733,8482
VLSFINANCE,14-JUN-2021,134.95,135.0,125.0,133.15,146537,91440,2613
VMART,14-JUN-2021,2801.0,2815.25,2759.45,2799.55,7289,4779,1299
VOLTAMP,14-JUN-2021,1421.8,1427.15,1333.85,1363.85,37980,16927,4652
VOLTAS,14-JUN-2021,1042.0,1046.6,1020.45,1043.05,840209,201438,34634
VRLLOG,14-JUN-2021,298.0,298.0,280.0,282.05,1436882,700839,28776
VSSL,14-JUN-2021,200.65,200.65,194.05,199.9,110979,62916,3251
VSTIND,14-JUN-2021,3499.95,3509.85,3466.8,3475.6,8386,4474,1457
VSTTILLERS,14-JUN-2021,2122.0,2122.0,2054.55,2078.85,14270,7583,2407
VTL,14-JUN-2021,1443.6,1477.25,1364.05,1456.55,101269,42416,6405
WABAG,14-JUN-2021,357.0,376.95,337.45,366.45,5061649,1174083,92490
WABCOINDIA,14-JUN-2021,6877.45,6885.0,6746.75,6869.55,1733,1080,896
WALCHANNAG,14-JUN-2021,81.0,83.35,74.9,80.5,1137537,225796,10462
WATERBASE,14-JUN-2021,128.0,128.0,123.0,126.0,269925,102571,3992
WEBELSOLAR,14-JUN-2021,58.45,59.5,54.0,57.1,494533,271296,2379
WEIZMANIND,14-JUN-2021,57.45,57.9,54.25,56.3,27784,12287,496
WELCORP,14-JUN-2021,153.5,153.5,148.15,149.6,1950106,1006906,16066
WELENT,14-JUN-2021,120.8,122.4,117.0,118.45,546069,336238,4703
WELINV,14-JUN-2021,411.05,415.65,398.3,402.15,586,241,76
WELSPUNIND,14-JUN-2021,96.5,97.0,92.05,96.1,2770080,898537,17941
WENDT,14-JUN-2021,3811.9,3811.9,3645.2,3715.75,2092,446,1332
WESTLIFE,14-JUN-2021,489.5,489.5,472.0,480.75,48239,22866,2722
WHEELS,14-JUN-2021,601.15,605.0,575.45,588.4,22583,10920,1646
WHIRLPOOL,14-JUN-2021,2188.0,2210.0,2152.9,2191.8,96978,51614,9825
WILLAMAGOR,14-JUN-2021,20.95,20.95,19.65,20.6,10362,6273,105
WINDMACHIN,14-JUN-2021,42.95,42.95,40.2,42.25,128214,67277,397
WIPRO,14-JUN-2021,553.9,562.8,553.0,561.6,5952159,1551168,104112
WOCKPHARMA,14-JUN-2021,656.9,656.9,631.85,646.55,487059,160525,12563
WONDERLA,14-JUN-2021,216.5,216.65,209.25,214.85,391978,304398,6135
WORTH,14-JUN-2021,79.0,84.85,73.3,80.45,188405,73401,1792
WSTCSTPAPR,14-JUN-2021,240.45,245.8,226.3,237.3,618014,315668,10067
XCHANGING,14-JUN-2021,83.05,88.0,77.4,86.0,2271240,1226673,18435
XELPMOC,14-JUN-2021,291.9,292.6,278.0,281.45,47297,31179,2657
YESBANK,14-JUN-2021,14.4,14.4,13.9,14.1,157306721,52302700,106940
ZEEL,14-JUN-2021,220.5,220.9,213.8,218.2,12388921,2013897,63099
ZEELEARN,14-JUN-2021,14.85,17.8,14.0,17.75,19625205,11325148,19415
ZEEMEDIA,14-JUN-2021,10.3,10.85,9.85,10.85,11232483,6409895,4769
ZENSARTECH,14-JUN-2021,299.9,305.95,282.35,290.15,33872356,26989643,88789
ZENTEC,14-JUN-2021,90.25,90.25,82.5,85.95,770822,305087,10243
ZODIACLOTH,14-JUN-2021,109.6,110.15,106.0,108.1,53244,22135,1668
ZOTA,14-JUN-2021,172.0,178.5,166.2,176.2,57102,21979,1062
ZUARI,14-JUN-2021,123.75,134.35,117.55,130.7,1312665,440621,24721
ZUARIGLOB,14-JUN-2021,122.7,122.75,114.05,119.55,314920,158085,4536
ZYDUSWELL,14-JUN-2021,2057.7,2061.45,2014.0,2044.7,21377,10756,2971
