20MICRONS,16-JUN-2021,67.95,68.35,65.2,66.35,216399,113281,3324
21STCENMGM,16-JUN-2021,18.8,18.8,18.8,18.8,1069,1069,5
3MINDIA,16-JUN-2021,25764.45,25834.25,25394.0,25473.8,1631,790,869
3PLAND,16-JUN-2021,13.85,14.2,13.8,13.95,14524,10757,108
5PAISA,16-JUN-2021,428.9,439.65,420.7,431.0,229848,116097,6270
AAKASH,16-JUN-2021,180.5,182.45,180.0,181.4,60651,21223,510
AARTIDRUGS,16-JUN-2021,731.0,748.0,727.05,736.6,430075,117886,15843
AARTIIND,16-JUN-2021,1830.1,1845.0,1818.95,1827.9,291708,131455,16407
AARTISURF,16-JUN-2021,1378.25,1389.9,1365.0,1370.3,12068,6094,1702
AARVI,16-JUN-2021,68.05,69.8,66.8,68.45,41375,29677,437
AAVAS,16-JUN-2021,2496.2,2529.95,2434.25,2505.35,58443,32131,5678
ABAN,16-JUN-2021,52.0,52.0,50.45,50.85,304468,188872,2719
ABB,16-JUN-2021,1699.0,1728.0,1673.75,1720.3,207324,84755,12137
ABBOTINDIA,16-JUN-2021,16500.0,16500.0,16326.65,16446.2,7235,3733,2312
ABCAPITAL,16-JUN-2021,123.9,125.7,123.0,123.35,1709444,734473,10068
ABFRL,16-JUN-2021,204.95,205.75,201.95,203.3,976813,451147,9027
ABMINTLTD,16-JUN-2021,68.55,70.0,65.5,67.25,4339,1140,95
ABSLBANETF,16-JUN-2021,348.65,348.88,347.17,347.17,479,120,23
ABSLNN50ET,16-JUN-2021,395.4,401.99,395.4,397.25,138,80,10
ACC,16-JUN-2021,2042.0,2053.0,2013.4,2020.5,152299,26130,8031
ACCELYA,16-JUN-2021,1180.0,1220.0,1148.45,1190.9,402006,188788,12527
ACCURACY,16-JUN-2021,80.7,84.7,80.4,83.8,14117,9666,211
ACE,16-JUN-2021,245.15,246.6,228.85,233.05,3528685,1044341,70330
ACRYSIL,16-JUN-2021,539.05,549.1,531.4,535.85,158355,62801,8656
ADANIENT,16-JUN-2021,1510.0,1538.2,1409.3,1448.3,12626149,1331114,290100
ADANIPORTS,16-JUN-2021,755.0,755.0,697.8,706.7,29440056,6819660,501294
ADFFOODS,16-JUN-2021,967.0,984.0,951.25,957.05,24839,13567,3390
ADORWELD,16-JUN-2021,618.3,619.95,602.0,613.5,29420,13686,2929
ADROITINFO,16-JUN-2021,12.2,12.25,11.15,11.4,25683,20900,233
ADSL,16-JUN-2021,61.9,62.2,61.05,61.55,192734,123849,1103
ADVANIHOTR,16-JUN-2021,67.0,67.0,63.4,63.8,15873,9871,497
ADVENZYMES,16-JUN-2021,414.2,416.15,405.25,414.45,247225,119869,10415
AEGISCHEM,16-JUN-2021,365.25,372.8,361.0,362.75,407227,175193,8878
AGARIND,16-JUN-2021,288.45,288.45,288.45,288.45,22178,22178,175
AGRITECH,16-JUN-2021,45.0,45.05,43.7,44.65,20340,12789,300
AGROPHOS,16-JUN-2021,14.95,14.95,14.5,14.7,123901,44572,653
AHLADA,16-JUN-2021,183.55,184.75,179.0,179.8,77608,67434,756
AHLEAST,16-JUN-2021,183.1,183.1,176.95,177.95,3062,2219,133
AHLUCONT,16-JUN-2021,312.3,324.2,312.3,317.65,12635,6428,854
AHLWEST,16-JUN-2021,216.5,221.0,215.05,219.2,15085,10144,640
AIAENG,16-JUN-2021,1975.0,2000.0,1955.0,1987.9,85356,70537,3288
AIRAN,16-JUN-2021,26.0,26.9,25.05,25.45,238595,166525,1344
AJANTPHARM,16-JUN-2021,2007.0,2025.0,1984.95,1991.15,91853,27991,8639
AJMERA,16-JUN-2021,181.65,187.9,177.3,184.35,424452,143242,9412
AKASH,16-JUN-2021,224.6,224.6,214.0,217.35,39134,36963,356
AKG,16-JUN-2021,31.1,31.1,29.5,30.35,4716,3663,105
AKSHARCHEM,16-JUN-2021,364.0,370.0,352.3,354.95,38335,18949,2483
AKZOINDIA,16-JUN-2021,2332.4,2332.4,2290.0,2298.55,4924,2901,1104
ALANKIT,16-JUN-2021,24.2,24.9,23.65,24.25,2018409,806186,6060
ALBERTDAVD,16-JUN-2021,525.05,533.4,513.45,515.4,49183,25343,3327
ALEMBICLTD,16-JUN-2021,130.2,133.1,127.85,131.85,943058,294060,9912
ALICON,16-JUN-2021,567.0,575.05,555.0,556.25,5990,3797,729
ALKALI,16-JUN-2021,69.45,73.5,68.0,72.25,130722,57377,4233
ALKEM,16-JUN-2021,3189.1,3208.25,3128.9,3183.8,114110,48269,12510
ALKYLAMINE,16-JUN-2021,3607.85,3614.0,3555.0,3561.35,44804,24456,8780
ALLCARGO,16-JUN-2021,143.0,143.65,140.5,141.15,772594,297149,8252
ALLSEC,16-JUN-2021,387.9,394.5,380.0,390.8,23121,13977,1907
ALMONDZ,16-JUN-2021,44.3,46.35,44.25,45.25,4146,2714,148
ALOKINDS,16-JUN-2021,29.05,30.8,27.1,28.9,54581457,16336057,81843
ALPHAGEO,16-JUN-2021,283.65,286.05,280.0,280.7,23731,12638,1342
ALPSINDUS,16-JUN-2021,2.95,2.95,2.95,2.95,6292,6292,12
AMARAJABAT,16-JUN-2021,791.0,791.0,770.0,772.05,2118926,800355,57347
AMBER,16-JUN-2021,2775.0,2785.05,2760.05,2770.1,55740,37355,11088
AMBICAAGAR,16-JUN-2021,23.15,23.25,22.5,22.75,18245,15404,169
AMBIKCO,16-JUN-2021,1205.0,1230.0,1179.05,1184.2,35965,17874,4158
AMBUJACEM,16-JUN-2021,341.0,344.0,337.6,338.9,2006979,948251,29322
AMDIND,16-JUN-2021,24.0,24.1,23.4,23.6,19184,14100,170
AMJLAND,16-JUN-2021,30.3,30.75,29.25,29.6,52240,37938,582
AMRUTANJAN,16-JUN-2021,692.35,701.95,692.35,697.25,28288,11523,2090
ANDHRAPAP,16-JUN-2021,253.7,254.9,242.75,244.2,80968,44352,2723
ANDHRSUGAR,16-JUN-2021,438.65,449.9,432.3,441.2,166835,52561,9281
ANGELBRKG,16-JUN-2021,854.8,865.0,822.2,832.75,268338,112118,17978
ANIKINDS,16-JUN-2021,19.7,19.7,18.3,18.4,82060,56722,364
ANMOL,16-JUN-2021,162.0,162.0,155.0,157.25,21379,2226,240
ANSALAPI,16-JUN-2021,8.9,8.9,8.3,8.6,509984,308978,725
ANSALHSG,16-JUN-2021,8.8,8.8,8.4,8.7,82372,60879,233
ANUP,16-JUN-2021,884.0,895.0,864.55,871.7,42878,29454,2580
ANURAS,16-JUN-2021,763.9,763.9,748.0,753.0,114806,52994,5226
APARINDS,16-JUN-2021,544.0,544.0,526.1,529.4,83338,50473,3085
APCL,16-JUN-2021,339.8,342.0,334.0,340.6,83487,41270,5125
APCOTEXIND,16-JUN-2021,326.9,327.15,308.85,310.05,132239,86672,6586
APEX,16-JUN-2021,268.6,271.85,266.95,268.5,69427,29865,2301
APLAPOLLO,16-JUN-2021,1521.7,1565.0,1470.1,1487.85,351719,266565,14678
APLLTD,16-JUN-2021,1000.05,1019.45,990.65,998.85,598719,127829,20104
APOLLO,16-JUN-2021,118.25,119.85,115.8,116.3,175082,64442,3802
APOLLOHOSP,16-JUN-2021,3310.0,3325.0,3278.0,3294.2,419575,198718,40277
APOLLOPIPE,16-JUN-2021,1040.0,1040.0,1020.0,1030.9,15424,8832,1352
APOLLOTYRE,16-JUN-2021,235.2,238.25,232.3,233.0,2415125,546639,25613
APOLSINHOT,16-JUN-2021,840.0,844.0,805.0,816.5,1574,991,184
APTECHT,16-JUN-2021,240.85,243.6,234.0,235.25,173152,92436,4238
ARCHIES,16-JUN-2021,17.85,18.1,17.35,17.65,300638,162592,1611
ARENTERP,16-JUN-2021,15.8,15.95,14.75,15.25,6678,4165,78
ARIES,16-JUN-2021,130.9,139.9,130.65,133.0,1276654,289937,19809
ARIHANT,16-JUN-2021,27.4,28.25,27.4,27.65,17958,13637,179
ARIHANTCAP,16-JUN-2021,126.8,129.9,120.3,121.55,38297,25484,571
ARMANFIN,16-JUN-2021,643.3,643.3,624.0,628.75,14082,11133,677
AROGRANITE,16-JUN-2021,53.75,56.2,53.4,54.95,90118,49948,858
ARSHIYA,16-JUN-2021,37.1,37.1,34.55,34.65,171486,129888,752
ARVIND,16-JUN-2021,86.1,86.75,84.0,84.45,725378,398552,7015
ARVINDFASN,16-JUN-2021,140.85,141.0,138.05,138.7,367707,208992,5580
ARVSMART,16-JUN-2021,110.95,111.4,106.2,107.45,65592,35166,1366
ASAHIINDIA,16-JUN-2021,343.7,354.0,328.0,330.35,735478,120068,21387
ASAHISONG,16-JUN-2021,361.55,363.0,350.0,351.2,18086,11115,1577
ASAL,16-JUN-2021,54.6,59.3,54.0,59.25,91138,56637,886
ASALCBR,16-JUN-2021,460.65,464.45,450.5,452.0,24559,14971,2398
ASHIANA,16-JUN-2021,148.0,148.0,136.0,138.3,699803,396685,10968
ASHOKA,16-JUN-2021,100.7,102.0,98.6,100.95,2872322,1108319,13564
ASHOKLEY,16-JUN-2021,128.45,128.9,125.5,125.9,15688624,6120198,76400
ASIANHOTNR,16-JUN-2021,94.15,94.2,92.6,93.05,9837,7408,230
ASIANPAINT,16-JUN-2021,3029.0,3042.2,3005.5,3018.7,859505,213951,45884
ASIANTILES,16-JUN-2021,189.8,192.0,185.15,191.15,1166103,484831,10918
ASPINWALL,16-JUN-2021,207.9,224.0,207.85,220.7,25406,15827,643
ASTEC,16-JUN-2021,1373.05,1416.75,1367.4,1379.75,37376,12579,4440
ASTERDM,16-JUN-2021,158.5,158.9,153.5,155.75,619887,296241,6651
ASTRAL,16-JUN-2021,1955.7,1973.0,1922.0,1959.75,250959,147556,26756
ASTRAMICRO,16-JUN-2021,167.5,184.5,166.35,179.85,3489074,1775846,31883
ASTRAZEN,16-JUN-2021,3780.0,3822.05,3763.15,3773.05,18371,8004,3122
ASTRON,16-JUN-2021,54.0,56.2,51.9,55.1,582216,240418,6088
ATFL,16-JUN-2021,1009.9,1023.35,965.0,972.95,36695,15487,4131
ATLANTA,16-JUN-2021,15.05,15.05,14.9,15.05,40142,39137,82
ATUL,16-JUN-2021,8980.1,9021.9,8911.0,8942.75,6737,3608,1941
ATULAUTO,16-JUN-2021,198.0,200.0,194.0,195.0,160501,97813,5213
AUBANK,16-JUN-2021,1064.0,1065.2,1036.2,1040.5,492630,158900,19067
AURIONPRO,16-JUN-2021,157.0,157.8,152.2,153.9,35386,19875,1828
AUROPHARMA,16-JUN-2021,994.0,1009.5,980.85,987.6,2971468,653269,65967
AUSOMENT,16-JUN-2021,91.9,103.35,82.25,98.7,894243,211995,13934
AUTOAXLES,16-JUN-2021,1349.05,1395.45,1334.0,1347.15,16297,4869,2695
AUTOIND,16-JUN-2021,48.6,49.95,47.05,48.3,39120,28314,539
AVADHSUGAR,16-JUN-2021,355.9,359.1,343.45,345.9,122485,45656,4932
AVANTIFEED,16-JUN-2021,597.45,599.3,584.95,587.3,302330,97963,8555
AVTNPL,16-JUN-2021,68.25,68.25,66.25,66.65,126521,67057,1949
AWHCL,16-JUN-2021,334.65,335.7,327.0,328.75,71038,31569,3668
AXISBANK,16-JUN-2021,748.8,756.85,746.25,749.8,8614096,3447460,146934
AXISBNKETF,16-JUN-2021,349.18,353.5,348.2,349.16,539,321,46
AXISBPSETF,16-JUN-2021,10.19,10.19,10.16,10.16,81924,71094,88
AXISCADES,16-JUN-2021,93.0,93.5,88.5,89.8,166873,92211,3437
AXISGOLD,16-JUN-2021,42.0,42.14,41.8,42.01,55812,36240,3103
AXISHCETF,16-JUN-2021,87.9,88.5,87.11,87.67,10771,9537,316
AXISNIFTY,16-JUN-2021,165.47,165.49,163.4,164.36,4270,2561,186
AXISTECETF,16-JUN-2021,275.5,279.85,275.36,278.0,1112,795,27
AYMSYNTEX,16-JUN-2021,73.0,74.0,70.0,73.5,89491,63558,1534
BAFNAPH,16-JUN-2021,147.0,147.0,140.0,141.9,7460,4471,269
BAJAJ-AUTO,16-JUN-2021,4138.1,4158.05,4102.0,4110.45,216236,99572,23952
BAJAJCON,16-JUN-2021,294.6,302.95,291.25,295.45,1452078,665228,34639
BAJAJELEC,16-JUN-2021,1053.0,1058.25,1031.0,1044.95,82748,40812,6898
BAJAJFINSV,16-JUN-2021,11810.0,11985.0,11775.0,11856.15,247539,38930,30795
BAJAJHIND,16-JUN-2021,15.85,15.85,15.1,15.2,26853069,10062297,24715
BAJAJHLDNG,16-JUN-2021,3545.0,3575.0,3521.2,3544.45,24015,12819,3990
BAJFINANCE,16-JUN-2021,6140.0,6160.9,6062.8,6081.6,1481658,519408,88957
BALAJITELE,16-JUN-2021,70.15,71.2,68.2,68.6,380828,154578,3439
BALAMINES,16-JUN-2021,2675.0,2717.0,2642.0,2650.95,41794,23263,3920
BALAXI,16-JUN-2021,617.95,617.95,601.65,606.55,1358,782,139
BALKRISIND,16-JUN-2021,2274.95,2274.95,2240.05,2244.55,161933,47753,9575
BALMLAWRIE,16-JUN-2021,143.5,144.0,140.9,141.25,435406,143246,6568
BALRAMCHIN,16-JUN-2021,348.1,352.7,334.4,337.1,1201854,596883,26655
BANARBEADS,16-JUN-2021,56.05,57.9,55.4,56.0,10496,4579,306
BANARISUG,16-JUN-2021,1818.0,1829.95,1765.0,1792.85,2192,1296,351
BANCOINDIA,16-JUN-2021,174.05,189.4,173.7,185.1,1987190,572354,31742
BANDHANBNK,16-JUN-2021,323.0,325.45,319.0,320.9,3116939,774270,34289
BANG,16-JUN-2021,35.5,41.85,35.0,41.85,1741703,425075,6336
BANKA,16-JUN-2021,68.65,70.5,67.65,70.25,5242,4101,104
BANKBARODA,16-JUN-2021,85.0,87.0,84.1,84.4,54675510,12840112,99591
BANKBEES,16-JUN-2021,356.0,356.0,350.75,351.31,366922,123051,5543
BANKINDIA,16-JUN-2021,79.7,80.45,78.25,78.45,3793556,1291653,13438
BANSWRAS,16-JUN-2021,175.95,182.75,174.2,177.55,32408,21752,950
BARBEQUE,16-JUN-2021,828.0,833.65,816.0,827.45,56661,23478,3580
BASF,16-JUN-2021,2581.4,2865.0,2581.4,2774.05,929390,88166,70807
BATAINDIA,16-JUN-2021,1645.9,1658.0,1626.3,1646.1,377183,90574,16934
BAYERCROP,16-JUN-2021,5712.0,5743.5,5630.0,5655.95,34877,20799,5628
BBL,16-JUN-2021,1306.35,1349.9,1292.1,1310.85,30366,14797,3987
BBTC,16-JUN-2021,1377.8,1377.8,1335.6,1350.85,194880,65901,10287
BCG,16-JUN-2021,13.9,13.9,12.9,13.9,11228943,5685767,9570
BCLIND,16-JUN-2021,188.75,192.35,183.6,186.9,131877,78486,4420
BCP,16-JUN-2021,4.25,4.3,4.0,4.1,916006,640151,878
BDL,16-JUN-2021,360.15,363.95,358.55,359.45,128966,67925,4381
BECTORFOOD,16-JUN-2021,422.5,422.5,414.0,414.9,190779,92119,6422
BEDMUTHA,16-JUN-2021,35.15,35.5,33.8,34.1,40577,26407,560
BEL,16-JUN-2021,150.0,151.5,148.25,149.7,6569685,1945772,41618
BEML,16-JUN-2021,1354.8,1355.0,1323.05,1334.35,513944,123485,18508
BEPL,16-JUN-2021,188.05,190.0,182.65,184.7,876430,382349,12268
BERGEPAINT,16-JUN-2021,821.0,827.85,816.15,817.9,642275,243578,20044
BESTAGRO,16-JUN-2021,298.05,301.1,294.45,296.85,40071,16138,445
BFINVEST,16-JUN-2021,363.6,364.0,347.0,355.25,200387,55192,6869
BFUTILITIE,16-JUN-2021,430.3,438.0,413.9,428.2,971915,210760,21950
BGRENERGY,16-JUN-2021,68.6,72.4,66.1,69.9,830512,283516,7414
BHAGERIA,16-JUN-2021,263.45,275.8,258.7,264.8,388352,127218,15167
BHAGYANGR,16-JUN-2021,57.6,57.6,53.0,53.55,53979,36263,497
BHAGYAPROP,16-JUN-2021,28.85,28.85,28.0,28.2,17527,13064,280
BHANDARI,16-JUN-2021,3.5,3.5,3.5,3.5,216827,216827,120
BHARATFORG,16-JUN-2021,743.8,744.8,729.0,731.85,1616971,767765,56355
BHARATGEAR,16-JUN-2021,109.0,109.0,105.25,106.65,32235,19408,1219
BHARATRAS,16-JUN-2021,12655.0,13263.95,12567.0,12928.7,5269,1420,2131
BHARATWIRE,16-JUN-2021,60.0,60.0,56.55,58.6,35163,22492,316
BHARTIARTL,16-JUN-2021,543.8,543.8,534.9,536.75,9860470,5870976,101959
BHEL,16-JUN-2021,69.45,69.6,66.35,67.0,76338651,17958576,161396
BIGBLOC,16-JUN-2021,104.0,104.0,99.0,100.05,8539,7802,123
BINDALAGRO,16-JUN-2021,28.9,29.75,27.2,28.5,775837,279595,4236
BIOCON,16-JUN-2021,410.0,411.2,402.5,403.25,1728594,617433,24823
BIOFILCHEM,16-JUN-2021,71.95,73.95,71.0,72.6,146348,96397,3164
BIRLACABLE,16-JUN-2021,90.3,90.4,86.0,88.1,259473,145467,5197
BIRLACORPN,16-JUN-2021,1230.4,1236.7,1215.25,1220.65,60328,40934,5906
BIRLAMONEY,16-JUN-2021,62.6,62.6,59.1,60.25,889461,318438,9514
BIRLATYRE,16-JUN-2021,30.0,30.2,28.5,28.8,946726,660258,4769
BLBLIMITED,16-JUN-2021,8.65,9.25,7.75,8.1,146425,84954,394
BLISSGVS,16-JUN-2021,115.6,116.2,113.45,113.75,316474,172142,3746
BLKASHYAP,16-JUN-2021,29.45,29.5,27.5,28.5,1467536,1066695,2785
BLS,16-JUN-2021,129.95,133.6,126.55,128.0,1336740,531075,16094
BLUEDART,16-JUN-2021,5821.25,5989.0,5750.1,5841.3,41774,19760,6514
BLUESTARCO,16-JUN-2021,818.65,818.65,808.1,813.15,100129,62576,15462
BODALCHEM,16-JUN-2021,108.3,111.8,107.5,108.5,1218027,466692,12088
BOMDYEING,16-JUN-2021,86.3,94.3,85.6,92.7,14869914,3571126,53334
BOROLTD,16-JUN-2021,217.1,219.05,215.2,217.2,176150,73365,4741
BOSCHLTD,16-JUN-2021,15898.8,15942.45,15728.3,15831.25,22251,4676,5413
BPCL,16-JUN-2021,483.45,484.9,479.05,481.25,3997462,1673574,52204
BPL,16-JUN-2021,35.4,36.65,34.95,35.2,293152,116205,1768
BRFL,16-JUN-2021,9.55,9.7,8.7,9.1,2560881,1592256,3060
BRIGADE,16-JUN-2021,283.8,286.7,281.35,284.45,160472,110339,2746
BRITANNIA,16-JUN-2021,3631.05,3644.8,3605.05,3639.45,232534,92948,20134
BRNL,16-JUN-2021,34.2,35.05,33.75,34.25,269522,145537,2635
BROOKS,16-JUN-2021,100.0,100.0,96.5,97.6,18334,12108,435
BSE,16-JUN-2021,945.15,949.7,926.2,928.9,469870,225442,19954
BSELINFRA,16-JUN-2021,1.7,1.7,1.7,1.7,138201,138201,29
BSHSL,16-JUN-2021,189.9,198.4,189.8,190.95,3704,3461,120
BSL,16-JUN-2021,58.8,58.95,57.5,57.85,36054,28132,564
BSLGOLDETF,16-JUN-2021,4434.0,4437.0,4400.05,4411.45,125,97,64
BSLNIFTY,16-JUN-2021,174.89,175.07,173.01,174.0,266,218,35
BSOFT,16-JUN-2021,402.7,414.4,393.0,407.4,3393733,1371819,52945
BURGERKING,16-JUN-2021,163.2,165.7,160.5,161.65,3502674,1177278,29931
CADILAHC,16-JUN-2021,644.6,647.9,628.1,630.15,5460433,1886219,64604
CALSOFT,16-JUN-2021,21.25,21.25,19.25,19.25,615495,478119,1759
CAMLINFINE,16-JUN-2021,175.0,177.55,173.4,173.9,253360,107859,7181
CAMS,16-JUN-2021,2857.0,2883.65,2822.0,2869.25,118563,40441,13441
CANBK,16-JUN-2021,154.5,156.0,151.85,152.15,8197862,2566523,43728
CANFINHOME,16-JUN-2021,523.0,528.7,516.0,518.2,371289,169223,10643
CANTABIL,16-JUN-2021,386.6,417.0,383.4,408.7,128540,25617,6376
CAPACITE,16-JUN-2021,212.65,214.5,205.55,209.85,426902,235975,9923
CAPLIPOINT,16-JUN-2021,681.0,684.25,666.4,674.9,254065,88422,9864
CAPTRUST,16-JUN-2021,97.0,98.45,95.0,96.0,14733,8839,301
CARBORUNIV,16-JUN-2021,580.0,584.8,571.25,575.0,119491,56226,4973
CAREERP,16-JUN-2021,140.1,141.45,138.1,138.45,28724,17430,1002
CARERATING,16-JUN-2021,661.0,718.8,661.0,712.0,2235752,658596,65972
CASTROLIND,16-JUN-2021,148.0,152.5,147.3,150.05,2840403,962282,26164
CCL,16-JUN-2021,346.3,348.0,341.05,343.95,492003,180098,18908
CDSL,16-JUN-2021,1007.55,1020.0,1002.0,1009.65,400687,193821,23773
CEATLTD,16-JUN-2021,1390.0,1400.0,1363.0,1372.65,281963,79092,11776
CEBBCO,16-JUN-2021,27.15,27.15,27.15,27.15,49490,49490,64
CELEBRITY,16-JUN-2021,8.4,8.4,7.6,8.05,140086,81811,673
CENTENKA,16-JUN-2021,402.75,407.8,396.0,397.45,108146,49085,5402
CENTEXT,16-JUN-2021,8.55,10.05,8.4,10.05,14453128,4507124,7474
CENTRALBK,16-JUN-2021,20.8,21.0,20.45,20.7,5303398,2578953,8791
CENTRUM,16-JUN-2021,42.9,43.95,41.3,43.05,2540452,1126784,6738
CENTUM,16-JUN-2021,400.0,406.5,394.05,398.75,57648,36960,1960
CENTURYPLY,16-JUN-2021,420.0,424.8,414.0,415.5,129621,81820,11031
CENTURYTEX,16-JUN-2021,580.0,589.7,562.7,581.35,965649,174824,21209
CERA,16-JUN-2021,4472.45,4487.3,4304.55,4362.2,9962,4874,2721
CEREBRAINT,16-JUN-2021,65.75,66.7,63.0,63.55,739501,468625,3177
CESC,16-JUN-2021,801.0,801.0,765.0,771.45,1968145,902904,60432
CGCL,16-JUN-2021,533.8,536.0,525.05,526.95,139786,105570,2608
CHALET,16-JUN-2021,184.0,185.8,179.85,181.85,143974,68940,4325
CHAMBLFERT,16-JUN-2021,288.7,316.8,288.45,310.05,12701395,2667444,126261
CHEMBOND,16-JUN-2021,211.0,211.0,205.0,205.7,26880,16809,1015
CHEMCON,16-JUN-2021,488.0,494.55,476.0,477.75,196083,89815,8061
CHEMFAB,16-JUN-2021,157.0,159.3,150.35,151.4,12819,8014,670
CHENNPETRO,16-JUN-2021,135.9,137.05,133.5,133.85,649356,210304,6089
CHOLAFIN,16-JUN-2021,568.9,571.0,560.1,564.25,1462027,459712,29159
CHOLAHLDNG,16-JUN-2021,695.0,695.0,652.6,661.2,77778,48223,6374
CIGNITITEC,16-JUN-2021,486.8,509.0,481.35,488.3,619314,260378,16753
CINELINE,16-JUN-2021,44.95,49.6,44.6,48.65,1114025,419300,7289
CIPLA,16-JUN-2021,969.0,971.15,953.8,956.75,1684500,781474,36115
CLEDUCATE,16-JUN-2021,117.95,118.0,114.0,114.2,95774,84655,927
CLNINDIA,16-JUN-2021,569.4,570.0,545.4,553.85,175038,96454,7569
CLSEL,16-JUN-2021,129.5,130.5,128.0,128.3,43035,29171,585
CMICABLES,16-JUN-2021,50.85,51.6,49.2,49.5,81925,67416,409
COALINDIA,16-JUN-2021,157.3,158.8,154.85,155.55,14098443,3653177,73166
COCHINSHIP,16-JUN-2021,413.45,433.9,401.1,419.05,2263897,433731,53967
COFFEEDAY,16-JUN-2021,38.5,39.95,37.65,38.5,1774833,837228,6406
COFORGE,16-JUN-2021,3962.95,4026.0,3911.0,3977.5,451884,50815,32846
COLPAL,16-JUN-2021,1720.05,1725.45,1701.0,1713.0,420285,244339,25825
COMPINFO,16-JUN-2021,27.7,27.9,26.6,26.95,282280,166240,1349
COMPUSOFT,16-JUN-2021,15.75,16.2,15.1,16.2,896483,659414,2297
CONCOR,16-JUN-2021,687.0,695.0,680.05,683.4,2306078,618158,46068
CONFIPET,16-JUN-2021,62.4,62.5,60.0,60.7,847704,596434,6991
CONSOFINVT,16-JUN-2021,93.15,96.9,92.15,93.2,33609,27710,183
CONTROLPR,16-JUN-2021,363.0,363.0,351.55,353.0,13766,9231,787
CORALFINAC,16-JUN-2021,39.35,40.75,36.55,38.05,317760,176919,3521
CORDSCABLE,16-JUN-2021,55.4,55.7,53.55,53.8,74167,58770,990
COROMANDEL,16-JUN-2021,845.25,882.0,843.45,865.85,700588,248339,33725
COSMOFILMS,16-JUN-2021,842.0,856.05,830.0,834.85,60223,31632,5252
COUNCODOS,16-JUN-2021,3.85,3.9,3.6,3.6,759246,605961,817
CPSEETF,16-JUN-2021,27.2,27.28,26.48,26.6,2063980,1623822,9356
CRAFTSMAN,16-JUN-2021,1769.8,1789.8,1721.0,1738.05,26931,14687,2967
CREATIVE,16-JUN-2021,102.0,104.0,93.1,94.85,269942,145779,7714
CREATIVEYE,16-JUN-2021,3.15,3.15,3.15,3.15,100,100,3
CREDITACC,16-JUN-2021,780.0,780.75,750.0,755.8,428301,285150,16607
CREST,16-JUN-2021,103.85,106.9,100.85,101.5,14954,9721,375
CRISIL,16-JUN-2021,2472.95,2565.0,2401.6,2442.3,128072,21723,13095
CROMPTON,16-JUN-2021,430.0,432.45,421.25,423.4,943272,517693,34899
CSBBANK,16-JUN-2021,328.35,332.3,322.55,323.7,164745,81962,4088
CTE,16-JUN-2021,40.0,40.0,37.2,38.05,36827,25865,298
CUB,16-JUN-2021,169.0,169.8,166.5,167.8,1276700,491302,13540
CUMMINSIND,16-JUN-2021,845.95,855.4,833.6,848.9,2097530,781679,49286
CUPID,16-JUN-2021,225.75,226.9,219.0,220.3,112070,77107,3469
CYBERMEDIA,16-JUN-2021,10.75,10.75,10.15,10.4,20643,14046,106
CYBERTECH,16-JUN-2021,148.5,149.3,144.0,145.5,103733,48881,2957
CYIENT,16-JUN-2021,834.0,860.1,831.1,844.9,206259,105400,13704
DAAWAT,16-JUN-2021,76.85,76.9,75.35,75.65,1166364,483081,7421
DABUR,16-JUN-2021,576.0,582.7,575.3,580.6,2232810,868911,58324
DALBHARAT,16-JUN-2021,1877.0,1900.0,1821.2,1841.45,231576,199408,8915
DALMIASUG,16-JUN-2021,409.0,420.6,398.85,412.15,346311,147149,12229
DAMODARIND,16-JUN-2021,38.6,38.85,36.3,37.55,24594,14874,301
DATAMATICS,16-JUN-2021,148.6,151.45,146.0,147.8,218037,106205,4936
DBCORP,16-JUN-2021,116.4,117.4,112.35,113.3,756775,200394,11129
DBL,16-JUN-2021,556.6,559.45,545.0,550.5,255384,153244,6611
DBREALTY,16-JUN-2021,26.9,27.0,25.0,25.15,599750,364281,2563
DCAL,16-JUN-2021,210.0,211.7,202.75,203.7,579536,336325,9409
DCBBANK,16-JUN-2021,110.5,112.65,109.3,111.9,2137380,968059,16017
DCM,16-JUN-2021,41.95,42.75,40.25,42.0,102394,75563,587
DCMFINSERV,16-JUN-2021,2.45,2.45,2.25,2.45,54098,48592,124
DCMNVL,16-JUN-2021,130.45,135.65,129.3,134.8,115322,64442,852
DCMSHRIRAM,16-JUN-2021,753.4,753.4,726.0,736.15,100919,40815,4473
DCW,16-JUN-2021,37.25,37.3,36.4,36.55,961224,413719,3745
DECCANCE,16-JUN-2021,558.0,573.0,555.0,561.2,130498,72088,7217
DEEPAKFERT,16-JUN-2021,446.55,471.0,425.0,457.5,2826329,717224,56045
DEEPAKNTR,16-JUN-2021,1782.4,1814.95,1765.0,1774.6,1028848,296818,44157
DEEPENR,16-JUN-2021,46.6,46.75,44.0,44.5,80455,47948,1274
DEEPINDS,16-JUN-2021,86.05,86.35,82.05,82.7,112386,92324,1388
DELTACORP,16-JUN-2021,183.8,183.8,179.55,180.3,1213506,504241,12192
DELTAMAGNT,16-JUN-2021,49.3,49.8,45.1,45.5,43261,22621,602
DEN,16-JUN-2021,61.85,62.8,59.15,60.0,4166883,2327202,14043
DENORA,16-JUN-2021,350.0,354.15,342.0,342.85,27660,10794,1600
DFMFOODS,16-JUN-2021,410.5,415.0,399.65,401.25,265647,130017,7090
DGCONTENT,16-JUN-2021,15.0,15.0,13.7,13.7,811608,724528,1035
DHAMPURSUG,16-JUN-2021,336.9,339.8,327.0,333.4,388599,144944,8746
DHANBANK,16-JUN-2021,15.0,15.1,14.8,14.85,612228,344375,1235
DHANI,16-JUN-2021,203.7,204.5,196.65,198.15,787783,438296,11342
DHANUKA,16-JUN-2021,981.0,998.7,956.0,983.7,308331,74715,15878
DHARSUGAR,16-JUN-2021,18.2,18.2,17.2,18.2,472702,213397,1456
DHUNINV,16-JUN-2021,505.3,583.2,505.3,583.2,108356,39271,4019
DIAMONDYD,16-JUN-2021,683.4,695.0,671.0,676.7,36070,13190,3653
DICIND,16-JUN-2021,491.95,496.5,483.0,491.4,22342,11077,1305
DISHTV,16-JUN-2021,15.5,16.0,15.15,15.25,13989276,8677873,13100
DIVISLAB,16-JUN-2021,4319.6,4330.25,4282.85,4300.7,358040,133917,28138
DIXON,16-JUN-2021,4257.0,4257.0,4154.05,4193.35,127603,63234,17934
DLF,16-JUN-2021,307.95,311.9,304.4,306.1,11292445,1703688,85545
DLINKINDIA,16-JUN-2021,123.1,137.5,120.2,131.15,9173659,2024109,81451
DMART,16-JUN-2021,3359.5,3396.9,3275.65,3310.4,441188,182834,48011
DNAMEDIA,16-JUN-2021,3.3,3.3,3.3,3.3,42512,42512,45
DOLAT,16-JUN-2021,76.95,78.0,75.1,75.65,331041,121007,5528
DOLLAR,16-JUN-2021,312.7,324.0,311.45,317.35,183499,76839,6155
DONEAR,16-JUN-2021,44.9,44.9,41.1,41.95,417810,247933,2984
DPABHUSHAN,16-JUN-2021,177.0,177.4,165.1,168.35,86544,47604,2038
DPSCLTD,16-JUN-2021,16.75,16.9,15.6,16.25,188397,118974,936
DPWIRES,16-JUN-2021,169.6,178.0,153.85,161.4,100574,56706,2655
DREDGECORP,16-JUN-2021,400.0,439.7,399.95,419.25,1705059,311342,51854
DRREDDY,16-JUN-2021,5410.0,5458.0,5340.3,5406.1,698591,274363,44288
DSSL,16-JUN-2021,161.45,163.75,153.1,157.05,47683,20033,1666
DTIL,16-JUN-2021,466.0,466.0,466.0,466.0,40389,39057,735
DUCON,16-JUN-2021,12.35,12.75,11.8,12.1,462753,279302,1085
DVL,16-JUN-2021,196.9,216.9,196.35,208.3,550107,246107,13972
DWARKESH,16-JUN-2021,72.0,73.3,69.2,70.1,4550777,1504520,18353
DYNAMATECH,16-JUN-2021,1447.15,1462.0,1429.0,1437.95,4224,2416,641
DYNPRO,16-JUN-2021,480.15,495.0,475.55,483.55,61080,34150,3863
EASEMYTRIP,16-JUN-2021,427.25,441.65,414.05,420.15,2251563,834276,44146
EBANK,16-JUN-2021,3780.09,3886.0,3780.09,3886.0,15,13,2
EBBETF0423,16-JUN-2021,1137.75,1140.75,1136.56,1140.2,83204,82394,2160
EBBETF0425,16-JUN-2021,1051.0,1051.0,1048.55,1048.76,4073,3195,46
EBBETF0430,16-JUN-2021,1164.9,1165.49,1162.21,1163.76,6580,5870,88
EBBETF0431,16-JUN-2021,1047.14,1047.97,1045.0,1046.03,26943,22362,185
EBIXFOREX,16-JUN-2021,656.95,658.8,625.1,629.6,2308,1412,185
ECLERX,16-JUN-2021,1740.0,1773.9,1695.0,1725.75,105761,61735,9749
EDELWEISS,16-JUN-2021,74.0,74.0,70.6,72.1,2541984,1237850,17937
EICHERMOT,16-JUN-2021,2751.0,2777.65,2724.3,2741.05,312868,118953,31822
EIDPARRY,16-JUN-2021,438.0,445.0,425.55,427.4,693017,197123,23583
EIHAHOTELS,16-JUN-2021,357.95,359.15,348.1,352.95,13361,7170,832
EIHOTEL,16-JUN-2021,118.75,118.75,114.8,115.8,477158,166937,6809
EIMCOELECO,16-JUN-2021,395.5,395.5,377.55,379.9,2017,1384,305
ELECON,16-JUN-2021,129.0,138.7,125.0,135.15,3863799,1393013,34986
ELECTCAST,16-JUN-2021,38.05,38.5,36.7,37.3,1758839,946890,5069
ELECTHERM,16-JUN-2021,158.75,159.2,148.0,149.8,78444,43706,3776
ELGIEQUIP,16-JUN-2021,216.4,217.45,202.2,209.5,139192,71129,4617
ELGIRUBCO,16-JUN-2021,41.7,41.7,37.6,38.55,631074,383219,4277
EMAMILTD,16-JUN-2021,538.0,547.0,534.55,542.7,643753,467871,13233
EMAMIPAP,16-JUN-2021,158.0,159.35,154.5,155.2,49961,20606,1702
EMAMIREAL,16-JUN-2021,57.25,59.65,56.5,56.9,47997,32078,594
EMKAY,16-JUN-2021,79.1,79.95,76.8,77.8,26099,17343,841
EMMBI,16-JUN-2021,103.75,103.95,101.05,101.35,31296,21707,850
ENDURANCE,16-JUN-2021,1570.0,1605.0,1530.0,1570.8,109303,52463,11215
ENERGYDEV,16-JUN-2021,13.5,13.75,12.95,13.45,292046,204605,835
ENGINERSIN,16-JUN-2021,84.3,85.3,83.4,83.65,2866614,1410773,12768
ENIL,16-JUN-2021,197.4,197.4,182.25,184.8,784948,394031,11292
EPL,16-JUN-2021,255.9,262.5,255.05,260.25,339082,189507,9644
EQ30,16-JUN-2021,403.0,403.0,387.0,390.84,366,255,133
EQUITAS,16-JUN-2021,96.2,96.6,95.0,95.15,1895478,1299983,9917
EQUITASBNK,16-JUN-2021,60.3,60.5,59.65,59.8,240579,153718,2036
ERIS,16-JUN-2021,700.0,710.0,700.0,706.9,74444,47746,5661
EROSMEDIA,16-JUN-2021,31.75,31.9,30.4,30.75,423470,247050,1950
ESABINDIA,16-JUN-2021,1900.0,1904.5,1858.8,1878.85,16638,8321,2026
ESCORTS,16-JUN-2021,1210.0,1213.0,1187.0,1191.15,1260745,588151,57571
ESSARSHPNG,16-JUN-2021,11.75,11.95,11.5,11.5,248587,183308,643
ESTER,16-JUN-2021,138.95,140.85,137.0,137.15,177036,87777,4178
EUROTEXIND,16-JUN-2021,8.7,8.7,8.7,8.7,200,200,1
EVEREADY,16-JUN-2021,335.1,339.5,325.4,327.0,303716,156613,6320
EVERESTIND,16-JUN-2021,376.9,379.5,367.0,372.85,95668,46066,4167
EXCELINDUS,16-JUN-2021,1148.95,1148.95,1112.1,1125.55,25277,13477,3065
EXIDEIND,16-JUN-2021,193.25,193.65,190.15,191.05,1286459,423472,13035
EXPLEOSOL,16-JUN-2021,661.35,665.2,644.1,654.15,26114,12886,3081
FACT,16-JUN-2021,127.5,148.4,125.8,144.4,7398397,1308479,57872
FAIRCHEMOR,16-JUN-2021,1395.5,1414.9,1354.1,1396.75,37797,18531,3585
FCL,16-JUN-2021,93.0,93.0,89.2,89.5,408573,226285,4600
FCONSUMER,16-JUN-2021,11.45,11.95,10.25,10.25,91737547,41949715,64724
FDC,16-JUN-2021,383.0,383.0,354.0,359.85,1328824,430003,24324
FEDERALBNK,16-JUN-2021,86.0,86.7,84.75,84.95,13901357,4909445,41920
FEL,16-JUN-2021,14.0,14.0,12.7,12.7,11398381,5592204,8545
FELDVR,16-JUN-2021,17.0,17.0,15.4,15.4,366264,261928,1086
FIEMIND,16-JUN-2021,680.0,688.0,665.9,668.55,29082,14068,2827
FILATEX,16-JUN-2021,110.6,110.6,99.3,100.95,2538008,1348620,21179
FINCABLES,16-JUN-2021,500.0,504.0,475.0,481.65,253911,102961,10566
FINEORG,16-JUN-2021,2899.8,2929.0,2855.0,2866.5,32654,16339,8802
FINPIPE,16-JUN-2021,169.35,169.95,167.0,167.9,305145,162038,6212
FLFL,16-JUN-2021,89.5,89.6,81.1,81.1,1145582,579552,9090
FLUOROCHEM,16-JUN-2021,1151.0,1170.0,1121.0,1143.5,82046,46581,4962
FMGOETZE,16-JUN-2021,338.0,342.95,330.85,337.1,234670,113436,5927
FMNL,16-JUN-2021,20.1,20.15,18.25,18.25,341935,199936,1044
FORCEMOT,16-JUN-2021,1249.95,1260.0,1228.0,1232.0,20314,10046,2770
FORTIS,16-JUN-2021,232.0,241.45,229.1,238.1,4427938,1606011,39788
FOSECOIND,16-JUN-2021,1420.75,1426.1,1391.0,1410.1,2086,1200,481
FRETAIL,16-JUN-2021,76.25,76.25,69.05,69.05,13024857,5931739,44424
FSC,16-JUN-2021,119.0,122.0,110.85,110.85,721276,384102,6293
FSL,16-JUN-2021,165.0,169.4,162.55,165.0,3352372,987790,24814
GABRIEL,16-JUN-2021,122.9,125.9,120.2,121.2,497108,269702,8993
GAEL,16-JUN-2021,171.5,172.7,167.0,167.4,303804,174549,5382
GAIL,16-JUN-2021,163.3,165.75,161.2,161.75,12495046,3750778,62246
GALAXYSURF,16-JUN-2021,3078.85,3079.0,3026.0,3030.35,26511,14485,5256
GALLANTT,16-JUN-2021,68.35,69.65,66.15,66.45,67854,42050,1709
GALLISPAT,16-JUN-2021,53.2,53.95,51.0,52.05,60849,35240,1459
GAMMNINFRA,16-JUN-2021,2.3,2.3,2.3,2.3,571069,571069,249
GANDHITUBE,16-JUN-2021,410.0,412.0,376.0,379.25,194999,86477,8839
GANECOS,16-JUN-2021,555.0,555.0,534.1,537.1,15922,11774,1347
GANESHHOUC,16-JUN-2021,103.75,103.75,99.25,101.8,123090,67244,1445
GANGESSECU,16-JUN-2021,72.75,72.85,70.55,71.4,2701,2053,113
GARFIBRES,16-JUN-2021,2990.0,3086.2,2974.0,3048.35,20260,10234,4140
GATI,16-JUN-2021,147.0,149.35,141.3,146.2,2907158,674822,29080
GAYAPROJ,16-JUN-2021,34.2,34.7,33.05,33.1,2216855,1207044,8256
GDL,16-JUN-2021,316.0,321.65,310.05,312.5,260885,216249,4506
GEECEE,16-JUN-2021,147.05,148.5,143.1,144.15,40148,28291,857
GEEKAYWIRE,16-JUN-2021,90.0,90.0,88.2,88.8,9244,7731,100
GENCON,16-JUN-2021,45.55,45.95,45.0,45.65,17880,7670,136
GENESYS,16-JUN-2021,111.2,114.35,111.0,111.95,6819,4779,191
GENUSPAPER,16-JUN-2021,10.55,10.65,10.0,10.15,632667,333234,979
GENUSPOWER,16-JUN-2021,57.7,58.0,55.1,55.75,336984,238141,2605
GEOJITFSL,16-JUN-2021,79.6,80.6,77.0,77.3,1085663,500177,8945
GEPIL,16-JUN-2021,324.0,340.0,318.2,331.75,889877,235225,24553
GESHIP,16-JUN-2021,419.95,424.0,407.6,410.4,1209893,464565,33359
GET&D,16-JUN-2021,138.0,150.5,136.75,145.1,3646156,735114,34600
GFLLIMITED,16-JUN-2021,75.85,75.85,73.6,73.7,60934,39443,2162
GHCL,16-JUN-2021,286.0,293.0,283.0,287.2,350111,161229,9558
GICHSGFIN,16-JUN-2021,143.5,144.45,141.0,141.1,264937,150940,2977
GICRE,16-JUN-2021,195.95,202.5,195.15,201.2,2360284,496665,30372
GILLANDERS,16-JUN-2021,48.65,49.0,44.6,46.25,12181,5838,343
GILLETTE,16-JUN-2021,5835.0,5835.0,5730.0,5753.65,4118,2585,1654
GINNIFILA,16-JUN-2021,30.95,31.1,29.3,29.65,133642,88077,964
GIPCL,16-JUN-2021,87.2,87.4,85.15,85.75,634058,245816,5091
GKWLIMITED,16-JUN-2021,595.0,607.05,570.1,581.4,569,89,246
GLAND,16-JUN-2021,3150.0,3164.6,3124.0,3141.8,159991,121688,11619
GLAXO,16-JUN-2021,1584.95,1589.95,1560.0,1568.15,36410,21608,3736
GLENMARK,16-JUN-2021,641.2,653.9,636.55,642.7,3338407,1110347,49380
GLFL,16-JUN-2021,2.45,2.45,2.25,2.4,5300,5300,8
GLOBAL,16-JUN-2021,52.9,53.65,52.0,52.95,13317,10481,125
GLOBALVECT,16-JUN-2021,54.3,55.75,53.45,53.95,8749,5918,308
GLOBUSSPR,16-JUN-2021,424.9,459.8,408.0,442.2,3210946,1262318,84393
GMBREW,16-JUN-2021,593.3,593.3,573.05,577.75,65569,31098,3363
GMDCLTD,16-JUN-2021,79.0,80.6,76.05,78.7,2877921,936357,14111
GMMPFAUDLR,16-JUN-2021,4651.2,4720.0,4615.75,4649.7,36304,13759,5823
GMRINFRA,16-JUN-2021,30.85,30.95,29.3,29.65,82414537,16242901,92775
GNA,16-JUN-2021,452.45,455.2,435.5,440.6,63372,31561,4964
GNFC,16-JUN-2021,374.3,381.0,366.0,371.45,1174027,433862,21527
GOACARBON,16-JUN-2021,432.7,440.0,424.0,425.2,44021,23621,1793
GOCLCORP,16-JUN-2021,271.6,277.3,263.0,264.75,56957,30449,2664
GODFRYPHLP,16-JUN-2021,948.85,948.85,933.0,936.4,46534,24750,3581
GODREJAGRO,16-JUN-2021,552.5,570.0,551.05,556.05,593216,235616,20146
GODREJCP,16-JUN-2021,939.0,942.35,914.4,917.3,1447631,636869,55716
GODREJIND,16-JUN-2021,549.8,549.8,535.1,538.8,73263,33688,4336
GODREJPROP,16-JUN-2021,1432.35,1441.95,1397.65,1410.65,529836,75410,22479
GOKEX,16-JUN-2021,135.5,142.95,134.1,140.55,833821,417988,7713
GOKUL,16-JUN-2021,32.75,33.1,30.1,31.4,166492,93595,1534
GOKULAGRO,16-JUN-2021,44.45,44.5,41.6,42.55,269035,171215,2473
GOLDBEES,16-JUN-2021,44.1,44.1,41.92,42.09,3525900,2811593,14211
GOLDENTOBC,16-JUN-2021,50.35,50.9,47.6,48.1,15993,12289,357
GOLDIAM,16-JUN-2021,437.0,442.0,433.0,435.55,89663,61515,4581
GOLDSHARE,16-JUN-2021,42.35,42.5,42.05,42.3,95973,78428,495
GOLDTECH,16-JUN-2021,14.6,14.6,13.75,13.85,41787,30027,397
GOODLUCK,16-JUN-2021,111.4,111.7,108.15,109.65,287164,143918,5089
GOODYEAR,16-JUN-2021,994.0,994.55,982.0,985.2,43445,29007,3818
GPIL,16-JUN-2021,1444.0,1494.0,1410.0,1439.2,359228,133723,17843
GPPL,16-JUN-2021,119.2,121.35,115.15,116.3,4364902,1190761,33200
GPTINFRA,16-JUN-2021,71.65,74.7,66.2,69.05,1383717,433739,13822
GRANULES,16-JUN-2021,329.5,329.7,323.0,323.7,1343017,521244,18500
GRAPHITE,16-JUN-2021,736.4,736.65,720.0,721.7,319307,153888,13914
GRASIM,16-JUN-2021,1495.5,1501.55,1463.9,1469.2,917679,424258,26517
GRAVITA,16-JUN-2021,128.0,130.5,122.8,124.65,902536,366811,14284
GREAVESCOT,16-JUN-2021,156.7,156.7,150.1,152.1,4213525,1462178,38603
GREENLAM,16-JUN-2021,1185.0,1196.95,1161.5,1177.8,3956,2238,736
GREENPLY,16-JUN-2021,216.0,216.0,209.1,210.05,799375,446386,14629
GREENPOWER,16-JUN-2021,2.9,3.0,2.9,3.0,10415342,7579684,4338
GRINDWELL,16-JUN-2021,1179.75,1184.85,1155.05,1158.8,47358,24634,7577
GROBTEA,16-JUN-2021,917.95,959.0,917.95,944.75,1109,227,549
GRPLTD,16-JUN-2021,1047.35,1060.0,1024.95,1039.8,1323,1132,93
GRSE,16-JUN-2021,200.9,207.0,197.0,203.95,602706,219674,7584
GSCLCEMENT,16-JUN-2021,43.75,50.0,43.5,48.45,7250379,2250496,34571
GSFC,16-JUN-2021,117.0,123.5,114.75,121.65,10958857,3459714,59898
GSPL,16-JUN-2021,321.8,324.5,306.2,313.1,2757560,724433,41718
GSS,16-JUN-2021,68.95,69.4,66.0,66.35,126341,112644,893
GTL,16-JUN-2021,16.25,16.25,16.25,16.25,69613,69613,180
GTLINFRA,16-JUN-2021,1.4,1.4,1.4,1.4,7230139,7230139,1233
GTNTEX,16-JUN-2021,7.65,7.65,7.65,7.65,7867,7375,10
GTPL,16-JUN-2021,169.5,172.8,165.25,167.25,101486,54907,2962
GUFICBIO,16-JUN-2021,182.85,187.0,179.6,180.8,229901,125548,6023
GUJALKALI,16-JUN-2021,420.15,423.8,412.25,414.55,256681,118445,5630
GUJAPOLLO,16-JUN-2021,238.45,238.5,228.05,232.6,12917,6724,718
GUJGASLTD,16-JUN-2021,653.6,657.15,633.85,636.2,3487935,735908,66667
GULFOILLUB,16-JUN-2021,701.0,703.0,691.9,693.25,51383,33348,3412
GULFPETRO,16-JUN-2021,65.15,67.8,64.2,64.65,92952,62404,1684
GULPOLY,16-JUN-2021,190.35,195.05,184.25,193.1,290392,147428,5580
HAL,16-JUN-2021,1043.0,1049.45,1027.5,1029.85,88615,44259,5867
HAPPSTMNDS,16-JUN-2021,927.0,937.4,912.0,915.8,1565860,456117,56238
HARRMALAYA,16-JUN-2021,209.0,222.7,209.0,214.15,709997,215473,18306
HATHWAY,16-JUN-2021,27.95,28.35,27.15,27.3,13479921,5951486,17275
HATSUN,16-JUN-2021,942.4,964.95,912.2,922.05,129082,35649,9794
HAVELLS,16-JUN-2021,1021.0,1022.1,1005.0,1006.95,1226060,698669,32512
HBANKETF,16-JUN-2021,349.25,352.67,349.0,349.73,1151,805,75
HBLPOWER,16-JUN-2021,49.0,49.7,47.45,48.25,1859243,815064,9983
HBSL,16-JUN-2021,20.25,21.05,19.6,21.05,131107,45715,474
HCC,16-JUN-2021,11.45,11.9,11.35,11.9,16419407,8633856,10799
HCG,16-JUN-2021,216.75,216.75,201.25,208.55,186101,92379,8051
HCL-INSYS,16-JUN-2021,17.2,17.3,16.05,17.25,4748949,2457546,10315
HCLTECH,16-JUN-2021,984.05,986.0,974.0,979.4,3138753,1675644,111172
HDFC,16-JUN-2021,2535.0,2545.0,2515.7,2521.45,2290999,1494440,80726
HDFCAMC,16-JUN-2021,3085.9,3089.9,3045.05,3055.4,105013,51485,13745
HDFCBANK,16-JUN-2021,1488.0,1494.0,1478.1,1484.6,3851049,2373410,140563
HDFCLIFE,16-JUN-2021,696.2,698.1,690.0,692.15,3092360,1506216,95055
HDFCMFGETF,16-JUN-2021,43.1,43.18,43.0,43.1,430201,266826,916
HDFCNIFETF,16-JUN-2021,178.99,178.99,167.55,168.06,18525,16451,362
HDFCSENETF,16-JUN-2021,564.99,567.4,547.73,562.93,4890,4654,157
HEG,16-JUN-2021,2261.95,2284.0,2230.0,2257.45,140909,48361,16119
HEIDELBERG,16-JUN-2021,248.65,250.75,247.6,248.8,251926,157696,6063
HEMIPROP,16-JUN-2021,150.0,153.2,146.7,147.7,641544,379596,7973
HERANBA,16-JUN-2021,772.0,773.75,750.0,752.35,294235,126825,11043
HERCULES,16-JUN-2021,148.8,149.85,143.2,145.2,160794,76659,4602
HERITGFOOD,16-JUN-2021,433.5,434.6,409.0,414.0,190715,112752,5558
HEROMOTOCO,16-JUN-2021,3008.0,3014.85,2970.0,2975.4,444814,179268,28982
HESTERBIO,16-JUN-2021,2640.1,2660.0,2600.0,2606.1,9666,3637,2021
HEXATRADEX,16-JUN-2021,118.4,121.95,110.4,112.2,19843,13008,282
HFCL,16-JUN-2021,50.45,53.9,49.0,52.8,45134485,10644651,77555
HGINFRA,16-JUN-2021,392.65,407.7,384.05,403.5,235439,92532,8052
HGS,16-JUN-2021,2593.0,2620.0,2510.65,2539.65,94818,62423,8866
HIKAL,16-JUN-2021,480.8,486.3,461.1,464.4,447386,151688,14182
HIL,16-JUN-2021,4662.0,4698.2,4550.0,4572.05,11298,7293,3566
HIMATSEIDE,16-JUN-2021,173.0,176.7,172.1,172.35,149120,109408,5650
HINDALCO,16-JUN-2021,387.3,391.35,377.0,380.25,17978012,5468075,160885
HINDCOMPOS,16-JUN-2021,343.85,348.75,337.45,339.95,12491,6476,1345
HINDCOPPER,16-JUN-2021,160.0,161.0,156.25,157.1,7871560,3113591,48454
HINDMOTORS,16-JUN-2021,8.75,8.9,8.5,8.65,230014,164214,766
HINDNATGLS,16-JUN-2021,47.25,47.25,42.8,46.0,738362,527564,3277
HINDOILEXP,16-JUN-2021,114.35,121.5,113.35,117.95,4290289,1733132,33403
HINDPETRO,16-JUN-2021,299.85,308.0,299.0,304.35,8852697,3226750,83804
HINDUNILVR,16-JUN-2021,2385.0,2418.85,2383.65,2407.9,2153668,1162613,100285
HINDZINC,16-JUN-2021,342.0,342.0,328.15,334.2,2476285,990152,34985
HIRECT,16-JUN-2021,167.65,170.0,163.4,165.2,29266,20986,1194
HISARMETAL,16-JUN-2021,130.0,137.4,122.75,134.75,269631,128326,6290
HITECH,16-JUN-2021,419.5,419.5,406.0,410.55,40221,9632,876
HITECHCORP,16-JUN-2021,243.0,263.65,239.0,248.15,636839,154882,26574
HITECHGEAR,16-JUN-2021,254.0,258.0,238.0,242.65,52657,25784,3636
HLEGLAS,16-JUN-2021,3699.85,3699.85,3560.0,3617.1,7102,4811,1913
HLVLTD,16-JUN-2021,10.25,10.25,9.8,10.0,500498,328882,1301
HMVL,16-JUN-2021,103.85,103.85,97.7,98.35,271409,161002,7497
HNGSNGBEES,16-JUN-2021,357.0,359.45,352.61,355.09,853,620,111
HOMEFIRST,16-JUN-2021,552.85,554.95,545.0,549.75,170278,92433,4931
HONAUT,16-JUN-2021,40800.0,40985.0,40230.0,40275.35,6059,4655,2054
HONDAPOWER,16-JUN-2021,1089.9,1089.9,1060.1,1063.95,2931,2003,610
HOTELRUGBY,16-JUN-2021,1.8,1.8,1.8,1.8,3470,3470,15
HOVS,16-JUN-2021,55.4,55.4,52.9,52.9,34598,30234,748
HPL,16-JUN-2021,59.2,60.4,58.2,58.7,255066,152920,1669
HSCL,16-JUN-2021,54.8,55.1,53.1,53.65,6067237,2144745,20336
HSIL,16-JUN-2021,229.8,231.95,221.25,225.8,113804,68859,5426
HTMEDIA,16-JUN-2021,28.4,28.45,27.5,27.85,480050,342613,3194
HUBTOWN,16-JUN-2021,31.9,32.6,31.75,32.5,191390,150923,817
HUDCO,16-JUN-2021,53.05,53.3,51.5,51.7,2805965,1241642,9434
HUHTAMAKI,16-JUN-2021,298.0,300.9,291.8,298.15,156027,77063,4360
IBMFNIFTY,16-JUN-2021,161.96,161.96,159.5,160.98,174,73,51
IBREALEST,16-JUN-2021,110.5,111.4,107.0,108.7,8514574,2500829,36014
IBULHSGFIN,16-JUN-2021,312.5,313.7,292.45,298.8,53473706,6186528,358571
ICEMAKE,16-JUN-2021,84.0,94.15,80.5,90.85,244232,121249,2306
ICICI500,16-JUN-2021,226.75,226.75,222.1,222.82,1617,1301,191
ICICIALPLV,16-JUN-2021,160.0,160.49,158.01,158.39,4594,2288,183
ICICIB22,16-JUN-2021,39.91,40.42,39.22,40.11,326627,261405,2402
ICICIBANK,16-JUN-2021,644.9,649.2,637.6,640.1,8601339,2747697,111274
ICICIBANKN,16-JUN-2021,359.7,359.7,347.01,347.4,8676,5417,312
ICICIBANKP,16-JUN-2021,187.0,187.0,180.97,181.12,2339,1548,127
ICICIGI,16-JUN-2021,1496.0,1583.95,1496.0,1516.2,2333441,626746,145885
ICICIGOLD,16-JUN-2021,43.14,43.17,42.87,43.0,298114,193227,1548
ICICILIQ,16-JUN-2021,1000.0,1005.0,999.5,999.99,4169,3268,39
ICICILOVOL,16-JUN-2021,132.66,132.66,129.51,130.09,57265,42943,906
ICICIM150,16-JUN-2021,105.0,105.0,103.01,103.29,16241,9416,398
ICICIMCAP,16-JUN-2021,95.7,95.7,92.45,93.58,8722,5213,336
ICICINF100,16-JUN-2021,175.99,175.99,172.1,174.02,3250,2480,298
ICICINIFTY,16-JUN-2021,194.5,194.5,165.0,168.61,42027,27199,3025
ICICINV20,16-JUN-2021,86.97,86.97,84.25,84.42,11259,8124,1059
ICICINXT50,16-JUN-2021,40.39,40.39,39.53,39.76,82784,69543,775
ICICIPHARM,16-JUN-2021,86.84,87.98,86.4,86.7,4717,3722,109
ICICIPRULI,16-JUN-2021,583.4,591.05,575.9,577.8,1195389,428328,22006
ICICISENSX,16-JUN-2021,565.02,574.99,565.02,570.85,1478,1398,77
ICICITECH,16-JUN-2021,284.0,289.13,284.0,286.77,2557,1630,107
ICIL,16-JUN-2021,172.8,175.95,170.8,172.35,665124,386244,12061
ICRA,16-JUN-2021,3460.25,3484.0,3360.0,3381.4,7602,3119,1617
IDBI,16-JUN-2021,38.85,39.3,38.6,38.75,9691834,3046505,16189
IDBIGOLD,16-JUN-2021,4484.0,4489.0,4427.45,4461.5,46,32,30
IDEA,16-JUN-2021,9.7,9.85,9.45,9.55,147068682,42530219,127239
IDFC,16-JUN-2021,56.75,56.75,55.1,55.55,3013459,1820914,10613
IDFCFIRSTB,16-JUN-2021,59.6,59.9,58.3,58.55,17315397,6225190,43255
IDFNIFTYET,16-JUN-2021,165.77,165.79,164.0,164.71,86,76,21
IEX,16-JUN-2021,377.4,380.6,372.3,374.65,2528432,1058775,41203
IFBAGRO,16-JUN-2021,540.0,550.0,530.75,535.5,45598,19333,2794
IFBIND,16-JUN-2021,1125.0,1135.45,1080.0,1091.65,50229,24312,4172
IFCI,16-JUN-2021,13.55,13.7,13.0,13.15,5193769,2062657,13135
IFGLEXPOR,16-JUN-2021,378.15,378.9,365.0,366.05,39285,24231,2159
IGARASHI,16-JUN-2021,484.9,489.8,478.05,481.15,91891,38193,4145
IGL,16-JUN-2021,543.0,543.0,532.9,534.1,2363301,1148792,37390
IGPL,16-JUN-2021,614.8,640.0,612.6,622.9,337799,152424,16348
IIFLSEC,16-JUN-2021,74.4,75.8,72.25,73.0,450261,234462,3965
IIFLWAM,16-JUN-2021,1158.0,1160.0,1131.05,1139.85,240189,222454,5314
IITL,16-JUN-2021,73.0,75.0,71.6,74.3,8135,4905,224
IMFA,16-JUN-2021,536.4,536.4,510.1,514.1,135237,89564,5115
IMPAL,16-JUN-2021,727.0,727.0,710.0,717.6,3995,2791,500
INCREDIBLE,16-JUN-2021,27.3,27.85,27.3,27.5,17208,13400,267
INDBANK,16-JUN-2021,21.1,21.2,19.8,19.9,426088,281850,2085
INDHOTEL,16-JUN-2021,136.45,137.35,134.5,135.15,1579350,627590,13548
INDIACEM,16-JUN-2021,190.0,197.4,190.0,191.6,7162953,2036888,46289
INDIAGLYCO,16-JUN-2021,548.9,559.45,537.1,542.0,144387,48102,6109
INDIAMART,16-JUN-2021,7405.0,7418.0,7267.0,7301.25,71644,32961,16317
INDIANB,16-JUN-2021,144.4,148.0,139.0,141.1,3614495,1043466,20574
INDIANCARD,16-JUN-2021,166.65,168.8,164.0,165.35,1047,525,52
INDIANHUME,16-JUN-2021,228.6,229.9,222.1,224.85,116927,56428,6081
INDIGO,16-JUN-2021,1780.0,1783.45,1728.0,1733.7,893431,273084,35257
INDIGOPNTS,16-JUN-2021,2690.0,2740.0,2631.0,2650.1,102844,31380,12975
INDLMETER,16-JUN-2021,13.85,14.2,13.85,13.95,38641,36150,134
INDNIPPON,16-JUN-2021,367.0,379.5,363.0,377.35,386969,128775,9668
INDOCO,16-JUN-2021,410.0,420.3,400.0,406.15,251678,103206,12751
INDOSTAR,16-JUN-2021,400.15,406.4,385.0,389.4,77863,39317,4436
INDOTECH,16-JUN-2021,154.0,154.0,149.0,149.95,9085,6515,228
INDOWIND,16-JUN-2021,6.9,6.9,6.6,6.9,229743,216591,333
INDRAMEDCO,16-JUN-2021,91.0,92.6,89.0,89.5,537885,231857,5169
INDSWFTLAB,16-JUN-2021,116.3,122.0,111.0,117.5,770713,256217,13333
INDTERRAIN,16-JUN-2021,35.5,36.3,35.25,35.7,86302,57308,599
INDUSINDBK,16-JUN-2021,1030.0,1038.7,1010.35,1013.7,3325800,887706,64568
INDUSTOWER,16-JUN-2021,254.0,256.4,251.05,252.0,1015626,426352,13244
INEOSSTYRO,16-JUN-2021,1483.0,1497.1,1448.0,1453.6,48334,27062,4500
INFIBEAM,16-JUN-2021,50.2,51.5,50.0,50.55,3949548,1779807,12100
INFOBEAN,16-JUN-2021,318.0,324.0,314.0,320.7,49569,27255,2851
INFRABEES,16-JUN-2021,472.5,484.48,457.74,458.6,6111,3927,212
INFY,16-JUN-2021,1472.7,1489.45,1467.5,1480.6,7661710,4968980,162924
INGERRAND,16-JUN-2021,970.0,974.3,950.1,966.45,34310,13198,3609
INOXLEISUR,16-JUN-2021,318.0,320.5,311.55,317.2,233044,94582,8783
INOXWIND,16-JUN-2021,87.85,89.15,84.5,85.15,411369,288548,3707
INSECTICID,16-JUN-2021,711.0,804.0,695.05,762.55,1335011,140879,56145
INSPIRISYS,16-JUN-2021,51.5,53.1,49.8,53.1,117197,102349,963
INTELLECT,16-JUN-2021,773.5,814.0,760.0,763.9,1163175,520997,39850
INTENTECH,16-JUN-2021,78.2,78.2,72.1,76.95,145003,81534,1821
INVENTURE,16-JUN-2021,37.55,38.65,36.2,37.75,870747,435818,4941
IOB,16-JUN-2021,21.1,21.3,20.45,20.6,9014486,3659900,12887
IOC,16-JUN-2021,115.75,117.15,115.5,115.9,11893517,3556159,54665
IOLCP,16-JUN-2021,654.95,657.0,639.7,643.65,321063,139707,12957
IPCALAB,16-JUN-2021,2078.95,2078.95,2040.75,2053.3,201709,117784,16252
IRB,16-JUN-2021,151.9,160.65,150.0,152.3,15657570,2722311,95641
IRCON,16-JUN-2021,48.5,48.5,47.65,47.75,1221117,693088,6238
IRCTC,16-JUN-2021,2109.45,2121.95,2075.3,2089.95,856943,188102,45820
IRFC,16-JUN-2021,25.3,25.5,24.85,24.95,27411596,11464530,38654
IRISDOREME,16-JUN-2021,116.95,118.55,115.55,116.1,6451,5779,119
ISEC,16-JUN-2021,649.9,678.7,634.0,639.45,1455219,539783,39432
ISFT,16-JUN-2021,104.7,104.7,99.3,101.0,40717,25946,1159
ISGEC,16-JUN-2021,616.0,618.0,589.0,598.3,88785,57267,4269
ITC,16-JUN-2021,207.05,209.35,207.05,207.85,20104244,10366304,103261
ITDC,16-JUN-2021,388.05,396.0,384.95,387.1,59513,17812,2914
ITDCEM,16-JUN-2021,87.9,88.4,85.5,85.8,782916,259188,8182
ITI,16-JUN-2021,132.95,132.95,127.5,128.25,889285,329733,8556
IVP,16-JUN-2021,139.5,142.0,135.9,141.55,3255,2035,190
IVZINGOLD,16-JUN-2021,4414.0,4414.0,4361.0,4372.0,57,52,21
IZMO,16-JUN-2021,87.4,94.45,86.75,91.5,567018,228503,4454
J&KBANK,16-JUN-2021,29.6,31.65,29.35,30.55,30014284,8062023,36276
JAGRAN,16-JUN-2021,62.6,64.4,61.65,62.15,1322803,555403,11891
JAGSNPHARM,16-JUN-2021,155.05,170.0,155.05,159.6,471706,179567,9530
JAIBALAJI,16-JUN-2021,51.0,51.0,47.5,48.05,45271,33908,350
JAICORPLTD,16-JUN-2021,138.55,169.8,137.25,163.4,55126897,3835954,342015
JAMNAAUTO,16-JUN-2021,86.7,89.1,84.0,86.05,6299479,1775407,30042
JASH,16-JUN-2021,394.7,397.95,381.0,395.3,14963,11203,563
JAYAGROGN,16-JUN-2021,216.05,217.65,209.05,211.6,75985,23692,5864
JAYBARMARU,16-JUN-2021,232.9,232.9,225.0,227.35,43018,21421,4018
JAYSREETEA,16-JUN-2021,104.9,111.8,101.65,108.05,2233021,524319,28440
JBCHEPHARM,16-JUN-2021,1525.0,1533.0,1502.05,1525.9,213348,113779,12281
JBMA,16-JUN-2021,444.45,453.0,434.25,437.0,29043,12137,1503
JCHAC,16-JUN-2021,2339.0,2369.0,2270.0,2290.6,104982,56530,8367
JHS,16-JUN-2021,24.6,24.9,23.6,23.95,184944,105511,1114
JINDALPOLY,16-JUN-2021,875.0,903.0,863.0,874.9,327139,98981,14627
JINDALSAW,16-JUN-2021,111.5,112.45,105.25,106.25,4376619,1590173,24019
JINDALSTEL,16-JUN-2021,420.75,424.6,405.3,407.35,14457301,3675426,148144
JINDRILL,16-JUN-2021,128.9,131.35,124.0,127.0,125407,57873,2227
JINDWORLD,16-JUN-2021,63.15,71.75,62.3,68.2,2176983,569594,21452
JISLDVREQS,16-JUN-2021,18.3,18.6,17.4,17.7,88043,58074,470
JISLJALEQS,16-JUN-2021,26.25,26.5,24.55,24.85,7077527,4441173,9474
JKCEMENT,16-JUN-2021,2765.0,2814.35,2765.0,2768.75,61603,40644,4705
JKIL,16-JUN-2021,199.5,202.45,192.05,193.25,237924,124233,6029
JKLAKSHMI,16-JUN-2021,572.6,574.35,554.0,558.7,348270,155167,14734
JKPAPER,16-JUN-2021,176.7,178.65,171.65,174.95,1115990,327700,12053
JKTYRE,16-JUN-2021,149.5,155.9,147.2,150.35,9969516,2702108,80157
JMA,16-JUN-2021,46.75,49.0,44.95,47.85,167207,88799,1198
JMCPROJECT,16-JUN-2021,118.7,119.7,116.0,116.85,183525,113360,5419
JMFINANCIL,16-JUN-2021,96.95,96.95,94.0,94.35,953517,420867,7095
JMTAUTOLTD,16-JUN-2021,3.45,3.5,3.25,3.25,4379211,2497547,2359
JOCIL,16-JUN-2021,193.9,198.0,182.45,190.8,60227,24745,2024
JPPOWER,16-JUN-2021,5.25,5.35,5.15,5.35,197412834,80749141,48451
JSL,16-JUN-2021,104.1,107.5,100.1,102.1,5490602,1819557,28001
JSLHISAR,16-JUN-2021,198.95,200.4,187.35,192.1,1364806,579578,16111
JSWENERGY,16-JUN-2021,153.9,168.3,153.05,164.95,8972509,3710198,44753
JSWHL,16-JUN-2021,5239.6,5245.5,5053.05,5111.3,1156,703,427
JSWSTEEL,16-JUN-2021,720.0,728.9,703.55,705.4,9016464,1330956,111650
JTEKTINDIA,16-JUN-2021,111.0,115.9,107.2,108.55,1631640,467235,15972
JUBLFOOD,16-JUN-2021,3250.0,3332.7,3212.0,3232.45,3037741,370551,181865
JUBLINDS,16-JUN-2021,324.05,329.95,321.25,323.7,42517,23503,1470
JUBLINGREA,16-JUN-2021,566.7,567.4,546.45,551.2,356739,185068,13451
JUBLPHARMA,16-JUN-2021,770.0,773.0,752.05,761.45,469252,235935,16278
JUMPNET,16-JUN-2021,11.55,11.55,11.25,11.55,2792337,1803193,3377
JUNIORBEES,16-JUN-2021,414.0,414.0,405.1,407.46,73773,44050,5951
JUSTDIAL,16-JUN-2021,1030.25,1084.25,1008.5,1070.25,10718605,1086697,278972
JYOTHYLAB,16-JUN-2021,159.4,161.85,157.1,157.95,1277904,384891,14872
KABRAEXTRU,16-JUN-2021,186.3,189.5,182.05,187.1,231597,81645,10477
KAJARIACER,16-JUN-2021,1002.0,1009.3,992.3,995.1,329771,267977,10873
KAKATCEM,16-JUN-2021,298.5,302.8,272.2,277.9,135370,61538,5567
KALPATPOWR,16-JUN-2021,436.6,440.65,432.05,435.1,301586,76666,11792
KALYANKJIL,16-JUN-2021,84.0,84.5,81.5,81.8,2821152,1257193,19345
KAMDHENU,16-JUN-2021,163.0,163.25,160.1,160.65,71745,48521,1608
KANANIIND,16-JUN-2021,7.7,7.7,7.7,7.7,8597,8597,38
KANORICHEM,16-JUN-2021,154.45,154.5,148.0,154.3,219752,179100,1317
KANPRPLA,16-JUN-2021,228.9,228.9,221.05,222.8,23308,12209,658
KANSAINER,16-JUN-2021,586.0,587.95,576.55,578.25,115501,54782,7746
KARMAENG,16-JUN-2021,20.1,20.35,19.2,19.3,31666,20200,164
KARURVYSYA,16-JUN-2021,53.0,53.75,52.15,52.2,1877635,1053161,10984
KAUSHALYA,16-JUN-2021,2.05,2.1,2.05,2.1,62450,60150,32
KAYA,16-JUN-2021,344.8,348.1,333.0,338.9,26898,13352,1828
KCP,16-JUN-2021,118.8,119.85,116.0,117.15,423074,220485,5776
KCPSUGIND,16-JUN-2021,25.55,25.85,24.35,24.55,653107,375527,2289
KDDL,16-JUN-2021,357.0,374.1,345.15,374.1,15540,10685,472
KEC,16-JUN-2021,405.0,405.0,397.25,402.8,677844,156282,18900
KEERTI,16-JUN-2021,21.9,21.9,21.6,21.6,6911,5697,68
KEI,16-JUN-2021,720.55,731.0,690.0,694.8,1593705,648572,48426
KELLTONTEC,16-JUN-2021,84.95,85.25,78.3,79.1,3594251,1801185,20616
KENNAMET,16-JUN-2021,1195.0,1215.0,1175.0,1178.7,10902,5833,2767
KESORAMIND,16-JUN-2021,86.5,88.5,83.5,86.6,2725636,917431,16977
KEYFINSERV,16-JUN-2021,76.5,76.5,75.9,76.5,14350,10302,195
KHADIM,16-JUN-2021,195.0,195.0,188.25,189.55,78673,46606,2677
KHAICHEM,16-JUN-2021,51.45,51.55,48.0,49.9,356653,228337,3502
KHANDSE,16-JUN-2021,17.0,17.75,16.9,17.0,2063,1960,18
KICL,16-JUN-2021,2077.45,2114.5,2053.55,2073.9,2410,921,1014
KINGFA,16-JUN-2021,1129.0,1136.8,1085.0,1106.9,19183,9701,1927
KIOCL,16-JUN-2021,291.1,293.95,282.0,283.15,85226,44689,6944
KIRIINDUS,16-JUN-2021,577.4,583.15,565.8,568.75,245672,102962,6784
KIRLFER,16-JUN-2021,236.6,237.0,231.05,232.2,76365,49628,2990
KIRLOSENG,16-JUN-2021,250.2,251.0,239.8,241.55,248667,173289,15030
KIRLOSIND,16-JUN-2021,1680.0,1699.15,1633.0,1644.2,6049,4385,952
KITEX,16-JUN-2021,127.4,127.4,121.45,122.7,243653,111104,4662
KKCL,16-JUN-2021,898.9,903.6,875.0,876.2,2482,1629,399
KMSUGAR,16-JUN-2021,33.0,33.25,32.9,32.9,303239,261791,1582
KNRCON,16-JUN-2021,229.35,229.6,219.0,224.2,741175,350578,13940
KOKUYOCMLN,16-JUN-2021,67.95,68.7,66.5,66.7,329056,169516,3147
KOLTEPATIL,16-JUN-2021,238.0,238.45,229.9,231.0,279551,156399,9187
KOPRAN,16-JUN-2021,205.5,208.85,199.05,201.55,267176,118977,5890
KOTAKBANK,16-JUN-2021,1770.85,1780.95,1753.0,1760.6,2845543,1767530,67434
KOTAKBKETF,16-JUN-2021,371.17,371.17,351.95,352.46,68837,7470,430
KOTAKGOLD,16-JUN-2021,423.45,424.0,421.05,422.75,58786,39379,865
KOTAKIT,16-JUN-2021,28.5,29.35,28.13,28.32,7713,5941,107
KOTAKNIFTY,16-JUN-2021,166.25,166.47,165.24,165.54,177776,45811,453
KOTAKNV20,16-JUN-2021,86.6,86.6,85.6,86.07,2716,2152,131
KOTAKPSUBK,16-JUN-2021,245.0,246.9,240.99,241.69,12643,7046,321
KOTARISUG,16-JUN-2021,39.35,40.5,38.55,39.05,282840,168529,1619
KOTHARIPET,16-JUN-2021,41.55,42.15,40.5,40.9,93859,69093,851
KOTHARIPRO,16-JUN-2021,89.25,89.25,85.15,86.0,11627,6545,382
KPITTECH,16-JUN-2021,239.4,240.0,235.2,236.6,483408,279433,12679
KPRMILL,16-JUN-2021,1534.95,1556.3,1510.0,1514.25,27205,16468,5249
KRBL,16-JUN-2021,235.9,241.15,231.7,235.2,1094965,414220,13963
KREBSBIO,16-JUN-2021,125.85,125.85,122.5,123.5,11519,7144,335
KRISHANA,16-JUN-2021,115.55,115.95,109.0,110.9,34059,20083,1103
KSB,16-JUN-2021,1004.95,1014.1,986.3,996.1,16257,8174,1602
KSCL,16-JUN-2021,714.95,723.8,704.45,710.15,316216,160577,9465
KSL,16-JUN-2021,388.8,391.0,376.05,381.4,78705,34832,5508
KTKBANK,16-JUN-2021,63.95,64.4,63.15,63.25,928003,533056,4423
KUANTUM,16-JUN-2021,74.9,75.6,71.95,72.55,162948,61500,3786
L&TFH,16-JUN-2021,98.7,99.35,96.0,96.35,11497394,3418126,39748
LALPATHLAB,16-JUN-2021,3197.0,3229.55,3135.5,3152.85,160937,49578,16691
LAMBODHARA,16-JUN-2021,69.45,82.9,69.0,82.9,940563,316621,6173
LAOPALA,16-JUN-2021,281.85,285.0,279.5,280.85,78266,34556,3489
LASA,16-JUN-2021,87.95,90.5,84.15,85.4,655856,215819,10491
LAURUSLABS,16-JUN-2021,623.0,625.75,616.8,618.7,1596785,699800,30878
LAXMIMACH,16-JUN-2021,6599.95,6600.0,6382.1,6421.75,4284,2603,1381
LEMONTREE,16-JUN-2021,41.75,43.25,41.0,42.2,3359429,808065,11483
LFIC,16-JUN-2021,84.7,84.7,80.45,81.8,788,413,96
LGBBROSLTD,16-JUN-2021,420.8,425.8,400.8,403.15,533165,286856,16610
LGBFORGE,16-JUN-2021,5.5,5.5,5.5,5.5,65417,65417,39
LIBAS,16-JUN-2021,60.4,61.55,59.75,60.45,675024,396525,5337
LIBERTSHOE,16-JUN-2021,149.7,150.8,146.5,147.75,82318,33948,2233
LICHSGFIN,16-JUN-2021,507.0,517.2,492.55,495.05,13264071,2571180,173529
LICNETFGSC,16-JUN-2021,22.02,22.15,21.91,22.05,2978,2589,139
LICNETFN50,16-JUN-2021,201.27,201.27,195.04,201.27,25,18,11
LICNETFSEN,16-JUN-2021,559.9,565.0,558.85,563.99,73,60,35
LICNFNHGP,16-JUN-2021,172.0,172.0,167.05,169.68,541,299,73
LIKHITHA,16-JUN-2021,433.4,448.0,416.0,433.5,292044,74038,14875
LINCOLN,16-JUN-2021,312.85,317.6,308.0,309.85,284106,155648,7861
LINCPEN,16-JUN-2021,209.6,217.1,185.0,208.95,79942,25282,2743
LINDEINDIA,16-JUN-2021,1593.0,1632.0,1570.0,1589.55,138961,56317,11113
LIQUIDBEES,16-JUN-2021,1003.4,1003.4,998.45,1000.0,1188095,1066841,3900
LIQUIDETF,16-JUN-2021,1000.01,1000.01,999.99,999.99,5932,3840,51
LODHA,16-JUN-2021,710.0,718.05,674.0,681.8,487738,234883,20525
LOTUSEYE,16-JUN-2021,44.95,45.85,44.65,44.85,9606,7015,158
LPDC,16-JUN-2021,4.05,4.05,4.05,4.05,12897,12897,25
LT,16-JUN-2021,1505.85,1516.0,1488.0,1490.9,1504791,781884,75796
LTI,16-JUN-2021,4153.35,4247.85,4125.0,4209.5,505404,202527,37237
LTTS,16-JUN-2021,2862.0,2899.8,2835.0,2844.55,146522,43387,12540
LUMAXIND,16-JUN-2021,1610.2,1610.2,1555.45,1566.9,9850,5911,1879
LUMAXTECH,16-JUN-2021,155.8,157.5,145.25,149.15,481847,244093,14663
LUPIN,16-JUN-2021,1190.0,1193.2,1173.3,1176.85,940258,317357,25217
LUXIND,16-JUN-2021,3505.0,3535.0,3411.0,3433.25,48564,24591,7148
LXCHEM,16-JUN-2021,226.45,236.0,226.0,230.85,6166368,2142964,77465
LYPSAGEMS,16-JUN-2021,5.7,5.7,5.0,5.3,49400,35497,222
M&M,16-JUN-2021,808.8,821.85,801.6,806.15,3863280,1035348,82591
M&MFIN,16-JUN-2021,171.75,172.55,168.6,169.65,10330765,4193990,42949
MAANALU,16-JUN-2021,345.65,357.35,330.0,340.1,736538,206028,20844
MACPOWER,16-JUN-2021,141.9,145.0,135.45,138.1,45899,33887,810
MADHAV,16-JUN-2021,59.95,59.95,57.0,57.7,24096,14285,447
MADHUCON,16-JUN-2021,6.45,6.45,6.05,6.15,190539,129961,435
MADRASFERT,16-JUN-2021,32.9,35.6,30.8,34.6,5270787,1496332,13035
MAESGETF,16-JUN-2021,26.99,27.11,26.87,26.87,131966,126740,123
MAFANG,16-JUN-2021,50.2,51.0,50.01,50.46,591419,467595,1684
MAGADSUGAR,16-JUN-2021,263.0,266.0,254.1,257.0,75329,44684,2879
MAHABANK,16-JUN-2021,26.4,26.4,25.75,25.85,4132059,1917695,7856
MAHASTEEL,16-JUN-2021,100.55,102.45,94.9,95.55,102190,60341,3505
MAHEPC,16-JUN-2021,159.85,162.25,157.5,158.7,105678,49979,2254
MAHESHWARI,16-JUN-2021,110.0,110.3,108.05,108.45,13431,8698,344
MAHINDCIE,16-JUN-2021,216.95,217.9,212.0,215.45,175706,59423,6473
MAHLIFE,16-JUN-2021,621.9,666.0,621.0,635.45,194625,86421,12914
MAHLOG,16-JUN-2021,601.8,611.95,575.0,577.4,228857,86063,12279
MAHSCOOTER,16-JUN-2021,3825.0,3841.15,3765.0,3800.4,2194,1358,608
MAHSEAMLES,16-JUN-2021,318.5,333.7,310.55,323.6,933413,290712,19607
MAITHANALL,16-JUN-2021,870.0,905.0,855.0,882.8,443117,99113,19462
MAJESCO,16-JUN-2021,91.15,94.95,91.15,91.15,705247,421443,9348
MALUPAPER,16-JUN-2021,34.35,35.05,32.9,33.55,144958,62920,1296
MAN50ETF,16-JUN-2021,162.68,163.06,161.68,161.96,7675,6692,204
MANAKCOAT,16-JUN-2021,15.95,16.4,15.4,15.7,330384,27575,1277
MANAKSIA,16-JUN-2021,69.0,69.0,63.9,66.25,1028536,495961,9058
MANAKSTEEL,16-JUN-2021,26.3,26.75,24.5,24.95,364261,269826,1624
MANAPPURAM,16-JUN-2021,168.0,169.45,165.85,167.7,5120486,1579240,34871
MANGALAM,16-JUN-2021,150.25,156.6,141.9,144.05,681187,312019,14152
MANGCHEFER,16-JUN-2021,85.8,89.8,83.8,88.55,1202011,454992,10525
MANGLMCEM,16-JUN-2021,322.6,323.15,317.8,319.1,59871,33775,3401
MANGTIMBER,16-JUN-2021,14.05,14.05,13.55,13.75,44294,30582,147
MANINDS,16-JUN-2021,112.8,112.9,105.95,108.1,315105,155627,5426
MANINFRA,16-JUN-2021,60.0,60.25,57.5,57.85,847382,521401,3833
MANUGRAPH,16-JUN-2021,15.5,15.5,14.5,14.75,18006,10683,164
MANXT50,16-JUN-2021,390.86,391.07,386.52,387.73,3349,2897,47
MARALOVER,16-JUN-2021,45.2,45.7,43.25,43.55,23011,17044,245
MARATHON,16-JUN-2021,72.9,72.9,69.4,69.95,40870,23693,541
MARICO,16-JUN-2021,506.1,511.7,499.2,505.95,1545379,624361,45395
MARINE,16-JUN-2021,69.05,69.7,66.1,66.65,757021,322879,6524
MARKSANS,16-JUN-2021,88.5,91.35,85.75,86.5,12955381,2945737,48566
MARUTI,16-JUN-2021,7166.0,7193.75,7070.0,7114.25,283007,128623,45004
MASFIN,16-JUN-2021,898.2,898.2,863.0,872.35,60625,25581,5196
MASTEK,16-JUN-2021,2055.0,2221.0,2038.0,2193.3,381188,135856,30093
MATRIMONY,16-JUN-2021,993.05,1009.05,950.35,963.55,14240,7480,2400
MAWANASUG,16-JUN-2021,63.05,63.85,61.0,61.1,291347,185044,2032
MAXHEALTH,16-JUN-2021,250.2,254.95,248.1,253.4,889688,441208,11035
MAXIND,16-JUN-2021,70.95,74.4,70.1,72.45,1071319,462425,4884
MAXVIL,16-JUN-2021,76.8,76.8,73.0,73.2,254738,116498,4847
MAYURUNIQ,16-JUN-2021,504.0,511.9,492.0,495.55,73112,40981,4771
MAZDA,16-JUN-2021,652.0,652.0,623.2,631.95,8933,3708,1182
MAZDOCK,16-JUN-2021,257.0,263.4,251.05,259.85,2285343,485796,27953
MBAPL,16-JUN-2021,124.7,124.7,109.25,111.4,56116,46138,582
MBLINFRA,16-JUN-2021,25.4,25.65,24.65,25.65,408837,291887,1154
MCDHOLDING,16-JUN-2021,66.9,68.45,62.3,63.55,99214,62037,1270
MCDOWELL-N,16-JUN-2021,654.95,660.85,640.35,652.25,1441743,503852,44268
MCL,16-JUN-2021,94.0,94.0,85.95,88.25,158950,55428,1404
MCLEODRUSS,16-JUN-2021,36.25,39.15,35.45,39.15,2240780,1177781,4696
MCX,16-JUN-2021,1546.2,1558.45,1535.2,1537.75,67099,33080,5615
MENONBE,16-JUN-2021,69.0,70.55,66.3,67.05,99260,59712,1515
MEP,16-JUN-2021,26.0,27.3,25.3,25.65,1180834,689887,2982
MERCATOR,16-JUN-2021,1.65,1.65,1.65,1.65,421762,421762,145
METROPOLIS,16-JUN-2021,2910.7,2931.25,2771.0,2784.8,144406,47604,14045
MFSL,16-JUN-2021,1024.0,1044.05,1019.0,1022.15,1039422,280563,39880
MGEL,16-JUN-2021,50.9,50.9,47.15,47.25,67566,61354,189
MGL,16-JUN-2021,1270.0,1277.0,1244.3,1248.75,857467,179223,30048
MHRIL,16-JUN-2021,270.0,270.05,260.3,261.35,567985,244979,10004
MIDHANI,16-JUN-2021,213.0,215.35,207.1,208.3,1244381,533054,15700
MINDACORP,16-JUN-2021,135.9,138.25,132.5,135.55,1196264,364792,9963
MINDAIND,16-JUN-2021,644.5,662.0,639.05,654.8,1574288,439637,45319
MINDTECK,16-JUN-2021,71.95,71.95,69.15,69.6,28412,16902,644
MINDTREE,16-JUN-2021,2472.0,2485.0,2435.4,2466.65,354244,87666,28334
MIRCELECTR,16-JUN-2021,17.75,17.75,17.75,17.75,197990,197990,360
MIRZAINT,16-JUN-2021,57.0,57.4,55.0,55.6,799464,363623,8222
MITTAL,16-JUN-2021,12.4,12.4,12.1,12.2,50554,43304,200
MMFL,16-JUN-2021,592.6,595.0,575.0,586.15,7051,5550,428
MMP,16-JUN-2021,101.6,103.4,100.15,101.2,17349,13198,444
MMTC,16-JUN-2021,61.4,61.7,57.25,58.65,14711832,3815928,42871
MODISNME,16-JUN-2021,68.75,68.75,65.0,65.95,122077,79943,1505
MOGSEC,16-JUN-2021,48.32,48.37,48.19,48.28,452,377,12
MOHITIND,16-JUN-2021,12.45,12.45,12.45,12.45,7556,7556,39
MOHOTAIND,16-JUN-2021,8.25,8.25,7.75,7.95,99823,84129,255
MOIL,16-JUN-2021,190.0,191.55,185.65,186.15,529665,232561,7279
MOKSH,16-JUN-2021,79.1,79.95,78.1,78.95,27209,22659,195
MOLDTECH,16-JUN-2021,59.65,59.65,57.75,58.1,38966,21159,1084
MOLDTKPAC,16-JUN-2021,503.0,503.9,490.55,492.4,26678,13413,1919
MOM100,16-JUN-2021,28.51,28.85,28.41,28.5,428060,399845,912
MOM50,16-JUN-2021,156.0,156.95,151.47,155.82,2355,2035,64
MON100,16-JUN-2021,1014.9,1016.0,1012.0,1015.62,37395,27763,1932
MONTECARLO,16-JUN-2021,312.0,312.1,303.4,307.55,37752,22352,1477
MORARJEE,16-JUN-2021,18.5,18.9,17.5,18.7,46137,15321,252
MOREPENLAB,16-JUN-2021,68.95,69.6,65.15,66.0,5943273,2897087,24138
MOTHERSUMI,16-JUN-2021,246.0,254.3,243.75,245.4,18761186,4111146,130455
MOTILALOFS,16-JUN-2021,813.0,828.6,802.0,814.15,317521,99669,9391
MOTOGENFIN,16-JUN-2021,22.85,22.85,20.95,21.4,12385,6305,240
MPHASIS,16-JUN-2021,2050.0,2110.0,2031.0,2098.75,1039899,306520,45743
MPSLTD,16-JUN-2021,557.95,557.95,550.0,552.0,11113,7255,683
MRF,16-JUN-2021,82799.0,83150.0,82350.05,82554.3,10103,3446,6906
MRO-TEK,16-JUN-2021,27.4,28.75,27.4,28.45,4887,2924,61
MRPL,16-JUN-2021,55.25,56.2,53.55,53.9,8873419,2825539,26442
MSTCLTD,16-JUN-2021,271.4,271.7,263.0,264.3,307731,175250,5468
MTARTECH,16-JUN-2021,1029.3,1029.3,1000.0,1006.85,200789,118056,8035
MTEDUCARE,16-JUN-2021,13.1,13.7,12.25,12.95,2597609,1438961,5186
MTNL,16-JUN-2021,21.15,21.25,20.65,20.8,1016091,601098,3018
MUKTAARTS,16-JUN-2021,37.55,37.6,36.65,36.85,11469,7144,207
MUNJALAU,16-JUN-2021,69.8,70.1,67.8,68.25,360106,183076,3805
MUNJALSHOW,16-JUN-2021,162.6,166.5,157.3,163.7,229923,107835,4308
MURUDCERA,16-JUN-2021,26.75,27.55,26.0,26.25,130106,61490,1290
MUTHOOTCAP,16-JUN-2021,426.0,443.0,425.0,429.05,140693,55426,6989
MUTHOOTFIN,16-JUN-2021,1514.45,1542.0,1497.0,1514.65,1851954,450640,64983
NACLIND,16-JUN-2021,78.3,80.1,76.2,77.9,171111,98262,1921
NAGAFERT,16-JUN-2021,9.1,9.6,9.0,9.6,1240259,899894,1521
NAGREEKCAP,16-JUN-2021,8.1,8.45,8.1,8.45,3194,3104,8
NAGREEKEXP,16-JUN-2021,30.75,30.9,28.35,30.7,138193,88662,528
NAHARCAP,16-JUN-2021,163.0,163.0,155.5,156.95,38401,20072,1438
NAHARINDUS,16-JUN-2021,77.3,77.3,74.55,76.55,121051,96251,947
NAHARPOLY,16-JUN-2021,162.0,162.0,152.65,154.8,63442,34145,2023
NAHARSPING,16-JUN-2021,188.3,188.3,184.1,188.3,92115,90241,454
NAM-INDIA,16-JUN-2021,372.95,372.95,364.2,366.9,1178876,554518,19160
NATCOPHARM,16-JUN-2021,1110.0,1149.0,1082.35,1130.75,1423886,505215,35896
NATHBIOGEN,16-JUN-2021,412.5,413.7,402.0,405.4,31734,17244,1751
NATIONALUM,16-JUN-2021,72.0,72.15,69.5,69.95,20417398,9374326,39256
NAUKRI,16-JUN-2021,4910.0,4999.0,4876.0,4896.65,747954,136143,68301
NAVINFLUOR,16-JUN-2021,3380.0,3415.0,3335.25,3358.3,191111,48453,19359
NAVKARCORP,16-JUN-2021,42.55,43.5,41.2,41.55,1124984,442691,4358
NAVNETEDUL,16-JUN-2021,95.0,96.0,93.7,94.05,719053,433352,12537
NAZARA,16-JUN-2021,1680.0,1691.95,1650.0,1662.95,169691,91938,11498
NBCC,16-JUN-2021,57.6,57.85,55.55,56.1,23893220,6759336,56772
NBIFIN,16-JUN-2021,2328.05,2432.05,2306.55,2380.3,4510,1571,1725
NBVENTURES,16-JUN-2021,117.7,125.95,113.4,121.0,3673979,1188816,29349
NCC,16-JUN-2021,90.0,90.0,86.2,86.9,5528843,3104733,25796
NCLIND,16-JUN-2021,218.4,224.0,217.7,222.4,554095,278017,12248
NCPSESDL24,16-JUN-2021,105.24,105.29,105.24,105.27,10469,10448,18
NDGL,16-JUN-2021,1042.9,1195.7,1008.0,1195.7,7335,2786,817
NDRAUTO,16-JUN-2021,217.4,220.0,216.2,219.8,5435,2315,409
NDTV,16-JUN-2021,72.35,74.0,71.45,72.65,66562,39587,883
NECCLTD,16-JUN-2021,12.7,12.95,12.2,12.6,152924,114860,390
NECLIFE,16-JUN-2021,41.55,41.95,39.5,39.7,1614811,783378,8294
NELCAST,16-JUN-2021,77.7,78.95,76.1,77.3,235042,95809,4717
NELCO,16-JUN-2021,269.45,272.4,261.1,264.0,251265,107600,7023
NEOGEN,16-JUN-2021,868.85,871.95,847.55,849.55,63675,33238,7719
NESCO,16-JUN-2021,575.0,582.4,566.1,568.4,50630,23912,2855
NESTLEIND,16-JUN-2021,17650.2,18068.5,17613.05,17965.2,116962,51591,26738
NETF,16-JUN-2021,195.28,195.28,195.28,195.28,39,39,9
NETFCONSUM,16-JUN-2021,69.51,69.51,67.23,68.2,5766,4361,147
NETFDIVOPP,16-JUN-2021,41.35,41.35,40.15,40.35,3121,2760,74
NETFGILT5Y,16-JUN-2021,48.3,48.3,48.21,48.23,38,25,4
NETFIT,16-JUN-2021,29.0,29.28,28.5,28.8,738153,209331,2412
NETFLTGILT,16-JUN-2021,22.67,22.67,22.53,22.55,12676,11998,75
NETFMID150,16-JUN-2021,104.98,104.98,103.0,103.23,70646,56236,804
NETFNIF100,16-JUN-2021,166.0,170.0,164.42,165.41,717,633,76
NETFNV20,16-JUN-2021,87.55,88.9,87.12,87.24,12552,12500,106
NETFSDL26,16-JUN-2021,103.67,103.67,103.56,103.57,42334,42334,7
NETWORK18,16-JUN-2021,55.7,56.15,52.7,53.85,2334668,1101838,7073
NEWGEN,16-JUN-2021,505.0,524.0,495.0,503.15,1425022,603996,98709
NEXTMEDIA,16-JUN-2021,6.45,6.6,6.1,6.25,79958,56446,153
NFL,16-JUN-2021,67.25,71.3,66.05,69.85,15921571,2753695,54780
NH,16-JUN-2021,483.6,484.55,470.0,474.4,268785,140749,7450
NHPC,16-JUN-2021,27.25,27.25,26.8,27.0,5725598,2975972,7558
NIACL,16-JUN-2021,170.0,176.0,168.55,174.1,3838708,970773,39762
NIFTYBEES,16-JUN-2021,173.94,174.4,169.3,169.69,1152832,812421,15561
NIITLTD,16-JUN-2021,275.5,278.0,268.1,269.9,729477,200879,14411
NILAINFRA,16-JUN-2021,6.1,6.2,5.75,5.85,1018373,680946,1132
NILASPACES,16-JUN-2021,2.05,2.1,2.0,2.1,1892613,1168405,1023
NILKAMAL,16-JUN-2021,2243.75,2249.95,2201.0,2208.4,12504,6332,1860
NIPPOBATRY,16-JUN-2021,1019.95,1019.95,980.0,983.35,2870,1833,316
NIRAJ,16-JUN-2021,42.6,47.5,41.8,45.05,118354,51915,1429
NITCO,16-JUN-2021,29.9,30.6,28.55,28.7,215028,156661,1242
NITINSPIN,16-JUN-2021,125.5,128.65,125.45,126.15,252787,172622,3558
NITIRAJ,16-JUN-2021,51.6,54.9,51.1,51.45,4009,3016,149
NLCINDIA,16-JUN-2021,63.85,64.35,62.6,63.0,5270975,1571415,22162
NMDC,16-JUN-2021,180.9,184.1,178.3,178.8,13943199,3565091,57212
NOCIL,16-JUN-2021,206.9,213.6,205.1,207.95,2371558,722443,26072
NOIDATOLL,16-JUN-2021,8.15,8.15,7.6,7.7,428129,275252,519
NORBTEAEXP,16-JUN-2021,7.5,7.5,7.35,7.35,776,776,4
NOVARTIND,16-JUN-2021,929.0,964.75,900.0,906.2,162328,55270,7953
NPBET,16-JUN-2021,199.0,199.0,183.02,188.76,2322,1009,105
NRAIL,16-JUN-2021,231.7,244.3,229.0,234.7,195815,89372,5759
NRBBEARING,16-JUN-2021,131.3,134.85,127.5,129.85,703693,344654,10632
NSIL,16-JUN-2021,1755.25,1755.25,1721.0,1727.25,757,628,132
NTPC,16-JUN-2021,117.8,120.6,116.85,119.8,21585917,7520491,60336
NUCLEUS,16-JUN-2021,608.0,614.5,604.7,607.8,134790,67822,5999
NURECA,16-JUN-2021,1557.9,1575.0,1530.0,1546.25,34713,16688,2544
NXTDIGITAL,16-JUN-2021,489.0,495.95,489.0,494.4,2588,1660,270
OAL,16-JUN-2021,783.0,789.55,777.0,782.5,14879,6976,1683
OBEROIRLTY,16-JUN-2021,654.4,658.45,638.5,642.7,277889,113001,10000
OCCL,16-JUN-2021,1140.0,1140.0,1120.0,1125.1,6807,4167,845
OFSS,16-JUN-2021,3748.95,3748.95,3675.6,3701.25,54121,20026,5998
OIL,16-JUN-2021,152.5,153.0,146.55,147.45,2927734,1085631,28382
OLECTRA,16-JUN-2021,186.2,194.0,184.0,185.45,371534,187630,7369
OMAXAUTO,16-JUN-2021,58.7,61.75,55.75,57.3,1058190,391669,14269
OMAXE,16-JUN-2021,84.0,84.4,82.0,82.7,144016,103692,1009
OMINFRAL,16-JUN-2021,27.0,28.8,26.55,26.85,299050,134978,1206
ONGC,16-JUN-2021,127.0,128.25,126.1,126.7,31654780,8881351,116004
ONMOBILE,16-JUN-2021,121.25,122.7,119.05,119.65,435746,266434,5265
ORBTEXP,16-JUN-2021,69.3,73.5,69.3,70.8,73416,40374,1022
ORCHPHARMA,16-JUN-2021,1395.0,1400.0,1356.8,1366.55,2989,2093,636
ORICONENT,16-JUN-2021,24.85,25.3,24.0,24.2,119300,71468,483
ORIENTABRA,16-JUN-2021,26.35,27.1,26.1,26.25,73804,48483,660
ORIENTALTL,16-JUN-2021,9.6,10.0,9.5,9.6,47360,28614,243
ORIENTBELL,16-JUN-2021,325.0,329.0,310.2,314.8,29144,17040,1628
ORIENTCEM,16-JUN-2021,134.7,136.75,133.75,134.65,292872,164701,3976
ORIENTELEC,16-JUN-2021,318.4,335.0,317.7,325.4,1937210,745031,42932
ORIENTHOT,16-JUN-2021,39.8,39.8,38.5,38.7,110451,77974,1190
ORIENTLTD,16-JUN-2021,92.8,92.8,85.5,86.75,35105,18653,710
ORIENTPPR,16-JUN-2021,28.75,29.5,27.85,28.5,2977121,1179196,5614
ORIENTREF,16-JUN-2021,309.35,311.9,304.05,304.9,83776,48648,4941
ORISSAMINE,16-JUN-2021,3335.0,3785.55,3250.0,3627.0,137084,39902,19640
ORTINLAB,16-JUN-2021,30.55,36.3,30.5,36.3,2708096,1194063,9872
OSWALAGRO,16-JUN-2021,14.65,14.65,13.65,13.9,263099,140973,1217
PAGEIND,16-JUN-2021,30055.0,30234.95,29800.0,29981.85,13469,5839,5959
PAISALO,16-JUN-2021,619.0,625.0,607.4,615.95,222710,127297,4599
PALASHSECU,16-JUN-2021,84.5,84.5,82.0,82.15,5018,3924,96
PALREDTEC,16-JUN-2021,151.1,157.8,147.3,152.9,29616,20426,873
PANACEABIO,16-JUN-2021,390.0,394.25,383.0,385.9,175789,78371,5261
PANACHE,16-JUN-2021,64.05,66.75,61.2,61.7,76593,31195,1141
PANAMAPET,16-JUN-2021,243.5,250.0,243.0,246.55,554750,301870,13295
PARACABLES,16-JUN-2021,13.15,13.4,12.9,12.9,692892,452310,2661
PARAGMILK,16-JUN-2021,147.1,150.5,141.0,142.05,1763830,765348,18957
PARSVNATH,16-JUN-2021,15.4,15.45,14.5,15.15,866759,545628,1300
PATELENG,16-JUN-2021,14.95,15.35,14.75,14.85,2207015,1206034,2782
PATINTLOG,16-JUN-2021,29.05,29.05,27.5,27.55,68473,43409,596
PBAINFRA,16-JUN-2021,15.0,15.0,15.0,15.0,9836,9836,26
PCJEWELLER,16-JUN-2021,27.35,28.0,27.05,27.25,2857177,1175106,6662
PDMJEPAPER,16-JUN-2021,35.05,38.05,34.5,37.0,1888441,805523,9140
PDSMFL,16-JUN-2021,995.0,1020.0,971.6,974.7,4390,3765,358
PEARLPOLY,16-JUN-2021,19.45,19.45,18.5,19.0,16025,14570,190
PEL,16-JUN-2021,2233.85,2244.0,2191.0,2210.65,679546,77129,34058
PENIND,16-JUN-2021,28.25,28.4,27.25,27.6,1495767,898451,4433
PERSISTENT,16-JUN-2021,2540.0,2587.0,2511.35,2527.85,137918,39800,15168
PETRONET,16-JUN-2021,233.15,234.15,230.1,230.45,4553863,2662877,49571
PFC,16-JUN-2021,129.0,132.9,128.6,129.25,18689058,3308053,80571
PFIZER,16-JUN-2021,5486.8,5537.85,5425.0,5457.9,27871,10952,3718
PFS,16-JUN-2021,20.55,21.95,20.15,21.3,6707744,3158010,11809
PGEL,16-JUN-2021,419.9,429.75,397.2,425.8,29525,14769,1336
PGHH,16-JUN-2021,13152.0,13233.9,13064.0,13202.95,3025,1694,1454
PGHL,16-JUN-2021,5837.95,5838.0,5794.25,5802.55,5051,3503,1465
PGIL,16-JUN-2021,228.0,228.0,216.5,222.25,5127,3505,241
PHILIPCARB,16-JUN-2021,235.25,237.25,229.1,230.6,638585,229975,13971
PHOENIXLTD,16-JUN-2021,825.0,828.7,801.15,809.6,66293,33187,8424
PIDILITIND,16-JUN-2021,2136.0,2149.5,2122.25,2131.05,240645,91471,17934
PIIND,16-JUN-2021,2906.0,2906.0,2830.0,2895.1,223347,122137,17359
PILANIINVS,16-JUN-2021,2004.95,2004.95,1943.9,1966.7,26731,20490,1895
PILITA,16-JUN-2021,9.9,10.35,9.6,9.8,10429745,3594619,6042
PIONDIST,16-JUN-2021,131.45,133.0,128.0,131.15,35347,21652,752
PIONEEREMB,16-JUN-2021,56.0,58.3,54.6,56.15,491772,182402,8434
PITTIENG,16-JUN-2021,119.7,126.85,117.7,124.1,2099874,807618,21587
PLASTIBLEN,16-JUN-2021,249.5,257.8,248.5,254.7,99876,62627,3327
PNB,16-JUN-2021,42.3,42.9,41.6,41.75,70156923,17807526,82811
PNBGILTS,16-JUN-2021,83.0,88.95,82.0,86.35,4585826,1574977,27879
PNCINFRA,16-JUN-2021,249.5,261.0,248.15,256.9,678125,278865,13574
PODDARHOUS,16-JUN-2021,178.0,184.5,178.0,179.9,7349,4885,408
PODDARMENT,16-JUN-2021,243.75,246.0,236.0,239.55,10300,5867,960
POKARNA,16-JUN-2021,400.55,404.8,386.0,396.9,104444,54890,5218
POLYCAB,16-JUN-2021,1870.0,1926.0,1855.4,1922.05,710365,307797,29451
POLYMED,16-JUN-2021,949.0,965.25,936.0,943.55,139308,68137,11356
POLYPLEX,16-JUN-2021,1337.95,1351.0,1315.1,1328.05,88321,31693,5961
PONNIERODE,16-JUN-2021,225.0,227.3,220.0,222.9,23288,12136,1638
POWERGRID,16-JUN-2021,246.85,247.5,240.95,242.15,17272513,10871012,81043
POWERINDIA,16-JUN-2021,1818.55,1835.9,1777.05,1803.2,38980,28817,3159
POWERMECH,16-JUN-2021,705.0,718.0,705.0,706.9,51616,35338,3362
PPAP,16-JUN-2021,234.95,237.0,228.3,230.0,38263,21090,2296
PPL,16-JUN-2021,174.0,175.95,172.0,172.75,152720,81600,4999
PRAENG,16-JUN-2021,12.2,12.9,11.9,12.0,281645,203016,773
PRAKASH,16-JUN-2021,82.2,82.25,79.0,79.9,1173606,682662,7963
PRAXIS,16-JUN-2021,45.45,47.95,44.9,45.1,12999,8892,503
PRECAM,16-JUN-2021,72.4,75.8,70.55,72.5,1118566,429499,11537
PRECOT,16-JUN-2021,211.0,221.7,211.0,221.7,80525,54787,1635
PRECWIRE,16-JUN-2021,236.7,241.25,230.1,232.15,186090,83175,7809
PREMEXPLN,16-JUN-2021,142.35,142.4,137.65,139.75,23583,15944,466
PREMIERPOL,16-JUN-2021,49.6,50.15,49.2,49.6,7424,6226,108
PRESSMN,16-JUN-2021,29.4,30.0,28.0,28.75,165403,89463,1995
PRESTIGE,16-JUN-2021,288.05,292.95,282.25,284.05,457815,152972,9986
PRICOLLTD,16-JUN-2021,95.95,98.8,91.5,96.55,2630216,790237,16006
PRIMESECU,16-JUN-2021,55.65,58.75,55.6,55.8,12112,3920,265
PRINCEPIPE,16-JUN-2021,706.0,715.45,703.0,706.2,150228,72901,8020
PRIVISCL,16-JUN-2021,1110.0,1144.95,1096.2,1107.3,78257,18877,7230
PROINDIA,16-JUN-2021,3.2,3.2,3.2,3.2,105,105,2
PRSMJOHNSN,16-JUN-2021,132.45,134.9,128.95,129.85,818584,503918,9843
PSB,16-JUN-2021,20.1,20.4,19.95,20.1,467886,292613,1401
PSPPROJECT,16-JUN-2021,449.8,451.7,436.15,438.0,61861,38577,2469
PSUBNKBEES,16-JUN-2021,27.65,27.7,26.9,26.92,577687,349698,1882
PTC,16-JUN-2021,107.2,109.5,106.35,108.2,3090392,1539354,25078
PTL,16-JUN-2021,51.5,53.0,50.45,50.7,269400,177482,3174
PUNJABCHEM,16-JUN-2021,1430.0,1433.9,1374.0,1399.1,32275,22722,2586
PURVA,16-JUN-2021,88.3,89.95,86.1,88.3,429650,173823,4952
PVR,16-JUN-2021,1459.0,1465.0,1436.4,1440.65,399876,97148,22823
QGOLDHALF,16-JUN-2021,2090.0,2092.0,2082.0,2089.0,307,288,46
QNIFTY,16-JUN-2021,1645.0,1645.0,1638.0,1643.0,123,39,19
QUESS,16-JUN-2021,815.0,854.0,812.05,836.8,255817,136699,13901
QUICKHEAL,16-JUN-2021,254.6,260.0,248.2,252.2,967538,194178,29897
RADAAN,16-JUN-2021,1.5,1.5,1.5,1.5,13064,13064,22
RADICO,16-JUN-2021,727.0,739.7,721.65,732.85,327231,109509,10952
RADIOCITY,16-JUN-2021,27.75,28.0,26.65,27.2,4385941,1462379,9334
RAILTEL,16-JUN-2021,151.0,151.2,146.25,147.75,1991533,847535,21767
RAIN,16-JUN-2021,200.0,206.8,195.5,198.3,14717304,3346090,115353
RAJESHEXPO,16-JUN-2021,588.3,599.65,587.4,590.9,389946,67424,14900
RAJMET,16-JUN-2021,139.0,145.0,139.0,144.95,12617,10697,129
RAJRATAN,16-JUN-2021,1116.9,1120.05,1092.05,1101.85,8200,4821,1481
RAJSREESUG,16-JUN-2021,26.55,27.9,26.1,26.2,77389,46681,467
RAJTV,16-JUN-2021,40.2,40.2,38.95,39.0,10606,8350,126
RALLIS,16-JUN-2021,341.85,343.45,336.7,340.1,701514,295782,13809
RAMANEWS,16-JUN-2021,20.0,20.2,19.55,19.65,214188,106539,1111
RAMASTEEL,16-JUN-2021,90.95,97.55,90.9,97.55,228049,142133,2816
RAMCOCEM,16-JUN-2021,1034.55,1034.65,1015.75,1022.45,693739,207549,21056
RAMCOIND,16-JUN-2021,270.0,273.0,268.55,269.35,92187,46510,2915
RAMCOSYS,16-JUN-2021,549.25,557.7,541.0,543.05,90779,38088,7616
RAMKY,16-JUN-2021,142.35,142.35,136.5,141.8,758189,461133,4250
RANASUG,16-JUN-2021,23.3,23.7,21.7,21.85,8571051,3596774,13687
RANEENGINE,16-JUN-2021,316.35,318.95,303.85,308.15,7602,3305,668
RANEHOLDIN,16-JUN-2021,675.0,690.0,665.15,674.0,91570,59263,4127
RATNAMANI,16-JUN-2021,2032.0,2032.0,2009.0,2025.8,44051,40132,1327
RAYMOND,16-JUN-2021,411.4,413.75,404.0,405.6,417947,111049,9618
RBL,16-JUN-2021,913.0,918.25,885.0,893.0,7545,4581,1209
RBLBANK,16-JUN-2021,219.8,220.0,215.1,215.8,6010963,1230593,36632
RCF,16-JUN-2021,82.25,87.35,81.25,85.75,19702612,4011101,70344
RCOM,16-JUN-2021,3.9,3.9,3.9,3.9,6680566,6186096,1626
RECLTD,16-JUN-2021,156.95,159.95,155.4,156.05,6333625,2220954,35188
REDINGTON,16-JUN-2021,270.9,271.4,265.25,267.7,278249,203945,19590
REFEX,16-JUN-2021,145.8,145.8,140.25,141.35,87311,51390,2747
RELAXO,16-JUN-2021,1110.15,1110.4,1092.1,1100.0,1199164,1148294,7771
RELCAPITAL,16-JUN-2021,23.5,23.5,23.5,23.5,453854,453854,1053
RELIANCE,16-JUN-2021,2244.9,2247.05,2205.85,2211.6,4982975,1901607,163887
RELIGARE,16-JUN-2021,130.0,136.05,129.5,130.35,1408655,628311,11192
RELINFRA,16-JUN-2021,94.9,96.15,92.2,96.15,20371718,8139579,61068
REMSONSIND,16-JUN-2021,212.95,216.0,203.25,206.5,17366,4787,886
RENUKA,16-JUN-2021,26.95,27.45,24.85,26.35,110134393,37657810,108965
REPCOHOME,16-JUN-2021,403.0,408.75,394.0,396.4,156956,95078,6652
REPL,16-JUN-2021,248.0,280.0,247.95,254.95,153142,78322,3398
REPRO,16-JUN-2021,380.0,382.4,371.0,373.5,5274,3295,346
RESPONIND,16-JUN-2021,162.0,163.15,156.0,158.65,62897,25375,2500
REVATHI,16-JUN-2021,741.0,841.95,701.55,800.75,504274,75817,36785
RGL,16-JUN-2021,548.5,576.0,538.0,560.4,70993,15462,7736
RHFL,16-JUN-2021,4.85,4.85,4.85,4.85,643165,643165,317
RICOAUTO,16-JUN-2021,51.1,52.45,49.6,50.85,3251174,1301676,10001
RIIL,16-JUN-2021,737.0,814.65,723.0,794.0,6493711,804005,169155
RITES,16-JUN-2021,288.7,290.0,272.4,276.5,2665049,565102,43181
RKDL,16-JUN-2021,13.4,13.5,12.0,12.5,151593,92436,605
RKEC,16-JUN-2021,86.9,101.5,84.95,94.3,361027,154620,3761
RKFORGE,16-JUN-2021,641.65,643.55,627.05,629.2,29197,17824,2219
RML,16-JUN-2021,378.95,386.9,371.0,373.15,26975,10349,1880
ROHLTD,16-JUN-2021,88.5,89.85,85.8,86.25,93075,72310,1066
ROLLT,16-JUN-2021,3.15,3.25,3.05,3.1,205463,167666,241
ROLTA,16-JUN-2021,7.25,7.25,7.0,7.25,2190494,1485870,5696
ROML,16-JUN-2021,93.4,95.8,92.25,93.3,6387,5486,131
ROSSARI,16-JUN-2021,1242.0,1251.0,1204.3,1212.6,103047,28940,6728
ROSSELLIND,16-JUN-2021,140.05,161.9,140.05,158.1,2090157,801208,23268
ROUTE,16-JUN-2021,1742.0,1756.0,1710.95,1717.9,195795,59499,12305
RPGLIFE,16-JUN-2021,479.75,480.0,456.05,458.9,76153,26313,4170
RPPINFRA,16-JUN-2021,67.05,68.25,65.9,66.35,196761,115967,1812
RPSGVENT,16-JUN-2021,547.0,559.0,501.5,508.55,281963,119793,11121
RSSOFTWARE,16-JUN-2021,41.9,42.2,40.0,40.15,203951,130539,2242
RSWM,16-JUN-2021,253.55,271.0,251.0,268.75,226599,168891,3815
RSYSTEMS,16-JUN-2021,140.0,147.0,138.55,143.3,108299,43278,3579
RTNPOWER,16-JUN-2021,5.1,5.1,4.9,5.1,26121505,12377139,9700
RUBYMILLS,16-JUN-2021,233.0,234.0,227.5,228.65,8453,4091,730
RUCHI,16-JUN-2021,1263.0,1263.0,1187.2,1202.65,96613,60196,8003
RUCHIRA,16-JUN-2021,86.8,89.1,84.0,85.85,237641,138584,4118
RUPA,16-JUN-2021,485.95,487.7,478.0,480.6,343111,152936,8173
RVHL,16-JUN-2021,20.7,20.9,19.9,20.25,44423,32599,263
RVNL,16-JUN-2021,32.9,33.25,32.2,32.4,5766470,2234459,14081
S&SPOWER,16-JUN-2021,23.05,24.3,22.75,23.2,5477,3736,77
SABTN,16-JUN-2021,2.2,2.2,2.2,2.2,10,10,1
SADBHAV,16-JUN-2021,82.95,84.4,78.5,79.1,2369668,1136589,13166
SADBHIN,16-JUN-2021,31.9,32.7,29.0,29.4,3480498,2002492,10436
SAFARI,16-JUN-2021,689.9,689.9,667.7,674.65,6015,3703,899
SAGCEM,16-JUN-2021,1090.0,1195.0,1045.0,1141.0,943740,300046,70633
SAIL,16-JUN-2021,136.0,138.0,130.8,131.2,70891536,18777306,220310
SAKAR,16-JUN-2021,151.7,152.75,145.9,148.1,93285,61044,2260
SAKSOFT,16-JUN-2021,500.0,506.15,491.0,497.65,19772,11416,1580
SAKUMA,16-JUN-2021,11.75,11.75,9.75,10.7,6453339,3077995,8232
SALASAR,16-JUN-2021,682.9,684.25,644.95,662.7,46382,20015,4089
SALONA,16-JUN-2021,152.0,155.55,147.05,152.4,4076,2268,283
SALZERELEC,16-JUN-2021,160.0,161.5,152.0,154.5,295343,158458,8710
SANCO,16-JUN-2021,11.45,11.45,10.9,11.3,87007,71959,299
SANDESH,16-JUN-2021,835.0,836.95,805.1,812.15,1782,938,367
SANDHAR,16-JUN-2021,253.4,253.4,246.0,247.6,30360,17712,1836
SANGAMIND,16-JUN-2021,112.5,112.5,108.4,109.0,7624,6548,143
SANGHIIND,16-JUN-2021,55.85,56.9,55.0,55.15,999345,504211,7998
SANGHVIMOV,16-JUN-2021,206.9,207.7,192.65,200.0,723572,341239,20000
SANGINITA,16-JUN-2021,23.6,23.6,22.95,23.05,42607,32444,219
SANOFI,16-JUN-2021,7748.05,7820.0,7736.55,7748.7,18540,14571,2961
SARDAEN,16-JUN-2021,688.0,698.2,657.05,665.05,223123,109839,12264
SARLAPOLY,16-JUN-2021,36.65,36.8,35.2,35.8,172658,103120,1665
SASKEN,16-JUN-2021,1035.0,1078.0,1028.0,1041.85,148144,50798,11537
SASTASUNDR,16-JUN-2021,279.65,279.65,272.0,279.65,72345,60733,664
SATIA,16-JUN-2021,84.9,85.9,83.4,84.45,78336,28619,1395
SATIN,16-JUN-2021,100.0,100.0,91.05,92.7,688418,389138,7614
SBICARD,16-JUN-2021,1075.0,1084.45,1069.5,1076.9,487546,216668,25126
SBIETFIT,16-JUN-2021,289.99,289.99,285.0,288.24,1798,1094,119
SBIETFPB,16-JUN-2021,188.0,188.0,182.1,183.59,793,473,57
SBIETFQLTY,16-JUN-2021,137.86,138.25,137.01,138.23,1384,1278,79
SBILIFE,16-JUN-2021,999.95,1003.85,988.35,991.8,833286,373622,31254
SBIN,16-JUN-2021,428.0,432.75,425.0,425.95,19701175,4064252,167477
SCAPDVR,16-JUN-2021,2.25,2.25,2.1,2.15,262095,207336,223
SCHAEFFLER,16-JUN-2021,5246.95,5274.45,5200.0,5227.8,5977,4009,2065
SCHAND,16-JUN-2021,118.55,119.0,112.0,113.5,118667,73904,1652
SCHNEIDER,16-JUN-2021,129.5,129.7,125.55,126.1,653647,279187,8286
SCI,16-JUN-2021,116.7,118.0,114.0,114.85,8629845,2579204,40836
SEAMECLTD,16-JUN-2021,458.9,510.0,450.6,481.95,140829,66044,5055
SECURKLOUD,16-JUN-2021,97.4,101.9,95.55,96.4,80211,55762,1076
SELAN,16-JUN-2021,160.1,163.85,158.2,160.2,231618,68214,6376
SEQUENT,16-JUN-2021,277.0,279.4,268.1,269.95,510606,238463,12411
SESHAPAPER,16-JUN-2021,180.65,180.65,171.55,173.95,91025,30200,5006
SETCO,16-JUN-2021,22.4,22.55,22.25,22.55,299430,262455,515
SETF10GILT,16-JUN-2021,206.45,209.0,205.15,205.68,360,265,33
SETFGOLD,16-JUN-2021,4315.0,4318.4,4300.05,4308.2,24564,20590,1558
SETFNIF50,16-JUN-2021,161.26,161.49,160.15,160.34,158897,100161,1539
SETFNIFBK,16-JUN-2021,351.0,352.0,347.95,348.29,14857,7100,656
SETFNN50,16-JUN-2021,409.99,409.99,400.11,403.64,33126,31543,497
SEYAIND,16-JUN-2021,71.2,71.2,68.1,68.3,57098,41919,1488
SFL,16-JUN-2021,2202.0,2250.0,2168.1,2202.65,17648,7518,2317
SGL,16-JUN-2021,12.4,12.45,12.0,12.2,48526,32565,265
SHAKTIPUMP,16-JUN-2021,831.0,832.75,800.0,805.75,86859,46283,8833
SHALBY,16-JUN-2021,166.35,166.35,160.0,160.8,215741,111588,3735
SHALPAINTS,16-JUN-2021,112.05,112.55,109.7,110.65,243746,119221,3811
SHANKARA,16-JUN-2021,443.4,447.6,435.05,441.25,84361,28252,8047
SHANTIGEAR,16-JUN-2021,142.0,144.7,140.55,143.95,54090,30691,2036
SHARDACROP,16-JUN-2021,370.0,377.05,363.0,372.95,261871,140023,7215
SHARDAMOTR,16-JUN-2021,405.5,405.5,392.05,397.75,15096,10095,812
SHAREINDIA,16-JUN-2021,465.2,465.2,446.0,450.0,28278,17446,1682
SHARIABEES,16-JUN-2021,403.2,410.0,397.97,402.0,356,345,31
SHILPAMED,16-JUN-2021,550.2,558.45,535.05,536.9,324849,113067,9128
SHIVAMILLS,16-JUN-2021,83.0,83.0,76.75,78.95,37791,18785,739
SHIVATEX,16-JUN-2021,195.5,205.9,195.5,201.4,29056,12703,715
SHK,16-JUN-2021,157.7,165.35,154.0,161.7,1489113,595173,21201
SHOPERSTOP,16-JUN-2021,232.05,236.9,230.5,234.75,106429,35078,3002
SHRADHA,16-JUN-2021,53.45,53.95,52.0,53.3,876,445,115
SHREDIGCEM,16-JUN-2021,84.05,88.0,84.05,85.55,2102284,707981,14323
SHREECEM,16-JUN-2021,28323.0,28590.0,28132.5,28224.75,15215,3392,5735
SHREEPUSHK,16-JUN-2021,187.0,187.55,181.25,185.1,122363,45040,7158
SHREERAMA,16-JUN-2021,15.7,15.7,13.7,14.65,119714,73517,758
SHREYANIND,16-JUN-2021,107.3,108.35,104.0,104.95,55610,25279,2330
SHREYAS,16-JUN-2021,187.0,190.95,183.7,190.25,234624,120946,3524
SHRIRAMCIT,16-JUN-2021,1751.0,1769.9,1705.0,1715.65,19607,10604,3198
SHRIRAMEPC,16-JUN-2021,4.9,4.95,4.8,4.85,1209991,877912,843
SHYAMCENT,16-JUN-2021,10.15,10.2,9.75,9.85,243687,185898,783
SHYAMTEL,16-JUN-2021,13.1,14.35,13.1,13.1,12240,10215,67
SICAL,16-JUN-2021,16.1,16.25,15.55,15.7,769121,498600,1277
SIEMENS,16-JUN-2021,2054.0,2060.35,2019.85,2026.6,236563,74393,13551
SIGIND,16-JUN-2021,51.2,53.0,49.75,50.05,109095,60481,1237
SILGO,16-JUN-2021,39.5,40.95,39.45,40.0,16438,11227,243
SILINV,16-JUN-2021,245.45,251.9,243.65,249.6,11342,6987,651
SIMPLEXINF,16-JUN-2021,45.0,45.3,42.3,42.7,245963,171675,1822
SINTERCOM,16-JUN-2021,77.0,80.0,76.9,77.95,15955,9586,178
SINTEX,16-JUN-2021,5.25,5.35,4.9,5.05,13367167,6514448,6413
SIRCA,16-JUN-2021,345.0,345.3,330.0,333.6,43659,33736,1568
SIS,16-JUN-2021,426.35,426.35,412.55,418.4,217739,115584,8047
SIYSIL,16-JUN-2021,321.4,321.5,309.6,311.45,145259,67925,7820
SJVN,16-JUN-2021,29.75,29.9,29.2,29.25,1920096,1123168,5768
SKFINDIA,16-JUN-2021,2607.8,2616.4,2554.1,2575.7,37808,25690,4665
SKIL,16-JUN-2021,5.1,5.1,4.9,5.1,260820,220776,204
SKIPPER,16-JUN-2021,83.85,83.85,80.6,81.25,574459,339689,3837
SKMEGGPROD,16-JUN-2021,83.0,83.6,79.65,80.25,203287,99414,3862
SMARTLINK,16-JUN-2021,98.95,117.0,96.5,117.0,921760,259209,10309
SMCGLOBAL,16-JUN-2021,77.75,78.8,75.5,77.9,899186,684115,4105
SMLISUZU,16-JUN-2021,487.0,490.0,476.0,476.95,18827,9584,1844
SMSLIFE,16-JUN-2021,634.3,657.95,634.3,647.2,18415,7438,1369
SMSPHARMA,16-JUN-2021,180.15,182.15,177.0,177.8,110682,62122,2834
SNOWMAN,16-JUN-2021,56.85,57.75,55.5,55.75,4873189,1636220,20641
SOBHA,16-JUN-2021,517.0,517.0,500.9,502.5,138996,56404,5168
SOLARA,16-JUN-2021,1678.8,1685.0,1650.0,1653.75,85189,46922,7909
SOLARINDS,16-JUN-2021,1602.05,1623.4,1569.95,1585.2,47454,27538,5229
SOMANYCERA,16-JUN-2021,500.0,501.05,481.25,489.5,301603,217081,11065
SOMATEX,16-JUN-2021,9.15,9.2,8.8,9.2,155062,118034,872
SOMICONVEY,16-JUN-2021,56.25,61.65,56.25,59.55,158459,68411,1861
SONATSOFTW,16-JUN-2021,715.0,733.0,712.6,718.4,141694,97047,5453
SORILINFRA,16-JUN-2021,159.95,159.95,153.0,154.05,44198,27037,1114
SOTL,16-JUN-2021,1332.0,1332.95,1290.0,1298.2,34944,14052,6798
SOUTHBANK,16-JUN-2021,10.65,11.4,10.5,10.85,96319087,26184496,55391
SOUTHWEST,16-JUN-2021,43.0,44.0,42.5,43.0,93370,59448,617
SPAL,16-JUN-2021,225.0,225.2,220.5,221.4,43800,26015,1660
SPANDANA,16-JUN-2021,722.9,724.0,696.0,699.45,117513,49034,4108
SPARC,16-JUN-2021,246.7,247.65,236.0,238.0,1270345,528824,16951
SPECIALITY,16-JUN-2021,62.3,62.9,59.7,60.55,142699,85080,2051
SPENCERS,16-JUN-2021,79.9,82.75,78.15,80.2,1494573,563609,12295
SPIC,16-JUN-2021,45.2,47.7,43.95,46.1,4152928,1300544,16214
SPICEJET,16-JUN-2021,78.85,79.15,77.5,77.65,2328009,1118184,15630
SPLIL,16-JUN-2021,47.0,47.0,44.0,45.75,357655,185186,3499
SPTL,16-JUN-2021,6.35,6.35,6.2,6.35,4342029,2732823,2219
SREEL,16-JUN-2021,202.8,207.55,197.5,198.8,24740,12159,1805
SREINFRA,16-JUN-2021,10.5,11.55,10.05,11.0,34202328,13194550,29750
SRF,16-JUN-2021,7170.1,7208.0,7084.6,7147.05,119492,23656,16641
SRHHYPOLTD,16-JUN-2021,301.2,311.0,298.0,304.1,37837,21136,1927
SRIPIPES,16-JUN-2021,217.15,230.9,212.45,216.3,1293020,430197,26046
SRTRANSFIN,16-JUN-2021,1456.5,1464.0,1426.35,1433.85,1965538,758867,52252
SSWL,16-JUN-2021,751.8,752.5,735.0,736.35,23570,14960,2205
STAR,16-JUN-2021,816.4,820.5,785.0,791.7,698006,267388,19210
STARCEMENT,16-JUN-2021,110.0,111.7,108.35,109.05,325555,150134,4890
STARPAPER,16-JUN-2021,145.6,145.6,140.55,141.05,128934,49251,3390
STCINDIA,16-JUN-2021,123.9,128.9,123.0,124.0,540413,145323,12485
STEELCITY,16-JUN-2021,52.5,52.85,48.1,49.1,123448,85009,1537
STEELXIND,16-JUN-2021,57.85,58.65,57.2,57.95,107561,47131,530
STEL,16-JUN-2021,105.0,105.85,100.25,102.3,36988,22840,938
STERTOOLS,16-JUN-2021,200.0,202.0,194.9,196.4,56067,38585,2497
STLTECH,16-JUN-2021,268.1,268.1,256.5,258.85,338830,170135,7871
STOVEKRAFT,16-JUN-2021,587.3,590.0,566.1,571.05,99466,54357,12513
SUBEXLTD,16-JUN-2021,59.0,59.55,58.0,58.2,6618992,2775899,25068
SUBROS,16-JUN-2021,328.7,328.7,310.05,314.1,153121,81531,7080
SUDARSCHEM,16-JUN-2021,693.25,701.9,679.5,683.35,160137,60098,6518
SUMICHEM,16-JUN-2021,388.0,394.5,381.4,385.8,620214,195902,13268
SUMIT,16-JUN-2021,12.95,15.45,12.4,15.1,1476604,521124,2569
SUMMITSEC,16-JUN-2021,600.0,602.35,593.15,596.1,6251,4993,222
SUNCLAYLTD,16-JUN-2021,3541.2,3603.2,3450.0,3481.15,7982,3918,2337
SUNDARAM,16-JUN-2021,2.1,2.1,2.1,2.1,34365,34365,44
SUNDARMFIN,16-JUN-2021,2654.0,2698.0,2553.0,2598.25,139467,73703,10809
SUNDARMHLD,16-JUN-2021,73.35,73.8,72.8,72.95,182770,142742,1577
SUNDRMBRAK,16-JUN-2021,430.0,441.9,422.85,425.75,12693,5983,1552
SUNDRMFAST,16-JUN-2021,845.0,845.0,826.0,830.3,74381,29049,5175
SUNFLAG,16-JUN-2021,86.05,86.6,82.55,83.0,1322627,341203,11881
SUNPHARMA,16-JUN-2021,675.0,680.5,666.85,668.55,4842448,1640256,93854
SUNTECK,16-JUN-2021,302.3,304.3,293.2,296.0,255327,78773,8246
SUNTV,16-JUN-2021,521.7,532.8,521.0,529.65,2918153,1240783,29295
SUPERHOUSE,16-JUN-2021,152.95,155.5,151.75,152.4,39194,10504,3975
SUPRAJIT,16-JUN-2021,313.8,318.3,267.95,284.7,16631743,8728612,69468
SUPREMEIND,16-JUN-2021,2274.0,2274.0,2251.0,2261.1,53915,38470,8139
SURANASOL,16-JUN-2021,12.1,12.75,11.75,12.15,88115,68327,364
SURANAT&P,16-JUN-2021,6.9,6.95,6.65,6.95,470164,371032,1162
SURYAROSNI,16-JUN-2021,508.0,523.0,502.3,521.15,430555,173605,17013
SURYODAY,16-JUN-2021,224.7,226.5,223.5,223.9,77078,47872,2243
SUTLEJTEX,16-JUN-2021,57.25,61.0,55.75,57.85,767602,310624,5798
SUULD,16-JUN-2021,460.05,475.0,460.05,466.15,28554,8994,626
SUVEN,16-JUN-2021,97.7,99.15,95.2,96.0,475431,263097,4642
SUVENPHAR,16-JUN-2021,485.0,486.0,480.1,484.2,261803,204260,8274
SUVIDHAA,16-JUN-2021,26.3,26.3,25.6,26.3,476727,420574,376
SUZLON,16-JUN-2021,7.3,7.4,7.0,7.1,40800984,17179635,36618
SWANENERGY,16-JUN-2021,141.25,141.7,137.15,140.0,136591,21728,4010
SWARAJENG,16-JUN-2021,1625.0,1625.0,1598.9,1612.0,13403,6988,1561
SWELECTES,16-JUN-2021,223.85,225.55,218.0,220.85,37431,22711,2164
SWSOLAR,16-JUN-2021,240.0,241.5,235.55,236.35,376966,183015,7117
SYMPHONY,16-JUN-2021,1076.75,1149.0,1076.75,1111.25,744915,202017,44089
SYNGENE,16-JUN-2021,586.1,590.0,582.1,584.0,183011,110780,7111
TAINWALCHM,16-JUN-2021,80.4,81.55,77.15,78.8,14300,8179,271
TAJGVK,16-JUN-2021,142.7,143.5,140.75,141.35,139040,76394,3575
TAKE,16-JUN-2021,70.0,70.65,68.25,68.65,1784933,678580,10220
TALBROAUTO,16-JUN-2021,292.6,292.9,279.4,283.65,105369,46657,4532
TARC,16-JUN-2021,30.3,30.6,29.25,29.4,326012,223022,1705
TARMAT,16-JUN-2021,64.0,64.95,61.0,61.7,87622,51101,1108
TASTYBITE,16-JUN-2021,15375.35,15375.35,15001.05,15198.65,1023,580,713
TATACHEM,16-JUN-2021,744.95,749.45,734.1,737.1,1444777,378489,27691
TATACOFFEE,16-JUN-2021,182.25,185.95,178.35,181.35,2581971,558236,19946
TATACOMM,16-JUN-2021,1326.3,1329.9,1286.6,1302.2,520054,281375,18057
TATACONSUM,16-JUN-2021,724.0,737.75,721.0,735.9,4134529,950875,79498
TATAELXSI,16-JUN-2021,3806.5,3818.05,3742.0,3775.45,90629,43416,12826
TATAINVEST,16-JUN-2021,1174.0,1177.0,1151.3,1154.65,50567,26746,3678
TATAMETALI,16-JUN-2021,1177.0,1178.05,1135.0,1141.1,264587,95970,12399
TATAMOTORS,16-JUN-2021,350.1,356.0,348.1,349.35,27550588,3436552,185607
TATAMTRDVR,16-JUN-2021,163.0,165.8,161.15,162.4,1642204,726335,13994
TATAPOWER,16-JUN-2021,122.0,127.9,120.15,125.95,84445896,14811311,244226
TATASTEEL,16-JUN-2021,1169.0,1184.75,1131.65,1142.15,17521107,4217090,327146
TATASTLBSL,16-JUN-2021,92.3,94.45,91.0,91.75,4518469,2437200,33836
TBZ,16-JUN-2021,80.0,82.85,78.6,81.8,567055,280743,7189
TCI,16-JUN-2021,455.0,455.9,398.0,438.9,97000,38865,6952
TCIDEVELOP,16-JUN-2021,405.0,422.0,391.0,414.55,5014,2723,378
TCIEXP,16-JUN-2021,1520.0,1537.25,1460.0,1474.75,62510,26368,7272
TCIFINANCE,16-JUN-2021,6.7,7.1,6.7,7.1,13106,13106,23
TCNSBRANDS,16-JUN-2021,553.0,559.0,544.65,550.8,29085,12093,1750
TCPLPACK,16-JUN-2021,494.65,500.0,480.0,482.55,3422,2342,319
TCS,16-JUN-2021,3262.1,3294.7,3253.0,3274.35,1635552,973246,92225
TDPOWERSYS,16-JUN-2021,204.05,206.8,201.0,204.05,36699,16490,2051
TEAMLEASE,16-JUN-2021,3594.05,3598.0,3531.05,3550.05,29932,23692,3313
TECHM,16-JUN-2021,1070.0,1077.95,1055.0,1069.15,1881596,938301,51956
TECHNOE,16-JUN-2021,331.5,334.9,323.4,330.75,60650,32518,3365
TEMBO,16-JUN-2021,225.0,227.95,221.3,224.3,90230,18918,1126
TERASOFT,16-JUN-2021,52.7,52.8,50.1,51.75,86524,44983,1598
TEXINFRA,16-JUN-2021,69.9,70.05,68.05,68.4,94413,68671,884
TEXMOPIPES,16-JUN-2021,51.0,51.2,47.55,48.8,466660,276852,2878
TEXRAIL,16-JUN-2021,34.5,34.85,33.5,33.75,1358197,529979,5398
TFCILTD,16-JUN-2021,76.85,78.0,74.6,75.15,607912,315703,6054
THANGAMAYL,16-JUN-2021,820.0,828.1,804.4,806.3,11636,5315,1429
THEINVEST,16-JUN-2021,104.5,108.0,104.5,105.55,12878,9911,219
THEMISMED,16-JUN-2021,760.0,768.15,725.05,733.55,14936,8895,1200
THERMAX,16-JUN-2021,1486.0,1505.6,1478.05,1484.1,34754,23710,3625
THOMASCOOK,16-JUN-2021,65.8,67.1,62.55,62.55,1140005,986517,5887
THYROCARE,16-JUN-2021,1247.0,1328.0,1231.0,1297.75,1621210,228988,55260
TI,16-JUN-2021,37.45,37.5,36.7,37.1,298586,189010,1992
TIDEWATER,16-JUN-2021,12088.0,12377.0,12000.0,12057.45,18517,6748,6475
TIIL,16-JUN-2021,471.3,484.45,461.65,472.3,60225,28762,3881
TIINDIA,16-JUN-2021,1348.0,1348.0,1246.2,1266.4,146197,119165,8570
TIJARIA,16-JUN-2021,8.7,8.7,8.0,8.7,52675,42662,177
TIMESGTY,16-JUN-2021,52.9,55.35,46.65,54.85,98909,42118,1052
TIMETECHNO,16-JUN-2021,85.5,87.3,84.6,84.8,611617,368509,11556
TIMKEN,16-JUN-2021,1387.0,1392.0,1354.7,1372.7,30832,14773,5764
TINPLATE,16-JUN-2021,220.0,221.3,212.55,213.65,520952,219779,14516
TIRUMALCHM,16-JUN-2021,141.5,142.95,138.0,138.5,959564,429483,9994
TITAN,16-JUN-2021,1724.0,1729.0,1706.5,1714.95,1116772,607124,45931
TMRVL,16-JUN-2021,24.45,24.45,24.45,24.45,32779,32779,131
TNPETRO,16-JUN-2021,111.95,112.95,105.8,108.4,929316,597114,8397
TNPL,16-JUN-2021,170.0,172.45,162.0,168.25,1262407,374894,20114
TOKYOPLAST,16-JUN-2021,100.0,108.0,98.2,107.15,144474,91746,1797
TORNTPHARM,16-JUN-2021,2939.9,2949.0,2880.0,2890.2,172861,78860,10785
TORNTPOWER,16-JUN-2021,464.9,472.25,455.25,467.8,1624938,282623,26338
TOTAL,16-JUN-2021,53.1,53.1,49.25,50.55,36454,31783,297
TOUCHWOOD,16-JUN-2021,100.0,107.45,92.35,94.8,107633,62857,2331
TPLPLASTEH,16-JUN-2021,249.95,250.0,240.3,241.2,37620,7664,567
TREJHARA,16-JUN-2021,53.7,59.0,53.0,57.75,271062,141184,1593
TRENT,16-JUN-2021,857.0,869.8,848.15,851.2,246452,85794,10814
TRF,16-JUN-2021,125.0,128.4,122.1,124.0,47371,22604,1394
TRIDENT,16-JUN-2021,16.65,16.95,16.5,16.55,7569027,4163495,15309
TRIGYN,16-JUN-2021,138.0,143.0,133.5,136.1,345733,179719,4814
TRIL,16-JUN-2021,28.75,29.15,27.55,28.05,436412,242165,1969
TRITURBINE,16-JUN-2021,121.15,121.5,115.5,116.8,153035,60865,3637
TRIVENI,16-JUN-2021,186.8,189.45,179.5,181.6,777303,336073,11715
TTKHLTCARE,16-JUN-2021,642.15,649.7,634.0,638.15,17156,9164,2074
TTKPRESTIG,16-JUN-2021,8850.0,8850.0,8675.0,8707.35,4369,1309,2186
TV18BRDCST,16-JUN-2021,46.0,46.5,43.65,44.25,14125047,4216954,22040
TVSELECT,16-JUN-2021,163.0,165.8,162.0,162.4,41904,21498,1155
TVSMOTOR,16-JUN-2021,628.5,632.7,620.2,622.35,768101,209336,14035
TVSSRICHAK,16-JUN-2021,2065.0,2090.0,2014.0,2033.7,16924,8130,2242
TVTODAY,16-JUN-2021,322.9,322.95,309.0,312.45,117418,52579,4476
TWL,16-JUN-2021,57.45,57.75,56.05,56.5,473373,172457,6348
UBL,16-JUN-2021,1373.5,1379.55,1353.7,1370.2,293443,80474,12203
UCALFUEL,16-JUN-2021,170.2,174.0,168.65,169.7,49329,35215,1347
UCOBANK,16-JUN-2021,14.25,14.45,13.9,14.05,14827699,5949709,22983
UFLEX,16-JUN-2021,471.15,479.0,465.0,468.25,90271,44474,3892
UFO,16-JUN-2021,90.55,91.8,88.75,89.4,202888,127950,2787
UGARSUGAR,16-JUN-2021,31.85,32.15,30.3,30.45,345346,219191,2027
UJAAS,16-JUN-2021,3.3,3.45,3.3,3.45,8615768,6421737,4326
UJJIVAN,16-JUN-2021,218.3,219.6,214.15,214.75,539967,268019,7238
UJJIVANSFB,16-JUN-2021,33.5,33.75,32.15,32.5,4359058,1906840,8131
ULTRACEMCO,16-JUN-2021,6670.55,6694.1,6565.0,6587.4,224100,125538,19424
UMANGDAIRY,16-JUN-2021,84.0,84.0,81.55,82.7,320970,140501,6239
UNICHEMLAB,16-JUN-2021,330.0,331.8,326.35,327.6,30148,17027,1571
UNIDT,16-JUN-2021,353.7,353.7,320.0,333.7,2279981,1009910,13191
UNIENTER,16-JUN-2021,148.0,148.0,131.0,133.85,212182,92003,4614
UNIONBANK,16-JUN-2021,37.25,37.75,36.85,37.45,26760857,10610462,27539
UNITEDTEA,16-JUN-2021,333.2,342.95,328.05,334.85,1826,978,155
UNIVASTU,16-JUN-2021,44.7,45.0,42.55,43.25,8978,8223,75
UNIVCABLES,16-JUN-2021,193.0,194.2,187.45,188.3,86951,55289,2690
UNIVPHOTO,16-JUN-2021,241.65,243.45,240.0,241.0,1971,1388,83
UPL,16-JUN-2021,843.9,854.55,836.15,838.2,4555364,1033524,70312
URJA,16-JUN-2021,8.45,8.5,7.95,8.0,4143417,2749564,9160
USHAMART,16-JUN-2021,55.35,57.15,53.75,54.4,3462130,1840498,18022
UTIAMC,16-JUN-2021,786.7,789.55,767.25,778.9,187749,124927,11824
UTIBANKETF,16-JUN-2021,35.5,35.5,34.85,34.96,3101,1610,124
UTINEXT50,16-JUN-2021,40.26,40.47,39.77,40.4,10250,9050,115
UTINIFTETF,16-JUN-2021,1697.65,1697.65,1650.0,1650.02,250,231,58
UTISENSETF,16-JUN-2021,555.25,555.25,550.0,551.39,204,199,31
UTISXN50,16-JUN-2021,46.0,48.73,45.0,45.1,9725,8145,133
UTTAMSTL,16-JUN-2021,6.85,7.0,6.8,6.9,2614369,1627894,1723
UTTAMSUGAR,16-JUN-2021,179.1,181.05,172.2,173.55,199909,73588,5116
V2RETAIL,16-JUN-2021,137.7,137.7,130.0,130.8,69434,57558,761
VADILALIND,16-JUN-2021,1005.0,1012.8,988.05,1004.5,21995,16257,1653
VAIBHAVGBL,16-JUN-2021,814.9,817.8,797.05,800.8,105651,65063,6438
VAISHALI,16-JUN-2021,41.8,42.8,40.1,40.95,62532,40767,751
VAKRANGEE,16-JUN-2021,49.95,49.95,47.35,47.65,4447528,2375742,13328
VALIANTORG,16-JUN-2021,1570.0,1578.0,1547.0,1554.3,40829,29913,2739
VARDHACRLC,16-JUN-2021,43.95,45.45,43.55,44.5,443013,308337,2362
VARDMNPOLY,16-JUN-2021,21.65,22.1,20.7,21.3,86414,41972,762
VARROC,16-JUN-2021,372.05,388.0,370.75,377.95,469141,181452,16985
VASCONEQ,16-JUN-2021,21.5,21.95,20.55,21.2,627024,394643,1834
VASWANI,16-JUN-2021,14.4,14.4,13.5,13.85,46447,28980,183
VBL,16-JUN-2021,795.0,798.9,785.5,788.2,338741,212099,10769
VEDL,16-JUN-2021,269.75,271.35,262.4,264.35,13188440,3167609,81562
VENKEYS,16-JUN-2021,2686.0,2726.0,2640.0,2653.45,103436,20117,9372
VENUSREM,16-JUN-2021,320.9,321.2,311.0,312.6,21362,14100,852
VERTOZ,16-JUN-2021,196.2,198.7,192.0,192.65,272951,78595,3396
VESUVIUS,16-JUN-2021,1080.0,1140.0,1050.35,1090.55,98666,34203,6458
VETO,16-JUN-2021,132.4,132.9,129.0,131.2,24018,14804,911
VGUARD,16-JUN-2021,273.5,273.9,268.1,269.25,692317,305264,15202
VHL,16-JUN-2021,2602.15,2639.95,2505.1,2534.75,1185,844,297
VIDHIING,16-JUN-2021,212.0,214.55,209.0,210.3,60206,36718,2184
VIKASLIFE,16-JUN-2021,3.45,3.45,3.35,3.35,3886668,2081482,3105
VIKASPROP,16-JUN-2021,3.3,3.3,2.95,3.1,9476201,5284569,5404
VIKASWSP,16-JUN-2021,6.8,7.35,6.75,7.35,2872674,2095140,3117
VIMTALABS,16-JUN-2021,266.0,267.1,255.15,256.95,132378,62522,4585
VINATIORGA,16-JUN-2021,1762.8,1783.0,1736.0,1747.55,36346,12913,3447
VINDHYATEL,16-JUN-2021,1125.0,1139.75,1097.0,1102.15,22855,12144,2824
VINYLINDIA,16-JUN-2021,158.0,158.05,152.0,153.35,130983,59212,3672
VIPCLOTHNG,16-JUN-2021,17.5,17.5,16.8,16.95,109331,92133,378
VIPIND,16-JUN-2021,403.9,409.5,400.3,405.0,399097,161845,9228
VIPULLTD,16-JUN-2021,34.95,37.0,34.65,36.3,43364,25264,484
VISAKAIND,16-JUN-2021,674.0,681.25,664.6,674.8,52079,16999,7858
VISHAL,16-JUN-2021,57.5,57.5,55.1,56.1,121812,68057,1203
VISHNU,16-JUN-2021,477.0,485.1,477.0,485.1,17369,15889,242
VISHWARAJ,16-JUN-2021,156.2,159.75,154.0,155.45,316285,75989,4796
VLSFINANCE,16-JUN-2021,133.75,133.8,129.45,130.1,64397,40007,1931
VMART,16-JUN-2021,2797.8,2815.45,2766.0,2786.5,14047,8691,3004
VOLTAMP,16-JUN-2021,1403.45,1416.0,1366.1,1389.6,22423,8102,3824
VOLTAS,16-JUN-2021,1060.95,1060.95,1022.0,1028.15,1371401,545943,42402
VRLLOG,16-JUN-2021,283.0,294.4,280.55,289.5,1286440,260288,25578
VSSL,16-JUN-2021,231.95,236.6,216.2,221.45,1001192,434325,31802
VSTIND,16-JUN-2021,3474.3,3489.9,3451.0,3469.9,33729,31937,873
VSTTILLERS,16-JUN-2021,2133.0,2144.0,2090.0,2117.75,11436,5753,2075
VTL,16-JUN-2021,1421.0,1449.65,1394.5,1402.15,25675,13264,2855
WABAG,16-JUN-2021,358.25,379.3,355.5,366.8,2827156,827652,58989
WABCOINDIA,16-JUN-2021,6850.0,7871.95,6843.25,7353.6,155643,14547,31135
WALCHANNAG,16-JUN-2021,83.3,92.0,82.45,86.7,4681113,826808,37072
WATERBASE,16-JUN-2021,125.9,127.35,122.0,123.2,172348,75656,3330
WEBELSOLAR,16-JUN-2021,57.0,57.0,54.0,54.55,202731,125530,1647
WEIZMANIND,16-JUN-2021,56.95,56.95,54.9,55.4,8932,5140,141
WELCORP,16-JUN-2021,155.0,156.75,151.45,151.7,1301316,578507,12858
WELENT,16-JUN-2021,120.0,120.95,117.0,117.75,344422,209370,5009
WELINV,16-JUN-2021,401.95,407.05,397.0,400.85,307,161,87
WELSPUNIND,16-JUN-2021,95.5,96.6,92.3,93.0,3200178,727833,22021
WENDT,16-JUN-2021,3730.05,3734.5,3655.0,3705.9,910,721,207
WESTLIFE,16-JUN-2021,487.4,490.8,476.85,484.45,64296,27926,2754
WHEELS,16-JUN-2021,609.4,619.0,598.0,605.55,71077,32069,3931
WHIRLPOOL,16-JUN-2021,2397.85,2418.7,2260.05,2276.55,698421,223982,62402
WILLAMAGOR,16-JUN-2021,21.7,22.4,21.4,21.9,43248,23486,240
WINDMACHIN,16-JUN-2021,40.85,42.9,39.5,40.7,126233,73642,629
WIPRO,16-JUN-2021,559.9,562.55,553.5,555.25,5497269,1825733,96834
WOCKPHARMA,16-JUN-2021,645.5,648.6,626.0,628.05,398748,179980,12120
WONDERLA,16-JUN-2021,218.35,232.4,214.4,225.25,579823,190960,13308
WORTH,16-JUN-2021,79.25,80.9,77.5,78.25,36869,26457,619
WSTCSTPAPR,16-JUN-2021,244.85,246.1,236.75,239.45,392376,176237,9076
XCHANGING,16-JUN-2021,86.45,87.45,82.95,83.65,647540,301165,6602
XELPMOC,16-JUN-2021,288.0,288.0,278.1,280.4,29627,19055,1663
YESBANK,16-JUN-2021,14.15,14.3,14.0,14.0,77914829,34966542,91948
ZEEL,16-JUN-2021,230.0,232.0,226.15,227.55,14531890,3908606,99656
ZEELEARN,16-JUN-2021,19.4,20.15,18.45,18.75,15830741,8289133,19992
ZEEMEDIA,16-JUN-2021,11.8,11.9,10.8,10.95,13836147,8056487,10623
ZENSARTECH,16-JUN-2021,304.7,307.05,298.3,301.05,1029154,490562,13940
ZENTEC,16-JUN-2021,87.2,88.9,84.0,86.75,661841,250712,10098
ZODIACLOTH,16-JUN-2021,108.85,109.0,105.5,106.2,63854,45635,1240
ZOTA,16-JUN-2021,174.0,177.85,171.4,172.0,11543,6880,371
ZUARI,16-JUN-2021,129.95,144.5,124.4,135.4,1387602,429867,20091
ZUARIGLOB,16-JUN-2021,116.3,121.0,112.35,117.3,306820,130946,4071
ZYDUSWELL,16-JUN-2021,2043.35,2076.6,2032.0,2054.15,37671,14993,3733
