20MICRONS,17-JUN-2021,66.0,66.75,63.6,64.2,171260,91618,2584
21STCENMGM,17-JUN-2021,19.15,19.15,19.15,19.15,556,556,5
3MINDIA,17-JUN-2021,25470.0,25547.05,25175.05,25260.9,2137,1181,1582
3PLAND,17-JUN-2021,14.2,14.2,13.15,13.75,33255,26122,208
5PAISA,17-JUN-2021,430.95,439.0,420.05,423.35,69314,30893,3857
AAKASH,17-JUN-2021,182.0,183.0,177.0,180.75,64898,19449,488
AARTIDRUGS,17-JUN-2021,732.95,741.4,725.0,727.15,251650,96707,10643
AARTIIND,17-JUN-2021,1828.0,1839.9,1788.65,1811.8,479666,220463,24755
AARTISURF,17-JUN-2021,1362.1,1378.0,1354.0,1356.8,12578,6769,2129
AARVI,17-JUN-2021,68.0,69.0,67.5,68.05,27348,18919,467
AAVAS,17-JUN-2021,2470.0,2541.95,2470.0,2515.55,56380,35935,6487
ABB,17-JUN-2021,1725.25,1776.7,1692.3,1716.5,416009,135476,25390
ABBOTINDIA,17-JUN-2021,16446.2,16600.0,16331.5,16526.45,9974,5064,3126
ABCAPITAL,17-JUN-2021,123.0,125.4,121.25,122.05,2139479,701307,13759
ABFRL,17-JUN-2021,200.0,206.75,200.0,201.5,1660120,591133,12093
ABMINTLTD,17-JUN-2021,66.1,69.95,66.1,68.65,1540,803,45
ABSLBANETF,17-JUN-2021,344.76,345.48,342.24,343.65,160,77,44
ABSLNN50ET,17-JUN-2021,393.5,393.5,390.8,393.45,81,80,15
ACC,17-JUN-2021,2005.0,2062.95,2005.0,2042.2,412228,59095,19255
ACCELYA,17-JUN-2021,1190.0,1218.8,1155.1,1169.85,331186,171922,8063
ACCURACY,17-JUN-2021,84.25,84.25,80.5,82.25,10231,4914,183
ACE,17-JUN-2021,228.7,236.9,225.3,231.05,878049,313910,19283
ACRYSIL,17-JUN-2021,531.0,546.0,530.5,534.5,91481,49233,6732
ADANIENT,17-JUN-2021,1380.0,1436.0,1303.5,1367.7,27926070,1670288,621898
ADANIPORTS,17-JUN-2021,683.0,704.65,638.35,646.9,70812142,13349012,1020950
ADFFOODS,17-JUN-2021,969.0,1018.0,950.0,976.9,79332,28192,8112
ADORWELD,17-JUN-2021,613.5,634.75,600.0,628.15,61364,34257,4536
ADROITINFO,17-JUN-2021,11.95,11.95,11.2,11.45,31858,23575,183
ADSL,17-JUN-2021,61.5,63.85,61.5,62.5,599835,282672,3254
ADVANIHOTR,17-JUN-2021,65.1,67.4,62.8,63.65,71567,28765,728
ADVENZYMES,17-JUN-2021,411.0,448.0,390.05,431.95,4572415,2476558,78777
AEGISCHEM,17-JUN-2021,360.25,374.3,357.05,358.5,760167,251879,15879
AGARIND,17-JUN-2021,310.0,310.0,294.0,295.3,363206,201891,7962
AGRITECH,17-JUN-2021,42.75,45.8,42.75,44.75,15548,7297,216
AGROPHOS,17-JUN-2021,14.9,14.9,14.35,14.6,140236,83686,471
AHLADA,17-JUN-2021,179.8,179.95,175.0,176.15,41241,32507,562
AHLEAST,17-JUN-2021,177.65,179.35,172.0,176.6,7766,4422,343
AHLUCONT,17-JUN-2021,314.5,320.05,314.0,317.65,7553,5186,331
AHLWEST,17-JUN-2021,217.7,220.0,215.0,218.25,11596,8663,676
AIAENG,17-JUN-2021,1996.0,2030.0,1970.0,1980.85,50281,17359,9083
AIRAN,17-JUN-2021,25.4,26.0,24.45,24.85,116740,69217,862
AJANTPHARM,17-JUN-2021,1991.15,2015.0,1944.55,1963.9,83160,17413,8879
AJMERA,17-JUN-2021,181.85,193.65,180.95,183.4,390632,119246,11269
AKASH,17-JUN-2021,219.5,219.5,208.0,211.0,24114,22093,380
AKG,17-JUN-2021,30.35,30.35,29.25,29.3,14546,14047,39
AKSHARCHEM,17-JUN-2021,353.0,386.0,350.05,368.0,222576,100600,9424
AKZOINDIA,17-JUN-2021,2296.0,2310.0,2259.0,2267.9,12614,5309,3811
ALANKIT,17-JUN-2021,24.0,24.25,23.15,23.45,682000,375404,3310
ALBERTDAVD,17-JUN-2021,510.0,528.7,505.0,513.4,98091,34746,9025
ALEMBICLTD,17-JUN-2021,132.9,139.5,130.45,134.25,3845226,999444,33572
ALICON,17-JUN-2021,551.0,570.0,551.0,565.1,6613,3992,790
ALKALI,17-JUN-2021,71.15,73.8,69.25,70.9,88082,47554,2548
ALKEM,17-JUN-2021,3150.0,3184.8,3133.7,3167.3,123870,71125,20360
ALKYLAMINE,17-JUN-2021,3550.0,3609.0,3540.25,3590.45,46212,24853,7852
ALLCARGO,17-JUN-2021,141.0,148.8,140.4,143.65,1536152,622849,18142
ALLSEC,17-JUN-2021,387.0,388.95,381.0,385.6,7159,4027,670
ALMONDZ,17-JUN-2021,45.25,46.35,43.0,44.4,21437,15993,311
ALOKINDS,17-JUN-2021,28.25,29.7,28.1,28.65,21530491,7932668,35260
ALPHAGEO,17-JUN-2021,284.45,284.45,273.0,274.45,17864,11643,961
AMARAJABAT,17-JUN-2021,766.5,778.65,758.0,763.4,1477262,606711,45069
AMBER,17-JUN-2021,2770.0,2795.9,2750.3,2764.5,55959,27710,11214
AMBICAAGAR,17-JUN-2021,23.4,23.85,22.55,23.1,47776,31624,241
AMBIKCO,17-JUN-2021,1180.05,1229.0,1179.0,1188.0,32126,19232,3306
AMBUJACEM,17-JUN-2021,336.6,348.9,336.0,346.25,7239110,2592862,72680
AMDIND,17-JUN-2021,24.0,24.0,22.8,23.0,13649,9573,130
AMJLAND,17-JUN-2021,29.65,32.25,29.25,30.25,217027,129917,1280
AMRUTANJAN,17-JUN-2021,699.8,699.8,690.1,692.0,20628,12386,1905
ANDHRAPAP,17-JUN-2021,244.9,249.45,241.0,242.25,26317,12994,1668
ANDHRSUGAR,17-JUN-2021,441.0,454.0,436.0,443.45,126241,47082,5788
ANGELBRKG,17-JUN-2021,815.0,855.0,797.05,826.9,271846,91242,13382
ANIKINDS,17-JUN-2021,19.0,19.0,17.95,18.1,55625,36968,305
ANMOL,17-JUN-2021,161.5,161.5,154.45,157.1,32595,6584,184
ANSALHSG,17-JUN-2021,8.95,8.95,8.4,8.5,69618,51355,192
ANUP,17-JUN-2021,868.0,881.9,860.9,871.85,19373,12891,1757
ANURAS,17-JUN-2021,753.0,753.0,738.0,741.1,105781,52444,3972
APARINDS,17-JUN-2021,526.95,536.0,522.0,523.05,38370,19296,2129
APCL,17-JUN-2021,339.65,349.0,335.0,342.4,127396,49811,5123
APCOTEXIND,17-JUN-2021,309.45,314.5,303.25,304.9,77267,50260,3766
APEX,17-JUN-2021,267.0,272.5,261.15,263.25,102044,50926,3626
APLAPOLLO,17-JUN-2021,1485.0,1599.0,1481.65,1564.4,819467,574411,34846
APLLTD,17-JUN-2021,995.0,995.0,964.65,990.1,409733,145520,20608
APOLLO,17-JUN-2021,116.0,118.55,114.5,115.25,148114,59387,4053
APOLLOHOSP,17-JUN-2021,3257.0,3282.95,3225.2,3240.6,356502,177614,23884
APOLLOPIPE,17-JUN-2021,1025.0,1063.95,1002.0,1013.55,45274,26100,4282
APOLLOTYRE,17-JUN-2021,232.0,234.6,228.6,229.9,3884976,651858,40539
APOLSINHOT,17-JUN-2021,810.65,815.0,786.0,793.0,1863,1297,224
APTECHT,17-JUN-2021,233.0,240.7,229.0,231.55,177752,73025,5283
ARCHIES,17-JUN-2021,17.45,17.8,17.0,17.3,171025,92997,774
ARENTERP,17-JUN-2021,16.0,16.0,14.65,15.35,6464,4004,99
ARIES,17-JUN-2021,132.3,138.5,130.1,132.8,401400,113102,11162
ARIHANTCAP,17-JUN-2021,120.0,121.95,115.7,119.2,16161,9493,307
ARMANFIN,17-JUN-2021,622.4,630.85,622.0,627.1,3142,2299,219
AROGRANITE,17-JUN-2021,54.1,59.5,54.1,59.0,678683,309161,5317
ARSHIYA,17-JUN-2021,33.15,34.95,32.95,32.95,93052,72220,393
ARVIND,17-JUN-2021,83.6,87.4,83.0,84.45,865213,362839,7252
ARVINDFASN,17-JUN-2021,137.0,140.5,137.0,137.6,256360,144596,3303
ARVSMART,17-JUN-2021,107.5,109.9,105.05,106.35,68517,30183,1983
ASAHIINDIA,17-JUN-2021,333.0,336.25,322.0,324.2,196627,89196,8578
ASAHISONG,17-JUN-2021,351.5,357.25,346.15,347.85,31456,20281,1906
ASAL,17-JUN-2021,60.9,62.2,57.8,58.35,138119,43565,1338
ASALCBR,17-JUN-2021,448.0,499.9,448.0,484.4,722543,219902,32122
ASHIANA,17-JUN-2021,141.7,143.8,136.55,138.65,231332,117134,6288
ASHOKA,17-JUN-2021,100.45,103.35,99.05,100.05,3277843,1191874,15833
ASHOKLEY,17-JUN-2021,124.9,125.15,119.6,121.2,24144227,9188549,114772
ASIANHOTNR,17-JUN-2021,92.5,94.05,91.15,92.25,16287,10797,371
ASIANPAINT,17-JUN-2021,3017.95,3073.95,3000.5,3060.3,1533864,477713,76201
ASIANTILES,17-JUN-2021,189.0,191.9,183.3,184.5,1306794,664961,12870
ASPINWALL,17-JUN-2021,222.7,224.0,215.3,221.45,18930,11584,453
ASTEC,17-JUN-2021,1379.7,1393.45,1320.0,1326.75,38701,20659,5582
ASTERDM,17-JUN-2021,154.0,157.9,153.0,153.7,418493,205241,6082
ASTRAL,17-JUN-2021,1967.0,1989.8,1947.15,1974.0,298409,183397,26966
ASTRAMICRO,17-JUN-2021,178.45,183.5,174.2,179.5,1429902,601480,16942
ASTRAZEN,17-JUN-2021,3751.0,3781.0,3720.0,3735.6,30869,11836,6060
ASTRON,17-JUN-2021,54.0,55.9,52.2,53.1,416029,298685,3422
ATFL,17-JUN-2021,984.0,988.9,962.0,967.4,16694,4944,2162
ATUL,17-JUN-2021,8942.75,8997.25,8880.0,8955.0,11677,7670,3154
ATULAUTO,17-JUN-2021,194.85,204.75,193.2,198.15,453772,241440,11614
AUBANK,17-JUN-2021,1028.0,1056.35,1007.35,1026.3,1225606,450587,37860
AURIONPRO,17-JUN-2021,153.6,153.6,148.6,149.45,68620,42079,2147
AUROPHARMA,17-JUN-2021,978.7,989.15,946.9,961.7,2763925,880539,64313
AUSOMENT,17-JUN-2021,100.1,100.1,82.1,89.3,380062,125346,9259
AUTOAXLES,17-JUN-2021,1370.0,1370.0,1332.1,1350.45,9802,5389,1353
AVADHSUGAR,17-JUN-2021,343.95,354.0,341.0,345.1,85052,27574,3080
AVANTIFEED,17-JUN-2021,581.1,593.7,579.0,587.8,208493,88353,7723
AVTNPL,17-JUN-2021,66.0,68.65,64.9,66.7,165313,82750,2719
AWHCL,17-JUN-2021,327.75,332.0,320.15,324.1,87886,49447,3714
AXISBANK,17-JUN-2021,741.95,745.4,736.0,738.6,6674329,3502617,122017
AXISBNKETF,17-JUN-2021,346.97,348.28,344.0,345.57,4720,4397,68
AXISBPSETF,17-JUN-2021,10.16,10.16,10.11,10.12,2500553,2347776,107
AXISGOLD,17-JUN-2021,41.54,41.64,41.19,41.3,246704,169186,2992
AXISHCETF,17-JUN-2021,86.97,88.4,86.5,86.79,15349,9795,549
AXISNIFTY,17-JUN-2021,163.79,164.6,163.0,163.48,3067,2464,159
AXISTECETF,17-JUN-2021,280.0,281.5,273.0,276.12,2134,1412,72
AYMSYNTEX,17-JUN-2021,72.0,77.15,70.55,75.25,97006,63703,1226
BAFNAPH,17-JUN-2021,144.75,146.15,139.0,142.3,4543,2168,240
BAJAJ-AUTO,17-JUN-2021,4120.0,4120.0,4042.05,4053.9,357704,152610,31258
BAJAJCON,17-JUN-2021,294.05,301.0,292.55,295.75,1058449,254917,33902
BAJAJELEC,17-JUN-2021,1039.0,1054.9,1006.0,1014.75,97680,47249,10087
BAJAJFINSV,17-JUN-2021,11750.0,11937.2,11739.95,11818.55,220170,48013,28670
BAJAJHIND,17-JUN-2021,14.7,15.95,14.7,15.95,27856534,16699952,22355
BAJAJHLDNG,17-JUN-2021,3544.45,3555.45,3501.0,3523.45,19861,10947,3646
BAJFINANCE,17-JUN-2021,5920.0,6115.0,5920.0,6050.25,1871857,499038,104459
BALAJITELE,17-JUN-2021,68.0,69.9,66.55,66.9,512851,233617,4527
BALAMINES,17-JUN-2021,2638.0,2680.0,2616.65,2621.55,37680,20757,4872
BALAXI,17-JUN-2021,615.95,615.95,600.0,609.25,3135,1726,427
BALKRISIND,17-JUN-2021,2244.55,2322.95,2220.4,2304.1,609177,179769,30854
BALMLAWRIE,17-JUN-2021,138.6,146.5,138.55,141.2,1744678,384209,19987
BALRAMCHIN,17-JUN-2021,334.95,340.85,328.55,335.1,1184102,604544,18664
BANARBEADS,17-JUN-2021,55.5,57.45,55.15,55.3,12076,4552,206
BANARISUG,17-JUN-2021,1780.05,1807.55,1735.05,1748.05,3647,2637,610
BANCOINDIA,17-JUN-2021,185.8,192.4,182.75,186.1,634785,238623,15420
BANDHANBNK,17-JUN-2021,317.9,321.75,312.75,318.9,6104981,2542679,47085
BANG,17-JUN-2021,41.4,41.4,35.6,36.35,366367,189055,2842
BANKA,17-JUN-2021,66.9,71.5,66.9,70.95,6991,4950,107
BANKBARODA,17-JUN-2021,83.7,84.6,81.3,81.9,50972723,12077344,97911
BANKBEES,17-JUN-2021,356.0,356.0,345.82,347.23,574282,302448,9959
BANKINDIA,17-JUN-2021,78.0,78.9,76.8,77.1,3570633,1054749,13769
BARBEQUE,17-JUN-2021,825.0,909.7,812.0,874.3,461847,141482,23813
BASF,17-JUN-2021,2755.0,2779.45,2672.5,2693.65,105388,21626,12757
BATAINDIA,17-JUN-2021,1630.0,1680.0,1628.0,1671.3,664478,134405,24881
BAYERCROP,17-JUN-2021,5631.25,5720.55,5605.7,5668.1,16550,8862,4526
BBL,17-JUN-2021,1313.95,1322.1,1275.0,1288.65,7945,4285,1545
BBTC,17-JUN-2021,1335.0,1376.3,1320.95,1340.85,229580,83611,12799
BCG,17-JUN-2021,13.9,14.55,13.55,14.55,7094535,2940987,4992
BCLIND,17-JUN-2021,186.0,223.8,184.95,218.35,1317979,494910,20597
BDL,17-JUN-2021,359.9,370.5,359.75,363.0,501593,294858,8816
BECTORFOOD,17-JUN-2021,414.65,417.1,405.3,409.15,227220,119261,8149
BEL,17-JUN-2021,148.2,149.75,144.65,146.15,7473180,3345832,53929
BEML,17-JUN-2021,1313.0,1425.0,1313.0,1381.35,3104943,464333,103901
BEPL,17-JUN-2021,180.1,186.0,178.0,181.05,841839,344762,13211
BERGEPAINT,17-JUN-2021,815.55,829.95,807.05,820.3,643624,131490,21738
BESTAGRO,17-JUN-2021,296.65,305.0,293.7,299.9,45714,14166,815
BFINVEST,17-JUN-2021,360.2,395.0,360.2,365.25,670620,106960,25995
BFUTILITIE,17-JUN-2021,446.05,486.4,445.2,455.1,4826768,935533,116199
BGRENERGY,17-JUN-2021,68.55,72.15,68.55,69.2,344109,169479,3694
BHAGERIA,17-JUN-2021,262.0,278.0,258.95,269.05,250340,64588,8570
BHAGYANGR,17-JUN-2021,53.6,56.9,51.3,53.5,180221,83698,1407
BHAGYAPROP,17-JUN-2021,28.8,28.8,28.0,28.0,17617,11856,217
BHANDARI,17-JUN-2021,3.65,3.65,3.5,3.65,920487,603898,674
BHARATFORG,17-JUN-2021,731.5,739.8,723.2,725.05,2110137,706724,34193
BHARATGEAR,17-JUN-2021,104.3,107.0,103.15,104.15,27804,17554,1117
BHARATRAS,17-JUN-2021,12878.0,13071.05,12501.1,12627.7,3871,1451,1578
BHARATWIRE,17-JUN-2021,57.05,59.35,57.0,58.0,36242,24873,243
BHARTIARTL,17-JUN-2021,539.5,541.25,527.05,528.65,10026485,5258372,116401
BHEL,17-JUN-2021,65.2,68.0,65.15,65.5,57532702,11612477,137486
BIGBLOC,17-JUN-2021,99.0,101.9,99.0,99.0,4368,2680,96
BINDALAGRO,17-JUN-2021,28.0,28.55,27.4,27.7,286984,139005,1612
BIOCON,17-JUN-2021,402.0,406.75,396.05,398.65,1390138,373702,22601
BIOFILCHEM,17-JUN-2021,73.4,73.4,71.4,71.8,40295,21573,872
BIRLACABLE,17-JUN-2021,87.85,93.95,84.25,90.75,659027,254042,8021
BIRLACORPN,17-JUN-2021,1220.0,1244.0,1212.0,1215.6,102505,67046,7321
BIRLAMONEY,17-JUN-2021,59.6,60.7,58.0,58.3,743359,179646,7783
BIRLATYRE,17-JUN-2021,28.95,29.35,27.4,28.3,815405,364503,4273
BLBLIMITED,17-JUN-2021,8.35,8.35,7.5,8.0,33179,25575,148
BLISSGVS,17-JUN-2021,112.8,113.9,110.25,110.7,406487,190713,6146
BLKASHYAP,17-JUN-2021,28.4,29.9,27.1,28.05,1946296,1150434,3470
BLS,17-JUN-2021,127.0,145.75,125.05,140.8,3939726,1235268,41981
BLUEDART,17-JUN-2021,5841.3,5920.15,5750.0,5762.1,20667,9490,5296
BLUESTARCO,17-JUN-2021,810.0,817.8,803.0,813.1,112548,60566,14537
BODALCHEM,17-JUN-2021,107.25,114.5,107.25,109.55,2889742,848281,27893
BOMDYEING,17-JUN-2021,91.55,99.8,91.1,94.7,28572375,5453187,113178
BOROLTD,17-JUN-2021,216.8,228.5,214.55,221.75,475669,191020,8539
BOSCHLTD,17-JUN-2021,15750.0,15767.15,15375.0,15399.85,41012,14602,9414
BPCL,17-JUN-2021,477.95,482.9,476.3,476.9,3325538,1716258,49717
BPL,17-JUN-2021,35.2,35.8,34.95,35.15,55338,34364,679
BRFL,17-JUN-2021,8.95,9.45,8.6,8.95,1758433,938244,2117
BRIGADE,17-JUN-2021,280.05,283.5,277.8,279.65,156625,105573,5913
BRITANNIA,17-JUN-2021,3625.9,3663.0,3609.5,3658.15,300185,135471,29887
BRNL,17-JUN-2021,34.05,36.1,33.3,34.65,380483,195340,3369
BROOKS,17-JUN-2021,98.75,99.6,95.05,96.55,19949,11780,346
BSE,17-JUN-2021,925.0,931.0,904.25,907.85,547529,275329,21792
BSELINFRA,17-JUN-2021,1.75,1.75,1.75,1.75,24400,24400,16
BSHSL,17-JUN-2021,190.05,190.05,185.25,188.65,2350,1390,95
BSL,17-JUN-2021,58.5,59.25,55.0,56.35,53203,29055,988
BSLGOLDETF,17-JUN-2021,4399.95,4399.95,4312.5,4340.35,442,283,153
BSLNIFTY,17-JUN-2021,175.49,175.49,173.01,173.25,774,683,23
BSOFT,17-JUN-2021,404.8,406.35,395.3,400.1,2643244,1320414,36278
BURGERKING,17-JUN-2021,160.7,163.5,158.0,158.95,2637623,891243,25719
CADILAHC,17-JUN-2021,624.0,633.6,617.1,620.25,6531958,2068123,69538
CAMLINFINE,17-JUN-2021,173.45,179.75,171.9,173.0,740449,260302,11330
CAMS,17-JUN-2021,2841.0,2860.0,2825.7,2842.7,84971,40244,11703
CANBK,17-JUN-2021,150.6,154.4,149.5,151.35,12699050,4183622,62699
CANFINHOME,17-JUN-2021,515.5,524.95,511.45,514.55,344276,137671,8701
CANTABIL,17-JUN-2021,414.0,414.0,404.1,407.3,136623,24690,8432
CAPACITE,17-JUN-2021,209.6,213.2,203.7,206.8,228280,123455,5515
CAPLIPOINT,17-JUN-2021,673.0,685.95,665.0,668.75,236564,85980,10908
CAPTRUST,17-JUN-2021,96.85,97.4,92.0,93.65,12254,6336,309
CARBORUNIV,17-JUN-2021,567.0,589.0,567.0,586.3,172095,92242,9573
CAREERP,17-JUN-2021,137.55,153.0,137.55,149.8,553799,260894,8984
CARERATING,17-JUN-2021,702.0,750.0,699.0,712.7,1980997,521124,59568
CASTROLIND,17-JUN-2021,149.5,151.7,146.15,147.8,1480415,631562,15729
CCL,17-JUN-2021,342.0,354.3,340.0,345.5,278357,103236,12728
CDSL,17-JUN-2021,1005.0,1007.0,987.3,990.5,463080,260267,28104
CEATLTD,17-JUN-2021,1370.0,1396.0,1365.5,1379.85,335471,108143,26061
CEBBCO,17-JUN-2021,28.5,28.5,28.5,28.5,70869,70869,100
CELEBRITY,17-JUN-2021,8.25,8.25,7.7,7.8,81681,55259,275
CENTENKA,17-JUN-2021,396.6,406.45,387.5,395.0,110346,54718,4930
CENTEXT,17-JUN-2021,10.05,11.8,9.75,10.75,10127668,3615575,13245
CENTRALBK,17-JUN-2021,20.45,21.45,20.3,20.55,7917968,2890134,11406
CENTRUM,17-JUN-2021,42.75,48.15,42.65,46.45,11348575,4333935,21167
CENTUM,17-JUN-2021,398.0,403.5,394.05,400.05,16206,12603,484
CENTURYPLY,17-JUN-2021,412.0,419.95,408.6,411.75,131971,81260,10660
CENTURYTEX,17-JUN-2021,575.0,598.7,565.0,567.95,1168699,157345,23842
CERA,17-JUN-2021,4303.0,4511.0,4292.85,4365.2,15169,6040,4486
CEREBRAINT,17-JUN-2021,64.3,65.0,62.7,63.7,396103,233859,1812
CESC,17-JUN-2021,796.95,820.0,773.8,780.4,4755377,1330917,128954
CGCL,17-JUN-2021,529.5,536.0,525.1,528.75,148004,107882,5662
CHALET,17-JUN-2021,179.0,183.75,179.0,180.9,138469,82025,3117
CHAMBLFERT,17-JUN-2021,310.0,321.0,297.2,302.5,6269800,1543410,108508
CHEMBOND,17-JUN-2021,203.0,211.95,202.65,204.55,21726,11097,1454
CHEMCON,17-JUN-2021,479.5,486.0,472.15,475.65,157534,62261,6712
CHEMFAB,17-JUN-2021,152.0,152.0,149.0,149.4,11305,8623,262
CHENNPETRO,17-JUN-2021,131.2,135.7,130.55,131.5,646547,162364,12966
CHOLAFIN,17-JUN-2021,559.0,565.45,545.05,549.8,1799072,582230,35232
CHOLAHLDNG,17-JUN-2021,658.0,658.0,631.35,635.65,73597,48743,6361
CIGNITITEC,17-JUN-2021,485.25,501.55,484.0,487.0,201202,132607,5593
CINELINE,17-JUN-2021,48.4,53.35,47.0,50.2,1071256,503748,6568
CIPLA,17-JUN-2021,955.0,959.75,943.5,950.95,2429291,1185779,67077
CLEDUCATE,17-JUN-2021,114.9,119.2,112.05,114.0,42380,28904,907
CLNINDIA,17-JUN-2021,551.65,568.4,546.55,550.65,77481,32862,4193
CLSEL,17-JUN-2021,128.0,129.0,126.5,126.9,75356,47456,1400
CMICABLES,17-JUN-2021,49.9,50.4,47.05,47.75,76728,53399,451
COALINDIA,17-JUN-2021,155.0,155.4,151.4,152.15,15784276,4807827,86134
COCHINSHIP,17-JUN-2021,415.0,419.0,408.35,411.6,498673,189603,9444
COFFEEDAY,17-JUN-2021,37.5,39.1,37.35,38.25,820359,468840,3413
COFORGE,17-JUN-2021,3963.7,4015.55,3941.15,3978.6,229866,42012,17846
COLPAL,17-JUN-2021,1712.95,1732.0,1707.15,1714.95,588937,326988,35618
COMPINFO,17-JUN-2021,26.5,27.3,25.8,26.15,252378,179417,1194
CONCOR,17-JUN-2021,675.0,697.6,671.55,677.65,2132830,702854,47136
CONFIPET,17-JUN-2021,60.4,61.5,59.85,60.15,697453,450428,6579
CONSOFINVT,17-JUN-2021,93.05,93.85,91.8,93.25,32663,30147,162
CONTROLPR,17-JUN-2021,353.0,395.0,349.95,377.45,297023,95478,8641
CORALFINAC,17-JUN-2021,37.05,39.5,36.35,38.1,385844,277128,2841
CORDSCABLE,17-JUN-2021,54.9,54.9,52.85,53.1,54874,29889,911
COROMANDEL,17-JUN-2021,862.05,898.5,858.05,884.55,1298917,432282,55914
COSMOFILMS,17-JUN-2021,833.9,867.85,825.0,842.5,78712,40676,4948
CPSEETF,17-JUN-2021,26.62,26.62,26.01,26.22,1849500,1467445,7759
CRAFTSMAN,17-JUN-2021,1701.0,1737.15,1701.0,1722.2,30921,20127,2458
CREATIVE,17-JUN-2021,92.15,96.55,91.9,92.55,141791,77879,3019
CREATIVEYE,17-JUN-2021,3.15,3.15,3.15,3.15,30,30,3
CREDITACC,17-JUN-2021,752.0,772.45,739.8,759.25,307949,235883,9703
CREST,17-JUN-2021,101.05,104.05,100.75,101.5,21400,13208,477
CRISIL,17-JUN-2021,2430.85,2485.3,2419.85,2457.65,53718,11622,7931
CROMPTON,17-JUN-2021,420.15,429.15,419.2,422.25,760982,474329,32425
CSBBANK,17-JUN-2021,323.85,329.0,313.2,315.45,151805,50383,4021
CTE,17-JUN-2021,39.8,39.8,36.15,36.15,46738,36759,371
CUB,17-JUN-2021,166.5,167.0,163.55,165.75,2062415,955821,14203
CUMMINSIND,17-JUN-2021,848.9,848.9,831.5,839.4,1099474,449301,31357
CUPID,17-JUN-2021,220.4,222.3,217.0,218.45,66947,44036,2541
CYBERMEDIA,17-JUN-2021,10.45,10.6,10.05,10.45,10199,8028,80
CYBERTECH,17-JUN-2021,143.2,148.4,139.0,142.1,138474,64646,3915
CYIENT,17-JUN-2021,845.05,870.9,836.8,855.6,273902,151058,18497
DAAWAT,17-JUN-2021,75.0,78.7,74.6,75.5,3106434,1164039,19977
DABUR,17-JUN-2021,577.7,581.0,570.2,573.2,1512920,645286,59668
DALBHARAT,17-JUN-2021,1823.0,1849.95,1800.0,1805.1,100506,82556,8581
DALMIASUG,17-JUN-2021,409.0,416.4,391.85,396.45,235732,106433,9990
DAMODARIND,17-JUN-2021,37.1,37.45,35.25,36.25,51918,34480,599
DATAMATICS,17-JUN-2021,146.05,159.7,144.0,156.95,1012265,353834,20729
DBCORP,17-JUN-2021,112.5,119.4,111.75,113.2,4366517,609685,44820
DBL,17-JUN-2021,547.0,560.2,542.0,556.9,267419,119241,6870
DBREALTY,17-JUN-2021,24.5,25.1,24.1,24.55,427047,306651,1748
DCAL,17-JUN-2021,202.0,211.5,199.2,202.25,539327,323284,9601
DCBBANK,17-JUN-2021,111.0,114.45,109.45,110.7,4290045,1541943,30563
DCMFINSERV,17-JUN-2021,2.35,2.55,2.35,2.55,16386,15585,57
DCMNVL,17-JUN-2021,136.0,141.5,132.05,139.75,232240,186157,1299
DCMSHRIRAM,17-JUN-2021,733.6,754.0,713.25,735.9,151684,66429,7632
DCW,17-JUN-2021,36.25,38.1,36.1,36.75,1976725,911061,5597
DECCANCE,17-JUN-2021,555.05,567.85,547.0,549.4,94535,51921,5321
DEEPAKFERT,17-JUN-2021,450.0,464.0,438.1,453.25,1000115,358124,25206
DEEPAKNTR,17-JUN-2021,1764.95,1789.45,1749.05,1772.85,911870,402172,46966
DEEPENR,17-JUN-2021,44.5,45.4,43.25,43.4,92213,63327,1187
DEEPINDS,17-JUN-2021,80.7,84.9,80.55,80.85,156681,132563,1388
DELTACORP,17-JUN-2021,178.5,185.9,177.1,178.2,2085751,659653,21248
DEN,17-JUN-2021,59.0,61.95,59.0,59.65,2995559,1492802,13355
DENORA,17-JUN-2021,340.1,350.8,332.05,333.4,33237,15649,1932
DFMFOODS,17-JUN-2021,401.25,406.0,392.3,396.6,260294,112798,8632
DHAMPURSUG,17-JUN-2021,330.0,341.0,323.55,328.2,533124,246759,10694
DHANBANK,17-JUN-2021,14.75,15.7,14.7,15.1,2384301,1113316,3158
DHANI,17-JUN-2021,195.7,203.0,194.2,195.3,593698,383053,11245
DHANUKA,17-JUN-2021,975.0,985.95,961.55,969.95,191796,59429,12994
DHARSUGAR,17-JUN-2021,18.6,19.1,18.2,19.1,132511,95979,496
DHUNINV,17-JUN-2021,613.0,678.8,586.2,612.55,238289,57074,12924
DIAMONDYD,17-JUN-2021,660.0,685.0,660.0,664.4,42378,16694,3367
DICIND,17-JUN-2021,482.1,487.0,465.0,468.3,26557,15705,1926
DISHTV,17-JUN-2021,15.1,15.6,14.8,15.0,9831905,6164695,15980
DIVISLAB,17-JUN-2021,4300.7,4324.45,4271.0,4302.35,205565,56498,26526
DIXON,17-JUN-2021,4155.0,4335.0,4125.0,4299.15,345021,175506,37254
DLF,17-JUN-2021,302.95,306.3,294.75,296.9,6906253,1286663,56911
DLINKINDIA,17-JUN-2021,128.0,135.65,127.5,130.25,2130747,719432,24802
DMART,17-JUN-2021,3283.95,3306.6,3260.0,3285.55,290181,104830,36914
DNAMEDIA,17-JUN-2021,3.45,3.45,3.45,3.45,16911,16911,24
DOLAT,17-JUN-2021,75.65,77.0,72.9,73.65,371811,143003,5576
DOLLAR,17-JUN-2021,310.35,329.0,310.35,325.05,264275,105871,6243
DONEAR,17-JUN-2021,41.65,44.35,41.65,42.55,296077,133263,2885
DPABHUSHAN,17-JUN-2021,167.3,169.5,163.0,167.45,17338,7902,335
DPSCLTD,17-JUN-2021,16.1,16.3,15.55,15.9,81524,52402,635
DPWIRES,17-JUN-2021,163.95,169.0,161.65,166.85,27219,10713,1016
DREDGECORP,17-JUN-2021,415.3,425.8,404.2,406.8,267524,85897,9168
DRREDDY,17-JUN-2021,5406.1,5414.0,5248.55,5286.5,707232,307045,41556
DSSL,17-JUN-2021,152.0,159.6,152.0,155.8,31529,19566,746
DTIL,17-JUN-2021,524.4,559.2,520.05,559.2,540415,154583,17692
DVL,17-JUN-2021,209.0,247.4,208.05,235.85,917286,315612,22038
DWARKESH,17-JUN-2021,68.1,71.8,67.75,69.55,4192891,1356021,16510
DYNAMATECH,17-JUN-2021,1432.65,1455.0,1410.0,1427.7,8353,4864,967
DYNPRO,17-JUN-2021,481.9,493.95,475.0,478.7,30368,16668,2335
EASEMYTRIP,17-JUN-2021,416.0,427.9,382.35,389.65,2285448,938186,44632
EBANK,17-JUN-2021,3886.0,3918.0,3762.0,3918.0,17,15,7
EBBETF0423,17-JUN-2021,1139.5,1139.99,1138.0,1139.98,10198,9767,2140
EBBETF0425,17-JUN-2021,1048.55,1051.0,1048.5,1050.94,2274,2273,40
EBBETF0430,17-JUN-2021,1163.76,1164.99,1160.0,1162.72,7429,6665,80
EBBETF0431,17-JUN-2021,1045.98,1046.23,1042.0,1042.89,11800,10489,272
EBIXFOREX,17-JUN-2021,634.0,634.7,605.5,609.05,2743,1904,320
ECLERX,17-JUN-2021,1698.0,1744.9,1623.95,1683.5,77261,38399,7314
EDELWEISS,17-JUN-2021,71.05,74.5,70.7,71.85,3251568,1342599,21189
EICHERMOT,17-JUN-2021,2720.0,2772.9,2664.7,2673.75,701970,315306,38035
EIDPARRY,17-JUN-2021,425.0,432.0,402.0,428.5,380445,151533,9697
EIHAHOTELS,17-JUN-2021,350.05,356.0,346.95,347.7,8553,4153,485
EIHOTEL,17-JUN-2021,114.9,116.9,113.1,113.6,322293,160044,4935
EIMCOELECO,17-JUN-2021,382.05,386.7,380.0,381.6,3852,1161,507
ELECON,17-JUN-2021,134.95,142.5,128.05,130.35,3442199,1249299,30884
ELECTCAST,17-JUN-2021,36.4,38.6,36.4,36.85,850357,497098,3233
ELECTHERM,17-JUN-2021,151.4,167.0,143.5,158.3,217004,96741,5801
ELGIEQUIP,17-JUN-2021,209.0,214.35,206.7,210.45,62597,33848,2268
ELGIRUBCO,17-JUN-2021,38.55,40.3,37.65,37.9,197863,116188,1525
EMAMILTD,17-JUN-2021,543.85,555.45,543.3,545.9,798986,513301,32528
EMAMIPAP,17-JUN-2021,154.05,156.7,150.5,151.0,28866,11335,1376
EMAMIREAL,17-JUN-2021,56.6,57.95,56.05,56.65,34457,20282,501
EMKAY,17-JUN-2021,79.8,79.8,72.0,76.05,66147,33469,1536
EMMBI,17-JUN-2021,100.25,105.5,100.25,102.35,101760,45583,3574
ENDURANCE,17-JUN-2021,1570.8,1604.7,1545.0,1574.35,129657,74265,9283
ENERGYDEV,17-JUN-2021,13.7,13.95,12.8,12.8,277193,182722,745
ENGINERSIN,17-JUN-2021,82.7,84.4,82.25,82.5,3765853,2233044,16275
ENIL,17-JUN-2021,184.8,192.0,182.1,184.45,363807,193747,6644
EPL,17-JUN-2021,259.3,267.0,258.4,265.2,478335,289402,13479
EQ30,17-JUN-2021,388.05,397.8,386.0,386.03,2229,2002,218
EQUITAS,17-JUN-2021,94.3,96.05,93.5,94.0,1102138,595837,11112
EQUITASBNK,17-JUN-2021,60.0,60.75,58.6,59.0,835056,520725,9615
ERIS,17-JUN-2021,703.4,712.95,700.25,706.4,59821,34074,6084
EROSMEDIA,17-JUN-2021,30.25,31.5,29.75,30.1,286461,194153,1701
ESABINDIA,17-JUN-2021,1875.65,1891.0,1815.0,1829.75,8951,4552,1544
ESCORTS,17-JUN-2021,1186.0,1186.0,1160.0,1165.45,1366129,611818,54740
ESTER,17-JUN-2021,135.0,139.05,135.0,136.1,138796,65771,3522
EVEREADY,17-JUN-2021,325.45,330.0,303.0,313.7,812762,492920,14219
EVERESTIND,17-JUN-2021,369.2,376.2,364.25,366.25,103068,69704,3534
EXCELINDUS,17-JUN-2021,1124.55,1124.55,1076.95,1092.9,19235,10973,2539
EXIDEIND,17-JUN-2021,189.5,190.95,187.0,187.75,1679671,697774,21062
EXPLEOSOL,17-JUN-2021,644.05,672.45,642.5,649.2,29976,12028,5646
FACT,17-JUN-2021,144.2,150.9,140.1,144.05,5283737,828176,54576
FAIRCHEMOR,17-JUN-2021,1371.05,1536.4,1371.05,1536.4,57924,33841,4634
FCL,17-JUN-2021,88.0,93.0,87.3,89.6,417047,188445,5223
FCONSUMER,17-JUN-2021,9.9,9.95,9.35,9.5,25089542,12612350,22253
FDC,17-JUN-2021,357.15,360.0,349.5,353.4,635402,183927,12611
FEDERALBNK,17-JUN-2021,84.5,86.45,84.25,85.35,21189940,5115839,57673
FEL,17-JUN-2021,12.1,12.1,12.1,12.1,237874,237874,936
FELDVR,17-JUN-2021,14.65,15.0,14.65,14.65,68619,54808,171
FIEMIND,17-JUN-2021,668.55,683.35,660.0,664.65,28977,11134,2849
FILATEX,17-JUN-2021,101.75,105.0,99.95,103.1,730682,318556,8208
FINCABLES,17-JUN-2021,481.65,490.0,480.35,485.6,221577,94030,7813
FINEORG,17-JUN-2021,2870.0,2880.0,2800.0,2859.6,47442,23399,8949
FINPIPE,17-JUN-2021,167.9,172.0,166.8,169.2,474593,236901,8797
FLFL,17-JUN-2021,77.05,77.05,77.05,77.05,46797,46797,577
FLUOROCHEM,17-JUN-2021,1148.8,1188.85,1138.2,1151.25,113495,66376,5183
FMGOETZE,17-JUN-2021,331.0,344.95,331.0,333.3,237046,98201,6096
FMNL,17-JUN-2021,17.65,17.65,17.35,17.35,49848,47514,207
FORCEMOT,17-JUN-2021,1232.0,1233.8,1195.0,1202.0,22422,11906,3659
FORTIS,17-JUN-2021,236.6,242.0,232.15,233.95,2650207,1071577,32053
FOSECOIND,17-JUN-2021,1398.45,1417.0,1395.4,1401.65,806,465,219
FRETAIL,17-JUN-2021,65.6,65.6,65.6,65.6,529448,528944,4243
FSL,17-JUN-2021,164.0,167.4,162.25,164.4,2172853,826069,21687
GABRIEL,17-JUN-2021,121.2,125.55,120.05,121.2,801817,255325,14147
GAEL,17-JUN-2021,166.5,170.1,164.7,167.7,349669,195894,5782
GAIL,17-JUN-2021,161.5,163.65,158.7,160.5,10113320,2281561,58361
GALAXYSURF,17-JUN-2021,3030.0,3100.0,2980.0,3023.1,33388,12028,6789
GALLANTT,17-JUN-2021,65.8,69.1,64.05,65.75,101180,51210,1718
GALLISPAT,17-JUN-2021,51.8,53.0,50.3,52.35,54196,33646,1287
GAMMNINFRA,17-JUN-2021,2.4,2.4,2.4,2.4,470002,470002,206
GANDHITUBE,17-JUN-2021,384.0,411.55,380.05,392.6,150279,58450,8339
GANECOS,17-JUN-2021,532.0,549.6,532.0,538.25,25932,14576,1148
GANGESSECU,17-JUN-2021,72.95,72.95,69.65,70.65,6105,1072,103
GARFIBRES,17-JUN-2021,3047.7,3079.9,2998.0,3063.0,10338,5279,2637
GATI,17-JUN-2021,144.7,157.9,144.6,149.0,4174926,1121074,32732
GAYAPROJ,17-JUN-2021,32.9,34.25,32.5,33.2,1489069,710316,4195
GEECEE,17-JUN-2021,141.15,146.25,139.35,142.65,19821,13143,450
GEEKAYWIRE,17-JUN-2021,89.4,92.65,87.95,89.85,13833,11043,225
GENCON,17-JUN-2021,45.9,46.25,45.1,45.25,22100,13146,158
GENESYS,17-JUN-2021,110.45,112.8,106.5,107.35,18523,12406,442
GENUSPAPER,17-JUN-2021,10.2,10.35,9.9,10.1,565796,361931,701
GENUSPOWER,17-JUN-2021,55.45,56.45,54.1,54.45,341658,232863,2627
GEOJITFSL,17-JUN-2021,76.5,77.9,74.5,76.3,756774,206448,7714
GEPIL,17-JUN-2021,329.8,348.0,328.55,342.55,1230648,357981,34252
GESHIP,17-JUN-2021,410.0,416.2,401.05,404.6,426598,245131,20423
GET&D,17-JUN-2021,144.55,153.8,143.15,146.55,1762236,487786,28127
GFLLIMITED,17-JUN-2021,73.05,74.55,72.75,73.05,60206,44985,1233
GHCL,17-JUN-2021,283.0,296.55,281.5,286.25,346484,133924,9578
GICHSGFIN,17-JUN-2021,138.5,143.2,137.5,139.7,311121,137831,4156
GICRE,17-JUN-2021,202.0,208.9,201.1,203.45,4038045,882805,50806
GILLANDERS,17-JUN-2021,46.15,49.5,45.2,48.0,35138,21891,364
GILLETTE,17-JUN-2021,5745.0,5769.95,5641.9,5656.2,6512,4730,1719
GINNIFILA,17-JUN-2021,29.0,30.8,28.75,29.95,175982,99331,1047
GIPCL,17-JUN-2021,85.1,86.7,84.35,84.85,501345,200412,4122
GKWLIMITED,17-JUN-2021,586.05,611.95,569.3,589.05,2381,727,384
GLAND,17-JUN-2021,3149.95,3238.35,3075.0,3099.05,551490,291646,35168
GLAXO,17-JUN-2021,1530.0,1563.8,1530.0,1542.85,41986,21587,7545
GLENMARK,17-JUN-2021,639.9,653.5,630.0,639.5,2709838,1015015,39388
GLFL,17-JUN-2021,2.45,2.5,2.35,2.5,8181,7881,23
GLOBAL,17-JUN-2021,52.9,54.05,50.55,51.65,29759,16749,251
GLOBALVECT,17-JUN-2021,54.6,54.6,51.9,53.7,11994,5704,268
GLOBUSSPR,17-JUN-2021,444.8,530.6,437.3,530.6,5544580,1911763,101111
GMBREW,17-JUN-2021,571.05,614.95,565.25,594.1,447624,105283,21618
GMDCLTD,17-JUN-2021,77.8,78.75,75.25,75.85,2021729,635742,10970
GMMPFAUDLR,17-JUN-2021,4650.0,4678.55,4591.0,4615.0,28020,9985,6149
GMRINFRA,17-JUN-2021,29.4,30.05,28.5,28.75,41110436,8046434,33314
GNA,17-JUN-2021,437.9,447.95,435.65,438.3,37967,17555,2501
GNFC,17-JUN-2021,367.0,375.65,362.6,364.55,584415,311393,9719
GOCLCORP,17-JUN-2021,265.2,273.55,256.6,258.9,43519,23226,2110
GODFRYPHLP,17-JUN-2021,936.0,936.0,921.1,923.35,32478,17859,2976
GODREJAGRO,17-JUN-2021,555.0,564.5,552.2,557.65,184121,100002,8465
GODREJCP,17-JUN-2021,910.0,917.0,900.85,908.0,953217,491214,45326
GODREJIND,17-JUN-2021,536.5,540.5,531.0,533.75,68273,30448,4051
GODREJPROP,17-JUN-2021,1399.9,1427.0,1381.0,1392.05,497764,137102,26458
GOKEX,17-JUN-2021,138.8,144.4,135.8,137.55,377052,200435,5609
GOKUL,17-JUN-2021,31.4,32.25,30.5,31.55,141790,68420,1036
GOKULAGRO,17-JUN-2021,42.0,42.5,41.25,41.55,222113,151116,1983
GOLDBEES,17-JUN-2021,44.89,44.89,41.26,41.35,7758865,6432157,20801
GOLDENTOBC,17-JUN-2021,49.65,49.65,47.4,48.3,18147,11970,230
GOLDIAM,17-JUN-2021,425.25,463.15,425.25,442.3,280070,144830,12731
GOLDSHARE,17-JUN-2021,41.95,42.0,41.6,41.7,184784,166364,905
GOLDTECH,17-JUN-2021,14.15,14.45,13.3,13.8,48858,29485,399
GOODLUCK,17-JUN-2021,108.25,113.0,106.55,110.25,351680,165722,5282
GOODYEAR,17-JUN-2021,987.0,987.0,977.0,978.4,59035,42344,4605
GPIL,17-JUN-2021,1435.0,1485.0,1375.05,1395.45,179689,90975,12536
GPPL,17-JUN-2021,114.9,115.7,110.1,111.5,2686512,1221929,23522
GPTINFRA,17-JUN-2021,68.4,71.45,65.7,68.0,260115,102728,3938
GRANULES,17-JUN-2021,321.0,321.65,316.0,317.2,2611803,1211878,43072
GRAPHITE,17-JUN-2021,717.4,718.0,651.45,668.45,1326052,730760,51843
GRASIM,17-JUN-2021,1465.0,1490.65,1450.55,1458.2,795435,182474,37360
GRAVITA,17-JUN-2021,123.35,128.8,120.4,123.25,659723,298623,11608
GREAVESCOT,17-JUN-2021,150.6,169.35,147.8,163.8,18708360,4548843,140590
GREENLAM,17-JUN-2021,1158.15,1188.8,1155.1,1157.7,1631,995,426
GREENPLY,17-JUN-2021,210.1,215.0,208.0,213.1,543882,203279,10756
GREENPOWER,17-JUN-2021,2.95,3.0,2.9,2.95,3018112,2222323,3145
GRINDWELL,17-JUN-2021,1151.05,1179.0,1142.6,1159.75,95155,70220,7968
GROBTEA,17-JUN-2021,930.95,962.0,930.95,953.5,1520,734,399
GRPLTD,17-JUN-2021,1026.05,1036.5,1008.0,1021.3,1608,1346,121
GRSE,17-JUN-2021,201.7,203.9,197.1,197.7,316376,171762,5069
GSCLCEMENT,17-JUN-2021,48.65,51.95,48.0,49.5,2870909,1220531,16197
GSFC,17-JUN-2021,120.9,122.5,117.35,118.8,4216400,1515358,27142
GSPL,17-JUN-2021,307.0,326.0,307.0,320.9,2803071,879852,45634
GSS,17-JUN-2021,66.5,68.4,65.45,66.2,62722,41049,906
GTL,17-JUN-2021,17.05,17.05,17.05,17.05,77772,77700,165
GTLINFRA,17-JUN-2021,1.45,1.45,1.45,1.45,5749492,5749492,1067
GTNTEX,17-JUN-2021,7.65,8.0,7.65,8.0,6689,6689,27
GTPL,17-JUN-2021,168.0,174.75,165.05,167.0,118183,46465,3527
GUFICBIO,17-JUN-2021,179.6,183.0,176.55,179.0,160133,96017,3985
GUJALKALI,17-JUN-2021,412.0,417.55,406.2,408.9,320367,122364,8348
GUJAPOLLO,17-JUN-2021,233.0,235.0,229.15,230.25,4273,2654,213
GUJGASLTD,17-JUN-2021,635.95,675.0,626.0,659.65,6908110,695836,125970
GULFOILLUB,17-JUN-2021,691.9,704.9,690.0,694.3,65234,37941,6898
GULFPETRO,17-JUN-2021,64.0,66.5,63.85,64.65,84339,52593,1381
GULPOLY,17-JUN-2021,192.9,199.15,189.1,193.35,258102,166407,4641
HAL,17-JUN-2021,1028.5,1054.7,1025.05,1027.35,175746,52290,9221
HAPPSTMNDS,17-JUN-2021,910.0,928.0,905.6,913.85,1333162,275591,45760
HARRMALAYA,17-JUN-2021,208.5,216.8,207.7,210.5,206507,52045,8536
HATHWAY,17-JUN-2021,27.0,27.55,26.5,26.85,12208634,4905458,18117
HATSUN,17-JUN-2021,920.0,940.85,903.1,907.7,53051,20156,5287
HAVELLS,17-JUN-2021,1000.0,1008.8,991.0,997.75,1334851,683676,39072
HBANKETF,17-JUN-2021,347.02,348.53,343.0,345.74,1492,1352,123
HBLPOWER,17-JUN-2021,47.55,48.05,46.05,46.25,1193047,645310,7264
HBSL,17-JUN-2021,22.75,23.15,20.05,23.15,69263,44312,488
HCC,17-JUN-2021,12.2,12.45,11.95,12.45,6808750,5325088,4543
HCG,17-JUN-2021,206.0,216.0,200.0,202.15,197931,108000,7859
HCL-INSYS,17-JUN-2021,17.3,18.1,16.8,18.1,1600386,1215383,3731
HCLTECH,17-JUN-2021,980.0,988.95,978.55,986.4,3609989,2065523,121395
HDFC,17-JUN-2021,2482.2,2506.95,2482.2,2487.3,2657850,1782250,133470
HDFCAMC,17-JUN-2021,3025.0,3029.95,2984.0,3012.3,181349,76197,21612
HDFCBANK,17-JUN-2021,1466.0,1478.75,1460.0,1466.1,4641901,2602883,162372
HDFCLIFE,17-JUN-2021,685.95,703.85,682.3,700.3,3796926,2118972,103361
HDFCMFGETF,17-JUN-2021,42.95,42.95,42.27,42.36,998270,700966,2234
HDFCNIFETF,17-JUN-2021,166.17,167.69,166.17,167.04,12124,11310,331
HDFCSENETF,17-JUN-2021,565.99,565.99,556.95,560.07,1860,1524,173
HEG,17-JUN-2021,2245.0,2253.95,2142.2,2164.55,233758,109835,21531
HEIDELBERG,17-JUN-2021,248.8,254.45,247.9,251.0,288502,125623,12089
HEMIPROP,17-JUN-2021,143.5,149.5,140.85,141.85,918455,560894,8907
HERANBA,17-JUN-2021,748.0,758.8,730.0,731.8,233230,116313,8400
HERCULES,17-JUN-2021,144.0,148.3,141.25,145.65,167103,87913,3965
HERITGFOOD,17-JUN-2021,414.0,421.75,410.0,410.75,126271,71153,4209
HEROMOTOCO,17-JUN-2021,2947.0,2958.95,2902.0,2914.1,782315,409223,56114
HESTERBIO,17-JUN-2021,2620.0,2639.9,2559.0,2567.65,15032,5077,3300
HEXATRADEX,17-JUN-2021,114.4,114.4,111.3,112.2,14566,12201,187
HFCL,17-JUN-2021,52.25,54.75,52.2,53.2,57018015,11342322,97724
HGINFRA,17-JUN-2021,395.0,413.0,395.0,400.45,246177,80667,11903
HIKAL,17-JUN-2021,459.8,479.75,450.0,465.15,560830,120616,17929
HIL,17-JUN-2021,4574.85,4659.6,4500.05,4521.0,9697,6223,1913
HIMATSEIDE,17-JUN-2021,168.0,189.25,168.0,183.0,2568544,998858,39465
HINDALCO,17-JUN-2021,376.0,380.3,365.05,369.25,14321673,5546184,171883
HINDCOMPOS,17-JUN-2021,336.95,340.85,328.0,330.15,7402,4012,858
HINDCOPPER,17-JUN-2021,155.0,156.9,151.5,152.65,5423871,2292172,42143
HINDMOTORS,17-JUN-2021,8.75,8.75,8.35,8.6,169185,102277,630
HINDNATGLS,17-JUN-2021,45.9,48.3,44.25,48.3,166208,133194,942
HINDOILEXP,17-JUN-2021,115.2,119.0,113.0,114.75,1252685,472706,13311
HINDPETRO,17-JUN-2021,303.95,312.0,303.0,309.0,8651884,2888092,98713
HINDUNILVR,17-JUN-2021,2398.0,2425.9,2386.4,2417.7,1555777,901184,89036
HINDZINC,17-JUN-2021,332.0,335.6,324.9,334.15,2234016,788058,38027
HIRECT,17-JUN-2021,163.0,164.5,157.1,159.35,26242,14180,1195
HISARMETAL,17-JUN-2021,132.5,139.9,131.6,133.55,398766,212595,8633
HITECH,17-JUN-2021,405.3,417.95,405.3,414.9,27488,13466,667
HITECHCORP,17-JUN-2021,243.8,246.4,230.0,237.1,97510,46285,2972
HITECHGEAR,17-JUN-2021,245.0,258.9,243.05,254.3,59282,29156,3541
HLEGLAS,17-JUN-2021,3540.0,3699.0,3540.0,3640.7,6323,3922,1920
HLVLTD,17-JUN-2021,9.8,10.0,9.65,9.75,486402,288362,1118
HMVL,17-JUN-2021,98.9,101.55,93.6,95.1,168213,119949,2908
HNGSNGBEES,17-JUN-2021,358.0,358.0,351.0,352.96,1114,667,183
HOMEFIRST,17-JUN-2021,550.0,550.0,541.2,546.2,80412,50316,3232
HONAUT,17-JUN-2021,40484.9,41500.05,40344.55,40959.65,10999,7891,3639
HONDAPOWER,17-JUN-2021,1063.95,1200.0,1055.0,1181.55,114772,45961,10620
HOVS,17-JUN-2021,53.1,54.3,52.55,53.25,14709,11233,129
HPL,17-JUN-2021,58.0,58.95,57.6,57.85,140759,93525,1086
HSCL,17-JUN-2021,53.95,62.15,53.7,57.8,114514365,18216633,268620
HSIL,17-JUN-2021,224.4,229.75,220.0,221.0,165141,100559,6038
HTMEDIA,17-JUN-2021,27.9,29.2,27.1,27.4,889007,521415,3706
HUDCO,17-JUN-2021,51.25,52.6,50.65,51.45,3099424,1002016,9563
HUHTAMAKI,17-JUN-2021,295.0,297.25,291.4,292.25,69459,35303,2838
IBMFNIFTY,17-JUN-2021,161.89,162.39,153.95,156.28,6499,1834,411
IBREALEST,17-JUN-2021,107.0,114.2,106.05,108.15,18380147,5476749,69453
IBULHSGFIN,17-JUN-2021,294.0,301.5,281.2,283.7,31084828,4150519,213545
ICEMAKE,17-JUN-2021,86.2,92.0,81.1,85.95,55942,38599,728
ICICI500,17-JUN-2021,224.99,224.99,220.5,221.78,3692,2967,183
ICICIALPLV,17-JUN-2021,163.98,163.98,157.0,157.38,4003,2758,160
ICICIB22,17-JUN-2021,40.0,40.29,39.5,39.56,210617,171276,2339
ICICIBANK,17-JUN-2021,633.05,637.55,626.7,633.0,9720060,4617122,151522
ICICIBANKN,17-JUN-2021,357.0,357.0,342.0,343.97,10697,5562,235
ICICIBANKP,17-JUN-2021,181.0,181.9,178.68,179.44,6076,3992,139
ICICIGI,17-JUN-2021,1516.2,1530.0,1490.0,1508.1,567744,278913,61762
ICICIGOLD,17-JUN-2021,42.5,42.99,42.21,42.31,341112,271358,3826
ICICILIQ,17-JUN-2021,1000.0,1002.01,999.5,999.99,38656,35641,52
ICICILOVOL,17-JUN-2021,131.7,131.7,128.13,130.16,141522,137494,973
ICICIM150,17-JUN-2021,104.3,104.89,102.4,102.99,6303,4838,265
ICICIMCAP,17-JUN-2021,94.97,94.97,92.35,92.71,3186,1712,318
ICICINF100,17-JUN-2021,179.7,179.7,158.4,172.17,2786,2140,323
ICICINIFTY,17-JUN-2021,193.9,193.9,166.1,167.69,112617,92805,3109
ICICINV20,17-JUN-2021,91.7,91.7,78.7,83.84,34337,27176,1512
ICICINXT50,17-JUN-2021,39.98,39.98,39.31,39.37,20650,16735,591
ICICIPHARM,17-JUN-2021,87.48,87.48,85.39,85.79,70480,65674,184
ICICIPRULI,17-JUN-2021,571.0,593.0,569.8,589.95,1804775,683884,34101
ICICISENSX,17-JUN-2021,561.14,571.0,561.14,563.93,1593,1118,93
ICICITECH,17-JUN-2021,287.0,290.94,286.0,288.55,68562,65156,129
ICIL,17-JUN-2021,172.9,175.6,165.0,168.75,775513,318780,9287
ICRA,17-JUN-2021,3420.0,3468.0,3320.0,3347.35,15797,11510,2369
IDBI,17-JUN-2021,38.5,39.1,38.2,38.35,9024775,2745816,18902
IDBIGOLD,17-JUN-2021,4428.2,4464.0,4375.0,4378.6,172,142,88
IDEA,17-JUN-2021,9.45,9.8,9.4,9.45,175515506,42953896,149764
IDFC,17-JUN-2021,55.95,56.25,54.45,54.75,2915432,1935540,16423
IDFCFIRSTB,17-JUN-2021,58.0,59.45,57.5,57.8,31056039,9255845,71642
IDFNIFTYET,17-JUN-2021,164.04,168.0,163.63,164.46,224,199,26
IEX,17-JUN-2021,370.0,377.0,368.05,373.1,1693266,856084,29897
IFBAGRO,17-JUN-2021,539.8,553.3,525.25,543.25,90087,44707,5278
IFBIND,17-JUN-2021,1090.0,1090.0,1050.0,1055.1,76127,35802,6774
IFCI,17-JUN-2021,13.05,13.9,12.9,13.35,7232083,2757642,25894
IFGLEXPOR,17-JUN-2021,371.7,383.0,359.55,364.3,83414,45906,4527
IGARASHI,17-JUN-2021,476.95,480.0,458.0,466.55,80423,37938,3821
IGL,17-JUN-2021,531.9,541.6,528.0,535.95,2144196,909618,39397
IGPL,17-JUN-2021,622.0,628.9,610.0,612.9,100865,51381,5114
IIFLSEC,17-JUN-2021,72.85,73.65,71.1,71.65,448905,260502,4958
IIFLWAM,17-JUN-2021,1139.85,1142.95,1126.55,1131.9,414086,403764,6207
IITL,17-JUN-2021,73.8,74.15,72.25,72.35,2112,528,111
IMFA,17-JUN-2021,510.0,531.95,504.95,511.35,97971,54336,6067
IMPAL,17-JUN-2021,718.0,718.0,705.0,711.85,1619,1100,193
INCREDIBLE,17-JUN-2021,27.5,27.5,26.4,26.85,32515,20454,364
INDBANK,17-JUN-2021,19.85,21.0,19.8,20.05,329295,183895,1606
INDHOTEL,17-JUN-2021,133.3,135.5,129.2,129.8,3020804,1396233,24129
INDIACEM,17-JUN-2021,189.0,193.8,186.65,187.9,3567315,1177179,29542
INDIAGLYCO,17-JUN-2021,538.95,546.35,527.8,528.7,121319,62805,6608
INDIAMART,17-JUN-2021,7289.0,7325.0,7180.0,7211.95,94001,55252,18204
INDIANB,17-JUN-2021,140.1,143.7,138.15,140.2,2427253,727245,15881
INDIANCARD,17-JUN-2021,168.6,168.6,164.3,165.45,2577,2094,138
INDIANHUME,17-JUN-2021,222.0,236.05,221.55,226.25,234392,96436,7286
INDIGO,17-JUN-2021,1701.1,1738.3,1695.7,1707.5,835755,315232,38220
INDIGOPNTS,17-JUN-2021,2645.0,2698.6,2575.0,2592.55,59767,17278,9243
INDLMETER,17-JUN-2021,14.0,14.45,13.7,13.95,9310,8544,80
INDNIPPON,17-JUN-2021,375.0,375.0,366.0,368.85,96723,52376,2838
INDOCO,17-JUN-2021,403.5,412.0,401.2,403.15,164418,65238,7399
INDOSTAR,17-JUN-2021,388.95,395.0,381.05,384.2,65170,34869,3133
INDOTECH,17-JUN-2021,148.5,155.5,148.1,148.75,22793,11628,451
INDOWIND,17-JUN-2021,7.1,7.2,7.1,7.2,158025,145215,194
INDRAMEDCO,17-JUN-2021,88.15,92.45,87.75,89.5,833291,264044,8740
INDSWFTLAB,17-JUN-2021,110.05,118.6,110.05,112.85,402431,164021,6429
INDTERRAIN,17-JUN-2021,34.5,35.9,34.5,34.7,108789,78777,719
INDUSINDBK,17-JUN-2021,1002.0,1021.8,968.0,984.05,6126591,2441434,142713
INDUSTOWER,17-JUN-2021,251.7,255.9,246.25,247.4,2092488,744385,26698
INEOSSTYRO,17-JUN-2021,1455.0,1463.75,1404.0,1414.45,52672,29023,6637
INFIBEAM,17-JUN-2021,50.55,52.0,50.1,51.1,10207548,6240326,17186
INFOBEAN,17-JUN-2021,320.0,324.0,306.0,312.9,45327,24391,2635
INFRABEES,17-JUN-2021,467.8,467.8,451.83,456.04,3532,2653,226
INFY,17-JUN-2021,1475.1,1502.65,1475.1,1495.3,7677951,5348161,229654
INGERRAND,17-JUN-2021,963.95,982.9,956.0,964.3,46991,13441,4624
INOXLEISUR,17-JUN-2021,315.0,316.85,310.5,313.75,312814,164509,10947
INOXWIND,17-JUN-2021,85.95,86.5,82.4,83.55,261485,184563,3097
INSECTICID,17-JUN-2021,733.0,808.85,733.0,746.95,373186,73973,21250
INSPIRISYS,17-JUN-2021,54.4,55.75,53.0,55.75,64955,59833,316
INTELLECT,17-JUN-2021,758.9,778.0,753.55,765.85,237227,141143,10884
INTENTECH,17-JUN-2021,76.8,76.8,70.3,72.45,154877,110866,1639
INVENTURE,17-JUN-2021,37.75,38.55,37.3,37.8,589608,290244,2898
IOB,17-JUN-2021,20.15,21.05,19.9,20.1,11768247,3612471,13752
IOC,17-JUN-2021,114.95,116.3,114.05,114.6,9555157,3120308,47168
IOLCP,17-JUN-2021,640.0,649.45,627.0,629.85,368719,148559,13562
IPCALAB,17-JUN-2021,2046.0,2065.05,2018.75,2028.65,211149,151672,19994
IRB,17-JUN-2021,149.05,149.75,141.55,143.3,8839233,3295522,43883
IRCON,17-JUN-2021,47.4,47.75,47.05,47.15,1264546,685971,6809
IRCTC,17-JUN-2021,2070.0,2088.95,2036.4,2050.4,754284,259399,44446
IRFC,17-JUN-2021,24.9,25.25,24.55,24.7,24326370,11003922,35085
IRISDOREME,17-JUN-2021,115.65,117.85,114.25,115.6,5769,3884,78
ISEC,17-JUN-2021,637.5,654.4,628.1,635.8,729349,262029,29304
ISFT,17-JUN-2021,100.0,102.85,97.1,98.65,27194,16802,676
ISGEC,17-JUN-2021,607.0,628.0,595.0,598.05,152211,64707,6933
ITC,17-JUN-2021,206.95,208.0,205.0,205.65,21476893,12738431,173639
ITDC,17-JUN-2021,382.0,464.5,382.0,436.6,5066221,393412,124111
ITDCEM,17-JUN-2021,84.9,87.0,84.5,84.8,464906,190330,5324
ITI,17-JUN-2021,126.4,137.65,126.4,127.7,3971440,921936,36900
IVP,17-JUN-2021,147.9,147.9,137.2,138.85,4463,3605,188
IVZINGOLD,17-JUN-2021,4338.95,4338.95,4282.0,4288.4,219,195,63
IVZINNIFTY,17-JUN-2021,1703.1,1712.6,1701.1,1712.6,4,2,3
IZMO,17-JUN-2021,92.05,95.0,87.7,88.4,360100,207673,3580
J&KBANK,17-JUN-2021,30.25,31.4,29.8,30.15,10232953,3001752,16083
JAGRAN,17-JUN-2021,61.85,63.8,61.45,62.5,1919508,773165,9368
JAGSNPHARM,17-JUN-2021,158.0,162.9,155.25,159.4,175490,76971,4049
JAIBALAJI,17-JUN-2021,47.5,50.45,47.5,49.95,323568,297066,587
JAICORPLTD,17-JUN-2021,159.35,165.0,150.0,153.0,15875460,2176930,101469
JAMNAAUTO,17-JUN-2021,85.0,86.55,84.7,85.85,956578,556044,10748
JASH,17-JUN-2021,404.0,412.0,386.6,395.05,27610,18746,1058
JAYAGROGN,17-JUN-2021,211.6,215.0,203.45,205.2,66519,27258,5435
JAYBARMARU,17-JUN-2021,223.05,228.75,223.0,223.75,26231,11400,1747
JAYSREETEA,17-JUN-2021,106.65,111.2,104.25,105.6,1141162,183249,17457
JBCHEPHARM,17-JUN-2021,1525.9,1532.95,1492.1,1526.95,184762,104765,25576
JBMA,17-JUN-2021,435.9,441.95,425.8,428.5,30745,16144,1916
JCHAC,17-JUN-2021,2299.9,2318.2,2251.0,2265.95,24918,10906,3732
JHS,17-JUN-2021,23.6,24.4,23.3,23.5,120679,75835,759
JINDALPOLY,17-JUN-2021,869.0,879.55,850.9,857.75,141229,74278,5580
JINDALSAW,17-JUN-2021,105.25,110.1,105.0,105.9,3306917,1020141,22462
JINDALSTEL,17-JUN-2021,401.5,411.7,392.35,395.5,10354231,3166055,101611
JINDRILL,17-JUN-2021,127.0,127.5,121.6,124.95,77626,50192,1078
JINDWORLD,17-JUN-2021,67.4,71.45,65.3,65.85,458132,167479,5898
JISLJALEQS,17-JUN-2021,24.25,26.95,24.25,25.8,7802551,3819243,11034
JKCEMENT,17-JUN-2021,2765.0,2840.0,2765.0,2808.55,106818,65329,10959
JKIL,17-JUN-2021,192.5,199.5,189.0,192.4,213726,97748,6267
JKLAKSHMI,17-JUN-2021,558.65,594.7,553.95,581.55,1649626,821561,56913
JKPAPER,17-JUN-2021,171.4,175.0,169.6,172.1,869349,270095,10311
JKTYRE,17-JUN-2021,148.0,154.15,147.2,152.95,6872316,1752902,52496
JMA,17-JUN-2021,47.8,48.8,46.65,47.05,16458,11006,168
JMCPROJECT,17-JUN-2021,115.5,117.95,109.75,112.15,234809,156723,4605
JMFINANCIL,17-JUN-2021,93.75,97.85,92.9,96.1,3672493,1445701,18506
JMTAUTOLTD,17-JUN-2021,3.25,3.3,3.1,3.1,2626464,1330538,1665
JOCIL,17-JUN-2021,189.95,195.05,188.15,189.4,18322,11119,822
JPPOWER,17-JUN-2021,5.6,5.6,5.6,5.6,20448693,20445692,3939
JSL,17-JUN-2021,100.25,104.65,96.0,98.3,3911370,1577181,21118
JSLHISAR,17-JUN-2021,189.9,193.65,179.55,185.15,1414386,557051,17614
JSWENERGY,17-JUN-2021,163.25,166.0,157.8,161.05,6163325,3395064,30784
JSWHL,17-JUN-2021,5150.0,5162.0,4900.0,4914.0,1899,1149,641
JSWSTEEL,17-JUN-2021,702.1,711.0,693.45,696.35,5639158,781657,84261
JTEKTINDIA,17-JUN-2021,109.0,110.5,107.0,108.85,407459,164143,5360
JUBLFOOD,17-JUN-2021,3220.0,3289.5,3193.25,3253.6,1095758,303762,58937
JUBLINDS,17-JUN-2021,321.85,329.0,320.6,322.65,35762,20589,1262
JUBLINGREA,17-JUN-2021,543.3,572.0,541.0,564.35,439426,212325,14806
JUBLPHARMA,17-JUN-2021,762.9,762.9,750.35,757.35,157833,84443,6106
JUMPNET,17-JUN-2021,11.7,12.1,11.0,12.1,5010917,2812952,6904
JUNIORBEES,17-JUN-2021,370.8,410.0,370.8,402.85,73734,46712,5761
JUSTDIAL,17-JUN-2021,1041.0,1109.0,1024.0,1038.7,9367884,1019824,265272
JYOTHYLAB,17-JUN-2021,158.0,159.25,154.4,156.45,404833,173975,9216
KABRAEXTRU,17-JUN-2021,184.85,187.65,180.3,182.5,176245,83761,9160
KAJARIACER,17-JUN-2021,994.0,1011.0,965.05,974.5,342149,280670,9228
KAKATCEM,17-JUN-2021,275.0,276.7,260.0,264.9,66815,36524,3288
KALPATPOWR,17-JUN-2021,432.5,439.25,422.55,426.5,234165,106645,9729
KALYANKJIL,17-JUN-2021,82.75,84.8,81.5,81.9,3029064,1008752,19920
KAMDHENU,17-JUN-2021,160.65,168.9,158.45,165.85,216799,103547,4470
KANORICHEM,17-JUN-2021,159.0,159.0,149.2,152.2,76729,46873,683
KANPRPLA,17-JUN-2021,227.0,227.0,220.0,221.45,21653,11863,709
KANSAINER,17-JUN-2021,575.9,581.65,565.2,567.65,112167,61776,6889
KARURVYSYA,17-JUN-2021,51.9,52.6,51.1,51.35,1763634,1046359,11228
KAYA,17-JUN-2021,333.0,342.5,325.5,328.25,29718,16318,2116
KCP,17-JUN-2021,117.0,124.5,115.85,119.1,1430102,447875,15394
KCPSUGIND,17-JUN-2021,24.4,25.25,23.75,24.35,420910,195642,1861
KEC,17-JUN-2021,410.0,421.25,404.1,416.95,1772392,703704,45631
KEERTI,17-JUN-2021,21.7,21.75,21.55,21.6,7847,6083,52
KEI,17-JUN-2021,680.1,717.0,679.95,700.75,561732,163781,28282
KELLTONTEC,17-JUN-2021,78.0,78.45,74.0,74.1,2830077,1334525,15216
KENNAMET,17-JUN-2021,1188.0,1191.0,1158.95,1171.25,11385,5400,3291
KESORAMIND,17-JUN-2021,85.5,87.7,84.3,85.8,1462079,621228,8773
KEYFINSERV,17-JUN-2021,76.5,80.3,76.5,80.3,6966,5883,146
KHADIM,17-JUN-2021,189.0,197.5,188.9,194.05,212072,96637,5326
KHAICHEM,17-JUN-2021,50.0,54.0,48.1,51.6,820002,478512,4884
KHANDSE,17-JUN-2021,17.0,17.0,16.75,16.9,3763,3707,13
KICL,17-JUN-2021,2062.7,2108.0,2044.7,2048.75,1819,1225,465
KINGFA,17-JUN-2021,1100.0,1122.0,1032.85,1061.3,21404,10067,2338
KIOCL,17-JUN-2021,271.55,297.3,271.55,285.35,307960,80661,13606
KIRIINDUS,17-JUN-2021,570.0,578.8,555.7,558.45,190641,87087,6590
KIRLFER,17-JUN-2021,234.9,239.5,230.6,236.45,251312,162981,10021
KIRLOSENG,17-JUN-2021,239.5,247.75,238.8,242.25,167068,70740,6838
KIRLOSIND,17-JUN-2021,1666.0,1726.4,1649.6,1726.4,5811,3966,679
KITEX,17-JUN-2021,121.5,125.55,120.8,121.7,265842,125189,4703
KKCL,17-JUN-2021,877.0,895.45,872.9,891.5,1113,753,184
KMSUGAR,17-JUN-2021,31.3,31.3,31.3,31.3,141836,141836,900
KNRCON,17-JUN-2021,224.65,227.7,220.1,226.25,600730,236972,20600
KOKUYOCMLN,17-JUN-2021,66.0,67.75,65.2,65.75,275993,130924,2674
KOLTEPATIL,17-JUN-2021,229.0,231.5,222.0,222.75,394493,225251,20587
KOPRAN,17-JUN-2021,199.8,207.2,197.25,201.9,261186,122182,4791
KOTAKBANK,17-JUN-2021,1747.25,1771.8,1736.0,1766.05,2578242,1423887,101937
KOTAKBKETF,17-JUN-2021,351.0,351.0,346.75,348.56,459902,274467,933
KOTAKGOLD,17-JUN-2021,419.4,419.4,415.05,416.2,58120,41590,2577
KOTAKIT,17-JUN-2021,29.98,29.98,27.77,28.69,9236,8029,163
KOTAKNIFTY,17-JUN-2021,175.5,175.5,164.15,164.86,50932,41973,385
KOTAKNV20,17-JUN-2021,86.2,87.45,85.6,86.04,10537,9332,135
KOTAKPSUBK,17-JUN-2021,241.9,242.57,236.55,238.49,20897,11907,549
KOTARISUG,17-JUN-2021,38.8,39.65,38.45,38.7,291299,167338,1476
KOTHARIPET,17-JUN-2021,40.55,43.0,38.7,41.85,398840,131471,2390
KOTHARIPRO,17-JUN-2021,85.0,100.8,84.35,92.05,218608,90313,2887
KPITTECH,17-JUN-2021,235.9,248.25,233.3,239.5,601820,326900,22529
KPRMILL,17-JUN-2021,1508.0,1600.0,1508.0,1543.25,95009,42537,13766
KRBL,17-JUN-2021,232.55,238.75,231.3,232.6,606243,224742,12319
KREBSBIO,17-JUN-2021,123.0,125.4,120.2,121.8,16041,10308,327
KRISHANA,17-JUN-2021,113.95,115.0,109.3,112.8,10977,5924,298
KSB,17-JUN-2021,994.35,1005.35,969.0,973.0,24380,12502,2941
KSCL,17-JUN-2021,709.0,721.0,702.25,709.85,215348,82600,6887
KSL,17-JUN-2021,378.95,388.1,367.0,373.35,68615,27696,4000
KTKBANK,17-JUN-2021,62.9,64.1,62.75,63.15,922385,390659,4107
KUANTUM,17-JUN-2021,71.2,73.7,71.0,71.55,55955,15046,1143
L&TFH,17-JUN-2021,95.7,96.35,93.05,93.95,15677255,5320603,57463
LALPATHLAB,17-JUN-2021,3138.9,3170.0,3104.65,3150.15,167201,65143,22623
LAMBODHARA,17-JUN-2021,82.7,85.5,75.25,76.85,662386,261338,7940
LAOPALA,17-JUN-2021,280.0,288.9,274.55,280.3,205246,65577,7316
LASA,17-JUN-2021,82.45,86.6,82.45,83.95,403799,109484,10399
LAURUSLABS,17-JUN-2021,616.5,625.95,609.0,611.0,1838994,739240,34617
LAXMIMACH,17-JUN-2021,6400.0,6498.65,6399.95,6449.2,3648,2268,1451
LEMONTREE,17-JUN-2021,42.2,42.7,41.2,41.6,3286022,1350695,13347
LFIC,17-JUN-2021,83.65,83.65,81.45,83.05,374,121,34
LGBBROSLTD,17-JUN-2021,415.0,468.0,412.95,439.35,2819088,671888,79307
LGBFORGE,17-JUN-2021,5.75,5.75,5.75,5.75,32923,32923,52
LIBAS,17-JUN-2021,61.5,64.4,60.45,61.0,712599,350813,5924
LIBERTSHOE,17-JUN-2021,145.2,154.8,144.6,150.15,355039,79126,8728
LICHSGFIN,17-JUN-2021,494.5,498.0,478.4,482.1,9889063,3869306,127944
LICNETFGSC,17-JUN-2021,22.05,22.17,21.78,22.04,4273,4203,71
LICNETFN50,17-JUN-2021,202.0,202.0,202.0,202.0,362,362,50
LICNETFSEN,17-JUN-2021,563.99,584.44,552.75,570.5,181,59,130
LICNFNHGP,17-JUN-2021,164.59,170.3,164.59,166.52,278,167,64
LIKHITHA,17-JUN-2021,421.0,439.9,417.1,418.75,139227,60952,7714
LINCOLN,17-JUN-2021,309.0,324.9,308.0,318.35,548337,237809,15007
LINDEINDIA,17-JUN-2021,1600.0,1600.0,1561.0,1569.7,40058,20490,4187
LIQUIDBEES,17-JUN-2021,1000.87,1000.87,999.27,1000.0,1762153,1602939,4589
LIQUIDETF,17-JUN-2021,999.99,1000.01,999.99,1000.0,21322,17202,87
LODHA,17-JUN-2021,678.9,693.0,662.0,670.65,266727,117330,18311
LOTUSEYE,17-JUN-2021,46.3,46.3,44.55,44.85,13317,6337,160
LT,17-JUN-2021,1481.0,1499.85,1480.25,1487.55,1675778,825601,76245
LTI,17-JUN-2021,4199.0,4216.0,4134.4,4170.2,297058,167968,23527
LTTS,17-JUN-2021,2835.0,2855.55,2753.85,2808.2,136929,34014,12216
LUMAXIND,17-JUN-2021,1590.0,1591.95,1556.05,1561.2,10308,6451,2009
LUMAXTECH,17-JUN-2021,148.85,154.95,147.15,152.6,221499,111597,8817
LUPIN,17-JUN-2021,1171.0,1181.55,1153.0,1162.75,1287180,554121,29054
LUXIND,17-JUN-2021,3452.0,3452.0,3305.05,3338.85,103621,71765,8723
LXCHEM,17-JUN-2021,228.5,235.45,226.1,229.55,2939279,1124663,35788
LYPSAGEMS,17-JUN-2021,5.45,5.8,5.15,5.8,206385,177983,488
M&M,17-JUN-2021,802.0,809.9,792.55,805.7,1988175,785354,56075
M&MFIN,17-JUN-2021,167.5,168.9,162.0,162.75,14181946,6736097,68912
MAANALU,17-JUN-2021,334.75,346.85,317.15,321.1,175376,67927,7539
MACPOWER,17-JUN-2021,138.15,143.25,132.05,139.3,40607,13073,617
MADHAV,17-JUN-2021,56.95,57.8,55.95,57.45,33107,13648,857
MADHUCON,17-JUN-2021,6.15,6.25,6.0,6.05,106547,76785,196
MADRASFERT,17-JUN-2021,33.3,33.95,32.35,32.7,1812113,794651,5611
MAESGETF,17-JUN-2021,26.75,26.9,26.75,26.8,26962,16300,122
MAFANG,17-JUN-2021,49.95,50.31,49.5,49.88,200330,190725,1994
MAGADSUGAR,17-JUN-2021,252.0,261.0,252.0,255.6,43534,23388,1490
MAHABANK,17-JUN-2021,25.0,26.2,25.0,25.45,5802685,2233156,9433
MAHASTEEL,17-JUN-2021,96.85,97.6,93.65,94.75,21065,12876,774
MAHEPC,17-JUN-2021,156.0,162.95,154.0,156.7,131895,53326,3202
MAHESHWARI,17-JUN-2021,110.9,110.9,106.15,106.9,15966,9344,385
MAHINDCIE,17-JUN-2021,215.45,216.4,212.6,215.05,181728,110068,6824
MAHLIFE,17-JUN-2021,640.0,654.7,606.25,615.55,58025,32894,4452
MAHLOG,17-JUN-2021,573.0,589.0,573.0,583.55,108163,37147,5576
MAHSCOOTER,17-JUN-2021,3783.95,3800.0,3720.0,3729.15,3885,2350,991
MAHSEAMLES,17-JUN-2021,316.2,326.95,312.25,314.0,235219,100261,6894
MAITHANALL,17-JUN-2021,862.7,959.0,862.7,939.05,740206,266519,32633
MAJESCO,17-JUN-2021,86.6,90.0,86.6,86.65,1146014,539424,13049
MALUPAPER,17-JUN-2021,33.1,34.25,32.55,32.75,64093,30078,747
MAN50ETF,17-JUN-2021,161.9,161.9,160.49,160.89,6120,2950,126
MANAKCOAT,17-JUN-2021,15.2,16.2,15.2,15.45,557731,24735,1994
MANAKSIA,17-JUN-2021,66.0,66.35,63.55,64.0,205317,125922,2798
MANAKSTEEL,17-JUN-2021,25.5,26.3,24.7,25.1,405346,284623,1340
MANAPPURAM,17-JUN-2021,165.9,167.25,162.4,163.4,5605277,2518167,45639
MANGALAM,17-JUN-2021,144.05,145.9,138.5,140.5,143642,73797,3927
MANGCHEFER,17-JUN-2021,87.8,89.25,85.2,86.15,507267,267804,5022
MANGLMCEM,17-JUN-2021,318.9,325.0,315.35,318.15,67260,32866,4166
MANGTIMBER,17-JUN-2021,14.05,14.35,13.35,13.75,13381,11325,97
MANINDS,17-JUN-2021,107.8,110.0,105.0,106.65,281170,151260,4839
MANINFRA,17-JUN-2021,56.3,60.0,56.3,57.45,979102,435591,4832
MANXT50,17-JUN-2021,382.75,387.04,382.72,384.0,2358,2275,57
MARALOVER,17-JUN-2021,44.8,46.55,42.8,45.85,72185,50590,605
MARATHON,17-JUN-2021,69.05,70.3,69.0,69.1,26968,15214,373
MARICO,17-JUN-2021,509.55,522.0,506.0,518.3,5678797,1378057,90351
MARINE,17-JUN-2021,68.0,73.95,65.75,66.5,2996580,938379,14762
MARKSANS,17-JUN-2021,86.5,89.5,83.7,85.7,7066586,2610532,35661
MARUTI,17-JUN-2021,7060.0,7099.1,6931.1,6969.35,595255,333094,66183
MASFIN,17-JUN-2021,876.5,886.65,845.0,851.2,35344,14901,3642
MASTEK,17-JUN-2021,2194.0,2255.0,2122.0,2174.4,262357,88749,26325
MATRIMONY,17-JUN-2021,973.0,1003.05,970.25,981.25,21049,12885,2614
MAXHEALTH,17-JUN-2021,252.0,254.7,245.5,249.15,731346,370130,10588
MAXIND,17-JUN-2021,71.8,75.35,71.65,74.7,1046831,519439,5319
MAXVIL,17-JUN-2021,73.1,73.8,70.15,71.25,515902,186955,9416
MAYURUNIQ,17-JUN-2021,493.5,498.8,481.6,487.9,85674,48019,7188
MAZDA,17-JUN-2021,633.05,645.9,614.05,624.05,13653,7656,782
MAZDOCK,17-JUN-2021,255.3,262.0,253.1,254.6,1019165,295951,15111
MBAPL,17-JUN-2021,109.5,115.0,109.5,112.45,3788,2516,103
MBLINFRA,17-JUN-2021,26.6,26.9,26.0,26.9,123229,105180,288
MCDOWELL-N,17-JUN-2021,645.0,674.5,644.95,662.7,5239072,1583799,118293
MCL,17-JUN-2021,91.95,91.95,84.75,85.8,76979,41686,863
MCX,17-JUN-2021,1537.75,1537.75,1485.0,1492.45,305595,202010,22007
MENONBE,17-JUN-2021,68.0,72.95,67.1,70.15,335424,149823,3851
MEP,17-JUN-2021,26.2,27.0,24.8,25.45,695175,251860,2671
MERCATOR,17-JUN-2021,1.7,1.7,1.7,1.7,310630,310630,92
METROPOLIS,17-JUN-2021,2784.8,2800.0,2722.0,2742.5,113601,45879,11410
MFSL,17-JUN-2021,1003.1,1039.4,986.65,1005.0,9939255,8065190,60889
MGEL,17-JUN-2021,47.5,48.4,46.55,47.45,35674,25300,254
MGL,17-JUN-2021,1248.0,1284.4,1231.3,1244.75,1085735,182914,43242
MHRIL,17-JUN-2021,260.5,262.05,252.45,253.2,469542,203882,11346
MIDHANI,17-JUN-2021,207.05,211.1,204.3,205.8,943055,361600,12688
MINDACORP,17-JUN-2021,134.3,135.7,132.1,134.25,953686,285532,10402
MINDAIND,17-JUN-2021,650.0,658.95,638.0,644.7,545716,130935,16943
MINDTECK,17-JUN-2021,69.6,70.9,66.5,67.6,29697,17087,695
MINDTREE,17-JUN-2021,2464.0,2508.0,2450.0,2477.45,511391,86188,32423
MIRCELECTR,17-JUN-2021,16.9,17.5,16.9,16.95,4351158,2260660,3507
MIRZAINT,17-JUN-2021,54.85,59.9,54.3,57.5,2363911,567957,18931
MITTAL,17-JUN-2021,12.4,12.4,11.8,11.95,58209,47442,225
MMFL,17-JUN-2021,594.55,594.6,579.15,587.2,10015,5118,1063
MMP,17-JUN-2021,100.2,105.4,100.2,104.7,58363,45900,1009
MMTC,17-JUN-2021,58.45,60.15,57.5,58.65,6821916,1081103,20701
MODISNME,17-JUN-2021,65.5,69.0,65.45,68.0,160584,116851,1324
MOGSEC,17-JUN-2021,48.25,48.3,48.23,48.23,22613,21515,12
MOHOTAIND,17-JUN-2021,8.15,8.15,7.65,7.8,102923,85139,268
MOIL,17-JUN-2021,188.0,189.55,184.0,184.9,574323,223391,8325
MOKSH,17-JUN-2021,79.85,84.0,77.55,83.05,172128,110793,1764
MOLDTECH,17-JUN-2021,58.95,63.9,57.25,62.05,633824,294275,8182
MOLDTKPAC,17-JUN-2021,495.0,498.0,477.0,480.2,59356,37442,4665
MOM100,17-JUN-2021,28.58,28.58,27.91,28.06,73629,44655,886
MOM50,17-JUN-2021,162.1,168.8,154.5,155.36,2780,1282,95
MON100,17-JUN-2021,107.0,107.0,100.66,100.87,1212825,832718,20134
MONTECARLO,17-JUN-2021,305.15,314.35,304.95,308.65,44167,25926,1891
MORARJEE,17-JUN-2021,18.95,19.0,17.4,17.6,21615,12765,135
MOREPENLAB,17-JUN-2021,65.35,67.8,64.2,65.15,3524795,1562625,15110
MOTHERSUMI,17-JUN-2021,244.85,244.85,237.05,239.6,11623569,3429652,141634
MOTILALOFS,17-JUN-2021,809.8,823.8,800.0,806.8,404997,135182,12622
MOTOGENFIN,17-JUN-2021,22.0,22.0,20.75,21.05,6484,3446,115
MPHASIS,17-JUN-2021,2098.5,2133.55,2019.5,2039.55,851840,196485,53394
MPSLTD,17-JUN-2021,552.0,558.1,545.3,548.2,25543,21746,910
MRF,17-JUN-2021,81925.0,83295.85,81826.05,82676.4,14770,6597,9303
MRO-TEK,17-JUN-2021,29.5,29.5,28.25,28.35,4137,2977,58
MRPL,17-JUN-2021,53.45,54.3,52.8,53.05,3696268,1094164,11948
MSTCLTD,17-JUN-2021,261.2,270.8,260.9,262.25,379500,148284,7454
MTARTECH,17-JUN-2021,1010.0,1019.0,994.0,998.35,103501,27147,8650
MTNL,17-JUN-2021,20.65,21.8,20.5,21.8,3961323,1970135,5259
MUKTAARTS,17-JUN-2021,36.85,37.45,36.0,36.2,22835,10391,246
MUNJALAU,17-JUN-2021,68.0,68.7,65.65,66.1,307195,153433,3524
MUNJALSHOW,17-JUN-2021,173.0,174.6,162.8,164.0,350357,134500,8440
MURUDCERA,17-JUN-2021,26.35,31.5,26.25,31.35,3125946,1183133,11731
MUTHOOTCAP,17-JUN-2021,425.0,435.7,417.2,421.6,51267,22912,3005
MUTHOOTFIN,17-JUN-2021,1498.9,1511.3,1476.65,1482.7,1154828,423711,47852
NACLIND,17-JUN-2021,78.0,78.8,73.65,74.35,221012,170947,2058
NAGAFERT,17-JUN-2021,9.9,10.05,9.6,9.85,5217077,3349928,4411
NAGREEKCAP,17-JUN-2021,8.45,8.45,8.15,8.15,2715,2715,5
NAGREEKEXP,17-JUN-2021,30.7,32.2,29.55,31.25,97635,57256,523
NAHARCAP,17-JUN-2021,154.95,160.5,154.95,157.4,42138,26259,1178
NAHARINDUS,17-JUN-2021,75.1,79.8,75.1,78.8,137145,97719,1128
NAHARPOLY,17-JUN-2021,155.0,158.85,152.1,154.65,53736,27423,1809
NAHARSPING,17-JUN-2021,193.0,197.7,180.0,197.7,325384,251153,2652
NAM-INDIA,17-JUN-2021,366.5,366.5,358.4,360.6,933350,473848,12885
NATCOPHARM,17-JUN-2021,1130.0,1130.0,1075.1,1082.3,778754,402499,22646
NATHBIOGEN,17-JUN-2021,447.0,447.0,416.15,419.35,385214,195495,15595
NATIONALUM,17-JUN-2021,69.4,70.9,67.0,68.65,22796050,8127427,42692
NAUKRI,17-JUN-2021,4825.0,4960.0,4825.0,4948.05,535237,171226,46249
NAVINFLUOR,17-JUN-2021,3340.0,3424.9,3304.65,3376.25,273913,84195,34940
NAVKARCORP,17-JUN-2021,41.05,42.8,41.0,41.35,951561,319690,5917
NAVNETEDUL,17-JUN-2021,93.95,95.4,93.55,94.15,602158,483708,6536
NAZARA,17-JUN-2021,1656.0,1695.0,1652.0,1662.4,231619,75519,15513
NBCC,17-JUN-2021,55.7,57.3,54.8,55.4,22127658,5824726,47479
NBIFIN,17-JUN-2021,2450.0,2450.0,2263.0,2281.05,3239,532,1421
NBVENTURES,17-JUN-2021,119.8,122.65,111.3,114.8,2177803,962330,22423
NCC,17-JUN-2021,85.7,89.1,83.7,84.05,6732754,3679394,34322
NCLIND,17-JUN-2021,221.25,227.35,219.8,222.9,396177,199614,10305
NCPSESDL24,17-JUN-2021,105.11,105.18,105.08,105.13,40062,40012,38
NDGL,17-JUN-2021,1300.15,1434.8,1289.9,1434.8,12079,4328,902
NDRAUTO,17-JUN-2021,220.0,263.75,217.5,261.1,420712,77532,7729
NDTV,17-JUN-2021,73.1,73.1,70.05,70.35,45130,23425,709
NECCLTD,17-JUN-2021,12.8,12.8,12.25,12.45,91238,62276,274
NECLIFE,17-JUN-2021,39.4,42.6,38.75,41.3,2854720,1389784,11306
NELCAST,17-JUN-2021,76.55,78.15,75.2,75.8,116564,52667,2446
NELCO,17-JUN-2021,262.7,268.55,253.6,262.35,192228,66453,6497
NEOGEN,17-JUN-2021,840.0,848.15,808.05,811.15,210551,120917,18883
NESCO,17-JUN-2021,568.9,579.5,561.95,565.45,71127,32725,3598
NESTLEIND,17-JUN-2021,17915.0,18189.3,17900.0,18059.05,75787,25861,20499
NETF,17-JUN-2021,189.43,195.98,189.43,195.98,1255,1059,75
NETFCONSUM,17-JUN-2021,68.0,68.5,67.5,68.05,3862,3455,116
NETFDIVOPP,17-JUN-2021,43.55,43.55,40.1,40.56,1152,789,76
NETFIT,17-JUN-2021,28.55,29.19,28.55,29.04,2858905,2443920,3537
NETFLTGILT,17-JUN-2021,22.56,22.58,22.34,22.52,56227,49786,117
NETFMID150,17-JUN-2021,106.5,106.5,102.05,102.44,71052,51734,820
NETFNIF100,17-JUN-2021,165.1,169.0,163.75,163.94,912,593,72
NETFNV20,17-JUN-2021,90.18,90.18,86.53,87.18,4495,3199,104
NETFSDL26,17-JUN-2021,106.67,106.67,103.47,103.52,122,101,9
NETWORK18,17-JUN-2021,52.95,55.1,52.25,52.55,1585946,693305,5856
NEWGEN,17-JUN-2021,504.4,538.45,501.6,526.15,794295,388710,42020
NEXTMEDIA,17-JUN-2021,6.5,6.5,6.05,6.15,21563,15223,59
NFL,17-JUN-2021,69.0,71.5,67.65,68.05,6166280,1727323,24729
NH,17-JUN-2021,469.0,474.35,459.55,464.6,553939,234432,17389
NHPC,17-JUN-2021,26.95,27.0,26.5,26.65,4846637,1968678,7200
NIACL,17-JUN-2021,173.6,177.3,170.6,171.75,1327804,442041,18749
NIFTYBEES,17-JUN-2021,179.0,179.0,168.1,168.79,1063422,682483,20886
NIITLTD,17-JUN-2021,263.9,271.55,262.6,264.25,626178,213382,13601
NILAINFRA,17-JUN-2021,5.85,6.25,5.7,6.0,991829,642122,1406
NILASPACES,17-JUN-2021,2.2,2.3,2.2,2.3,803788,653189,499
NILKAMAL,17-JUN-2021,2199.95,2245.0,2170.25,2231.95,36010,13172,8192
NIPPOBATRY,17-JUN-2021,980.05,990.4,973.0,984.65,4395,3210,323
NIRAJ,17-JUN-2021,46.95,46.95,43.2,43.8,19824,8397,345
NITCO,17-JUN-2021,28.8,30.1,28.8,29.6,300229,174274,1316
NITINSPIN,17-JUN-2021,124.85,127.0,122.5,123.05,211987,138923,2760
NITIRAJ,17-JUN-2021,51.55,51.95,49.0,49.0,11702,8941,223
NLCINDIA,17-JUN-2021,62.45,64.75,61.8,62.25,5008783,1480700,22961
NMDC,17-JUN-2021,177.5,180.5,176.2,179.8,11746450,4057698,58621
NOCIL,17-JUN-2021,206.5,214.9,205.25,210.7,2110773,775923,26106
NOIDATOLL,17-JUN-2021,7.5,7.9,7.35,7.35,230012,175697,336
NORBTEAEXP,17-JUN-2021,7.35,7.35,7.0,7.0,1724,1724,10
NOVARTIND,17-JUN-2021,906.0,924.0,859.95,868.45,115687,46230,6779
NPBET,17-JUN-2021,189.0,190.9,182.95,183.75,1400,719,73
NRAIL,17-JUN-2021,233.4,238.0,228.0,228.8,37764,20754,2631
NRBBEARING,17-JUN-2021,133.9,138.0,127.0,134.35,2279210,797086,29445
NSIL,17-JUN-2021,1677.2,1740.0,1677.2,1693.9,250,175,126
NTPC,17-JUN-2021,118.2,120.6,116.95,117.4,14466025,4257359,56445
NUCLEUS,17-JUN-2021,604.9,611.0,586.25,593.25,70061,37575,4141
NURECA,17-JUN-2021,1470.1,1499.0,1468.95,1477.0,97722,78650,3447
NXTDIGITAL,17-JUN-2021,500.0,500.0,485.05,489.25,5631,4026,395
OAL,17-JUN-2021,788.0,788.35,770.0,770.55,18380,12728,1291
OBEROIRLTY,17-JUN-2021,640.0,649.0,624.1,633.15,314519,159121,13906
OCCL,17-JUN-2021,1115.0,1137.95,1095.0,1099.95,15017,9002,2053
OFSS,17-JUN-2021,3695.0,3695.0,3554.85,3581.75,159299,91087,22048
OIL,17-JUN-2021,146.05,148.5,144.6,146.1,890029,240394,11941
OLECTRA,17-JUN-2021,189.95,192.85,183.35,184.35,544033,316030,7907
OMAXAUTO,17-JUN-2021,56.9,63.45,55.75,61.45,1116357,364681,11481
OMAXE,17-JUN-2021,81.55,83.7,80.55,81.05,68203,43884,1282
OMINFRAL,17-JUN-2021,27.1,27.5,26.4,26.7,104985,61866,732
ONGC,17-JUN-2021,125.6,127.0,123.5,125.1,18124616,5929915,65333
ONMOBILE,17-JUN-2021,118.5,120.25,116.1,116.9,582334,337348,8705
ORBTEXP,17-JUN-2021,71.5,71.5,68.8,69.15,15265,8244,392
ORCHPHARMA,17-JUN-2021,1438.9,1438.9,1350.0,1359.55,2125,1076,508
ORICONENT,17-JUN-2021,24.75,25.4,24.25,25.4,139633,121619,316
ORIENTABRA,17-JUN-2021,26.4,26.6,25.6,25.8,130862,85562,925
ORIENTALTL,17-JUN-2021,9.75,11.5,9.65,11.4,792641,370667,2068
ORIENTBELL,17-JUN-2021,310.0,319.05,310.0,311.9,20466,11670,940
ORIENTCEM,17-JUN-2021,134.9,140.9,134.05,136.8,828143,477330,12782
ORIENTELEC,17-JUN-2021,323.0,333.0,320.2,327.2,486218,224566,13351
ORIENTHOT,17-JUN-2021,38.5,39.4,38.05,38.45,163914,109844,1391
ORIENTLTD,17-JUN-2021,86.75,86.75,83.5,83.75,21820,16525,555
ORIENTPPR,17-JUN-2021,28.4,29.15,28.05,28.2,1953882,730368,4235
ORIENTREF,17-JUN-2021,301.9,310.5,301.05,309.9,217817,134462,8808
ORISSAMINE,17-JUN-2021,3551.0,3802.0,3551.0,3625.9,73911,25102,13733
ORTINLAB,17-JUN-2021,38.8,43.55,38.8,43.55,2033526,661989,7008
OSWALAGRO,17-JUN-2021,13.9,14.05,13.6,13.8,124892,74183,601
PAGEIND,17-JUN-2021,29792.0,30100.0,29750.35,29886.05,11790,4504,5859
PAISALO,17-JUN-2021,615.85,617.55,605.55,609.5,19223,12382,1145
PALREDTEC,17-JUN-2021,154.45,154.5,143.0,145.0,21577,14233,712
PANACEABIO,17-JUN-2021,375.0,386.15,374.0,375.7,181504,77526,5477
PANACHE,17-JUN-2021,63.0,66.0,61.4,62.55,60574,9516,849
PANAMAPET,17-JUN-2021,245.25,252.8,235.65,243.15,438084,204051,9703
PARACABLES,17-JUN-2021,12.8,14.4,12.7,13.85,2744123,1289583,6484
PARAGMILK,17-JUN-2021,143.0,148.7,139.5,141.15,875606,280505,14275
PARSVNATH,17-JUN-2021,15.15,15.85,15.0,15.8,1158160,945669,1098
PATELENG,17-JUN-2021,14.75,17.8,14.45,17.55,24015024,10002876,26114
PATINTLOG,17-JUN-2021,26.9,27.4,26.2,26.2,245422,181383,1046
PBAINFRA,17-JUN-2021,15.75,15.75,15.75,15.75,6548,6548,14
PCJEWELLER,17-JUN-2021,27.3,28.3,27.2,27.35,3155903,1208159,6206
PDMJEPAPER,17-JUN-2021,36.8,39.3,36.2,38.0,1383380,750160,6891
PDSMFL,17-JUN-2021,969.0,986.95,950.0,965.1,8072,6559,585
PEARLPOLY,17-JUN-2021,19.6,19.6,18.1,18.7,50060,33701,344
PEL,17-JUN-2021,2194.9,2222.2,2142.0,2163.1,865679,127397,43162
PENIND,17-JUN-2021,27.35,28.1,26.75,26.9,1172554,757222,3956
PERSISTENT,17-JUN-2021,2524.9,2574.6,2512.8,2555.85,133376,84038,18120
PETRONET,17-JUN-2021,230.0,231.05,227.8,228.4,3128028,1678941,31418
PFC,17-JUN-2021,128.7,128.7,126.4,127.0,8153963,4034355,41668
PFIZER,17-JUN-2021,5390.0,5517.8,5368.05,5404.95,58731,17434,9481
PFS,17-JUN-2021,21.0,21.65,20.7,20.9,3079357,1331143,4783
PGEL,17-JUN-2021,420.0,425.55,405.6,412.3,22240,15531,962
PGHH,17-JUN-2021,13200.0,13507.85,13101.05,13351.1,6127,3065,3025
PGHL,17-JUN-2021,5790.0,5811.0,5756.0,5769.6,7561,5485,2294
PGIL,17-JUN-2021,213.75,231.85,213.75,230.8,37335,34382,384
PHILIPCARB,17-JUN-2021,229.0,234.45,226.1,227.6,952902,297549,16486
PHOENIXLTD,17-JUN-2021,809.0,830.0,796.9,813.9,98244,52385,14671
PIDILITIND,17-JUN-2021,2128.05,2160.0,2120.6,2127.35,469223,115073,26986
PIIND,17-JUN-2021,2895.0,2914.2,2758.95,2859.8,147198,72044,21099
PILANIINVS,17-JUN-2021,1950.0,1986.2,1924.85,1946.25,5690,1996,1768
PILITA,17-JUN-2021,10.0,10.3,9.7,10.1,3579667,2006098,4950
PIONDIST,17-JUN-2021,128.05,140.4,128.05,135.65,266770,78693,4380
PIONEEREMB,17-JUN-2021,55.95,59.7,55.5,57.55,1038927,366764,9025
PITTIENG,17-JUN-2021,125.5,135.45,121.75,126.95,1222246,496130,18584
PLASTIBLEN,17-JUN-2021,252.0,259.0,249.4,252.85,72086,41018,2519
PNB,17-JUN-2021,41.1,42.1,40.85,41.1,79183021,19421222,90240
PNBGILTS,17-JUN-2021,86.2,88.25,83.8,85.25,1699561,657334,11598
PNCINFRA,17-JUN-2021,254.0,255.85,248.75,252.85,889705,511318,30515
PODDARHOUS,17-JUN-2021,174.05,183.6,174.0,180.0,17409,11483,500
PODDARMENT,17-JUN-2021,240.5,244.5,234.5,235.3,10129,4963,575
POKARNA,17-JUN-2021,385.0,400.0,385.0,389.5,65178,41966,2998
POLYCAB,17-JUN-2021,1920.0,1950.0,1891.25,1940.35,467101,183913,32956
POLYMED,17-JUN-2021,940.0,954.05,876.55,891.4,430733,239104,27942
POLYPLEX,17-JUN-2021,1314.95,1369.0,1292.0,1309.6,241779,76078,19080
PONNIERODE,17-JUN-2021,216.1,225.0,216.1,222.2,15774,8822,811
POWERGRID,17-JUN-2021,244.05,244.05,236.75,239.85,12521910,5476069,92754
POWERINDIA,17-JUN-2021,1780.0,1835.0,1778.7,1797.65,13776,7237,2187
POWERMECH,17-JUN-2021,702.0,743.0,690.0,723.35,248814,79001,15415
PPAP,17-JUN-2021,230.0,236.0,221.05,228.9,58156,26444,3037
PPL,17-JUN-2021,172.75,179.0,172.0,174.25,177949,83489,6304
PRAENG,17-JUN-2021,12.0,12.25,11.65,11.75,252506,173381,726
PRAKASH,17-JUN-2021,79.0,81.9,78.05,78.45,1022073,549094,8866
PRAXIS,17-JUN-2021,44.9,46.9,43.9,44.75,15511,10580,377
PRECAM,17-JUN-2021,71.9,73.65,69.45,71.55,510683,172888,7408
PRECOT,17-JUN-2021,230.0,232.75,225.05,232.75,58323,44183,854
PRECWIRE,17-JUN-2021,232.0,233.6,225.0,226.6,48337,30386,2204
PREMEXPLN,17-JUN-2021,140.45,141.25,138.05,138.8,18260,14758,389
PREMIERPOL,17-JUN-2021,49.5,50.75,48.9,49.75,19519,11177,239
PRESSMN,17-JUN-2021,28.75,29.45,27.7,27.9,70177,43799,977
PRESTIGE,17-JUN-2021,283.0,286.9,280.1,281.1,268060,120006,7140
PRICOLLTD,17-JUN-2021,93.05,96.35,92.6,94.2,1179756,430736,10150
PRIMESECU,17-JUN-2021,55.8,57.4,54.65,55.7,34703,11416,847
PRINCEPIPE,17-JUN-2021,703.8,709.0,686.25,691.8,370866,205792,26426
PRIVISCL,17-JUN-2021,1114.95,1133.0,1090.9,1107.75,45334,18767,4516
PROINDIA,17-JUN-2021,3.35,3.35,3.35,3.35,291,291,5
PRSMJOHNSN,17-JUN-2021,130.0,132.5,128.85,130.65,389566,233561,7581
PSB,17-JUN-2021,19.5,20.1,19.5,19.6,1022965,555698,2920
PSPPROJECT,17-JUN-2021,437.9,452.0,435.95,444.7,356537,125419,9819
PSUBNKBEES,17-JUN-2021,26.81,27.06,26.42,26.49,692139,443410,2255
PTC,17-JUN-2021,108.0,109.25,105.6,106.25,1662248,978956,15987
PTL,17-JUN-2021,50.0,51.8,50.0,51.0,176154,112651,2014
PUNJABCHEM,17-JUN-2021,1400.3,1416.6,1328.15,1348.95,39575,31817,2871
PURVA,17-JUN-2021,87.9,89.0,86.65,87.35,237012,101767,3339
PVR,17-JUN-2021,1430.0,1446.0,1417.5,1421.85,311879,112785,17468
QGOLDHALF,17-JUN-2021,2060.0,2066.0,2040.0,2053.0,2579,1794,243
QNIFTY,17-JUN-2021,1638.95,1641.0,1631.0,1641.0,46,31,11
QUESS,17-JUN-2021,842.0,856.0,825.0,838.45,201169,113048,15172
QUICKHEAL,17-JUN-2021,250.0,256.45,247.0,248.7,454014,109111,13320
RADAAN,17-JUN-2021,1.55,1.55,1.55,1.55,12049,12049,15
RADICO,17-JUN-2021,734.0,803.85,728.45,782.0,4116517,1165138,94951
RADIOCITY,17-JUN-2021,26.95,28.0,26.5,26.8,1566143,769702,3885
RAILTEL,17-JUN-2021,145.9,150.7,145.0,146.85,2101478,682559,20404
RAIN,17-JUN-2021,195.0,206.7,193.1,196.9,9881478,2088230,72250
RAJESHEXPO,17-JUN-2021,590.0,594.3,574.0,585.5,252594,38386,9868
RAJRATAN,17-JUN-2021,1090.05,1119.25,1087.0,1113.3,5941,3373,1179
RAJTV,17-JUN-2021,39.4,39.95,38.2,38.45,15108,8610,188
RALLIS,17-JUN-2021,337.5,358.1,334.05,353.65,1761692,547904,39949
RAMANEWS,17-JUN-2021,19.25,20.1,19.1,19.3,268341,105076,1297
RAMASTEEL,17-JUN-2021,100.0,100.0,93.1,94.05,194493,92410,2367
RAMCOCEM,17-JUN-2021,1016.0,1045.0,1007.7,1034.35,608632,219730,31309
RAMCOIND,17-JUN-2021,268.8,268.8,261.6,263.1,161635,96942,9281
RAMCOSYS,17-JUN-2021,535.05,548.0,534.0,535.8,77735,45927,4292
RAMKY,17-JUN-2021,148.8,148.8,134.75,138.6,417785,251677,4649
RANASUG,17-JUN-2021,21.1,22.8,20.85,21.4,3708655,1527052,7608
RANEENGINE,17-JUN-2021,306.2,313.8,306.15,309.4,13240,5261,815
RANEHOLDIN,17-JUN-2021,674.0,680.0,648.95,652.25,62436,36366,4220
RATNAMANI,17-JUN-2021,2028.8,2040.0,1988.45,2024.25,19590,10542,2304
RAYMOND,17-JUN-2021,404.6,430.85,402.2,426.95,2249127,593423,39342
RBL,17-JUN-2021,893.0,902.95,875.05,880.0,11497,3169,1271
RBLBANK,17-JUN-2021,214.0,216.0,209.0,209.7,7694684,2413180,54177
RCF,17-JUN-2021,85.85,87.9,84.2,84.75,9089080,2305308,42364
RCOM,17-JUN-2021,4.05,4.05,4.05,4.05,6926317,6400774,1839
RECLTD,17-JUN-2021,154.5,155.35,149.25,150.3,4510432,1550262,39363
REDINGTON,17-JUN-2021,261.1,266.35,255.0,256.5,394617,271343,29572
REFEX,17-JUN-2021,144.5,146.0,140.95,141.85,98699,47401,2481
RELAXO,17-JUN-2021,1116.0,1134.7,1091.05,1099.4,579996,194815,44129
RELCAPITAL,17-JUN-2021,24.65,24.65,24.65,24.65,767216,767216,1131
RELIANCE,17-JUN-2021,2200.0,2235.0,2179.9,2215.65,7266765,2716466,225832
RELIGARE,17-JUN-2021,129.0,132.45,127.3,127.95,1132700,653144,8294
REMSONSIND,17-JUN-2021,204.4,247.8,200.75,247.8,276147,84231,4478
RENUKA,17-JUN-2021,26.3,27.65,25.9,27.65,33748807,13387967,21819
REPCOHOME,17-JUN-2021,395.0,399.45,386.0,390.05,121431,72318,5723
REPL,17-JUN-2021,253.0,262.0,248.05,254.3,59852,33085,1189
REPRO,17-JUN-2021,370.05,380.45,370.0,375.25,7628,2617,722
RESPONIND,17-JUN-2021,152.35,158.0,152.35,153.9,40146,14681,1723
REVATHI,17-JUN-2021,789.9,815.0,732.3,744.25,60089,22717,5378
RGL,17-JUN-2021,563.35,584.0,557.15,572.75,65006,17970,3503
RICOAUTO,17-JUN-2021,50.55,51.7,49.85,50.3,1514884,555991,7235
RIIL,17-JUN-2021,775.0,823.3,731.1,765.7,3451816,583357,111480
RITES,17-JUN-2021,272.65,275.5,266.75,268.25,754628,325526,13054
RKDL,17-JUN-2021,12.9,13.75,12.1,13.55,543721,213319,1264
RKEC,17-JUN-2021,92.75,100.2,83.0,95.35,79680,43545,1069
RKFORGE,17-JUN-2021,630.05,650.3,625.0,627.1,43947,20970,4502
RML,17-JUN-2021,371.0,379.9,365.05,369.05,17623,7559,1417
ROHLTD,17-JUN-2021,85.5,90.0,85.0,86.55,276381,140623,2363
ROLLT,17-JUN-2021,3.25,3.25,3.0,3.2,1012752,782149,639
ROLTA,17-JUN-2021,7.15,7.6,7.05,7.6,1158548,815499,3478
ROML,17-JUN-2021,91.0,95.85,91.0,93.45,3454,2920,88
ROSSARI,17-JUN-2021,1222.0,1245.9,1205.0,1235.6,106826,31101,9107
ROSSELLIND,17-JUN-2021,157.45,168.5,155.0,156.4,2374732,854244,29065
ROUTE,17-JUN-2021,1700.0,1770.0,1692.0,1752.8,477343,119317,25440
RPGLIFE,17-JUN-2021,456.0,465.25,444.15,446.15,60377,30912,2727
RPPINFRA,17-JUN-2021,64.1,67.9,64.1,65.8,130659,73499,1844
RPSGVENT,17-JUN-2021,504.9,518.9,491.55,500.1,84356,48484,4150
RSWM,17-JUN-2021,267.4,275.0,265.4,270.85,213274,126209,2928
RSYSTEMS,17-JUN-2021,143.3,144.95,138.0,139.8,46058,31102,1827
RTNPOWER,17-JUN-2021,5.35,5.35,5.3,5.35,9834863,6132924,3198
RUBYMILLS,17-JUN-2021,229.25,235.05,222.9,225.45,12778,6231,784
RUCHI,17-JUN-2021,1160.05,1235.65,1160.05,1209.5,91250,47630,6321
RUCHIRA,17-JUN-2021,85.75,87.7,83.7,84.3,106672,58103,2234
RUPA,17-JUN-2021,479.0,484.6,468.2,473.75,221431,105708,7088
RVHL,17-JUN-2021,20.75,20.75,19.9,19.95,37418,24110,278
RVNL,17-JUN-2021,32.3,32.85,31.65,31.85,5454871,2144586,13402
SABTN,17-JUN-2021,2.3,2.3,2.3,2.3,1881,1881,5
SADBHAV,17-JUN-2021,77.1,81.8,77.0,79.0,1417457,505746,10718
SADBHIN,17-JUN-2021,28.9,30.3,27.3,29.5,1906259,1237923,4995
SAFARI,17-JUN-2021,672.0,683.75,661.15,665.7,13062,6832,1410
SAGCEM,17-JUN-2021,1130.0,1188.0,1065.1,1084.7,214132,75072,20434
SAIL,17-JUN-2021,128.0,133.4,127.35,128.3,62423773,14425549,165623
SAKAR,17-JUN-2021,148.0,156.0,146.3,147.3,149226,98999,3031
SAKSOFT,17-JUN-2021,499.9,500.8,483.0,485.05,25820,18650,2129
SAKUMA,17-JUN-2021,10.95,10.95,9.65,9.7,2478056,1493635,3413
SALASAR,17-JUN-2021,665.0,690.0,664.2,673.8,40322,17081,3574
SALONA,17-JUN-2021,145.3,154.8,145.3,148.45,6783,3345,266
SALZERELEC,17-JUN-2021,155.95,160.0,148.0,149.15,230627,116346,7214
SANDESH,17-JUN-2021,838.0,838.0,805.5,806.5,1874,1212,333
SANDHAR,17-JUN-2021,247.6,249.0,241.6,243.05,28002,14215,1914
SANGAMIND,17-JUN-2021,110.5,110.6,105.1,109.4,27871,18358,336
SANGHIIND,17-JUN-2021,54.3,56.9,53.75,55.45,994586,578206,6806
SANGHVIMOV,17-JUN-2021,206.8,206.8,201.0,203.9,302915,124708,10453
SANGINITA,17-JUN-2021,23.05,23.7,22.9,23.4,55357,40670,289
SANOFI,17-JUN-2021,7750.0,7798.95,7750.0,7755.35,8990,4035,3410
SARDAEN,17-JUN-2021,655.0,688.7,645.0,653.75,143398,73973,8400
SARLAPOLY,17-JUN-2021,35.45,36.95,34.6,35.05,347807,157355,2189
SASKEN,17-JUN-2021,1025.05,1055.0,996.95,1012.2,42977,17379,4767
SASTASUNDR,17-JUN-2021,293.6,293.6,267.1,293.6,153156,93827,805
SATIA,17-JUN-2021,84.35,87.0,83.65,84.85,148805,32553,2121
SATIN,17-JUN-2021,92.0,96.5,90.2,92.2,497510,251214,4906
SBICARD,17-JUN-2021,1074.9,1074.9,1047.05,1051.7,644817,354498,51722
SBIETFIT,17-JUN-2021,289.94,290.0,284.0,289.3,3303,945,115
SBIETFPB,17-JUN-2021,186.0,186.0,181.0,182.75,552,550,33
SBIETFQLTY,17-JUN-2021,136.11,138.25,136.11,138.01,1614,1034,75
SBILIFE,17-JUN-2021,983.0,992.7,977.0,983.3,869613,470732,41948
SBIN,17-JUN-2021,421.0,425.95,416.6,420.25,23048331,6472192,218316
SCAPDVR,17-JUN-2021,2.15,2.15,2.05,2.1,78583,58849,133
SCHAEFFLER,17-JUN-2021,5228.7,5325.0,5172.4,5315.15,20574,13590,5877
SCHAND,17-JUN-2021,113.0,118.4,111.75,114.75,132584,72471,1594
SCHNEIDER,17-JUN-2021,127.7,129.5,124.55,126.7,458497,185127,7260
SCI,17-JUN-2021,114.7,115.65,111.85,112.4,2321755,774149,13115
SEAMECLTD,17-JUN-2021,482.0,490.5,468.05,470.4,14008,8500,1130
SECURKLOUD,17-JUN-2021,96.3,96.3,92.15,94.85,76289,57570,790
SELAN,17-JUN-2021,158.9,161.05,155.0,155.1,88712,56357,2227
SEQUENT,17-JUN-2021,269.95,275.6,268.95,272.3,458289,186227,9943
SESHAPAPER,17-JUN-2021,174.65,177.1,169.5,170.7,59414,33449,2416
SETCO,17-JUN-2021,23.2,23.65,22.4,23.25,1195034,755609,2612
SETF10GILT,17-JUN-2021,206.99,206.99,205.01,205.8,93,88,14
SETFGOLD,17-JUN-2021,4330.0,4330.0,4225.55,4235.0,21891,15004,2784
SETFNIF50,17-JUN-2021,160.22,165.0,159.0,159.69,232880,133570,1778
SETFNIFBK,17-JUN-2021,348.0,348.0,342.9,344.54,58045,44321,880
SETFNN50,17-JUN-2021,405.99,405.99,396.36,399.01,24423,16813,544
SEYAIND,17-JUN-2021,69.8,69.8,67.25,67.75,30658,21578,767
SFL,17-JUN-2021,2202.0,2209.0,2175.0,2197.55,12075,6576,2202
SGL,17-JUN-2021,12.0,12.2,11.2,11.9,47994,30664,285
SHAKTIPUMP,17-JUN-2021,800.0,821.1,790.0,793.15,96772,54244,5355
SHALBY,17-JUN-2021,160.0,164.0,157.55,158.55,160288,72733,2855
SHALPAINTS,17-JUN-2021,109.0,112.4,108.0,108.55,244480,124452,3819
SHANKARA,17-JUN-2021,436.0,456.5,436.0,443.55,161620,50048,13723
SHANTIGEAR,17-JUN-2021,143.75,145.5,142.95,143.45,118633,79848,1682
SHARDACROP,17-JUN-2021,370.0,372.6,358.1,363.1,130351,73284,5368
SHARDAMOTR,17-JUN-2021,401.95,455.9,395.1,430.7,354436,114435,14375
SHAREINDIA,17-JUN-2021,450.0,450.0,440.0,440.9,18678,12765,1087
SHARIABEES,17-JUN-2021,403.2,410.0,398.39,399.37,155,125,32
SHILPAMED,17-JUN-2021,534.4,543.7,513.0,515.8,486463,188610,13287
SHIVAMILLS,17-JUN-2021,79.45,82.85,76.5,82.75,148743,81086,1175
SHIVATEX,17-JUN-2021,203.2,203.2,190.0,192.75,9599,6866,341
SHK,17-JUN-2021,161.7,176.45,161.0,174.1,3426506,1171757,49530
SHOPERSTOP,17-JUN-2021,234.0,239.2,228.2,230.5,120314,33694,3229
SHRADHA,17-JUN-2021,54.4,54.4,50.45,52.35,1675,347,80
SHREDIGCEM,17-JUN-2021,84.0,87.55,84.0,85.45,554668,217574,5157
SHREECEM,17-JUN-2021,28015.05,28800.0,28015.05,28368.1,39467,9456,14708
SHREEPUSHK,17-JUN-2021,183.05,190.0,182.95,188.4,134409,49278,7121
SHREERAMA,17-JUN-2021,15.0,15.0,14.1,14.35,136399,91245,779
SHREYANIND,17-JUN-2021,105.5,106.95,101.95,103.45,62410,28073,2265
SHREYAS,17-JUN-2021,191.0,194.95,181.5,184.55,151479,81870,3166
SHRIRAMCIT,17-JUN-2021,1715.65,1755.6,1700.55,1735.0,55991,31156,6720
SHRIRAMEPC,17-JUN-2021,4.85,4.9,4.7,4.8,1270196,671818,887
SHYAMCENT,17-JUN-2021,9.75,10.0,9.6,9.85,198038,126234,671
SHYAMTEL,17-JUN-2021,13.45,13.75,12.45,12.5,12373,7862,101
SICAL,17-JUN-2021,16.0,16.0,14.95,14.95,622042,368301,1380
SIEMENS,17-JUN-2021,2017.8,2039.7,2002.95,2010.3,182666,60343,12023
SIGIND,17-JUN-2021,50.1,50.55,48.2,48.95,92580,38646,1188
SILGO,17-JUN-2021,40.0,40.8,38.5,39.8,50830,22430,436
SILINV,17-JUN-2021,254.65,255.0,245.05,248.05,10639,4654,508
SIMPLEXINF,17-JUN-2021,42.4,42.95,40.6,41.1,342182,227793,1686
SINTERCOM,17-JUN-2021,78.25,79.85,77.0,78.55,19041,12619,192
SIRCA,17-JUN-2021,334.45,341.95,325.65,338.25,70075,49723,2166
SIS,17-JUN-2021,418.1,426.25,415.3,423.5,185937,90858,6313
SIYSIL,17-JUN-2021,306.1,318.0,305.95,311.05,109325,48244,5303
SJVN,17-JUN-2021,29.0,29.6,28.6,28.75,2165481,1233155,6730
SKFINDIA,17-JUN-2021,2576.0,2727.0,2568.35,2615.05,255428,38309,15767
SKIPPER,17-JUN-2021,80.5,84.0,80.0,81.75,522335,323048,3399
SKMEGGPROD,17-JUN-2021,80.7,82.65,79.1,79.7,159593,74567,2534
SMARTLINK,17-JUN-2021,118.6,124.9,108.25,110.8,798042,259001,19021
SMCGLOBAL,17-JUN-2021,77.5,82.8,77.05,78.75,1158200,763415,5263
SMLISUZU,17-JUN-2021,470.15,483.65,465.4,467.6,37081,16216,3836
SMSLIFE,17-JUN-2021,647.25,652.0,620.0,625.8,12194,3387,978
SMSPHARMA,17-JUN-2021,177.0,179.5,172.0,173.3,162660,82252,3801
SNOWMAN,17-JUN-2021,55.2,57.05,54.15,54.85,2972887,991123,12669
SOBHA,17-JUN-2021,499.7,506.05,491.0,494.1,100649,43369,4931
SOLARA,17-JUN-2021,1653.75,1714.0,1645.0,1693.85,154587,72147,10361
SOLARINDS,17-JUN-2021,1583.0,1630.2,1575.3,1606.75,45416,12850,7135
SOMANYCERA,17-JUN-2021,540.0,565.0,516.65,531.85,1986945,817554,72813
SOMICONVEY,17-JUN-2021,60.0,61.6,57.85,60.55,67710,29935,1086
SONATSOFTW,17-JUN-2021,719.0,725.0,707.45,711.1,134978,77994,13374
SORILINFRA,17-JUN-2021,157.9,157.9,150.0,151.55,54261,28880,1489
SOTL,17-JUN-2021,1285.05,1324.0,1285.0,1292.8,30837,11932,3783
SOUTHBANK,17-JUN-2021,10.7,11.4,10.6,11.0,51263978,15505764,54239
SOUTHWEST,17-JUN-2021,43.0,43.8,41.1,41.6,46314,30936,386
SPAL,17-JUN-2021,220.05,255.5,214.0,241.35,977767,246259,25911
SPANDANA,17-JUN-2021,680.0,699.0,680.0,690.85,88555,43015,6532
SPARC,17-JUN-2021,237.5,241.8,231.1,234.3,1115123,386369,14976
SPECIALITY,17-JUN-2021,60.45,63.5,59.45,61.05,430826,175095,3749
SPENCERS,17-JUN-2021,79.0,81.35,78.5,78.95,526312,228965,4704
SPIC,17-JUN-2021,45.3,47.4,44.75,45.85,2016945,958478,8062
SPICEJET,17-JUN-2021,76.95,78.3,76.55,76.95,2461036,980047,15789
SPLIL,17-JUN-2021,45.75,47.55,45.4,45.65,103918,60298,1719
SREEL,17-JUN-2021,202.0,205.95,192.8,194.55,45476,16608,2333
SREINFRA,17-JUN-2021,10.9,13.2,10.65,13.2,36286503,12103357,27421
SRF,17-JUN-2021,7128.0,7200.0,7072.95,7134.85,124514,42667,14529
SRHHYPOLTD,17-JUN-2021,304.1,317.0,301.0,308.8,85663,47299,3803
SRIPIPES,17-JUN-2021,214.25,218.5,210.4,212.8,195972,84093,4672
SRTRANSFIN,17-JUN-2021,1402.0,1437.0,1393.0,1411.4,2471242,1100179,80597
SSWL,17-JUN-2021,740.05,759.3,735.95,741.9,49803,28754,2961
STAR,17-JUN-2021,785.0,796.65,776.65,790.0,516431,206302,12264
STARCEMENT,17-JUN-2021,108.75,111.2,108.1,108.75,281990,100673,4157
STARPAPER,17-JUN-2021,141.4,143.4,139.45,139.85,92200,33574,2351
STCINDIA,17-JUN-2021,123.4,126.6,121.0,121.5,137153,49938,2878
STEELCITY,17-JUN-2021,48.3,49.9,47.1,48.85,112732,58967,1726
STEELXIND,17-JUN-2021,57.2,59.7,57.2,58.05,165653,96988,978
STEL,17-JUN-2021,102.5,110.0,101.55,103.25,118586,41406,1412
STERTOOLS,17-JUN-2021,196.4,199.0,194.45,195.4,41485,25942,1917
STLTECH,17-JUN-2021,258.85,269.3,255.0,267.25,646612,311628,15014
STOVEKRAFT,17-JUN-2021,568.0,568.0,552.75,553.85,112366,62353,13765
SUBEXLTD,17-JUN-2021,57.45,58.85,57.0,57.4,6380851,2626319,24141
SUBROS,17-JUN-2021,314.1,314.1,302.6,305.6,86370,53500,5543
SUDARSCHEM,17-JUN-2021,678.0,688.6,665.3,668.6,123639,56008,5373
SUMICHEM,17-JUN-2021,385.0,393.9,376.1,378.55,519214,184391,14663
SUMIT,17-JUN-2021,15.0,15.15,13.5,13.9,756034,532834,1666
SUMMITSEC,17-JUN-2021,600.55,608.55,592.5,593.5,5443,3761,325
SUNCLAYLTD,17-JUN-2021,3498.9,3787.7,3451.0,3480.3,56276,14989,13193
SUNDARMFIN,17-JUN-2021,2598.25,2696.55,2593.95,2678.8,102936,44335,13154
SUNDARMHLD,17-JUN-2021,72.0,73.85,71.8,71.95,252120,172189,1844
SUNDRMBRAK,17-JUN-2021,430.65,434.0,417.15,419.0,7114,3597,806
SUNDRMFAST,17-JUN-2021,828.6,842.75,816.0,822.3,76694,44314,8094
SUNFLAG,17-JUN-2021,82.95,83.9,80.1,80.9,918760,305801,9220
SUNPHARMA,17-JUN-2021,671.8,673.55,661.65,665.05,2776147,783693,60034
SUNTECK,17-JUN-2021,293.2,299.25,283.05,289.3,402754,144863,11122
SUNTV,17-JUN-2021,528.2,540.0,522.1,532.3,6637920,2492153,78246
SUPERHOUSE,17-JUN-2021,150.55,178.85,150.05,176.45,1098374,278183,19129
SUPRAJIT,17-JUN-2021,285.0,297.35,281.6,284.5,1894808,719314,30835
SUPREMEIND,17-JUN-2021,2257.5,2275.0,2227.0,2260.05,190397,95218,20040
SURANASOL,17-JUN-2021,12.3,12.5,11.9,11.95,62836,32961,310
SURANAT&P,17-JUN-2021,7.0,7.05,6.65,6.65,519081,306889,1269
SURYAROSNI,17-JUN-2021,523.9,543.7,513.75,529.3,706938,236076,21202
SURYODAY,17-JUN-2021,222.0,225.5,222.0,222.45,61442,34150,2074
SUTLEJTEX,17-JUN-2021,56.95,58.45,55.8,56.15,262641,150081,2519
SUULD,17-JUN-2021,487.0,487.0,467.05,470.05,32247,9404,516
SUVEN,17-JUN-2021,95.75,99.75,95.2,95.4,724100,366064,7728
SUVENPHAR,17-JUN-2021,484.0,490.0,480.55,483.45,182552,116178,7763
SUVIDHAA,17-JUN-2021,27.6,27.6,25.0,27.6,761557,557205,1324
SUZLON,17-JUN-2021,7.0,7.4,6.95,7.15,49960096,19013237,36181
SWANENERGY,17-JUN-2021,140.0,140.45,137.15,138.9,146879,19264,8840
SWARAJENG,17-JUN-2021,1625.0,1675.0,1624.65,1646.85,55185,29573,5190
SWELECTES,17-JUN-2021,220.3,225.4,218.45,219.75,33046,21903,1207
SWSOLAR,17-JUN-2021,235.0,249.7,232.35,243.05,1678542,667114,25657
SYMPHONY,17-JUN-2021,1100.0,1139.9,1080.05,1086.6,266778,92075,19187
SYNGENE,17-JUN-2021,583.0,588.15,575.1,577.6,158514,69695,8867
TAINWALCHM,17-JUN-2021,79.5,81.4,77.35,78.4,12589,5250,205
TAJGVK,17-JUN-2021,140.25,142.8,137.0,138.55,194570,100498,4473
TAKE,17-JUN-2021,68.0,69.75,67.3,67.9,1494087,580936,8697
TALBROAUTO,17-JUN-2021,280.0,292.0,275.0,283.7,99515,36830,3692
TARC,17-JUN-2021,29.45,30.55,29.4,29.85,328984,176855,1920
TARMAT,17-JUN-2021,61.25,64.2,58.5,59.55,95596,44267,1975
TASTYBITE,17-JUN-2021,15199.0,15266.05,14955.0,15037.95,1324,822,651
TATACHEM,17-JUN-2021,732.8,742.35,718.25,725.6,1775728,524283,44789
TATACOFFEE,17-JUN-2021,179.6,183.2,177.5,178.45,1926458,480441,16734
TATACOMM,17-JUN-2021,1287.0,1304.9,1261.25,1271.7,415619,246704,15515
TATACONSUM,17-JUN-2021,730.55,747.3,724.85,745.0,4167585,1364023,82222
TATAELXSI,17-JUN-2021,3730.0,3820.15,3722.15,3734.35,102358,53168,14438
TATAINVEST,17-JUN-2021,1155.0,1157.7,1112.35,1124.25,50320,26762,3815
TATAMETALI,17-JUN-2021,1133.0,1136.0,1104.55,1115.25,193215,61712,10614
TATAMOTORS,17-JUN-2021,348.4,352.9,342.25,345.65,29236974,4307709,215768
TATAMTRDVR,17-JUN-2021,160.55,164.6,159.1,160.8,1832479,747750,15998
TATAPOWER,17-JUN-2021,123.95,126.9,122.3,123.95,73801920,15727870,201619
TATASTEEL,17-JUN-2021,1118.95,1133.8,1095.65,1103.75,16207687,3813390,314441
TATASTLBSL,17-JUN-2021,91.3,92.85,89.8,90.95,3379417,1887671,30168
TBZ,17-JUN-2021,83.95,87.35,82.35,83.1,2253367,782394,19191
TCI,17-JUN-2021,438.5,448.6,405.25,426.3,76493,36776,3209
TCIDEVELOP,17-JUN-2021,419.95,420.0,393.65,400.7,6417,3622,266
TCIEXP,17-JUN-2021,1474.75,1498.55,1441.35,1454.5,81676,35953,7193
TCIFINANCE,17-JUN-2021,6.7,6.8,6.7,6.7,2745,2495,27
TCNSBRANDS,17-JUN-2021,548.05,555.0,537.05,543.8,19998,10251,1469
TCPLPACK,17-JUN-2021,477.85,487.5,477.85,480.7,5632,1306,513
TCS,17-JUN-2021,3265.5,3336.05,3260.0,3317.75,2273413,1308141,131862
TDPOWERSYS,17-JUN-2021,204.9,209.7,202.0,202.55,60505,24917,2200
TEAMLEASE,17-JUN-2021,3531.0,3572.2,3503.35,3533.6,17185,12269,3418
TECHM,17-JUN-2021,1059.95,1084.7,1057.05,1080.25,3161931,1802731,99482
TECHNOE,17-JUN-2021,329.7,333.3,317.7,322.6,46481,22653,2398
TERASOFT,17-JUN-2021,52.0,52.8,50.1,50.4,62171,36337,1013
TEXINFRA,17-JUN-2021,68.3,68.9,65.5,66.25,101829,70898,1114
TEXMOPIPES,17-JUN-2021,48.75,50.1,47.75,48.15,287270,171647,1752
TEXRAIL,17-JUN-2021,33.35,34.7,33.05,33.75,1767015,703602,4674
TFCILTD,17-JUN-2021,74.85,82.6,73.85,80.5,4104448,1176305,29770
THANGAMAYL,17-JUN-2021,821.0,897.0,806.0,816.4,56264,19760,5046
THEINVEST,17-JUN-2021,104.55,107.45,104.5,105.8,9794,7258,126
THEMISMED,17-JUN-2021,720.0,746.7,711.0,720.1,11448,5898,880
THERMAX,17-JUN-2021,1484.1,1489.95,1415.0,1426.45,71129,58022,4872
THOMASCOOK,17-JUN-2021,61.95,65.65,61.1,64.5,1485305,862146,7366
THYROCARE,17-JUN-2021,1280.05,1368.5,1266.35,1307.95,2784241,380203,97876
TI,17-JUN-2021,36.4,42.65,36.4,40.1,3004607,1088061,15026
TIDEWATER,17-JUN-2021,12099.0,12199.0,11833.85,11989.2,8119,3711,3410
TIIL,17-JUN-2021,463.75,475.45,456.95,462.25,18381,9109,1263
TIINDIA,17-JUN-2021,1245.4,1270.1,1211.2,1244.2,105801,66856,8183
TIJARIA,17-JUN-2021,9.05,9.1,8.35,9.1,40511,35482,177
TIMESGTY,17-JUN-2021,54.85,60.3,52.25,60.3,73471,43495,741
TIMETECHNO,17-JUN-2021,84.3,85.7,83.25,83.85,535766,251154,5922
TIMKEN,17-JUN-2021,1365.25,1376.0,1325.45,1346.7,39169,23227,5289
TINPLATE,17-JUN-2021,212.0,216.35,206.1,207.65,569163,196293,14893
TIRUMALCHM,17-JUN-2021,136.0,140.7,135.55,136.6,788539,348273,7567
TITAN,17-JUN-2021,1706.0,1722.0,1701.4,1711.4,546515,162318,34610
TNPETRO,17-JUN-2021,105.2,109.75,104.25,105.8,674183,386988,7211
TNPL,17-JUN-2021,164.1,177.55,164.0,173.15,1816958,628860,27206
TOKYOPLAST,17-JUN-2021,104.2,110.0,102.7,103.55,83216,48169,1110
TORNTPHARM,17-JUN-2021,2874.1,2960.75,2854.1,2953.9,595837,277100,23859
TORNTPOWER,17-JUN-2021,464.1,469.1,452.25,457.4,1403849,423010,31065
TOTAL,17-JUN-2021,50.0,52.0,48.0,49.1,59249,42979,572
TOUCHWOOD,17-JUN-2021,92.3,93.95,87.0,88.25,42332,27749,784
TPLPLASTEH,17-JUN-2021,243.95,243.95,236.15,237.95,7492,4570,360
TREJHARA,17-JUN-2021,57.75,58.6,54.55,55.1,84838,55900,797
TRENT,17-JUN-2021,842.0,895.0,828.95,855.6,1820950,442133,43755
TRF,17-JUN-2021,123.95,127.85,121.1,121.9,82795,41753,1427
TRIDENT,17-JUN-2021,16.5,17.35,16.4,16.75,31289273,9906479,25606
TRIGYN,17-JUN-2021,134.0,142.9,133.0,134.85,330252,164036,4060
TRIL,17-JUN-2021,28.2,28.55,27.7,27.85,172044,112902,1041
TRITURBINE,17-JUN-2021,115.8,118.2,115.0,115.35,136074,67946,2365
TRIVENI,17-JUN-2021,179.9,184.6,174.5,177.0,749862,282973,13270
TTKHLTCARE,17-JUN-2021,642.95,642.95,624.05,626.0,20591,14599,1815
TTKPRESTIG,17-JUN-2021,8707.35,8808.7,8562.95,8598.9,4644,2107,2018
TV18BRDCST,17-JUN-2021,43.45,45.4,43.15,43.95,12902655,3604448,20148
TVSELECT,17-JUN-2021,161.95,165.55,160.1,161.4,47382,22604,1218
TVSMOTOR,17-JUN-2021,619.9,622.35,605.45,610.7,1120821,338862,26017
TVSSRICHAK,17-JUN-2021,2033.7,2038.45,1976.4,1986.6,21351,13960,4325
TVTODAY,17-JUN-2021,311.4,311.55,305.0,305.75,104238,61385,4670
TWL,17-JUN-2021,56.1,59.2,55.5,57.0,1130645,423873,10571
UBL,17-JUN-2021,1365.0,1418.5,1362.0,1401.95,1273546,264131,47255
UCALFUEL,17-JUN-2021,168.0,178.4,167.2,170.85,75424,38764,1857
UCOBANK,17-JUN-2021,13.9,14.35,13.8,13.95,11208809,3910210,18272
UFLEX,17-JUN-2021,456.1,483.8,456.1,473.55,197207,62363,8899
UFO,17-JUN-2021,88.0,94.4,87.75,89.3,540146,262433,5787
UGARSUGAR,17-JUN-2021,30.0,31.1,29.75,30.05,331482,157866,1781
UJJIVAN,17-JUN-2021,212.8,216.4,212.25,213.0,356238,151894,5811
UJJIVANSFB,17-JUN-2021,32.0,33.2,31.5,31.7,4861155,1778713,8984
ULTRACEMCO,17-JUN-2021,6555.0,6750.0,6550.05,6704.85,637296,341811,43509
UMANGDAIRY,17-JUN-2021,81.5,81.7,78.8,79.9,78624,37452,1900
UNICHEMLAB,17-JUN-2021,327.0,332.1,325.0,325.7,32826,15845,1830
UNIDT,17-JUN-2021,333.7,349.8,333.0,339.55,194208,139000,3753
UNIENTER,17-JUN-2021,131.5,139.45,131.5,134.9,64457,32424,1400
UNIONBANK,17-JUN-2021,36.85,39.25,36.8,38.1,66721285,24193475,65441
UNITEDTEA,17-JUN-2021,335.0,335.0,326.5,328.0,2369,1391,139
UNIVASTU,17-JUN-2021,44.65,44.65,42.0,42.2,6139,4189,64
UNIVCABLES,17-JUN-2021,187.45,192.95,183.05,184.45,78443,38364,3060
UNIVPHOTO,17-JUN-2021,243.75,243.85,238.0,240.05,3021,2341,117
UPL,17-JUN-2021,834.85,848.0,828.65,835.05,3684099,1636828,60134
URJA,17-JUN-2021,8.1,8.2,7.85,7.95,4188014,2066857,7954
USHAMART,17-JUN-2021,54.0,55.7,53.5,54.0,2032678,1131862,7182
UTIAMC,17-JUN-2021,776.0,791.45,770.2,778.45,377005,280612,11199
UTIBANKETF,17-JUN-2021,35.3,35.3,34.4,34.5,6119,4025,115
UTINEXT50,17-JUN-2021,41.0,41.0,39.4,39.91,17149,10169,230
UTINIFTETF,17-JUN-2021,1648.95,1660.04,1640.0,1640.94,1246,700,61
UTISENSETF,17-JUN-2021,550.0,553.9,542.01,549.55,3828,3514,79
UTISXN50,17-JUN-2021,45.16,45.16,44.5,45.04,1801,1756,45
UTTAMSTL,17-JUN-2021,6.9,6.95,6.6,6.6,2377252,1427717,1760
UTTAMSUGAR,17-JUN-2021,171.9,176.65,166.85,171.1,177414,46740,5010
V2RETAIL,17-JUN-2021,128.0,131.7,127.75,130.35,26041,14237,620
VADILALIND,17-JUN-2021,1014.9,1022.45,980.2,986.75,20326,12419,2345
VAIBHAVGBL,17-JUN-2021,801.0,810.05,799.0,801.8,187597,141813,6624
VAISHALI,17-JUN-2021,39.5,41.25,38.55,39.5,67610,41143,1325
VAKRANGEE,17-JUN-2021,47.75,49.6,47.3,47.75,4994289,2561548,11153
VALIANTORG,17-JUN-2021,1568.8,1570.95,1520.0,1525.85,27504,19120,3301
VARDHACRLC,17-JUN-2021,44.0,46.9,44.0,44.85,513571,280045,2715
VARDMNPOLY,17-JUN-2021,20.7,21.25,20.6,20.9,62211,42458,577
VARROC,17-JUN-2021,379.0,380.0,373.3,375.2,111860,65302,5378
VASCONEQ,17-JUN-2021,20.85,22.6,20.7,21.65,2163063,1168628,4189
VASWANI,17-JUN-2021,13.85,14.2,13.5,13.85,28197,19630,139
VBL,17-JUN-2021,777.0,794.9,777.0,791.15,318298,186293,11421
VEDL,17-JUN-2021,262.8,268.2,258.65,261.25,7487331,1947884,68567
VENKEYS,17-JUN-2021,2624.0,2694.0,2600.1,2611.3,66549,16383,7602
VENUSREM,17-JUN-2021,312.1,328.2,308.9,328.2,220855,96685,4125
VERTOZ,17-JUN-2021,191.0,196.55,183.05,186.45,403922,102482,8197
VESUVIUS,17-JUN-2021,1090.6,1108.0,1081.6,1086.95,19303,10448,2802
VETO,17-JUN-2021,132.9,133.3,123.8,125.7,69708,35538,2039
VGUARD,17-JUN-2021,267.0,267.25,253.0,255.75,2565299,953193,36199
VHL,17-JUN-2021,2502.05,2600.0,2501.3,2537.6,971,612,260
VIDHIING,17-JUN-2021,209.95,215.85,208.05,213.95,76914,41922,2573
VIKASLIFE,17-JUN-2021,3.35,3.4,3.3,3.35,2970588,1793696,2157
VIKASPROP,17-JUN-2021,3.05,3.25,3.0,3.1,4126338,2193166,3490
VIKASWSP,17-JUN-2021,7.65,8.05,7.05,7.35,5588183,2854328,4066
VIMTALABS,17-JUN-2021,255.0,263.0,250.35,251.9,107607,50765,3787
VINATIORGA,17-JUN-2021,1735.1,1768.0,1735.1,1761.35,43072,16039,6014
VINDHYATEL,17-JUN-2021,1100.0,1135.0,1092.25,1107.05,27856,16403,2825
VINYLINDIA,17-JUN-2021,153.35,155.0,148.75,150.15,106594,53354,2302
VIPCLOTHNG,17-JUN-2021,16.7,17.4,16.7,16.85,120635,92959,469
VIPIND,17-JUN-2021,403.0,407.8,394.3,404.55,487595,187060,18381
VISAKAIND,17-JUN-2021,668.8,682.0,662.6,677.35,42494,21957,4403
VISHAL,17-JUN-2021,55.1,55.95,54.75,55.1,98209,59380,801
VISHNU,17-JUN-2021,502.0,509.35,470.1,474.95,83804,42633,3043
VISHWARAJ,17-JUN-2021,154.5,154.8,147.0,149.55,170890,54487,2850
VLSFINANCE,17-JUN-2021,131.0,133.0,127.05,128.2,88208,43882,2781
VMART,17-JUN-2021,2787.65,2844.4,2784.3,2804.05,15972,6865,4055
VOLTAMP,17-JUN-2021,1390.05,1391.9,1351.1,1357.5,20352,11778,3654
VOLTAS,17-JUN-2021,1023.2,1042.9,1012.75,1030.25,1285561,369658,37526
VRLLOG,17-JUN-2021,287.5,293.9,280.05,285.75,373139,116656,12643
VSSL,17-JUN-2021,217.9,232.3,213.8,218.75,430108,168090,13439
VSTIND,17-JUN-2021,3440.0,3494.95,3440.0,3456.55,63632,58849,2171
VSTTILLERS,17-JUN-2021,2115.9,2190.0,2107.55,2125.65,32502,15923,5959
VTL,17-JUN-2021,1401.0,1448.0,1380.25,1389.15,75234,35795,14867
WABAG,17-JUN-2021,363.9,396.3,361.2,379.8,3787105,951616,64134
WABCOINDIA,17-JUN-2021,7270.0,7319.65,7100.0,7137.85,13096,2773,4422
WALCHANNAG,17-JUN-2021,86.15,88.5,83.7,84.5,807685,269782,8265
WATERBASE,17-JUN-2021,122.0,124.1,117.15,119.1,186014,81934,4308
WEBELSOLAR,17-JUN-2021,53.1,55.0,52.8,53.85,162211,89179,1225
WEIZMANIND,17-JUN-2021,55.9,60.9,54.05,59.75,204526,51162,1452
WELCORP,17-JUN-2021,150.95,153.0,144.6,146.75,1947884,873239,20195
WELENT,17-JUN-2021,111.8,115.0,110.0,111.9,768322,422707,10363
WELINV,17-JUN-2021,409.25,414.4,397.0,397.2,505,236,110
WELSPUNIND,17-JUN-2021,92.0,94.8,91.5,92.55,1816727,611894,15940
WENDT,17-JUN-2021,3690.05,3849.8,3690.0,3727.85,2799,1140,589
WESTLIFE,17-JUN-2021,480.0,497.8,477.6,495.1,101797,50202,4870
WHEELS,17-JUN-2021,597.0,615.0,595.0,598.75,21002,10604,1557
WHIRLPOOL,17-JUN-2021,2276.9,2314.15,2240.0,2248.6,205200,73376,15386
WILLAMAGOR,17-JUN-2021,21.85,22.8,20.85,20.85,57429,40741,321
WINDMACHIN,17-JUN-2021,40.7,41.0,40.2,40.75,153103,120312,235
WIPRO,17-JUN-2021,552.5,561.5,549.55,558.7,4399348,1511429,75806
WOCKPHARMA,17-JUN-2021,625.5,635.45,608.65,614.45,448705,207169,13616
WONDERLA,17-JUN-2021,225.1,231.0,221.4,224.2,247443,119923,8437
WORTH,17-JUN-2021,78.5,79.45,76.6,77.0,26190,15941,326
WSTCSTPAPR,17-JUN-2021,236.1,243.95,235.0,236.2,383019,166089,11045
XCHANGING,17-JUN-2021,83.0,86.5,82.0,82.35,503389,262242,4744
XELPMOC,17-JUN-2021,285.0,285.0,265.5,274.3,34227,22658,2042
YESBANK,17-JUN-2021,13.9,14.1,13.7,13.75,104336143,50517418,102742
ZEEL,17-JUN-2021,225.9,231.45,222.2,223.75,19041251,5092329,96335
ZEELEARN,17-JUN-2021,18.5,18.9,16.9,17.2,6809916,4428702,9997
ZEEMEDIA,17-JUN-2021,10.65,11.3,10.45,10.5,9525930,5086960,7224
ZENSARTECH,17-JUN-2021,299.5,303.25,294.5,297.8,963640,604322,44912
ZENTEC,17-JUN-2021,86.4,86.9,83.35,84.3,443464,152464,7709
ZODIACLOTH,17-JUN-2021,104.5,107.05,103.3,104.15,50698,28892,1810
ZOTA,17-JUN-2021,171.05,174.55,169.05,169.75,8115,6052,279
ZUARI,17-JUN-2021,133.6,139.7,130.5,132.7,651145,242780,11170
ZUARIGLOB,17-JUN-2021,116.0,118.8,114.95,116.25,79805,54340,1183
ZYDUSWELL,17-JUN-2021,2030.0,2058.9,2014.0,2034.5,42354,30029,4803
