20MICRONS,01-JUL-2021,60.45,60.75,59.2,59.45,149027,101769,1902
21STCENMGM,01-JUL-2021,23.05,23.05,23.0,23.05,13436,9336,159
3MINDIA,01-JUL-2021,24360.0,24599.35,24250.0,24315.35,1236,681,774
3PLAND,01-JUL-2021,12.9,13.4,12.3,12.95,16112,13530,111
5PAISA,01-JUL-2021,419.0,424.0,417.0,418.95,10478,4418,449
AAKASH,01-JUL-2021,200.0,200.0,197.2,199.35,61891,14128,579
AARTIDRUGS,01-JUL-2021,709.65,711.9,704.0,704.85,127947,62047,6109
AARTIIND,01-JUL-2021,874.5,878.75,853.3,855.4,773644,329252,29043
AARTISURF,01-JUL-2021,1450.0,1460.0,1400.0,1432.0,18979,11953,2572
AARVI,01-JUL-2021,68.8,68.8,66.7,67.2,42049,21834,453
AAVAS,01-JUL-2021,2690.4,2700.0,2655.2,2691.45,18610,6406,3833
ABB,01-JUL-2021,1816.0,1826.95,1778.8,1793.7,69271,25747,6381
ABBOTINDIA,01-JUL-2021,16825.35,16875.0,16650.0,16736.35,8099,3824,4218
ABCAPITAL,01-JUL-2021,117.4,117.9,114.4,114.75,2642191,1469987,26002
ABFRL,01-JUL-2021,216.6,218.55,213.3,214.0,1560129,655802,16515
ABMINTLTD,01-JUL-2021,71.9,71.9,68.25,69.35,1756,1538,71
ABSLBANETF,01-JUL-2021,346.45,346.65,345.61,345.61,25,13,8
ABSLNN50ET,01-JUL-2021,393.15,393.15,390.01,393.15,201,155,14
ACC,01-JUL-2021,2021.8,2021.8,1991.7,1996.0,335738,109247,18569
ACCELYA,01-JUL-2021,1159.0,1193.7,1159.0,1185.1,77063,40578,4623
ACCURACY,01-JUL-2021,70.4,77.75,70.4,76.45,19371,14644,335
ACE,01-JUL-2021,228.3,229.45,222.0,223.0,408163,157372,10625
ACRYSIL,01-JUL-2021,620.0,639.9,615.0,622.95,81394,41727,4820
ADANIENT,01-JUL-2021,1509.55,1522.55,1482.9,1490.25,3759914,353774,75052
ADANIPORTS,01-JUL-2021,706.0,711.85,700.0,703.1,8035542,1725199,111500
ADFFOODS,01-JUL-2021,900.05,910.6,892.25,906.0,26095,13539,2870
ADORWELD,01-JUL-2021,679.95,716.3,675.95,707.9,159659,69385,10340
ADROITINFO,01-JUL-2021,12.8,12.8,12.8,12.8,2670,2670,15
ADSL,01-JUL-2021,63.5,66.25,63.05,66.25,459649,325246,3243
ADVANIHOTR,01-JUL-2021,69.0,69.75,66.4,66.75,36171,17933,621
ADVENZYMES,01-JUL-2021,417.35,421.0,400.0,409.25,648211,441859,9320
AEGISCHEM,01-JUL-2021,346.0,361.9,340.2,357.75,674187,221825,14852
AGARIND,01-JUL-2021,343.65,348.75,338.0,339.55,48767,34476,1425
AGRITECH,01-JUL-2021,47.6,47.6,45.3,45.6,11404,7302,152
AGROPHOS,01-JUL-2021,13.7,13.9,13.2,13.45,123789,70369,435
AHLADA,01-JUL-2021,201.0,214.5,183.0,214.5,190716,126594,2757
AHLEAST,01-JUL-2021,176.7,183.55,175.15,178.4,5055,3465,168
AHLUCONT,01-JUL-2021,414.75,426.1,392.0,396.1,131893,41635,10583
AHLWEST,01-JUL-2021,227.0,227.0,221.0,222.55,12641,2424,1245
AIAENG,01-JUL-2021,2179.5,2179.5,2095.0,2114.0,19283,9107,2973
AJANTPHARM,01-JUL-2021,2148.7,2150.0,2073.0,2098.65,148717,48695,15660
AJMERA,01-JUL-2021,268.5,279.0,267.85,270.25,145279,56645,3952
AKASH,01-JUL-2021,222.5,250.0,217.75,242.6,180696,83795,2130
AKG,01-JUL-2021,26.5,28.4,26.5,26.9,22051,17687,143
AKSHARCHEM,01-JUL-2021,344.5,351.0,342.0,345.8,30274,17865,1252
AKZOINDIA,01-JUL-2021,2340.1,2349.95,2322.0,2326.55,11832,7195,1957
ALANKIT,01-JUL-2021,25.3,25.55,21.2,24.35,2098055,834342,5079
ALBERTDAVD,01-JUL-2021,490.0,496.0,481.7,483.1,24748,11008,3173
ALEMBICLTD,01-JUL-2021,126.2,129.45,125.15,125.8,446579,150561,5943
ALICON,01-JUL-2021,592.35,643.5,580.05,633.75,131935,85413,5983
ALKALI,01-JUL-2021,71.05,72.85,70.2,71.15,24980,12878,596
ALKEM,01-JUL-2021,3197.35,3230.0,3184.75,3219.5,84286,37562,11898
ALKYLAMINE,01-JUL-2021,3590.0,3824.5,3590.0,3703.5,196356,74508,24368
ALLCARGO,01-JUL-2021,159.85,159.85,152.85,153.8,1061082,546673,9002
ALLSEC,01-JUL-2021,388.5,392.95,381.0,384.25,15184,4388,1299
ALMONDZ,01-JUL-2021,57.8,58.2,56.1,58.2,17375,12586,270
ALOKINDS,01-JUL-2021,27.3,27.8,26.9,27.2,7217748,3795331,15524
ALPHAGEO,01-JUL-2021,307.5,310.9,295.0,296.25,44983,28808,2253
AMARAJABAT,01-JUL-2021,745.1,748.65,742.05,744.85,629776,298713,20217
AMBER,01-JUL-2021,2928.0,2959.85,2906.0,2911.9,49308,24715,8185
AMBICAAGAR,01-JUL-2021,22.55,23.3,21.35,21.7,110273,63805,568
AMBIKCO,01-JUL-2021,1184.0,1185.55,1166.4,1172.55,15866,7890,3936
AMBUJACEM,01-JUL-2021,341.3,342.6,338.6,340.3,1909998,976959,22507
AMDIND,01-JUL-2021,26.5,28.45,26.5,28.0,103354,75247,618
AMJLAND,01-JUL-2021,31.75,34.9,31.4,33.6,506443,281564,2876
AMRUTANJAN,01-JUL-2021,707.45,717.8,702.0,711.25,68906,30619,5102
ANDHRAPAP,01-JUL-2021,253.5,262.5,243.2,245.35,63924,34058,2868
ANDHRSUGAR,01-JUL-2021,570.0,584.6,550.0,555.35,881569,252226,23958
ANGELBRKG,01-JUL-2021,862.9,892.25,852.1,875.05,311624,138538,13747
ANIKINDS,01-JUL-2021,24.75,24.75,23.5,24.75,245216,142222,698
ANMOL,01-JUL-2021,147.0,166.75,147.0,162.85,29070,3594,233
ANSALHSG,01-JUL-2021,8.4,8.4,7.85,7.95,1357466,1029690,1140
ANUP,01-JUL-2021,870.0,879.9,859.85,866.45,16210,9243,1348
ANURAS,01-JUL-2021,765.0,770.0,745.0,754.7,127782,31549,8165
APARINDS,01-JUL-2021,520.0,534.0,515.05,529.05,84329,48160,3819
APCL,01-JUL-2021,349.95,383.0,342.05,368.3,258929,103647,10940
APCOTEXIND,01-JUL-2021,324.9,324.9,312.65,314.15,52098,27306,3224
APEX,01-JUL-2021,292.45,348.3,292.45,341.1,3253159,784227,57391
APLAPOLLO,01-JUL-2021,1630.0,1678.0,1628.0,1642.6,225164,145830,13510
APLLTD,01-JUL-2021,985.0,990.7,975.0,979.65,255363,128851,9887
APOLLO,01-JUL-2021,115.8,116.45,110.0,114.05,124613,56846,2348
APOLLOHOSP,01-JUL-2021,3619.85,3696.95,3595.0,3678.45,876022,226090,48721
APOLLOPIPE,01-JUL-2021,1058.0,1075.0,1027.85,1035.0,73302,58894,2808
APOLLOTYRE,01-JUL-2021,226.1,228.6,224.5,227.85,2976390,865504,21069
APOLSINHOT,01-JUL-2021,836.0,865.0,813.8,829.95,2141,993,311
APTECHT,01-JUL-2021,242.9,246.25,239.1,242.45,320314,53133,11913
ARCHIES,01-JUL-2021,18.75,18.75,17.05,17.7,374308,216680,1874
ARENTERP,01-JUL-2021,17.1,17.1,17.1,17.1,2851,1851,15
ARIES,01-JUL-2021,135.0,137.2,131.25,131.95,284472,83784,8057
ARIHANTCAP,01-JUL-2021,128.55,129.0,126.1,126.5,7735,4929,243
ARMANFIN,01-JUL-2021,656.55,670.95,638.0,641.7,10505,5658,1213
AROGRANITE,01-JUL-2021,68.5,72.45,68.5,69.95,882692,337693,8536
ARSHIYA,01-JUL-2021,33.95,35.2,33.15,34.6,149546,102193,584
ARVIND,01-JUL-2021,78.5,80.5,77.7,77.9,851943,565152,4590
ARVINDFASN,01-JUL-2021,137.65,139.95,136.6,136.95,592734,483713,4755
ARVSMART,01-JUL-2021,104.2,108.0,103.85,105.7,199523,157821,2374
ASAHIINDIA,01-JUL-2021,339.0,350.0,333.75,337.25,198729,53412,6120
ASAHISONG,01-JUL-2021,336.65,341.0,334.9,337.7,13592,8600,805
ASALCBR,01-JUL-2021,484.5,493.3,484.5,489.75,79340,43974,3050
ASHIANA,01-JUL-2021,138.65,138.65,135.05,135.4,40363,22776,1364
ASHOKA,01-JUL-2021,111.6,112.5,108.75,109.25,2733018,919201,14574
ASHOKLEY,01-JUL-2021,123.8,125.4,122.25,122.45,21342688,6200869,73832
ASIANHOTNR,01-JUL-2021,91.65,91.95,89.0,90.4,10678,6500,269
ASIANPAINT,01-JUL-2021,3008.0,3026.9,2997.0,3021.6,848235,371074,41304
ASIANTILES,01-JUL-2021,186.5,188.0,183.0,184.25,253699,126423,6397
ASPINWALL,01-JUL-2021,193.95,193.95,189.05,192.15,1245,574,79
ASTEC,01-JUL-2021,1353.6,1359.65,1333.55,1341.25,9844,5241,1493
ASTERDM,01-JUL-2021,154.3,158.5,153.75,155.05,796572,445559,8505
ASTRAL,01-JUL-2021,2004.0,2039.0,1975.1,2024.2,213548,105501,21963
ASTRAMICRO,01-JUL-2021,167.6,170.25,165.2,165.75,767130,264316,11847
ASTRAZEN,01-JUL-2021,3611.0,3628.25,3591.0,3599.15,17784,7515,3265
ASTRON,01-JUL-2021,56.85,57.9,54.7,55.15,341171,159450,3471
ATFL,01-JUL-2021,965.0,993.0,960.05,963.1,52167,14219,3981
ATUL,01-JUL-2021,8926.0,8975.8,8875.0,8952.2,12335,8367,3794
ATULAUTO,01-JUL-2021,187.65,190.5,186.2,187.4,222407,80390,5728
AUBANK,01-JUL-2021,1042.0,1044.9,1020.05,1022.65,900991,234218,27226
AURIONPRO,01-JUL-2021,165.0,172.0,163.15,165.95,388901,158901,10389
AUROPHARMA,01-JUL-2021,965.3,978.0,956.1,968.05,1826444,886001,30023
AUSOMENT,01-JUL-2021,77.2,90.5,75.55,88.7,237848,55910,3758
AUTOAXLES,01-JUL-2021,1341.0,1389.0,1322.0,1349.65,15662,6632,3129
AVADHSUGAR,01-JUL-2021,494.35,512.0,470.0,500.35,552073,124631,18065
AVANTIFEED,01-JUL-2021,549.0,578.0,544.8,572.45,1074567,291543,29459
AVTNPL,01-JUL-2021,71.4,73.4,68.75,71.95,577655,249103,7186
AWHCL,01-JUL-2021,324.7,326.15,319.0,321.55,65507,36220,2659
AXISBANK,01-JUL-2021,750.0,754.4,744.5,746.45,5695690,1807546,71561
AXISBNKETF,01-JUL-2021,347.66,349.27,345.0,345.25,155,155,22
AXISBPSETF,01-JUL-2021,10.15,10.15,10.13,10.15,3876,2866,66
AXISGOLD,01-JUL-2021,40.55,40.99,40.55,40.92,130962,100217,3941
AXISHCETF,01-JUL-2021,87.8,88.4,87.6,87.86,3987,3682,179
AXISNIFTY,01-JUL-2021,164.23,174.88,163.17,163.19,3667,3167,139
AXISTECETF,01-JUL-2021,295.0,295.0,287.65,289.5,717,588,39
AYMSYNTEX,01-JUL-2021,74.05,76.3,74.05,75.0,33427,29274,196
BAFNAPH,01-JUL-2021,139.0,145.55,134.6,138.35,9092,4443,507
BAJAJ-AUTO,01-JUL-2021,4141.0,4250.0,4141.0,4204.55,755502,149677,50847
BAJAJCON,01-JUL-2021,287.0,291.5,286.1,287.7,269381,112352,8597
BAJAJELEC,01-JUL-2021,1036.6,1053.95,1026.95,1043.75,102688,43178,10564
BAJAJFINSV,01-JUL-2021,12198.0,12198.0,11801.0,11816.45,321521,116091,43679
BAJAJHIND,01-JUL-2021,21.35,21.35,20.5,21.35,24611691,14971578,11958
BAJAJHLDNG,01-JUL-2021,3586.0,3648.9,3586.0,3617.75,13824,6999,3990
BAJFINANCE,01-JUL-2021,6040.0,6040.0,5940.0,5967.15,1120601,270861,76301
BALAJITELE,01-JUL-2021,64.65,66.15,64.15,64.75,242244,101313,2249
BALAMINES,01-JUL-2021,2695.0,2829.0,2670.0,2804.4,235637,102437,16999
BALAXI,01-JUL-2021,587.7,592.7,575.8,578.0,2010,1349,225
BALKRISIND,01-JUL-2021,2256.0,2289.0,2242.0,2274.9,266362,73711,16939
BALMLAWRIE,01-JUL-2021,140.0,140.65,138.4,138.8,297982,155006,4528
BALRAMCHIN,01-JUL-2021,359.0,363.85,350.1,356.3,888842,224515,16688
BANARBEADS,01-JUL-2021,57.85,58.6,56.55,57.1,6781,3744,141
BANARISUG,01-JUL-2021,1875.9,1886.45,1820.0,1827.5,3892,1737,590
BANCOINDIA,01-JUL-2021,159.0,163.75,158.7,161.3,290770,132916,5546
BANDHANBNK,01-JUL-2021,332.4,332.4,325.5,326.3,2418000,619140,36216
BANG,01-JUL-2021,33.7,39.9,32.85,37.75,503407,144913,2645
BANKA,01-JUL-2021,68.1,68.95,65.05,65.4,12487,10863,158
BANKBARODA,01-JUL-2021,86.35,87.0,85.3,86.05,31593866,4070423,54102
BANKBEES,01-JUL-2021,355.0,359.0,349.05,349.66,542743,266509,5190
BANKINDIA,01-JUL-2021,78.4,78.75,77.4,77.65,2461643,589269,10936
BARBEQUE,01-JUL-2021,894.6,914.0,886.25,897.3,72078,23943,4322
BASF,01-JUL-2021,2620.0,2638.0,2565.0,2584.7,36970,13134,4773
BATAINDIA,01-JUL-2021,1605.0,1605.0,1583.05,1596.85,126348,23263,7572
BAYERCROP,01-JUL-2021,5820.0,5920.0,5705.0,5721.7,37069,15177,9527
BBL,01-JUL-2021,1247.7,1254.3,1231.0,1238.4,6556,3511,1710
BBTC,01-JUL-2021,1330.0,1339.9,1311.3,1317.55,46260,21966,3628
BCG,01-JUL-2021,23.45,23.45,23.45,23.45,425379,425379,431
BCLIND,01-JUL-2021,269.9,279.0,266.1,276.1,197232,89204,11583
BDL,01-JUL-2021,362.95,369.5,359.25,361.45,670409,225286,17243
BECTORFOOD,01-JUL-2021,402.15,404.5,398.5,399.75,120157,69051,4647
BEL,01-JUL-2021,177.8,185.9,177.1,184.65,29278526,6407615,146830
BEML,01-JUL-2021,1342.45,1379.9,1333.25,1355.4,1044834,184015,35997
BEPL,01-JUL-2021,177.65,179.5,175.2,176.35,733108,298437,9165
BERGEPAINT,01-JUL-2021,810.0,810.0,800.15,809.0,469367,122744,14988
BESTAGRO,01-JUL-2021,367.0,370.25,363.7,370.2,88204,62635,1941
BFINVEST,01-JUL-2021,366.4,371.4,356.35,359.5,57181,16120,2799
BFUTILITIE,01-JUL-2021,484.95,485.45,461.5,464.45,361392,154762,10958
BGRENERGY,01-JUL-2021,68.2,68.2,65.8,66.6,337523,169509,3507
BHAGERIA,01-JUL-2021,260.9,266.0,256.7,262.35,77050,41244,2935
BHAGYANGR,01-JUL-2021,49.4,49.4,48.05,49.0,16204,9195,182
BHAGYAPROP,01-JUL-2021,28.45,29.35,28.45,29.05,12035,6849,108
BHANDARI,01-JUL-2021,3.55,3.55,3.4,3.55,519116,402983,368
BHARATFORG,01-JUL-2021,762.0,770.0,759.55,765.65,1094294,221819,22058
BHARATGEAR,01-JUL-2021,107.1,107.9,90.2,103.25,143700,35041,2661
BHARATRAS,01-JUL-2021,14875.0,15100.0,13940.0,14091.65,19061,4455,8652
BHARATWIRE,01-JUL-2021,79.7,79.7,72.2,77.4,170355,103754,1181
BHARTIARTL,01-JUL-2021,529.0,531.0,522.0,522.65,6454014,3227982,129105
BHEL,01-JUL-2021,65.85,65.85,64.65,64.95,31115771,4715070,48403
BIGBLOC,01-JUL-2021,96.05,100.5,93.15,99.55,7885,3192,106
BINDALAGRO,01-JUL-2021,29.9,31.0,28.15,28.45,1002525,437430,4721
BIOCON,01-JUL-2021,404.5,409.9,403.5,406.15,1608707,419281,22733
BIOFILCHEM,01-JUL-2021,67.55,67.55,65.05,66.85,39163,25720,762
BIRLACORPN,01-JUL-2021,1218.0,1230.2,1186.8,1199.3,175763,115811,13389
BIRLAMONEY,01-JUL-2021,55.7,57.3,54.4,56.65,445772,134022,5368
BIRLATYRE,01-JUL-2021,29.5,30.15,29.45,29.65,538241,341917,2792
BLBLIMITED,01-JUL-2021,9.35,9.35,8.9,9.2,86681,56874,308
BLISSGVS,01-JUL-2021,107.45,108.6,106.7,107.25,192441,82317,3918
BLKASHYAP,01-JUL-2021,25.05,25.35,24.05,24.4,213182,134950,637
BLS,01-JUL-2021,129.0,130.35,127.0,128.0,196264,72221,10730
BLUEDART,01-JUL-2021,5821.0,5899.95,5780.0,5807.1,21325,12129,3839
BLUESTARCO,01-JUL-2021,818.0,828.2,812.05,820.75,53945,26003,4053
BODALCHEM,01-JUL-2021,102.25,103.25,101.05,101.4,483392,203079,5028
BOMDYEING,01-JUL-2021,86.8,87.45,84.65,85.0,2150928,691158,10755
BOROLTD,01-JUL-2021,220.0,222.25,219.2,220.7,89438,43835,2354
BOSCHLTD,01-JUL-2021,15100.0,15243.5,14980.7,15187.6,17673,7304,4393
BPCL,01-JUL-2021,468.1,468.9,462.0,462.75,2878513,1469853,40327
BPL,01-JUL-2021,35.6,36.45,35.2,35.8,163121,87279,1382
BRIGADE,01-JUL-2021,279.0,283.7,272.95,275.2,172958,92812,7483
BRITANNIA,01-JUL-2021,3640.0,3661.0,3580.65,3595.8,612678,452927,23396
BRNL,01-JUL-2021,33.55,33.55,32.1,32.9,69559,38336,766
BROOKS,01-JUL-2021,93.1,93.1,93.1,93.1,23531,21131,127
BSE,01-JUL-2021,905.45,906.95,889.0,893.3,296282,101614,12990
BSELINFRA,01-JUL-2021,1.6,1.6,1.6,1.6,4688,4688,25
BSHSL,01-JUL-2021,230.1,236.95,216.1,225.95,17647,6688,483
BSL,01-JUL-2021,55.4,56.3,55.25,56.15,12092,8322,396
BSLGOLDETF,01-JUL-2021,4316.0,4320.0,4294.05,4314.25,125,88,81
BSLNIFTY,01-JUL-2021,175.59,175.59,173.35,173.42,225,110,27
BSOFT,01-JUL-2021,402.6,406.5,393.0,403.7,1343226,354692,27647
BURGERKING,01-JUL-2021,159.7,162.35,158.0,159.15,1179360,402530,13710
CADILAHC,01-JUL-2021,649.1,649.1,633.15,639.2,5465599,1411833,59357
CAMLINFINE,01-JUL-2021,187.55,199.4,181.0,196.4,3163968,866140,35246
CAMS,01-JUL-2021,2800.0,2807.1,2771.05,2781.95,45653,22726,6974
CANBK,01-JUL-2021,152.6,154.95,151.15,153.6,10659224,3235999,33071
CANFINHOME,01-JUL-2021,523.55,525.85,519.1,521.1,193516,99091,7217
CANTABIL,01-JUL-2021,417.7,419.0,407.35,409.7,73249,28922,7349
CAPACITE,01-JUL-2021,194.65,208.2,193.25,203.05,630649,368654,15615
CAPLIPOINT,01-JUL-2021,670.0,674.8,661.5,670.55,119234,41844,5229
CAPTRUST,01-JUL-2021,118.9,123.0,111.85,114.7,99605,49466,2271
CARBORUNIV,01-JUL-2021,610.0,645.0,607.25,634.2,1009344,251238,29924
CAREERP,01-JUL-2021,135.0,141.0,134.1,137.05,170236,64554,4615
CARERATING,01-JUL-2021,710.8,711.45,688.5,693.5,227563,136042,12840
CASTROLIND,01-JUL-2021,143.65,144.4,142.1,142.25,512019,275287,8349
CCL,01-JUL-2021,362.85,366.0,353.0,357.95,195229,110697,9326
CDSL,01-JUL-2021,983.35,995.0,975.0,981.9,294473,144776,17376
CEATLTD,01-JUL-2021,1358.0,1369.75,1352.7,1365.35,144320,54699,9313
CEBBCO,01-JUL-2021,32.45,34.05,32.4,34.05,394361,303975,1579
CELEBRITY,01-JUL-2021,9.9,9.9,9.0,9.15,168762,135618,523
CENTENKA,01-JUL-2021,395.1,398.95,393.0,395.15,92721,31225,7632
CENTEXT,01-JUL-2021,10.45,10.45,9.9,9.95,474026,337079,888
CENTRALBK,01-JUL-2021,28.4,29.1,27.65,27.9,33155114,10813826,41331
CENTRUM,01-JUL-2021,48.85,49.2,46.85,47.45,2418731,1539772,6646
CENTUM,01-JUL-2021,406.75,406.75,388.95,391.65,12571,8776,692
CENTURYPLY,01-JUL-2021,414.95,424.0,407.0,409.45,262082,131664,22133
CENTURYTEX,01-JUL-2021,619.0,624.75,615.2,617.65,518444,80448,8670
CERA,01-JUL-2021,4518.0,4518.0,4451.0,4489.55,6496,3367,2050
CEREBRAINT,01-JUL-2021,60.05,60.75,55.3,58.3,1086925,511939,11165
CESC,01-JUL-2021,770.0,774.3,766.0,770.45,192813,90660,12042
CGCL,01-JUL-2021,536.0,536.0,527.0,529.3,28104,4519,4550
CHALET,01-JUL-2021,178.45,178.45,174.4,176.8,61796,26500,2070
CHAMBLFERT,01-JUL-2021,309.0,309.0,299.0,299.95,690023,261917,20909
CHEMBOND,01-JUL-2021,213.8,219.1,210.75,216.95,76812,41157,2613
CHEMCON,01-JUL-2021,484.7,511.0,478.95,497.35,1542369,282467,43860
CHEMFAB,01-JUL-2021,147.55,147.55,146.15,147.15,5947,3595,120
CHENNPETRO,01-JUL-2021,146.05,146.55,142.2,143.4,390120,131765,5230
CHOLAFIN,01-JUL-2021,514.0,515.25,502.75,506.15,4718848,2657374,140433
CHOLAHLDNG,01-JUL-2021,665.3,675.0,655.0,658.65,94467,80911,2225
CIGNITITEC,01-JUL-2021,645.35,668.0,634.35,649.05,391657,153127,12079
CINELINE,01-JUL-2021,48.8,48.8,46.1,47.55,67490,41333,636
CIPLA,01-JUL-2021,977.2,980.0,967.2,978.1,2291137,797296,58009
CLEDUCATE,01-JUL-2021,116.1,119.5,113.35,114.5,22329,14993,444
CLNINDIA,01-JUL-2021,582.7,585.5,574.0,579.35,62454,34123,3269
CLSEL,01-JUL-2021,130.0,130.0,126.0,126.75,38969,22684,912
CMICABLES,01-JUL-2021,53.35,54.7,52.0,53.3,63456,33014,584
COALINDIA,01-JUL-2021,146.6,147.3,145.5,145.65,5668038,1466524,34005
COCHINSHIP,01-JUL-2021,388.65,389.3,384.6,387.15,190322,92606,7160
COFFEEDAY,01-JUL-2021,38.7,41.95,38.5,41.3,2535297,1330531,10741
COFORGE,01-JUL-2021,4159.9,4205.1,4106.5,4193.6,284271,110487,22079
COLPAL,01-JUL-2021,1702.0,1737.45,1691.15,1708.2,1193157,460809,47365
COMPINFO,01-JUL-2021,30.1,32.4,29.65,31.2,1707963,870877,6140
CONCOR,01-JUL-2021,700.5,704.2,685.8,687.0,912047,367992,17420
CONFIPET,01-JUL-2021,59.15,59.45,57.5,58.05,555502,383227,4084
CONSOFINVT,01-JUL-2021,100.0,106.85,99.85,106.85,91239,82353,540
CONTROLPR,01-JUL-2021,374.9,377.95,365.6,371.8,14839,8452,1011
CORALFINAC,01-JUL-2021,47.5,50.2,46.5,48.0,244820,91743,3216
CORDSCABLE,01-JUL-2021,68.4,68.5,61.2,64.6,442058,194034,4431
COROMANDEL,01-JUL-2021,897.85,916.25,890.0,914.05,395102,139768,21364
COSMOFILMS,01-JUL-2021,987.0,1047.95,971.0,975.65,418950,108302,22672
CPSEETF,01-JUL-2021,26.23,26.34,25.91,26.25,1503750,1307278,8212
CRAFTSMAN,01-JUL-2021,1780.0,1797.95,1761.35,1784.95,10393,5078,1941
CREATIVE,01-JUL-2021,186.95,186.95,186.95,186.95,34727,34727,191
CREATIVEYE,01-JUL-2021,3.0,3.0,2.85,3.0,1051,1051,9
CREDITACC,01-JUL-2021,710.0,733.6,709.5,721.55,193200,71777,12493
CREST,01-JUL-2021,102.8,117.0,101.05,109.85,202353,97224,3065
CRISIL,01-JUL-2021,2542.0,2590.0,2530.25,2573.9,16025,7784,2653
CROMPTON,01-JUL-2021,435.0,436.9,426.6,429.5,616360,295223,40453
CSBBANK,01-JUL-2021,347.25,349.5,339.0,340.55,300579,141349,6990
CTE,01-JUL-2021,37.6,37.6,37.6,37.6,20678,20678,56
CUB,01-JUL-2021,167.6,167.85,164.75,165.1,1134525,592403,11398
CUMMINSIND,01-JUL-2021,904.95,910.0,886.1,889.6,2181638,312178,46719
CUPID,01-JUL-2021,226.9,227.35,224.0,225.2,57245,36204,1976
CYBERMEDIA,01-JUL-2021,10.65,10.9,10.35,10.55,7812,6082,81
CYBERTECH,01-JUL-2021,156.8,164.8,154.3,158.7,1522020,563921,23833
CYIENT,01-JUL-2021,869.0,894.9,865.95,886.1,267213,127884,17939
DAAWAT,01-JUL-2021,74.5,75.25,73.85,74.0,1316266,362391,9243
DABUR,01-JUL-2021,572.4,591.45,569.9,589.75,5398923,1548805,89858
DALBHARAT,01-JUL-2021,1893.0,1920.85,1877.1,1890.25,119730,78212,14915
DALMIASUG,01-JUL-2021,470.0,477.55,458.15,470.85,280999,73715,10446
DAMODARIND,01-JUL-2021,41.5,50.5,41.5,50.35,1111508,348974,10993
DATAMATICS,01-JUL-2021,190.8,194.6,183.3,189.05,365069,141550,8595
DBCORP,01-JUL-2021,101.8,104.0,101.1,103.25,348827,106023,4990
DBL,01-JUL-2021,576.8,579.45,567.05,572.5,356379,75862,9550
DBREALTY,01-JUL-2021,24.6,25.45,24.3,24.6,367269,207634,1623
DCAL,01-JUL-2021,214.4,217.0,211.2,214.1,569987,284277,8772
DCBBANK,01-JUL-2021,103.5,104.0,102.45,102.85,845012,455144,7277
DCMFINSERV,01-JUL-2021,3.8,3.8,3.8,3.8,4772,4772,9
DCMNVL,01-JUL-2021,134.85,134.9,127.15,128.0,61392,43682,763
DCMSHRIRAM,01-JUL-2021,912.0,924.6,895.1,900.25,238727,47472,10463
DCW,01-JUL-2021,40.25,40.3,39.15,39.3,1649735,767983,6911
DECCANCE,01-JUL-2021,595.9,595.9,577.05,582.55,46110,24276,2875
DEEPAKNTR,01-JUL-2021,1824.95,1889.95,1815.1,1882.35,3511656,716355,124228
DEEPENR,01-JUL-2021,44.3,44.3,43.1,43.4,43681,26590,818
DEEPINDS,01-JUL-2021,82.95,85.0,82.0,83.45,81404,49121,1837
DELTACORP,01-JUL-2021,178.0,184.2,176.8,182.75,3141000,792684,24792
DEN,01-JUL-2021,56.65,56.75,54.6,54.9,2020916,1092731,6651
DENORA,01-JUL-2021,336.95,344.0,331.4,336.8,9381,5372,583
DFMFOODS,01-JUL-2021,396.0,398.5,392.85,396.55,83701,37412,2441
DHAMPURSUG,01-JUL-2021,371.4,376.0,364.0,367.95,514934,148268,10687
DHANBANK,01-JUL-2021,15.9,15.95,15.75,15.8,609913,365581,1495
DHANI,01-JUL-2021,179.65,179.65,175.5,175.85,233212,142904,3612
DHANUKA,01-JUL-2021,965.15,1009.25,957.9,974.0,318777,109237,15765
DHARSUGAR,01-JUL-2021,30.95,30.95,28.65,30.95,485539,298865,1458
DHUNINV,01-JUL-2021,547.95,547.95,514.65,522.65,6946,4013,466
DIAMONDYD,01-JUL-2021,675.0,685.05,658.55,665.2,39972,9114,4463
DICIND,01-JUL-2021,495.95,495.95,475.55,480.65,6469,4026,497
DISHTV,01-JUL-2021,13.35,14.15,12.9,13.7,17841459,7182912,21883
DIVISLAB,01-JUL-2021,4417.0,4453.9,4412.85,4435.7,321217,99607,34047
DIXON,01-JUL-2021,4434.0,4452.8,4370.0,4411.5,109260,64256,15137
DLF,01-JUL-2021,282.6,285.95,279.45,280.25,4909910,1167232,42540
DLINKINDIA,01-JUL-2021,143.5,144.35,140.15,141.5,1204176,305735,12519
DMART,01-JUL-2021,3373.7,3373.7,3305.0,3315.65,155967,64649,17806
DNAMEDIA,01-JUL-2021,3.4,3.4,3.4,3.4,98009,97994,124
DODLA,01-JUL-2021,575.25,587.5,574.6,578.65,549079,122002,16573
DOLAT,01-JUL-2021,74.75,78.95,74.15,78.25,788661,327192,7522
DOLLAR,01-JUL-2021,304.05,315.0,303.3,310.35,235309,98065,7767
DONEAR,01-JUL-2021,44.4,48.7,43.3,47.35,1302176,592202,7733
DPABHUSHAN,01-JUL-2021,165.0,165.0,161.0,161.95,7582,6273,132
DPSCLTD,01-JUL-2021,18.6,18.6,18.05,18.1,47428,32931,358
DPWIRES,01-JUL-2021,175.5,176.8,172.55,175.55,14647,11245,470
DREDGECORP,01-JUL-2021,395.15,403.95,395.15,396.75,114361,42711,3620
DRREDDY,01-JUL-2021,5426.0,5580.0,5412.4,5558.5,831550,278076,60582
DSSL,01-JUL-2021,166.0,169.8,151.0,153.65,142325,64499,3751
DTIL,01-JUL-2021,472.0,472.0,461.25,465.65,11676,7474,797
DVL,01-JUL-2021,242.8,243.25,232.5,233.75,53100,30298,2170
DWARKESH,01-JUL-2021,77.1,79.2,75.3,77.8,4967830,1289478,19447
DYNAMATECH,01-JUL-2021,1434.0,1449.5,1419.85,1436.15,4273,2637,682
DYNPRO,01-JUL-2021,457.0,465.15,452.6,462.55,35239,17060,2845
EASEMYTRIP,01-JUL-2021,395.1,398.45,389.25,390.5,606626,234589,11334
EBANK,01-JUL-2021,3898.29,3898.29,3898.29,3898.29,1,1,1
EBBETF0423,01-JUL-2021,1135.0,1138.0,1135.0,1138.0,34682,34584,93
EBBETF0425,01-JUL-2021,1047.0,1048.0,1045.58,1047.72,7296,7242,56
EBBETF0430,01-JUL-2021,1160.94,1160.99,1159.15,1160.43,15639,15434,164
EBBETF0431,01-JUL-2021,1041.45,1041.45,1040.15,1041.04,10342,10014,172
EBIXFOREX,01-JUL-2021,680.0,680.0,636.65,651.45,14681,7373,869
EDELWEISS,01-JUL-2021,72.9,73.85,71.65,72.1,1314939,784247,5705
EICHERMOT,01-JUL-2021,2680.0,2709.0,2667.9,2675.3,463026,188139,30624
EIDPARRY,01-JUL-2021,425.0,434.3,413.0,415.0,888664,417069,18304
EIHAHOTELS,01-JUL-2021,354.8,354.85,349.25,352.05,5504,3047,277
EIHOTEL,01-JUL-2021,112.5,112.5,110.5,111.15,173792,74217,3251
EIMCOELECO,01-JUL-2021,410.9,425.95,395.0,410.4,44739,23270,2723
ELECON,01-JUL-2021,138.4,139.4,134.0,137.95,756309,221846,10463
ELECTCAST,01-JUL-2021,37.5,38.0,37.15,37.8,529580,321868,2052
ELECTHERM,01-JUL-2021,170.1,173.9,165.75,168.25,30529,15567,863
ELGIEQUIP,01-JUL-2021,207.1,209.0,206.3,208.15,40608,27875,1574
ELGIRUBCO,01-JUL-2021,37.8,38.55,37.5,37.85,87365,72820,341
EMAMILTD,01-JUL-2021,562.55,574.0,550.3,561.5,674464,271205,22787
EMAMIPAP,01-JUL-2021,160.0,163.0,154.05,155.4,107761,35036,2738
EMAMIREAL,01-JUL-2021,65.0,66.45,61.0,64.4,154679,80165,1780
EMKAY,01-JUL-2021,91.0,92.7,87.15,87.7,209699,120253,2898
EMMBI,01-JUL-2021,103.25,103.45,99.2,99.95,30552,20617,945
ENDURANCE,01-JUL-2021,1636.85,1715.55,1632.0,1650.55,383674,128958,21772
ENERGYDEV,01-JUL-2021,13.5,13.5,12.85,12.85,73808,64293,258
ENGINERSIN,01-JUL-2021,79.85,79.95,78.8,78.95,1314154,838223,15884
ENIL,01-JUL-2021,178.5,178.5,169.95,172.6,184480,56253,10770
EPL,01-JUL-2021,282.3,284.05,276.0,278.95,477415,420524,8433
EQ30,01-JUL-2021,417.8,417.8,378.01,380.92,519,226,148
EQUITAS,01-JUL-2021,94.0,94.0,92.0,92.45,701204,363944,8083
EQUITASBNK,01-JUL-2021,58.85,59.5,58.5,58.9,167730,87462,2495
ERIS,01-JUL-2021,708.0,782.0,696.0,768.25,1376274,244372,49818
EROSMEDIA,01-JUL-2021,27.0,27.45,25.7,25.95,635350,476202,2804
ESABINDIA,01-JUL-2021,1869.0,1873.95,1831.15,1844.75,4156,2226,1025
ESCORTS,01-JUL-2021,1235.85,1241.85,1197.55,1200.85,2930696,726222,76161
ESTER,01-JUL-2021,135.7,137.95,132.2,133.3,222196,125329,3912
EVEREADY,01-JUL-2021,310.7,313.9,305.15,310.25,222584,101811,4643
EVERESTIND,01-JUL-2021,376.65,381.55,371.2,376.1,55576,34065,2020
EXCELINDUS,01-JUL-2021,1070.0,1098.0,1066.05,1077.2,15853,7068,2808
EXIDEIND,01-JUL-2021,181.8,183.0,181.05,181.9,1372193,505653,16628
EXPLEOSOL,01-JUL-2021,820.0,828.95,791.1,816.2,62190,24343,8310
FACT,01-JUL-2021,137.95,141.0,136.0,139.9,461624,85890,6457
FAIRCHEMOR,01-JUL-2021,1470.0,1519.95,1470.0,1507.2,28328,15115,1921
FCL,01-JUL-2021,87.45,88.0,84.6,85.5,441475,245291,4173
FCONSUMER,01-JUL-2021,9.9,9.9,9.55,9.6,5062539,3144393,5401
FDC,01-JUL-2021,354.8,364.0,348.0,359.0,193969,67765,7015
FEDERALBNK,01-JUL-2021,86.8,86.9,85.8,86.0,8653163,2153378,23005
FEL,01-JUL-2021,12.0,12.0,11.3,11.35,1508014,1083608,2006
FELDVR,01-JUL-2021,14.75,14.75,13.95,14.0,39765,28375,163
FIEMIND,01-JUL-2021,805.0,818.95,736.1,746.65,381049,113511,18310
FILATEX,01-JUL-2021,97.4,99.5,96.25,96.6,250398,133410,3100
FINCABLES,01-JUL-2021,530.0,530.0,520.0,525.2,338276,178414,14472
FINEORG,01-JUL-2021,2922.95,2922.95,2881.25,2888.85,18608,12330,2976
FINPIPE,01-JUL-2021,185.9,186.45,182.5,184.25,989350,436551,15870
FLFL,01-JUL-2021,77.5,77.5,74.5,74.95,85464,48071,1399
FLUOROCHEM,01-JUL-2021,1163.0,1174.0,1122.0,1131.45,90130,41901,8606
FMGOETZE,01-JUL-2021,320.4,325.2,311.05,314.15,232377,136453,6474
FMNL,01-JUL-2021,20.0,20.0,18.8,19.35,78462,47045,288
FORCEMOT,01-JUL-2021,1233.8,1233.8,1212.0,1215.45,16538,7007,2430
FORTIS,01-JUL-2021,244.75,249.5,242.85,247.05,5047736,1754953,46004
FOSECOIND,01-JUL-2021,1581.65,1608.0,1538.2,1543.4,12172,4629,1375
FRETAIL,01-JUL-2021,66.5,66.75,64.2,64.7,1718140,906712,10070
FSL,01-JUL-2021,188.75,197.4,186.0,192.05,14251894,2969894,93942
GABRIEL,01-JUL-2021,120.85,122.2,120.6,121.2,247822,125644,3165
GAEL,01-JUL-2021,174.7,187.4,171.45,182.05,3154537,778949,33907
GAIL,01-JUL-2021,150.7,153.75,150.0,153.0,12360920,2920642,57269
GALAXYSURF,01-JUL-2021,3048.5,3052.3,2991.05,3022.45,40456,24519,9225
GALLANTT,01-JUL-2021,79.05,79.15,76.0,76.65,180458,94242,2979
GALLISPAT,01-JUL-2021,58.05,58.25,54.45,55.05,151008,81198,2937
GAMMNINFRA,01-JUL-2021,2.25,2.35,2.2,2.2,13701663,7314124,2535
GANDHITUBE,01-JUL-2021,424.75,463.95,423.0,452.3,139456,52572,6985
GANECOS,01-JUL-2021,544.0,546.7,531.6,539.05,14204,10359,723
GANGESSECU,01-JUL-2021,85.1,87.75,81.2,83.8,37537,19149,1037
GARFIBRES,01-JUL-2021,3399.0,3430.0,3348.15,3394.85,6978,3444,2510
GATI,01-JUL-2021,161.95,164.7,159.0,162.05,1322253,440867,17556
GAYAPROJ,01-JUL-2021,31.75,33.4,31.6,32.55,1467818,754392,4732
GEECEE,01-JUL-2021,155.4,160.5,155.0,156.3,24041,16339,459
GEEKAYWIRE,01-JUL-2021,89.55,99.0,88.35,94.2,262508,125309,2276
GENCON,01-JUL-2021,47.2,48.8,46.05,46.45,64145,36185,531
GENESYS,01-JUL-2021,128.9,133.55,128.5,131.0,41715,25704,759
GENUSPAPER,01-JUL-2021,12.4,12.65,11.8,11.9,1699310,1005662,3444
GENUSPOWER,01-JUL-2021,68.2,68.3,63.7,66.05,3613312,1332414,23261
GEOJITFSL,01-JUL-2021,75.95,77.6,74.95,77.1,795482,294101,7368
GEPIL,01-JUL-2021,356.0,357.8,346.15,348.4,213137,75840,5966
GESHIP,01-JUL-2021,389.0,392.5,386.25,388.25,155010,83741,4615
GET&D,01-JUL-2021,141.85,142.05,138.2,138.6,128958,68755,2742
GFLLIMITED,01-JUL-2021,70.5,70.5,68.55,68.7,75700,55553,1214
GHCL,01-JUL-2021,272.9,282.0,268.45,275.0,297195,105816,12319
GICHSGFIN,01-JUL-2021,180.0,191.5,176.65,189.25,2595452,496917,30753
GICRE,01-JUL-2021,209.0,209.0,203.0,205.75,932114,230296,17292
GILLANDERS,01-JUL-2021,49.25,49.25,46.15,46.9,37137,14471,368
GILLETTE,01-JUL-2021,5675.05,5711.05,5652.1,5698.65,10325,9135,1029
GINNIFILA,01-JUL-2021,34.8,34.9,33.6,33.7,334153,252345,1041
GIPCL,01-JUL-2021,84.0,84.3,82.6,82.7,153774,97113,2111
GKWLIMITED,01-JUL-2021,560.05,565.05,534.0,558.05,795,372,267
GLAND,01-JUL-2021,3433.0,3433.0,3350.55,3367.15,83354,41391,10976
GLAXO,01-JUL-2021,1503.05,1522.9,1500.1,1507.95,24209,9840,3138
GLENMARK,01-JUL-2021,652.4,658.0,647.1,653.15,718932,155270,15992
GLFL,01-JUL-2021,2.8,2.95,2.8,2.95,66544,64724,71
GLOBAL,01-JUL-2021,51.15,51.15,49.45,49.75,10498,4753,146
GLOBALVECT,01-JUL-2021,47.05,48.5,46.8,47.75,15716,9554,241
GMBREW,01-JUL-2021,596.9,609.5,593.2,603.2,104733,42471,6207
GMDCLTD,01-JUL-2021,68.3,69.25,68.1,68.55,1751639,640648,8951
GMMPFAUDLR,01-JUL-2021,4698.0,4726.0,4619.0,4630.35,17776,7163,3801
GMRINFRA,01-JUL-2021,32.15,32.8,31.65,31.9,42475245,4889783,52833
GNA,01-JUL-2021,435.0,468.0,429.35,458.35,545858,155442,20726
GNFC,01-JUL-2021,380.0,381.9,372.7,375.65,445812,252624,18738
GOCLCORP,01-JUL-2021,277.0,277.0,267.5,270.85,32847,20321,1447
GODFRYPHLP,01-JUL-2021,990.0,1004.65,984.0,989.65,87079,29953,6068
GODREJAGRO,01-JUL-2021,634.15,639.0,615.45,627.2,492909,111683,16558
GODREJCP,01-JUL-2021,871.8,892.25,869.0,888.05,1829407,904982,38364
GODREJIND,01-JUL-2021,573.6,583.5,566.15,570.65,256310,102262,7608
GODREJPROP,01-JUL-2021,1402.85,1402.85,1383.05,1385.8,328968,165169,17984
GOKEX,01-JUL-2021,141.25,143.0,140.0,140.7,141714,58659,2016
GOKUL,01-JUL-2021,31.0,31.0,30.0,30.4,74511,41370,786
GOKULAGRO,01-JUL-2021,41.9,41.95,37.35,39.95,401046,248388,2246
GOLDBEES,01-JUL-2021,41.17,41.17,40.75,40.91,3813939,2470836,29209
GOLDENTOBC,01-JUL-2021,61.0,63.85,57.95,58.3,72111,44865,1588
GOLDIAM,01-JUL-2021,448.0,456.75,441.0,448.85,42544,26368,1903
GOLDSHARE,01-JUL-2021,41.15,41.15,40.8,41.0,92488,52841,494
GOLDTECH,01-JUL-2021,12.0,12.5,12.0,12.2,75086,50430,282
GOODLUCK,01-JUL-2021,107.5,108.1,102.2,105.1,485287,286168,6312
GOODYEAR,01-JUL-2021,1118.0,1135.0,1102.9,1116.45,122685,31768,8197
GPPL,01-JUL-2021,112.7,114.1,111.75,113.1,526509,207292,5578
GPTINFRA,01-JUL-2021,87.0,94.8,86.15,87.1,1071536,312984,16554
GRANULES,01-JUL-2021,334.5,337.95,330.0,333.65,3298665,1181274,34540
GRAPHITE,01-JUL-2021,638.1,673.9,638.0,665.4,2002515,674917,54709
GRASIM,01-JUL-2021,1503.25,1508.35,1489.0,1500.3,635048,195643,21139
GRAVITA,01-JUL-2021,129.0,129.4,125.8,127.05,221168,97643,3228
GREAVESCOT,01-JUL-2021,161.75,162.25,158.1,158.7,2410212,1036697,27833
GREENLAM,01-JUL-2021,1260.0,1275.0,1220.0,1233.2,57462,53897,1957
GREENPLY,01-JUL-2021,209.4,211.9,204.3,205.45,1046456,214569,15365
GREENPOWER,01-JUL-2021,3.0,3.0,2.95,2.95,3073372,1716825,2332
GRINDWELL,01-JUL-2021,1241.5,1274.9,1235.6,1247.8,96973,39603,9406
GROBTEA,01-JUL-2021,1349.25,1408.95,1336.4,1378.0,3886,2209,624
GRPLTD,01-JUL-2021,975.75,994.9,940.0,946.3,830,552,172
GRSE,01-JUL-2021,204.0,205.3,201.0,201.5,215471,115964,4053
GSCLCEMENT,01-JUL-2021,46.95,48.05,46.2,47.25,497490,231464,4236
GSFC,01-JUL-2021,116.0,117.0,114.7,116.7,1246489,632978,13599
GSPL,01-JUL-2021,333.3,335.9,330.5,335.05,307677,119382,8220
GSS,01-JUL-2021,69.0,70.4,67.3,69.9,266850,189948,2757
GTL,01-JUL-2021,27.4,27.4,27.4,27.4,88000,87950,203
GTLINFRA,01-JUL-2021,1.95,1.95,1.95,1.95,1581035,1581035,630
GTNTEX,01-JUL-2021,9.0,9.0,8.3,8.3,9355,9335,13
GTPL,01-JUL-2021,184.0,186.55,180.0,181.6,80959,40600,2573
GUFICBIO,01-JUL-2021,188.4,190.0,182.0,183.2,150711,86979,4081
GUJALKALI,01-JUL-2021,402.35,411.2,401.0,405.25,410132,142951,12202
GUJAPOLLO,01-JUL-2021,222.4,225.0,219.1,222.65,26839,12072,1990
GUJGASLTD,01-JUL-2021,665.0,677.95,658.75,675.0,1483925,433459,29531
GULFOILLUB,01-JUL-2021,690.05,690.05,686.5,688.9,22484,10216,1602
GULFPETRO,01-JUL-2021,63.25,63.95,61.5,62.3,76137,47334,1201
GULPOLY,01-JUL-2021,194.95,194.95,188.0,190.8,67748,42216,1387
HAL,01-JUL-2021,1025.5,1028.85,1010.0,1013.75,238850,134267,10085
HAPPSTMNDS,01-JUL-2021,1032.3,1193.7,1032.3,1136.65,19353834,1660582,423457
HARRMALAYA,01-JUL-2021,209.25,212.45,204.95,206.25,153828,56249,6377
HATHWAY,01-JUL-2021,26.2,26.4,25.4,25.55,6341226,2985537,12345
HATSUN,01-JUL-2021,907.0,907.0,885.35,896.05,29838,14118,3536
HAVELLS,01-JUL-2021,984.8,997.2,980.2,989.0,1208575,497519,39156
HBANKETF,01-JUL-2021,346.65,350.25,346.04,347.54,5861,1375,83
HBLPOWER,01-JUL-2021,49.3,51.9,47.8,50.4,4687889,1482779,20474
HBSL,01-JUL-2021,23.9,23.95,22.5,22.85,20379,13781,207
HCC,01-JUL-2021,14.05,14.05,13.5,14.05,15638829,8703312,9039
HCG,01-JUL-2021,226.5,226.5,212.4,217.55,349783,63782,12981
HCL-INSYS,01-JUL-2021,17.65,17.85,16.5,16.55,2968002,1681406,7252
HCLTECH,01-JUL-2021,987.0,988.0,975.15,985.5,2861509,1841596,58045
HDFC,01-JUL-2021,2480.0,2491.35,2456.0,2459.4,2189447,1547486,94623
HDFCAMC,01-JUL-2021,2920.05,2927.95,2889.55,2894.6,144007,84607,18208
HDFCBANK,01-JUL-2021,1502.0,1502.0,1483.0,1486.75,8455721,5309019,177593
HDFCLIFE,01-JUL-2021,689.5,692.6,682.8,685.75,2556547,1428212,77282
HDFCMFGETF,01-JUL-2021,42.09,42.19,41.85,42.02,333464,230672,1078
HDFCNIFETF,01-JUL-2021,168.9,168.9,164.5,167.39,13285,12981,309
HDFCSENETF,01-JUL-2021,566.99,566.99,561.22,562.96,2101,1738,149
HEG,01-JUL-2021,2201.2,2245.0,2195.0,2214.8,171533,37854,12750
HEIDELBERG,01-JUL-2021,253.2,253.8,249.75,250.05,125814,73494,4625
HEMIPROP,01-JUL-2021,138.8,144.9,137.05,140.95,765118,306014,7116
HERANBA,01-JUL-2021,694.6,695.3,686.2,689.1,99053,51459,4401
HERCULES,01-JUL-2021,155.7,157.8,151.25,152.65,148266,70994,3940
HERITGFOOD,01-JUL-2021,433.9,451.0,425.35,445.9,780834,334653,16546
HEROMOTOCO,01-JUL-2021,2905.0,2947.0,2905.0,2922.5,634751,239067,31961
HESTERBIO,01-JUL-2021,2612.7,2644.35,2564.0,2574.8,9082,3377,2389
HEXATRADEX,01-JUL-2021,125.4,126.4,124.55,126.4,111074,104973,364
HFCL,01-JUL-2021,67.85,68.25,66.25,66.6,9212971,4096919,30321
HGINFRA,01-JUL-2021,409.0,414.0,400.0,402.55,146328,63130,5966
HIKAL,01-JUL-2021,490.85,498.5,490.1,494.9,237889,104889,6667
HIL,01-JUL-2021,4615.0,4650.0,4560.0,4563.7,4057,2820,1201
HIMATSEIDE,01-JUL-2021,187.7,188.85,185.6,187.2,213637,140796,8983
HINDALCO,01-JUL-2021,372.3,380.8,372.0,379.4,8232292,1901358,76522
HINDCOMPOS,01-JUL-2021,317.9,324.75,317.2,319.95,13940,5772,1107
HINDCOPPER,01-JUL-2021,145.0,145.8,142.1,142.9,2259411,966619,15956
HINDMOTORS,01-JUL-2021,9.85,9.85,8.95,9.1,637915,448079,1649
HINDOILEXP,01-JUL-2021,120.2,124.0,119.0,119.6,1129310,460429,11593
HINDPETRO,01-JUL-2021,294.75,296.95,293.0,296.2,2842511,1181180,34439
HINDUNILVR,01-JUL-2021,2484.0,2484.0,2463.0,2478.0,735043,484368,46564
HINDZINC,01-JUL-2021,337.6,344.9,336.25,339.95,1271970,424353,21590
HIRECT,01-JUL-2021,154.2,161.45,154.2,159.45,27459,14301,972
HISARMETAL,01-JUL-2021,135.7,139.75,135.0,136.55,45762,16627,1916
HITECH,01-JUL-2021,421.0,421.0,410.0,414.2,55246,22796,1333
HITECHCORP,01-JUL-2021,240.0,246.0,235.0,237.9,26971,20179,447
HITECHGEAR,01-JUL-2021,278.0,313.8,271.0,304.2,338657,95009,9720
HLEGLAS,01-JUL-2021,3514.9,3514.9,3414.95,3423.0,2452,1634,990
HLVLTD,01-JUL-2021,10.0,10.0,9.75,9.85,280654,208007,673
HMVL,01-JUL-2021,76.8,77.9,75.6,77.1,759819,595230,3100
HNGSNGBEES,01-JUL-2021,369.32,369.32,352.7,355.32,1191,822,190
HOMEFIRST,01-JUL-2021,543.1,554.45,542.6,550.2,86541,50368,6413
HONAUT,01-JUL-2021,42200.0,42200.0,41035.95,41481.15,6823,4355,2336
HONDAPOWER,01-JUL-2021,1235.0,1235.0,1220.0,1223.8,7656,4259,806
HOVS,01-JUL-2021,58.55,59.5,53.9,54.85,75930,42456,728
HPL,01-JUL-2021,74.6,78.55,70.45,76.5,2188069,831417,12817
HSCL,01-JUL-2021,56.5,57.0,54.0,54.45,14012213,5600624,41312
HSIL,01-JUL-2021,252.75,264.75,248.4,258.7,503290,173984,12710
HTMEDIA,01-JUL-2021,26.7,27.0,26.0,26.3,217076,125029,1288
HUDCO,01-JUL-2021,53.5,55.2,52.5,54.05,7274858,1271383,19634
HUHTAMAKI,01-JUL-2021,295.55,300.0,293.5,296.95,132308,59830,3614
IBMFNIFTY,01-JUL-2021,155.95,157.9,155.52,156.9,163,126,33
IBREALEST,01-JUL-2021,118.7,119.4,114.25,115.05,9150246,2758621,39460
IBULHSGFIN,01-JUL-2021,261.05,263.4,259.0,260.05,8617436,1312465,57466
ICEMAKE,01-JUL-2021,79.05,81.1,77.95,78.85,21125,13786,255
ICICI500,01-JUL-2021,225.38,225.38,221.41,222.07,5240,5130,188
ICICIALPLV,01-JUL-2021,158.0,159.97,158.0,158.84,4766,4333,209
ICICIB22,01-JUL-2021,39.65,39.82,39.41,39.65,183657,159037,2513
ICICIBANK,01-JUL-2021,633.95,637.4,630.05,630.85,10517081,4675567,132773
ICICIBANKN,01-JUL-2021,357.7,357.7,344.66,345.81,5016,3605,228
ICICIBANKP,01-JUL-2021,184.89,186.5,179.0,180.13,29405,13343,200
ICICIGI,01-JUL-2021,1578.0,1594.45,1555.05,1558.8,620571,333146,40104
ICICIGOLD,01-JUL-2021,44.44,44.44,41.66,41.84,109044,61934,1541
ICICILIQ,01-JUL-2021,1000.0,1002.0,999.5,999.99,55387,49961,86
ICICILOVOL,01-JUL-2021,134.7,134.7,127.26,129.64,81355,77742,1446
ICICIM150,01-JUL-2021,105.45,107.7,102.02,102.78,33172,27889,499
ICICIMCAP,01-JUL-2021,94.85,94.85,93.2,94.02,6389,5074,365
ICICINF100,01-JUL-2021,174.5,174.89,172.04,172.58,4875,3460,360
ICICINIFTY,01-JUL-2021,167.5,169.95,167.5,167.93,100853,75655,3926
ICICINV20,01-JUL-2021,85.33,85.99,84.7,85.05,16273,12397,1976
ICICINXT50,01-JUL-2021,35.7,39.99,35.7,39.33,29613,20786,827
ICICIPHARM,01-JUL-2021,88.25,94.0,87.8,88.28,41934,22424,201
ICICIPRULI,01-JUL-2021,612.5,617.9,611.65,614.35,469541,159094,16417
ICICISENSX,01-JUL-2021,567.0,570.0,566.95,567.89,1844,1766,58
ICICITECH,01-JUL-2021,297.4,297.4,292.6,292.98,4318,4023,156
ICIL,01-JUL-2021,171.9,172.45,165.65,166.55,313107,199157,6610
ICRA,01-JUL-2021,3309.0,3309.0,3250.0,3265.0,2051,789,663
IDBI,01-JUL-2021,38.0,38.25,37.65,37.75,5548835,1977505,13958
IDBIGOLD,01-JUL-2021,4359.95,4365.0,4327.9,4362.5,56,47,37
IDEA,01-JUL-2021,9.0,9.45,8.5,9.05,643708116,210879199,325503
IDFC,01-JUL-2021,53.95,54.0,52.35,53.25,4799415,2932233,14854
IDFCFIRSTB,01-JUL-2021,54.35,55.0,53.9,54.2,21943782,6858767,55035
IDFNIFTYET,01-JUL-2021,167.95,169.9,164.37,165.98,107,104,15
IEX,01-JUL-2021,377.9,384.6,374.0,380.4,1123905,534995,30819
IFBAGRO,01-JUL-2021,561.05,624.8,557.25,607.7,134456,41993,10005
IFBIND,01-JUL-2021,1029.95,1041.0,1010.0,1013.9,26497,12712,2768
IFCI,01-JUL-2021,13.95,14.3,13.75,13.8,4583361,1295442,14140
IFGLEXPOR,01-JUL-2021,389.55,391.55,379.0,383.8,41979,26757,2348
IGARASHI,01-JUL-2021,504.4,517.85,500.2,502.7,177092,48448,6909
IGL,01-JUL-2021,559.25,573.0,558.0,570.6,5364609,1450820,71991
IGPL,01-JUL-2021,639.95,659.0,639.0,652.8,366002,164617,17600
IIFLSEC,01-JUL-2021,75.15,75.9,74.15,74.4,370158,190504,3060
IIFLWAM,01-JUL-2021,1169.9,1170.2,1141.65,1146.8,6220,3570,844
IITL,01-JUL-2021,62.55,63.2,61.4,62.85,3436,1405,70
IMFA,01-JUL-2021,582.05,613.55,576.8,598.25,149021,72855,6195
IMPAL,01-JUL-2021,758.0,783.95,758.0,772.95,4985,2344,692
INCREDIBLE,01-JUL-2021,41.85,41.9,37.35,38.7,388280,162531,6225
INDBANK,01-JUL-2021,22.85,23.25,22.3,22.75,188124,90776,1293
INDHOTEL,01-JUL-2021,141.5,142.7,140.5,141.25,1353086,442638,9147
INDIACEM,01-JUL-2021,192.75,195.15,190.0,193.4,1259299,422183,11517
INDIAGLYCO,01-JUL-2021,648.45,763.7,631.0,747.9,5664962,663912,144111
INDIAMART,01-JUL-2021,7079.0,7171.0,7000.9,7141.1,97091,40437,17736
INDIANB,01-JUL-2021,145.8,145.8,141.25,141.95,2208473,754492,16026
INDIANCARD,01-JUL-2021,158.85,158.85,155.45,157.3,1355,841,63
INDIANHUME,01-JUL-2021,221.0,232.05,217.65,227.7,271324,112263,10659
INDIGO,01-JUL-2021,1717.0,1747.0,1717.0,1742.6,310710,107390,17065
INDIGOPNTS,01-JUL-2021,2515.0,2532.1,2486.0,2515.85,14662,7546,3094
INDLMETER,01-JUL-2021,12.95,13.9,11.7,12.75,776722,551156,1370
INDNIPPON,01-JUL-2021,372.3,382.85,368.85,375.5,86305,49275,3995
INDOCO,01-JUL-2021,419.7,422.1,414.0,418.55,205034,102949,6266
INDOSTAR,01-JUL-2021,353.0,362.45,350.75,353.6,62491,15216,4127
INDOTECH,01-JUL-2021,243.4,243.4,243.4,243.4,8525,8525,116
INDOWIND,01-JUL-2021,7.85,7.85,7.85,7.85,90050,90050,113
INDRAMEDCO,01-JUL-2021,84.85,94.2,84.5,88.1,1755645,531425,12299
INDSWFTLAB,01-JUL-2021,96.0,104.95,95.3,100.65,912863,428867,13212
INDTERRAIN,01-JUL-2021,41.0,42.0,39.5,41.35,205342,133091,1049
INDUSINDBK,01-JUL-2021,1011.0,1016.95,1000.0,1007.7,3070067,461867,49955
INDUSTOWER,01-JUL-2021,239.3,239.3,231.5,234.55,2367457,694659,26903
INEOSSTYRO,01-JUL-2021,1446.4,1461.35,1428.85,1447.25,15864,7960,2004
INFIBEAM,01-JUL-2021,52.25,52.5,51.3,51.35,5141122,2823407,11741
INFOBEAN,01-JUL-2021,420.0,420.0,400.2,408.75,59837,30572,2454
INFRABEES,01-JUL-2021,484.48,484.48,449.41,449.75,921,868,113
INFY,01-JUL-2021,1576.85,1576.85,1559.05,1560.4,4814317,2996603,150925
INGERRAND,01-JUL-2021,986.3,992.75,976.15,987.3,29294,10711,3024
INOXLEISUR,01-JUL-2021,309.65,316.9,308.0,312.55,235324,85536,12981
INOXWIND,01-JUL-2021,82.55,84.4,81.75,82.8,92063,51624,2069
INSECTICID,01-JUL-2021,732.0,740.05,722.0,728.2,28120,10000,5340
INSPIRISYS,01-JUL-2021,54.55,55.75,53.05,54.85,37562,28330,564
INTELLECT,01-JUL-2021,728.75,740.25,723.0,730.7,604041,401104,11616
INTENTECH,01-JUL-2021,70.75,71.55,69.65,70.6,47324,30085,668
INVENTURE,01-JUL-2021,4.2,4.25,3.85,3.9,18393500,7577084,7300
IOB,01-JUL-2021,28.35,28.95,27.2,27.35,44266806,14058945,51634
IOC,01-JUL-2021,107.9,108.95,107.35,107.55,8810812,2921117,45786
IOLCP,01-JUL-2021,608.1,614.35,603.0,606.65,283304,112162,10076
IPCALAB,01-JUL-2021,2026.5,2035.0,2006.75,2020.3,159776,107633,8887
IRB,01-JUL-2021,161.2,163.0,154.25,155.55,2768247,912593,15815
IRCON,01-JUL-2021,49.0,49.3,48.1,48.25,3072185,1216796,11592
IRCTC,01-JUL-2021,2047.8,2058.85,2030.3,2034.8,750998,173748,35130
IRFC,01-JUL-2021,24.95,25.0,24.2,24.25,23822346,13796925,46356
IRISDOREME,01-JUL-2021,119.15,124.55,119.15,122.25,5727,4099,101
ISEC,01-JUL-2021,644.0,666.4,637.1,660.15,454391,198366,18094
ISFT,01-JUL-2021,114.0,114.9,108.1,109.7,331546,184292,4835
ISGEC,01-JUL-2021,784.0,801.9,743.75,775.2,612668,156087,20503
ITC,01-JUL-2021,202.9,203.8,202.15,203.0,10191296,4631882,68663
ITDC,01-JUL-2021,399.8,401.05,392.0,393.1,33975,13597,2067
ITDCEM,01-JUL-2021,82.45,83.75,82.1,82.9,297682,166103,3454
ITI,01-JUL-2021,131.45,131.45,128.0,128.45,503996,171745,5272
IVP,01-JUL-2021,131.95,131.95,125.55,128.35,2984,2258,120
IVZINGOLD,01-JUL-2021,4284.0,4338.0,4231.0,4259.7,45,29,22
IVZINNIFTY,01-JUL-2021,1750.0,1780.0,1715.35,1716.4,6,3,5
IZMO,01-JUL-2021,85.0,86.7,82.25,84.75,54943,35214,825
J&KBANK,01-JUL-2021,40.65,42.15,40.1,41.25,9124958,3274613,17804
JAGRAN,01-JUL-2021,65.5,65.7,63.0,63.2,353253,173879,2545
JAGSNPHARM,01-JUL-2021,155.0,157.0,150.65,151.8,131180,72846,2581
JAIBALAJI,01-JUL-2021,56.8,56.8,51.45,51.6,149241,88751,1146
JAICORPLTD,01-JUL-2021,154.15,156.45,151.25,152.7,1638904,291052,12990
JAMNAAUTO,01-JUL-2021,85.0,85.0,82.85,83.1,1011965,846188,7759
JASH,01-JUL-2021,570.0,579.0,552.0,568.45,40355,24951,1908
JAYAGROGN,01-JUL-2021,214.25,217.0,211.0,212.75,43995,20192,2788
JAYBARMARU,01-JUL-2021,217.0,217.0,212.6,214.35,67807,37183,2819
JAYSREETEA,01-JUL-2021,102.1,103.95,99.9,102.65,340203,164335,4695
JBCHEPHARM,01-JUL-2021,1662.0,1698.9,1646.15,1689.85,127211,63785,14872
JBMA,01-JUL-2021,429.4,444.45,426.7,434.35,55143,21644,4241
JCHAC,01-JUL-2021,2230.2,2253.05,2228.0,2233.05,10872,5872,1878
JHS,01-JUL-2021,22.5,24.4,22.4,23.6,750740,469789,2717
JINDALPOLY,01-JUL-2021,913.9,932.0,873.0,877.25,683962,257368,19145
JINDALSAW,01-JUL-2021,117.6,124.65,117.3,123.45,12899894,2763850,72461
JINDALSTEL,01-JUL-2021,401.0,401.0,392.15,394.8,7915431,1732385,83508
JINDRILL,01-JUL-2021,127.45,127.7,125.05,125.3,19321,11111,659
JINDWORLD,01-JUL-2021,63.95,63.95,62.15,62.55,204400,33090,1441
JISLJALEQS,01-JUL-2021,28.5,28.5,27.1,28.5,14806230,9209704,14823
JKCEMENT,01-JUL-2021,2865.8,2875.0,2805.65,2853.8,33807,25160,4108
JKIL,01-JUL-2021,190.5,192.0,186.05,189.75,113383,48381,3215
JKLAKSHMI,01-JUL-2021,578.0,587.0,567.55,582.25,214134,92600,9231
JKPAPER,01-JUL-2021,217.0,226.85,212.85,214.85,19266398,1438209,148108
JKTYRE,01-JUL-2021,139.8,145.0,138.5,143.75,5233284,1198501,49173
JMA,01-JUL-2021,55.9,63.0,53.65,60.25,580029,199411,5842
JMCPROJECT,01-JUL-2021,116.6,119.0,115.0,115.95,201029,150578,2984
JMFINANCIL,01-JUL-2021,89.5,94.7,89.15,90.45,3871145,940034,18944
JMTAUTOLTD,01-JUL-2021,3.25,3.3,3.05,3.1,2456095,1646654,1558
JOCIL,01-JUL-2021,192.3,195.95,190.15,192.1,28765,12402,677
JPPOWER,01-JUL-2021,5.75,5.85,5.4,5.5,79085697,32863627,33977
JSL,01-JUL-2021,109.95,110.75,107.1,109.3,1787122,575746,12474
JSLHISAR,01-JUL-2021,211.9,213.55,209.0,211.6,468757,176952,10423
JSWENERGY,01-JUL-2021,168.4,177.0,163.35,174.35,5930910,2018124,47479
JSWHL,01-JUL-2021,4860.0,4867.75,4605.15,4710.15,1000,532,310
JSWSTEEL,01-JUL-2021,687.8,690.0,679.6,680.55,4133198,859778,51489
JTEKTINDIA,01-JUL-2021,110.0,112.0,109.15,110.05,287260,135488,4166
JUBLFOOD,01-JUL-2021,3102.0,3128.0,3070.0,3112.95,205998,47313,15844
JUBLINDS,01-JUL-2021,323.95,327.15,317.0,319.9,22213,12061,1034
JUBLINGREA,01-JUL-2021,523.45,575.0,515.0,556.4,1563086,842655,39747
JUBLPHARMA,01-JUL-2021,732.25,735.0,718.25,719.9,168693,117703,12688
JUMPNET,01-JUL-2021,11.15,11.15,11.15,11.15,716801,716598,1141
JUNIORBEES,01-JUL-2021,406.95,406.98,402.3,403.25,235851,117352,27609
JUSTDIAL,01-JUL-2021,965.8,999.0,952.25,985.15,1766682,329769,49776
JYOTHYLAB,01-JUL-2021,156.95,161.25,156.8,159.25,1437838,588769,17215
KABRAEXTRU,01-JUL-2021,211.6,219.45,206.25,209.1,441721,191181,12708
KAJARIACER,01-JUL-2021,984.35,992.0,975.25,988.35,84503,61033,5205
KAKATCEM,01-JUL-2021,262.5,265.8,255.0,257.15,32927,21074,1810
KALPATPOWR,01-JUL-2021,428.3,428.6,418.5,419.9,198020,133444,6824
KALYANKJIL,01-JUL-2021,78.2,78.3,74.8,76.35,1564595,865669,13848
KAMDHENU,01-JUL-2021,160.5,164.9,158.8,160.1,105760,42849,2573
KANORICHEM,01-JUL-2021,144.5,150.25,143.05,144.55,40942,30768,458
KANPRPLA,01-JUL-2021,241.0,242.0,234.45,239.25,42639,26385,1159
KANSAINER,01-JUL-2021,562.0,575.75,561.95,572.15,88656,52636,5816
KARURVYSYA,01-JUL-2021,52.0,52.2,51.35,51.55,771261,368227,3870
KAYA,01-JUL-2021,343.0,347.15,331.0,336.75,21167,9719,1074
KCP,01-JUL-2021,143.9,149.0,142.05,144.5,1143376,324854,12342
KCPSUGIND,01-JUL-2021,27.2,27.9,26.7,27.85,2005791,1140361,4452
KEC,01-JUL-2021,455.0,461.0,442.65,444.45,360007,160907,15037
KEERTI,01-JUL-2021,21.35,21.45,21.15,21.2,15605,13944,48
KEI,01-JUL-2021,693.4,763.65,691.15,753.35,3202139,441757,72038
KELLTONTEC,01-JUL-2021,67.5,69.35,67.1,68.3,862559,360076,8701
KENNAMET,01-JUL-2021,1210.05,1224.95,1193.3,1216.5,8040,3395,738
KESORAMIND,01-JUL-2021,92.8,93.85,91.35,91.95,792881,389012,6414
KEYFINSERV,01-JUL-2021,71.55,73.5,69.8,72.65,6320,4327,161
KHADIM,01-JUL-2021,354.95,358.0,327.0,333.45,444431,204618,13311
KHAICHEM,01-JUL-2021,52.35,54.0,51.1,53.45,237476,161505,1545
KHANDSE,01-JUL-2021,16.05,16.1,15.95,15.95,945,945,11
KICL,01-JUL-2021,2044.15,2078.0,2042.8,2054.6,2443,493,823
KIMS,01-JUL-2021,944.6,1009.9,937.55,992.5,1558442,649147,54933
KINGFA,01-JUL-2021,1013.85,1013.85,932.65,978.9,8783,5606,599
KIOCL,01-JUL-2021,283.9,283.9,275.25,279.85,59308,31437,7374
KIRIINDUS,01-JUL-2021,596.0,606.7,585.95,590.65,282098,121601,8213
KIRLFER,01-JUL-2021,284.0,288.0,277.0,281.7,279075,132307,11125
KIRLOSENG,01-JUL-2021,238.0,241.8,236.8,240.5,107453,67841,2591
KIRLOSIND,01-JUL-2021,1743.65,1755.0,1711.25,1744.75,1509,1105,275
KITEX,01-JUL-2021,115.0,116.3,112.9,113.6,232585,124465,4275
KKCL,01-JUL-2021,894.95,894.95,885.15,886.25,595,448,109
KMSUGAR,01-JUL-2021,32.2,33.95,31.05,33.9,2370415,1145931,7734
KNRCON,01-JUL-2021,238.9,246.8,237.3,240.8,2931975,649205,47220
KOKUYOCMLN,01-JUL-2021,66.95,67.7,66.5,66.9,225024,83973,2880
KOLTEPATIL,01-JUL-2021,218.4,223.0,218.35,220.15,169036,63852,6967
KOPRAN,01-JUL-2021,243.4,243.4,226.05,233.1,1020517,539378,15508
KOTAKBANK,01-JUL-2021,1709.9,1725.2,1706.15,1716.1,2988386,1537949,75539
KOTAKBKETF,01-JUL-2021,350.84,352.5,350.4,350.48,155793,33681,795
KOTAKGOLD,01-JUL-2021,411.75,412.3,410.05,410.9,18246,13340,861
KOTAKIT,01-JUL-2021,29.14,29.69,28.88,29.11,14633,12193,107
KOTAKNIFTY,01-JUL-2021,165.14,165.39,164.5,164.78,14999,10362,316
KOTAKNV20,01-JUL-2021,87.88,87.88,85.6,86.66,20441,19699,201
KOTAKPSUBK,01-JUL-2021,248.1,249.0,245.2,245.9,19584,13999,257
KOTARISUG,01-JUL-2021,41.4,41.45,40.0,40.95,366002,152825,1928
KOTHARIPET,01-JUL-2021,41.4,41.5,40.5,40.75,89651,50525,695
KOTHARIPRO,01-JUL-2021,117.7,126.0,116.5,120.15,819676,237301,16287
KPITTECH,01-JUL-2021,264.7,274.0,259.3,262.55,2383250,1088215,58045
KPRMILL,01-JUL-2021,1523.05,1550.0,1520.05,1536.7,13769,8463,2865
KRBL,01-JUL-2021,237.5,242.95,237.0,241.55,745997,248452,11141
KREBSBIO,01-JUL-2021,117.95,117.95,112.5,113.0,26464,22662,510
KRISHANA,01-JUL-2021,111.5,123.4,111.5,112.6,19015,9988,462
KSB,01-JUL-2021,1017.9,1050.25,1001.35,1031.6,146936,43612,9968
KSCL,01-JUL-2021,730.1,748.0,725.45,738.9,359570,130869,10281
KSL,01-JUL-2021,388.0,391.5,386.85,390.05,40128,18437,2337
KTKBANK,01-JUL-2021,62.6,62.7,61.6,61.65,865252,538764,4883
KUANTUM,01-JUL-2021,76.55,77.0,70.5,71.05,168356,81159,3026
L&TFH,01-JUL-2021,93.25,93.6,92.45,92.7,4715528,881260,16758
LALPATHLAB,01-JUL-2021,3289.95,3327.35,3252.0,3267.4,251824,41629,20798
LAMBODHARA,01-JUL-2021,96.5,98.25,96.0,96.7,53326,27718,1872
LAOPALA,01-JUL-2021,282.8,288.0,271.0,272.6,419153,108815,11929
LASA,01-JUL-2021,81.8,85.25,81.7,82.05,247745,65776,5647
LAURUSLABS,01-JUL-2021,691.0,693.25,664.4,666.5,4217044,2145401,79125
LAXMIMACH,01-JUL-2021,6541.1,6680.0,6501.2,6622.85,7763,4416,1860
LEMONTREE,01-JUL-2021,42.2,42.5,41.55,42.3,1606339,695577,5380
LFIC,01-JUL-2021,77.5,81.9,77.5,80.75,3870,1613,161
LGBBROSLTD,01-JUL-2021,451.4,466.95,443.95,457.95,142391,65405,6152
LIBAS,01-JUL-2021,63.25,63.25,61.7,62.05,265840,111603,1142
LIBERTSHOE,01-JUL-2021,177.95,177.95,171.3,174.15,1492453,411124,19645
LICHSGFIN,01-JUL-2021,470.7,475.3,468.7,470.25,1832833,636012,24883
LICNETFGSC,01-JUL-2021,22.12,22.14,21.48,22.02,13043,10990,139
LICNETFN50,01-JUL-2021,200.62,200.62,200.62,200.62,57,57,20
LICNETFSEN,01-JUL-2021,563.9,573.45,550.2,560.03,383,178,148
LICNFNHGP,01-JUL-2021,163.1,166.48,163.0,163.58,1047,565,128
LIKHITHA,01-JUL-2021,408.7,413.15,404.0,406.0,45562,19799,2375
LINCOLN,01-JUL-2021,353.4,359.2,341.6,352.15,454692,165935,14742
LINDEINDIA,01-JUL-2021,1658.0,1719.9,1647.05,1712.25,212437,82388,17555
LIQUIDBEES,01-JUL-2021,1000.0,1000.01,999.51,1000.0,766351,613960,7988
LIQUIDETF,01-JUL-2021,995.0,1000.04,990.0,1000.0,16531,10977,93
LODHA,01-JUL-2021,689.75,694.85,678.0,681.55,139912,57586,6104
LT,01-JUL-2021,1497.1,1503.0,1480.15,1492.3,2060651,1191664,73577
LTI,01-JUL-2021,4085.55,4096.95,3970.0,4016.8,303755,120982,34199
LTTS,01-JUL-2021,2909.0,2924.0,2867.5,2892.6,102743,35906,7929
LUMAXIND,01-JUL-2021,1518.45,1533.0,1518.45,1526.9,3036,1956,387
LUMAXTECH,01-JUL-2021,155.4,155.75,152.1,153.15,73576,39845,2456
LUPIN,01-JUL-2021,1148.0,1153.95,1139.5,1146.2,821431,379591,19632
LUXIND,01-JUL-2021,3588.45,3875.45,3585.4,3776.7,96374,35787,13608
LXCHEM,01-JUL-2021,221.95,235.8,221.1,230.45,2737049,1357465,25638
LYPSAGEMS,01-JUL-2021,6.0,6.0,5.6,5.7,85537,44343,271
M&M,01-JUL-2021,778.0,798.75,774.9,779.45,5697553,1270684,90734
M&MFIN,01-JUL-2021,157.9,158.0,155.5,155.9,3978656,1647542,21902
MAANALU,01-JUL-2021,333.0,350.0,333.0,338.9,70827,44904,2155
MACPOWER,01-JUL-2021,164.0,164.0,158.5,161.4,50058,18773,569
MADHAV,01-JUL-2021,54.85,54.85,53.5,54.45,20849,10421,393
MADHUCON,01-JUL-2021,7.0,7.0,6.6,6.75,161280,144802,278
MADRASFERT,01-JUL-2021,33.25,33.45,32.7,33.15,298449,145368,1230
MAESGETF,01-JUL-2021,26.86,26.9,26.75,26.8,6392,6276,98
MAFANG,01-JUL-2021,55.4,55.4,54.2,54.65,643303,576904,3094
MAGADSUGAR,01-JUL-2021,325.0,352.6,325.0,352.6,471452,257586,5935
MAHABANK,01-JUL-2021,25.55,25.65,25.25,25.3,3070736,1412641,7660
MAHASTEEL,01-JUL-2021,93.45,94.65,92.65,93.9,22190,14428,487
MAHEPC,01-JUL-2021,159.4,160.05,156.15,158.2,72103,28345,1941
MAHESHWARI,01-JUL-2021,105.2,107.65,105.2,106.2,160724,99220,403
MAHINDCIE,01-JUL-2021,238.0,239.9,232.1,234.6,236851,117068,4545
MAHLIFE,01-JUL-2021,609.0,609.0,595.05,596.75,9941,5347,1227
MAHLOG,01-JUL-2021,558.7,575.0,548.85,551.05,182987,90997,17213
MAHSCOOTER,01-JUL-2021,3746.75,3788.35,3721.3,3770.2,4429,2834,1099
MAHSEAMLES,01-JUL-2021,297.55,304.95,295.65,298.2,91877,37616,4029
MAITHANALL,01-JUL-2021,1015.0,1040.0,1005.0,1025.1,74226,30788,4489
MAJESCO,01-JUL-2021,93.1,93.35,90.3,91.7,186952,108598,3353
MALUPAPER,01-JUL-2021,34.25,35.35,33.15,33.9,158009,61203,1265
MAN50ETF,01-JUL-2021,162.02,162.02,161.15,161.28,91108,91058,58
MANAKCOAT,01-JUL-2021,16.1,16.1,15.0,15.2,643055,21798,2366
MANAKSIA,01-JUL-2021,65.45,65.6,64.6,64.75,59302,35234,645
MANAKSTEEL,01-JUL-2021,25.1,25.1,24.45,24.65,64673,43096,341
MANAPPURAM,01-JUL-2021,169.35,169.6,166.15,167.25,4398777,784308,31160
MANGALAM,01-JUL-2021,147.05,151.5,143.0,144.15,150797,70207,3892
MANGCHEFER,01-JUL-2021,83.3,84.1,83.0,83.6,190910,107287,1930
MANGLMCEM,01-JUL-2021,321.45,321.45,315.35,317.25,17371,9616,1439
MANINDS,01-JUL-2021,108.5,111.0,107.55,108.55,257375,139904,3485
MANINFRA,01-JUL-2021,58.2,61.0,57.75,58.3,1447746,628761,5337
MANXT50,01-JUL-2021,385.08,385.92,383.8,385.46,18569,18486,29
MARALOVER,01-JUL-2021,47.55,51.4,47.55,50.15,312796,158068,1788
MARATHON,01-JUL-2021,66.95,67.5,65.1,65.5,24829,13590,501
MARICO,01-JUL-2021,532.0,540.0,530.25,534.9,2035996,695529,30148
MARINE,01-JUL-2021,62.0,63.6,60.35,60.95,1182123,352405,6824
MARKSANS,01-JUL-2021,86.6,87.65,85.5,85.9,2869240,836163,12491
MARUTI,01-JUL-2021,7500.0,7605.0,7495.05,7584.4,584331,255187,57959
MASFIN,01-JUL-2021,863.7,879.0,860.2,865.95,10877,4910,1781
MASTEK,01-JUL-2021,2275.0,2284.95,2218.3,2229.95,124726,63638,14260
MATRIMONY,01-JUL-2021,965.0,984.45,955.0,964.5,12057,8310,1423
MAXHEALTH,01-JUL-2021,254.95,268.8,252.35,263.8,2851729,1227996,41945
MAXIND,01-JUL-2021,69.95,70.4,69.5,69.6,164654,92323,1341
MAXVIL,01-JUL-2021,74.9,74.9,72.7,73.2,112551,55944,2221
MAYURUNIQ,01-JUL-2021,517.0,517.0,506.4,507.65,39412,24347,1889
MAZDA,01-JUL-2021,610.7,622.0,598.0,601.75,8121,4362,639
MAZDOCK,01-JUL-2021,244.9,248.8,243.55,245.35,549490,198923,6757
MBAPL,01-JUL-2021,134.9,134.9,120.0,124.15,19840,12049,435
MBLINFRA,01-JUL-2021,23.6,23.85,23.0,23.05,331646,236592,865
MCDOWELL-N,01-JUL-2021,664.0,666.85,660.6,663.95,880033,528218,28541
MCL,01-JUL-2021,83.4,84.0,81.7,82.4,11993,8885,156
MCX,01-JUL-2021,1522.0,1523.9,1505.0,1512.35,103347,72329,5559
MENONBE,01-JUL-2021,73.9,78.45,71.75,75.25,644044,227029,9466
MEP,01-JUL-2021,24.4,24.4,23.2,23.55,416610,281260,1400
METROPOLIS,01-JUL-2021,2835.0,2875.0,2810.0,2833.95,249453,209782,12445
MFSL,01-JUL-2021,1065.9,1074.85,1046.8,1050.6,306853,117724,8725
MGEL,01-JUL-2021,48.7,50.85,48.7,50.25,60226,37147,485
MGL,01-JUL-2021,1142.15,1148.95,1133.65,1137.25,394575,77271,15643
MHRIL,01-JUL-2021,251.9,252.4,248.15,249.55,126305,77642,2418
MIDHANI,01-JUL-2021,205.6,206.0,200.6,201.4,431288,224928,11298
MINDACORP,01-JUL-2021,128.0,129.1,125.4,126.0,352923,241767,4303
MINDAIND,01-JUL-2021,646.15,650.6,640.5,646.0,123951,56569,7229
MINDTECK,01-JUL-2021,69.9,71.5,68.15,71.0,32188,17776,803
MINDTREE,01-JUL-2021,2600.0,2600.5,2571.0,2581.05,323771,106264,31985
MIRCELECTR,01-JUL-2021,19.35,19.35,18.8,19.35,1683093,1489410,1302
MIRZAINT,01-JUL-2021,53.65,55.5,53.65,54.1,910612,372810,5571
MITTAL,01-JUL-2021,11.95,12.0,11.8,11.85,30562,19487,198
MMFL,01-JUL-2021,676.0,739.0,664.4,710.95,83702,48318,5667
MMP,01-JUL-2021,101.15,116.9,101.15,114.75,526117,221070,6479
MMTC,01-JUL-2021,56.65,57.0,54.6,54.85,3782416,1320840,13345
MODISNME,01-JUL-2021,81.4,81.4,78.55,79.0,92275,55524,1619
MOGSEC,01-JUL-2021,48.11,48.26,48.11,48.21,20095,20062,15
MOHOTAIND,01-JUL-2021,8.1,8.8,8.1,8.8,219087,199120,439
MOIL,01-JUL-2021,195.85,198.25,193.85,195.9,1142168,306090,20579
MOKSH,01-JUL-2021,99.35,99.35,94.05,97.2,222217,169701,611
MOLDTECH,01-JUL-2021,71.3,74.5,69.9,72.8,429234,181711,4891
MOLDTKPAC,01-JUL-2021,484.9,516.5,479.1,483.2,34438,17250,2017
MOM100,01-JUL-2021,28.56,28.56,27.94,28.13,99981,69051,1449
MOM50,01-JUL-2021,158.38,158.38,154.0,154.62,4408,4311,58
MON100,01-JUL-2021,107.9,107.9,106.72,107.25,369032,260429,4271
MONTECARLO,01-JUL-2021,333.65,339.2,329.1,330.25,35700,19715,1743
MORARJEE,01-JUL-2021,21.0,22.45,20.2,22.0,174931,97096,936
MOREPENLAB,01-JUL-2021,63.0,65.3,63.0,63.7,3045495,1529277,12006
MOTHERSUMI,01-JUL-2021,242.45,246.25,238.8,244.8,9514096,3413445,64883
MOTILALOFS,01-JUL-2021,784.0,794.0,784.0,790.3,225771,142393,17214
MOTOGENFIN,01-JUL-2021,22.2,22.2,21.45,21.85,4903,3155,62
MPHASIS,01-JUL-2021,2136.95,2184.0,2110.0,2171.8,533962,189456,27011
MPSLTD,01-JUL-2021,598.0,600.7,579.6,588.15,30027,20340,1994
MRF,01-JUL-2021,80100.0,81467.85,80100.0,81018.3,9204,2829,5846
MRO-TEK,01-JUL-2021,31.9,33.0,31.0,32.0,6688,5047,115
MRPL,01-JUL-2021,51.35,51.65,50.8,51.0,1025475,434637,4890
MSTCLTD,01-JUL-2021,286.95,287.4,277.35,278.75,317411,153834,6330
MTARTECH,01-JUL-2021,1136.8,1188.9,1134.0,1164.85,870023,182674,35489
MTNL,01-JUL-2021,21.4,21.7,21.1,21.15,1394474,873376,4440
MUKTAARTS,01-JUL-2021,38.35,38.35,36.7,37.0,11094,7379,173
MUNJALAU,01-JUL-2021,67.2,70.0,67.2,67.55,856969,319174,7400
MUNJALSHOW,01-JUL-2021,149.6,150.8,147.65,148.3,62617,30044,1848
MURUDCERA,01-JUL-2021,28.05,30.0,27.6,29.1,356037,170612,2669
MUTHOOTCAP,01-JUL-2021,401.0,401.0,392.0,393.2,23740,13188,1403
MUTHOOTFIN,01-JUL-2021,1484.95,1484.95,1465.0,1470.35,453878,188810,21604
NACLIND,01-JUL-2021,76.3,77.0,72.3,74.5,83785,43774,1143
NAGAFERT,01-JUL-2021,13.35,13.35,13.35,13.35,351276,351276,344
NAGREEKCAP,01-JUL-2021,7.5,7.5,7.4,7.4,1999,1000,3
NAGREEKEXP,01-JUL-2021,29.25,30.15,28.2,28.2,33745,29480,161
NAHARCAP,01-JUL-2021,184.4,188.9,176.0,177.8,47948,26214,1418
NAHARINDUS,01-JUL-2021,85.2,85.45,81.75,82.15,99348,77634,763
NAHARPOLY,01-JUL-2021,173.0,178.45,171.8,174.55,151853,44287,7560
NAHARSPING,01-JUL-2021,229.0,235.0,219.5,231.95,84705,62340,1616
NAM-INDIA,01-JUL-2021,369.0,373.9,366.0,371.7,715152,270260,11563
NATCOPHARM,01-JUL-2021,1139.0,1156.0,1131.1,1136.6,586756,304743,17997
NATHBIOGEN,01-JUL-2021,384.65,395.0,384.65,387.85,18497,8649,1545
NATIONALUM,01-JUL-2021,79.0,79.1,77.65,77.95,20122352,7191510,44758
NAUKRI,01-JUL-2021,4930.05,5350.0,4930.05,5317.15,3526542,613723,218685
NAVINFLUOR,01-JUL-2021,3780.0,3799.0,3706.0,3750.35,222320,29846,18605
NAVKARCORP,01-JUL-2021,41.2,41.5,40.7,41.0,210001,111129,1403
NAVNETEDUL,01-JUL-2021,92.0,93.95,91.5,91.8,148630,97730,4874
NAZARA,01-JUL-2021,1520.0,1552.0,1512.0,1527.9,87892,35378,7265
NBCC,01-JUL-2021,54.5,54.65,52.55,53.05,12912181,4599272,36485
NBIFIN,01-JUL-2021,2384.1,2384.1,2242.85,2297.2,1390,676,538
NBVENTURES,01-JUL-2021,107.85,109.3,104.0,107.5,490371,250296,10314
NCC,01-JUL-2021,87.4,87.7,85.55,87.15,4780767,2584420,18222
NCLIND,01-JUL-2021,209.5,216.05,205.05,214.3,330138,183892,10652
NCPSESDL24,01-JUL-2021,104.83,104.88,104.8,104.8,411,403,9
NDGL,01-JUL-2021,1796.9,1796.9,1672.05,1722.25,2320,694,454
NDRAUTO,01-JUL-2021,290.0,340.4,284.2,340.4,170970,69126,4359
NDTV,01-JUL-2021,72.15,72.9,70.5,72.55,26245,16880,458
NECCLTD,01-JUL-2021,15.95,16.1,15.15,15.3,200182,130798,913
NECLIFE,01-JUL-2021,40.05,41.3,39.9,40.15,703414,330312,3294
NELCAST,01-JUL-2021,73.2,73.8,72.2,72.5,70977,38696,1468
NELCO,01-JUL-2021,377.0,377.4,353.2,354.9,788000,279268,21583
NEOGEN,01-JUL-2021,864.0,884.95,855.05,880.95,95269,44345,7435
NESCO,01-JUL-2021,604.2,618.2,604.2,607.2,45633,19447,3868
NESTLEIND,01-JUL-2021,17630.0,17725.0,17569.5,17646.2,26700,13343,8711
NETF,01-JUL-2021,194.62,194.62,194.62,194.62,23,23,10
NETFCONSUM,01-JUL-2021,70.97,70.97,68.26,68.99,17291,9825,237
NETFDIVOPP,01-JUL-2021,40.65,41.59,39.82,40.5,1630,1151,56
NETFGILT5Y,01-JUL-2021,48.18,48.22,48.14,48.14,335,285,9
NETFIT,01-JUL-2021,30.24,30.24,29.4,29.47,491875,318907,2926
NETFLTGILT,01-JUL-2021,24.5,24.5,22.0,22.59,13086,11358,64
NETFMID150,01-JUL-2021,103.9,103.9,102.58,102.98,198538,120299,1503
NETFNIF100,01-JUL-2021,167.0,167.87,164.4,164.49,821,760,44
NETFNV20,01-JUL-2021,88.8,88.8,87.13,87.93,5022,3427,100
NETFSDL26,01-JUL-2021,103.45,103.57,103.45,103.57,113,109,4
NETWORK18,01-JUL-2021,50.15,52.6,49.35,50.85,3041337,948451,12389
NEWGEN,01-JUL-2021,647.0,647.0,621.0,627.45,465524,268132,25600
NEXTMEDIA,01-JUL-2021,5.95,6.3,5.7,6.0,49198,35588,132
NFL,01-JUL-2021,65.6,66.75,64.65,65.9,2675776,389546,13753
NH,01-JUL-2021,493.0,494.0,475.05,476.9,163585,56709,6486
NHPC,01-JUL-2021,26.3,26.4,26.05,26.25,2673177,1420470,6947
NIACL,01-JUL-2021,169.6,173.9,166.5,172.45,1105051,410612,17157
NIFTYBEES,01-JUL-2021,173.45,173.45,168.51,168.92,1040915,745323,41327
NIITLTD,01-JUL-2021,289.0,291.7,284.1,290.15,973660,332420,14054
NILAINFRA,01-JUL-2021,6.05,6.2,6.0,6.05,332129,205122,575
NILKAMAL,01-JUL-2021,2231.0,2313.65,2201.0,2244.6,31375,10322,5971
NIPPOBATRY,01-JUL-2021,1040.0,1058.0,1022.0,1024.95,27501,15958,1971
NIRAJ,01-JUL-2021,43.55,45.15,43.45,43.95,6751,3789,162
NITCO,01-JUL-2021,28.0,28.8,27.8,28.2,59949,31144,628
NITINSPIN,01-JUL-2021,149.35,151.8,146.25,147.0,563924,304497,8127
NITIRAJ,01-JUL-2021,50.45,50.45,49.0,49.8,1557,1208,74
NLCINDIA,01-JUL-2021,61.35,61.4,60.65,60.8,2251625,717679,10782
NMDC,01-JUL-2021,184.5,185.45,182.95,184.45,9535688,3950135,44799
NOCIL,01-JUL-2021,218.0,228.45,216.3,225.9,5730599,1602175,54790
NOIDATOLL,01-JUL-2021,6.8,6.8,6.6,6.8,236990,161743,311
NORBTEAEXP,01-JUL-2021,6.6,6.6,6.6,6.6,2402,2402,9
NOVARTIND,01-JUL-2021,873.0,873.4,854.95,858.4,12451,6819,1071
NPBET,01-JUL-2021,183.0,190.99,180.56,184.57,843,207,83
NRAIL,01-JUL-2021,235.0,243.0,233.05,238.0,82781,45274,3403
NRBBEARING,01-JUL-2021,141.2,148.5,139.5,144.85,1229329,439907,19868
NSIL,01-JUL-2021,1724.05,1738.95,1704.05,1711.9,349,242,139
NTPC,01-JUL-2021,116.8,117.8,115.7,117.35,12479506,5251087,54145
NUCLEUS,01-JUL-2021,639.9,723.65,639.0,700.35,1663881,397832,69173
NURECA,01-JUL-2021,1595.0,1619.0,1592.0,1597.8,10499,6877,1154
NXTDIGITAL,01-JUL-2021,477.95,486.95,476.0,479.75,5566,2361,547
OAL,01-JUL-2021,771.75,779.95,765.0,775.75,8721,5544,532
OBEROIRLTY,01-JUL-2021,628.55,641.2,625.55,635.45,336990,126922,8673
OCCL,01-JUL-2021,1069.85,1069.85,1040.0,1048.9,14055,10332,1664
OFSS,01-JUL-2021,3659.0,3659.0,3601.4,3620.3,33174,14361,4497
OIL,01-JUL-2021,157.4,164.0,157.3,162.7,1137020,567537,16777
OLECTRA,01-JUL-2021,229.0,230.7,221.2,223.0,689977,394708,12945
OMAXAUTO,01-JUL-2021,63.0,64.85,62.25,63.7,107319,54550,3031
OMAXE,01-JUL-2021,81.5,81.5,79.5,80.4,431728,402184,1360
OMINFRAL,01-JUL-2021,28.0,30.8,26.1,30.0,1634782,831188,6830
ONGC,01-JUL-2021,117.75,119.75,117.3,118.85,16012542,5939363,76174
ONMOBILE,01-JUL-2021,112.0,112.45,110.1,110.65,203095,121763,4347
ORBTEXP,01-JUL-2021,66.75,68.4,65.3,67.45,19550,12384,429
ORCHPHARMA,01-JUL-2021,868.05,868.05,868.05,868.05,1121,1121,143
ORICONENT,01-JUL-2021,26.6,26.75,25.8,26.05,84650,61722,329
ORIENTABRA,01-JUL-2021,31.4,33.0,30.65,30.9,299598,161784,2858
ORIENTALTL,01-JUL-2021,12.4,12.45,11.75,12.0,208102,122184,715
ORIENTBELL,01-JUL-2021,309.1,319.0,309.1,318.35,6051,3510,276
ORIENTCEM,01-JUL-2021,137.55,138.8,135.55,136.5,279421,193176,4625
ORIENTELEC,01-JUL-2021,316.35,318.9,312.95,314.05,234895,142265,7965
ORIENTHOT,01-JUL-2021,38.5,38.7,37.8,38.45,93515,66616,870
ORIENTLTD,01-JUL-2021,82.45,82.7,80.4,80.85,5029,2698,135
ORIENTPPR,01-JUL-2021,30.35,31.9,30.1,30.25,7084005,2087138,15554
ORIENTREF,01-JUL-2021,321.9,325.2,317.3,320.45,247503,167767,4955
ORISSAMINE,01-JUL-2021,3330.0,3362.6,3245.0,3256.0,21853,13603,5559
ORTINLAB,01-JUL-2021,38.9,39.6,36.35,36.65,318871,155767,1914
OSWALAGRO,01-JUL-2021,15.0,15.0,14.0,14.25,254648,157247,1201
PAGEIND,01-JUL-2021,29550.0,29727.7,29470.0,29623.85,10951,4377,4923
PAISALO,01-JUL-2021,606.5,615.0,580.0,601.2,19969,12222,1108
PALREDTEC,01-JUL-2021,131.45,135.45,120.0,125.0,63988,39623,1986
PANACEABIO,01-JUL-2021,373.0,383.0,371.55,372.5,88013,53236,5339
PANACHE,01-JUL-2021,61.0,61.45,60.0,60.1,32119,17920,333
PANAMAPET,01-JUL-2021,241.0,242.4,236.0,238.1,66617,34847,3507
PARACABLES,01-JUL-2021,16.4,17.7,15.6,17.1,4768431,2194859,9419
PARAGMILK,01-JUL-2021,136.7,138.95,135.6,136.2,315431,151504,3561
PARSVNATH,01-JUL-2021,13.65,13.85,13.55,13.55,1169644,952000,509
PATELENG,01-JUL-2021,18.45,18.75,18.4,18.5,1224960,923607,2528
PATINTLOG,01-JUL-2021,26.1,26.6,25.4,25.6,58988,35216,459
PBAINFRA,01-JUL-2021,17.15,17.15,17.15,17.15,18851,18851,50
PCJEWELLER,01-JUL-2021,26.95,27.2,26.5,26.75,1177806,649830,3181
PDMJEPAPER,01-JUL-2021,39.95,40.5,38.3,38.5,542039,297569,3247
PDSMFL,01-JUL-2021,1018.05,1018.05,986.15,992.65,1727,1281,232
PEARLPOLY,01-JUL-2021,17.45,17.45,16.75,16.85,15078,12104,313
PEL,01-JUL-2021,2408.5,2445.0,2391.65,2398.9,631914,142592,31381
PENIND,01-JUL-2021,26.95,31.95,26.65,31.5,17785756,6251444,31178
PERSISTENT,01-JUL-2021,2970.6,3016.1,2927.0,2960.4,303893,145048,26630
PETRONET,01-JUL-2021,224.1,224.8,223.05,223.35,2584635,1644098,20923
PFC,01-JUL-2021,129.5,129.55,121.5,121.95,23050917,8779482,109454
PFIZER,01-JUL-2021,5674.8,5805.0,5609.05,5746.25,119434,32440,13174
PFS,01-JUL-2021,20.4,20.4,19.8,19.85,965196,652647,2093
PGEL,01-JUL-2021,425.0,430.0,412.15,415.2,29085,21255,962
PGHH,01-JUL-2021,13388.0,13450.0,13194.6,13290.9,2717,790,1636
PGHL,01-JUL-2021,5620.0,5676.5,5587.55,5644.9,33551,29534,2236
PGIL,01-JUL-2021,216.6,222.8,210.9,212.6,31480,15687,546
PHILIPCARB,01-JUL-2021,229.45,229.75,224.55,226.7,566791,237242,11204
PHOENIXLTD,01-JUL-2021,820.0,849.0,816.2,824.35,566049,224598,38073
PIDILITIND,01-JUL-2021,2165.0,2182.7,2160.0,2169.15,260370,123866,23271
PIIND,01-JUL-2021,2926.0,2935.0,2895.0,2915.15,149844,94803,16235
PILANIINVS,01-JUL-2021,1964.55,1980.0,1921.15,1928.35,8369,4304,2712
PILITA,01-JUL-2021,8.3,8.8,8.25,8.6,4634789,2683745,5931
PIONDIST,01-JUL-2021,131.95,133.8,131.65,132.55,6649,5637,137
PIONEEREMB,01-JUL-2021,54.7,54.75,52.75,53.05,204164,84646,2496
PITTIENG,01-JUL-2021,141.6,145.0,134.05,137.0,630564,309026,8375
PLASTIBLEN,01-JUL-2021,268.0,269.65,263.0,263.45,26666,16665,1446
PNB,01-JUL-2021,42.4,42.75,42.15,42.35,79292862,10787227,90786
PNBGILTS,01-JUL-2021,74.6,75.9,73.4,75.35,599116,311788,3761
PNCINFRA,01-JUL-2021,287.9,297.4,283.5,292.4,3386873,628374,47338
PODDARHOUS,01-JUL-2021,180.45,180.45,171.05,175.05,2514,1371,116
PODDARMENT,01-JUL-2021,258.0,266.6,256.5,262.95,18549,11983,1002
POKARNA,01-JUL-2021,345.0,345.0,337.55,341.9,92871,62530,3203
POLYCAB,01-JUL-2021,1980.0,2033.0,1971.3,2014.05,427322,165808,25256
POLYMED,01-JUL-2021,1021.0,1025.25,1002.0,1015.05,67574,21849,6216
POLYPLEX,01-JUL-2021,1397.0,1419.0,1382.0,1393.2,198425,56885,13253
PONNIERODE,01-JUL-2021,342.0,348.9,316.55,335.4,121625,39777,4442
POWERGRID,01-JUL-2021,232.55,232.95,230.2,230.8,8957710,5166332,60837
POWERINDIA,01-JUL-2021,1919.0,1949.0,1890.0,1897.25,39031,14633,5337
POWERMECH,01-JUL-2021,758.9,899.3,751.85,899.3,1935148,289529,72276
PPAP,01-JUL-2021,226.95,248.45,222.95,244.65,367080,146438,11650
PPL,01-JUL-2021,182.0,188.9,182.0,184.45,131388,63820,3853
PRAENG,01-JUL-2021,12.45,12.45,11.85,11.95,110616,80429,281
PRAKASH,01-JUL-2021,75.85,76.7,75.4,75.75,556383,312471,5276
PRAXIS,01-JUL-2021,51.95,52.15,48.5,52.15,31838,23944,394
PRECAM,01-JUL-2021,76.05,77.4,75.0,75.8,111238,60243,1493
PRECOT,01-JUL-2021,220.0,224.45,214.7,217.7,17545,11844,418
PRECWIRE,01-JUL-2021,230.0,239.5,228.05,235.25,57844,33378,2944
PREMEXPLN,01-JUL-2021,177.0,189.7,177.0,181.0,244307,128654,4304
PREMIERPOL,01-JUL-2021,64.9,76.35,62.0,71.6,1152525,298524,14687
PRESSMN,01-JUL-2021,29.35,29.9,28.5,28.65,98829,72631,841
PRESTIGE,01-JUL-2021,290.0,292.2,284.0,285.05,236334,125977,11390
PRICOLLTD,01-JUL-2021,98.3,101.0,92.05,93.9,4284839,1637973,23727
PRIMESECU,01-JUL-2021,63.7,65.4,62.05,65.15,240442,185808,1701
PRINCEPIPE,01-JUL-2021,722.8,750.0,722.8,734.75,899657,363770,43078
PRIVISCL,01-JUL-2021,1119.0,1276.0,1117.25,1265.0,508332,168683,37277
PROINDIA,01-JUL-2021,5.1,5.1,5.1,5.1,15,15,2
PRSMJOHNSN,01-JUL-2021,130.0,131.0,130.0,130.0,235555,202696,1999
PSB,01-JUL-2021,21.85,22.0,21.25,21.35,657064,399015,2065
PSPPROJECT,01-JUL-2021,428.0,476.5,424.5,448.9,2410165,352828,59888
PSUBNKBEES,01-JUL-2021,26.0,27.78,26.0,27.51,363942,189533,1344
PTC,01-JUL-2021,103.9,104.35,103.1,103.35,450368,305617,4816
PTL,01-JUL-2021,54.35,54.35,52.0,52.55,293466,178937,3897
PUNJABCHEM,01-JUL-2021,1272.7,1345.0,1269.0,1319.3,35551,21089,5141
PURVA,01-JUL-2021,86.75,88.05,86.05,87.25,141940,69788,2169
PVR,01-JUL-2021,1340.0,1343.65,1318.1,1330.1,297126,109852,19371
QGOLDHALF,01-JUL-2021,2030.0,2035.9,2010.0,2034.25,482,371,154
QNIFTY,01-JUL-2021,1631.75,1631.75,1631.0,1631.0,10,9,3
QUESS,01-JUL-2021,818.1,834.0,810.95,820.0,60833,38460,8873
QUICKHEAL,01-JUL-2021,270.05,292.0,268.05,284.55,1096099,336248,27035
RADICO,01-JUL-2021,755.3,764.25,746.45,752.15,318712,206356,7754
RADIOCITY,01-JUL-2021,26.05,26.25,25.3,25.45,647528,513992,5238
RAILTEL,01-JUL-2021,143.0,143.35,139.55,140.15,771116,465852,11469
RAIN,01-JUL-2021,195.75,196.4,191.05,192.0,1904843,665325,15150
RAJESHEXPO,01-JUL-2021,569.0,572.8,562.15,564.9,130046,39447,9106
RAJRATAN,01-JUL-2021,1634.0,1848.0,1634.0,1751.05,138187,46590,14108
RAJTV,01-JUL-2021,66.7,66.7,59.5,60.55,347123,128398,5558
RALLIS,01-JUL-2021,325.8,330.5,321.2,323.65,368636,133822,12417
RAMANEWS,01-JUL-2021,20.75,21.15,20.1,20.2,352491,168745,1198
RAMASTEEL,01-JUL-2021,137.6,137.6,133.25,137.6,123478,105514,783
RAMCOCEM,01-JUL-2021,1021.0,1026.45,1004.8,1007.85,338558,98031,11024
RAMCOIND,01-JUL-2021,270.85,273.95,270.0,271.3,40051,20595,1927
RAMCOSYS,01-JUL-2021,611.85,612.85,595.2,597.6,102533,46687,5200
RANASUG,01-JUL-2021,31.0,31.6,29.55,31.6,6420243,4053945,8482
RANEENGINE,01-JUL-2021,312.0,314.0,305.5,307.15,15189,4508,1103
RANEHOLDIN,01-JUL-2021,647.65,653.95,634.0,640.65,26219,16242,2420
RATNAMANI,01-JUL-2021,2055.0,2075.0,2050.0,2061.75,15758,10013,2704
RAYMOND,01-JUL-2021,413.9,414.85,408.0,409.75,281007,96540,7385
RBL,01-JUL-2021,921.65,949.0,918.8,935.5,7617,4226,925
RBLBANK,01-JUL-2021,211.6,211.85,209.25,209.85,3906454,698939,23142
RCF,01-JUL-2021,83.7,85.5,82.5,85.0,4861808,1953708,21239
RCOM,01-JUL-2021,3.8,3.85,3.8,3.8,18491584,12533829,15165
RECLTD,01-JUL-2021,150.0,150.0,144.25,145.55,9366751,3388905,43795
REDINGTON,01-JUL-2021,270.0,286.0,267.6,278.95,4923347,3151946,44367
REFEX,01-JUL-2021,155.0,155.0,142.05,145.95,548720,297704,11272
RELAXO,01-JUL-2021,1161.25,1163.4,1136.0,1139.05,186486,67631,16467
RELCAPITAL,01-JUL-2021,22.8,22.8,22.8,22.8,1024052,1015257,3681
RELIANCE,01-JUL-2021,2118.0,2123.15,2095.0,2097.95,5784627,2924644,196897
RELIGARE,01-JUL-2021,126.55,129.6,124.75,126.65,3162399,1027338,15224
REMSONSIND,01-JUL-2021,260.85,298.85,252.2,262.6,244257,67005,5529
RENUKA,01-JUL-2021,40.0,41.3,38.05,41.3,36087689,19879445,43410
REPCOHOME,01-JUL-2021,375.9,378.0,363.0,364.4,114207,79686,10912
REPL,01-JUL-2021,252.85,259.45,245.0,251.75,60094,41980,2698
REPRO,01-JUL-2021,360.05,364.55,349.05,353.4,20532,16084,806
RESPONIND,01-JUL-2021,145.2,147.5,140.15,141.3,18506,13182,605
REVATHI,01-JUL-2021,677.15,686.05,670.0,677.15,4756,1993,630
RGL,01-JUL-2021,581.55,590.0,575.1,585.2,39430,5244,3338
RICOAUTO,01-JUL-2021,49.5,49.9,47.95,48.4,2349875,912139,12777
RIIL,01-JUL-2021,770.0,778.7,750.0,759.3,416619,101157,15769
RITES,01-JUL-2021,275.0,277.45,271.65,275.1,148831,85771,3772
RKDL,01-JUL-2021,12.6,12.65,12.3,12.4,30354,16309,161
RKEC,01-JUL-2021,91.65,92.95,91.0,91.75,22049,14224,384
RKFORGE,01-JUL-2021,665.0,699.95,664.0,690.9,293940,140573,15984
RML,01-JUL-2021,386.0,387.95,374.5,376.05,43775,16013,2784
ROHLTD,01-JUL-2021,80.95,81.8,80.0,80.55,29147,17070,605
ROLLT,01-JUL-2021,3.15,3.15,2.9,2.95,303646,205911,266
ROLTA,01-JUL-2021,8.55,8.75,8.45,8.75,2835238,1414893,1838
ROML,01-JUL-2021,91.5,91.5,80.65,83.75,12728,10591,291
ROSSARI,01-JUL-2021,1195.0,1211.05,1186.0,1195.1,101933,31327,7129
ROSSELLIND,01-JUL-2021,155.0,157.9,153.0,153.7,173213,98407,3808
ROUTE,01-JUL-2021,1727.7,1784.9,1708.0,1770.2,598297,165788,27389
RPGLIFE,01-JUL-2021,451.05,452.65,441.0,442.7,37859,20265,1922
RPPINFRA,01-JUL-2021,67.4,68.5,66.75,67.3,127624,69981,1292
RPSGVENT,01-JUL-2021,563.35,594.4,563.0,581.45,121749,52275,7610
RSWM,01-JUL-2021,267.15,270.35,265.0,267.3,34547,26147,546
RSYSTEMS,01-JUL-2021,155.8,156.25,151.8,152.4,67453,39931,2674
RTNPOWER,01-JUL-2021,8.45,8.45,7.8,8.45,35697220,18997558,22914
RUBYMILLS,01-JUL-2021,241.0,242.0,236.6,238.85,10462,5762,667
RUCHI,01-JUL-2021,1165.0,1165.0,1109.0,1113.4,68516,38104,6582
RUCHIRA,01-JUL-2021,92.7,94.55,89.5,89.9,198770,91393,3040
RUPA,01-JUL-2021,476.85,486.95,472.1,479.85,376888,117467,8097
RVHL,01-JUL-2021,20.05,20.7,19.85,20.55,28870,21933,160
RVNL,01-JUL-2021,34.0,34.0,32.45,32.6,8615644,3625349,23326
SADBHAV,01-JUL-2021,91.0,93.7,85.7,89.1,3198532,1228258,23289
SADBHIN,01-JUL-2021,39.0,40.35,36.0,38.45,3833221,2381014,9521
SAFARI,01-JUL-2021,659.0,690.0,657.0,661.55,8693,4982,1280
SAGCEM,01-JUL-2021,1125.0,1125.0,1100.0,1103.0,38751,25904,2936
SAIL,01-JUL-2021,131.7,131.85,126.5,126.95,42713468,8698892,136499
SAKAR,01-JUL-2021,163.1,187.6,161.55,187.6,1660999,495656,25909
SAKSOFT,01-JUL-2021,579.8,640.7,571.0,626.95,476844,185539,18218
SAKUMA,01-JUL-2021,11.0,11.5,10.3,11.3,2069392,1136388,2620
SALASAR,01-JUL-2021,706.4,709.1,696.4,699.9,37078,24827,1982
SALONA,01-JUL-2021,142.95,142.95,135.2,139.15,7083,4102,237
SALZERELEC,01-JUL-2021,162.3,164.7,158.35,163.5,93638,46118,3645
SANDESH,01-JUL-2021,812.0,812.0,786.95,796.85,1693,1065,219
SANDHAR,01-JUL-2021,247.0,252.0,244.5,245.65,91247,53063,4655
SANGAMIND,01-JUL-2021,107.9,107.9,103.8,104.7,13719,8530,298
SANGHIIND,01-JUL-2021,54.1,55.4,53.4,54.3,712107,398193,4347
SANGHVIMOV,01-JUL-2021,200.6,204.8,198.15,200.1,69735,25258,4862
SANGINITA,01-JUL-2021,22.85,22.85,22.2,22.35,13674,7495,124
SANOFI,01-JUL-2021,7720.0,7727.0,7650.0,7660.8,4728,2843,1417
SARLAPOLY,01-JUL-2021,37.1,37.9,36.25,36.35,217783,120123,1766
SASKEN,01-JUL-2021,1249.95,1280.0,1171.0,1179.2,437649,108980,34812
SASTASUNDR,01-JUL-2021,302.0,310.0,292.0,295.85,72357,47743,1906
SATIA,01-JUL-2021,100.0,105.0,98.55,101.2,3877837,1328241,26322
SATIN,01-JUL-2021,87.05,89.15,85.0,85.9,288564,159973,2997
SBCL,01-JUL-2021,122.0,125.0,115.1,116.25,64773,46226,2058
SBICARD,01-JUL-2021,972.1,984.75,968.0,980.95,1806696,1163874,76997
SBIETFIT,01-JUL-2021,298.99,298.99,291.96,294.27,1960,1361,129
SBIETFPB,01-JUL-2021,184.99,184.99,181.95,183.11,247,232,36
SBIETFQLTY,01-JUL-2021,138.53,142.0,136.16,138.91,2117,1753,90
SBILIFE,01-JUL-2021,1009.0,1017.4,1002.6,1006.9,834379,462753,23523
SBIN,01-JUL-2021,420.3,423.7,417.15,420.4,16161469,3289674,146987
SCAPDVR,01-JUL-2021,2.45,2.45,2.45,2.45,35439,35439,42
SCHAEFFLER,01-JUL-2021,5649.0,5700.0,5486.0,5544.8,16197,10033,5163
SCHAND,01-JUL-2021,116.5,118.55,114.3,115.35,54256,36428,780
SCHNEIDER,01-JUL-2021,128.5,128.9,124.1,124.75,927769,294086,11584
SCI,01-JUL-2021,111.25,111.35,109.8,110.1,791811,359055,4866
SEAMECLTD,01-JUL-2021,492.0,499.9,478.95,484.35,20237,13477,1106
SECURKLOUD,01-JUL-2021,93.35,97.4,90.0,90.85,57617,32136,1090
SELAN,01-JUL-2021,160.9,161.0,156.0,156.85,37143,24770,1204
SEQUENT,01-JUL-2021,295.0,304.65,279.5,283.05,6161936,1873722,86731
SESHAPAPER,01-JUL-2021,199.4,206.8,186.8,191.7,429340,175355,8802
SETCO,01-JUL-2021,22.9,23.4,22.2,22.5,319441,168660,1016
SETF10GILT,01-JUL-2021,207.48,207.48,205.25,205.55,651,540,15
SETFGOLD,01-JUL-2021,4166.1,4200.05,4166.1,4187.35,5596,3099,1138
SETFNIF50,01-JUL-2021,160.55,160.99,159.5,159.61,132493,82859,1472
SETFNIFBK,01-JUL-2021,348.32,349.0,346.5,346.76,19183,17503,374
SETFNN50,01-JUL-2021,435.9,435.9,399.05,399.8,7194,4073,510
SEYAIND,01-JUL-2021,62.8,63.0,60.6,60.85,52134,39685,1024
SFL,01-JUL-2021,2230.7,2289.0,2230.7,2270.15,17312,9764,4110
SGL,01-JUL-2021,15.4,15.55,15.0,15.55,514958,315026,1311
SHAKTIPUMP,01-JUL-2021,774.5,779.0,758.0,762.3,104603,64402,6703
SHALBY,01-JUL-2021,181.5,182.6,175.2,178.05,521994,243039,7656
SHALPAINTS,01-JUL-2021,113.0,115.0,111.3,113.7,580432,297530,7094
SHANKARA,01-JUL-2021,454.8,477.0,452.7,465.0,367612,102015,17783
SHANTIGEAR,01-JUL-2021,143.0,151.55,142.15,148.15,179495,85190,3368
SHARDACROP,01-JUL-2021,348.0,356.9,344.0,352.0,110286,50506,4982
SHARDAMOTR,01-JUL-2021,543.0,639.0,543.0,639.0,785315,310751,22393
SHAREINDIA,01-JUL-2021,468.0,500.0,456.7,484.65,195581,119500,5619
SHARIABEES,01-JUL-2021,414.0,426.9,409.0,410.0,323,309,51
SHILPAMED,01-JUL-2021,541.7,562.0,535.65,553.95,429663,137672,11457
SHIVAMILLS,01-JUL-2021,89.35,89.35,83.15,85.4,43593,14916,566
SHIVATEX,01-JUL-2021,184.0,184.05,176.5,178.65,9396,6687,552
SHK,01-JUL-2021,172.4,176.35,171.05,174.1,262924,146976,7535
SHOPERSTOP,01-JUL-2021,240.35,243.55,234.55,238.7,286138,70599,6851
SHRADHA,01-JUL-2021,57.9,57.9,50.95,55.65,3594,857,109
SHREDIGCEM,01-JUL-2021,82.2,82.6,81.15,81.25,214412,112125,2528
SHREECEM,01-JUL-2021,27600.0,27600.2,26946.0,27059.95,67327,34066,18655
SHREEPUSHK,01-JUL-2021,184.8,187.8,180.1,182.15,81551,27969,5524
SHREERAMA,01-JUL-2021,12.7,13.0,12.55,12.65,120209,91109,515
SHREYANIND,01-JUL-2021,106.25,108.1,103.7,104.6,57682,30372,1717
SHREYAS,01-JUL-2021,184.8,190.65,180.65,190.65,77389,53159,1291
SHRIRAMCIT,01-JUL-2021,1713.05,1717.6,1689.0,1697.65,15563,9018,2621
SHRIRAMEPC,01-JUL-2021,4.85,4.95,4.65,4.85,787671,591012,773
SHYAMCENT,01-JUL-2021,10.05,10.05,9.75,9.8,172984,101446,480
SHYAMMETL,01-JUL-2021,370.1,376.55,369.5,370.65,943360,398244,18600
SHYAMTEL,01-JUL-2021,14.95,15.0,13.65,14.0,27586,18649,242
SICAL,01-JUL-2021,14.9,15.0,14.1,14.15,727274,430951,1227
SIEMENS,01-JUL-2021,2029.0,2045.0,2012.25,2019.85,280698,124552,20970
SIGIND,01-JUL-2021,51.0,53.0,49.15,52.4,98849,50619,1466
SILGO,01-JUL-2021,39.45,39.9,39.0,39.25,164203,158211,180
SILINV,01-JUL-2021,275.1,284.9,275.1,278.05,5101,2697,432
SIMPLEXINF,01-JUL-2021,49.15,49.85,48.65,48.65,144994,114172,416
SINTERCOM,01-JUL-2021,80.05,80.05,77.0,78.0,14738,11680,145
SIRCA,01-JUL-2021,330.25,330.35,323.0,324.1,28115,17589,1380
SIS,01-JUL-2021,430.9,432.55,425.55,430.25,69227,43914,3268
SIYSIL,01-JUL-2021,308.0,317.65,305.0,310.6,78835,35963,4932
SJVN,01-JUL-2021,28.05,28.25,27.75,27.8,1328737,673429,4497
SKFINDIA,01-JUL-2021,2655.0,2758.8,2655.0,2700.15,59022,20643,12454
SKIPPER,01-JUL-2021,91.0,96.5,89.45,91.95,2557926,843142,23691
SKMEGGPROD,01-JUL-2021,89.1,92.6,88.15,90.6,539370,165575,5598
SMARTLINK,01-JUL-2021,117.4,117.4,111.0,112.5,79435,24990,2105
SMCGLOBAL,01-JUL-2021,77.05,78.1,76.8,77.65,111883,68778,863
SMLISUZU,01-JUL-2021,464.0,499.0,463.35,474.55,342021,86105,17771
SMSLIFE,01-JUL-2021,766.2,779.5,751.55,765.7,10458,4578,1150
SMSPHARMA,01-JUL-2021,174.0,182.8,172.5,180.0,316554,153443,6290
SNOWMAN,01-JUL-2021,53.15,53.15,52.25,52.45,1201295,490570,5873
SOBHA,01-JUL-2021,472.9,474.5,469.05,470.55,65080,21963,2998
SOLARA,01-JUL-2021,1699.45,1699.45,1666.0,1670.85,21564,12926,2750
SOLARINDS,01-JUL-2021,1600.0,1601.95,1580.0,1590.0,9004,5498,2070
SOMICONVEY,01-JUL-2021,65.4,65.45,60.7,61.05,68980,49338,1119
SONACOMS,01-JUL-2021,342.0,350.0,333.25,344.95,1740419,986952,41653
SONATSOFTW,01-JUL-2021,752.0,764.7,742.05,755.15,107963,43572,7130
SORILINFRA,01-JUL-2021,144.55,146.0,142.3,143.2,36690,21917,860
SOTL,01-JUL-2021,1421.0,1433.2,1366.0,1374.25,67358,34633,7415
SOUTHBANK,01-JUL-2021,13.25,13.3,12.9,12.9,16213904,9078197,42633
SOUTHWEST,01-JUL-2021,41.75,41.75,40.0,40.7,61895,45786,225
SPAL,01-JUL-2021,220.0,224.0,215.05,217.75,64122,37057,2732
SPANDANA,01-JUL-2021,660.0,673.2,653.95,662.55,68076,25238,4947
SPARC,01-JUL-2021,230.7,235.45,228.6,232.8,798986,164966,11439
SPECIALITY,01-JUL-2021,63.8,64.8,63.0,64.3,269551,171602,2364
SPENCERS,01-JUL-2021,78.0,78.9,77.4,77.6,186174,95159,2870
SPIC,01-JUL-2021,49.4,49.6,46.85,47.2,1285662,695693,6530
SPICEJET,01-JUL-2021,81.0,81.8,79.2,80.0,8789263,3017605,30905
SPLIL,01-JUL-2021,43.85,43.9,42.8,43.05,25041,13698,572
SREEL,01-JUL-2021,202.55,207.25,196.35,199.4,25623,14198,1133
SREINFRA,01-JUL-2021,14.3,14.3,13.6,13.6,3462438,1995654,3365
SRF,01-JUL-2021,7325.0,7406.0,7251.0,7347.7,182879,39204,19605
SRHHYPOLTD,01-JUL-2021,350.0,354.0,322.35,325.55,168252,96060,7027
SRIPIPES,01-JUL-2021,221.2,226.45,219.2,220.55,382419,78536,10786
SRTRANSFIN,01-JUL-2021,1349.7,1365.25,1330.0,1355.6,1088815,330896,35757
SSWL,01-JUL-2021,859.4,949.0,840.35,911.95,651416,111149,42569
STAR,01-JUL-2021,762.05,765.8,756.05,762.45,175872,54146,6259
STARCEMENT,01-JUL-2021,111.1,112.5,110.45,110.8,532042,286559,6060
STARPAPER,01-JUL-2021,146.8,149.25,142.25,142.8,449067,143147,7825
STCINDIA,01-JUL-2021,114.25,114.25,111.0,111.35,45841,25016,1132
STEELCITY,01-JUL-2021,52.4,52.4,51.2,51.4,17790,12517,292
STEELXIND,01-JUL-2021,71.9,73.2,70.0,71.6,1262694,564771,7236
STEL,01-JUL-2021,116.5,117.9,112.5,113.45,25237,14481,535
STERTOOLS,01-JUL-2021,184.5,187.55,181.1,184.05,114980,64292,4836
STLTECH,01-JUL-2021,267.0,281.65,264.9,273.5,2182068,471168,31421
STOVEKRAFT,01-JUL-2021,740.0,774.85,725.45,738.95,475223,128156,25248
SUBEXLTD,01-JUL-2021,57.0,57.55,56.0,56.2,5803364,1632499,20300
SUBROS,01-JUL-2021,312.0,315.6,308.5,310.6,52512,24015,2590
SUDARSCHEM,01-JUL-2021,682.6,748.0,682.1,740.2,2473314,541619,64038
SUMICHEM,01-JUL-2021,386.0,388.7,373.1,377.6,447462,204645,9909
SUMIT,01-JUL-2021,16.15,16.15,14.3,14.65,705334,481362,2076
SUMMITSEC,01-JUL-2021,673.85,674.05,645.5,648.2,7731,5911,629
SUNCLAYLTD,01-JUL-2021,3443.7,3488.65,3383.05,3416.1,2279,1238,730
SUNDARMFIN,01-JUL-2021,2690.0,2690.0,2650.0,2654.5,3481,1946,821
SUNDARMHLD,01-JUL-2021,74.7,75.5,73.55,73.7,195793,139373,2168
SUNDRMBRAK,01-JUL-2021,436.0,443.3,425.0,426.55,4839,2652,427
SUNDRMFAST,01-JUL-2021,804.6,814.35,790.0,804.2,83889,44844,11024
SUNFLAG,01-JUL-2021,83.3,83.3,81.75,82.3,278101,99105,3990
SUNPHARMA,01-JUL-2021,675.0,685.8,673.7,684.15,4102748,2149695,56886
SUNTECK,01-JUL-2021,302.0,303.0,297.05,298.9,585963,152541,23070
SUNTV,01-JUL-2021,530.0,533.8,523.5,525.15,1270177,370558,18858
SUPERHOUSE,01-JUL-2021,155.7,155.9,149.9,151.5,43859,27430,2033
SUPRAJIT,01-JUL-2021,283.45,288.0,281.65,284.7,127105,54680,3932
SUPREMEIND,01-JUL-2021,2189.85,2189.85,2163.9,2174.65,47355,29969,10230
SURANASOL,01-JUL-2021,13.0,13.2,12.2,12.3,111703,86881,452
SURANAT&P,01-JUL-2021,6.95,7.0,6.6,7.0,336591,247584,614
SURYAROSNI,01-JUL-2021,540.0,545.4,523.0,529.2,124893,60176,8890
SURYODAY,01-JUL-2021,221.35,224.0,220.85,221.25,64414,40065,2494
SUTLEJTEX,01-JUL-2021,54.95,56.8,54.55,55.4,121206,58499,1228
SUULD,01-JUL-2021,634.95,637.05,625.3,637.05,53006,34988,1130
SUVEN,01-JUL-2021,88.0,90.45,87.0,89.7,495584,248568,5541
SUVENPHAR,01-JUL-2021,479.0,489.2,479.0,486.75,145262,88120,8033
SUVIDHAA,01-JUL-2021,25.0,25.65,24.3,24.75,37200,21306,434
SUZLON,01-JUL-2021,8.4,8.4,8.4,8.4,10801995,10801995,6653
SWANENERGY,01-JUL-2021,139.8,144.0,137.6,140.85,216753,32942,8410
SWARAJENG,01-JUL-2021,1893.65,1893.65,1841.35,1849.7,42432,17196,5454
SWELECTES,01-JUL-2021,227.2,228.5,222.5,224.75,18613,11964,911
SWSOLAR,01-JUL-2021,280.0,281.8,261.1,266.7,5282868,1875177,60349
SYMPHONY,01-JUL-2021,1030.15,1060.0,1015.0,1026.25,109544,48936,11959
SYNGENE,01-JUL-2021,584.8,586.2,579.0,584.3,340964,236200,31019
TAINWALCHM,01-JUL-2021,76.25,77.2,75.0,75.55,4916,2850,197
TAJGVK,01-JUL-2021,138.35,138.8,136.0,136.55,87079,50587,2787
TAKE,01-JUL-2021,63.5,63.7,61.5,61.65,1219263,644537,8760
TALBROAUTO,01-JUL-2021,278.0,293.4,275.45,288.6,98138,42891,3797
TARC,01-JUL-2021,35.3,36.35,34.05,34.95,2465008,1075702,10458
TARMAT,01-JUL-2021,61.75,63.65,61.0,61.9,45885,20092,1019
TASTYBITE,01-JUL-2021,17030.0,17362.8,17030.0,17231.75,1576,419,993
TATACHEM,01-JUL-2021,725.0,728.85,721.05,723.05,796598,201734,20053
TATACOFFEE,01-JUL-2021,188.6,189.0,183.0,184.55,1743168,457044,15602
TATACOMM,01-JUL-2021,1298.0,1335.95,1287.15,1319.65,529581,224640,15329
TATACONSUM,01-JUL-2021,755.8,760.0,750.0,756.05,1914434,1140704,28778
TATAELXSI,01-JUL-2021,4375.3,4410.0,4165.0,4243.75,497942,177380,61371
TATAINVEST,01-JUL-2021,1131.0,1131.5,1120.05,1123.3,13580,8012,1234
TATAMETALI,01-JUL-2021,1111.25,1119.55,1107.05,1112.75,43818,15733,3565
TATAMOTORS,01-JUL-2021,341.5,347.4,341.2,344.25,27944816,5436759,201015
TATAMTRDVR,01-JUL-2021,155.5,158.4,155.0,155.85,1860072,936978,12304
TATAPOWER,01-JUL-2021,122.8,122.8,121.0,121.35,18570986,3905700,64737
TATASTEEL,01-JUL-2021,1171.9,1176.8,1156.45,1163.55,5614928,1036848,102568
TATASTLBSL,01-JUL-2021,90.05,90.9,88.0,88.3,2875817,1939861,21860
TBZ,01-JUL-2021,79.3,80.0,78.0,78.5,162555,56071,2739
TCI,01-JUL-2021,419.55,420.0,410.95,415.85,19310,9585,1562
TCIDEVELOP,01-JUL-2021,371.95,387.25,371.95,382.95,414,215,59
TCIEXP,01-JUL-2021,1446.25,1452.95,1411.0,1414.35,26096,14653,4074
TCIFINANCE,01-JUL-2021,5.8,6.05,5.8,6.05,1050,1050,5
TCNSBRANDS,01-JUL-2021,587.0,592.85,574.0,576.6,108550,22101,6778
TCPLPACK,01-JUL-2021,554.0,554.0,518.0,522.4,55376,30386,2724
TCS,01-JUL-2021,3358.0,3362.0,3332.35,3341.5,990310,590638,63177
TDPOWERSYS,01-JUL-2021,186.45,188.65,181.5,184.6,55443,31469,2107
TEAMLEASE,01-JUL-2021,3635.45,3666.35,3589.85,3603.95,10887,7819,1761
TECHM,01-JUL-2021,1096.0,1099.35,1081.0,1085.15,1459518,804772,49293
TECHNOE,01-JUL-2021,334.0,338.0,325.15,330.2,31196,15861,1293
TERASOFT,01-JUL-2021,55.85,56.15,54.3,55.0,34949,24734,690
TEXINFRA,01-JUL-2021,65.95,66.15,65.1,65.3,24634,18724,402
TEXMOPIPES,01-JUL-2021,52.5,54.25,52.0,53.2,558473,374101,3786
TEXRAIL,01-JUL-2021,37.45,37.75,37.0,37.2,1133247,510549,4433
TFCILTD,01-JUL-2021,74.7,75.85,74.0,74.3,269708,96207,3659
THANGAMAYL,01-JUL-2021,826.95,827.85,816.2,820.9,12084,7893,934
THEINVEST,01-JUL-2021,112.55,115.85,107.0,107.8,19818,11129,409
THEMISMED,01-JUL-2021,691.0,702.4,669.65,680.3,11899,9233,872
THERMAX,01-JUL-2021,1491.1,1492.3,1462.3,1474.85,62107,36869,5298
THOMASCOOK,01-JUL-2021,63.95,64.85,63.0,63.4,342160,200973,3095
THYROCARE,01-JUL-2021,1318.45,1326.95,1306.0,1317.1,584691,274544,15513
TI,01-JUL-2021,38.0,38.3,37.5,37.85,173542,114705,1288
TIDEWATER,01-JUL-2021,12450.0,12600.0,12415.05,12510.7,5429,3134,2336
TIIL,01-JUL-2021,532.0,564.0,532.0,547.3,339568,100342,14962
TIINDIA,01-JUL-2021,1174.0,1198.15,1161.0,1181.45,48052,28802,4746
TIJARIA,01-JUL-2021,8.75,9.55,8.75,9.45,46220,33638,157
TIMESGTY,01-JUL-2021,53.0,55.0,53.0,54.7,11973,5907,231
TIMETECHNO,01-JUL-2021,91.9,91.9,88.7,89.4,682264,359072,7962
TIMKEN,01-JUL-2021,1483.9,1506.95,1475.0,1478.85,39552,12054,4455
TINPLATE,01-JUL-2021,217.05,220.15,213.8,217.1,543010,121764,12198
TIRUMALCHM,01-JUL-2021,143.0,156.05,143.0,153.25,6579053,1893980,50989
TITAN,01-JUL-2021,1729.0,1746.4,1725.75,1740.3,567971,200853,23607
TNPETRO,01-JUL-2021,116.9,120.8,116.35,120.0,1228015,670244,13911
TNPL,01-JUL-2021,158.4,161.4,156.25,156.85,438683,78727,8879
TOKYOPLAST,01-JUL-2021,99.0,99.9,96.85,98.15,15959,11644,291
TORNTPHARM,01-JUL-2021,2908.0,2932.0,2883.0,2924.2,88011,33985,11401
TORNTPOWER,01-JUL-2021,462.0,462.0,454.0,458.3,441887,93619,9180
TOTAL,01-JUL-2021,53.0,53.0,51.0,51.2,23613,14971,235
TOUCHWOOD,01-JUL-2021,86.55,89.8,85.6,87.25,7104,2747,165
TPLPLASTEH,01-JUL-2021,248.15,253.45,242.0,244.35,4778,2494,286
TREJHARA,01-JUL-2021,56.4,57.9,54.65,57.1,78240,45879,771
TRENT,01-JUL-2021,851.4,862.0,848.0,857.9,138698,42667,6496
TRIDENT,01-JUL-2021,16.45,16.55,16.3,16.35,6253929,3487750,16307
TRIGYN,01-JUL-2021,129.5,134.55,128.55,129.9,175672,94893,2090
TRIL,01-JUL-2021,32.5,32.5,30.8,31.65,358960,191884,2478
TRITURBINE,01-JUL-2021,126.0,127.4,121.15,122.7,329637,141084,6094
TRIVENI,01-JUL-2021,194.95,199.4,194.0,197.8,1313077,546974,14191
TTKHLTCARE,01-JUL-2021,687.0,687.0,671.0,678.15,19100,11132,2062
TTKPRESTIG,01-JUL-2021,9375.0,9424.45,9250.0,9326.55,10464,3867,4090
TV18BRDCST,01-JUL-2021,43.1,43.9,42.5,42.7,6894636,2210202,17210
TVSELECT,01-JUL-2021,166.85,168.0,163.1,163.9,43888,20067,1245
TVSMOTOR,01-JUL-2021,625.0,637.0,620.9,624.3,3533434,571418,49443
TVSSRICHAK,01-JUL-2021,2075.0,2092.3,2061.9,2072.6,7188,4607,1905
TVTODAY,01-JUL-2021,299.9,301.55,287.1,294.15,90691,47029,2447
TWL,01-JUL-2021,70.55,70.85,68.15,68.8,1337587,443854,8838
UBL,01-JUL-2021,1435.0,1447.0,1431.45,1437.45,257933,49616,10273
UCALFUEL,01-JUL-2021,187.0,187.0,173.55,175.15,966360,366558,17963
UCOBANK,01-JUL-2021,15.3,15.5,15.1,15.15,12174388,4017309,19190
UFLEX,01-JUL-2021,583.85,593.9,535.5,544.9,4405937,660468,101469
UFO,01-JUL-2021,95.9,95.9,94.0,94.15,338397,218073,3693
UGARSUGAR,01-JUL-2021,37.0,37.35,34.15,34.2,2886170,1461734,9098
UJJIVAN,01-JUL-2021,206.3,208.65,205.0,205.7,242224,114669,4194
UJJIVANSFB,01-JUL-2021,30.75,31.1,30.55,30.65,1188543,701422,3352
ULTRACEMCO,01-JUL-2021,6777.3,6799.5,6690.0,6707.25,274106,157339,32647
UMANGDAIRY,01-JUL-2021,78.4,82.8,77.25,80.95,120623,90466,2722
UNICHEMLAB,01-JUL-2021,330.0,338.0,323.8,328.2,106684,34124,5051
UNIDT,01-JUL-2021,326.0,329.95,322.0,324.45,17802,12575,803
UNIENTER,01-JUL-2021,134.95,135.75,132.05,133.4,15941,5690,1020
UNIONBANK,01-JUL-2021,38.75,39.15,38.2,38.7,16848602,4913584,20622
UNITEDTEA,01-JUL-2021,357.8,370.0,345.7,351.35,4565,2740,334
UNIVASTU,01-JUL-2021,46.7,51.15,46.5,51.15,38649,22539,369
UNIVCABLES,01-JUL-2021,200.0,201.7,190.0,191.5,162127,95066,5218
UNIVPHOTO,01-JUL-2021,279.0,289.8,279.0,285.0,27339,19865,340
UPL,01-JUL-2021,796.0,798.55,786.45,791.5,1933865,583079,37964
URJA,01-JUL-2021,7.7,7.85,7.6,7.65,2365680,1244750,5017
USHAMART,01-JUL-2021,57.0,57.65,55.0,55.6,1132430,677437,5633
UTIAMC,01-JUL-2021,858.05,872.7,843.0,849.7,243463,181114,5244
UTIBANKETF,01-JUL-2021,35.75,35.75,34.4,34.59,8329,6062,183
UTINEXT50,01-JUL-2021,40.2,41.47,40.01,40.26,6105,4379,91
UTINIFTETF,01-JUL-2021,1654.2,1654.2,1640.0,1648.85,249,244,55
UTISENSETF,01-JUL-2021,549.0,559.89,549.0,549.81,1198,1174,84
UTISXN50,01-JUL-2021,44.5,45.5,44.07,44.5,3044,2781,53
UTTAMSTL,01-JUL-2021,4.85,4.85,4.85,4.85,1064937,1064937,1681
UTTAMSUGAR,01-JUL-2021,275.0,284.2,263.55,276.95,740165,153671,17203
V2RETAIL,01-JUL-2021,120.9,121.9,117.7,121.2,42687,31225,872
VADILALIND,01-JUL-2021,994.7,1010.45,983.25,1001.0,52587,23154,5567
VAIBHAVGBL,01-JUL-2021,802.0,834.0,795.05,810.85,181776,89511,15458
VAISHALI,01-JUL-2021,43.8,43.8,42.0,42.4,67671,47543,637
VAKRANGEE,01-JUL-2021,42.25,42.8,40.9,41.45,4771470,3711066,10433
VALIANTORG,01-JUL-2021,1575.0,1575.0,1538.1,1554.45,20569,14860,1541
VARDHACRLC,01-JUL-2021,47.8,47.8,46.1,46.7,172489,143589,689
VARDMNPOLY,01-JUL-2021,20.3,21.85,19.9,21.7,201301,137333,1120
VARROC,01-JUL-2021,367.5,377.95,367.5,371.5,125796,59231,5241
VASCONEQ,01-JUL-2021,20.85,20.9,20.1,20.2,350292,264771,1150
VASWANI,01-JUL-2021,13.5,13.55,13.3,13.45,64011,54839,185
VBL,01-JUL-2021,735.0,735.0,721.25,723.75,295551,208536,10076
VEDL,01-JUL-2021,264.2,265.75,261.5,262.9,3692800,926556,33557
VENKEYS,01-JUL-2021,3610.0,3719.0,3566.0,3638.7,298096,39225,31425
VENUSREM,01-JUL-2021,414.0,414.6,385.7,385.75,207276,132635,6152
VERTOZ,01-JUL-2021,190.9,214.0,179.0,181.4,1674422,307389,19519
VESUVIUS,01-JUL-2021,1113.0,1139.7,1105.0,1124.75,25682,14906,2735
VETO,01-JUL-2021,127.55,152.9,126.0,148.9,1388817,399777,20151
VGUARD,01-JUL-2021,265.15,265.15,257.5,258.9,1506945,1031139,19485
VHL,01-JUL-2021,2515.05,2528.75,2458.55,2516.15,581,229,205
VIDHIING,01-JUL-2021,218.15,222.85,216.65,217.5,79626,37697,2846
VIKASLIFE,01-JUL-2021,2.65,2.75,2.65,2.65,17746592,12676911,8910
VIKASPROP,01-JUL-2021,3.0,3.0,2.85,2.95,3572146,2620636,2180
VIKASWSP,01-JUL-2021,6.85,6.85,6.45,6.5,537319,285391,769
VIMTALABS,01-JUL-2021,269.0,283.8,269.0,274.05,471505,181978,12386
VINATIORGA,01-JUL-2021,1841.95,1872.9,1836.0,1862.35,59642,26833,5254
VINDHYATEL,01-JUL-2021,1335.0,1338.25,1266.3,1279.4,101384,43538,9418
VINEETLAB,01-JUL-2021,81.7,88.0,72.75,74.05,1357854,540176,22512
VINYLINDIA,01-JUL-2021,147.7,153.9,146.7,150.05,122403,52904,3129
VIPCLOTHNG,01-JUL-2021,16.65,17.0,16.3,16.3,393789,259836,659
VIPIND,01-JUL-2021,400.55,406.65,390.6,392.2,386959,81924,12597
VISAKAIND,01-JUL-2021,700.0,700.0,687.0,690.5,29193,13376,3901
VISHAL,01-JUL-2021,67.9,68.95,66.5,67.4,193526,113569,1783
VISHNU,01-JUL-2021,591.75,591.8,540.0,551.25,74122,37325,3271
VISHWARAJ,01-JUL-2021,160.1,162.0,145.95,147.6,1084590,377288,9300
VLSFINANCE,01-JUL-2021,204.0,223.95,200.5,207.8,2409660,643702,43044
VMART,01-JUL-2021,2800.35,2871.35,2800.35,2818.65,29394,16070,4204
VOLTAMP,01-JUL-2021,1390.55,1424.9,1350.25,1379.35,23032,13705,3295
VOLTAS,01-JUL-2021,1024.0,1025.4,1012.0,1013.0,516926,241478,20506
VRLLOG,01-JUL-2021,283.7,292.3,276.4,286.35,408394,155257,10420
VSSL,01-JUL-2021,233.9,252.8,232.0,249.1,956614,406905,19304
VSTIND,01-JUL-2021,3629.95,3649.0,3580.5,3592.5,3145,1634,1180
VSTTILLERS,01-JUL-2021,2070.0,2125.0,2050.0,2071.8,64240,24467,8422
VTL,01-JUL-2021,1394.0,1410.0,1376.55,1394.1,179863,129338,7002
WABAG,01-JUL-2021,350.0,353.9,345.0,346.4,236151,143604,6456
WABCOINDIA,01-JUL-2021,6899.0,6948.0,6851.0,6885.2,3286,1736,949
WALCHANNAG,01-JUL-2021,80.8,82.65,79.3,80.2,223665,94665,3264
WATERBASE,01-JUL-2021,123.5,133.0,122.25,130.95,1852897,484143,21539
WEBELSOLAR,01-JUL-2021,67.8,67.8,67.8,67.8,118169,118169,277
WEIZMANIND,01-JUL-2021,56.85,57.0,55.2,55.35,4615,2616,157
WELCORP,01-JUL-2021,143.5,144.1,141.65,143.3,833639,389905,7862
WELENT,01-JUL-2021,111.0,115.0,109.9,114.35,363948,169098,5098
WELINV,01-JUL-2021,548.95,548.95,510.0,517.25,6644,3501,533
WELSPUNIND,01-JUL-2021,97.95,99.75,93.55,96.9,3560206,1040467,23049
WENDT,01-JUL-2021,4450.0,4495.0,4336.6,4380.85,5036,3091,1192
WESTLIFE,01-JUL-2021,504.0,509.0,495.7,499.7,36247,13719,3249
WHEELS,01-JUL-2021,574.3,607.0,570.1,585.85,103881,58415,7307
WHIRLPOOL,01-JUL-2021,2235.5,2313.15,2224.0,2286.95,182390,113240,13038
WILLAMAGOR,01-JUL-2021,20.5,20.95,20.0,20.35,6101,2372,54
WINDMACHIN,01-JUL-2021,41.95,41.95,37.95,39.25,1297673,684796,2821
WIPRO,01-JUL-2021,545.0,545.9,538.0,539.35,4329374,1486365,73794
WOCKPHARMA,01-JUL-2021,520.7,544.3,515.1,540.5,1399594,473685,34271
WONDERLA,01-JUL-2021,214.4,216.55,213.0,214.05,32503,16623,1998
WORTH,01-JUL-2021,82.45,82.45,77.25,78.35,45121,28926,979
WSTCSTPAPR,01-JUL-2021,265.45,270.5,255.0,256.45,802515,267877,15666
XCHANGING,01-JUL-2021,82.9,83.85,80.75,81.7,231996,112502,2959
XELPMOC,01-JUL-2021,321.2,336.0,321.05,326.6,63859,31950,4558
YESBANK,01-JUL-2021,13.55,13.7,13.5,13.55,70546748,32262839,80322
ZEEL,01-JUL-2021,216.0,218.0,214.4,215.25,7236555,2999595,32497
ZEELEARN,01-JUL-2021,15.95,15.95,14.95,15.1,2606336,1752803,5008
ZEEMEDIA,01-JUL-2021,12.5,12.5,12.5,12.5,741579,741579,704
ZENSARTECH,01-JUL-2021,317.0,329.25,312.3,324.6,4624916,1724851,96690
ZENTEC,01-JUL-2021,91.7,99.5,91.6,95.0,4806209,1400306,46952
ZODIACLOTH,01-JUL-2021,108.6,111.05,107.0,107.35,77799,48606,2388
ZOTA,01-JUL-2021,202.0,223.95,201.4,218.45,418321,169941,9563
ZUARI,01-JUL-2021,126.0,127.5,125.0,126.0,106545,63260,1961
ZUARIGLOB,01-JUL-2021,132.45,132.95,125.6,126.6,123016,85440,1605
ZYDUSWELL,01-JUL-2021,2118.7,2155.0,2108.0,2149.6,85546,46260,9250
