20MICRONS,22-JUL-2021,67.5,67.9,66.05,66.65,101745,60812,2034
21STCENMGM,22-JUL-2021,21.95,21.95,21.95,21.95,1111,1111,20
3MINDIA,22-JUL-2021,24449.0,24720.55,24071.0,24108.0,4016,2369,2793
5PAISA,22-JUL-2021,537.0,537.0,519.55,524.85,43838,23196,1930
63MOONS,22-JUL-2021,108.65,109.35,106.1,109.35,142443,105039,1017
A2ZINFRA,22-JUL-2021,5.45,5.75,5.45,5.75,616615,409618,466
AAKASH,22-JUL-2021,232.0,235.0,227.25,229.55,111749,40915,887
AARON,22-JUL-2021,106.0,116.75,106.0,113.5,25408,10399,537
AARTIDRUGS,22-JUL-2021,719.6,726.7,713.5,722.7,233113,78144,7960
AARTIIND,22-JUL-2021,873.0,882.85,862.15,880.85,1251334,588379,35095
AARTISURF,22-JUL-2021,1409.3,1448.0,1409.3,1413.6,10630,5253,2114
AARVEEDEN,22-JUL-2021,25.85,27.25,25.6,25.7,78531,48009,553
AARVI,22-JUL-2021,72.95,75.0,72.0,73.2,100361,59998,1501
AAVAS,22-JUL-2021,2876.7,2876.7,2706.6,2728.9,62652,44618,8065
ABAN,22-JUL-2021,47.85,47.85,47.2,47.85,178298,143303,1122
ABB,22-JUL-2021,1726.45,1735.0,1702.25,1711.1,131419,103515,14501
ABBOTINDIA,22-JUL-2021,17470.0,17600.0,17355.3,17529.65,11590,8910,2539
ABCAPITAL,22-JUL-2021,121.0,122.25,118.75,120.45,2995176,1065094,19338
ABFRL,22-JUL-2021,210.9,221.7,210.35,220.0,5342484,1115156,44086
ABMINTLTD,22-JUL-2021,103.6,103.6,103.6,103.6,312,312,15
ABSLBANETF,22-JUL-2021,349.0,349.0,345.32,345.49,278,231,24
ABSLNN50ET,22-JUL-2021,399.6,402.0,387.0,398.25,5240,5099,406
ACC,22-JUL-2021,2340.0,2340.0,2271.1,2290.25,1010305,219529,46876
ACCELYA,22-JUL-2021,1378.45,1448.0,1366.05,1436.5,96548,43064,6370
ACCURACY,22-JUL-2021,87.0,93.7,84.55,92.55,83180,51929,1029
ACE,22-JUL-2021,234.0,234.75,228.6,229.85,385960,169194,10587
ACRYSIL,22-JUL-2021,594.4,610.0,592.6,604.05,37883,19223,2005
ADANIENT,22-JUL-2021,1375.0,1424.9,1340.5,1416.75,5009804,521231,100191
ADANIPORTS,22-JUL-2021,678.0,695.0,666.7,691.8,9740403,1939484,135345
ADFFOODS,22-JUL-2021,887.7,896.1,871.0,882.6,29990,13851,3217
ADORWELD,22-JUL-2021,729.85,736.05,698.85,705.2,25164,16713,1906
ADSL,22-JUL-2021,65.9,67.9,62.3,63.0,536089,257271,3613
ADVANIHOTR,22-JUL-2021,76.45,76.45,73.0,73.3,51822,22682,1835
ADVENZYMES,22-JUL-2021,403.0,407.3,398.55,399.65,144877,75592,5641
AEGISCHEM,22-JUL-2021,323.9,327.75,316.4,320.3,689277,393855,11385
AGARIND,22-JUL-2021,344.05,356.4,344.05,352.95,18724,13092,681
AGRITECH,22-JUL-2021,43.3,46.4,43.3,45.3,17291,7055,274
AGROPHOS,22-JUL-2021,16.85,16.85,16.85,16.85,70886,69891,164
AHLADA,22-JUL-2021,198.0,204.1,196.25,203.05,52944,45906,918
AHLEAST,22-JUL-2021,184.5,184.5,176.45,180.25,2383,1117,204
AHLUCONT,22-JUL-2021,397.0,403.15,385.2,387.35,16298,8886,2457
AHLWEST,22-JUL-2021,236.95,267.7,236.0,260.25,37638,20471,1356
AIAENG,22-JUL-2021,2041.5,2052.7,2026.15,2038.95,15028,10648,4592
AJANTPHARM,22-JUL-2021,2141.95,2146.55,2096.0,2116.1,56245,30191,7554
AJOONI,22-JUL-2021,53.5,53.5,51.05,52.35,31281,19953,472
AKASH,22-JUL-2021,213.2,214.95,207.5,210.5,47949,41808,492
AKG,22-JUL-2021,24.8,25.85,24.6,24.95,6684,5262,87
AKSHARCHEM,22-JUL-2021,444.35,452.35,443.95,446.0,28518,14237,1965
AKZOINDIA,22-JUL-2021,2290.0,2305.0,2253.05,2270.3,9737,5798,2215
ALANKIT,22-JUL-2021,21.4,22.25,19.9,20.1,7460686,1845104,12867
ALBERTDAVD,22-JUL-2021,578.7,598.0,565.5,582.3,156280,45438,11049
ALEMBICLTD,22-JUL-2021,131.65,133.9,129.75,130.25,766534,184682,10070
ALICON,22-JUL-2021,844.35,844.35,790.1,809.5,42810,19244,3913
ALKALI,22-JUL-2021,86.5,90.75,86.5,87.9,43112,21277,1936
ALKEM,22-JUL-2021,3410.0,3488.95,3336.1,3368.15,145425,20615,12591
ALKYLAMINE,22-JUL-2021,3674.4,3930.0,3660.2,3850.75,227488,99759,28147
ALLCARGO,22-JUL-2021,171.0,172.4,165.65,167.65,4904775,1775072,47163
ALLSEC,22-JUL-2021,472.0,484.45,450.0,451.95,83904,42949,5092
ALMONDZ,22-JUL-2021,60.5,63.5,60.5,62.2,7937,6375,172
ALOKINDS,22-JUL-2021,26.0,26.7,25.8,26.2,10447304,5345614,16473
ALPA,22-JUL-2021,50.35,52.1,49.9,50.45,38159,26120,552
ALPHAGEO,22-JUL-2021,304.4,312.0,304.0,305.25,21333,12210,1344
AMARAJABAT,22-JUL-2021,718.95,724.85,716.5,721.8,627778,285212,32899
AMBER,22-JUL-2021,3010.0,3031.9,2988.35,3016.45,37741,21678,7287
AMBICAAGAR,22-JUL-2021,20.3,20.3,19.1,19.2,18717,14141,202
AMBIKCO,22-JUL-2021,1418.0,1459.7,1416.45,1444.9,49166,25377,5096
AMBUJACEM,22-JUL-2021,407.25,407.25,398.1,400.2,4093799,1704021,53786
AMDIND,22-JUL-2021,29.8,31.25,29.6,31.25,51196,29823,413
AMJLAND,22-JUL-2021,33.65,34.3,33.05,33.4,66263,34457,700
AMRUTANJAN,22-JUL-2021,701.9,701.9,686.0,687.65,30800,18164,2675
ANDHRAPAP,22-JUL-2021,245.35,249.3,243.8,246.45,61984,21874,3183
ANDHRSUGAR,22-JUL-2021,544.95,554.0,535.0,539.05,54377,19394,2943
ANGELBRKG,22-JUL-2021,1302.05,1364.4,1291.0,1335.15,986328,336914,56081
ANIKINDS,22-JUL-2021,25.0,25.0,24.0,24.1,66194,50438,177
ANMOL,22-JUL-2021,174.9,174.9,168.0,171.5,22791,1662,193
ANSALAPI,22-JUL-2021,9.1,9.4,9.1,9.3,126941,77255,339
ANSALHSG,22-JUL-2021,8.6,9.35,8.6,8.9,889140,444210,1336
ANUP,22-JUL-2021,999.0,1021.0,985.0,1002.05,68372,26325,5289
ANURAS,22-JUL-2021,784.5,790.0,777.1,778.65,39808,21930,2107
APARINDS,22-JUL-2021,550.0,572.0,550.0,566.6,74949,39634,4796
APCL,22-JUL-2021,498.5,516.0,472.55,478.55,161549,79998,9040
APCOTEXIND,22-JUL-2021,320.3,330.0,317.85,326.35,90814,57235,4120
APEX,22-JUL-2021,373.4,377.75,363.0,365.5,100885,47548,3083
APLAPOLLO,22-JUL-2021,1606.9,1660.0,1593.95,1625.65,312520,211430,22601
APLLTD,22-JUL-2021,943.0,949.7,939.3,944.6,157198,71758,5493
APOLLO,22-JUL-2021,118.0,121.25,118.0,119.8,198039,103024,4504
APOLLOHOSP,22-JUL-2021,3890.0,4004.0,3890.0,3985.3,760359,199059,46333
APOLLOPIPE,22-JUL-2021,1000.0,1010.0,961.25,969.85,82537,65747,7243
APOLLOTYRE,22-JUL-2021,223.5,226.9,222.65,226.45,3759724,1715672,28366
APOLSINHOT,22-JUL-2021,770.0,799.0,760.0,773.8,2423,1253,385
APTECHT,22-JUL-2021,237.5,246.0,237.5,241.0,215371,57438,5972
ARENTERP,22-JUL-2021,16.15,16.95,16.15,16.95,1131,931,19
ARIES,22-JUL-2021,187.2,188.5,179.0,180.7,307644,152296,7998
ARIHANT,22-JUL-2021,25.3,26.15,24.25,25.3,12541,5226,121
ARIHANTCAP,22-JUL-2021,172.35,179.65,164.35,166.2,109960,68339,2962
ARIHANTSUP,22-JUL-2021,95.0,95.0,90.8,91.45,139801,94783,751
ARMANFIN,22-JUL-2021,680.0,693.5,668.4,687.5,7176,3622,884
AROGRANITE,22-JUL-2021,69.25,69.65,67.55,67.9,74385,40051,1697
ARROWGREEN,22-JUL-2021,150.6,153.7,146.1,151.1,6588,4771,349
ARSHIYA,22-JUL-2021,31.1,31.2,29.95,31.0,151950,107662,670
ARSSINFRA,22-JUL-2021,34.35,34.35,32.65,33.3,25167,9149,469
ARTEMISMED,22-JUL-2021,378.1,378.1,371.15,377.0,57922,46451,708
ARVIND,22-JUL-2021,103.15,111.8,103.1,108.6,3248127,1239737,20980
ARVINDFASN,22-JUL-2021,173.9,201.9,169.55,201.9,4945178,1995031,56071
ARVSMART,22-JUL-2021,124.45,136.0,122.65,133.1,781145,341332,11088
ASAHIINDIA,22-JUL-2021,368.8,369.0,358.5,364.75,67875,29234,6470
ASAHISONG,22-JUL-2021,369.9,369.9,346.1,350.8,24104,14322,1395
ASALCBR,22-JUL-2021,464.0,476.05,461.25,472.65,52841,24890,3737
ASHIANA,22-JUL-2021,166.0,171.0,162.1,162.95,396094,192903,9968
ASHIMASYN,22-JUL-2021,20.0,20.4,19.8,20.1,48516,41965,189
ASHOKA,22-JUL-2021,105.75,106.8,105.05,105.95,1280078,601730,7079
ASHOKLEY,22-JUL-2021,124.9,125.0,122.7,124.05,6753558,2371737,35626
ASIANHOTNR,22-JUL-2021,87.05,89.55,85.65,86.15,8485,4750,215
ASIANPAINT,22-JUL-2021,3130.0,3165.0,3090.0,3106.75,1982572,646868,120866
ASIANTILES,22-JUL-2021,179.0,181.55,177.75,180.3,341880,171887,7255
ASPINWALL,22-JUL-2021,220.5,262.6,220.5,256.05,720204,264864,12294
ASTEC,22-JUL-2021,1390.0,1390.0,1353.8,1364.25,52707,40084,3190
ASTERDM,22-JUL-2021,162.8,162.8,160.0,160.4,335571,131847,5140
ASTRAL,22-JUL-2021,2051.0,2079.95,2027.15,2048.5,181241,102763,30669
ASTRAMICRO,22-JUL-2021,173.7,176.1,173.0,174.85,1013910,222920,11464
ASTRAZEN,22-JUL-2021,3517.0,3607.75,3494.1,3499.5,24417,10570,4647
ASTRON,22-JUL-2021,67.05,69.9,66.55,68.15,546696,104436,8955
ATFL,22-JUL-2021,1093.9,1118.0,1032.15,1046.25,108588,36425,10571
ATUL,22-JUL-2021,9318.0,9349.0,9110.05,9198.25,8514,4591,3246
ATULAUTO,22-JUL-2021,218.3,222.2,212.0,213.05,226939,105853,5457
AUBANK,22-JUL-2021,1171.5,1219.7,1147.55,1154.5,1875247,499368,62075
AURIONPRO,22-JUL-2021,199.75,216.9,199.75,206.2,465731,200836,12888
AUROPHARMA,22-JUL-2021,972.0,973.9,963.1,972.1,523670,125440,16648
AUTOAXLES,22-JUL-2021,1384.0,1403.95,1355.6,1380.35,19372,8157,3325
AUTOIND,22-JUL-2021,50.0,51.65,50.0,51.65,102533,80476,611
AVADHSUGAR,22-JUL-2021,485.0,504.0,484.05,490.45,158192,66048,5648
AVANTIFEED,22-JUL-2021,622.7,630.0,580.05,620.0,294324,100599,8572
AVTNPL,22-JUL-2021,78.75,83.0,78.1,81.2,836197,260877,9074
AWHCL,22-JUL-2021,350.95,355.85,343.5,345.6,63654,35206,3056
AXISBANK,22-JUL-2021,750.1,758.5,741.0,746.75,7876163,3919690,130882
AXISBNKETF,22-JUL-2021,343.55,349.66,343.55,346.66,458,269,36
AXISBPSETF,22-JUL-2021,10.17,10.17,10.15,10.16,45406,45246,129
AXISCADES,22-JUL-2021,97.0,101.0,96.0,100.25,166535,122403,1763
AXISGOLD,22-JUL-2021,36.1,41.3,36.1,41.18,79510,56324,13225
AXISHCETF,22-JUL-2021,89.1,90.0,88.8,89.19,6849,5484,212
AXISNIFTY,22-JUL-2021,163.6,165.64,163.6,165.61,4393,3191,143
AXISTECETF,22-JUL-2021,299.12,299.12,291.19,294.0,539,447,29
AYMSYNTEX,22-JUL-2021,83.5,83.5,76.25,76.75,38539,26757,961
BAFNAPH,22-JUL-2021,163.55,168.85,162.2,162.2,21516,13190,394
BAGFILMS,22-JUL-2021,3.75,3.8,3.7,3.8,148324,101576,124
BAJAJ-AUTO,22-JUL-2021,3920.0,4013.65,3781.6,3853.2,1707977,272746,138108
BAJAJCON,22-JUL-2021,284.5,288.45,281.05,284.05,447833,154213,18897
BAJAJELEC,22-JUL-2021,1068.4,1084.35,1056.65,1068.0,142483,70204,10664
BAJAJFINSV,22-JUL-2021,12310.1,13100.0,12300.05,13064.6,524877,89474,81198
BAJAJHLDNG,22-JUL-2021,3822.0,3949.15,3817.05,3866.4,32070,11055,5976
BAJFINANCE,22-JUL-2021,5930.0,6244.0,5921.15,6195.55,3488591,1327059,219286
BALAJITELE,22-JUL-2021,67.05,68.25,65.9,66.5,572106,319278,3349
BALAMINES,22-JUL-2021,2830.0,2984.55,2790.0,2941.45,153596,65398,18597
BALAXI,22-JUL-2021,670.95,684.0,636.1,636.55,12485,8565,965
BALKRISHNA,22-JUL-2021,26.85,27.65,26.85,27.65,11421,9354,154
BALKRISIND,22-JUL-2021,2342.0,2342.0,2298.0,2331.45,327406,192544,25031
BALMLAWRIE,22-JUL-2021,138.9,139.5,137.0,137.6,415429,116475,5046
BALPHARMA,22-JUL-2021,99.0,100.5,94.3,97.15,40638,28825,669
BALRAMCHIN,22-JUL-2021,339.5,347.5,338.75,341.4,710675,316028,14297
BANARBEADS,22-JUL-2021,65.5,77.7,65.5,77.7,418013,147730,3738
BANARISUG,22-JUL-2021,1755.55,1810.0,1750.0,1786.6,5089,1661,981
BANCOINDIA,22-JUL-2021,160.0,163.1,157.0,158.75,114953,53527,2672
BANDHANBNK,22-JUL-2021,305.9,307.25,302.6,304.9,4147968,2459835,41218
BANKA,22-JUL-2021,74.25,78.55,72.25,77.7,99386,56283,1256
BANKBARODA,22-JUL-2021,80.0,81.35,79.7,80.2,25556770,6588656,64111
BANKBEES,22-JUL-2021,357.0,357.0,348.3,349.43,331839,138262,8477
BANKINDIA,22-JUL-2021,72.3,73.0,71.85,72.2,1538232,492359,7721
BANSWRAS,22-JUL-2021,222.0,223.9,207.0,208.95,16703,9057,971
BARBEQUE,22-JUL-2021,880.7,911.8,870.05,881.85,174120,44855,8917
BASF,22-JUL-2021,2701.0,2760.0,2700.0,2705.65,21637,7233,3761
BASML,22-JUL-2021,89.2,89.2,84.6,85.6,103887,72005,1255
BATAINDIA,22-JUL-2021,1570.0,1594.0,1557.9,1583.1,506080,199557,18412
BAYERCROP,22-JUL-2021,5912.0,5970.0,5830.0,5895.4,12281,6515,4363
BBL,22-JUL-2021,1350.0,1365.5,1335.1,1337.55,10139,4727,2670
BBTC,22-JUL-2021,1287.0,1287.0,1265.0,1268.3,74949,36839,5644
BCLIND,22-JUL-2021,258.9,258.9,250.55,252.35,96679,35105,8967
BCP,22-JUL-2021,3.8,3.95,3.75,3.95,653929,491674,690
BDL,22-JUL-2021,388.0,408.2,384.05,406.4,2043304,712961,47586
BEARDSELL,22-JUL-2021,13.5,13.9,13.2,13.8,12709,11557,67
BECTORFOOD,22-JUL-2021,448.5,463.0,446.45,457.2,1042518,379873,29480
BEL,22-JUL-2021,182.1,184.75,182.0,184.5,4759456,1732229,38662
BEML,22-JUL-2021,1280.0,1321.8,1276.5,1280.45,328543,82804,15848
BEPL,22-JUL-2021,168.45,172.1,168.2,168.95,544450,243949,7919
BERGEPAINT,22-JUL-2021,872.95,872.95,851.55,855.7,1284659,314615,42663
BESTAGRO,22-JUL-2021,474.6,474.6,452.7,458.2,167826,109848,984
BFINVEST,22-JUL-2021,405.95,414.7,405.05,407.65,83122,25350,3532
BFUTILITIE,22-JUL-2021,503.9,516.9,502.0,504.75,321534,128512,8979
BGRENERGY,22-JUL-2021,65.3,69.5,64.6,67.85,368677,198164,4858
BHAGERIA,22-JUL-2021,279.8,289.5,279.05,284.15,104741,30903,5409
BHAGYANGR,22-JUL-2021,49.35,50.95,49.1,49.45,32441,20742,327
BHAGYAPROP,22-JUL-2021,29.5,30.0,29.1,29.45,18220,6646,139
BHANDARI,22-JUL-2021,3.6,3.7,3.5,3.5,480201,287586,812
BHARATFORG,22-JUL-2021,810.0,810.0,793.2,801.2,1131810,648334,21778
BHARATGEAR,22-JUL-2021,124.0,125.05,120.15,120.8,47514,29907,1935
BHARATRAS,22-JUL-2021,13631.0,13631.0,13320.0,13381.0,1732,860,928
BHARTIARTL,22-JUL-2021,531.1,548.0,523.65,546.7,19847956,8273743,216329
BHEL,22-JUL-2021,63.7,64.9,63.7,64.55,22648698,5149469,43763
BIGBLOC,22-JUL-2021,107.0,107.95,104.0,104.8,9987,7404,181
BIL,22-JUL-2021,236.4,244.95,233.25,236.4,1459,771,171
BINDALAGRO,22-JUL-2021,29.8,31.5,29.65,30.05,361662,164889,2539
BIOCON,22-JUL-2021,407.25,407.9,396.3,403.0,2808364,488730,37958
BIOFILCHEM,22-JUL-2021,73.05,79.1,71.6,71.6,629689,263238,6328
BIRLACORPN,22-JUL-2021,1450.0,1454.55,1415.0,1438.7,231760,140198,18956
BIRLAMONEY,22-JUL-2021,77.05,80.7,76.5,79.0,419330,197457,4026
BIRLATYRE,22-JUL-2021,28.05,30.45,27.6,29.35,642601,485272,2784
BLBLIMITED,22-JUL-2021,10.5,10.85,10.45,10.85,360148,317435,437
BLISSGVS,22-JUL-2021,110.95,112.65,110.5,111.35,223079,95927,4750
BLKASHYAP,22-JUL-2021,24.45,24.8,24.0,24.1,186627,113035,468
BLS,22-JUL-2021,129.95,133.0,129.8,131.35,172886,73172,3577
BLUECOAST,22-JUL-2021,5.9,5.9,5.9,5.9,551,551,4
BLUEDART,22-JUL-2021,5677.4,5788.0,5650.0,5701.8,19015,8866,5110
BLUESTARCO,22-JUL-2021,853.3,864.15,840.0,853.9,35076,16228,3558
BODALCHEM,22-JUL-2021,116.5,122.95,116.4,120.45,1696099,554389,15323
BOMDYEING,22-JUL-2021,104.35,107.45,102.35,106.45,9564938,1776492,41964
BOROLTD,22-JUL-2021,217.4,222.0,215.0,219.15,139220,51654,3289
BOSCHLTD,22-JUL-2021,15150.0,15279.95,15052.55,15137.3,29430,7823,7565
BPCL,22-JUL-2021,454.95,463.95,453.0,460.9,6766248,2385029,96778
BPL,22-JUL-2021,39.95,41.2,39.35,39.95,229458,125995,1466
BRIGADE,22-JUL-2021,316.05,329.4,314.6,318.05,284832,86528,8750
BRITANNIA,22-JUL-2021,3449.5,3449.5,3415.0,3425.3,389457,280706,37355
BRNL,22-JUL-2021,35.05,36.45,34.95,35.6,134879,86025,1552
BROOKS,22-JUL-2021,91.05,93.7,90.5,90.85,17614,10848,337
BSE,22-JUL-2021,1339.95,1353.6,1235.55,1245.5,1971410,601804,103537
BSHSL,22-JUL-2021,320.0,322.75,319.0,322.75,5674,5284,166
BSL,22-JUL-2021,63.45,63.6,60.55,62.95,70227,44861,674
BSLGOLDETF,22-JUL-2021,4369.0,4369.0,4331.2,4344.05,169,138,55
BSLNIFTY,22-JUL-2021,173.31,175.32,173.31,175.19,308,271,28
BSOFT,22-JUL-2021,406.4,413.05,402.4,405.45,2048610,888764,45452
BURGERKING,22-JUL-2021,177.7,184.5,177.0,183.3,8233764,2942462,68899
BYKE,22-JUL-2021,29.4,30.3,28.5,29.25,42641,25415,497
CADILAHC,22-JUL-2021,625.75,630.85,616.35,620.2,2706726,1320972,48174
CAMLINFINE,22-JUL-2021,202.4,207.35,196.8,199.05,886128,300440,17423
CAMS,22-JUL-2021,3465.0,3499.0,3350.1,3364.4,186965,71590,25527
CANBK,22-JUL-2021,145.8,146.5,144.45,144.9,4415452,1394921,21058
CANFINHOME,22-JUL-2021,532.7,549.4,532.3,544.15,595914,264331,22360
CANTABIL,22-JUL-2021,420.0,422.0,412.25,419.4,38824,11871,3512
CAPACITE,22-JUL-2021,229.45,238.05,229.45,235.2,202156,104719,5885
CAPLIPOINT,22-JUL-2021,718.0,754.0,718.0,748.55,1017618,330310,30818
CAPTRUST,22-JUL-2021,109.15,112.5,108.55,110.6,13301,7898,279
CARBORUNIV,22-JUL-2021,648.0,648.0,635.15,643.8,143410,90670,8349
CAREERP,22-JUL-2021,148.35,155.7,147.6,151.95,238016,122675,4196
CARERATING,22-JUL-2021,730.05,732.0,708.05,713.8,412583,224333,17997
CASTROLIND,22-JUL-2021,142.0,143.2,141.35,142.75,516518,270987,7796
CCL,22-JUL-2021,398.95,422.95,388.55,405.4,3973646,1007386,68559
CEATLTD,22-JUL-2021,1396.95,1397.75,1360.35,1366.5,358984,138817,20215
CELEBRITY,22-JUL-2021,10.05,10.3,10.0,10.3,133609,126492,243
CENTENKA,22-JUL-2021,444.7,451.15,430.0,436.0,236571,49554,17529
CENTEXT,22-JUL-2021,9.5,9.85,9.5,9.65,201362,123392,537
CENTRALBK,22-JUL-2021,24.85,27.0,24.8,24.9,12794501,4225410,20243
CENTRUM,22-JUL-2021,50.4,51.9,49.9,50.4,3798690,1155120,9177
CENTUM,22-JUL-2021,501.95,518.5,497.0,509.65,26889,12837,2684
CENTURYPLY,22-JUL-2021,421.1,434.0,416.55,427.4,370301,174249,11447
CENTURYTEX,22-JUL-2021,707.8,709.6,696.05,701.35,275615,60875,8216
CERA,22-JUL-2021,4380.0,4515.0,4370.0,4496.05,20993,13617,3998
CEREBRAINT,22-JUL-2021,57.6,59.0,56.3,58.7,809166,302449,4522
CESC,22-JUL-2021,828.0,837.0,817.1,824.75,325433,150085,11214
CGCL,22-JUL-2021,530.95,534.0,524.0,524.25,22640,7387,4204
CHALET,22-JUL-2021,174.1,178.0,171.0,172.8,172368,78153,3903
CHAMBLFERT,22-JUL-2021,308.75,309.5,301.35,304.8,656960,319922,26586
CHEMBOND,22-JUL-2021,236.0,244.45,232.4,239.15,72949,34452,4225
CHEMCON,22-JUL-2021,484.0,488.6,481.0,482.15,132256,56149,4936
CHEMFAB,22-JUL-2021,174.0,175.0,168.9,170.2,18215,11538,1081
CHENNPETRO,22-JUL-2021,132.4,134.4,130.85,133.15,290874,145137,3804
CHOLAFIN,22-JUL-2021,499.0,499.7,487.5,494.75,2727010,1511090,39332
CHOLAHLDNG,22-JUL-2021,656.5,685.0,656.5,679.65,111962,56299,8522
CIGNITITEC,22-JUL-2021,620.35,631.4,609.4,615.0,127908,63829,5203
CINELINE,22-JUL-2021,47.8,48.7,47.15,47.65,53697,26311,1156
CIPLA,22-JUL-2021,958.1,958.95,946.65,949.9,1783069,986966,58311
CLEAN,22-JUL-2021,1751.0,1779.0,1672.15,1694.45,1731678,662819,93236
CLEDUCATE,22-JUL-2021,144.6,149.85,137.6,138.9,47111,28514,1335
CLNINDIA,22-JUL-2021,586.0,594.0,586.0,590.85,31834,17444,2107
CLSEL,22-JUL-2021,146.8,147.9,143.0,144.35,73105,45815,2179
CMICABLES,22-JUL-2021,52.9,57.35,52.5,57.35,288013,160160,2542
COALINDIA,22-JUL-2021,144.0,145.4,143.25,144.7,4772582,1572023,42494
COCHINSHIP,22-JUL-2021,378.7,381.95,375.0,375.7,253442,154735,5462
COFFEEDAY,22-JUL-2021,41.75,43.5,41.75,42.8,1335546,787036,5249
COFORGE,22-JUL-2021,4558.85,4690.0,4555.0,4663.2,316756,72013,40157
COLPAL,22-JUL-2021,1754.45,1795.0,1754.45,1788.65,532351,300704,30308
COMPINFO,22-JUL-2021,29.2,31.75,29.15,29.8,764731,326858,4462
COMPUSOFT,22-JUL-2021,16.65,16.65,15.6,15.75,177067,117144,812
CONCOR,22-JUL-2021,667.85,676.0,663.2,668.3,1315679,642968,28153
CONFIPET,22-JUL-2021,60.1,61.65,59.65,59.95,640753,433823,4082
CONSOFINVT,22-JUL-2021,126.5,134.0,125.25,129.6,20792,15957,330
CONTROLPR,22-JUL-2021,365.0,385.0,360.0,380.35,71318,37594,3810
CORALFINAC,22-JUL-2021,52.0,55.0,50.6,53.45,125278,67977,1420
CORDSCABLE,22-JUL-2021,66.25,67.5,63.3,64.15,87989,58795,1304
COROMANDEL,22-JUL-2021,866.7,883.0,862.05,866.85,347050,213320,21850
COSMOFILMS,22-JUL-2021,1100.0,1133.15,1100.0,1114.85,41858,19013,3514
COUNCODOS,22-JUL-2021,2.8,2.85,2.75,2.8,69460,67274,168
CPSEETF,22-JUL-2021,25.95,26.1,25.8,26.05,1499722,1368408,5496
CRAFTSMAN,22-JUL-2021,2084.7,2099.05,2040.0,2047.1,41071,21004,4953
CREATIVEYE,22-JUL-2021,2.9,3.0,2.9,3.0,308,308,3
CREDITACC,22-JUL-2021,710.75,712.55,698.0,700.0,59576,34679,3414
CRISIL,22-JUL-2021,3049.85,3239.9,3029.65,3138.7,502143,57039,52800
CROMPTON,22-JUL-2021,459.55,479.7,459.0,472.75,2641057,1655533,65989
CSBBANK,22-JUL-2021,340.0,344.5,274.4,322.85,1687315,365965,29911
CTE,22-JUL-2021,73.9,73.9,73.9,73.9,13122,13122,62
CUB,22-JUL-2021,154.0,156.0,154.0,154.25,941760,395360,6632
CUBEXTUB,22-JUL-2021,30.8,30.8,28.25,29.1,15856,12632,180
CUMMINSIND,22-JUL-2021,865.0,872.9,860.0,864.95,583591,285637,19364
CUPID,22-JUL-2021,255.8,256.75,249.45,250.8,129285,72149,4877
CYBERTECH,22-JUL-2021,193.9,208.4,193.9,201.75,700708,292084,15703
CYIENT,22-JUL-2021,987.2,1055.0,985.25,1031.75,666432,296074,38918
DAAWAT,22-JUL-2021,77.4,78.65,77.0,77.95,945825,442256,7236
DABUR,22-JUL-2021,590.7,595.4,584.55,588.45,1191908,556845,29354
DALBHARAT,22-JUL-2021,2205.6,2272.0,2204.95,2222.2,194935,118402,13858
DALMIASUG,22-JUL-2021,454.0,477.5,454.0,459.45,276820,101083,9300
DANGEE,22-JUL-2021,186.5,186.5,183.0,183.3,3706,1654,41
DATAMATICS,22-JUL-2021,319.55,330.0,311.6,317.6,1186842,374996,25461
DBCORP,22-JUL-2021,110.0,112.4,103.8,104.75,1841471,469358,21015
DBL,22-JUL-2021,569.95,578.8,563.0,563.9,244008,142072,5997
DBREALTY,22-JUL-2021,28.2,28.95,27.5,28.4,1011121,574973,2543
DBSTOCKBRO,22-JUL-2021,15.2,15.2,14.1,14.5,7499,4657,47
DCAL,22-JUL-2021,223.65,224.85,214.3,215.85,951351,459842,16098
DCBBANK,22-JUL-2021,105.15,105.95,103.5,103.9,850352,438789,7406
DCM,22-JUL-2021,40.3,42.2,40.3,42.1,108813,86805,355
DCMNVL,22-JUL-2021,172.8,175.9,166.15,169.2,99836,62831,1680
DCMSHRIRAM,22-JUL-2021,981.9,988.5,940.05,949.0,343907,120197,16530
DCW,22-JUL-2021,38.8,39.6,38.8,39.05,1420024,515214,6187
DECCANCE,22-JUL-2021,731.0,747.4,731.0,744.75,150379,43763,9386
DEEPAKNTR,22-JUL-2021,1927.75,1948.4,1910.0,1929.45,601608,195981,35019
DEEPINDS,22-JUL-2021,94.75,106.5,94.75,103.75,437180,179358,5888
DELTACORP,22-JUL-2021,175.55,180.9,174.3,176.25,1776508,664012,17843
DELTAMAGNT,22-JUL-2021,55.7,55.7,52.05,53.1,4559,3617,76
DEN,22-JUL-2021,52.4,53.15,51.2,51.65,4201479,1230896,16307
DENORA,22-JUL-2021,363.0,373.7,363.0,365.8,14371,7092,1197
DFMFOODS,22-JUL-2021,396.3,409.9,396.3,403.5,287727,101063,9705
DHAMPURSUG,22-JUL-2021,356.9,364.5,352.1,358.3,400998,187897,12077
DHANBANK,22-JUL-2021,17.7,18.9,17.4,18.25,4389565,1279552,6188
DHANI,22-JUL-2021,202.95,209.5,199.85,202.1,1294244,666190,11584
DHANUKA,22-JUL-2021,1000.0,1004.6,985.35,1000.3,67426,27697,4998
DHUNINV,22-JUL-2021,671.4,697.5,655.0,662.6,13903,7099,1260
DIAMONDYD,22-JUL-2021,763.05,797.5,763.05,770.75,71015,19796,8144
DICIND,22-JUL-2021,489.8,489.8,473.05,485.25,8349,3770,656
DISHTV,22-JUL-2021,14.0,14.3,13.95,14.05,4134979,2098140,8889
DIVISLAB,22-JUL-2021,4787.85,4856.4,4769.4,4843.25,384993,214303,36025
DIXON,22-JUL-2021,4599.0,4638.95,4540.1,4586.4,126503,79506,18575
DLF,22-JUL-2021,327.7,334.75,326.0,330.5,9250040,1611582,83483
DLINKINDIA,22-JUL-2021,155.4,160.45,154.1,158.55,1034235,293045,14014
DMART,22-JUL-2021,3434.0,3449.0,3383.0,3397.35,216224,102996,27257
DNAMEDIA,22-JUL-2021,2.45,2.65,2.45,2.6,472115,252291,495
DODLA,22-JUL-2021,605.9,618.5,598.55,602.6,206820,71039,11264
DOLAT,22-JUL-2021,110.0,112.75,106.35,112.75,929799,625988,6793
DOLLAR,22-JUL-2021,309.0,318.15,309.0,313.95,77291,33447,3063
DONEAR,22-JUL-2021,52.65,55.35,52.65,54.0,351132,173132,3572
DPABHUSHAN,22-JUL-2021,174.0,179.85,171.0,174.85,3232,2182,107
DPSCLTD,22-JUL-2021,17.05,17.1,16.3,16.85,55618,35449,382
DPWIRES,22-JUL-2021,186.0,194.0,183.05,186.0,38690,24950,1142
DRCSYSTEMS,22-JUL-2021,271.45,282.0,270.05,277.75,1813,1131,123
DREDGECORP,22-JUL-2021,387.5,394.95,387.0,391.2,102334,30391,5450
DRREDDY,22-JUL-2021,5394.0,5394.0,5326.55,5384.5,185848,71228,24813
DSSL,22-JUL-2021,152.85,152.85,148.25,148.85,17519,11119,586
DTIL,22-JUL-2021,514.9,528.85,514.0,517.3,14862,9682,658
DVL,22-JUL-2021,317.2,317.5,307.55,310.1,73150,43808,2811
DWARKESH,22-JUL-2021,75.45,78.0,74.5,77.2,2805583,1162804,14034
DYNAMATECH,22-JUL-2021,1579.0,1615.9,1574.9,1593.85,6442,4473,847
DYNPRO,22-JUL-2021,510.0,523.2,502.35,511.05,43246,25567,2782
EASEMYTRIP,22-JUL-2021,414.5,425.55,414.5,423.0,610759,216482,12783
EASTSILK,22-JUL-2021,4.0,4.0,3.8,3.85,94622,68028,145
EBBETF0423,22-JUL-2021,1140.84,1141.5,1139.53,1141.29,7189,6174,94
EBBETF0425,22-JUL-2021,1050.0,1050.95,1048.57,1049.94,5512,5341,64
EBBETF0430,22-JUL-2021,1166.18,1166.18,1157.12,1159.17,6717,6141,141
EBBETF0431,22-JUL-2021,1043.48,1043.48,1038.63,1042.31,9774,9245,175
EBIXFOREX,22-JUL-2021,657.05,657.55,596.6,610.3,7542,5376,417
EDELWEISS,22-JUL-2021,90.85,93.15,90.85,92.1,6794132,4082537,30918
EICHERMOT,22-JUL-2021,2584.95,2584.95,2529.0,2560.1,1321161,1012194,43745
EIDPARRY,22-JUL-2021,412.0,418.0,411.8,413.15,243210,92506,7871
EIHAHOTELS,22-JUL-2021,321.05,335.7,321.0,332.2,10033,5829,969
EIHOTEL,22-JUL-2021,112.0,113.2,110.7,112.3,467870,113262,9165
EIMCOELECO,22-JUL-2021,498.0,504.2,488.75,491.85,7678,4474,693
ELECON,22-JUL-2021,147.6,149.9,142.25,145.45,2258470,808420,19356
ELECTCAST,22-JUL-2021,36.5,37.2,35.9,36.35,496367,246089,2075
ELECTHERM,22-JUL-2021,152.5,157.55,151.75,152.8,15919,10375,454
ELGIEQUIP,22-JUL-2021,207.6,210.75,206.0,207.2,335794,295190,2901
ELGIRUBCO,22-JUL-2021,44.5,44.6,42.6,43.15,458303,282887,3653
EMAMILTD,22-JUL-2021,535.5,551.9,535.5,548.1,381060,243650,14066
EMAMIPAP,22-JUL-2021,161.9,175.5,159.15,164.2,366235,134090,12363
EMAMIREAL,22-JUL-2021,86.2,88.4,82.1,83.2,153600,96260,2560
EMKAY,22-JUL-2021,129.2,131.9,124.35,126.4,262734,129212,4929
EMMBI,22-JUL-2021,119.4,120.9,115.75,117.95,204340,84874,5443
ENDURANCE,22-JUL-2021,1640.0,1656.35,1620.0,1634.5,136705,99962,10428
ENERGYDEV,22-JUL-2021,11.8,12.1,11.45,11.8,88085,67325,303
ENGINERSIN,22-JUL-2021,76.15,76.9,75.8,75.95,1170946,646160,6854
ENIL,22-JUL-2021,195.6,198.95,194.0,196.85,469001,387082,5442
EPL,22-JUL-2021,244.25,253.0,240.25,250.7,470015,221172,17013
EQ30,22-JUL-2021,388.99,388.99,380.5,386.99,331,265,92
EQUITAS,22-JUL-2021,123.5,130.0,119.5,127.65,4616197,2544455,37880
EQUITASBNK,22-JUL-2021,64.0,65.8,63.05,65.1,872530,403859,6387
ERIS,22-JUL-2021,744.8,769.75,743.1,760.9,100884,37259,8770
EROSMEDIA,22-JUL-2021,23.8,24.0,22.8,22.95,889567,655835,2727
ESABINDIA,22-JUL-2021,1880.0,1897.45,1860.1,1878.85,4012,2236,794
ESCORTS,22-JUL-2021,1174.5,1181.2,1164.4,1166.95,524663,301365,17923
ESSARSHPNG,22-JUL-2021,10.8,11.3,10.7,11.05,77840,53212,416
ESTER,22-JUL-2021,145.4,148.95,144.65,145.15,495691,125048,11271
EUROTEXIND,22-JUL-2021,9.7,9.7,9.7,9.7,212,212,3
EVEREADY,22-JUL-2021,315.5,326.1,313.0,316.75,913719,391093,17982
EVERESTIND,22-JUL-2021,443.65,452.0,437.8,442.15,150937,70678,7780
EXCELINDUS,22-JUL-2021,1206.0,1206.0,1165.25,1169.45,18061,10292,2512
EXIDEIND,22-JUL-2021,178.65,180.6,178.65,179.2,1503764,744215,21069
FACT,22-JUL-2021,137.0,139.25,135.65,136.85,274482,56258,5709
FAIRCHEMOR,22-JUL-2021,1605.0,1625.0,1559.85,1606.55,24147,12674,2207
FCL,22-JUL-2021,105.9,110.7,105.6,109.1,3359895,1309785,26999
FCONSUMER,22-JUL-2021,9.0,9.3,8.75,9.05,16954901,4595999,9976
FDC,22-JUL-2021,375.2,388.0,373.0,381.65,547265,188053,18360
FEDERALBNK,22-JUL-2021,85.0,85.4,83.85,84.25,11982348,4375725,42997
FEL,22-JUL-2021,10.7,11.25,10.4,11.1,1454627,663921,2601
FELDVR,22-JUL-2021,14.25,14.35,13.4,13.75,80575,41059,249
FIEMIND,22-JUL-2021,773.0,785.35,768.05,771.35,25965,13905,2474
FILATEX,22-JUL-2021,102.95,103.0,97.35,98.7,1777795,821971,10166
FINCABLES,22-JUL-2021,521.0,531.95,512.0,515.0,344274,82012,14070
FINEORG,22-JUL-2021,2956.5,2966.0,2911.05,2924.9,16046,9041,4616
FINPIPE,22-JUL-2021,177.2,178.4,176.05,177.55,613016,472029,20229
FLEXITUFF,22-JUL-2021,23.0,24.15,23.0,23.85,6931,6795,53
FLFL,22-JUL-2021,68.5,72.85,68.05,72.1,373254,119080,4174
FLUOROCHEM,22-JUL-2021,1581.3,1647.65,1562.1,1613.7,301081,169276,17126
FMGOETZE,22-JUL-2021,297.1,313.55,297.1,307.95,245333,120023,6207
FMNL,22-JUL-2021,17.3,18.4,16.8,17.0,266139,147598,601
FORCEMOT,22-JUL-2021,1508.0,1532.4,1490.05,1509.35,174355,26788,9969
FORTIS,22-JUL-2021,238.0,240.8,236.2,239.25,1488418,621306,31427
FOSECOIND,22-JUL-2021,1720.0,1738.65,1650.0,1658.1,18032,10443,2840
FRETAIL,22-JUL-2021,60.5,63.8,60.25,63.4,2867146,1267700,13701
FSC,22-JUL-2021,86.5,91.6,84.5,87.35,295905,125324,3643
FSL,22-JUL-2021,220.0,228.25,219.5,225.6,7294570,1193696,59739
GABRIEL,22-JUL-2021,125.0,125.8,122.7,123.75,216630,105157,4088
GAEL,22-JUL-2021,181.85,186.4,181.0,184.85,426713,186384,7210
GAIL,22-JUL-2021,144.6,145.2,141.7,143.8,11673106,6091653,65300
GAL,22-JUL-2021,2.25,2.4,2.2,2.4,1353675,1188980,1269
GALAXYSURF,22-JUL-2021,3140.0,3148.0,3054.55,3100.5,37789,21667,9119
GALLANTT,22-JUL-2021,75.5,84.6,75.5,83.7,860750,292750,9778
GALLISPAT,22-JUL-2021,56.7,58.4,54.25,57.15,185023,72152,2362
GANDHITUBE,22-JUL-2021,463.8,474.0,457.1,471.95,92269,25799,7038
GANECOS,22-JUL-2021,501.0,512.0,496.15,504.55,21449,11608,1191
GANESHHOUC,22-JUL-2021,121.95,125.9,114.15,115.05,63585,38654,866
GANGAFORGE,22-JUL-2021,105.8,108.45,105.8,107.6,45151,17800,227
GANGESSECU,22-JUL-2021,97.0,97.0,93.0,93.95,22259,14854,587
GARFIBRES,22-JUL-2021,3399.0,3600.0,3380.0,3444.55,51331,19018,8589
GATI,22-JUL-2021,164.7,176.0,164.0,172.5,3907732,1124345,37020
GAYAPROJ,22-JUL-2021,39.6,42.95,38.8,42.45,5438854,3459569,12053
GEECEE,22-JUL-2021,186.8,189.75,180.35,184.9,53500,29516,1996
GEEKAYWIRE,22-JUL-2021,89.25,95.9,87.2,94.8,63151,42084,955
GENCON,22-JUL-2021,52.4,52.5,51.2,51.4,59155,33138,781
GENESYS,22-JUL-2021,156.0,165.5,152.1,162.85,80214,52504,1809
GENUSPOWER,22-JUL-2021,70.0,70.2,68.6,69.15,303843,133191,2412
GEOJITFSL,22-JUL-2021,93.2,96.0,92.65,93.35,1283117,429438,9161
GEPIL,22-JUL-2021,329.2,332.75,325.3,327.75,81054,38181,2975
GESHIP,22-JUL-2021,367.0,370.55,362.6,363.65,188313,82620,6311
GET&D,22-JUL-2021,134.9,138.9,134.9,136.85,157690,75601,2336
GFLLIMITED,22-JUL-2021,65.1,67.2,64.6,66.3,135918,79649,3733
GFSTEELS,22-JUL-2021,3.45,3.45,3.45,3.45,211,211,2
GHCL,22-JUL-2021,302.8,306.55,299.0,300.9,214272,100427,4166
GICHSGFIN,22-JUL-2021,178.9,179.95,177.45,178.7,279911,81091,7578
GICRE,22-JUL-2021,177.7,179.8,173.6,174.5,789755,407912,26258
GILLETTE,22-JUL-2021,6006.0,6156.95,6006.0,6082.75,9884,4627,3240
GINNIFILA,22-JUL-2021,39.6,41.4,39.1,40.75,483532,312144,2765
GIPCL,22-JUL-2021,93.35,98.8,93.35,97.2,3535449,1284184,24382
GKWLIMITED,22-JUL-2021,722.15,760.35,701.0,727.4,2344,1176,399
GLAND,22-JUL-2021,3960.0,4168.0,3862.25,4146.7,1960695,920889,155211
GLAXO,22-JUL-2021,1620.0,1659.0,1605.0,1609.05,78179,41142,8281
GLENMARK,22-JUL-2021,670.0,683.05,665.9,672.3,2063487,942501,84667
GLFL,22-JUL-2021,2.85,2.85,2.85,2.85,17307,17307,23
GLOBAL,22-JUL-2021,49.0,49.75,47.85,49.6,10538,8577,127
GLOBALVECT,22-JUL-2021,55.25,59.85,55.25,59.85,68009,47935,622
GMBREW,22-JUL-2021,588.0,596.0,582.1,585.95,41896,19446,2824
GMDCLTD,22-JUL-2021,67.35,67.6,66.5,66.7,548655,237458,3817
GMMPFAUDLR,22-JUL-2021,4575.7,4622.0,4557.0,4577.15,14706,7237,4248
GMRINFRA,22-JUL-2021,29.25,29.55,29.2,29.4,10541919,2361090,27791
GNA,22-JUL-2021,524.45,536.0,520.35,527.45,195892,73717,9978
GNFC,22-JUL-2021,358.0,365.9,355.8,359.15,389724,192103,8030
GOACARBON,22-JUL-2021,380.0,400.35,379.95,393.4,27255,11486,1819
GOCLCORP,22-JUL-2021,273.8,273.8,265.3,269.65,17749,8520,560
GODFRYPHLP,22-JUL-2021,1035.0,1049.0,1026.4,1039.3,43577,20196,3731
GODREJAGRO,22-JUL-2021,649.0,656.3,640.3,651.3,210466,51017,8331
GODREJCP,22-JUL-2021,954.5,973.65,951.1,969.65,1022132,491300,37402
GODREJIND,22-JUL-2021,554.4,566.0,552.0,554.45,312779,222953,5916
GODREJPROP,22-JUL-2021,1546.0,1590.0,1546.0,1555.3,907522,225268,35505
GOKEX,22-JUL-2021,200.4,202.15,192.2,194.15,172064,94756,3251
GOKUL,22-JUL-2021,33.5,33.5,32.4,32.65,105109,57981,944
GOKULAGRO,22-JUL-2021,40.8,43.0,39.85,41.2,383052,242568,2683
GOLDBEES,22-JUL-2021,44.1,44.1,39.2,41.3,3231236,2663447,23414
GOLDIAM,22-JUL-2021,600.0,611.0,582.05,587.85,149754,87971,5639
GOLDSHARE,22-JUL-2021,41.25,41.4,36.3,41.25,364693,212433,634
GOLDTECH,22-JUL-2021,12.5,12.8,11.8,12.7,93342,77268,251
GOODLUCK,22-JUL-2021,214.8,214.8,214.8,214.8,50835,50835,321
GOODYEAR,22-JUL-2021,1279.5,1279.5,1234.1,1252.45,55048,26116,5049
GPPL,22-JUL-2021,105.8,106.9,104.8,106.65,363835,182949,5628
GPTINFRA,22-JUL-2021,98.55,101.4,96.4,97.5,98207,52875,2518
GRANULES,22-JUL-2021,374.7,385.0,372.15,383.95,5627001,1213857,57823
GRAPHITE,22-JUL-2021,640.0,663.95,638.0,651.05,711533,293488,22365
GRASIM,22-JUL-2021,1595.0,1599.5,1573.2,1582.05,982695,375531,39799
GRAVITA,22-JUL-2021,184.5,184.5,177.8,179.65,419749,250608,5916
GREAVESCOT,22-JUL-2021,163.95,168.0,163.2,164.5,2042128,513473,20786
GREENLAM,22-JUL-2021,1337.0,1353.4,1300.35,1342.3,3370,2346,572
GREENPLY,22-JUL-2021,196.35,200.0,193.75,194.45,209234,112235,4457
GREENPOWER,22-JUL-2021,3.2,3.25,3.1,3.1,7854132,4578909,4216
GRINDWELL,22-JUL-2021,1244.0,1284.0,1233.0,1243.5,46196,25136,12590
GRINFRA,22-JUL-2021,1721.75,1757.4,1702.0,1741.35,640184,205825,35215
GROBTEA,22-JUL-2021,1226.3,1263.75,1220.0,1252.3,414,252,106
GRPLTD,22-JUL-2021,912.0,958.75,908.3,923.4,9033,7973,388
GRSE,22-JUL-2021,200.95,205.5,200.95,204.5,259143,143283,4591
GSCLCEMENT,22-JUL-2021,52.8,53.3,51.55,51.8,299268,153947,2615
GSFC,22-JUL-2021,113.95,117.0,113.2,114.35,2443229,1168888,17058
GSPL,22-JUL-2021,337.0,338.0,329.0,331.4,274166,129322,8610
GSS,22-JUL-2021,77.05,87.4,77.05,79.65,1770792,518958,16694
GTNTEX,22-JUL-2021,9.05,9.45,9.05,9.45,10692,10692,28
GTPL,22-JUL-2021,182.0,187.5,181.85,186.5,148971,90452,3527
GUFICBIO,22-JUL-2021,179.0,182.0,176.55,180.75,95596,51614,3529
GUJALKALI,22-JUL-2021,461.35,466.6,459.0,464.0,401622,148411,9071
GUJAPOLLO,22-JUL-2021,236.0,244.9,232.8,238.7,44923,22283,1358
GUJGASLTD,22-JUL-2021,718.0,723.05,711.1,717.25,1608755,259379,36226
GULFOILLUB,22-JUL-2021,668.9,668.9,651.55,654.3,39275,19802,3573
GULFPETRO,22-JUL-2021,64.4,65.9,64.0,64.2,86285,50164,908
HAL,22-JUL-2021,1075.0,1153.0,1072.85,1107.3,1538596,604518,65841
HAPPSTMNDS,22-JUL-2021,1505.9,1520.0,1440.0,1466.3,1532297,639768,98250
HARRMALAYA,22-JUL-2021,211.8,219.4,211.05,216.95,244223,72521,8708
HATHWAY,22-JUL-2021,26.15,26.45,25.7,25.75,6848523,3542500,11578
HATSUN,22-JUL-2021,953.3,962.65,945.2,952.6,27740,11819,3735
HAVELLS,22-JUL-2021,1142.0,1184.0,1125.5,1151.3,12956315,3911443,314151
HBANKETF,22-JUL-2021,344.77,349.1,344.03,345.22,3092,2522,107
HBLPOWER,22-JUL-2021,53.2,56.85,53.0,55.65,2172291,1077930,8423
HBSL,22-JUL-2021,28.3,29.7,28.3,29.3,25961,18222,313
HCC,22-JUL-2021,12.5,13.0,12.5,12.6,7298842,3220713,5648
HCG,22-JUL-2021,224.65,231.95,224.0,224.4,196362,87637,9820
HCL-INSYS,22-JUL-2021,15.55,16.25,15.55,15.9,796664,465831,2812
HCLTECH,22-JUL-2021,970.0,981.5,970.0,978.6,6156400,4255785,204204
HDFC,22-JUL-2021,2470.1,2493.05,2465.5,2490.3,1792789,1194603,76941
HDFCAMC,22-JUL-2021,2897.95,2920.0,2865.25,2885.75,530450,306115,31402
HDFCBANK,22-JUL-2021,1456.1,1468.5,1445.0,1448.7,6603557,3828445,253822
HDFCLIFE,22-JUL-2021,664.0,669.4,661.1,662.1,4062964,3099025,100830
HDFCMFGETF,22-JUL-2021,42.72,42.72,42.16,42.36,264564,178392,971
HDFCNIFETF,22-JUL-2021,169.9,169.9,167.5,168.5,12819,11390,354
HDFCSENETF,22-JUL-2021,565.99,567.9,561.0,566.88,2331,1809,172
HEG,22-JUL-2021,2201.0,2266.8,2179.3,2205.35,284138,160670,20989
HEIDELBERG,22-JUL-2021,269.0,274.8,263.0,266.0,1607678,416754,25154
HEMIPROP,22-JUL-2021,150.5,154.2,148.2,148.75,934664,405170,8992
HERANBA,22-JUL-2021,805.0,810.45,785.0,789.95,537323,214904,21353
HERCULES,22-JUL-2021,170.3,177.95,167.1,168.35,288501,77841,9563
HERITGFOOD,22-JUL-2021,469.5,489.6,465.0,466.85,118276,67498,5818
HEROMOTOCO,22-JUL-2021,2835.05,2847.0,2806.2,2838.25,613062,303740,55284
HESTERBIO,22-JUL-2021,2449.9,2449.9,2401.9,2420.8,6360,2347,1613
HEXATRADEX,22-JUL-2021,136.65,143.0,135.05,139.1,67473,51182,660
HGINFRA,22-JUL-2021,478.85,491.9,477.25,487.0,175581,61012,8934
HIKAL,22-JUL-2021,533.0,543.85,525.35,527.65,291564,207930,9226
HIL,22-JUL-2021,4683.0,4718.0,4606.0,4698.85,15903,10073,2935
HILTON,22-JUL-2021,11.4,11.9,11.3,11.6,14817,13510,82
HIMATSEIDE,22-JUL-2021,259.15,266.0,251.1,252.5,244937,155065,6741
HINDALCO,22-JUL-2021,390.2,395.2,389.0,393.5,7381389,2497790,78162
HINDCOMPOS,22-JUL-2021,328.2,331.55,326.5,328.55,4821,3361,313
HINDCON,22-JUL-2021,70.9,74.4,70.9,74.4,39698,36796,257
HINDCOPPER,22-JUL-2021,139.0,141.4,137.2,137.95,1649553,629998,12959
HINDMOTORS,22-JUL-2021,8.05,8.3,7.65,7.95,333188,221145,886
HINDOILEXP,22-JUL-2021,118.55,120.95,117.55,118.95,1308874,512466,11365
HINDPETRO,22-JUL-2021,276.05,278.5,274.1,276.4,2887095,1348411,36684
HINDUNILVR,22-JUL-2021,2450.0,2508.0,2375.5,2378.15,3546044,1179817,203188
HINDZINC,22-JUL-2021,340.0,342.0,318.8,327.05,3389719,800383,53115
HIRECT,22-JUL-2021,158.5,162.4,158.5,160.8,17875,13716,683
HISARMETAL,22-JUL-2021,139.8,163.55,136.1,163.2,871842,276086,8048
HITECH,22-JUL-2021,542.3,608.15,542.3,585.1,215010,95257,6887
HITECHCORP,22-JUL-2021,227.0,239.95,227.0,234.35,7763,3522,304
HITECHGEAR,22-JUL-2021,307.0,321.0,305.25,316.9,37863,23192,1758
HLEGLAS,22-JUL-2021,3480.0,3574.4,3433.95,3550.95,6031,3958,1202
HLVLTD,22-JUL-2021,10.0,10.15,9.8,9.95,202030,106958,534
HMVL,22-JUL-2021,92.9,92.9,89.1,89.85,485511,328683,5531
HNGSNGBEES,22-JUL-2021,357.76,357.76,353.3,355.04,326,240,86
HOMEFIRST,22-JUL-2021,542.8,548.35,537.15,542.55,103192,24998,6447
HONAUT,22-JUL-2021,43077.0,43950.0,42500.0,42791.95,2212,807,1386
HONDAPOWER,22-JUL-2021,1270.45,1306.75,1256.7,1284.8,13744,8168,1648
HOVS,22-JUL-2021,78.5,78.5,78.5,78.5,10955,10955,72
HPL,22-JUL-2021,85.9,85.9,81.0,81.85,417499,190751,4450
HSCL,22-JUL-2021,52.9,55.7,52.35,54.5,6293677,2190444,21481
HSIL,22-JUL-2021,255.2,259.1,253.0,255.7,242921,81109,7964
HTMEDIA,22-JUL-2021,33.7,35.3,32.55,33.85,4924087,2333381,17521
HUBTOWN,22-JUL-2021,27.05,28.5,26.6,28.45,210370,162356,524
HUDCO,22-JUL-2021,50.75,51.4,50.4,50.55,1505432,524580,5883
HUHTAMAKI,22-JUL-2021,304.2,316.05,304.2,313.6,197763,111140,5837
IBMFNIFTY,22-JUL-2021,159.5,159.5,156.5,158.34,474,170,103
IBREALEST,22-JUL-2021,155.95,169.2,155.3,163.35,26758040,6923906,136799
IBULHSGFIN,22-JUL-2021,273.0,279.0,272.0,275.2,15150875,3765420,113522
ICEMAKE,22-JUL-2021,86.5,92.65,86.5,89.35,12953,10939,271
ICICI500,22-JUL-2021,225.85,225.97,222.0,225.02,1919,1457,203
ICICIALPLV,22-JUL-2021,161.79,166.0,161.79,163.86,11550,7741,303
ICICIB22,22-JUL-2021,40.01,40.49,39.75,40.43,312265,272935,4392
ICICIBANK,22-JUL-2021,652.5,660.3,648.3,655.95,13123569,7616681,187657
ICICIBANKN,22-JUL-2021,394.6,394.6,340.0,345.54,10408,3118,372
ICICIBANKP,22-JUL-2021,184.7,184.7,176.73,178.27,2331,1774,159
ICICIGI,22-JUL-2021,1482.0,1552.0,1480.9,1543.85,672911,256453,30254
ICICIGOLD,22-JUL-2021,40.88,42.78,40.88,42.35,497965,432855,2419
ICICILIQ,22-JUL-2021,999.95,1000.0,999.95,999.99,7247,6986,44
ICICILOVOL,22-JUL-2021,133.7,133.7,128.51,131.01,139777,121565,1195
ICICIM150,22-JUL-2021,105.8,105.88,104.1,105.18,42834,36704,537
ICICIMCAP,22-JUL-2021,107.1,107.1,94.11,96.09,8396,4932,249
ICICINF100,22-JUL-2021,174.49,174.49,170.1,173.2,7372,3601,421
ICICINIFTY,22-JUL-2021,157.5,175.0,157.5,169.15,94356,59940,6010
ICICINV20,22-JUL-2021,77.5,96.2,77.5,86.08,34988,18061,1287
ICICINXT50,22-JUL-2021,45.9,45.9,36.3,39.89,22164,18413,901
ICICIPHARM,22-JUL-2021,89.0,90.0,89.0,89.73,6028,5223,160
ICICIPRULI,22-JUL-2021,625.0,661.0,622.0,635.4,10227856,4663976,269669
ICICISENSX,22-JUL-2021,571.32,575.01,568.2,571.22,804,404,85
ICICITECH,22-JUL-2021,307.9,313.8,296.1,301.03,6613,4170,233
ICIL,22-JUL-2021,206.0,223.35,205.8,219.2,2404965,1152287,27239
ICRA,22-JUL-2021,3874.55,3937.0,3771.45,3800.05,22336,5242,3970
IDBI,22-JUL-2021,37.9,38.1,37.65,37.75,5094150,2070622,9873
IDBIGOLD,22-JUL-2021,4400.0,4429.95,4370.0,4385.65,33,15,20
IDEA,22-JUL-2021,9.2,9.55,8.85,9.25,682342777,147708564,236312
IDFC,22-JUL-2021,60.5,62.9,58.35,59.0,82244824,32427298,131707
IDFCFIRSTB,22-JUL-2021,51.65,53.3,51.15,52.15,44082639,13622883,93128
IDFNIFTYET,22-JUL-2021,165.35,169.7,165.04,165.54,994,772,30
IEX,22-JUL-2021,431.85,449.0,431.1,445.7,4654657,1341205,89236
IFBAGRO,22-JUL-2021,595.0,595.0,578.5,581.75,9578,5588,848
IFBIND,22-JUL-2021,1002.0,1069.85,1002.0,1053.4,69408,30598,4805
IFCI,22-JUL-2021,14.95,15.2,14.6,14.7,7440364,4169373,12121
IFGLEXPOR,22-JUL-2021,405.0,412.0,398.35,404.15,36188,23478,1884
IGARASHI,22-JUL-2021,525.25,534.6,515.2,524.35,109158,33009,5460
IGL,22-JUL-2021,541.7,543.15,537.0,539.5,3504984,2777558,34876
IGPL,22-JUL-2021,690.0,711.95,682.8,703.15,253139,81203,11380
IIFLSEC,22-JUL-2021,123.0,128.5,112.5,113.8,5545961,2307926,31119
IIFLWAM,22-JUL-2021,1395.0,1408.7,1371.05,1390.25,87317,60568,7909
IITL,22-JUL-2021,75.0,78.25,73.4,75.25,11845,8640,241
IMAGICAA,22-JUL-2021,8.4,8.4,8.0,8.1,92666,78285,245
IMFA,22-JUL-2021,652.0,690.0,652.0,686.75,216204,116609,9783
IMPAL,22-JUL-2021,770.1,779.05,763.05,764.85,3836,2839,188
INDBANK,22-JUL-2021,32.15,34.0,32.05,32.9,298075,138595,1669
INDHOTEL,22-JUL-2021,145.05,147.45,143.5,145.9,2878011,1450371,15346
INDIACEM,22-JUL-2021,198.5,205.5,195.1,200.3,6317636,1468623,43785
INDIAGLYCO,22-JUL-2021,694.0,715.0,694.0,706.55,211818,74100,7758
INDIAMART,22-JUL-2021,7042.5,7169.0,6950.0,7012.0,140900,70787,27298
INDIANB,22-JUL-2021,140.75,141.9,139.0,140.05,2731115,1174583,19804
INDIANCARD,22-JUL-2021,216.0,230.0,214.05,222.15,15868,8161,1319
INDIANHUME,22-JUL-2021,225.7,229.9,222.15,223.95,64719,32703,3408
INDIGO,22-JUL-2021,1697.0,1697.0,1657.0,1694.15,798942,320319,42178
INDIGOPNTS,22-JUL-2021,2654.0,2657.35,2576.25,2589.35,50182,21987,9895
INDLMETER,22-JUL-2021,14.85,14.85,14.1,14.45,40340,32247,432
INDNIPPON,22-JUL-2021,377.95,377.95,367.5,369.6,15968,8943,1094
INDOCO,22-JUL-2021,446.75,458.85,442.15,449.1,196284,75372,8590
INDOSTAR,22-JUL-2021,352.9,352.9,341.1,342.9,43173,31777,2360
INDOTHAI,22-JUL-2021,70.35,70.35,65.0,66.05,16799,9167,204
INDRAMEDCO,22-JUL-2021,82.8,85.85,82.5,83.65,643495,185457,6286
INDSWFTLAB,22-JUL-2021,115.15,118.5,108.8,109.6,873136,474482,10860
INDTERRAIN,22-JUL-2021,41.85,44.05,41.3,44.05,402375,323751,1403
INDUSINDBK,22-JUL-2021,999.9,1005.75,988.0,992.15,2181872,508692,57894
INDUSTOWER,22-JUL-2021,226.0,234.0,225.25,231.6,5020580,2079032,47851
INEOSSTYRO,22-JUL-2021,1400.05,1448.95,1400.05,1429.95,39252,24724,4744
INFIBEAM,22-JUL-2021,49.0,49.4,48.4,48.75,6952891,4645300,10759
INFOMEDIA,22-JUL-2021,5.25,5.25,5.25,5.25,4380,4380,14
INFRABEES,22-JUL-2021,460.0,464.0,457.06,461.92,2411,1637,137
INFY,22-JUL-2021,1561.4,1592.85,1561.4,1590.2,7854575,5679233,233651
INGERRAND,22-JUL-2021,1053.0,1064.9,1021.0,1028.3,131116,34569,11813
INOXLEISUR,22-JUL-2021,300.0,307.0,297.25,300.55,318901,168161,8423
INOXWIND,22-JUL-2021,110.8,113.95,107.25,108.55,584494,359269,5711
INSECTICID,22-JUL-2021,763.6,779.9,753.95,761.45,34460,15865,2738
INTELLECT,22-JUL-2021,766.7,809.5,765.55,803.3,897033,431862,28351
INTENTECH,22-JUL-2021,99.25,99.25,99.25,99.25,114196,114196,343
INVENTURE,22-JUL-2021,3.8,3.8,3.5,3.55,17519749,9332926,8079
IOB,22-JUL-2021,23.6,26.0,23.6,24.5,13314593,4174179,20118
IOC,22-JUL-2021,106.5,107.0,105.2,106.7,10839232,4733418,66023
IOLCP,22-JUL-2021,650.0,687.1,647.0,676.55,1522353,494491,41405
IPCALAB,22-JUL-2021,2120.95,2183.0,2107.2,2176.25,243518,113818,20509
IPL,22-JUL-2021,343.0,364.7,341.7,353.85,7163748,2324985,130859
IRB,22-JUL-2021,175.8,180.4,175.65,178.8,1802125,429242,12708
IRCON,22-JUL-2021,46.0,46.2,44.55,45.15,3089725,1655014,12974
IRCTC,22-JUL-2021,2404.0,2417.05,2342.0,2365.15,1349303,286706,69436
IRFC,22-JUL-2021,23.4,23.65,23.3,23.55,9446372,4455959,16689
ISEC,22-JUL-2021,742.6,781.7,727.55,743.8,2381385,531879,61626
ISFT,22-JUL-2021,113.5,117.75,110.15,112.7,54001,33025,1459
ISGEC,22-JUL-2021,795.85,815.4,791.65,796.9,162905,72548,9304
ITC,22-JUL-2021,207.0,208.25,205.85,207.0,18311537,10246304,101678
ITDC,22-JUL-2021,409.0,409.35,396.0,398.5,54048,11935,3215
ITDCEM,22-JUL-2021,90.75,92.85,90.5,91.6,583974,260362,4913
ITI,22-JUL-2021,130.9,132.55,128.5,128.8,536488,192058,5558
IVC,22-JUL-2021,6.85,7.1,6.5,7.1,2508627,925865,1231
IVP,22-JUL-2021,145.65,151.75,142.05,145.0,6208,4380,229
IVZINGOLD,22-JUL-2021,4295.0,4324.9,4270.0,4290.75,124,119,18
IVZINNIFTY,22-JUL-2021,1700.0,1724.7,1654.7,1708.65,25,18,7
IZMO,22-JUL-2021,97.95,106.7,95.15,106.7,1045846,424535,11575
J&KBANK,22-JUL-2021,38.35,39.15,38.0,38.3,2866654,1211976,7207
JAGRAN,22-JUL-2021,64.0,65.5,63.35,63.65,372061,184604,3121
JAGSNPHARM,22-JUL-2021,167.4,174.8,167.0,170.3,115693,60625,3555
JAIBALAJI,22-JUL-2021,63.05,64.05,61.5,61.95,76756,51204,1169
JAICORPLTD,22-JUL-2021,162.7,165.85,160.75,161.55,1208714,356466,10172
JAMNAAUTO,22-JUL-2021,86.95,88.0,86.05,86.25,670864,490485,8481
JASH,22-JUL-2021,568.0,582.0,560.0,563.7,16375,9465,1241
JAYAGROGN,22-JUL-2021,240.5,247.4,237.5,238.6,69503,27747,4057
JAYBARMARU,22-JUL-2021,212.0,216.4,212.0,215.05,29896,15103,1516
JAYSREETEA,22-JUL-2021,110.8,116.4,110.75,113.95,638142,216237,13677
JBCHEPHARM,22-JUL-2021,1899.9,1899.9,1810.0,1835.55,87717,48224,7703
JBMA,22-JUL-2021,510.0,516.35,500.2,501.8,68018,27194,4270
JCHAC,22-JUL-2021,2266.1,2299.7,2260.0,2273.55,13831,6544,2423
JHS,22-JUL-2021,26.3,26.9,26.05,26.45,159889,118833,837
JINDALPHOT,22-JUL-2021,75.8,75.8,72.5,73.95,7580,5993,146
JINDALPOLY,22-JUL-2021,1054.0,1074.0,1036.65,1058.85,466886,113841,22982
JINDALSAW,22-JUL-2021,121.45,134.7,120.6,129.8,10609735,1937580,67474
JINDALSTEL,22-JUL-2021,385.5,396.7,385.0,394.4,9400295,3214433,79045
JINDRILL,22-JUL-2021,137.1,141.05,136.25,138.05,117842,76093,3145
JINDWORLD,22-JUL-2021,75.05,80.7,74.5,78.5,1000051,235574,11604
JISLDVREQS,22-JUL-2021,22.2,22.2,21.05,21.2,59472,33295,267
JISLJALEQS,22-JUL-2021,34.25,34.65,33.05,33.25,1774763,1121020,4386
JKCEMENT,22-JUL-2021,3160.0,3238.0,3131.4,3146.0,40407,19223,6963
JKIL,22-JUL-2021,208.0,211.6,204.3,205.2,352541,179053,9377
JKLAKSHMI,22-JUL-2021,713.0,721.25,699.1,705.05,790426,225815,28778
JKPAPER,22-JUL-2021,213.75,223.0,211.0,220.6,2312635,453137,23536
JKTYRE,22-JUL-2021,143.5,146.0,140.7,145.15,925547,416641,10039
JMA,22-JUL-2021,66.9,66.9,64.45,64.95,22799,16653,406
JMCPROJECT,22-JUL-2021,124.1,124.7,120.4,123.2,237423,123632,4306
JMFINANCIL,22-JUL-2021,103.65,107.8,103.2,106.6,5885345,1415195,28433
JMTAUTOLTD,22-JUL-2021,3.15,3.25,3.05,3.1,1922406,1323182,927
JOCIL,22-JUL-2021,198.85,200.05,193.5,195.65,20189,11166,674
JPINFRATEC,22-JUL-2021,2.2,2.2,2.2,2.2,1482299,1482299,1847
JPPOWER,22-JUL-2021,5.8,5.85,5.55,5.55,44130012,28508978,33751
JSL,22-JUL-2021,123.75,146.85,123.2,145.35,24364619,6521255,106135
JSLHISAR,22-JUL-2021,234.35,276.8,232.9,265.7,10132114,2110544,94986
JSWENERGY,22-JUL-2021,203.1,221.05,202.2,217.25,7537436,2631381,58421
JSWHL,22-JUL-2021,4726.25,4880.0,4700.0,4808.7,2204,919,580
JSWSTEEL,22-JUL-2021,689.9,722.6,689.05,716.55,9472817,2259873,134586
JTEKTINDIA,22-JUL-2021,112.0,114.95,110.0,111.6,467975,81230,10347
JUBLFOOD,22-JUL-2021,3207.0,3513.0,3207.0,3429.95,5283322,679201,278569
JUBLINDS,22-JUL-2021,360.0,389.0,360.0,381.15,336139,144890,9600
JUBLINGREA,22-JUL-2021,609.4,671.6,605.0,652.8,10833527,3994080,186393
JUBLPHARMA,22-JUL-2021,723.8,724.0,711.0,714.85,430180,253475,12746
JUMPNET,22-JUL-2021,11.35,11.4,10.75,10.85,1404158,825254,2579
JUNIORBEES,22-JUL-2021,409.95,410.76,402.05,409.74,92919,55817,6081
JUSTDIAL,22-JUL-2021,1004.8,1004.85,977.15,981.15,2871073,732052,62000
JYOTHYLAB,22-JUL-2021,171.5,175.85,170.0,173.95,562787,249732,7835
KABRAEXTRU,22-JUL-2021,233.4,239.0,225.0,227.55,484055,173371,13583
KAJARIACER,22-JUL-2021,996.0,1002.6,966.05,976.75,215599,173103,8967
KAKATCEM,22-JUL-2021,254.0,256.75,250.0,253.7,63661,53134,1118
KALPATPOWR,22-JUL-2021,470.0,481.0,470.0,475.0,247985,111242,12776
KALYANKJIL,22-JUL-2021,73.3,74.35,73.0,73.3,896398,450431,7596
KAMATHOTEL,22-JUL-2021,47.35,49.5,47.35,48.85,69313,38021,793
KAMDHENU,22-JUL-2021,172.2,182.45,171.6,178.9,232181,101624,5099
KANORICHEM,22-JUL-2021,170.0,174.0,167.9,169.9,49239,39702,668
KANPRPLA,22-JUL-2021,275.0,278.6,270.05,272.35,44560,30122,1507
KANSAINER,22-JUL-2021,630.6,636.45,622.0,624.75,680680,285368,26016
KARMAENG,22-JUL-2021,21.95,22.55,21.55,22.55,13114,13043,87
KARURVYSYA,22-JUL-2021,51.0,51.15,49.7,49.95,1621882,923039,7611
KAUSHALYA,22-JUL-2021,2.65,2.65,2.65,2.65,18080,16580,43
KAVVERITEL,22-JUL-2021,1.95,1.95,1.95,1.95,1024,1024,5
KAYA,22-JUL-2021,487.85,522.0,487.8,512.65,154938,58051,6325
KCP,22-JUL-2021,160.4,164.0,160.0,161.85,833408,496478,12981
KCPSUGIND,22-JUL-2021,27.9,28.1,26.8,27.05,426023,173000,3383
KDDL,22-JUL-2021,362.25,373.95,345.05,349.05,9102,4382,400
KEC,22-JUL-2021,418.7,432.0,416.0,430.15,774159,383591,20047
KECL,22-JUL-2021,21.0,21.85,20.5,20.75,151437,101606,889
KEERTI,22-JUL-2021,21.1,21.7,20.8,21.1,20181,13325,67
KEI,22-JUL-2021,707.1,729.75,707.1,715.55,222846,84266,11107
KELLTONTEC,22-JUL-2021,62.0,62.5,61.0,61.6,2194742,642516,14098
KENNAMET,22-JUL-2021,1272.0,1309.3,1249.8,1289.55,23938,8447,2436
KESORAMIND,22-JUL-2021,93.0,93.6,90.6,90.9,1679799,725848,12353
KEYFINSERV,22-JUL-2021,73.9,78.0,73.9,76.5,8417,3801,328
KHADIM,22-JUL-2021,295.05,298.2,282.05,289.0,68740,25805,2781
KHAICHEM,22-JUL-2021,69.0,71.0,67.85,68.45,440436,270651,4299
KHANDSE,22-JUL-2021,18.0,18.85,17.1,17.3,3223,3028,20
KICL,22-JUL-2021,2050.05,2074.95,2022.8,2039.05,1464,935,363
KILITCH,22-JUL-2021,187.0,187.3,186.5,187.3,56101,34624,285
KIMS,22-JUL-2021,1293.25,1296.1,1243.3,1251.5,170159,76340,9392
KINGFA,22-JUL-2021,1180.0,1230.0,1160.0,1171.05,4552,3028,516
KIOCL,22-JUL-2021,260.0,264.0,258.0,259.4,51668,20131,5989
KIRIINDUS,22-JUL-2021,575.9,588.8,565.25,569.2,262924,112463,9106
KIRLFER,22-JUL-2021,286.4,289.9,278.8,280.5,250983,159669,6136
KIRLOSENG,22-JUL-2021,260.55,264.45,254.0,255.9,115228,55874,3270
KIRLOSIND,22-JUL-2021,1680.5,1717.0,1679.0,1709.55,30784,24826,1582
KITEX,22-JUL-2021,185.9,188.5,179.0,180.25,770599,334481,16128
KKCL,22-JUL-2021,899.9,925.0,877.0,917.35,9545,1815,2853
KMSUGAR,22-JUL-2021,32.85,33.4,31.05,32.0,447848,246122,2008
KNRCON,22-JUL-2021,263.35,270.4,263.15,269.05,937022,346903,17091
KOKUYOCMLN,22-JUL-2021,71.2,73.55,71.2,72.6,227600,92318,3139
KOLTEPATIL,22-JUL-2021,236.2,237.9,233.2,235.9,340773,142658,7125
KOTAKBANK,22-JUL-2021,1706.55,1721.95,1703.15,1707.2,1858253,1106158,97723
KOTAKBKETF,22-JUL-2021,351.0,353.22,348.89,350.41,445111,177456,1186
KOTAKGOLD,22-JUL-2021,44.0,44.0,41.65,41.75,420881,284569,3229
KOTAKIT,22-JUL-2021,30.12,30.12,29.5,29.86,2158,1215,102
KOTAKNIFTY,22-JUL-2021,165.0,166.35,165.0,166.18,88069,70038,516
KOTAKNV20,22-JUL-2021,87.6,87.6,85.41,87.17,14880,9376,273
KOTAKPSUBK,22-JUL-2021,243.1,252.22,235.99,236.29,4985,3757,185
KOTARISUG,22-JUL-2021,40.2,40.65,39.25,39.45,294169,163273,1808
KOTHARIPET,22-JUL-2021,41.75,43.2,41.3,41.8,174794,62109,1748
KPITTECH,22-JUL-2021,270.85,277.35,269.15,274.1,1044758,745822,27422
KPRMILL,22-JUL-2021,1837.85,1874.45,1795.2,1848.55,81605,57187,10484
KRBL,22-JUL-2021,278.5,284.5,276.8,278.35,685633,203075,13480
KREBSBIO,22-JUL-2021,113.05,115.8,112.8,114.25,10878,6749,222
KRIDHANINF,22-JUL-2021,6.5,6.5,6.05,6.1,161610,133471,169
KRISHANA,22-JUL-2021,113.75,120.0,111.45,117.0,25722,19197,424
KSB,22-JUL-2021,1047.0,1059.95,1035.5,1043.9,15503,6912,1662
KSCL,22-JUL-2021,720.25,726.2,701.0,703.85,273989,142625,11027
KSL,22-JUL-2021,402.3,418.8,402.0,415.95,238095,80539,8677
KTKBANK,22-JUL-2021,61.5,61.8,60.8,60.9,752855,420766,3602
KUANTUM,22-JUL-2021,78.55,78.6,75.0,75.5,83551,51192,1371
L&TFH,22-JUL-2021,88.8,89.1,87.45,87.9,9278149,3718545,37748
LALPATHLAB,22-JUL-2021,3397.95,3397.95,3315.55,3332.95,340670,239030,30471
LAOPALA,22-JUL-2021,264.8,273.45,263.65,271.9,88666,31744,3581
LASA,22-JUL-2021,84.6,87.0,83.1,86.45,276968,189373,2963
LAURUSLABS,22-JUL-2021,667.0,669.5,648.6,653.6,1926752,889571,36819
LAXMIMACH,22-JUL-2021,7679.45,7850.0,7482.05,7768.95,16653,8641,3883
LCCINFOTEC,22-JUL-2021,1.9,1.9,1.85,1.9,202402,161735,199
LEMONTREE,22-JUL-2021,40.85,41.4,40.15,40.45,2983703,940355,18311
LFIC,22-JUL-2021,80.4,81.9,80.0,80.05,243,192,17
LGBBROSLTD,22-JUL-2021,472.9,483.5,468.9,481.45,184434,94739,9497
LIBAS,22-JUL-2021,73.9,73.9,68.25,70.8,565170,183778,2603
LIBERTSHOE,22-JUL-2021,178.1,188.0,178.1,183.7,1132368,264498,18571
LICHSGFIN,22-JUL-2021,455.5,460.35,454.0,457.4,1124064,282011,21440
LICNETFGSC,22-JUL-2021,22.09,22.09,21.89,22.08,2802,1786,112
LICNETFN50,22-JUL-2021,200.82,200.82,200.82,200.82,181,181,16
LICNETFSEN,22-JUL-2021,557.83,564.97,557.83,563.3,232,83,93
LICNFNHGP,22-JUL-2021,165.0,165.0,161.0,163.75,385,232,89
LIKHITHA,22-JUL-2021,406.8,417.85,404.0,407.65,196431,44741,6960
LINCOLN,22-JUL-2021,356.0,373.9,356.0,369.9,427256,100425,16649
LINCPEN,22-JUL-2021,201.0,202.2,196.1,198.25,11273,4695,439
LINDEINDIA,22-JUL-2021,1716.0,1740.0,1660.7,1697.55,49707,15578,5794
LIQUIDBEES,22-JUL-2021,1003.4,1003.4,999.0,999.99,898610,677111,5349
LIQUIDETF,22-JUL-2021,999.99,1000.01,999.99,999.99,34610,32336,67
LODHA,22-JUL-2021,805.9,867.0,801.95,856.25,697773,245571,23436
LOKESHMACH,22-JUL-2021,47.1,47.1,44.5,44.7,35405,32080,397
LOVABLE,22-JUL-2021,117.0,120.9,117.0,118.2,24169,17823,734
LT,22-JUL-2021,1610.0,1647.15,1591.55,1642.15,3231269,1536508,128998
LTI,22-JUL-2021,4394.0,4425.0,4365.35,4406.15,331876,156348,32005
LTTS,22-JUL-2021,3410.0,3568.9,3409.0,3530.15,1025908,273184,76896
LUMAXIND,22-JUL-2021,1492.0,1512.0,1475.25,1496.7,2626,1723,575
LUMAXTECH,22-JUL-2021,172.95,181.9,171.05,172.25,195775,105563,5881
LUPIN,22-JUL-2021,1177.0,1184.5,1171.0,1179.45,874999,573413,20816
LUXIND,22-JUL-2021,3740.0,3964.0,3715.1,3884.45,113433,52251,15086
LXCHEM,22-JUL-2021,254.9,267.75,254.55,261.2,2545937,1073684,33226
LYKALABS,22-JUL-2021,59.25,61.85,59.0,61.05,35068,27352,344
LYPSAGEMS,22-JUL-2021,5.5,5.7,5.35,5.4,31128,23445,130
M&M,22-JUL-2021,764.2,767.1,755.65,758.45,2182264,1410456,84245
M&MFIN,22-JUL-2021,155.1,155.65,154.0,154.4,3197436,1401679,19769
MACPOWER,22-JUL-2021,150.4,154.65,149.0,149.65,30713,11859,338
MADHAV,22-JUL-2021,63.45,75.0,63.45,69.05,1088710,269923,11818
MADHUCON,22-JUL-2021,7.1,7.45,7.1,7.45,65269,59485,140
MADRASFERT,22-JUL-2021,31.5,31.5,30.6,30.75,152782,71921,794
MAESGETF,22-JUL-2021,26.6,27.04,26.5,26.99,5430,5031,88
MAFANG,22-JUL-2021,54.78,54.78,53.55,53.92,200808,172687,2103
MAGADSUGAR,22-JUL-2021,338.2,342.55,328.85,339.4,49116,23264,1833
MAHABANK,22-JUL-2021,23.7,23.9,22.85,23.1,21799106,7363889,25066
MAHASTEEL,22-JUL-2021,86.5,104.2,86.5,102.05,874350,302065,7590
MAHEPC,22-JUL-2021,167.0,168.4,155.0,156.6,503672,231149,10549
MAHESHWARI,22-JUL-2021,113.0,113.0,107.0,108.1,18326,11582,458
MAHINDCIE,22-JUL-2021,251.0,251.0,237.1,241.95,1106427,586549,15210
MAHLIFE,22-JUL-2021,676.9,694.0,664.5,668.05,29037,14642,2508
MAHLOG,22-JUL-2021,588.0,588.0,575.05,582.75,42861,19221,5949
MAHSCOOTER,22-JUL-2021,3775.0,3829.0,3743.3,3822.15,7267,4499,1240
MAHSEAMLES,22-JUL-2021,304.2,309.8,304.05,307.25,121150,68994,5438
MAITHANALL,22-JUL-2021,1019.0,1082.7,1019.0,1069.65,144383,51538,10202
MAJESCO,22-JUL-2021,90.1,92.0,89.8,90.2,162479,87099,2900
MALUPAPER,22-JUL-2021,35.3,39.7,35.05,37.75,360147,158443,2530
MAN50ETF,22-JUL-2021,165.61,165.61,161.4,162.75,162833,142743,107
MANAKALUCO,22-JUL-2021,17.6,18.75,17.6,18.4,61559,41753,551
MANAKCOAT,22-JUL-2021,14.45,14.45,14.0,14.0,17905,12546,172
MANAKSIA,22-JUL-2021,69.0,75.45,68.7,71.75,803020,257253,8339
MANAKSTEEL,22-JUL-2021,32.05,35.0,31.7,33.4,1579821,1105498,2184
MANAPPURAM,22-JUL-2021,184.55,199.9,184.2,196.45,22805655,3445695,111362
MANGALAM,22-JUL-2021,168.2,172.7,166.05,167.9,190984,82681,5313
MANGCHEFER,22-JUL-2021,84.5,86.45,84.0,84.3,403426,145858,6414
MANGLMCEM,22-JUL-2021,448.0,465.0,435.7,457.7,584130,175503,21316
MANINDS,22-JUL-2021,121.8,126.8,121.5,124.4,1163059,599311,11216
MANINFRA,22-JUL-2021,62.0,66.5,62.0,65.4,7296825,2876372,27299
MANUGRAPH,22-JUL-2021,14.2,14.65,13.9,14.0,13484,8241,126
MANXT50,22-JUL-2021,391.0,398.71,388.43,392.38,7918,7394,75
MARALOVER,22-JUL-2021,74.05,74.05,70.05,74.05,708509,347486,4932
MARATHON,22-JUL-2021,84.65,91.4,83.5,83.5,203881,125067,1676
MARICO,22-JUL-2021,534.95,537.7,525.05,529.2,2323717,1257714,44227
MARINE,22-JUL-2021,54.9,57.75,54.55,57.05,1709662,463746,6658
MARKSANS,22-JUL-2021,87.7,88.15,86.25,86.75,2034915,1036567,13359
MARUTI,22-JUL-2021,7302.0,7325.0,7246.3,7299.55,439934,259844,54932
MASFIN,22-JUL-2021,868.8,869.35,831.0,836.1,47618,24463,5906
MASTEK,22-JUL-2021,2570.0,2875.0,2508.65,2714.75,1199155,202201,92637
MATRIMONY,22-JUL-2021,1074.0,1099.15,1044.05,1058.35,14103,8659,1771
MAXHEALTH,22-JUL-2021,263.5,280.0,263.0,279.5,2177257,1238587,44883
MAXIND,22-JUL-2021,71.25,72.9,71.25,72.1,187093,109702,1437
MAXVIL,22-JUL-2021,78.75,81.0,78.25,80.25,346156,209532,6881
MAYURUNIQ,22-JUL-2021,504.2,504.2,491.45,493.25,42152,22185,2336
MAZDA,22-JUL-2021,600.0,609.95,597.15,600.8,4342,2183,434
MAZDOCK,22-JUL-2021,260.0,271.8,255.6,270.5,4370607,1169297,45763
MBAPL,22-JUL-2021,123.1,128.45,123.1,126.9,4089,3616,98
MBLINFRA,22-JUL-2021,23.2,24.5,23.2,23.65,64548,42267,362
MCDHOLDING,22-JUL-2021,58.5,58.5,55.55,56.9,30573,17161,376
MCDOWELL-N,22-JUL-2021,656.65,677.8,656.65,674.65,1689336,575898,37465
MCL,22-JUL-2021,60.6,61.25,50.7,51.45,1309787,653041,9638
MCLEODRUSS,22-JUL-2021,32.9,33.6,31.6,32.4,799194,442183,2195
MCX,22-JUL-2021,1726.0,1735.7,1665.4,1677.6,382869,133788,22445
MENONBE,22-JUL-2021,85.0,86.05,83.7,84.05,456740,226154,4982
MEP,22-JUL-2021,24.8,24.8,23.9,24.3,259715,157303,1293
METROPOLIS,22-JUL-2021,2825.0,2861.55,2782.0,2794.2,83318,35603,7199
MFSL,22-JUL-2021,1052.5,1077.0,1047.85,1056.0,380240,146518,15374
MGEL,22-JUL-2021,54.3,56.5,54.3,56.25,19425,10078,117
MGL,22-JUL-2021,1134.9,1149.0,1131.8,1147.25,235834,115355,10544
MHRIL,22-JUL-2021,307.45,313.95,306.05,310.15,257065,72769,5883
MIDHANI,22-JUL-2021,195.5,199.8,195.5,196.9,408752,136074,7031
MINDACORP,22-JUL-2021,134.7,138.65,134.65,136.35,347058,107936,5369
MINDAIND,22-JUL-2021,732.5,739.0,721.0,727.55,363925,210401,15627
MINDTECK,22-JUL-2021,97.0,98.45,96.35,98.45,97199,46709,1620
MINDTREE,22-JUL-2021,2765.0,2774.0,2730.6,2758.8,553160,231381,34993
MIRZAINT,22-JUL-2021,56.1,59.75,56.1,59.05,3757279,1704555,18371
MITTAL,22-JUL-2021,12.6,12.6,12.0,12.35,215793,137405,426
MMFL,22-JUL-2021,732.0,761.05,717.9,736.2,7450,2741,1023
MMP,22-JUL-2021,134.9,144.7,132.5,134.5,142938,51715,2276
MMTC,22-JUL-2021,49.95,50.9,49.8,50.15,3018171,654855,11170
MODISNME,22-JUL-2021,88.8,91.7,86.55,88.4,215684,100602,4901
MOGSEC,22-JUL-2021,48.46,48.46,48.36,48.39,9887,9883,14
MOIL,22-JUL-2021,180.5,184.35,178.3,180.35,651065,231648,11684
MOKSH,22-JUL-2021,27.15,27.3,26.8,27.2,1311072,1206753,801
MOLDTKPAC,22-JUL-2021,519.95,534.1,519.2,522.05,41487,19764,5300
MOM100,22-JUL-2021,29.3,29.3,28.6,28.69,132857,87830,2499
MOM50,22-JUL-2021,151.25,156.95,151.25,156.03,1033,985,53
MON100,22-JUL-2021,109.9,109.9,108.71,109.05,453860,333774,4072
MONTECARLO,22-JUL-2021,356.0,364.0,352.0,356.3,37961,18194,2309
MORARJEE,22-JUL-2021,19.85,19.85,18.35,18.95,31174,18358,152
MOREPENLAB,22-JUL-2021,67.1,68.25,66.15,66.4,1811438,998068,9247
MOTHERSUMI,22-JUL-2021,238.5,240.0,235.5,237.15,5911723,2989485,69614
MOTILALOFS,22-JUL-2021,1075.0,1115.0,1072.0,1079.75,1150698,234541,36345
MOTOGENFIN,22-JUL-2021,22.8,22.8,21.35,21.75,13409,7175,230
MPHASIS,22-JUL-2021,2405.15,2450.0,2363.25,2397.4,1055208,354191,53341
MPSLTD,22-JUL-2021,624.0,639.35,609.85,636.4,15346,8971,1523
MRF,22-JUL-2021,81650.5,82400.0,81242.55,81572.0,6118,1541,3953
MRO-TEK,22-JUL-2021,34.85,35.65,32.6,32.9,12745,8117,162
MRPL,22-JUL-2021,46.25,46.45,45.55,45.95,1215328,466587,5369
MSPL,22-JUL-2021,10.9,10.9,10.45,10.9,117823,109565,180
MSTCLTD,22-JUL-2021,297.5,306.95,296.3,299.75,389813,155982,12257
MTARTECH,22-JUL-2021,1509.4,1530.0,1484.0,1501.6,298311,80665,17532
MTEDUCARE,22-JUL-2021,9.1,9.35,8.75,8.95,172707,146682,520
MTNL,22-JUL-2021,21.4,21.7,21.1,21.2,1078581,589060,2993
MUKANDLTD,22-JUL-2021,144.7,144.7,140.0,141.7,367306,235874,1964
MUKTAARTS,22-JUL-2021,36.85,37.55,36.5,36.9,13510,8971,163
MUNJALAU,22-JUL-2021,65.85,66.3,64.75,65.05,360494,104265,4338
MUNJALSHOW,22-JUL-2021,149.85,150.35,147.3,147.85,59038,31816,1830
MURUDCERA,22-JUL-2021,31.5,31.5,30.05,30.25,87236,43089,985
MUTHOOTCAP,22-JUL-2021,411.0,464.8,405.4,455.6,755859,238994,19338
MUTHOOTFIN,22-JUL-2021,1539.95,1612.0,1532.0,1604.65,2191336,348327,74377
NACLIND,22-JUL-2021,78.5,79.9,77.3,78.25,161751,112690,869
NAGREEKCAP,22-JUL-2021,7.3,7.3,7.3,7.3,10,10,1
NAGREEKEXP,22-JUL-2021,34.0,34.05,31.75,31.9,22855,14078,319
NAHARCAP,22-JUL-2021,238.0,249.9,238.0,244.55,36488,21706,1764
NAHARPOLY,22-JUL-2021,205.0,221.9,205.0,214.4,259334,103996,8576
NAM-INDIA,22-JUL-2021,405.0,405.15,395.05,397.6,1150652,281725,14086
NATCOPHARM,22-JUL-2021,1088.0,1096.6,1080.9,1092.45,245337,157289,6187
NATHBIOGEN,22-JUL-2021,367.25,374.8,365.1,367.35,25616,14587,2105
NATIONALUM,22-JUL-2021,86.15,87.35,84.5,85.0,18125205,7143547,38847
NAUKRI,22-JUL-2021,5250.0,5253.95,5155.4,5225.35,338726,124345,32862
NAVINFLUOR,22-JUL-2021,3852.05,3935.65,3851.0,3913.15,142960,25851,12875
NAVKARCORP,22-JUL-2021,50.95,54.0,50.95,52.7,1376057,694721,6947
NAVNETEDUL,22-JUL-2021,98.25,98.25,95.15,96.5,158752,79965,5315
NAZARA,22-JUL-2021,1870.0,1896.1,1842.0,1855.65,144152,43242,11305
NBCC,22-JUL-2021,51.7,52.35,51.0,51.2,5459444,2140611,17641
NBIFIN,22-JUL-2021,2300.1,2300.15,2255.0,2265.25,1411,187,817
NBVENTURES,22-JUL-2021,115.0,117.4,111.4,112.75,1255108,684613,11195
NCC,22-JUL-2021,88.8,91.05,87.65,89.6,2503446,1188126,15619
NCLIND,22-JUL-2021,268.0,274.75,266.5,270.85,326869,203624,8411
NCPSESDL24,22-JUL-2021,105.28,105.31,105.23,105.23,551,491,9
NDL,22-JUL-2021,73.75,73.75,71.0,73.75,127455,122245,576
NDTV,22-JUL-2021,73.95,76.6,73.05,74.85,121881,97821,1007
NECCLTD,22-JUL-2021,14.95,14.95,14.0,14.5,83019,59950,374
NECLIFE,22-JUL-2021,38.95,43.8,38.55,42.55,2681424,1195535,11925
NELCAST,22-JUL-2021,85.45,91.25,85.05,89.65,1134424,522484,10461
NELCO,22-JUL-2021,376.45,384.8,371.5,372.6,140267,47553,3686
NEOGEN,22-JUL-2021,899.95,905.0,877.75,890.0,64052,35382,5867
NESCO,22-JUL-2021,622.0,624.9,607.8,609.55,83927,57611,3325
NESTLEIND,22-JUL-2021,17856.1,18046.45,17700.0,17994.8,113317,74686,23900
NETF,22-JUL-2021,194.78,194.78,194.78,194.78,119,119,24
NETFCONSUM,22-JUL-2021,71.27,71.27,68.11,69.36,12204,11406,195
NETFDIVOPP,22-JUL-2021,41.48,41.48,40.13,41.0,10122,7621,156
NETFGILT5Y,22-JUL-2021,48.45,48.45,48.32,48.32,17,10,4
NETFIT,22-JUL-2021,30.11,30.19,29.59,30.09,788215,581703,1984
NETFLTGILT,22-JUL-2021,22.46,22.48,22.37,22.4,14588,13872,95
NETFMID150,22-JUL-2021,105.87,105.87,103.11,104.53,723788,559602,1236
NETFNIF100,22-JUL-2021,165.99,166.0,164.7,165.05,1859,1692,65
NETFNV20,22-JUL-2021,88.49,89.4,86.72,88.87,13846,12688,100
NETFPHARMA,22-JUL-2021,14.88,15.5,14.5,14.64,227584,183403,652
NETFSDL26,22-JUL-2021,103.79,103.92,103.79,103.87,113,108,6
NETWORK18,22-JUL-2021,52.8,53.5,50.8,51.05,2703700,858976,9155
NEXTMEDIA,22-JUL-2021,5.85,6.0,5.7,5.9,15121,13317,42
NFL,22-JUL-2021,60.15,62.0,60.15,61.6,1109853,465507,8149
NH,22-JUL-2021,499.7,503.0,490.2,494.9,280976,97944,17156
NHPC,22-JUL-2021,25.75,26.1,25.75,26.0,2206122,1199822,7745
NIACL,22-JUL-2021,159.3,164.45,158.2,160.7,643105,174639,9821
NIBL,22-JUL-2021,18.5,18.5,17.5,18.3,10688,6820,88
NIFTYBEES,22-JUL-2021,172.6,172.6,168.81,170.36,895788,547240,14299
NIITLTD,22-JUL-2021,283.8,299.0,283.75,295.75,757909,346585,12816
NILAINFRA,22-JUL-2021,6.5,7.0,6.35,6.8,1023574,731802,1150
NILKAMAL,22-JUL-2021,2497.8,2550.0,2472.8,2527.75,13929,8366,2717
NIPPOBATRY,22-JUL-2021,1036.0,1115.0,1004.45,1058.55,87113,31591,5950
NIRAJ,22-JUL-2021,51.65,51.9,48.5,49.15,21446,9457,576
NITCO,22-JUL-2021,26.45,26.5,26.0,26.15,41911,31166,278
NITINSPIN,22-JUL-2021,184.65,197.5,184.0,193.25,1326150,646920,15967
NITIRAJ,22-JUL-2021,51.85,52.1,50.9,50.9,822,654,23
NKIND,22-JUL-2021,26.1,26.25,26.0,26.2,547,546,15
NLCINDIA,22-JUL-2021,59.4,59.85,58.8,59.0,1472698,698961,7084
NMDC,22-JUL-2021,174.45,176.5,171.1,175.6,15038858,6257019,49889
NOCIL,22-JUL-2021,255.45,257.9,247.15,248.05,1228358,583775,19303
NOIDATOLL,22-JUL-2021,6.15,6.45,6.15,6.45,166584,137947,295
NORBTEAEXP,22-JUL-2021,6.15,6.15,6.15,6.15,318,318,7
NOVARTIND,22-JUL-2021,990.0,1025.45,975.0,1000.5,58013,21388,5142
NPBET,22-JUL-2021,186.0,191.58,186.0,188.79,217,63,21
NRAIL,22-JUL-2021,235.15,241.0,232.75,235.05,38133,20424,2476
NRBBEARING,22-JUL-2021,141.0,143.8,138.1,141.4,360467,133685,7730
NSIL,22-JUL-2021,1784.65,1800.0,1748.95,1780.65,788,553,254
NTL,22-JUL-2021,1.7,1.7,1.7,1.7,6699,6699,6
NTPC,22-JUL-2021,118.75,119.7,118.55,119.2,9520328,2894727,43008
NUCLEUS,22-JUL-2021,684.0,717.0,684.0,709.1,205207,67858,8636
NURECA,22-JUL-2021,1578.95,1628.0,1565.25,1597.05,9501,4521,1494
NXTDIGITAL,22-JUL-2021,485.0,494.7,482.75,483.45,3609,2403,310
OAL,22-JUL-2021,930.85,960.0,922.3,938.15,34455,17400,3253
OBEROIRLTY,22-JUL-2021,687.45,713.95,670.1,678.7,719984,380160,23293
OCCL,22-JUL-2021,1077.3,1097.75,1039.85,1060.3,27056,14703,3021
OFSS,22-JUL-2021,4027.0,4095.0,3995.0,4051.7,120814,62045,18353
OIL,22-JUL-2021,157.9,162.6,156.7,161.4,2192470,1206909,23932
OMAXE,22-JUL-2021,90.0,91.55,88.5,89.15,58267,29146,1050
OMINFRAL,22-JUL-2021,34.6,36.0,34.6,34.75,164650,111345,1218
OMKARCHEM,22-JUL-2021,11.7,11.7,11.7,11.7,3400,3400,5
ONGC,22-JUL-2021,114.4,115.8,113.95,115.5,11710140,4764254,57635
ONMOBILE,22-JUL-2021,138.45,146.4,138.05,144.3,1099788,427854,13958
ONWARDTEC,22-JUL-2021,248.05,262.25,244.25,244.25,79997,56971,1654
ORBTEXP,22-JUL-2021,70.65,71.75,69.0,69.7,22418,12749,629
ORICONENT,22-JUL-2021,28.55,29.3,27.75,28.15,124530,65094,726
ORIENTABRA,22-JUL-2021,37.0,37.85,36.15,36.3,486420,264059,3566
ORIENTALTL,22-JUL-2021,11.5,11.95,11.15,11.25,104332,55209,293
ORIENTBELL,22-JUL-2021,326.0,348.0,326.0,344.65,25647,14911,1149
ORIENTCEM,22-JUL-2021,155.0,156.6,151.55,153.5,1682515,993369,16793
ORIENTELEC,22-JUL-2021,350.0,354.8,345.0,349.4,961575,349951,23943
ORIENTHOT,22-JUL-2021,37.25,37.8,36.3,36.6,74346,46859,771
ORIENTLTD,22-JUL-2021,82.8,83.95,80.35,81.45,13085,8100,245
ORIENTPPR,22-JUL-2021,29.05,29.6,28.9,29.0,1642257,569565,3890
ORISSAMINE,22-JUL-2021,3160.0,3172.05,3060.0,3087.45,11727,6767,2320
ORTINLAB,22-JUL-2021,36.95,37.35,35.5,36.45,76003,38963,727
OSWALAGRO,22-JUL-2021,18.55,18.55,17.8,18.4,131076,100314,592
PAGEIND,22-JUL-2021,32600.0,33280.0,32000.0,33128.95,28638,8302,13782
PAISALO,22-JUL-2021,668.8,680.0,655.0,670.3,68998,48555,3109
PALASHSECU,22-JUL-2021,80.7,81.35,74.6,77.7,5188,4042,82
PALREDTEC,22-JUL-2021,113.9,117.9,108.05,110.25,32839,16523,1439
PANACEABIO,22-JUL-2021,343.45,360.0,343.45,358.25,144551,77713,5797
PANAMAPET,22-JUL-2021,252.0,255.45,247.15,249.95,207585,125966,7447
PARAGMILK,22-JUL-2021,139.6,144.0,138.0,142.45,873693,448663,8343
PARSVNATH,22-JUL-2021,17.75,17.75,17.3,17.75,524570,484604,524
PATELENG,22-JUL-2021,17.9,17.95,17.3,17.65,1091804,652521,2844
PATINTLOG,22-JUL-2021,25.25,25.95,24.7,25.05,123618,69958,535
PATSPINLTD,22-JUL-2021,9.5,9.5,9.5,9.5,3202,3202,17
PCJEWELLER,22-JUL-2021,26.75,26.8,25.9,26.15,2010382,1195119,4534
PDMJEPAPER,22-JUL-2021,42.4,44.05,42.4,42.9,347797,155807,3673
PDSMFL,22-JUL-2021,1175.15,1250.0,1165.0,1239.0,19146,14243,1461
PEARLPOLY,22-JUL-2021,15.85,16.75,15.8,16.05,32369,26354,277
PEL,22-JUL-2021,2235.75,2254.65,2206.0,2234.65,466474,117134,25833
PENIND,22-JUL-2021,34.9,37.8,34.45,37.45,3923131,1784794,10892
PERSISTENT,22-JUL-2021,2820.0,2872.3,2813.15,2828.6,241575,161751,20334
PETRONET,22-JUL-2021,220.0,220.65,219.1,220.0,2179416,1476314,26965
PFC,22-JUL-2021,127.95,129.85,127.9,128.85,5739430,2976475,22745
PFIZER,22-JUL-2021,5565.0,5653.3,5504.0,5608.45,53737,25943,4807
PFOCUS,22-JUL-2021,58.7,60.45,57.2,59.1,13985,10469,284
PFS,22-JUL-2021,20.9,21.3,20.6,20.85,2051722,1403937,2971
PGEL,22-JUL-2021,406.9,406.9,385.25,390.45,25231,14977,890
PGHH,22-JUL-2021,12916.2,12916.2,12820.1,12836.6,4898,3259,1320
PGHL,22-JUL-2021,5526.85,5564.95,5498.85,5502.4,8918,5851,2832
PGIL,22-JUL-2021,324.8,328.0,315.0,317.6,15114,10160,601
PHILIPCARB,22-JUL-2021,232.25,239.55,232.0,236.55,833226,311261,11620
PHOENIXLTD,22-JUL-2021,845.7,875.0,845.7,861.5,449888,296447,15128
PIDILITIND,22-JUL-2021,2333.95,2333.95,2287.4,2310.4,345208,130111,27694
PIIND,22-JUL-2021,3110.35,3134.55,2968.1,3002.0,733130,412544,43073
PILANIINVS,22-JUL-2021,1940.0,2008.95,1940.0,1986.4,6369,4179,950
PILITA,22-JUL-2021,8.55,8.8,8.05,8.1,5477285,2801152,4758
PIONDIST,22-JUL-2021,130.3,133.75,130.05,133.25,21803,15989,463
PIONEEREMB,22-JUL-2021,59.4,60.65,58.5,59.05,449084,134033,4988
PITTIENG,22-JUL-2021,156.8,160.4,153.55,157.95,296074,191409,5702
PLASTIBLEN,22-JUL-2021,261.2,266.15,256.6,259.05,51537,29945,2062
PNB,22-JUL-2021,40.45,40.6,39.9,40.0,53618639,13722924,64464
PNBGILTS,22-JUL-2021,72.0,73.5,71.6,72.65,319995,174919,2378
PNC,22-JUL-2021,41.7,42.05,39.1,40.65,52270,26209,387
PNCINFRA,22-JUL-2021,312.95,325.8,310.2,322.9,2052451,779798,27318
PODDARHOUS,22-JUL-2021,218.5,229.4,215.25,218.45,22616,12462,668
PODDARMENT,22-JUL-2021,393.0,426.9,393.0,413.4,375609,115359,18916
POKARNA,22-JUL-2021,364.05,368.8,355.1,360.5,57939,38577,2311
POLYCAB,22-JUL-2021,1905.0,1945.25,1877.05,1911.95,797341,395862,72839
POLYMED,22-JUL-2021,970.0,984.15,961.0,980.95,67607,31594,6055
POLYPLEX,22-JUL-2021,1515.1,1544.9,1515.1,1525.0,102693,33801,7154
POWERGRID,22-JUL-2021,234.5,234.5,228.7,233.25,5837810,2323949,63307
POWERINDIA,22-JUL-2021,1948.8,1948.8,1915.0,1926.35,15926,9503,2333
POWERMECH,22-JUL-2021,818.0,818.0,781.0,785.65,60551,40678,3104
PPAP,22-JUL-2021,250.9,267.0,250.0,264.05,219291,109053,7707
PPL,22-JUL-2021,173.85,173.9,169.5,171.25,176186,66713,6914
PRAKASH,22-JUL-2021,75.0,77.8,74.65,77.05,1201291,603432,9152
PRAXIS,22-JUL-2021,47.0,47.85,46.5,46.85,3794,2453,91
PRECAM,22-JUL-2021,105.7,108.5,102.0,104.25,1844820,722693,20736
PRECOT,22-JUL-2021,308.0,308.0,281.0,282.45,38163,25605,1109
PRECWIRE,22-JUL-2021,220.15,224.8,220.0,222.35,30913,15196,1536
PREMIER,22-JUL-2021,3.75,4.05,3.75,4.05,28763,28135,122
PREMIERPOL,22-JUL-2021,71.5,73.8,67.45,69.25,47725,27242,727
PRESSMN,22-JUL-2021,31.95,34.15,31.85,33.5,200548,107307,1430
PRESTIGE,22-JUL-2021,334.6,347.9,331.25,344.4,1638847,574632,28169
PRICOLLTD,22-JUL-2021,96.95,98.25,96.25,96.95,581540,289724,6176
PRIMESECU,22-JUL-2021,103.85,103.85,102.0,103.85,69546,58599,381
PRINCEPIPE,22-JUL-2021,701.0,710.0,694.0,694.85,329921,155257,17796
PRIVISCL,22-JUL-2021,1330.0,1357.0,1287.0,1326.85,16090,9462,2607
PROZONINTU,22-JUL-2021,34.35,34.35,32.8,33.05,566779,393358,3374
PRSMJOHNSN,22-JUL-2021,144.3,147.0,143.7,144.8,827696,475415,14168
PSB,22-JUL-2021,19.75,20.0,19.4,19.45,735545,298562,1846
PSPPROJECT,22-JUL-2021,454.9,472.9,451.8,468.2,186526,102467,6437
PSUBNKBEES,22-JUL-2021,26.3,26.63,25.88,26.21,3034499,2747399,2289
PTC,22-JUL-2021,99.6,101.6,99.5,100.25,613868,406006,6343
PTL,22-JUL-2021,54.55,56.75,53.2,53.7,176758,70965,2611
PUNJABCHEM,22-JUL-2021,1425.0,1490.0,1397.0,1454.15,74387,36211,4384
PURVA,22-JUL-2021,104.8,111.45,104.4,107.2,1038653,231024,12038
PVR,22-JUL-2021,1309.0,1350.0,1307.05,1344.4,619890,133138,36632
QGOLDHALF,22-JUL-2021,2059.4,2069.15,2043.05,2046.2,551,453,52
QNIFTY,22-JUL-2021,1620.2,1645.0,1620.2,1645.0,7,6,4
QUESS,22-JUL-2021,779.4,790.0,774.05,786.05,118861,64901,9757
QUICKHEAL,22-JUL-2021,295.8,302.3,295.05,295.85,208162,81156,4697
RADICO,22-JUL-2021,818.5,855.85,815.85,843.4,914925,263866,24914
RADIOCITY,22-JUL-2021,25.7,25.7,25.0,25.35,493552,330572,1456
RAILTEL,22-JUL-2021,143.1,144.4,142.1,142.45,547691,284478,7021
RAIN,22-JUL-2021,239.05,253.45,238.05,249.8,7249488,1964416,53718
RAJESHEXPO,22-JUL-2021,577.9,586.4,573.6,575.1,478382,247468,10847
RAJSREESUG,22-JUL-2021,30.55,32.35,29.8,30.1,23277,16682,314
RALLIS,22-JUL-2021,337.0,337.0,324.65,326.25,747951,205062,14359
RAMANEWS,22-JUL-2021,21.5,21.5,20.5,21.05,222344,100589,1067
RAMCOCEM,22-JUL-2021,1116.75,1116.75,1092.65,1106.95,217477,81453,7741
RAMCOIND,22-JUL-2021,339.0,346.7,327.3,335.85,2418462,444110,54642
RAMCOSYS,22-JUL-2021,644.0,649.8,621.25,627.2,192063,97902,15207
RANEENGINE,22-JUL-2021,321.35,348.8,321.0,341.6,54616,18206,3627
RANEHOLDIN,22-JUL-2021,696.0,710.0,687.95,705.85,89994,50383,4128
RATNAMANI,22-JUL-2021,2060.0,2066.0,2021.8,2058.75,27711,16931,4141
RAYMOND,22-JUL-2021,457.7,465.0,455.6,459.75,710075,155633,13185
RBL,22-JUL-2021,1024.95,1045.0,1005.0,1019.15,12340,6126,1711
RBLBANK,22-JUL-2021,207.65,208.15,204.0,205.0,4887888,948377,40762
RCF,22-JUL-2021,81.2,82.2,80.05,80.35,2431582,768797,10791
RCOM,22-JUL-2021,3.8,3.85,3.75,3.75,24626061,14026377,11593
RECLTD,22-JUL-2021,152.85,154.5,152.0,152.65,2994738,1020527,20040
REDINGTON,22-JUL-2021,318.0,328.45,316.95,321.55,1012196,662839,36021
REFEX,22-JUL-2021,134.5,135.0,131.7,132.5,133971,77904,3160
RELAXO,22-JUL-2021,1160.45,1177.95,1151.4,1173.35,192036,80802,16126
RELCAPITAL,22-JUL-2021,19.2,19.9,18.35,18.8,2263512,1470217,8258
RELIANCE,22-JUL-2021,2119.0,2123.9,2098.15,2120.7,3679260,1995464,133510
RELIGARE,22-JUL-2021,148.15,164.6,148.1,161.4,7369821,3359593,36060
REPCOHOME,22-JUL-2021,368.0,369.7,358.0,361.0,62529,41435,3353
REPL,22-JUL-2021,243.0,243.0,235.3,235.95,48378,45311,640
REPRO,22-JUL-2021,355.35,357.65,352.55,355.15,3327,1846,376
RESPONIND,22-JUL-2021,135.25,138.7,135.0,135.9,13950,7555,728
REVATHI,22-JUL-2021,676.5,699.0,676.5,686.8,1936,1059,146
RGL,22-JUL-2021,562.7,571.9,549.75,553.75,43054,13356,2745
RHIM,22-JUL-2021,324.9,328.0,320.35,322.4,86577,53984,3133
RICOAUTO,22-JUL-2021,50.5,52.65,50.5,52.1,1003224,444514,5030
RIIL,22-JUL-2021,755.95,767.7,739.05,744.85,147515,64457,5978
RITES,22-JUL-2021,276.8,280.65,276.0,278.95,213833,88351,6228
RKDL,22-JUL-2021,15.95,17.15,15.6,17.15,422861,211455,1567
RKEC,22-JUL-2021,97.1,102.7,97.05,100.7,90000,66617,1360
RKFORGE,22-JUL-2021,780.25,787.15,767.0,774.8,107598,71084,4504
RML,22-JUL-2021,407.7,415.7,400.45,403.45,49205,17956,3461
ROHLTD,22-JUL-2021,83.2,89.5,83.2,86.55,126202,37776,1566
ROLLT,22-JUL-2021,3.3,3.35,3.2,3.25,1146018,942700,682
ROML,22-JUL-2021,77.95,83.9,77.6,82.25,25879,12839,508
ROSSARI,22-JUL-2021,1260.5,1273.6,1231.0,1239.85,213269,99384,11929
ROSSELLIND,22-JUL-2021,186.7,199.95,186.05,194.45,522917,235971,12489
ROUTE,22-JUL-2021,2080.15,2108.2,2061.9,2072.85,232656,59242,17292
RPGLIFE,22-JUL-2021,455.5,466.15,452.35,461.55,28355,15471,2271
RPPINFRA,22-JUL-2021,98.0,99.8,92.55,93.25,1074701,524602,11302
RPSGVENT,22-JUL-2021,747.5,768.0,745.0,748.1,98321,46922,3620
RSSOFTWARE,22-JUL-2021,35.85,37.6,35.85,37.6,53803,43987,380
RSWM,22-JUL-2021,384.7,384.7,365.65,367.5,116423,78108,4940
RSYSTEMS,22-JUL-2021,184.8,193.5,184.7,188.3,317607,118435,8541
RUBYMILLS,22-JUL-2021,266.85,283.85,266.85,276.9,36900,12711,3094
RUCHI,22-JUL-2021,1120.0,1135.0,1090.0,1098.1,37277,22852,3588
RUCHIRA,22-JUL-2021,92.05,94.75,90.55,93.45,168980,87922,3863
RUPA,22-JUL-2021,477.8,487.9,466.0,475.3,388032,198480,10697
RUSHIL,22-JUL-2021,297.0,299.0,284.95,285.6,13499,11385,286
RVHL,22-JUL-2021,22.95,23.0,22.0,22.15,33958,24626,175
RVNL,22-JUL-2021,30.7,31.25,30.5,30.7,2329331,955882,8776
S&SPOWER,22-JUL-2021,21.0,21.0,19.95,20.05,1811,1711,32
SADBHAV,22-JUL-2021,73.7,74.45,72.1,72.7,898126,466194,7475
SADBHIN,22-JUL-2021,33.25,33.8,32.8,33.0,901581,660903,3721
SAFARI,22-JUL-2021,762.3,768.9,748.05,760.65,8839,4666,1931
SAGCEM,22-JUL-2021,1190.0,1315.0,1176.05,1271.95,281571,103733,23998
SAIL,22-JUL-2021,124.4,127.7,124.35,126.15,68047287,26393103,159508
SAKAR,22-JUL-2021,168.65,178.0,168.65,170.5,59141,32185,1308
SAKSOFT,22-JUL-2021,664.9,700.0,664.85,691.15,71797,35795,6881
SALASAR,22-JUL-2021,336.9,343.5,330.85,336.2,58692,26519,2977
SALONA,22-JUL-2021,206.85,209.9,191.55,194.95,84569,46003,5320
SALZERELEC,22-JUL-2021,181.0,183.0,176.05,177.05,151932,62865,3894
SANCO,22-JUL-2021,9.95,9.95,9.65,9.75,8632,6217,57
SANDESH,22-JUL-2021,980.0,1008.75,957.15,968.1,8271,3531,1776
SANDHAR,22-JUL-2021,298.1,307.4,292.2,293.8,110131,59407,6192
SANGAMIND,22-JUL-2021,135.0,135.0,135.0,135.0,32475,31573,249
SANGHIIND,22-JUL-2021,61.8,64.1,61.35,63.85,3355694,2038003,17528
SANGHVIMOV,22-JUL-2021,197.6,222.5,194.9,218.45,1138031,368885,19764
SANGINITA,22-JUL-2021,34.55,34.55,31.35,31.75,523736,350326,2426
SANOFI,22-JUL-2021,7910.05,8028.0,7910.05,8007.55,48075,45786,3251
SARLAPOLY,22-JUL-2021,42.05,42.95,41.25,41.65,222968,122836,2369
SASKEN,22-JUL-2021,1375.0,1375.0,1275.0,1279.9,109961,49437,9010
SATIA,22-JUL-2021,106.45,108.15,104.65,106.2,523984,176698,5568
SATIN,22-JUL-2021,90.7,92.5,89.0,89.7,257337,181274,1871
SBCL,22-JUL-2021,140.0,140.0,133.0,134.5,154166,86460,3201
SBICARD,22-JUL-2021,970.15,985.8,923.9,942.85,7557441,4212818,123447
SBIETFIT,22-JUL-2021,299.99,302.0,296.5,301.13,2165,1713,111
SBIETFPB,22-JUL-2021,183.0,183.0,181.0,181.99,478,274,41
SBIETFQLTY,22-JUL-2021,140.88,144.0,139.11,141.49,9308,8266,99
SBILIFE,22-JUL-2021,1017.0,1038.8,1017.0,1026.0,915518,317117,39460
SBIN,22-JUL-2021,425.55,426.7,420.9,422.05,11799761,3403902,145497
SCAPDVR,22-JUL-2021,2.2,2.2,2.15,2.15,152699,150365,228
SCHAEFFLER,22-JUL-2021,5610.0,6025.0,5534.25,5810.75,208732,144071,20089
SCHAND,22-JUL-2021,139.65,141.25,135.65,137.0,100070,67368,2856
SCHNEIDER,22-JUL-2021,125.0,127.1,123.9,124.65,658553,168406,8202
SCI,22-JUL-2021,113.4,115.2,111.35,112.65,1982063,687719,10077
SDBL,22-JUL-2021,53.8,54.5,51.2,54.25,1902632,1292071,7962
SEAMECLTD,22-JUL-2021,477.0,477.0,466.55,469.45,2495,1467,293
SECURKLOUD,22-JUL-2021,88.0,88.2,86.15,87.95,27280,17386,676
SELAN,22-JUL-2021,146.0,146.65,142.1,142.8,61656,41046,1998
SEPOWER,22-JUL-2021,9.9,9.9,9.9,9.9,7207,7207,21
SEQUENT,22-JUL-2021,305.0,312.6,304.0,307.0,1082815,338777,19860
SESHAPAPER,22-JUL-2021,207.0,215.2,205.35,211.5,244863,83171,9901
SETCO,22-JUL-2021,22.3,22.3,20.95,21.15,211305,150565,694
SETF10GILT,22-JUL-2021,204.0,206.0,204.0,206.0,12,8,6
SETFGOLD,22-JUL-2021,4229.8,4244.4,4205.5,4234.85,6825,2593,985
SETFNIF50,22-JUL-2021,169.0,169.0,159.76,161.16,241018,217918,1528
SETFNIFBK,22-JUL-2021,345.0,350.0,345.0,346.53,24504,12402,756
SETFNN50,22-JUL-2021,405.99,409.88,402.86,408.91,9471,7901,544
SEYAIND,22-JUL-2021,83.0,85.0,81.9,83.3,223540,146307,3525
SFL,22-JUL-2021,2410.85,2420.0,2355.65,2380.55,26473,15456,8396
SGL,22-JUL-2021,15.1,15.6,15.1,15.35,170177,97273,535
SHAKTIPUMP,22-JUL-2021,775.0,793.9,750.1,765.4,549972,269623,28513
SHALBY,22-JUL-2021,190.85,195.85,189.8,191.45,240158,70419,4847
SHALPAINTS,22-JUL-2021,113.75,114.7,111.45,112.05,290132,157005,4661
SHANKARA,22-JUL-2021,532.5,547.2,529.85,533.65,275203,70033,10703
SHANTIGEAR,22-JUL-2021,149.9,155.0,149.45,150.5,157345,73672,3417
SHARDACROP,22-JUL-2021,349.9,352.5,343.75,344.5,120636,77625,5225
SHAREINDIA,22-JUL-2021,528.7,537.0,513.0,532.05,77635,31881,4693
SHARIABEES,22-JUL-2021,411.96,483.8,405.85,406.81,7179,2540,367
SHEMAROO,22-JUL-2021,138.85,140.85,136.85,140.85,166002,109777,1732
SHILPAMED,22-JUL-2021,667.45,670.4,638.0,642.5,798345,244013,17906
SHIVAMAUTO,22-JUL-2021,25.45,26.7,25.45,26.25,132823,97756,625
SHIVAMILLS,22-JUL-2021,90.95,94.65,90.0,90.85,81698,56757,796
SHIVATEX,22-JUL-2021,196.0,201.0,192.0,195.9,14439,6846,1114
SHK,22-JUL-2021,167.0,168.5,163.05,164.45,189324,111462,3477
SHOPERSTOP,22-JUL-2021,247.0,258.0,247.0,253.6,355294,94442,8901
SHRADHA,22-JUL-2021,57.0,57.0,54.15,55.05,1965,407,48
SHREDIGCEM,22-JUL-2021,95.25,96.8,94.0,94.65,1114769,502388,11081
SHREECEM,22-JUL-2021,28150.0,28226.25,27915.0,28080.0,22745,10261,9644
SHREEPUSHK,22-JUL-2021,180.0,181.0,177.55,178.9,85614,40254,3037
SHREERAMA,22-JUL-2021,13.6,14.15,13.15,14.15,242251,206191,666
SHRENIK,22-JUL-2021,2.0,2.0,1.9,1.9,7921425,4695863,2898
SHREYANIND,22-JUL-2021,110.45,112.55,107.0,108.75,72151,45688,2248
SHREYAS,22-JUL-2021,205.0,210.6,205.0,210.6,89061,70771,1041
SHRIRAMCIT,22-JUL-2021,1719.05,1817.6,1719.05,1775.75,63682,35415,7819
SHRIRAMEPC,22-JUL-2021,5.4,5.45,5.05,5.05,1672553,1241383,1065
SHYAMCENT,22-JUL-2021,19.45,19.45,19.45,19.45,376774,373720,808
SHYAMMETL,22-JUL-2021,449.5,457.7,439.1,445.0,2861222,1123944,49673
SICAL,22-JUL-2021,16.0,16.25,14.9,15.05,1145680,654637,2513
SIEMENS,22-JUL-2021,1954.1,1986.95,1952.15,1976.25,460389,333638,13570
SIGIND,22-JUL-2021,50.95,51.0,47.6,48.5,62549,41080,851
SILGO,22-JUL-2021,43.5,43.5,41.45,41.85,26001,20074,284
SILLYMONKS,22-JUL-2021,22.2,22.2,20.3,21.85,4546,2990,61
SIMPLEXINF,22-JUL-2021,50.0,50.8,48.35,48.8,157073,93090,1137
SINTERCOM,22-JUL-2021,79.05,79.9,76.5,77.1,56370,52049,305
SINTEX,22-JUL-2021,4.8,4.85,4.6,4.6,2463628,1544692,1995
SIRCA,22-JUL-2021,351.1,357.45,349.55,352.05,74048,46380,2005
SIS,22-JUL-2021,486.8,506.0,486.3,497.95,285738,108223,10121
SITINET,22-JUL-2021,1.65,1.65,1.6,1.65,5014210,3424642,850
SIYSIL,22-JUL-2021,409.35,416.35,397.65,400.5,65177,32013,3620
SJVN,22-JUL-2021,27.55,27.65,27.3,27.35,1666503,1267535,4390
SKFINDIA,22-JUL-2021,2589.0,2939.0,2555.6,2725.6,195482,62611,28442
SKIL,22-JUL-2021,3.35,3.45,3.25,3.35,328603,271284,232
SKIPPER,22-JUL-2021,90.0,98.35,90.0,94.45,3374911,1475442,25583
SKMEGGPROD,22-JUL-2021,88.1,89.7,87.2,88.0,136689,54512,2659
SMARTLINK,22-JUL-2021,119.05,123.9,118.15,119.55,65815,26949,2756
SMCGLOBAL,22-JUL-2021,101.2,102.65,96.65,97.5,1197980,512590,8984
SMLISUZU,22-JUL-2021,575.55,606.0,575.55,586.3,80193,32320,4178
SMSLIFE,22-JUL-2021,725.65,741.9,723.55,727.5,6066,3474,615
SMSPHARMA,22-JUL-2021,189.15,196.9,189.15,190.8,486078,143978,9912
SNOWMAN,22-JUL-2021,51.25,52.3,51.1,51.5,1607348,474988,7283
SOBHA,22-JUL-2021,611.4,619.85,595.55,602.25,376238,166369,14671
SOLARA,22-JUL-2021,1680.0,1684.0,1654.0,1658.55,46955,31343,5278
SOLARINDS,22-JUL-2021,1602.0,1630.0,1598.55,1614.65,18917,12084,4440
SOMATEX,22-JUL-2021,7.0,7.25,6.9,7.15,40697,32788,120
SOMICONVEY,22-JUL-2021,60.6,60.6,57.8,59.2,16191,10633,431
SONACOMS,22-JUL-2021,428.0,452.0,411.1,440.5,9450575,4751401,138994
SONATSOFTW,22-JUL-2021,780.0,804.0,777.0,787.55,178435,81466,9760
SORILINFRA,22-JUL-2021,137.0,138.9,133.3,134.95,48600,27299,1005
SOTL,22-JUL-2021,1476.0,1500.0,1452.65,1487.9,34389,19458,4191
SOUTHBANK,22-JUL-2021,12.2,12.35,12.1,12.2,11911826,4933170,41404
SOUTHWEST,22-JUL-2021,56.7,56.9,54.05,56.3,107498,86330,918
SPAL,22-JUL-2021,301.45,311.65,295.8,308.2,118992,61363,4457
SPANDANA,22-JUL-2021,663.0,667.8,651.9,655.55,55973,31930,3136
SPARC,22-JUL-2021,245.4,253.7,245.4,247.65,1253788,391364,13621
SPECIALITY,22-JUL-2021,68.2,75.25,68.2,72.05,982036,274007,7625
SPENCERS,22-JUL-2021,89.2,93.8,88.2,92.7,1482875,502932,12298
SPIC,22-JUL-2021,62.3,64.35,61.75,62.7,1523799,663783,6444
SPICEJET,22-JUL-2021,76.0,80.1,75.6,78.9,6193934,1719313,23150
SPLIL,22-JUL-2021,50.3,57.5,48.15,54.75,768961,286830,6898
SPMLINFRA,22-JUL-2021,11.35,11.65,10.8,11.55,59650,39176,130
SPTL,22-JUL-2021,6.0,6.1,5.7,5.75,1923729,1184643,1496
SREEL,22-JUL-2021,188.2,190.95,186.0,187.9,9948,6267,352
SRF,22-JUL-2021,7814.35,7939.95,7814.35,7907.2,92340,24531,14216
SRHHYPOLTD,22-JUL-2021,324.9,329.75,320.0,324.35,16918,10862,955
SRIPIPES,22-JUL-2021,217.8,221.9,216.65,219.0,99912,46353,3143
SRTRANSFIN,22-JUL-2021,1398.9,1402.55,1370.0,1395.3,1749604,670489,60686
SSWL,22-JUL-2021,1234.7,1323.9,1230.45,1307.75,99076,44093,8136
STAR,22-JUL-2021,770.0,781.0,765.1,776.55,261980,81143,8502
STARCEMENT,22-JUL-2021,117.0,119.25,116.3,116.9,1376080,607763,16302
STARPAPER,22-JUL-2021,163.95,163.95,158.8,159.8,174947,64380,4120
STCINDIA,22-JUL-2021,110.85,116.25,110.1,113.55,109556,33132,3762
STEELCITY,22-JUL-2021,93.8,94.75,82.8,82.8,752523,443500,8248
STEELXIND,22-JUL-2021,67.0,69.8,66.6,67.75,124888,70274,1668
STEL,22-JUL-2021,115.75,116.7,110.15,111.15,45363,28563,1194
STERTOOLS,22-JUL-2021,206.25,213.75,204.3,205.75,308692,157181,8091
STLTECH,22-JUL-2021,298.0,318.0,298.0,303.15,4334161,653758,69149
STOVEKRAFT,22-JUL-2021,738.8,755.0,738.0,748.0,355943,48144,11360
SUBEXLTD,22-JUL-2021,65.6,66.4,63.5,64.1,7560470,3526776,26837
SUBROS,22-JUL-2021,317.0,320.95,314.0,317.2,22534,12129,1548
SUDARSCHEM,22-JUL-2021,750.0,781.0,750.0,759.55,491201,212045,17778
SUMICHEM,22-JUL-2021,440.4,442.0,430.25,433.85,447664,138996,11660
SUMIT,22-JUL-2021,20.4,20.4,19.5,19.6,219421,123469,811
SUMMITSEC,22-JUL-2021,669.5,669.5,635.1,648.85,11913,8621,773
SUNCLAYLTD,22-JUL-2021,3844.0,4090.0,3803.1,4033.55,45735,11285,6653
SUNDARMFIN,22-JUL-2021,2609.0,2650.0,2609.0,2647.7,11916,7072,2454
SUNDARMHLD,22-JUL-2021,79.0,79.95,77.1,79.55,358045,230567,3381
SUNDRMBRAK,22-JUL-2021,446.3,454.8,440.2,443.85,12674,3965,821
SUNDRMFAST,22-JUL-2021,775.1,785.0,762.25,767.35,42420,21671,4679
SUNFLAG,22-JUL-2021,81.55,89.0,81.55,87.6,6460566,1938284,40243
SUNPHARMA,22-JUL-2021,680.0,688.2,675.55,687.3,2047831,932232,49875
SUNTECK,22-JUL-2021,363.5,376.85,363.05,369.1,2091635,327864,45602
SUNTV,22-JUL-2021,532.5,537.8,530.5,534.5,678508,281932,10983
SUPERHOUSE,22-JUL-2021,162.25,165.85,161.2,162.0,48925,22323,2077
SUPRAJIT,22-JUL-2021,314.0,318.7,308.1,311.3,138798,67783,7758
SUPREMEENG,22-JUL-2021,34.9,34.9,33.55,33.6,14202,12152,92
SUPREMEIND,22-JUL-2021,2106.0,2145.95,2094.35,2099.7,92802,52101,10809
SURANASOL,22-JUL-2021,14.95,15.2,14.6,15.2,408182,252822,1148
SURANAT&P,22-JUL-2021,7.05,7.2,6.8,6.85,110048,91457,455
SURYAROSNI,22-JUL-2021,515.3,534.4,515.3,523.8,126763,45175,9558
SURYODAY,22-JUL-2021,214.0,214.8,210.45,210.85,77222,47239,2560
SUTLEJTEX,22-JUL-2021,77.8,77.8,74.8,75.6,872515,341355,8682
SUULD,22-JUL-2021,535.0,535.0,505.0,511.3,144707,117290,2634
SUVEN,22-JUL-2021,88.9,89.0,86.75,87.3,276990,137173,3100
SUVENPHAR,22-JUL-2021,480.0,490.0,473.45,487.05,459300,249238,14720
SUVIDHAA,22-JUL-2021,25.0,26.5,25.0,25.9,80682,58702,521
SUZLON,22-JUL-2021,7.4,7.65,7.4,7.6,24313554,13060039,34539
SVPGLOB,22-JUL-2021,109.5,113.0,107.5,111.45,207393,148643,3484
SWANENERGY,22-JUL-2021,141.0,143.45,138.5,139.1,139744,23882,5079
SWARAJENG,22-JUL-2021,1800.0,1807.8,1789.65,1800.4,37333,27064,2614
SWELECTES,22-JUL-2021,243.05,269.9,243.05,258.25,114959,35562,6222
SWSOLAR,22-JUL-2021,269.6,284.65,267.55,282.6,1862033,832408,20363
SYMPHONY,22-JUL-2021,1089.85,1108.45,1080.0,1087.15,129810,48905,8467
SYNGENE,22-JUL-2021,659.8,665.0,619.6,627.7,1189686,466442,33597
TAINWALCHM,22-JUL-2021,82.05,90.85,81.8,87.0,249292,109700,3563
TAJGVK,22-JUL-2021,133.45,133.45,130.0,131.1,164677,86350,4082
TAKE,22-JUL-2021,61.8,62.95,61.55,61.85,722389,285832,4432
TALBROAUTO,22-JUL-2021,324.5,329.7,312.5,314.75,90510,45248,5245
TARAPUR,22-JUL-2021,5.3,5.3,4.95,5.15,14921,9692,43
TARMAT,22-JUL-2021,85.65,98.2,85.2,94.65,1150144,365272,15123
TASTYBITE,22-JUL-2021,18649.0,18770.0,18255.05,18413.55,2050,494,1291
TATACHEM,22-JUL-2021,765.7,767.85,757.4,762.7,1137807,269779,24362
TATACOFFEE,22-JUL-2021,192.0,202.0,190.65,199.0,13112019,2736593,94317
TATACOMM,22-JUL-2021,1393.0,1415.0,1344.0,1357.5,374272,244404,19085
TATACONSUM,22-JUL-2021,763.5,765.9,755.1,764.2,1464419,896952,34973
TATAELXSI,22-JUL-2021,4238.0,4289.25,4230.0,4246.6,95794,56432,18387
TATAINVEST,22-JUL-2021,1167.95,1175.05,1145.0,1151.65,30537,15367,3424
TATAMETALI,22-JUL-2021,1258.6,1275.6,1250.0,1267.25,313502,61383,18666
TATAMOTORS,22-JUL-2021,305.5,307.45,301.05,302.55,21338361,7296981,217237
TATAMTRDVR,22-JUL-2021,139.65,140.9,135.25,135.7,2478580,1679646,22256
TATAPOWER,22-JUL-2021,123.4,124.2,122.4,123.7,20890960,6145734,96388
TATASTEEL,22-JUL-2021,1249.0,1277.95,1248.0,1273.0,7894024,1804392,161316
TATASTLBSL,22-JUL-2021,89.9,90.4,88.75,89.5,5490244,2170716,28440
TBZ,22-JUL-2021,81.6,87.0,81.6,83.75,868113,411102,8532
TCI,22-JUL-2021,411.2,423.8,407.4,414.15,126385,55941,4768
TCIDEVELOP,22-JUL-2021,376.25,384.65,374.05,380.15,1504,1121,111
TCIEXP,22-JUL-2021,1650.0,1690.0,1642.9,1673.15,124988,40833,10484
TCIFINANCE,22-JUL-2021,5.85,6.0,5.85,6.0,12244,12244,16
TCNSBRANDS,22-JUL-2021,589.5,595.0,582.95,588.9,46652,13551,3706
TCPLPACK,22-JUL-2021,518.2,536.0,518.2,526.6,18109,13733,1161
TCS,22-JUL-2021,3190.0,3224.95,3190.0,3216.35,2859334,1999067,121867
TDPOWERSYS,22-JUL-2021,201.0,202.9,199.0,199.8,29917,14256,1389
TEAMLEASE,22-JUL-2021,3912.55,3942.5,3830.55,3871.15,8478,4791,3004
TECHIN,22-JUL-2021,5.45,5.45,4.95,5.05,10583,8044,70
TECHM,22-JUL-2021,1080.0,1152.5,1080.0,1148.6,7309727,3248267,158825
TECHNOE,22-JUL-2021,302.7,307.85,298.4,299.8,48534,23646,1881
TEMBO,22-JUL-2021,224.0,224.0,209.35,212.5,79611,16183,709
TERASOFT,22-JUL-2021,81.9,83.45,79.0,79.65,222192,114588,3410
TEXINFRA,22-JUL-2021,64.95,65.95,64.1,64.25,54819,36070,546
TEXMOPIPES,22-JUL-2021,51.9,51.95,50.8,51.0,143860,98676,1473
TEXRAIL,22-JUL-2021,36.35,37.35,36.1,37.1,987628,427428,3386
TFCILTD,22-JUL-2021,77.0,78.45,76.4,76.85,446396,158722,4363
TFL,22-JUL-2021,5.85,6.15,5.85,5.85,40819,20042,66
TGBHOTELS,22-JUL-2021,9.0,9.0,8.25,8.25,45152,31164,159
THANGAMAYL,22-JUL-2021,820.1,840.0,820.1,834.55,10605,6612,719
THEINVEST,22-JUL-2021,108.8,109.45,102.1,103.65,13823,9138,460
THEMISMED,22-JUL-2021,955.9,960.0,920.05,930.95,35204,17785,2507
THERMAX,22-JUL-2021,1402.1,1434.55,1401.0,1425.35,18147,10331,3309
THOMASCOOK,22-JUL-2021,59.9,61.0,59.8,59.95,305442,203734,2491
THYROCARE,22-JUL-2021,1317.0,1328.0,1308.0,1313.7,121747,68125,5025
TIIL,22-JUL-2021,595.0,643.75,595.0,635.4,60889,35966,4267
TIINDIA,22-JUL-2021,1123.25,1129.7,1106.05,1113.8,143888,123991,5938
TIL,22-JUL-2021,187.95,188.0,183.6,185.0,3717,2452,231
TIMESGTY,22-JUL-2021,55.6,57.9,54.5,57.0,15295,7221,398
TIMETECHNO,22-JUL-2021,82.7,84.0,81.8,83.05,398108,247050,7755
TIMKEN,22-JUL-2021,1517.0,1529.0,1481.8,1518.1,40415,20311,3958
TINPLATE,22-JUL-2021,236.7,251.7,236.7,249.15,1530460,536060,31167
TIRUMALCHM,22-JUL-2021,172.0,185.5,168.45,182.9,5765541,1850090,47870
TITAN,22-JUL-2021,1695.0,1714.65,1682.2,1701.75,1146821,545193,54703
TMRVL,22-JUL-2021,19.8,19.85,19.35,19.85,109478,70924,468
TNPETRO,22-JUL-2021,122.0,126.6,121.1,124.1,1107487,678957,11903
TNPL,22-JUL-2021,149.05,149.65,146.05,146.25,218479,99295,3791
TOKYOPLAST,22-JUL-2021,110.5,112.95,108.0,109.3,22486,15218,585
TORNTPHARM,22-JUL-2021,2982.35,3017.9,2955.0,3013.55,137567,53048,12499
TORNTPOWER,22-JUL-2021,475.7,475.7,467.1,473.0,929153,529342,13091
TOTAL,22-JUL-2021,68.55,69.0,61.55,63.45,232659,132279,3375
TOUCHWOOD,22-JUL-2021,114.5,114.5,109.0,109.75,7861,4332,183
TPLPLASTEH,22-JUL-2021,274.9,280.8,273.25,274.0,43266,10290,1207
TREJHARA,22-JUL-2021,70.15,72.7,67.0,70.7,715358,328331,6122
TRENT,22-JUL-2021,867.0,925.0,865.05,920.5,1813383,430377,50447
TRIDENT,22-JUL-2021,17.45,18.05,17.35,17.75,13233569,8038671,21562
TRIGYN,22-JUL-2021,153.9,167.9,153.85,167.9,710453,434800,8372
TRIL,22-JUL-2021,35.0,35.4,33.8,34.2,391749,248142,1967
TRITURBINE,22-JUL-2021,126.4,134.4,126.4,132.95,526220,155220,8578
TRIVENI,22-JUL-2021,189.0,192.25,185.05,186.7,546631,233514,7444
TTKHLTCARE,22-JUL-2021,794.0,805.0,785.2,803.45,33194,21640,3132
TTKPRESTIG,22-JUL-2021,9050.6,9199.0,9010.05,9165.3,5195,1771,2710
TTL,22-JUL-2021,72.1,72.1,71.45,72.1,73433,65296,386
TV18BRDCST,22-JUL-2021,42.6,43.4,41.3,41.6,13402738,4608625,22576
TVSELECT,22-JUL-2021,193.0,195.7,188.0,190.15,56244,28119,2035
TVSMOTOR,22-JUL-2021,582.0,589.05,577.7,581.3,2264989,586177,41632
TVSSRICHAK,22-JUL-2021,2201.4,2210.05,2175.95,2182.1,5904,3704,1539
TVTODAY,22-JUL-2021,302.55,304.4,297.5,301.85,64502,31039,2398
TVVISION,22-JUL-2021,2.0,2.1,1.9,1.9,355229,284020,246
TWL,22-JUL-2021,71.5,73.65,71.1,73.0,1024393,477282,5165
UBL,22-JUL-2021,1419.0,1441.3,1407.75,1429.8,444583,113060,17901
UCALFUEL,22-JUL-2021,158.95,160.95,155.0,156.25,57222,38561,1713
UCOBANK,22-JUL-2021,13.65,13.8,13.5,13.55,4069782,1849460,14337
UFLEX,22-JUL-2021,525.0,548.0,524.95,528.15,749352,270016,15610
UFO,22-JUL-2021,105.0,108.3,102.7,105.75,1199037,453936,11183
UGARSUGAR,22-JUL-2021,34.25,35.15,33.5,33.75,392189,181238,1941
UJAAS,22-JUL-2021,2.95,2.95,2.9,2.9,702240,539027,898
UJJIVAN,22-JUL-2021,235.05,239.55,233.1,235.85,722831,330888,9943
UJJIVANSFB,22-JUL-2021,30.0,30.2,29.7,29.75,2432996,1073170,5745
ULTRACEMCO,22-JUL-2021,7514.0,7546.5,7290.0,7459.0,1163215,387026,128246
UMANGDAIRY,22-JUL-2021,83.95,84.95,81.55,82.35,324477,23108,5711
UMESLTD,22-JUL-2021,4.15,4.4,4.1,4.2,23625,19071,83
UNICHEMLAB,22-JUL-2021,333.0,344.0,333.0,335.45,49404,22091,2256
UNIDT,22-JUL-2021,375.1,381.15,362.45,375.5,82222,54140,2855
UNIENTER,22-JUL-2021,135.2,140.5,135.2,137.25,21507,12736,1155
UNIONBANK,22-JUL-2021,36.15,36.6,35.95,36.15,6998322,2376261,12231
UNITEDTEA,22-JUL-2021,342.0,347.1,342.0,343.35,971,334,69
UNIVASTU,22-JUL-2021,51.0,53.85,51.0,52.5,6659,2606,191
UNIVCABLES,22-JUL-2021,191.7,194.2,190.0,190.85,46892,24698,1740
UNIVPHOTO,22-JUL-2021,294.85,299.5,286.25,295.2,2749,1929,172
UPL,22-JUL-2021,817.95,829.5,816.0,828.0,2978752,1447298,59661
URJA,22-JUL-2021,7.25,7.5,7.2,7.45,4170979,2468753,13862
USHAMART,22-JUL-2021,58.6,65.45,58.25,64.9,11765041,4742662,41375
UTIAMC,22-JUL-2021,877.0,917.85,877.0,899.75,911804,299980,29918
UTIBANKETF,22-JUL-2021,35.93,35.97,34.8,34.99,4325,3735,147
UTINEXT50,22-JUL-2021,40.78,41.48,40.3,41.12,209846,208850,143
UTINIFTETF,22-JUL-2021,1638.95,1662.75,1638.95,1661.86,385,281,72
UTISENSETF,22-JUL-2021,548.0,555.0,541.88,550.26,4875,4520,135
UTISXN50,22-JUL-2021,45.17,45.47,43.81,45.06,2495,1643,94
UTTAMSTL,22-JUL-2021,5.75,5.75,5.75,5.75,848832,848832,462
V2RETAIL,22-JUL-2021,123.8,133.15,118.85,129.5,182512,94854,2090
VADILALIND,22-JUL-2021,1074.0,1080.1,1036.05,1052.15,15352,9873,1838
VAIBHAVGBL,22-JUL-2021,765.0,804.0,765.0,799.55,263666,112641,17855
VAISHALI,22-JUL-2021,42.35,42.6,41.75,42.15,32178,24872,279
VAKRANGEE,22-JUL-2021,35.7,38.85,35.7,38.3,10588236,4860651,22675
VALIANTORG,22-JUL-2021,1423.25,1434.65,1395.55,1400.25,26848,17234,2974
VARDHACRLC,22-JUL-2021,61.0,63.7,60.9,61.9,567448,360878,5111
VARDMNPOLY,22-JUL-2021,29.9,30.2,29.25,30.2,651376,346781,1614
VARROC,22-JUL-2021,350.0,350.0,341.75,342.45,74040,37717,4614
VASCONEQ,22-JUL-2021,22.7,22.7,21.7,21.85,346170,233741,1212
VASWANI,22-JUL-2021,14.25,14.4,14.05,14.3,33713,18831,220
VBL,22-JUL-2021,786.0,788.8,741.8,759.15,307180,181231,19537
VEDL,22-JUL-2021,261.25,264.5,260.25,262.8,4944298,1865786,34855
VENKEYS,22-JUL-2021,3349.0,3349.0,2919.3,3104.15,231517,94756,27017
VENUSREM,22-JUL-2021,458.95,472.0,451.7,468.35,54243,33820,2215
VERTOZ,22-JUL-2021,149.6,154.0,146.2,151.65,327945,64852,5213
VESUVIUS,22-JUL-2021,1212.0,1230.0,1182.55,1209.9,26563,11417,3549
VETO,22-JUL-2021,133.95,135.75,129.0,131.5,295551,147041,5002
VGUARD,22-JUL-2021,254.9,259.8,249.05,250.0,1745859,816462,21962
VHL,22-JUL-2021,3328.0,3328.05,3128.1,3180.85,2177,1257,559
VIDHIING,22-JUL-2021,286.2,307.0,278.25,296.9,826105,230950,19551
VIKASECO,22-JUL-2021,2.0,2.0,2.0,2.0,677807,677807,233
VIKASLIFE,22-JUL-2021,4.3,4.3,4.3,4.3,896187,896187,767
VIKASPROP,22-JUL-2021,2.65,2.85,2.6,2.75,4567493,2409177,2781
VIKASWSP,22-JUL-2021,5.7,5.8,5.5,5.65,428113,281417,604
VIMTALABS,22-JUL-2021,331.15,346.5,328.15,335.75,1573803,358363,39827
VINATIORGA,22-JUL-2021,1980.0,1998.0,1955.9,1969.35,51019,19921,5334
VINDHYATEL,22-JUL-2021,1366.0,1423.15,1365.2,1400.6,40924,19178,3771
VINEETLAB,22-JUL-2021,115.45,118.25,109.1,118.25,367834,165441,4474
VINYLINDIA,22-JUL-2021,157.0,158.45,155.0,156.0,67167,35309,1922
VIPCLOTHNG,22-JUL-2021,22.45,23.1,22.45,23.1,2892351,2105877,4294
VIPIND,22-JUL-2021,402.5,419.5,402.05,417.5,582225,241551,15156
VIPULLTD,22-JUL-2021,35.5,38.6,35.5,38.6,468663,442680,607
VISAKAIND,22-JUL-2021,752.2,823.0,752.2,798.9,267820,104347,13763
VISASTEEL,22-JUL-2021,9.85,10.1,9.55,10.1,80902,61691,264
VISHAL,22-JUL-2021,98.9,103.05,98.85,102.15,1088683,865601,4306
VISHNU,22-JUL-2021,657.0,673.75,649.9,673.75,26912,19682,426
VISHWARAJ,22-JUL-2021,150.0,151.95,147.15,149.1,247720,92385,3034
VIVIDHA,22-JUL-2021,0.85,0.9,0.85,0.85,22877231,15149213,2052
VIVIMEDLAB,22-JUL-2021,24.5,24.8,23.6,23.7,276339,183867,1538
VLSFINANCE,22-JUL-2021,234.75,248.8,228.0,248.55,451499,231296,6232
VMART,22-JUL-2021,3244.0,3484.85,3244.0,3388.25,53205,14799,10611
VOLTAMP,22-JUL-2021,1549.0,1559.3,1514.65,1542.05,16374,8598,2047
VOLTAS,22-JUL-2021,1037.0,1055.9,1026.0,1049.2,922809,173364,29193
VRLLOG,22-JUL-2021,300.0,312.25,300.0,302.5,183707,80993,5865
VSSL,22-JUL-2021,236.9,279.0,236.9,271.25,1612877,508316,31893
VSTIND,22-JUL-2021,3536.0,3543.1,3450.0,3476.6,7847,4204,1752
VSTTILLERS,22-JUL-2021,2098.95,2098.95,2042.3,2048.1,15050,8475,2777
VTL,22-JUL-2021,1642.0,1820.0,1642.0,1772.45,212383,82977,15926
WABAG,22-JUL-2021,350.0,357.0,346.0,347.8,348962,212856,8706
WABCOINDIA,22-JUL-2021,7300.0,7302.5,7151.1,7230.85,2957,1433,1058
WALCHANNAG,22-JUL-2021,69.75,71.5,69.75,70.1,132188,71695,2220
WATERBASE,22-JUL-2021,128.5,130.45,127.25,127.75,181418,64711,3905
WEBELSOLAR,22-JUL-2021,72.8,72.8,68.5,69.95,261578,157173,2331
WEIZMANIND,22-JUL-2021,57.4,59.9,55.55,56.5,35365,22474,360
WELCORP,22-JUL-2021,144.1,147.0,143.05,143.85,2043440,780289,14388
WELENT,22-JUL-2021,110.25,110.9,108.65,109.25,226118,124372,2628
WELINV,22-JUL-2021,440.0,449.85,431.0,434.2,943,353,137
WELSPUNIND,22-JUL-2021,128.2,132.35,125.45,127.8,3932327,2242402,31748
WENDT,22-JUL-2021,4303.55,4424.05,4286.15,4329.65,1931,880,723
WESTLIFE,22-JUL-2021,520.0,543.75,513.2,533.6,320639,57988,14313
WHEELS,22-JUL-2021,785.0,828.0,785.0,814.7,204637,83808,7885
WHIRLPOOL,22-JUL-2021,2180.0,2258.0,2170.0,2216.25,191563,105911,18403
WILLAMAGOR,22-JUL-2021,21.05,22.2,21.05,21.55,16218,9177,106
WINDMACHIN,22-JUL-2021,41.0,41.5,38.65,39.4,358633,231286,2424
WIPRO,22-JUL-2021,577.1,585.0,571.0,584.2,12043385,4347340,165273
WOCKPHARMA,22-JUL-2021,561.75,584.0,540.4,550.25,2467468,459800,64306
WONDERLA,22-JUL-2021,258.0,260.45,250.0,251.5,112554,41043,5183
WORTH,22-JUL-2021,112.5,112.5,105.95,107.15,72690,38638,1581
WSTCSTPAPR,22-JUL-2021,244.15,250.0,240.0,247.25,340550,143834,6783
XCHANGING,22-JUL-2021,121.85,141.0,121.5,134.2,14579523,4065157,122434
XPROINDIA,22-JUL-2021,293.45,293.45,293.45,293.45,10316,10316,36
YESBANK,22-JUL-2021,13.05,13.2,13.0,13.0,52313522,24471341,79952
ZEEL,22-JUL-2021,202.7,205.5,202.4,204.85,4171113,1161104,30924
ZEELEARN,22-JUL-2021,15.2,15.25,14.75,14.8,1574018,1023729,2066
ZEEMEDIA,22-JUL-2021,12.45,12.8,12.4,12.8,1502762,989969,1702
ZENITHEXPO,22-JUL-2021,87.9,88.1,83.5,86.45,2991,2370,61
ZENSARTECH,22-JUL-2021,366.0,380.0,364.35,377.0,1613598,640745,34316
ZENTEC,22-JUL-2021,102.0,102.85,98.2,98.85,993675,383917,12558
ZODIACLOTH,22-JUL-2021,135.0,144.9,133.65,141.5,199616,95082,4885
ZODJRDMKJ,22-JUL-2021,33.25,34.75,32.05,34.5,7133,5712,84
ZOTA,22-JUL-2021,249.8,249.8,241.0,242.2,46067,35248,1107
ZYDUSWELL,22-JUL-2021,2224.6,2275.0,2199.05,2214.7,30320,10557,4569
