20MICRONS,26-JUL-2021,65.4,65.8,63.35,63.95,114623,63363,2679
21STCENMGM,26-JUL-2021,21.15,21.15,21.15,21.15,3017,3017,25
3MINDIA,26-JUL-2021,24217.0,24962.0,24090.05,24762.1,3636,1857,2431
5PAISA,26-JUL-2021,519.95,537.75,502.15,532.6,119134,50106,4089
63MOONS,26-JUL-2021,110.1,111.7,105.6,105.6,273915,181310,3455
A2ZINFRA,26-JUL-2021,5.65,5.8,5.4,5.45,413582,247799,505
AAKASH,26-JUL-2021,264.0,277.75,231.05,238.2,380989,137375,5292
AARON,26-JUL-2021,125.1,125.1,120.0,125.1,17778,15158,304
AARTIDRUGS,26-JUL-2021,717.15,728.0,714.2,722.3,298556,121014,9028
AARTIIND,26-JUL-2021,891.0,901.05,883.1,895.8,816371,419156,28367
AARTISURF,26-JUL-2021,1510.0,1624.3,1470.4,1579.05,179831,63104,18629
AARVEEDEN,26-JUL-2021,25.5,25.5,23.25,23.25,34856,19062,276
AARVI,26-JUL-2021,71.85,73.5,70.2,72.0,38212,23914,564
AAVAS,26-JUL-2021,2695.0,2726.45,2636.05,2646.9,32841,18233,9519
ABAN,26-JUL-2021,50.9,51.35,47.7,48.55,464298,264272,6274
ABB,26-JUL-2021,1688.0,1726.15,1678.15,1712.3,69698,21596,9003
ABBOTINDIA,26-JUL-2021,17900.0,17985.0,17619.95,17859.85,7380,3571,3041
ABCAPITAL,26-JUL-2021,118.8,119.35,117.6,117.65,2396867,1135708,20105
ABFRL,26-JUL-2021,215.8,220.6,215.1,217.15,1946142,415813,20640
ABMINTLTD,26-JUL-2021,114.15,114.15,103.35,103.35,10795,9169,198
ABSLBANETF,26-JUL-2021,347.6,348.87,346.93,347.44,291,243,24
ABSLNN50ET,26-JUL-2021,399.0,405.9,394.82,397.2,609,549,24
ACC,26-JUL-2021,2337.3,2374.8,2308.1,2369.2,695393,217092,44997
ACCELYA,26-JUL-2021,1405.95,1447.9,1385.95,1398.65,61241,25460,5791
ACCURACY,26-JUL-2021,91.8,92.4,89.45,91.8,9741,7063,209
ACE,26-JUL-2021,247.95,268.25,247.55,263.7,3703867,891218,65412
ACRYSIL,26-JUL-2021,605.1,605.1,585.0,589.8,36714,23192,1979
ADANIENT,26-JUL-2021,1399.8,1416.8,1392.0,1403.9,2054318,190932,46181
ADANIPORTS,26-JUL-2021,680.0,690.95,674.45,682.8,5339116,782777,84888
ADFFOODS,26-JUL-2021,881.0,939.9,874.05,932.55,132547,76556,8224
ADORWELD,26-JUL-2021,718.0,741.5,718.0,737.1,13676,8915,1200
ADSL,26-JUL-2021,65.65,67.6,64.85,67.6,297117,197205,1717
ADVANIHOTR,26-JUL-2021,71.7,71.7,68.0,70.7,32986,20817,737
ADVENZYMES,26-JUL-2021,403.95,409.7,400.5,408.2,243558,114453,8618
AEGISCHEM,26-JUL-2021,321.2,323.0,315.0,316.3,371014,183879,8349
AGARIND,26-JUL-2021,356.95,356.95,336.45,347.8,30913,20100,1013
AGRITECH,26-JUL-2021,45.0,45.45,43.6,44.75,15903,6496,359
AGROPHOS,26-JUL-2021,16.8,16.8,15.45,15.65,61580,35254,404
AHLADA,26-JUL-2021,194.6,203.05,194.6,200.2,63332,46940,1437
AHLEAST,26-JUL-2021,223.0,223.0,196.05,200.5,173336,86288,7286
AHLUCONT,26-JUL-2021,389.7,394.65,385.45,386.4,10192,5598,1587
AHLWEST,26-JUL-2021,270.45,289.9,267.75,285.45,31523,19508,2191
AIAENG,26-JUL-2021,2010.0,2039.0,1986.05,2001.65,13727,8477,3226
AJANTPHARM,26-JUL-2021,2166.3,2242.95,2147.65,2216.55,124521,35546,12270
AJOONI,26-JUL-2021,57.65,57.65,53.4,54.1,37586,27032,426
AKASH,26-JUL-2021,218.4,218.4,208.15,208.9,38143,29762,850
AKG,26-JUL-2021,24.2,26.15,24.2,26.05,6252,5671,92
AKSHARCHEM,26-JUL-2021,430.35,455.0,430.35,444.5,42363,15722,2938
AKZOINDIA,26-JUL-2021,2288.85,2298.0,2257.0,2265.45,8112,5217,1600
ALANKIT,26-JUL-2021,20.5,21.1,19.85,20.55,4201765,1785560,7165
ALBERTDAVD,26-JUL-2021,573.7,574.85,559.75,561.85,28345,14531,2447
ALEMBICLTD,26-JUL-2021,130.4,131.8,128.9,129.2,468805,167353,7199
ALICON,26-JUL-2021,827.95,848.0,813.0,816.85,31446,18765,2396
ALKALI,26-JUL-2021,86.55,94.75,83.55,92.25,265522,123719,6866
ALKEM,26-JUL-2021,3395.0,3464.0,3390.45,3427.4,131243,38427,10814
ALKYLAMINE,26-JUL-2021,4099.75,4492.95,4075.0,4407.0,664768,149251,80531
ALLCARGO,26-JUL-2021,180.0,193.0,180.0,188.1,5229920,2008822,46232
ALLSEC,26-JUL-2021,452.5,455.15,439.3,441.3,26735,13171,1994
ALMONDZ,26-JUL-2021,64.0,64.0,60.15,61.45,11433,7807,291
ALOKINDS,26-JUL-2021,25.6,25.6,24.5,24.7,10880465,6037500,23968
ALPA,26-JUL-2021,50.9,51.0,49.05,49.8,51307,37790,552
ALPHAGEO,26-JUL-2021,312.5,316.05,308.5,310.4,19073,11963,1234
AMARAJABAT,26-JUL-2021,723.25,730.0,720.0,724.2,480189,161310,15356
AMBER,26-JUL-2021,3012.0,3026.55,2989.15,3020.05,35771,18742,6763
AMBICAAGAR,26-JUL-2021,19.5,19.5,18.8,19.15,28101,17599,211
AMBIKCO,26-JUL-2021,1400.0,1427.0,1380.0,1388.55,24823,12298,3184
AMBUJACEM,26-JUL-2021,402.5,409.5,390.95,408.1,8586195,2373412,104742
AMDIND,26-JUL-2021,31.9,32.15,30.25,31.75,42704,30141,415
AMJLAND,26-JUL-2021,33.9,33.9,32.75,33.25,72641,34798,700
AMRUTANJAN,26-JUL-2021,676.4,685.95,662.35,670.25,140859,64012,11190
ANDHRAPAP,26-JUL-2021,243.1,250.25,243.1,248.2,34478,14060,1920
ANDHRSUGAR,26-JUL-2021,540.35,564.0,537.8,546.3,130246,50394,6433
ANGELBRKG,26-JUL-2021,1290.0,1298.9,1204.0,1229.6,621432,281798,39621
ANIKINDS,26-JUL-2021,22.95,24.25,22.5,22.8,40806,31831,184
ANMOL,26-JUL-2021,170.05,170.05,162.6,164.65,25931,2154,242
ANSALAPI,26-JUL-2021,8.55,9.25,8.55,8.7,286054,137991,716
ANSALHSG,26-JUL-2021,8.45,8.7,8.1,8.4,422162,216203,720
ANUP,26-JUL-2021,970.0,982.95,952.15,961.4,72917,30450,6601
ANURAS,26-JUL-2021,769.9,771.8,744.1,752.3,66411,40716,3376
APARINDS,26-JUL-2021,616.4,639.4,600.6,610.15,517271,142387,25556
APCL,26-JUL-2021,470.1,521.0,470.1,509.5,290512,103663,13609
APCOTEXIND,26-JUL-2021,330.0,354.15,330.0,342.95,381219,176707,13742
APEX,26-JUL-2021,371.0,377.8,368.0,374.9,127811,49279,3970
APLAPOLLO,26-JUL-2021,1622.1,1624.95,1589.0,1609.65,165432,112035,6299
APLLTD,26-JUL-2021,950.0,950.0,901.15,909.8,767991,226072,28347
APOLLO,26-JUL-2021,116.85,118.8,115.35,116.05,107295,58185,2930
APOLLOHOSP,26-JUL-2021,3937.0,4158.8,3930.0,4100.35,1982531,417890,116423
APOLLOPIPE,26-JUL-2021,1170.0,1221.0,1151.0,1198.5,499652,218422,31725
APOLLOTYRE,26-JUL-2021,226.0,226.1,221.7,222.25,2936002,1329248,27652
APOLSINHOT,26-JUL-2021,793.4,793.4,774.55,780.9,1335,505,272
APTECHT,26-JUL-2021,263.85,274.85,261.5,270.9,1611720,550292,30291
ARENTERP,26-JUL-2021,17.05,17.9,16.3,17.9,3770,2838,51
ARIES,26-JUL-2021,175.4,180.8,173.05,174.45,134733,60520,2921
ARIHANT,26-JUL-2021,26.35,26.85,24.6,26.0,11510,2571,206
ARIHANTCAP,26-JUL-2021,169.35,169.35,162.1,163.05,41086,23697,1431
ARIHANTSUP,26-JUL-2021,94.75,94.75,91.5,91.9,136557,81553,1161
ARMANFIN,26-JUL-2021,678.5,795.0,678.5,730.35,177863,39414,13130
AROGRANITE,26-JUL-2021,67.5,70.85,66.8,67.75,169899,50676,2265
ARROWGREEN,26-JUL-2021,148.55,154.05,148.55,151.4,6285,4844,200
ARSHIYA,26-JUL-2021,30.8,31.0,29.7,30.8,173132,137003,535
ARSSINFRA,26-JUL-2021,31.8,32.2,31.35,31.9,64765,54761,224
ARTEMISMED,26-JUL-2021,368.0,376.85,351.25,376.5,23551,17936,470
ARVIND,26-JUL-2021,104.0,105.65,100.5,102.1,2125848,1006337,15245
ARVINDFASN,26-JUL-2021,198.7,224.9,197.1,214.2,5297296,1186194,76447
ARVSMART,26-JUL-2021,134.0,140.0,128.9,136.7,480201,195893,7010
ASAHIINDIA,26-JUL-2021,366.0,366.2,361.0,361.65,58987,20560,9790
ASAHISONG,26-JUL-2021,363.65,377.5,358.4,373.25,52277,28066,2897
ASALCBR,26-JUL-2021,468.55,474.75,461.35,465.45,34865,16296,2748
ASHIANA,26-JUL-2021,161.95,170.05,161.4,165.2,434413,174439,7671
ASHIMASYN,26-JUL-2021,20.2,20.5,18.85,20.0,102368,76594,461
ASHOKA,26-JUL-2021,104.4,104.4,102.15,102.65,992280,408861,7478
ASHOKLEY,26-JUL-2021,124.45,124.45,121.4,121.85,7011161,2819707,38131
ASIANHOTNR,26-JUL-2021,91.1,96.0,88.95,92.35,116849,66414,3010
ASIANPAINT,26-JUL-2021,3079.95,3119.0,3051.2,3061.2,1136884,591409,69760
ASIANTILES,26-JUL-2021,178.8,179.0,175.5,176.45,254891,155179,4840
ASPINWALL,26-JUL-2021,250.0,268.3,245.0,250.4,300112,102405,11632
ASTEC,26-JUL-2021,1364.5,1460.0,1364.5,1446.85,61474,29922,5024
ASTERDM,26-JUL-2021,161.6,162.5,159.2,160.15,403082,172511,5080
ASTRAL,26-JUL-2021,2020.0,2119.4,2013.8,2051.6,448564,200850,37029
ASTRAMICRO,26-JUL-2021,170.5,178.7,169.35,174.5,875256,284218,10020
ASTRAZEN,26-JUL-2021,3515.0,3519.2,3464.0,3473.4,9067,4760,2087
ASTRON,26-JUL-2021,65.6,66.9,63.9,64.2,674822,105321,12106
ATFL,26-JUL-2021,1013.95,1030.15,984.35,994.1,35592,13049,3626
ATUL,26-JUL-2021,9327.0,9349.8,9063.45,9079.35,44989,36207,7864
ATULAUTO,26-JUL-2021,210.0,216.9,208.75,212.9,139878,63254,3778
AUBANK,26-JUL-2021,1174.0,1191.0,1157.8,1179.5,1219279,335506,32303
AURIONPRO,26-JUL-2021,229.0,238.0,220.0,226.25,866591,427603,18954
AUROPHARMA,26-JUL-2021,968.45,968.45,951.5,952.8,753421,365423,22113
AUTOAXLES,26-JUL-2021,1382.0,1454.4,1380.0,1405.35,69638,26394,7535
AUTOIND,26-JUL-2021,56.0,56.9,55.35,56.9,67193,48439,565
AVADHSUGAR,26-JUL-2021,489.0,499.9,477.25,479.95,127327,44428,5439
AVANTIFEED,26-JUL-2021,625.5,651.0,625.5,637.5,892347,191281,22995
AVTNPL,26-JUL-2021,79.45,81.3,78.5,78.75,369177,132653,5260
AWHCL,26-JUL-2021,340.7,345.0,335.2,337.35,81336,40494,4560
AXISBANK,26-JUL-2021,754.0,760.0,745.0,756.3,7890992,2846467,133496
AXISBNKETF,26-JUL-2021,347.57,349.39,346.7,348.9,261,247,16
AXISBPSETF,26-JUL-2021,10.16,10.17,10.16,10.16,53002,52802,98
AXISCADES,26-JUL-2021,99.0,101.9,95.75,97.2,124335,85154,2301
AXISGOLD,26-JUL-2021,41.31,41.55,41.2,41.36,114347,98988,5372
AXISHCETF,26-JUL-2021,89.6,89.6,88.25,89.48,11696,10491,249
AXISNIFTY,26-JUL-2021,165.27,166.2,165.0,165.31,2958,2437,120
AXISTECETF,26-JUL-2021,294.0,298.0,291.25,296.0,866,846,45
AYMSYNTEX,26-JUL-2021,78.25,78.6,73.8,74.55,35789,21986,1031
BAFNAPH,26-JUL-2021,156.0,162.35,156.0,158.4,13630,6449,413
BAGFILMS,26-JUL-2021,3.75,3.9,3.7,3.85,401005,370779,293
BAJAJ-AUTO,26-JUL-2021,3852.0,3871.3,3830.0,3836.35,408134,178237,41323
BAJAJCON,26-JUL-2021,291.7,292.9,285.3,286.4,398871,214803,13790
BAJAJELEC,26-JUL-2021,1134.0,1148.35,1103.0,1141.0,301953,120276,17614
BAJAJFINSV,26-JUL-2021,13199.0,13575.45,13154.9,13525.05,421170,128324,49151
BAJAJHLDNG,26-JUL-2021,3875.8,3889.0,3826.25,3881.9,18202,8413,3533
BAJFINANCE,26-JUL-2021,6150.0,6198.3,6130.0,6162.45,733502,241315,67640
BALAJITELE,26-JUL-2021,75.0,76.75,71.35,71.75,2776138,1133624,18982
BALAMINES,26-JUL-2021,3085.0,3397.0,3080.05,3254.05,433907,140628,44883
BALAXI,26-JUL-2021,619.1,625.55,601.2,605.2,4754,3189,524
BALKRISHNA,26-JUL-2021,30.45,30.45,29.5,30.45,9930,9406,95
BALKRISIND,26-JUL-2021,2332.8,2358.65,2320.1,2335.7,143687,61983,16882
BALMLAWRIE,26-JUL-2021,137.6,138.0,136.2,136.65,245408,121605,3341
BALPHARMA,26-JUL-2021,97.5,98.1,96.5,96.9,20262,13835,641
BALRAMCHIN,26-JUL-2021,344.3,348.9,338.8,340.05,647183,324354,16572
BANARBEADS,26-JUL-2021,84.9,84.95,76.55,77.0,221848,87931,6423
BANARISUG,26-JUL-2021,1825.0,1866.0,1792.45,1826.7,5698,2920,548
BANCOINDIA,26-JUL-2021,164.6,167.7,160.0,161.2,221306,98756,6300
BANDHANBNK,26-JUL-2021,305.05,306.8,297.0,297.75,5260125,2257049,73618
BANKA,26-JUL-2021,82.85,82.85,73.15,74.5,15578,9156,434
BANKBARODA,26-JUL-2021,79.8,80.2,79.0,79.75,21809569,7976350,43001
BANKBEES,26-JUL-2021,355.0,355.0,349.09,351.52,316537,104321,6737
BANKINDIA,26-JUL-2021,72.9,72.9,71.5,71.85,1260084,438141,6881
BANSWRAS,26-JUL-2021,207.2,212.95,200.95,205.35,20923,13511,926
BARBEQUE,26-JUL-2021,890.95,894.1,874.0,878.95,29959,14067,1562
BASF,26-JUL-2021,2720.0,2873.0,2720.0,2818.05,101610,31471,11567
BASML,26-JUL-2021,91.0,94.1,89.35,94.1,500393,375393,6073
BATAINDIA,26-JUL-2021,1600.0,1608.05,1573.0,1577.2,285577,93568,25685
BAYERCROP,26-JUL-2021,5849.0,5945.0,5800.55,5838.7,15493,6714,3425
BBL,26-JUL-2021,1365.0,1381.55,1344.85,1353.6,13147,5020,2907
BBTC,26-JUL-2021,1279.0,1279.0,1251.65,1254.3,57640,35261,4794
BCLIND,26-JUL-2021,256.0,256.0,245.0,248.25,64559,27156,3187
BCP,26-JUL-2021,3.85,3.95,3.8,3.85,623402,422559,686
BDL,26-JUL-2021,390.5,408.95,390.0,402.45,590051,212961,18014
BEARDSELL,26-JUL-2021,13.4,14.25,13.3,14.0,12751,11982,77
BECTORFOOD,26-JUL-2021,457.0,460.5,446.0,449.85,339228,156395,10645
BEL,26-JUL-2021,182.65,185.0,180.2,184.6,4584420,1952160,28964
BEML,26-JUL-2021,1291.4,1321.4,1286.75,1308.05,320992,94037,14227
BEPL,26-JUL-2021,175.0,188.0,174.15,186.85,4150860,2100351,38307
BERGEPAINT,26-JUL-2021,850.0,857.95,844.9,849.75,673265,159913,23362
BESTAGRO,26-JUL-2021,466.0,485.0,464.85,479.7,29915,23454,825
BFINVEST,26-JUL-2021,395.2,407.0,391.15,393.75,48037,14508,2701
BFUTILITIE,26-JUL-2021,499.0,507.8,486.4,489.25,302633,139559,8021
BGRENERGY,26-JUL-2021,66.1,68.8,65.2,66.2,161684,71666,2414
BHAGERIA,26-JUL-2021,284.7,291.4,284.7,287.95,125590,39370,7765
BHAGYANGR,26-JUL-2021,48.0,51.2,48.0,49.1,33103,20814,298
BHAGYAPROP,26-JUL-2021,29.5,30.4,29.3,30.0,13528,7219,115
BHANDARI,26-JUL-2021,3.45,3.5,3.35,3.45,310551,190006,524
BHARATFORG,26-JUL-2021,788.0,794.9,780.0,783.7,1256853,523468,24549
BHARATGEAR,26-JUL-2021,121.7,121.7,113.0,115.35,57390,33885,2572
BHARATRAS,26-JUL-2021,13459.95,13600.0,13403.0,13525.5,1205,633,683
BHARTIARTL,26-JUL-2021,545.0,553.85,542.1,544.05,5118493,1817804,78207
BHEL,26-JUL-2021,63.9,64.0,62.5,62.7,20830093,4600226,49204
BIGBLOC,26-JUL-2021,105.95,106.7,105.0,105.1,11774,2694,154
BIL,26-JUL-2021,232.5,236.35,226.95,227.85,4783,2968,306
BINDALAGRO,26-JUL-2021,29.25,30.2,27.0,27.85,359487,204213,2449
BIOCON,26-JUL-2021,398.15,398.15,388.8,389.5,2134036,738096,39587
BIOFILCHEM,26-JUL-2021,72.0,73.4,68.45,72.0,84587,44222,2034
BIRLACORPN,26-JUL-2021,1480.0,1527.4,1479.7,1500.85,155510,78461,12431
BIRLAMONEY,26-JUL-2021,76.9,77.0,73.2,73.65,279740,161048,3877
BIRLATYRE,26-JUL-2021,28.1,29.8,28.1,28.75,533271,329943,2894
BLBLIMITED,26-JUL-2021,11.9,11.9,10.8,10.95,364313,263509,853
BLISSGVS,26-JUL-2021,111.0,112.9,109.8,110.65,217794,103759,3349
BLKASHYAP,26-JUL-2021,22.95,24.3,22.55,24.3,390016,308991,697
BLS,26-JUL-2021,130.3,135.0,128.8,133.35,293123,132899,5020
BLUEDART,26-JUL-2021,5690.0,5737.3,5339.1,5681.6,11657,5002,3358
BLUESTARCO,26-JUL-2021,840.05,850.0,840.05,845.1,34202,21684,3292
BODALCHEM,26-JUL-2021,119.8,121.45,118.0,118.8,1015870,371220,10373
BOMDYEING,26-JUL-2021,102.55,104.4,100.0,100.85,5481782,1239950,23789
BOROLTD,26-JUL-2021,221.0,223.95,216.2,217.25,113608,51499,4176
BOSCHLTD,26-JUL-2021,15080.0,15097.7,14969.35,14981.3,14224,6457,3456
BPCL,26-JUL-2021,461.9,462.55,455.1,456.0,2588738,1342062,42814
BPL,26-JUL-2021,42.85,43.8,41.4,41.6,491105,289675,4238
BRIGADE,26-JUL-2021,314.1,323.0,313.55,321.1,266965,109921,11228
BRITANNIA,26-JUL-2021,3439.95,3498.0,3431.0,3482.0,433827,215790,38759
BRNL,26-JUL-2021,35.9,37.3,35.5,35.9,67234,48990,853
BROOKS,26-JUL-2021,92.85,93.0,85.4,89.2,42466,19084,924
BSE,26-JUL-2021,1166.1,1277.0,1130.0,1259.2,2661678,580047,109213
BSHSL,26-JUL-2021,355.7,355.7,321.95,321.95,12607,10241,438
BSL,26-JUL-2021,62.0,62.0,60.15,60.45,24772,13861,449
BSLGOLDETF,26-JUL-2021,4399.95,4399.95,4355.0,4372.15,150,85,58
BSLNIFTY,26-JUL-2021,176.99,188.7,172.11,174.88,5812,1827,111
BSOFT,26-JUL-2021,400.8,405.55,397.05,400.65,4000712,2042900,31643
BURGERKING,26-JUL-2021,178.0,178.7,175.05,176.2,1985796,691863,20213
BYKE,26-JUL-2021,29.4,30.15,29.1,30.05,93066,67649,389
CADILAHC,26-JUL-2021,615.8,615.8,603.5,605.55,3376653,1597273,52714
CAMLINFINE,26-JUL-2021,199.95,206.75,198.65,199.85,687265,229487,10794
CAMS,26-JUL-2021,3310.0,3310.0,3182.5,3194.5,262944,107860,39824
CANBK,26-JUL-2021,146.2,147.35,145.3,146.65,5127227,1587862,21389
CANFINHOME,26-JUL-2021,535.1,564.0,534.8,558.9,2785377,1441305,52613
CANTABIL,26-JUL-2021,415.0,421.6,411.35,414.1,13844,4721,1496
CAPACITE,26-JUL-2021,234.0,237.05,224.25,227.3,194809,85771,6824
CAPLIPOINT,26-JUL-2021,815.45,950.3,810.0,944.0,7539852,842695,237703
CAPTRUST,26-JUL-2021,115.5,115.5,104.7,106.2,31442,18885,638
CARBORUNIV,26-JUL-2021,667.5,697.3,662.1,666.9,520503,289186,21948
CAREERP,26-JUL-2021,154.8,162.9,152.0,159.7,443978,215730,7546
CARERATING,26-JUL-2021,716.85,719.5,710.15,715.8,122396,74603,5736
CASTROLIND,26-JUL-2021,143.95,145.7,142.8,143.45,774142,307330,7810
CCL,26-JUL-2021,423.0,427.5,412.6,415.0,869709,256617,21540
CEATLTD,26-JUL-2021,1372.0,1381.8,1347.0,1353.9,149470,68984,9573
CELEBRITY,26-JUL-2021,11.3,11.3,10.5,11.3,521611,469377,357
CENTENKA,26-JUL-2021,436.0,438.15,433.15,436.2,41631,21694,2864
CENTEXT,26-JUL-2021,9.5,9.6,9.3,9.35,147297,108725,392
CENTRALBK,26-JUL-2021,25.5,25.5,24.8,24.9,6606693,2309717,11264
CENTRUM,26-JUL-2021,49.1,49.95,47.7,48.0,2910271,811862,9393
CENTUM,26-JUL-2021,498.0,543.0,491.1,531.7,76082,42322,5363
CENTURYPLY,26-JUL-2021,426.95,444.0,416.7,436.25,355645,181392,18000
CENTURYTEX,26-JUL-2021,709.0,714.0,700.0,703.45,235414,74281,8396
CERA,26-JUL-2021,4444.0,4444.0,4330.15,4363.3,11759,4724,4549
CEREBRAINT,26-JUL-2021,56.55,57.25,55.1,55.5,732565,324506,6977
CESC,26-JUL-2021,815.0,847.8,814.05,837.75,379013,179657,14200
CGCL,26-JUL-2021,528.95,529.9,520.0,521.0,38985,23715,5254
CHALET,26-JUL-2021,171.1,185.8,170.5,182.7,915896,207693,18740
CHAMBLFERT,26-JUL-2021,305.15,318.0,304.15,316.1,3577745,1567815,62493
CHEMBOND,26-JUL-2021,240.05,243.7,231.0,231.85,43591,26930,3082
CHEMCON,26-JUL-2021,504.0,515.6,500.1,510.8,601371,193531,20433
CHEMFAB,26-JUL-2021,182.0,186.3,178.95,184.05,37197,25067,1414
CHENNPETRO,26-JUL-2021,123.0,125.05,121.35,122.05,434522,196775,6723
CHOLAFIN,26-JUL-2021,499.95,505.75,487.8,491.7,1356309,466831,33434
CHOLAHLDNG,26-JUL-2021,661.0,674.95,642.0,652.5,232429,184412,4760
CIGNITITEC,26-JUL-2021,590.25,600.0,575.25,580.95,213914,139257,7605
CINELINE,26-JUL-2021,48.45,51.15,47.65,49.7,230325,101931,2728
CIPLA,26-JUL-2021,948.0,960.0,947.0,950.55,1306026,457567,42947
CLEAN,26-JUL-2021,1635.0,1688.0,1620.0,1652.5,747225,281122,44666
CLEDUCATE,26-JUL-2021,137.95,138.75,135.0,138.75,13844,11794,172
CLNINDIA,26-JUL-2021,590.0,603.95,585.55,592.8,56333,25010,3582
CLSEL,26-JUL-2021,146.0,151.0,145.55,149.25,124119,75606,3407
CMICABLES,26-JUL-2021,56.1,58.0,54.45,55.35,150286,55409,2354
COALINDIA,26-JUL-2021,144.0,145.5,143.25,144.0,4423596,1227637,36407
COCHINSHIP,26-JUL-2021,374.95,378.0,371.0,371.75,232939,118889,5546
COFFEEDAY,26-JUL-2021,42.9,43.0,41.55,41.75,772881,561655,2927
COFORGE,26-JUL-2021,4686.0,4759.9,4680.0,4717.55,257317,74402,23367
COLPAL,26-JUL-2021,1799.9,1823.4,1790.0,1805.95,468781,239593,26147
COMPINFO,26-JUL-2021,29.1,30.25,28.95,29.15,283895,163950,1634
COMPUSOFT,26-JUL-2021,14.85,14.85,14.25,14.25,181131,115245,683
CONCOR,26-JUL-2021,663.9,668.7,656.5,658.25,876223,343434,35308
CONFIPET,26-JUL-2021,61.0,63.5,60.7,61.25,1040753,581877,5945
CONSOFINVT,26-JUL-2021,130.95,130.95,126.1,127.55,16949,12347,340
CONTROLPR,26-JUL-2021,372.0,408.0,370.1,405.55,408715,134811,11281
CORALFINAC,26-JUL-2021,53.1,53.1,51.25,51.5,38121,24457,588
CORDSCABLE,26-JUL-2021,64.7,64.75,62.1,62.7,54996,36631,797
COROMANDEL,26-JUL-2021,873.0,920.0,868.1,914.2,2195229,299809,66190
COSMOFILMS,26-JUL-2021,1190.0,1240.0,1170.95,1227.7,151975,53746,11289
COUNCODOS,26-JUL-2021,2.85,2.95,2.85,2.95,152963,152085,323
CPSEETF,26-JUL-2021,26.02,26.13,25.55,25.98,3031432,2663102,15530
CRAFTSMAN,26-JUL-2021,2039.0,2047.5,1978.0,1993.75,69080,56516,4023
CREATIVEYE,26-JUL-2021,3.25,3.25,3.25,3.25,14149,14149,16
CREDITACC,26-JUL-2021,703.35,706.9,650.05,660.75,341855,200102,15953
CRISIL,26-JUL-2021,3079.7,3095.65,2980.0,3019.45,89209,15653,11045
CROMPTON,26-JUL-2021,458.0,472.45,453.35,468.45,1176440,504769,43816
CSBBANK,26-JUL-2021,350.0,355.0,342.3,352.2,730693,178999,22994
CTE,26-JUL-2021,81.4,81.4,73.7,73.7,658759,340364,3698
CUB,26-JUL-2021,155.6,155.9,153.25,153.7,1008850,520380,10243
CUBEXTUB,26-JUL-2021,27.7,29.45,27.25,28.1,11989,8496,154
CUMMINSIND,26-JUL-2021,858.0,864.85,850.0,851.9,321947,113937,11501
CUPID,26-JUL-2021,248.0,259.0,247.25,254.9,190498,97509,6155
CYBERTECH,26-JUL-2021,192.0,196.95,186.8,189.1,401284,184599,9410
CYIENT,26-JUL-2021,1008.7,1008.7,976.0,984.05,539754,449612,20140
DAAWAT,26-JUL-2021,78.95,80.65,78.55,78.75,1057398,565482,7567
DABUR,26-JUL-2021,593.0,599.0,590.15,595.35,1527942,629046,48620
DALBHARAT,26-JUL-2021,2308.25,2375.0,2195.0,2226.95,249209,131769,20231
DALMIASUG,26-JUL-2021,459.4,468.9,457.6,461.45,202642,115369,5427
DANGEE,26-JUL-2021,184.85,186.45,182.5,185.55,3670,2458,47
DATAMATICS,26-JUL-2021,297.5,297.5,273.0,275.25,473037,238898,13451
DBCORP,26-JUL-2021,95.2,96.0,90.5,94.15,2833138,829870,26266
DBL,26-JUL-2021,565.25,581.8,556.1,561.15,252217,65550,9720
DBREALTY,26-JUL-2021,26.2,28.0,26.2,27.35,446564,282017,1677
DBSTOCKBRO,26-JUL-2021,15.35,15.35,14.15,14.2,4673,3838,40
DCAL,26-JUL-2021,208.15,218.0,208.15,212.7,1395795,821337,18533
DCBBANK,26-JUL-2021,104.65,104.65,102.7,103.0,712853,338675,6176
DCM,26-JUL-2021,44.0,45.5,44.0,45.5,67736,48671,307
DCMNVL,26-JUL-2021,175.0,180.9,173.05,180.8,180048,135037,1175
DCMSHRIRAM,26-JUL-2021,954.9,987.95,945.25,955.9,227162,82080,13885
DCW,26-JUL-2021,38.3,41.5,38.3,41.05,5205695,1621943,18868
DECCANCE,26-JUL-2021,729.0,738.15,698.6,730.65,97900,27786,7914
DEEPAKNTR,26-JUL-2021,1939.9,1962.0,1915.0,1921.8,825468,222738,46324
DEEPINDS,26-JUL-2021,102.0,104.15,98.05,98.9,73183,36380,1747
DELTACORP,26-JUL-2021,179.2,181.9,177.75,178.7,1041877,362091,10537
DELTAMAGNT,26-JUL-2021,53.2,55.0,53.15,54.1,4580,3952,101
DEN,26-JUL-2021,51.9,52.9,51.75,51.85,1781240,850943,6710
DENORA,26-JUL-2021,367.0,367.0,355.05,356.9,15789,8148,1140
DFMFOODS,26-JUL-2021,400.0,402.0,394.0,395.25,92332,48425,4078
DHAMPURSUG,26-JUL-2021,356.9,356.9,337.5,340.55,499312,250158,16800
DHANBANK,26-JUL-2021,17.8,18.4,17.4,17.6,1499845,526980,3409
DHANI,26-JUL-2021,210.0,220.9,209.05,219.2,1606964,987019,14635
DHANUKA,26-JUL-2021,1011.9,1022.45,993.15,1001.45,49093,23259,3403
DHUNINV,26-JUL-2021,677.0,677.0,662.0,669.3,7392,4182,553
DIAMONDYD,26-JUL-2021,761.0,795.0,715.0,725.3,178152,41381,12314
DICIND,26-JUL-2021,481.0,509.0,474.35,497.45,35888,14417,1612
DISHTV,26-JUL-2021,13.65,14.4,13.65,14.3,10629702,4962475,10483
DIVISLAB,26-JUL-2021,4824.75,4940.65,4824.75,4921.15,619955,186547,53343
DIXON,26-JUL-2021,4584.0,4584.0,4515.5,4530.5,80891,44703,13252
DLF,26-JUL-2021,334.15,341.1,332.15,333.95,11540718,1291152,88211
DLINKINDIA,26-JUL-2021,157.1,158.4,153.2,153.6,484632,158715,6257
DMART,26-JUL-2021,3410.0,3499.5,3398.3,3483.55,319728,161846,45794
DNAMEDIA,26-JUL-2021,2.6,2.65,2.55,2.55,132494,105025,169
DODLA,26-JUL-2021,600.6,606.0,585.0,587.2,230717,92943,18543
DOLAT,26-JUL-2021,117.25,127.9,117.25,119.7,1426649,692375,15006
DOLLAR,26-JUL-2021,315.7,325.0,315.7,318.65,172371,95606,5416
DONEAR,26-JUL-2021,53.5,54.75,53.3,53.4,89599,55178,1132
DPABHUSHAN,26-JUL-2021,170.0,190.0,160.0,181.05,119416,35318,1628
DPSCLTD,26-JUL-2021,17.0,17.0,16.4,16.6,36333,26613,325
DPWIRES,26-JUL-2021,189.8,189.8,180.65,185.65,21847,12844,858
DRCSYSTEMS,26-JUL-2021,271.6,288.3,267.0,278.8,1724,1178,200
DREDGECORP,26-JUL-2021,386.9,390.0,381.1,382.9,40619,17181,2023
DRREDDY,26-JUL-2021,5419.0,5447.0,5399.8,5411.25,186939,56967,27465
DSSL,26-JUL-2021,152.4,159.0,151.6,152.4,31623,19110,965
DTIL,26-JUL-2021,528.9,535.9,524.05,533.6,22849,15490,1201
DVL,26-JUL-2021,311.85,312.0,305.5,306.85,57714,32726,2990
DWARKESH,26-JUL-2021,77.9,78.85,75.6,75.9,2153048,884657,10958
DYNAMATECH,26-JUL-2021,1598.0,1655.0,1585.0,1624.25,14856,8445,1959
DYNPRO,26-JUL-2021,516.7,516.7,501.0,502.8,20649,14684,1779
EASEMYTRIP,26-JUL-2021,420.0,423.3,412.35,414.95,1140055,560672,13682
EASTSILK,26-JUL-2021,3.55,3.75,3.55,3.6,83602,56830,159
EBANK,26-JUL-2021,3650.0,3650.0,3650.0,3650.0,1,1,1
EBBETF0423,26-JUL-2021,1140.51,1141.5,1139.5,1140.98,12255,10271,91
EBBETF0425,26-JUL-2021,1050.0,1050.45,1047.57,1048.42,5924,5591,66
EBBETF0430,26-JUL-2021,1160.9,1162.99,1157.0,1157.35,35891,30228,259
EBBETF0431,26-JUL-2021,1043.94,1043.99,1040.75,1042.16,6194,5930,93
EBIXFOREX,26-JUL-2021,620.05,632.0,613.05,627.0,4469,2120,679
EDELWEISS,26-JUL-2021,91.1,92.75,89.6,90.15,2160133,1179393,15816
EICHERMOT,26-JUL-2021,2544.8,2585.0,2540.0,2563.2,309303,92057,31301
EIDPARRY,26-JUL-2021,415.0,428.0,415.0,425.95,790445,319511,18882
EIHAHOTELS,26-JUL-2021,338.0,347.1,336.0,340.25,16455,7546,1380
EIHOTEL,26-JUL-2021,113.9,115.5,111.35,112.85,275592,95892,4787
EIMCOELECO,26-JUL-2021,487.1,490.05,470.0,473.25,10656,5846,866
ELECON,26-JUL-2021,140.0,146.4,139.55,141.65,1010092,337198,12336
ELECTCAST,26-JUL-2021,37.0,37.9,36.85,37.25,407065,227915,2315
ELECTHERM,26-JUL-2021,152.0,155.5,150.0,151.35,20483,12360,574
ELGIEQUIP,26-JUL-2021,214.75,214.75,210.6,212.15,201538,102472,6624
ELGIRUBCO,26-JUL-2021,40.75,40.85,39.05,39.4,85439,59061,945
EMAMILTD,26-JUL-2021,552.0,563.9,552.0,559.6,506443,313917,20816
EMAMIPAP,26-JUL-2021,160.0,162.75,157.05,159.5,80771,38870,3394
EMAMIREAL,26-JUL-2021,81.05,84.75,77.55,77.55,143242,110599,2315
EMKAY,26-JUL-2021,122.45,123.85,119.1,120.1,109867,64350,1865
EMMBI,26-JUL-2021,125.0,125.9,118.55,119.65,370579,158075,7889
ENDURANCE,26-JUL-2021,1666.0,1697.5,1648.0,1656.0,87189,38435,7656
ENERGYDEV,26-JUL-2021,12.2,12.2,11.45,11.85,60260,42992,294
ENGINERSIN,26-JUL-2021,75.0,76.95,74.8,75.8,2087942,945324,10077
ENIL,26-JUL-2021,197.65,198.75,191.2,192.95,106080,59609,3239
EPL,26-JUL-2021,245.9,248.35,241.75,242.9,149508,97471,9421
EQ30,26-JUL-2021,389.0,389.0,386.0,388.74,197,194,30
EQUITAS,26-JUL-2021,126.0,126.45,122.75,124.4,2035335,1114064,15636
EQUITASBNK,26-JUL-2021,64.2,66.0,62.5,63.1,1208116,559463,8628
ERIS,26-JUL-2021,763.5,768.0,750.0,755.6,82630,43906,7654
EROSMEDIA,26-JUL-2021,24.0,25.1,23.75,24.6,670945,454994,2795
ESABINDIA,26-JUL-2021,1914.95,1914.95,1870.0,1876.25,2372,1154,515
ESCORTS,26-JUL-2021,1166.8,1166.8,1151.2,1154.3,400400,122416,17598
ESSARSHPNG,26-JUL-2021,11.1,11.25,10.7,10.8,63156,39755,344
ESTER,26-JUL-2021,148.75,148.75,144.9,145.45,219554,95304,3867
EUROTEXIND,26-JUL-2021,10.65,10.65,10.65,10.65,135,135,2
EVEREADY,26-JUL-2021,319.25,339.8,316.1,333.55,1511355,680406,26539
EVERESTIND,26-JUL-2021,449.05,482.9,445.15,474.55,692517,299342,20800
EXCELINDUS,26-JUL-2021,1160.0,1161.8,1140.85,1145.5,15380,8483,2463
EXIDEIND,26-JUL-2021,178.4,179.6,178.0,178.2,1308150,632041,21592
FACT,26-JUL-2021,136.8,139.8,135.05,137.0,368879,90752,6098
FAIRCHEMOR,26-JUL-2021,1653.0,1797.0,1653.0,1691.65,81564,45503,7080
FCL,26-JUL-2021,101.95,112.5,98.5,108.1,3482829,1361406,29231
FCONSUMER,26-JUL-2021,8.7,8.95,8.65,8.7,4344612,2360932,5004
FDC,26-JUL-2021,381.5,384.7,375.3,376.1,128006,58287,4989
FEDERALBNK,26-JUL-2021,85.65,87.6,84.65,87.25,28994949,9381132,68287
FEL,26-JUL-2021,10.9,11.1,10.55,10.7,585635,392687,1329
FELDVR,26-JUL-2021,14.1,14.25,13.65,13.85,77041,24548,196
FIEMIND,26-JUL-2021,759.1,794.0,759.1,782.2,44250,19848,4110
FILATEX,26-JUL-2021,99.5,104.75,98.75,99.95,1227215,575976,9217
FINCABLES,26-JUL-2021,522.8,530.8,515.0,517.1,266213,60513,9053
FINEORG,26-JUL-2021,2970.0,3030.35,2944.55,2974.45,18291,8294,4304
FINPIPE,26-JUL-2021,177.25,177.9,175.3,176.15,573521,312964,21589
FLEXITUFF,26-JUL-2021,23.55,24.85,22.8,23.45,5919,4046,83
FLFL,26-JUL-2021,72.8,72.8,70.65,71.2,61028,35713,954
FLUOROCHEM,26-JUL-2021,1634.0,1731.0,1601.35,1691.85,317692,132025,21825
FMGOETZE,26-JUL-2021,306.05,307.25,301.0,302.2,70599,36594,2502
FMNL,26-JUL-2021,16.6,16.6,15.6,15.7,98955,72452,494
FORCEMOT,26-JUL-2021,1472.0,1588.0,1444.75,1538.25,538129,49533,33749
FORTIS,26-JUL-2021,241.9,248.15,240.0,246.65,3634292,1683572,39443
FOSECOIND,26-JUL-2021,1635.1,1673.95,1635.1,1642.45,7719,3148,1356
FRETAIL,26-JUL-2021,63.05,63.6,62.15,62.25,912857,602088,6311
FSC,26-JUL-2021,86.9,90.7,85.65,86.6,37364,18540,734
FSL,26-JUL-2021,222.0,222.35,214.0,215.05,3465992,1035785,38182
GABRIEL,26-JUL-2021,125.85,129.1,124.35,127.25,499091,201307,8147
GAEL,26-JUL-2021,185.5,193.0,185.4,187.35,893549,324542,13154
GAIL,26-JUL-2021,142.0,142.1,139.7,141.35,9261834,4590772,46717
GAL,26-JUL-2021,2.5,2.6,2.5,2.6,1583489,1305969,1196
GALAXYSURF,26-JUL-2021,3084.85,3109.2,3050.5,3073.65,17912,8695,3540
GALLANTT,26-JUL-2021,82.0,83.75,80.55,82.05,78846,41819,1786
GALLISPAT,26-JUL-2021,56.85,57.65,53.9,55.05,160090,93844,1617
GANDHITUBE,26-JUL-2021,470.0,479.95,470.0,475.6,15662,9518,1128
GANECOS,26-JUL-2021,508.9,509.35,500.85,503.85,8788,5791,594
GANESHHOUC,26-JUL-2021,109.9,115.95,108.15,113.2,32697,13314,708
GANGAFORGE,26-JUL-2021,111.0,111.0,108.45,110.25,66507,29933,335
GANGESSECU,26-JUL-2021,99.9,99.9,93.8,95.85,41627,23211,2306
GARFIBRES,26-JUL-2021,3550.0,3588.45,3445.0,3478.8,18273,9915,3712
GATI,26-JUL-2021,168.85,171.0,164.2,166.0,1088341,301531,13010
GAYAPROJ,26-JUL-2021,44.0,45.35,43.5,43.9,4958285,2772365,14909
GEECEE,26-JUL-2021,186.7,186.7,178.15,180.05,18522,11104,1111
GEEKAYWIRE,26-JUL-2021,96.1,111.0,95.6,107.35,459955,185622,4682
GENCON,26-JUL-2021,50.0,51.35,48.0,48.4,81798,49049,1098
GENESYS,26-JUL-2021,160.05,164.65,156.25,157.85,22006,13035,891
GENUSPOWER,26-JUL-2021,66.2,73.0,66.2,71.5,937079,444806,6926
GEOJITFSL,26-JUL-2021,93.0,93.9,91.9,92.4,606794,226210,5397
GEPIL,26-JUL-2021,326.0,339.0,323.7,334.3,322344,115217,11187
GESHIP,26-JUL-2021,353.2,371.05,353.2,370.15,461695,251931,11697
GET&D,26-JUL-2021,134.85,137.45,134.55,136.0,104156,43887,1878
GFLLIMITED,26-JUL-2021,69.15,72.0,68.6,70.8,351880,237954,4661
GFSTEELS,26-JUL-2021,3.75,3.75,3.75,3.75,231,231,4
GHCL,26-JUL-2021,306.2,318.85,305.1,313.8,595310,352081,9813
GICHSGFIN,26-JUL-2021,174.35,181.1,173.05,177.05,403050,105723,6629
GICRE,26-JUL-2021,174.5,180.8,173.0,174.8,1835142,541143,29247
GILLETTE,26-JUL-2021,6081.05,6189.95,6054.95,6088.05,6705,3766,1738
GINNIFILA,26-JUL-2021,38.5,40.05,38.25,38.8,292337,221217,1491
GIPCL,26-JUL-2021,105.0,105.7,101.15,101.9,4435482,1967997,36988
GKWLIMITED,26-JUL-2021,738.0,738.0,684.55,698.4,1517,744,398
GLAND,26-JUL-2021,4012.0,4080.0,3963.25,4019.25,202117,97496,23835
GLAXO,26-JUL-2021,1700.0,1745.0,1670.1,1728.4,258069,72359,17118
GLENMARK,26-JUL-2021,650.05,650.05,623.0,626.4,3009500,1058277,75405
GLFL,26-JUL-2021,2.85,2.85,2.85,2.85,2127,2127,8
GLOBAL,26-JUL-2021,49.2,49.2,47.45,47.75,4627,1970,134
GLOBALVECT,26-JUL-2021,57.55,61.0,55.85,59.4,71131,26825,904
GMBREW,26-JUL-2021,598.7,615.0,593.1,608.05,76226,35648,3985
GMDCLTD,26-JUL-2021,66.15,66.95,65.65,65.85,458677,205608,3644
GMMPFAUDLR,26-JUL-2021,4521.0,4613.85,4515.0,4571.55,17502,6710,4513
GMRINFRA,26-JUL-2021,28.6,28.85,28.0,28.25,29097889,11557753,42171
GNA,26-JUL-2021,565.0,574.9,546.55,550.3,818141,259919,34662
GNFC,26-JUL-2021,366.0,375.0,366.0,372.8,740756,404750,15884
GOACARBON,26-JUL-2021,400.0,419.45,400.0,419.45,49862,36757,2012
GOCLCORP,26-JUL-2021,268.65,272.7,264.3,265.05,26625,15763,907
GODFRYPHLP,26-JUL-2021,1055.0,1074.0,1051.1,1062.9,104453,38905,7282
GODREJAGRO,26-JUL-2021,649.65,660.0,644.0,654.85,307900,61284,8463
GODREJCP,26-JUL-2021,984.9,988.45,974.55,976.55,1069963,451156,35032
GODREJIND,26-JUL-2021,547.25,562.0,545.1,547.7,141234,73390,4964
GODREJPROP,26-JUL-2021,1557.05,1582.0,1535.05,1541.1,448253,68077,21981
GOKEX,26-JUL-2021,187.0,196.4,181.8,196.4,449152,256254,4540
GOKUL,26-JUL-2021,31.25,31.25,29.9,30.5,112668,69150,1003
GOKULAGRO,26-JUL-2021,41.55,42.25,40.9,41.05,201589,154104,1423
GOLDBEES,26-JUL-2021,42.0,42.0,41.26,41.4,2621876,1835962,27774
GOLDIAM,26-JUL-2021,584.0,600.0,584.0,597.55,95292,63131,5417
GOLDSHARE,26-JUL-2021,41.9,41.9,41.3,41.5,69931,60693,387
GOLDTECH,26-JUL-2021,13.35,13.95,13.35,13.95,92785,74235,331
GOODLUCK,26-JUL-2021,236.75,236.75,214.25,236.75,2465274,969698,14469
GOODYEAR,26-JUL-2021,1274.0,1275.0,1257.65,1269.25,41106,23420,3903
GPPL,26-JUL-2021,106.0,108.0,105.8,106.8,296683,160260,4834
GPTINFRA,26-JUL-2021,94.5,96.8,86.5,90.0,258832,133687,6993
GRANULES,26-JUL-2021,381.65,385.0,375.0,377.45,2600311,760133,29552
GRAPHITE,26-JUL-2021,664.05,667.75,652.2,657.65,467904,165754,15956
GRASIM,26-JUL-2021,1549.5,1566.25,1541.05,1550.25,1010876,493601,37640
GRAVITA,26-JUL-2021,176.0,182.0,176.0,179.0,217019,124836,3103
GREAVESCOT,26-JUL-2021,168.0,172.9,166.3,167.2,2549078,905196,27100
GREENLAM,26-JUL-2021,1353.4,1386.75,1344.65,1356.0,5451,2629,947
GREENPLY,26-JUL-2021,195.2,196.6,191.7,192.5,111234,55393,3264
GREENPOWER,26-JUL-2021,3.15,3.25,3.1,3.25,2841632,1786893,2131
GRINDWELL,26-JUL-2021,1258.0,1294.95,1235.6,1285.9,122795,68814,18087
GRINFRA,26-JUL-2021,1734.95,1734.95,1700.0,1706.8,189177,94334,14210
GROBTEA,26-JUL-2021,1230.0,1260.0,1212.1,1248.2,646,460,114
GRPLTD,26-JUL-2021,930.3,951.75,930.0,944.2,725,416,241
GRSE,26-JUL-2021,203.65,211.85,199.5,209.8,1344820,624559,15314
GSCLCEMENT,26-JUL-2021,50.35,52.9,49.7,52.25,650364,206475,5404
GSFC,26-JUL-2021,119.0,122.35,118.25,119.2,6325225,2581857,39426
GSPL,26-JUL-2021,346.9,353.2,338.35,340.55,1357924,521743,30050
GSS,26-JUL-2021,78.5,82.85,76.3,79.4,468946,183995,5499
GTNTEX,26-JUL-2021,10.0,10.25,10.0,10.25,9390,8760,23
GTPL,26-JUL-2021,186.5,187.8,184.35,186.2,106324,69329,2200
GUFICBIO,26-JUL-2021,182.0,184.95,181.25,184.25,133342,93723,3935
GUJALKALI,26-JUL-2021,465.9,488.9,464.65,477.1,1186804,387017,25490
GUJAPOLLO,26-JUL-2021,241.85,241.9,235.1,236.05,13650,8033,771
GUJGASLTD,26-JUL-2021,731.0,733.0,712.3,715.3,1403201,340823,43555
GULFOILLUB,26-JUL-2021,655.9,655.9,647.5,648.65,46696,32286,3619
GULFPETRO,26-JUL-2021,63.2,64.65,61.9,62.6,92085,52263,1225
HAL,26-JUL-2021,1105.5,1127.3,1097.7,1104.85,497481,250580,23993
HAPPSTMNDS,26-JUL-2021,1395.9,1396.5,1345.0,1350.25,1395743,678123,87290
HARRMALAYA,26-JUL-2021,221.9,229.3,219.0,222.1,268324,70044,11362
HATHWAY,26-JUL-2021,25.9,26.7,25.7,25.85,6482937,3076972,9704
HATSUN,26-JUL-2021,937.35,941.0,921.0,925.75,34665,15340,5009
HAVELLS,26-JUL-2021,1139.85,1169.8,1116.5,1162.3,2308489,583352,62485
HBANKETF,26-JUL-2021,347.9,350.66,346.89,347.25,2236,1289,108
HBLPOWER,26-JUL-2021,54.0,54.9,52.0,52.9,1174437,596088,7210
HBSL,26-JUL-2021,27.85,28.0,26.5,26.5,13411,11468,152
HCC,26-JUL-2021,12.2,12.3,12.0,12.15,3465796,2087640,3349
HCG,26-JUL-2021,226.6,227.85,221.5,224.8,118827,48810,5976
HCL-INSYS,26-JUL-2021,15.4,15.45,14.75,14.85,740840,495614,3631
HCLTECH,26-JUL-2021,994.0,1004.0,987.25,1000.3,2477027,1426774,70649
HDFC,26-JUL-2021,2485.0,2485.0,2460.0,2464.3,1462225,954876,114366
HDFCAMC,26-JUL-2021,2899.6,2900.5,2860.3,2868.75,193067,112188,22284
HDFCBANK,26-JUL-2021,1430.0,1444.0,1428.1,1434.55,6583583,4980099,238911
HDFCLIFE,26-JUL-2021,665.0,665.4,660.35,663.1,2503714,1800211,59504
HDFCMFGETF,26-JUL-2021,42.43,42.85,42.35,42.47,328116,229028,978
HDFCNIFETF,26-JUL-2021,171.4,171.4,167.0,168.66,15211,8243,432
HDFCSENETF,26-JUL-2021,570.7,572.95,565.25,571.92,3509,1918,194
HEG,26-JUL-2021,2239.0,2261.0,2223.0,2228.25,101457,31112,7630
HEIDELBERG,26-JUL-2021,263.4,263.8,258.5,259.6,214978,106695,5255
HEMIPROP,26-JUL-2021,147.0,149.7,143.7,144.15,811516,459507,7167
HERANBA,26-JUL-2021,813.0,839.1,810.55,824.6,731744,271616,23196
HERCULES,26-JUL-2021,167.5,169.7,163.0,163.95,73019,36070,2590
HERITGFOOD,26-JUL-2021,463.8,471.55,460.7,464.25,79351,48497,3316
HEROMOTOCO,26-JUL-2021,2830.0,2833.85,2808.0,2810.25,313614,147363,30255
HESTERBIO,26-JUL-2021,2420.0,2420.0,2368.3,2380.2,7332,3613,1985
HEXATRADEX,26-JUL-2021,133.95,140.9,127.5,127.65,206576,135519,1124
HGINFRA,26-JUL-2021,483.85,523.0,482.95,506.9,897741,191144,33366
HIKAL,26-JUL-2021,519.0,527.6,518.0,520.8,268634,202248,12055
HIL,26-JUL-2021,4800.0,4850.0,4760.0,4826.1,20993,13275,4280
HILTON,26-JUL-2021,12.1,12.75,11.7,12.75,106381,86019,312
HINDALCO,26-JUL-2021,393.0,402.45,390.2,400.05,7083799,1524417,88455
HINDCOMPOS,26-JUL-2021,324.05,334.75,324.05,327.8,9948,3297,941
HINDCON,26-JUL-2021,81.9,81.9,75.0,75.4,198980,107481,2836
HINDCOPPER,26-JUL-2021,147.5,149.8,146.15,148.65,5336344,1831635,30278
HINDMOTORS,26-JUL-2021,8.05,8.2,7.85,8.05,167853,124019,694
HINDOILEXP,26-JUL-2021,121.0,122.8,119.05,119.6,637765,299070,4756
HINDPETRO,26-JUL-2021,276.1,278.2,271.35,273.55,3266613,2054190,35126
HINDUNILVR,26-JUL-2021,2357.25,2360.0,2338.0,2348.7,1311535,982271,79369
HINDZINC,26-JUL-2021,330.0,330.3,325.0,326.5,642013,279743,12440
HIRECT,26-JUL-2021,160.0,160.0,152.75,154.9,24482,14286,1319
HISARMETAL,26-JUL-2021,154.95,160.75,147.5,150.05,330964,107256,8940
HITECH,26-JUL-2021,621.2,637.8,610.15,616.1,83732,38963,1759
HITECHCORP,26-JUL-2021,244.8,261.35,237.0,261.35,93879,59392,1660
HITECHGEAR,26-JUL-2021,335.95,340.0,325.75,338.25,28333,17767,1757
HLEGLAS,26-JUL-2021,3560.0,3560.0,3440.0,3464.8,4164,2562,1011
HLVLTD,26-JUL-2021,9.7,9.9,9.55,9.65,187928,149551,558
HMVL,26-JUL-2021,90.0,90.6,87.1,87.45,234266,153781,3080
HNGSNGBEES,26-JUL-2021,359.0,359.0,345.0,346.11,6044,5382,434
HOMEFIRST,26-JUL-2021,551.9,565.95,548.85,560.6,99369,50529,6053
HONAUT,26-JUL-2021,42600.0,43944.0,42356.85,43528.25,2658,1662,1377
HONDAPOWER,26-JUL-2021,1264.0,1279.0,1252.75,1259.95,10548,6251,1465
HOVS,26-JUL-2021,86.5,86.5,79.0,86.45,355003,158609,3987
HPL,26-JUL-2021,83.45,85.25,82.8,83.25,286027,187408,3419
HSCL,26-JUL-2021,53.55,53.8,50.9,51.35,14407466,4884600,36986
HSIL,26-JUL-2021,278.7,284.5,268.55,276.3,533766,210189,12775
HTMEDIA,26-JUL-2021,31.65,32.9,31.2,31.45,605465,276166,3043
HUBTOWN,26-JUL-2021,31.3,31.3,31.3,31.3,144486,128945,231
HUDCO,26-JUL-2021,50.65,50.75,46.8,47.3,5466768,2687478,16000
HUHTAMAKI,26-JUL-2021,315.7,316.0,309.3,310.7,63807,30841,2876
IBMFNIFTY,26-JUL-2021,159.5,167.98,156.0,156.93,2087,638,199
IBREALEST,26-JUL-2021,168.9,174.75,159.0,160.35,19291096,7724290,112636
IBULHSGFIN,26-JUL-2021,284.0,297.8,283.0,285.15,39988986,11297214,251192
ICEMAKE,26-JUL-2021,90.0,90.0,85.9,86.45,27910,20315,684
ICICI500,26-JUL-2021,226.25,226.98,222.25,225.55,2611,2394,236
ICICIALPLV,26-JUL-2021,165.48,169.0,162.5,165.76,21814,14544,441
ICICIB22,26-JUL-2021,39.13,40.69,39.13,40.29,320227,266301,3311
ICICIBANK,26-JUL-2021,680.0,687.75,663.6,676.75,31054759,12813635,337432
ICICIBANKN,26-JUL-2021,348.98,349.46,345.65,347.67,10923,4789,343
ICICIBANKP,26-JUL-2021,184.5,184.5,180.0,180.49,19125,9217,120
ICICIGI,26-JUL-2021,1495.0,1497.7,1452.0,1455.95,823269,540080,45593
ICICIGOLD,26-JUL-2021,41.58,42.84,41.58,42.4,224317,179212,2062
ICICILIQ,26-JUL-2021,1000.0,1000.0,999.5,999.99,24860,19507,159
ICICILOVOL,26-JUL-2021,134.8,134.8,125.7,131.88,222091,184828,1509
ICICIM150,26-JUL-2021,105.0,106.68,105.0,105.22,12786,7754,635
ICICIMCAP,26-JUL-2021,97.7,97.7,95.5,96.78,14225,6834,356
ICICINF100,26-JUL-2021,174.25,175.99,173.51,174.47,3345,2796,498
ICICINIFTY,26-JUL-2021,179.7,179.7,168.0,169.15,166218,140864,6524
ICICINV20,26-JUL-2021,97.5,97.5,78.5,86.04,20850,13317,1793
ICICINXT50,26-JUL-2021,40.49,40.49,39.52,39.97,39448,22150,1301
ICICIPHARM,26-JUL-2021,88.33,90.2,88.33,90.16,105670,104224,150
ICICIPRULI,26-JUL-2021,644.45,650.0,639.25,646.8,991364,503428,32884
ICICISENSX,26-JUL-2021,577.9,577.9,571.0,571.66,1213,839,81
ICICITECH,26-JUL-2021,330.0,330.0,300.2,304.09,79219,78259,187
ICIL,26-JUL-2021,225.3,254.4,225.3,247.75,1789415,824092,25969
ICRA,26-JUL-2021,3839.0,3839.0,3731.1,3782.3,7595,2160,2055
IDBI,26-JUL-2021,37.4,38.5,37.25,38.2,10316444,3644752,16563
IDBIGOLD,26-JUL-2021,4395.0,4428.95,4395.0,4410.0,60,37,27
IDEA,26-JUL-2021,8.35,8.5,8.1,8.3,219484526,86105977,170766
IDFC,26-JUL-2021,58.45,58.5,56.25,57.25,5287695,2168472,13253
IDFCFIRSTB,26-JUL-2021,51.15,51.6,50.55,51.2,29656773,7355393,54995
IDFNIFTYET,26-JUL-2021,169.5,169.5,163.95,166.0,506,308,24
IEX,26-JUL-2021,444.85,450.9,438.0,439.75,2335066,727603,47035
IFBAGRO,26-JUL-2021,603.6,617.0,596.0,597.65,24397,13365,2410
IFBIND,26-JUL-2021,1058.0,1058.0,1033.0,1040.5,21052,9260,2397
IFCI,26-JUL-2021,14.3,14.45,13.8,13.95,2842893,1779370,4838
IFGLEXPOR,26-JUL-2021,392.1,407.0,390.0,392.3,39293,21307,2578
IGARASHI,26-JUL-2021,546.0,554.0,532.5,534.0,124559,45139,6825
IGL,26-JUL-2021,538.0,548.65,534.85,546.95,6535919,5207650,35728
IGPL,26-JUL-2021,687.0,704.9,680.05,695.05,59567,32190,3691
IIFLSEC,26-JUL-2021,114.1,114.7,107.0,107.85,1085634,630174,10332
IIFLWAM,26-JUL-2021,1301.0,1340.0,1301.0,1316.65,32209,17656,6386
IITL,26-JUL-2021,73.95,74.9,70.6,70.65,4952,3486,87
IMAGICAA,26-JUL-2021,8.6,8.85,8.4,8.85,175202,142784,350
IMFA,26-JUL-2021,789.0,793.0,760.0,770.8,328194,169425,16554
IMPAL,26-JUL-2021,763.0,775.0,763.0,768.8,2932,2087,188
INDBANK,26-JUL-2021,32.05,33.15,30.55,30.65,189826,110082,1527
INDHOTEL,26-JUL-2021,147.9,147.9,145.0,146.35,1759557,807145,12613
INDIACEM,26-JUL-2021,198.0,200.9,195.0,196.95,2846935,490735,22019
INDIAGLYCO,26-JUL-2021,695.0,712.9,688.2,699.05,251263,67591,11077
INDIAMART,26-JUL-2021,7220.0,7327.4,7208.0,7286.85,94344,51939,17726
INDIANB,26-JUL-2021,141.0,141.2,139.2,139.6,1715087,771492,14700
INDIANCARD,26-JUL-2021,221.0,223.95,212.3,213.9,10668,6572,774
INDIANHUME,26-JUL-2021,226.4,236.95,225.85,231.95,134055,62312,5316
INDIGO,26-JUL-2021,1727.0,1763.95,1721.0,1740.3,743650,215738,33591
INDIGOPNTS,26-JUL-2021,2599.0,2629.4,2580.15,2594.05,24760,11049,5676
INDLMETER,26-JUL-2021,13.55,14.4,13.45,14.25,178366,113593,420
INDNIPPON,26-JUL-2021,397.0,424.4,385.05,415.8,631188,220650,17688
INDOCO,26-JUL-2021,445.1,449.95,438.0,439.2,107452,44136,5541
INDOSTAR,26-JUL-2021,348.5,353.9,344.35,348.25,136250,114184,3321
INDOTHAI,26-JUL-2021,66.0,68.5,65.3,68.5,13170,11893,97
INDRAMEDCO,26-JUL-2021,82.55,86.3,82.55,83.3,922193,225264,7524
INDSWFTLAB,26-JUL-2021,109.5,109.5,101.5,103.9,912338,356825,13277
INDTERRAIN,26-JUL-2021,43.9,44.9,42.5,44.3,160969,103767,1202
INDUSINDBK,26-JUL-2021,989.3,996.65,978.3,981.3,2335433,781697,58743
INDUSTOWER,26-JUL-2021,220.5,226.65,220.1,224.2,3925534,888808,40438
INEOSSTYRO,26-JUL-2021,1402.9,1446.45,1402.9,1425.6,38664,26784,3761
INFIBEAM,26-JUL-2021,45.05,46.5,45.0,45.55,6806836,4177506,14531
INFRABEES,26-JUL-2021,462.11,463.63,459.09,461.11,1184,916,106
INFY,26-JUL-2021,1594.1,1611.65,1594.1,1603.9,4586710,2899200,128901
INGERRAND,26-JUL-2021,1017.0,1019.95,997.2,1005.65,13798,5982,1474
INOXLEISUR,26-JUL-2021,304.5,313.4,302.0,302.95,758198,213820,12987
INOXWIND,26-JUL-2021,101.85,118.3,101.85,110.85,1177772,617180,14026
INSECTICID,26-JUL-2021,758.0,769.25,751.0,755.65,35378,18997,2880
INTELLECT,26-JUL-2021,855.7,892.0,826.2,843.45,1174196,444471,40284
INTENTECH,26-JUL-2021,106.45,106.5,99.0,99.0,402448,273853,2888
INVENTURE,26-JUL-2021,3.8,3.9,3.55,3.6,23715818,12745868,8325
IOB,26-JUL-2021,25.75,25.75,24.8,24.9,7855559,2811585,14288
IOC,26-JUL-2021,106.0,106.25,104.5,104.65,7291715,3856525,44756
IOLCP,26-JUL-2021,668.95,715.8,665.0,691.15,2534030,640923,69932
IPCALAB,26-JUL-2021,2203.65,2239.0,2190.0,2225.9,162631,110373,17034
IPL,26-JUL-2021,343.3,347.9,338.15,341.45,896628,416286,21013
IRB,26-JUL-2021,172.0,172.65,160.0,163.15,1935916,639950,19200
IRCON,26-JUL-2021,44.75,45.4,44.65,44.8,2094844,993229,9671
IRCTC,26-JUL-2021,2334.5,2365.0,2302.05,2313.3,1306299,379754,70418
IRFC,26-JUL-2021,23.25,23.4,23.2,23.25,7567068,3754067,23385
ISEC,26-JUL-2021,729.8,734.95,705.55,713.05,518848,195881,20496
ISFT,26-JUL-2021,113.1,113.9,108.2,110.0,41645,31077,936
ISGEC,26-JUL-2021,780.0,792.4,777.0,780.45,77961,29659,3919
ITC,26-JUL-2021,214.0,215.35,210.8,211.15,47263771,19514256,276749
ITDC,26-JUL-2021,393.25,399.8,391.55,395.2,30568,10739,1911
ITDCEM,26-JUL-2021,89.95,91.4,85.25,86.5,723948,375042,7021
ITI,26-JUL-2021,127.3,129.15,126.4,126.8,371521,142296,4346
IVC,26-JUL-2021,7.35,7.55,7.2,7.55,714693,552856,1112
IVP,26-JUL-2021,140.65,143.85,134.0,134.65,8236,6832,387
IVZINGOLD,26-JUL-2021,4286.5,4320.0,4286.5,4310.0,90,45,15
IZMO,26-JUL-2021,113.4,117.05,112.4,117.05,181739,144168,1355
J&KBANK,26-JUL-2021,38.0,40.8,37.55,39.8,13003564,3801668,29407
JAGRAN,26-JUL-2021,63.65,67.85,63.3,67.45,1099165,357412,7696
JAGSNPHARM,26-JUL-2021,167.8,174.9,165.1,171.55,125114,73023,3801
JAIBALAJI,26-JUL-2021,61.2,63.85,61.05,61.65,87073,51056,1307
JAICORPLTD,26-JUL-2021,157.5,160.3,156.3,157.75,1014212,261196,8618
JAMNAAUTO,26-JUL-2021,86.25,87.6,84.9,85.15,437736,251398,5125
JASH,26-JUL-2021,555.0,578.95,552.9,571.65,28042,17106,1478
JAYAGROGN,26-JUL-2021,266.6,307.1,266.6,293.6,1421515,344521,36689
JAYBARMARU,26-JUL-2021,212.0,225.95,210.3,221.6,145131,71351,5409
JAYSREETEA,26-JUL-2021,122.45,129.25,121.0,122.0,707113,293187,11418
JBCHEPHARM,26-JUL-2021,1818.55,1843.45,1790.0,1794.1,64661,31326,5573
JBMA,26-JUL-2021,493.0,508.0,473.5,476.75,161746,74137,7818
JCHAC,26-JUL-2021,2262.0,2295.75,2260.05,2275.25,8716,4188,2111
JHS,26-JUL-2021,26.15,26.55,24.6,25.15,137619,85464,1012
JINDALPHOT,26-JUL-2021,72.0,73.9,72.0,73.15,3319,2336,110
JINDALPOLY,26-JUL-2021,1051.0,1062.45,1015.2,1025.65,143798,58262,9040
JINDALSAW,26-JUL-2021,129.65,134.95,129.35,131.85,3291939,744611,22832
JINDALSTEL,26-JUL-2021,437.45,437.45,402.35,403.8,24514886,5882067,181933
JINDRILL,26-JUL-2021,134.9,142.7,131.85,136.8,153673,83521,3907
JINDWORLD,26-JUL-2021,78.1,80.0,76.25,77.2,394002,74103,5622
JISLDVREQS,26-JUL-2021,20.7,21.6,20.05,21.05,52418,30914,434
JISLJALEQS,26-JUL-2021,32.95,33.6,31.9,32.45,2553216,1378610,5576
JKCEMENT,26-JUL-2021,3100.0,3144.95,3078.45,3113.8,25678,9789,4687
JKIL,26-JUL-2021,217.15,232.0,213.85,223.15,1195869,468647,21697
JKLAKSHMI,26-JUL-2021,708.0,718.0,697.05,711.0,570334,216671,25273
JKPAPER,26-JUL-2021,217.0,223.0,214.8,221.85,1163005,299607,14418
JKTYRE,26-JUL-2021,143.0,143.6,140.7,141.5,491821,199722,6914
JMA,26-JUL-2021,66.0,67.0,63.9,65.25,36256,25071,677
JMCPROJECT,26-JUL-2021,120.95,122.05,118.95,121.05,115694,58366,2921
JMFINANCIL,26-JUL-2021,102.6,108.4,102.1,106.45,8255469,2969229,38455
JMTAUTOLTD,26-JUL-2021,3.0,3.15,3.0,3.05,1044090,647709,977
JOCIL,26-JUL-2021,245.0,279.95,245.0,279.95,1312658,300205,25649
JPINFRATEC,26-JUL-2021,2.0,2.2,2.0,2.2,34067646,13980822,8600
JPPOWER,26-JUL-2021,5.15,5.5,5.1,5.4,67332142,32274106,33945
JSL,26-JUL-2021,160.8,165.7,148.05,152.45,19964587,5964915,144436
JSLHISAR,26-JUL-2021,272.5,294.0,267.8,271.4,4951867,1243431,61341
JSWENERGY,26-JUL-2021,240.95,255.0,232.45,241.05,9028915,3431083,83586
JSWHL,26-JUL-2021,4995.0,4995.0,4787.85,4818.8,774,475,213
JSWSTEEL,26-JUL-2021,729.5,729.5,701.0,704.55,14645713,2409160,204671
JTEKTINDIA,26-JUL-2021,110.2,112.35,108.3,109.0,184355,72859,4003
JUBLFOOD,26-JUL-2021,3500.0,3620.15,3490.0,3559.5,870977,144036,59728
JUBLINDS,26-JUL-2021,374.8,397.9,374.8,383.2,129981,73711,4793
JUBLINGREA,26-JUL-2021,636.6,649.8,626.0,628.65,2362885,1086130,53780
JUBLPHARMA,26-JUL-2021,715.0,715.0,684.0,694.35,742673,359240,21067
JUMPNET,26-JUL-2021,10.1,10.4,9.9,9.9,1481273,789671,2395
JUNIORBEES,26-JUL-2021,414.0,414.0,403.0,412.14,69573,41597,7534
JUSTDIAL,26-JUL-2021,969.5,982.0,952.6,964.7,2455910,607497,63706
JYOTHYLAB,26-JUL-2021,171.5,174.75,171.5,173.35,326225,158769,5397
KABRAEXTRU,26-JUL-2021,232.9,234.6,226.1,226.9,201724,101128,11136
KAJARIACER,26-JUL-2021,997.8,1007.75,995.4,1004.65,171784,138139,8455
KAKATCEM,26-JUL-2021,256.4,266.0,253.75,259.75,39830,21488,1586
KALPATPOWR,26-JUL-2021,476.0,479.35,471.1,474.75,164284,103318,11064
KALYANKJIL,26-JUL-2021,71.5,74.15,71.3,72.1,1255438,396281,11305
KAMATHOTEL,26-JUL-2021,49.6,50.15,47.95,48.2,28503,18871,408
KAMDHENU,26-JUL-2021,175.0,179.7,173.8,175.2,66892,32977,2359
KANORICHEM,26-JUL-2021,176.7,181.85,174.0,180.5,60820,45643,857
KANPRPLA,26-JUL-2021,273.5,292.4,271.95,288.9,107707,62504,4464
KANSAINER,26-JUL-2021,628.0,628.0,615.0,617.95,186318,107887,8181
KARMAENG,26-JUL-2021,24.8,24.8,22.5,24.35,36425,24706,414
KARURVYSYA,26-JUL-2021,49.8,50.0,49.45,49.55,758341,426065,4359
KAUSHALYA,26-JUL-2021,2.85,2.85,2.85,2.85,22970,22970,21
KAVVERITEL,26-JUL-2021,2.1,2.1,2.1,2.1,8,8,1
KAYA,26-JUL-2021,501.55,519.0,500.45,503.95,40403,21666,1957
KCP,26-JUL-2021,162.75,162.75,158.0,158.95,337407,233979,5538
KCPSUGIND,26-JUL-2021,26.3,27.0,25.85,26.15,475780,184405,1831
KDDL,26-JUL-2021,351.05,366.0,341.8,362.0,6767,4380,371
KEC,26-JUL-2021,431.0,436.0,424.1,426.75,189369,89747,6306
KECL,26-JUL-2021,19.95,20.35,19.0,19.05,153957,116374,1026
KEERTI,26-JUL-2021,20.15,20.15,19.3,19.6,23251,16992,199
KEI,26-JUL-2021,711.0,728.0,711.0,715.9,232509,157079,10467
KELLTONTEC,26-JUL-2021,60.15,60.5,56.0,57.8,2454378,1279701,16611
KENNAMET,26-JUL-2021,1290.0,1307.6,1250.0,1257.6,7876,4283,1074
KESORAMIND,26-JUL-2021,92.5,98.4,91.8,94.1,3048355,1284628,21722
KEYFINSERV,26-JUL-2021,78.65,78.65,75.4,76.95,6227,2117,228
KHADIM,26-JUL-2021,292.0,296.0,288.1,291.7,57865,24222,2278
KHAICHEM,26-JUL-2021,69.45,69.65,65.7,68.65,219224,139152,3404
KHANDSE,26-JUL-2021,19.05,19.05,17.3,18.2,7353,5856,125
KICL,26-JUL-2021,2040.05,2055.0,2022.0,2030.25,1587,997,482
KILITCH,26-JUL-2021,194.9,199.05,183.0,199.05,71840,50221,801
KIMS,26-JUL-2021,1215.0,1232.7,1146.7,1196.25,1673782,1176567,58567
KINGFA,26-JUL-2021,1210.0,1213.95,1145.6,1149.7,5339,3314,632
KIOCL,26-JUL-2021,261.25,274.3,260.0,274.3,85904,65695,1724
KIRIINDUS,26-JUL-2021,579.75,593.5,576.95,583.4,355075,100185,10631
KIRLFER,26-JUL-2021,278.2,302.4,278.2,293.6,1726483,569096,36378
KIRLOSENG,26-JUL-2021,269.75,274.3,261.15,263.7,233257,82783,8870
KIRLOSIND,26-JUL-2021,1700.0,1711.1,1671.1,1688.95,7159,5714,776
KITEX,26-JUL-2021,175.0,179.65,175.0,175.75,485382,187271,9319
KKCL,26-JUL-2021,924.95,924.95,900.0,907.2,3259,1124,1076
KMSUGAR,26-JUL-2021,31.85,31.85,30.2,30.55,488700,223041,2539
KNRCON,26-JUL-2021,268.75,272.7,266.45,270.8,657289,374004,15458
KOKUYOCMLN,26-JUL-2021,73.3,74.65,72.6,72.8,475130,146428,6995
KOLTEPATIL,26-JUL-2021,230.55,244.0,229.15,241.0,1217876,521725,23922
KOTAKBANK,26-JUL-2021,1711.6,1750.0,1673.35,1740.6,3939095,1485495,128869
KOTAKBKETF,26-JUL-2021,399.3,399.3,350.5,352.36,120531,19240,627
KOTAKGOLD,26-JUL-2021,41.85,42.1,41.5,41.8,268221,201409,1082
KOTAKIT,26-JUL-2021,30.02,30.52,29.0,30.02,30645,13666,175
KOTAKNIFTY,26-JUL-2021,166.8,168.0,165.91,166.22,114267,43640,638
KOTAKNV20,26-JUL-2021,79.8,88.7,79.8,88.16,10968,7920,279
KOTAKPSUBK,26-JUL-2021,239.99,240.0,236.05,236.48,4220,1747,97
KOTARISUG,26-JUL-2021,37.15,39.4,37.15,38.3,237886,114700,1629
KOTHARIPET,26-JUL-2021,42.8,46.0,42.0,44.3,555733,314090,3576
KPITTECH,26-JUL-2021,288.0,310.75,288.0,294.75,2481569,1067263,47800
KPRMILL,26-JUL-2021,1847.0,1899.0,1810.0,1868.45,76565,46687,11861
KRBL,26-JUL-2021,280.5,284.2,276.0,276.7,692244,218110,15348
KREBSBIO,26-JUL-2021,116.5,125.85,113.6,123.35,185301,86441,3565
KRIDHANINF,26-JUL-2021,6.05,6.05,5.7,5.85,138152,104898,250
KRISHANA,26-JUL-2021,135.0,139.6,126.95,139.6,148659,88804,1905
KSB,26-JUL-2021,1028.0,1099.7,1026.2,1070.15,101211,23044,6104
KSCL,26-JUL-2021,700.8,708.5,680.65,700.75,212487,96244,10137
KSL,26-JUL-2021,443.0,449.9,437.1,439.0,405694,196450,14863
KTKBANK,26-JUL-2021,60.5,61.05,59.3,59.8,1042938,630961,5878
KUANTUM,26-JUL-2021,84.7,86.0,82.45,83.55,111128,59077,2359
L&TFH,26-JUL-2021,88.4,89.4,87.5,87.7,7964969,2387713,27343
LALPATHLAB,26-JUL-2021,3465.0,3591.95,3445.15,3534.55,603452,65096,44553
LAOPALA,26-JUL-2021,274.7,279.9,271.55,275.15,181200,93563,5621
LASA,26-JUL-2021,79.5,80.8,70.0,71.3,2115206,1236086,23630
LAURUSLABS,26-JUL-2021,649.0,668.6,640.0,651.15,2903889,1055657,58933
LAXMIMACH,26-JUL-2021,7732.0,7800.0,7600.0,7636.6,10798,6580,3288
LCCINFOTEC,26-JUL-2021,1.85,1.9,1.8,1.8,270713,217873,206
LEMONTREE,26-JUL-2021,40.75,40.95,40.15,40.25,1656904,677260,7728
LFIC,26-JUL-2021,84.5,84.5,80.55,82.1,1666,853,111
LGBBROSLTD,26-JUL-2021,478.85,508.1,474.9,485.3,301490,130599,12759
LIBAS,26-JUL-2021,72.25,72.8,68.7,69.35,346032,124769,2683
LIBERTSHOE,26-JUL-2021,186.45,188.35,183.5,184.65,719994,189317,11883
LICHSGFIN,26-JUL-2021,454.0,455.95,441.0,442.65,2959560,1397689,53110
LICNETFGSC,26-JUL-2021,22.13,22.13,21.92,21.95,1727,980,101
LICNETFN50,26-JUL-2021,201.75,201.75,201.75,201.75,130,130,20
LICNETFSEN,26-JUL-2021,559.2,564.97,558.12,559.8,85,61,43
LICNFNHGP,26-JUL-2021,164.3,165.0,161.25,162.96,302,183,61
LIKHITHA,26-JUL-2021,410.0,411.65,403.0,403.85,81157,24915,4632
LINCOLN,26-JUL-2021,372.75,379.0,365.7,369.75,234744,39632,10381
LINCPEN,26-JUL-2021,204.0,208.0,204.0,205.2,7040,5516,200
LINDEINDIA,26-JUL-2021,1641.0,1755.0,1641.0,1748.2,395261,329690,12181
LIQUIDBEES,26-JUL-2021,998.16,1002.38,998.16,999.99,750708,633216,5590
LIQUIDETF,26-JUL-2021,999.99,1000.01,999.99,999.99,12755,9916,70
LODHA,26-JUL-2021,841.95,854.8,832.2,843.45,290239,143253,9051
LOKESHMACH,26-JUL-2021,44.1,45.5,43.8,44.95,53871,51543,312
LOVABLE,26-JUL-2021,117.0,119.65,115.0,116.0,31355,19564,987
LT,26-JUL-2021,1611.75,1627.3,1592.8,1597.6,2219416,1237923,108930
LTI,26-JUL-2021,4372.0,4400.0,4314.7,4351.4,123859,36367,13612
LTTS,26-JUL-2021,3490.0,3495.0,3429.6,3443.35,210277,78946,20505
LUMAXIND,26-JUL-2021,1476.0,1519.0,1475.0,1495.3,4773,3261,936
LUMAXTECH,26-JUL-2021,168.0,168.55,162.7,163.85,172637,94525,4814
LUPIN,26-JUL-2021,1178.0,1191.5,1168.4,1171.75,756766,272619,20709
LUXIND,26-JUL-2021,4081.0,4298.95,4081.0,4238.3,103839,63028,14232
LXCHEM,26-JUL-2021,266.0,266.0,251.85,257.1,3098406,1403026,40686
LYKALABS,26-JUL-2021,63.85,65.6,62.15,65.6,463111,418682,1403
LYPSAGEMS,26-JUL-2021,5.6,5.6,5.35,5.35,68183,43849,154
M&M,26-JUL-2021,763.0,764.1,752.5,754.3,1187498,577874,63751
M&MFIN,26-JUL-2021,154.1,156.85,143.2,146.3,23473563,6541216,116619
MACPOWER,26-JUL-2021,146.6,146.6,140.25,140.8,28858,11982,394
MADHAV,26-JUL-2021,66.4,68.9,64.75,65.25,71405,32208,1623
MADHUCON,26-JUL-2021,7.1,7.1,6.75,6.75,52501,42841,141
MADRASFERT,26-JUL-2021,30.15,32.1,29.9,31.65,298741,158244,2012
MAESGETF,26-JUL-2021,27.85,27.85,26.53,26.9,8826,4564,79
MAFANG,26-JUL-2021,54.26,54.8,54.2,54.38,244697,217122,2048
MAGADSUGAR,26-JUL-2021,342.0,343.0,330.8,331.8,27740,10256,1543
MAHABANK,26-JUL-2021,23.4,23.4,22.6,22.75,3556076,1925291,7287
MAHASTEEL,26-JUL-2021,108.9,119.0,106.35,115.6,582238,271004,10573
MAHEPC,26-JUL-2021,148.1,149.9,145.5,145.95,192511,100531,4718
MAHESHWARI,26-JUL-2021,107.45,109.45,96.55,105.55,41632,20219,652
MAHINDCIE,26-JUL-2021,250.0,280.7,244.05,268.45,5645338,1271227,76688
MAHLIFE,26-JUL-2021,721.0,733.0,710.1,725.15,197066,160522,6588
MAHLOG,26-JUL-2021,595.95,618.0,590.0,601.5,316928,122936,18311
MAHSCOOTER,26-JUL-2021,4131.95,4250.0,4125.0,4165.65,57644,22222,9025
MAHSEAMLES,26-JUL-2021,308.0,314.0,304.05,310.75,102857,39491,5088
MAITHANALL,26-JUL-2021,1090.0,1157.2,1090.0,1102.9,339544,108808,19400
MAJESCO,26-JUL-2021,93.0,94.5,92.0,93.05,521181,340117,5446
MALUPAPER,26-JUL-2021,36.9,36.9,35.6,36.05,34050,23343,654
MAN50ETF,26-JUL-2021,173.6,173.6,162.42,162.95,202690,201180,134
MANAKALUCO,26-JUL-2021,18.2,18.2,17.3,17.85,22974,17308,344
MANAKCOAT,26-JUL-2021,13.65,14.25,13.15,13.25,41110,33742,241
MANAKSIA,26-JUL-2021,71.0,71.75,69.1,69.75,108913,57033,1964
MANAKSTEEL,26-JUL-2021,35.4,35.85,34.15,35.85,149069,141135,366
MANAPPURAM,26-JUL-2021,195.0,197.05,191.5,194.35,7248790,2048789,33921
MANGALAM,26-JUL-2021,170.0,192.5,166.15,188.5,1945946,498282,32136
MANGCHEFER,26-JUL-2021,82.55,86.1,82.55,83.55,316434,159083,4667
MANGLMCEM,26-JUL-2021,451.15,464.5,440.0,448.55,311973,102272,13168
MANINDS,26-JUL-2021,126.6,129.6,124.3,128.5,1186428,544039,11270
MANINFRA,26-JUL-2021,65.5,69.7,65.0,68.4,4121472,1937344,15754
MANUGRAPH,26-JUL-2021,14.4,14.45,13.95,14.15,14102,7365,125
MANXT50,26-JUL-2021,406.21,406.21,388.0,392.68,15132,14769,41
MARALOVER,26-JUL-2021,67.25,74.05,67.05,74.0,189423,132723,2680
MARATHON,26-JUL-2021,82.8,82.8,76.5,77.3,59529,38530,1194
MARICO,26-JUL-2021,533.9,540.8,532.1,537.0,1573841,695646,29295
MARINE,26-JUL-2021,54.5,55.8,52.5,53.1,1325234,596479,7678
MARKSANS,26-JUL-2021,86.7,87.75,85.3,85.75,2078625,706726,12286
MARUTI,26-JUL-2021,7307.0,7360.0,7180.0,7235.8,431758,207254,60183
MASFIN,26-JUL-2021,824.3,824.35,791.05,796.8,62886,32099,4001
MASTEK,26-JUL-2021,2715.0,2721.0,2652.0,2671.1,106150,46969,11396
MATRIMONY,26-JUL-2021,1059.6,1130.05,1059.6,1072.3,398295,297073,13261
MAXHEALTH,26-JUL-2021,279.95,280.0,273.5,275.85,827280,596290,24417
MAXIND,26-JUL-2021,73.55,73.6,72.5,72.6,225240,141194,1777
MAXVIL,26-JUL-2021,89.35,93.75,85.5,86.55,1426467,663500,14940
MAYURUNIQ,26-JUL-2021,488.5,488.5,484.25,485.7,45362,26463,2194
MAZDA,26-JUL-2021,621.0,621.0,602.95,604.0,2766,1419,420
MAZDOCK,26-JUL-2021,263.35,264.4,257.0,257.95,559529,194920,9154
MBAPL,26-JUL-2021,135.0,135.5,127.1,134.9,25945,18907,1042
MBLINFRA,26-JUL-2021,23.95,23.95,22.8,23.55,140670,88965,337
MCDHOLDING,26-JUL-2021,57.0,57.0,55.5,55.75,20530,13528,370
MCDOWELL-N,26-JUL-2021,690.0,690.0,654.1,657.65,3710716,1153802,79124
MCL,26-JUL-2021,46.5,51.8,42.75,51.1,1381002,432971,8695
MCLEODRUSS,26-JUL-2021,30.5,31.0,29.3,30.1,1071462,593276,3162
MCX,26-JUL-2021,1617.95,1724.0,1596.4,1695.25,1076615,175680,50057
MENONBE,26-JUL-2021,86.8,86.8,81.8,83.7,111248,61358,3205
MEP,26-JUL-2021,24.45,25.0,23.35,23.55,326776,196517,1059
METROPOLIS,26-JUL-2021,2851.7,2949.0,2822.85,2895.4,300375,59210,25275
MFSL,26-JUL-2021,1078.0,1125.0,1063.0,1116.5,888681,330563,42330
MGEL,26-JUL-2021,55.3,56.0,54.2,55.15,61797,49713,324
MGL,26-JUL-2021,1144.0,1150.0,1136.3,1139.1,182190,70400,11143
MHRIL,26-JUL-2021,324.95,329.95,315.0,318.9,587487,170444,11609
MIDHANI,26-JUL-2021,200.5,201.75,197.5,197.9,416686,176727,6472
MINDACORP,26-JUL-2021,132.8,136.8,132.15,133.65,514350,106434,12493
MINDAIND,26-JUL-2021,740.6,759.3,730.1,756.1,481975,203480,14616
MINDTECK,26-JUL-2021,108.5,108.5,108.5,108.5,52435,47310,661
MINDTREE,26-JUL-2021,2724.8,2754.0,2712.5,2721.3,406600,101628,27909
MIRZAINT,26-JUL-2021,65.6,68.7,63.75,66.8,13794231,4784396,61249
MITTAL,26-JUL-2021,12.1,12.4,11.8,12.05,37152,23832,208
MMFL,26-JUL-2021,718.0,744.0,718.0,725.35,30914,25920,932
MMP,26-JUL-2021,138.8,150.8,138.25,146.45,487065,161149,11455
MMTC,26-JUL-2021,48.7,48.75,47.35,47.6,2631927,819723,10684
MODISNME,26-JUL-2021,87.0,89.35,87.0,87.7,122007,63098,2193
MOGSEC,26-JUL-2021,48.39,48.43,48.33,48.43,261,220,9
MOIL,26-JUL-2021,183.45,183.45,179.3,180.1,245521,120727,4660
MOKSH,26-JUL-2021,27.8,28.5,27.0,28.45,1001280,679594,924
MOLDTKPAC,26-JUL-2021,530.0,535.45,518.55,520.5,63493,43201,4145
MOM100,26-JUL-2021,29.45,29.45,28.71,28.97,77994,49273,2663
MOM50,26-JUL-2021,157.0,157.65,156.27,156.93,448,368,55
MON100,26-JUL-2021,111.5,111.5,110.62,110.85,558273,427780,5078
MONTECARLO,26-JUL-2021,350.65,357.95,346.1,347.1,27365,16312,1833
MORARJEE,26-JUL-2021,19.0,19.25,18.4,18.5,19712,12982,155
MOREPENLAB,26-JUL-2021,65.6,68.2,64.5,66.75,2729457,1303811,13583
MOTHERSUMI,26-JUL-2021,235.7,235.7,230.1,230.6,7180091,3439207,74231
MOTILALOFS,26-JUL-2021,1061.6,1084.0,1050.0,1069.95,680623,170650,33172
MOTOGENFIN,26-JUL-2021,22.0,23.35,22.0,23.1,14024,7294,137
MPHASIS,26-JUL-2021,2512.0,2634.7,2473.95,2589.15,1525148,395240,92348
MPSLTD,26-JUL-2021,621.0,682.2,621.0,675.0,82640,49433,6007
MRF,26-JUL-2021,81349.0,81599.55,80700.0,80917.75,5993,1630,4279
MRO-TEK,26-JUL-2021,33.95,34.6,33.6,33.65,2086,1816,29
MRPL,26-JUL-2021,45.55,45.65,44.05,44.75,1856205,719172,7136
MSPL,26-JUL-2021,11.0,11.0,10.65,10.8,176974,137346,374
MSTCLTD,26-JUL-2021,299.4,299.85,290.5,294.9,225268,106800,5928
MTARTECH,26-JUL-2021,1473.0,1484.05,1438.95,1444.05,176962,58454,12959
MTEDUCARE,26-JUL-2021,8.9,8.95,8.65,8.75,148864,104841,459
MTNL,26-JUL-2021,21.0,21.25,20.85,20.85,987000,436478,2902
MUKTAARTS,26-JUL-2021,37.6,38.25,37.6,38.25,41635,35353,320
MUNJALAU,26-JUL-2021,64.7,68.3,64.7,67.1,845693,376123,6512
MUNJALSHOW,26-JUL-2021,148.6,152.25,147.85,149.7,57869,32101,1702
MURUDCERA,26-JUL-2021,29.55,30.35,29.2,29.65,91262,45150,1154
MUTHOOTCAP,26-JUL-2021,481.0,485.0,452.45,464.9,218661,80893,9984
MUTHOOTFIN,26-JUL-2021,1565.0,1570.25,1545.7,1556.8,634706,212977,36711
NACLIND,26-JUL-2021,78.0,81.75,77.5,80.15,200492,145929,1554
NAGREEKCAP,26-JUL-2021,7.35,7.35,7.35,7.35,101,101,2
NAGREEKEXP,26-JUL-2021,31.45,32.95,31.45,32.9,43838,36554,263
NAHARCAP,26-JUL-2021,254.0,256.4,245.65,247.95,30244,17872,1642
NAHARPOLY,26-JUL-2021,210.4,218.4,202.1,211.0,62000,31231,3026
NAM-INDIA,26-JUL-2021,401.2,409.25,396.0,397.3,1234325,353444,17657
NATCOPHARM,26-JUL-2021,1092.15,1092.15,1055.0,1057.4,581643,464792,10051
NATHBIOGEN,26-JUL-2021,364.7,368.9,363.0,364.9,56674,48359,1751
NATIONALUM,26-JUL-2021,83.0,84.2,82.35,83.55,22997571,9163994,37816
NAUKRI,26-JUL-2021,5175.0,5179.95,5011.0,5085.95,867199,434152,59763
NAVINFLUOR,26-JUL-2021,3969.0,4015.0,3654.0,3707.55,1122759,267886,88560
NAVKARCORP,26-JUL-2021,51.65,52.3,49.8,50.2,965009,449312,5339
NAVNETEDUL,26-JUL-2021,97.45,98.55,96.35,97.7,136966,78788,1872
NAZARA,26-JUL-2021,1899.7,1899.7,1839.0,1846.8,149394,63606,12539
NBCC,26-JUL-2021,50.2,50.55,49.65,49.85,4634988,2060425,15238
NBIFIN,26-JUL-2021,2317.0,2317.0,2256.7,2278.15,3176,128,1553
NBVENTURES,26-JUL-2021,113.05,117.5,113.05,114.25,1158708,506196,11795
NCC,26-JUL-2021,88.5,91.45,87.6,88.5,4509351,1230418,17694
NCLIND,26-JUL-2021,261.0,263.5,255.0,258.1,221914,139710,6574
NCPSESDL24,26-JUL-2021,105.34,105.34,105.29,105.29,61,59,10
NDL,26-JUL-2021,68.0,69.85,66.6,66.6,108431,79704,789
NDTV,26-JUL-2021,73.9,75.5,72.95,73.35,70147,58619,732
NECCLTD,26-JUL-2021,14.5,15.6,14.5,15.6,223147,193701,366
NECLIFE,26-JUL-2021,39.7,39.7,38.0,38.3,1422713,744763,6127
NELCAST,26-JUL-2021,98.9,100.35,93.0,93.7,2835748,1458020,25714
NELCO,26-JUL-2021,363.0,368.9,354.85,364.3,191857,115091,4091
NEOGEN,26-JUL-2021,914.0,941.85,905.2,913.55,156596,82515,9940
NESCO,26-JUL-2021,605.0,613.9,595.4,599.05,85102,44447,5207
NESTLEIND,26-JUL-2021,18071.85,18187.75,18010.8,18101.35,53495,28771,14140
NETF,26-JUL-2021,195.66,195.66,193.0,195.66,661,460,107
NETFCONSUM,26-JUL-2021,71.27,77.45,69.04,71.05,17662,12039,322
NETFDIVOPP,26-JUL-2021,46.98,46.98,40.55,41.05,2679,1582,103
NETFGILT5Y,26-JUL-2021,48.38,48.43,48.38,48.38,237,21,7
NETFIT,26-JUL-2021,30.3,30.9,30.1,30.49,441636,226045,2521
NETFLTGILT,26-JUL-2021,22.46,22.49,22.38,22.44,16876,10387,92
NETFMID150,26-JUL-2021,106.0,114.7,104.63,105.62,1053811,935397,1510
NETFNIF100,26-JUL-2021,169.33,169.33,164.95,165.84,771,391,58
NETFNV20,26-JUL-2021,89.8,90.2,88.07,88.53,5233,3730,148
NETFPHARMA,26-JUL-2021,14.66,14.84,14.6,14.65,121368,112615,582
NETFSDL26,26-JUL-2021,104.0,104.0,103.95,103.95,120,100,3
NETWORK18,26-JUL-2021,50.4,50.75,49.0,49.7,1187584,708137,3637
NEXTMEDIA,26-JUL-2021,5.6,5.95,5.6,5.75,8656,7407,51
NFL,26-JUL-2021,61.1,63.15,60.75,62.1,1329093,527214,9168
NH,26-JUL-2021,496.0,504.25,490.05,492.2,176779,60458,10133
NHPC,26-JUL-2021,26.0,26.1,25.65,25.75,8873785,7092785,4764
NIACL,26-JUL-2021,159.4,167.8,158.6,165.65,1959466,417861,25327
NIBL,26-JUL-2021,17.25,18.6,17.25,18.45,9009,7761,128
NIFTYBEES,26-JUL-2021,174.84,174.84,169.1,170.28,1124977,789004,18208
NIFTYEES,26-JUL-2021,20400.0,20739.0,20301.0,20351.0,15,7,11
NIITLTD,26-JUL-2021,289.65,296.4,289.65,293.35,446888,159935,8810
NILAINFRA,26-JUL-2021,6.75,6.8,6.55,6.6,417296,310124,758
NILKAMAL,26-JUL-2021,2532.0,2679.0,2508.2,2589.75,69510,16222,10289
NIPPOBATRY,26-JUL-2021,1081.4,1163.7,1081.4,1109.9,57497,19975,4236
NIRAJ,26-JUL-2021,48.95,48.95,47.1,47.5,21003,13219,322
NITCO,26-JUL-2021,25.8,27.05,25.3,26.8,66452,45018,501
NITINSPIN,26-JUL-2021,192.1,209.0,192.1,204.8,1113217,482330,16326
NITIRAJ,26-JUL-2021,52.6,53.05,48.3,49.25,3473,2234,177
NKIND,26-JUL-2021,24.75,26.35,24.75,26.35,1481,1267,35
NLCINDIA,26-JUL-2021,58.05,58.3,56.8,57.05,1795177,867683,7853
NMDC,26-JUL-2021,173.6,176.4,172.55,174.8,14408458,5993991,37698
NOCIL,26-JUL-2021,250.0,266.75,248.05,262.4,3717058,1418863,38288
NOIDATOLL,26-JUL-2021,6.6,6.6,6.25,6.3,161432,111272,238
NORBTEAEXP,26-JUL-2021,6.1,6.35,6.1,6.35,1865,1865,10
NOVARTIND,26-JUL-2021,982.25,1010.0,980.0,986.35,30948,17431,2220
NPBET,26-JUL-2021,188.9,190.0,184.2,185.44,585,260,45
NRAIL,26-JUL-2021,239.0,254.65,235.25,248.2,118723,53778,3976
NRBBEARING,26-JUL-2021,141.35,141.35,136.9,137.25,229905,124788,5275
NSIL,26-JUL-2021,1806.85,1824.0,1784.95,1798.65,964,649,164
NTL,26-JUL-2021,1.8,1.8,1.8,1.8,29672,29672,12
NTPC,26-JUL-2021,118.2,120.0,118.05,119.35,5370055,1824914,35726
NUCLEUS,26-JUL-2021,698.15,704.95,686.4,693.1,84324,32032,4569
NURECA,26-JUL-2021,1589.8,1593.95,1569.0,1574.45,6880,4992,654
NXTDIGITAL,26-JUL-2021,476.0,483.05,476.0,479.5,4671,2753,215
OAL,26-JUL-2021,921.0,975.35,915.15,942.55,31723,15715,3685
OBEROIRLTY,26-JUL-2021,701.1,709.9,700.0,703.5,323649,108944,12031
OCCL,26-JUL-2021,1080.0,1109.9,1065.0,1077.35,16968,9327,2712
OFSS,26-JUL-2021,4041.55,4170.0,4015.0,4137.65,211537,92133,21080
OIL,26-JUL-2021,161.9,162.65,160.55,161.2,301708,186214,5237
OMAXE,26-JUL-2021,88.2,91.35,88.2,89.8,87454,43387,1742
OMINFRAL,26-JUL-2021,34.5,35.4,32.95,33.15,193202,126296,1716
OMKARCHEM,26-JUL-2021,12.85,12.85,12.85,12.85,33558,33558,28
ONGC,26-JUL-2021,114.85,115.6,114.1,114.55,8149770,2862063,40189
ONMOBILE,26-JUL-2021,142.7,143.25,138.75,139.65,375962,203571,5615
ONWARDTEC,26-JUL-2021,263.9,269.25,256.0,258.25,131417,60741,2479
ORBTEXP,26-JUL-2021,72.0,86.2,72.0,86.1,1444197,396903,12831
ORICONENT,26-JUL-2021,28.15,29.0,27.95,28.55,95747,54452,579
ORIENTABRA,26-JUL-2021,34.7,36.5,33.55,35.3,548498,179184,5478
ORIENTALTL,26-JUL-2021,11.45,11.45,10.6,10.7,83971,43304,285
ORIENTBELL,26-JUL-2021,362.7,429.2,361.05,419.9,406872,154158,18815
ORIENTCEM,26-JUL-2021,154.9,155.7,150.3,151.95,1285416,792707,11502
ORIENTELEC,26-JUL-2021,349.95,357.1,346.5,353.8,678321,359353,16561
ORIENTHOT,26-JUL-2021,36.75,36.75,35.4,36.35,77155,40161,1057
ORIENTLTD,26-JUL-2021,81.4,82.45,79.85,80.1,8887,5629,251
ORIENTPPR,26-JUL-2021,28.85,29.2,28.25,28.4,786501,339689,2688
ORISSAMINE,26-JUL-2021,3050.0,3089.0,3001.0,3010.1,11876,6906,2420
ORTINLAB,26-JUL-2021,36.15,36.15,33.35,33.75,84956,45069,851
OSWALAGRO,26-JUL-2021,18.45,18.55,17.0,17.2,510159,389430,1203
PAGEIND,26-JUL-2021,33300.0,33989.0,32701.05,32938.0,34039,9248,16070
PAISALO,26-JUL-2021,680.35,698.0,665.6,676.95,31315,15137,1916
PALASHSECU,26-JUL-2021,77.4,77.4,72.6,75.65,8569,5033,210
PALREDTEC,26-JUL-2021,115.0,121.0,112.1,113.55,60757,36034,2045
PANACEABIO,26-JUL-2021,331.3,343.05,327.0,335.7,174366,100488,7075
PANAMAPET,26-JUL-2021,250.0,251.2,247.2,249.6,82145,43908,3838
PARAGMILK,26-JUL-2021,138.0,140.2,137.0,137.65,335128,133107,4369
PARSVNATH,26-JUL-2021,19.5,19.5,17.7,18.0,4752618,2692332,5143
PATELENG,26-JUL-2021,17.2,17.8,17.05,17.1,864971,497861,1890
PATINTLOG,26-JUL-2021,24.6,25.15,24.3,24.5,49320,34098,365
PATSPINLTD,26-JUL-2021,10.4,10.4,10.4,10.4,8180,8180,20
PCJEWELLER,26-JUL-2021,25.6,26.75,25.6,26.2,1682204,805616,4709
PDMJEPAPER,26-JUL-2021,40.6,42.0,40.6,41.25,219579,119790,2377
PDSMFL,26-JUL-2021,1259.0,1259.0,1220.0,1220.15,2260,1570,461
PEARLPOLY,26-JUL-2021,16.1,16.3,15.8,15.9,11131,9253,137
PEL,26-JUL-2021,2261.8,2268.7,2232.4,2252.6,293868,82593,21766
PENIND,26-JUL-2021,40.0,40.0,38.1,38.2,2888792,1827663,9546
PERSISTENT,26-JUL-2021,3036.95,3298.0,2973.65,3250.25,1033196,245550,78237
PETRONET,26-JUL-2021,219.4,220.7,218.25,218.85,1683434,901023,22951
PFC,26-JUL-2021,128.4,129.0,127.1,127.8,2173511,795121,12764
PFIZER,26-JUL-2021,5591.0,5682.95,5580.0,5672.9,46479,16676,4698
PFOCUS,26-JUL-2021,63.4,64.0,61.95,62.8,88540,70951,903
PFS,26-JUL-2021,21.85,22.25,21.1,21.3,1691491,837980,3932
PGEL,26-JUL-2021,382.0,382.9,363.05,372.2,38773,23548,1253
PGHH,26-JUL-2021,12890.0,12890.0,12750.0,12771.7,2828,1538,1253
PGHL,26-JUL-2021,5513.85,5549.95,5415.0,5444.2,8844,5498,2313
PGIL,26-JUL-2021,320.0,322.7,309.65,313.25,12949,8763,536
PHILIPCARB,26-JUL-2021,234.55,258.7,233.9,246.0,11721758,2260092,114619
PHOENIXLTD,26-JUL-2021,884.75,889.7,851.9,856.4,80746,28192,6793
PIDILITIND,26-JUL-2021,2309.65,2332.95,2295.6,2321.3,229367,78059,25109
PIIND,26-JUL-2021,3015.0,3169.95,3012.65,3075.35,860834,316763,53437
PILANIINVS,26-JUL-2021,1969.25,2002.0,1942.15,1951.2,8125,4440,1212
PILITA,26-JUL-2021,7.9,8.2,7.7,7.8,1982076,873528,2561
PIONDIST,26-JUL-2021,134.0,134.4,131.25,131.6,17049,10735,572
PIONEEREMB,26-JUL-2021,61.5,62.2,58.75,59.25,487324,120911,6279
PITTIENG,26-JUL-2021,164.7,175.05,162.45,174.95,1384576,740928,8984
PLASTIBLEN,26-JUL-2021,259.9,266.7,259.9,265.6,36623,19448,1273
PNB,26-JUL-2021,39.95,40.15,39.25,39.35,39507185,8714101,60856
PNBGILTS,26-JUL-2021,73.45,74.0,72.5,72.75,254453,182399,2490
PNC,26-JUL-2021,41.65,41.65,39.05,39.5,16400,12342,283
PNCINFRA,26-JUL-2021,319.9,322.95,313.55,319.8,447836,189152,9759
PODDARHOUS,26-JUL-2021,211.0,215.95,205.0,206.2,12672,10155,326
PODDARMENT,26-JUL-2021,429.9,433.85,420.8,422.9,179447,90106,10317
POKARNA,26-JUL-2021,373.0,374.35,365.4,367.7,78606,60750,2146
POLYCAB,26-JUL-2021,1890.9,1901.0,1845.8,1858.5,381916,251728,34287
POLYMED,26-JUL-2021,1011.0,1094.25,1002.2,1016.25,862624,214839,53069
POLYPLEX,26-JUL-2021,1530.8,1536.1,1485.4,1492.2,115447,58617,9349
POWERGRID,26-JUL-2021,233.45,235.35,232.05,232.7,7292084,5132773,62107
POWERINDIA,26-JUL-2021,1870.0,1998.0,1833.4,1926.3,136463,69758,12683
POWERMECH,26-JUL-2021,808.4,808.4,793.0,798.35,20477,9866,2283
PPAP,26-JUL-2021,279.0,285.65,275.0,276.15,135216,70347,5105
PPL,26-JUL-2021,172.0,175.8,171.65,173.05,203932,73224,7030
PRAKASH,26-JUL-2021,76.55,79.5,76.55,77.45,1007368,516280,6739
PRAXIS,26-JUL-2021,49.0,49.0,45.9,46.85,20235,15121,272
PRECAM,26-JUL-2021,103.15,110.0,101.0,109.5,1534653,898193,14366
PRECOT,26-JUL-2021,273.95,286.55,273.95,286.55,31898,25014,452
PRECWIRE,26-JUL-2021,218.75,221.5,215.65,216.8,29762,17108,1599
PREMIER,26-JUL-2021,4.0,4.1,3.85,3.9,18070,8788,41
PREMIERPOL,26-JUL-2021,75.9,90.5,74.8,90.5,453510,174348,4463
PRESSMN,26-JUL-2021,33.45,34.3,32.5,33.0,40011,26730,623
PRESTIGE,26-JUL-2021,348.65,357.0,338.85,342.55,906269,334181,17353
PRICOLLTD,26-JUL-2021,96.75,100.0,95.9,98.3,869174,300629,8038
PRIMESECU,26-JUL-2021,112.85,112.85,108.0,109.95,95631,51276,1334
PRINCEPIPE,26-JUL-2021,690.0,694.0,672.55,675.5,647289,338353,47112
PRIVISCL,26-JUL-2021,1340.0,1353.0,1294.7,1331.05,60309,41293,6268
PROZONINTU,26-JUL-2021,31.05,32.7,30.6,31.75,625856,351074,4293
PRSMJOHNSN,26-JUL-2021,143.0,145.0,141.85,142.85,402278,240505,10536
PSB,26-JUL-2021,19.55,20.0,19.45,19.55,370574,233821,1434
PSPPROJECT,26-JUL-2021,482.9,488.45,475.1,480.6,145814,62220,6318
PSUBNKBEES,26-JUL-2021,26.66,26.66,26.22,26.31,1132459,1041054,1321
PTC,26-JUL-2021,99.5,101.5,99.0,99.3,592526,348184,6540
PTL,26-JUL-2021,52.8,54.0,52.05,52.65,77687,46349,1197
PUNJABCHEM,26-JUL-2021,1414.65,1446.3,1406.0,1411.65,8092,4752,1427
PURVA,26-JUL-2021,107.4,108.7,104.0,104.45,553308,134796,9071
PVR,26-JUL-2021,1350.0,1410.0,1325.0,1329.95,2519105,241382,112411
QGOLDHALF,26-JUL-2021,2056.0,2064.0,2055.0,2061.1,137,94,60
QNIFTY,26-JUL-2021,1650.0,1652.0,1646.0,1650.0,15,10,6
QUESS,26-JUL-2021,810.95,810.95,792.95,797.0,105775,49365,8433
QUICKHEAL,26-JUL-2021,291.95,302.0,291.3,293.95,365820,136659,10122
RADICO,26-JUL-2021,862.0,878.75,841.1,846.2,401600,126541,20592
RADIOCITY,26-JUL-2021,25.1,25.3,25.05,25.05,485919,379347,1011
RAILTEL,26-JUL-2021,140.95,146.0,140.1,142.15,1291111,406964,13237
RAIN,26-JUL-2021,254.0,257.5,251.1,254.5,3834309,901643,35205
RAJESHEXPO,26-JUL-2021,582.4,592.0,580.15,589.15,276669,106988,7237
RAJSREESUG,26-JUL-2021,29.25,30.2,28.15,30.2,36640,21018,340
RALLIS,26-JUL-2021,318.15,322.75,317.0,317.7,357207,168089,8664
RAMANEWS,26-JUL-2021,20.85,20.85,19.9,20.1,138382,86979,830
RAMCOCEM,26-JUL-2021,1096.5,1126.65,1089.55,1123.15,487973,155407,19774
RAMCOIND,26-JUL-2021,350.0,366.65,345.0,360.2,1250548,392189,28602
RAMCOSYS,26-JUL-2021,633.0,646.0,625.25,641.4,179592,91624,7516
RANEENGINE,26-JUL-2021,339.8,347.7,327.0,328.6,35205,12843,2148
RANEHOLDIN,26-JUL-2021,754.9,782.75,750.45,754.65,378060,119231,20968
RATNAMANI,26-JUL-2021,2059.7,2080.0,2030.3,2062.8,9882,6463,1414
RAYMOND,26-JUL-2021,449.0,456.0,446.0,448.15,401062,101516,8092
RBL,26-JUL-2021,1035.0,1083.95,1002.4,1026.9,112190,14996,11945
RBLBANK,26-JUL-2021,204.75,205.7,198.1,198.45,8651461,2722764,59369
RCF,26-JUL-2021,80.05,83.5,79.7,82.05,4141367,1504885,17610
RCOM,26-JUL-2021,3.45,3.6,3.45,3.45,71727864,32794370,18958
RECLTD,26-JUL-2021,152.75,153.65,150.3,150.75,2317099,793039,18011
REDINGTON,26-JUL-2021,328.75,328.75,317.05,320.9,901528,730673,24541
REFEX,26-JUL-2021,136.4,141.4,135.0,138.5,181094,81834,4319
RELAXO,26-JUL-2021,1168.0,1186.45,1162.2,1182.3,154693,73915,17835
RELCAPITAL,26-JUL-2021,17.55,18.75,17.1,18.75,6162316,2375016,10380
RELIANCE,26-JUL-2021,2108.0,2121.0,2071.1,2076.85,5717830,2229836,193266
RELIGARE,26-JUL-2021,163.0,169.7,158.3,164.65,3435860,1328200,21561
REPCOHOME,26-JUL-2021,357.05,360.0,352.0,354.35,83067,58056,3148
REPL,26-JUL-2021,242.5,242.5,233.6,234.15,23530,18209,1052
REPRO,26-JUL-2021,356.45,356.9,352.0,353.15,6035,3984,270
RESPONIND,26-JUL-2021,135.55,160.0,135.0,136.35,514224,141145,6708
REVATHI,26-JUL-2021,710.0,710.0,660.0,665.7,3717,1906,346
RGL,26-JUL-2021,554.45,557.05,545.6,553.35,34691,5119,1172
RHIM,26-JUL-2021,327.0,346.5,327.0,334.3,307989,141959,11911
RICOAUTO,26-JUL-2021,56.5,61.2,56.0,58.95,9017801,2985101,41165
RIIL,26-JUL-2021,729.95,740.7,721.6,725.65,130230,53168,4904
RITES,26-JUL-2021,279.1,286.2,276.8,285.35,382830,182173,8931
RKDL,26-JUL-2021,19.4,19.7,17.95,17.95,534808,269952,1654
RKEC,26-JUL-2021,99.3,101.5,98.15,99.0,56784,43061,1087
RKFORGE,26-JUL-2021,805.0,832.4,801.05,819.35,513171,210528,23421
RML,26-JUL-2021,409.0,419.0,402.5,404.35,69313,17306,3808
ROHLTD,26-JUL-2021,82.8,85.55,80.4,81.2,158741,101424,2617
ROLLT,26-JUL-2021,3.25,3.35,3.05,3.3,1201291,685038,469
ROML,26-JUL-2021,79.35,80.45,77.0,77.9,7820,6280,189
ROSSARI,26-JUL-2021,1227.0,1250.95,1224.75,1235.65,194211,104462,17224
ROSSELLIND,26-JUL-2021,189.35,198.5,185.8,192.65,348799,144025,7906
ROUTE,26-JUL-2021,2141.1,2152.0,2109.6,2119.65,220635,61225,14848
RPGLIFE,26-JUL-2021,464.95,470.0,461.4,463.35,42321,25199,2151
RPPINFRA,26-JUL-2021,90.5,93.4,90.5,91.5,516409,233295,5699
RPSGVENT,26-JUL-2021,740.0,745.0,714.0,717.55,50473,29314,2554
RSSOFTWARE,26-JUL-2021,37.0,37.0,35.2,36.0,47378,30281,584
RSWM,26-JUL-2021,364.0,366.45,348.0,364.25,145595,99945,4512
RSYSTEMS,26-JUL-2021,189.2,190.45,185.05,187.4,108051,75691,2832
RUBYMILLS,26-JUL-2021,279.65,285.0,276.0,276.9,13457,7245,1273
RUCHI,26-JUL-2021,1090.0,1095.95,1080.0,1082.45,26109,17428,2725
RUCHIRA,26-JUL-2021,92.5,94.3,89.9,90.65,64367,43770,1798
RUPA,26-JUL-2021,470.05,484.5,470.05,479.25,368573,209992,7906
RUSHIL,26-JUL-2021,270.3,285.5,270.3,276.0,25837,20091,430
RVHL,26-JUL-2021,20.85,21.8,20.85,21.1,24757,17795,181
RVNL,26-JUL-2021,30.25,30.9,30.1,30.15,2962821,1144781,9769
S&SPOWER,26-JUL-2021,19.3,21.0,19.3,20.2,6227,5225,26
SADBHAV,26-JUL-2021,71.85,72.3,67.8,68.25,1152749,619444,10200
SADBHIN,26-JUL-2021,30.6,31.25,28.25,28.8,1578561,1003725,7085
SAFARI,26-JUL-2021,749.75,753.25,730.6,738.9,11486,7048,1389
SAGCEM,26-JUL-2021,1239.95,1314.9,1239.95,1288.0,124653,71835,8658
SAIL,26-JUL-2021,127.25,130.9,126.55,129.6,62471280,16611232,169510
SAKAR,26-JUL-2021,174.6,192.3,171.35,185.55,439421,161623,8945
SAKSOFT,26-JUL-2021,686.1,690.9,675.0,680.7,20198,12076,2690
SALASAR,26-JUL-2021,328.0,334.0,320.05,327.6,39503,16896,2640
SALONA,26-JUL-2021,182.0,185.0,174.15,178.4,21356,11246,2189
SALZERELEC,26-JUL-2021,172.15,177.0,172.15,173.05,81543,43788,2681
SANCO,26-JUL-2021,9.15,9.5,9.15,9.15,27638,22675,120
SANDESH,26-JUL-2021,995.0,995.0,940.0,947.65,6091,2648,1103
SANDHAR,26-JUL-2021,302.95,310.0,302.2,304.6,304988,225240,8087
SANGAMIND,26-JUL-2021,126.0,133.0,126.0,129.3,42272,25158,749
SANGHIIND,26-JUL-2021,62.95,70.8,62.5,69.4,6916285,3742459,26461
SANGHVIMOV,26-JUL-2021,213.05,215.95,204.25,205.95,173084,52078,7544
SANGINITA,26-JUL-2021,32.5,33.05,31.8,32.9,253659,152545,1422
SANOFI,26-JUL-2021,8010.8,8045.0,7953.0,7987.8,10042,6447,2096
SARLAPOLY,26-JUL-2021,40.15,41.9,39.85,41.25,376409,222595,3803
SASKEN,26-JUL-2021,1345.0,1348.0,1320.0,1335.8,69728,31486,5660
SATIA,26-JUL-2021,106.4,107.55,103.1,103.65,787464,275414,5099
SATIN,26-JUL-2021,89.0,91.05,86.1,88.9,248639,128352,2474
SBCL,26-JUL-2021,134.2,134.9,130.95,132.55,45127,36919,734
SBICARD,26-JUL-2021,970.0,1027.0,970.0,1017.25,8822539,4054174,246927
SBIETFIT,26-JUL-2021,306.99,309.97,304.0,304.84,2227,1242,134
SBIETFPB,26-JUL-2021,185.0,185.0,180.1,182.66,2575,2127,60
SBIETFQLTY,26-JUL-2021,143.8,144.0,139.1,142.24,652,510,78
SBILIFE,26-JUL-2021,1048.0,1104.9,1040.1,1076.65,2151393,521384,75601
SBIN,26-JUL-2021,427.8,427.8,422.3,423.3,14037519,4170799,153835
SCAPDVR,26-JUL-2021,2.1,2.1,2.0,2.1,379422,281812,317
SCHAEFFLER,26-JUL-2021,6745.0,6970.9,6600.05,6861.3,173842,27194,31315
SCHAND,26-JUL-2021,133.7,135.0,130.9,131.9,88794,56038,3229
SCHNEIDER,26-JUL-2021,126.25,128.25,125.25,126.8,322512,131756,3807
SCI,26-JUL-2021,113.4,113.7,112.1,112.5,1055676,435917,5777
SDBL,26-JUL-2021,57.9,59.6,57.1,58.0,819297,550165,4918
SEAMECLTD,26-JUL-2021,508.0,544.45,495.1,517.7,256632,84224,8963
SECURKLOUD,26-JUL-2021,87.95,91.0,87.55,89.0,44614,30946,541
SELAN,26-JUL-2021,144.35,145.55,142.9,143.5,42662,25960,1641
SEPOWER,26-JUL-2021,9.0,9.4,9.0,9.0,61400,61395,179
SEQUENT,26-JUL-2021,295.0,313.8,294.95,303.35,3102604,1123724,43285
SESHAPAPER,26-JUL-2021,203.15,208.85,190.25,195.75,299084,152093,8950
SETCO,26-JUL-2021,20.85,20.85,19.65,19.95,235521,160616,816
SETF10GILT,26-JUL-2021,204.1,205.02,190.33,205.02,4204,187,30
SETFGOLD,26-JUL-2021,4243.65,4258.15,4236.2,4241.45,5997,2857,1034
SETFNIF50,26-JUL-2021,161.17,161.86,160.55,160.83,600608,559852,1761
SETFNIFBK,26-JUL-2021,349.4,350.0,346.45,348.55,28996,16130,638
SETFNN50,26-JUL-2021,410.99,410.99,405.51,407.97,4969,3102,576
SEYAIND,26-JUL-2021,77.05,78.75,75.2,75.3,98934,51779,1017
SFL,26-JUL-2021,2380.0,2391.7,2330.6,2373.7,21874,13503,8630
SGL,26-JUL-2021,15.25,15.4,14.8,14.95,118630,90201,332
SHAKTIPUMP,26-JUL-2021,765.0,765.0,753.75,756.1,129307,91238,5291
SHALBY,26-JUL-2021,198.9,202.7,195.1,195.45,568953,156755,9944
SHALPAINTS,26-JUL-2021,111.8,113.0,110.5,111.2,154569,76574,2966
SHANKARA,26-JUL-2021,545.0,627.65,538.75,610.75,2200595,356353,75845
SHANTIGEAR,26-JUL-2021,152.0,156.95,152.0,152.9,508768,264390,5589
SHARDACROP,26-JUL-2021,344.0,352.9,343.0,344.85,169130,90859,9316
SHAREINDIA,26-JUL-2021,540.0,565.0,539.05,561.5,167677,90911,8043
SHARIABEES,26-JUL-2021,405.92,418.82,398.99,409.54,1329,1104,69
SHEMAROO,26-JUL-2021,139.65,145.05,139.0,145.05,314024,173136,3488
SHILPAMED,26-JUL-2021,625.1,666.6,625.1,650.2,1245871,395611,24760
SHIVAMAUTO,26-JUL-2021,25.35,26.7,25.35,26.3,123440,77990,718
SHIVAMILLS,26-JUL-2021,92.4,94.15,90.55,94.15,22812,15635,273
SHIVATEX,26-JUL-2021,191.45,194.2,184.0,188.1,12901,7050,652
SHK,26-JUL-2021,161.0,165.9,160.25,162.95,197903,86252,4131
SHOPERSTOP,26-JUL-2021,249.0,253.05,245.65,248.25,201128,40182,5576
SHRADHA,26-JUL-2021,53.35,55.75,52.6,53.6,2261,635,76
SHREDIGCEM,26-JUL-2021,92.6,97.2,91.15,95.5,1147061,431616,10432
SHREECEM,26-JUL-2021,27900.0,28228.35,27812.05,27968.3,37460,21716,9860
SHREEPUSHK,26-JUL-2021,176.5,177.55,173.5,174.0,105862,56737,3725
SHREERAMA,26-JUL-2021,14.4,15.0,14.05,14.65,231138,180247,734
SHRENIK,26-JUL-2021,1.85,1.9,1.85,1.85,3443728,2522759,1636
SHREYANIND,26-JUL-2021,114.8,118.75,112.55,116.5,87460,52118,2552
SHREYAS,26-JUL-2021,227.0,232.15,214.1,232.15,144761,107154,2725
SHRIRAMCIT,26-JUL-2021,1750.1,1829.95,1750.1,1777.35,31524,16298,5637
SHRIRAMEPC,26-JUL-2021,5.0,5.05,4.9,5.0,2336691,1570946,1000
SHYAMCENT,26-JUL-2021,17.6,17.6,17.6,17.6,53547,53545,345
SHYAMMETL,26-JUL-2021,429.95,433.85,423.0,427.9,1356084,508020,35791
SICAL,26-JUL-2021,15.55,15.55,14.75,14.95,375435,222969,1240
SIEMENS,26-JUL-2021,1976.0,1989.9,1965.9,1975.65,192963,109875,9428
SIGIND,26-JUL-2021,57.9,58.5,55.1,58.5,596500,443989,4233
SILGO,26-JUL-2021,41.7,41.7,39.95,40.1,30700,21591,273
SILLYMONKS,26-JUL-2021,22.9,22.9,21.45,21.5,284,277,12
SIMPLEXINF,26-JUL-2021,49.1,50.1,48.4,48.85,117720,89100,780
SINTERCOM,26-JUL-2021,79.1,79.5,77.55,79.0,16109,13630,76
SINTEX,26-JUL-2021,4.65,4.65,4.55,4.65,1433759,787125,1035
SIRCA,26-JUL-2021,342.1,350.0,342.1,346.15,25401,16095,1058
SIS,26-JUL-2021,494.6,526.0,492.55,519.85,1236219,467178,28300
SITINET,26-JUL-2021,1.65,1.7,1.6,1.7,9061051,5573747,1233
SIYSIL,26-JUL-2021,402.85,422.85,397.0,402.45,102109,46281,5195
SJVN,26-JUL-2021,27.25,27.65,27.2,27.35,1638406,1151880,5585
SKFINDIA,26-JUL-2021,2785.0,2886.85,2748.85,2834.3,72215,31798,10983
SKIL,26-JUL-2021,3.65,3.65,3.65,3.65,43876,43876,30
SKIPPER,26-JUL-2021,93.25,96.25,91.6,93.8,1275866,270712,16350
SKMEGGPROD,26-JUL-2021,87.3,89.95,87.05,88.95,251662,93911,4282
SMARTLINK,26-JUL-2021,119.0,123.1,117.8,119.85,37164,20445,1043
SMCGLOBAL,26-JUL-2021,94.25,97.0,92.95,95.35,695612,296084,5520
SMLISUZU,26-JUL-2021,571.95,597.45,571.2,578.3,123345,30187,7954
SMSLIFE,26-JUL-2021,731.6,736.55,725.85,731.05,3510,2009,388
SMSPHARMA,26-JUL-2021,187.4,189.5,185.0,185.35,173487,85047,4237
SNOWMAN,26-JUL-2021,54.7,55.15,52.65,52.95,4089774,1831605,15755
SOBHA,26-JUL-2021,607.7,626.9,605.5,608.95,387891,172354,11301
SOLARA,26-JUL-2021,1700.0,1736.8,1689.5,1728.05,108058,74622,13348
SOLARINDS,26-JUL-2021,1623.15,1625.25,1579.5,1589.1,23924,14815,4913
SOMATEX,26-JUL-2021,7.85,7.85,7.55,7.85,35460,28906,98
SOMICONVEY,26-JUL-2021,59.8,60.95,58.6,59.2,16361,11500,388
SONACOMS,26-JUL-2021,424.0,424.0,402.6,405.55,3491888,1893208,66349
SONATSOFTW,26-JUL-2021,785.0,788.7,767.6,774.65,108284,79029,8540
SORILINFRA,26-JUL-2021,132.0,137.7,131.05,133.6,53121,22288,1201
SOTL,26-JUL-2021,1499.0,1515.0,1482.0,1490.75,14902,7394,1930
SOUTHBANK,26-JUL-2021,11.3,11.35,10.9,10.95,18570283,8948348,46536
SOUTHWEST,26-JUL-2021,57.5,57.75,55.1,57.05,104570,90421,583
SPAL,26-JUL-2021,302.0,303.0,290.55,300.9,49913,27920,3714
SPANDANA,26-JUL-2021,685.0,685.0,665.0,667.65,58640,29186,3860
SPARC,26-JUL-2021,268.0,271.95,257.1,260.45,3306726,1026571,38282
SPECIALITY,26-JUL-2021,72.45,73.7,71.4,72.6,137880,87134,1843
SPENCERS,26-JUL-2021,89.15,95.1,88.1,94.2,1224938,570131,12755
SPIC,26-JUL-2021,61.75,65.2,60.4,64.35,2314119,946060,12639
SPICEJET,26-JUL-2021,77.5,78.2,76.6,76.85,1867082,822491,11038
SPLIL,26-JUL-2021,52.85,53.8,51.0,51.65,71561,39836,1529
SPMLINFRA,26-JUL-2021,12.2,12.3,11.4,11.7,104760,34511,250
SPTL,26-JUL-2021,5.8,5.9,5.6,5.9,1042086,683989,676
SREEL,26-JUL-2021,190.85,226.85,187.25,213.55,363410,78825,9570
SRF,26-JUL-2021,7902.0,8006.65,7743.15,7834.35,115168,29011,20333
SRHHYPOLTD,26-JUL-2021,342.0,349.0,336.0,342.6,55735,31794,2939
SRIPIPES,26-JUL-2021,222.4,232.45,221.15,230.15,360392,159467,8756
SRTRANSFIN,26-JUL-2021,1384.8,1405.0,1325.75,1370.4,971604,308931,29904
SSWL,26-JUL-2021,1252.2,1319.95,1240.05,1260.3,34784,16096,3699
STAR,26-JUL-2021,766.0,789.4,762.9,769.8,455300,159622,14985
STARCEMENT,26-JUL-2021,113.7,114.35,112.2,112.5,307108,115438,4354
STARPAPER,26-JUL-2021,156.9,157.9,152.1,152.85,204117,94700,4146
STCINDIA,26-JUL-2021,112.2,114.25,110.0,110.35,64787,22817,2443
STEELCITY,26-JUL-2021,76.0,83.4,76.0,81.85,392005,166919,4530
STEELXIND,26-JUL-2021,77.0,78.0,74.0,74.4,1142207,538000,5601
STEL,26-JUL-2021,113.0,115.0,110.2,111.0,30057,16127,591
STERTOOLS,26-JUL-2021,207.0,218.85,201.55,211.6,294430,176895,8711
STLTECH,26-JUL-2021,300.05,306.0,298.0,299.45,684927,406568,10780
STOVEKRAFT,26-JUL-2021,749.5,765.75,748.7,754.5,194286,46395,8216
SUBEXLTD,26-JUL-2021,62.95,65.8,62.8,64.9,11125026,3106402,38563
SUBROS,26-JUL-2021,320.65,320.8,314.55,316.0,28012,10612,1890
SUDARSCHEM,26-JUL-2021,755.35,763.3,751.5,755.8,98101,38591,5889
SUMICHEM,26-JUL-2021,429.4,438.7,424.0,432.85,402399,105271,11637
SUMIT,26-JUL-2021,18.85,18.85,18.0,18.05,108512,69130,573
SUMMITSEC,26-JUL-2021,664.95,665.0,636.2,643.95,4972,3595,442
SUNCLAYLTD,26-JUL-2021,3970.0,4004.3,3802.1,3851.4,8565,3562,1813
SUNDARMFIN,26-JUL-2021,2590.0,2590.0,2456.6,2483.05,39499,23692,8143
SUNDARMHLD,26-JUL-2021,79.4,79.4,76.45,76.9,218985,134768,2376
SUNDRMBRAK,26-JUL-2021,446.8,460.0,434.25,443.15,9578,5002,732
SUNDRMFAST,26-JUL-2021,779.95,779.95,738.0,742.0,65055,34805,7793
SUNFLAG,26-JUL-2021,84.35,89.85,83.9,87.0,3132735,969681,20787
SUNPHARMA,26-JUL-2021,695.2,705.0,695.2,703.4,4715053,2253670,93451
SUNTECK,26-JUL-2021,378.0,382.0,370.1,378.75,847194,185068,23203
SUNTV,26-JUL-2021,530.0,549.5,530.0,547.4,3758003,1397849,45085
SUPERHOUSE,26-JUL-2021,168.4,169.9,164.2,165.4,70324,33053,3078
SUPRAJIT,26-JUL-2021,314.0,323.55,310.1,312.3,250093,100231,7132
SUPREMEENG,26-JUL-2021,34.95,35.75,34.5,34.9,11203,8640,120
SUPREMEIND,26-JUL-2021,2101.0,2116.8,2090.0,2095.6,63478,50520,7470
SURANASOL,26-JUL-2021,14.15,14.35,13.75,13.75,132750,94814,614
SURANAT&P,26-JUL-2021,6.8,6.85,6.4,6.8,108542,61244,452
SURYAROSNI,26-JUL-2021,542.0,543.0,531.25,534.95,94033,42772,9540
SURYODAY,26-JUL-2021,211.55,211.95,209.5,209.9,56684,33244,2263
SUTLEJTEX,26-JUL-2021,72.0,78.55,71.6,75.3,761989,330288,8685
SUULD,26-JUL-2021,537.0,549.9,517.0,523.25,141739,125968,2003
SUVEN,26-JUL-2021,89.0,89.0,86.45,86.65,275326,146802,3728
SUVENPHAR,26-JUL-2021,502.0,507.8,497.05,499.4,353980,190938,12432
SUVIDHAA,26-JUL-2021,26.0,26.25,24.7,24.9,70856,42436,609
SUZLON,26-JUL-2021,7.4,7.6,7.2,7.3,34046440,13176446,35705
SVPGLOB,26-JUL-2021,110.4,110.5,104.0,106.65,64524,46501,1159
SWANENERGY,26-JUL-2021,143.0,147.75,141.15,142.4,158674,32994,5943
SWARAJENG,26-JUL-2021,1824.0,1877.0,1800.95,1847.0,103591,60823,11105
SWELECTES,26-JUL-2021,264.0,264.0,248.55,252.1,20608,12293,1686
SWSOLAR,26-JUL-2021,278.9,283.2,274.05,275.5,814929,281316,13368
SYMPHONY,26-JUL-2021,1030.0,1048.0,1016.0,1020.45,246387,110659,21648
SYNGENE,26-JUL-2021,625.0,637.9,618.15,628.85,443980,174309,14213
TAINWALCHM,26-JUL-2021,116.0,125.25,112.35,116.75,796024,241255,16036
TAJGVK,26-JUL-2021,131.55,132.45,129.0,129.85,119596,61876,2706
TAKE,26-JUL-2021,63.9,64.1,61.95,62.2,932811,469489,6276
TALBROAUTO,26-JUL-2021,315.0,324.0,313.1,319.55,41250,19300,2388
TARAPUR,26-JUL-2021,4.95,4.95,4.75,4.75,20027,16579,101
TARMAT,26-JUL-2021,90.45,90.45,85.65,87.1,175559,90803,3224
TASTYBITE,26-JUL-2021,18699.8,18954.65,18502.45,18709.35,2307,609,1328
TATACHEM,26-JUL-2021,750.0,766.4,743.0,758.3,1390129,172877,33415
TATACOFFEE,26-JUL-2021,209.0,218.3,208.5,215.5,10598322,2145343,86618
TATACOMM,26-JUL-2021,1355.0,1376.05,1335.85,1349.55,287624,191691,14047
TATACONSUM,26-JUL-2021,780.25,786.0,770.8,776.35,2154261,591340,54433
TATAELXSI,26-JUL-2021,4262.75,4269.0,4190.0,4199.1,121862,64464,23471
TATAINVEST,26-JUL-2021,1170.0,1188.0,1151.65,1160.45,144097,40448,8637
TATAMETALI,26-JUL-2021,1262.0,1292.2,1261.0,1279.05,360488,110761,16944
TATAMOTORS,26-JUL-2021,295.0,297.0,291.0,293.15,27502360,7874978,261987
TATAMTRDVR,26-JUL-2021,133.05,135.3,132.1,133.65,1599455,953934,23242
TATAPOWER,26-JUL-2021,123.0,123.75,122.1,122.6,14838935,4967436,74528
TATASTEEL,26-JUL-2021,1289.0,1308.25,1278.05,1297.95,8678433,1580284,172836
TATASTLBSL,26-JUL-2021,89.15,90.8,88.5,89.35,4196719,1616027,20674
TBZ,26-JUL-2021,84.0,89.5,83.15,87.5,2302646,1087808,18867
TCI,26-JUL-2021,416.0,416.0,405.25,414.15,48225,33211,2627
TCIDEVELOP,26-JUL-2021,367.8,378.0,355.0,359.0,1591,1054,156
TCIEXP,26-JUL-2021,1649.75,1650.0,1562.0,1581.9,45295,21096,5819
TCIFINANCE,26-JUL-2021,5.95,5.95,5.55,5.6,3601,3351,10
TCNSBRANDS,26-JUL-2021,587.75,588.3,571.85,584.85,12207,7331,1435
TCPLPACK,26-JUL-2021,564.0,570.0,551.1,555.45,30546,18379,2089
TCS,26-JUL-2021,3200.0,3224.25,3190.85,3197.55,1259611,760050,87600
TDPOWERSYS,26-JUL-2021,204.6,204.6,195.0,196.35,58521,38191,1877
TEAMLEASE,26-JUL-2021,3960.05,4049.5,3943.6,4005.8,14663,7500,2931
TECHIN,26-JUL-2021,4.8,5.3,4.8,5.1,27095,21805,143
TECHM,26-JUL-2021,1131.0,1138.55,1116.55,1120.2,984581,393260,41727
TECHNOE,26-JUL-2021,315.0,315.0,306.6,309.85,51492,25707,4325
TEMBO,26-JUL-2021,212.0,212.0,205.55,208.85,97129,35170,423
TERASOFT,26-JUL-2021,75.0,75.95,70.6,71.35,179111,115513,3175
TEXINFRA,26-JUL-2021,63.7,64.75,63.1,63.95,36739,20146,624
TEXMOPIPES,26-JUL-2021,55.95,56.2,54.7,56.2,646336,455490,3768
TEXRAIL,26-JUL-2021,36.75,38.1,36.45,36.95,2256833,1114807,5948
TFCILTD,26-JUL-2021,76.5,76.95,74.3,75.05,244789,145688,2089
TFL,26-JUL-2021,5.95,5.95,5.45,5.65,13332,8285,45
TGBHOTELS,26-JUL-2021,8.5,8.5,8.0,8.35,54806,32029,188
THANGAMAYL,26-JUL-2021,845.0,874.85,840.05,857.15,19922,10150,1972
THEINVEST,26-JUL-2021,103.95,105.6,97.0,98.0,46281,27052,1228
THEMISMED,26-JUL-2021,930.0,975.0,914.7,937.65,32794,19023,2156
THERMAX,26-JUL-2021,1420.0,1444.0,1412.5,1421.15,56868,42313,7232
THOMASCOOK,26-JUL-2021,59.2,60.2,57.65,57.85,374266,244638,3512
THYROCARE,26-JUL-2021,1311.9,1321.75,1305.25,1308.3,140645,54457,6137
TIIL,26-JUL-2021,619.85,677.0,606.8,646.1,101845,42891,6243
TIINDIA,26-JUL-2021,1113.95,1113.95,1090.0,1102.1,96315,73272,4397
TIL,26-JUL-2021,180.95,189.0,177.6,185.55,9129,5788,346
TIMESGTY,26-JUL-2021,57.0,57.35,56.0,57.1,11559,7153,300
TIMETECHNO,26-JUL-2021,82.5,83.75,82.1,83.1,350939,205636,6264
TIMKEN,26-JUL-2021,1560.0,1614.0,1542.05,1596.95,67505,23037,7216
TINPLATE,26-JUL-2021,244.95,253.75,242.35,249.1,1206104,327238,23608
TIRUMALCHM,26-JUL-2021,180.4,194.9,178.05,192.55,3488437,1271539,32851
TITAN,26-JUL-2021,1700.9,1736.85,1700.0,1722.85,1435514,604163,71037
TMRVL,26-JUL-2021,21.6,21.7,19.75,20.2,256281,155732,1349
TNPETRO,26-JUL-2021,134.8,142.85,134.5,139.4,1936407,855156,19352
TNPL,26-JUL-2021,143.25,145.5,142.55,143.15,105983,54215,2459
TOKYOPLAST,26-JUL-2021,106.4,111.25,105.35,107.5,25326,15605,849
TORNTPHARM,26-JUL-2021,3045.0,3109.0,3028.0,3079.2,263353,68338,25174
TORNTPOWER,26-JUL-2021,468.95,471.95,463.0,467.4,955011,564343,20876
TOTAL,26-JUL-2021,60.65,64.8,58.7,60.15,110606,59342,1346
TOUCHWOOD,26-JUL-2021,112.55,112.55,105.25,107.9,13198,9026,237
TPLPLASTEH,26-JUL-2021,267.55,280.0,266.05,270.45,12313,6989,834
TREJHARA,26-JUL-2021,64.9,70.5,64.35,68.4,274331,129442,2795
TRENT,26-JUL-2021,896.5,897.0,870.6,891.05,613423,187299,20006
TRIDENT,26-JUL-2021,17.6,17.85,17.0,17.1,15041682,9100432,28167
TRIGYN,26-JUL-2021,163.0,163.0,152.7,153.1,396329,224505,5984
TRIL,26-JUL-2021,34.6,34.75,33.5,33.6,206779,129612,1619
TRITURBINE,26-JUL-2021,128.9,129.9,126.1,127.6,119756,39634,3440
TRIVENI,26-JUL-2021,178.35,178.35,159.45,172.3,3188124,1530840,40651
TTKHLTCARE,26-JUL-2021,794.0,808.75,775.25,781.9,30493,16307,3295
TTKPRESTIG,26-JUL-2021,9340.0,9446.75,9200.0,9230.9,9321,3673,3442
TTL,26-JUL-2021,71.9,71.9,68.6,69.25,34637,21584,586
TV18BRDCST,26-JUL-2021,40.45,40.65,37.7,38.15,11799996,6135443,24799
TVSELECT,26-JUL-2021,184.55,189.25,182.1,183.8,51554,34778,1837
TVSMOTOR,26-JUL-2021,585.6,588.5,581.3,584.85,729372,239276,15747
TVSSRICHAK,26-JUL-2021,2180.0,2199.4,2147.5,2179.0,11559,7329,2640
TVTODAY,26-JUL-2021,300.65,300.8,297.0,297.75,46122,28105,1657
TVVISION,26-JUL-2021,1.85,1.85,1.8,1.85,209522,202544,116
TWL,26-JUL-2021,74.7,80.8,73.75,79.5,3973043,1723659,25651
UBL,26-JUL-2021,1452.1,1477.35,1416.5,1436.15,1275241,267222,42171
UCALFUEL,26-JUL-2021,158.95,165.95,157.85,165.25,108850,46921,2549
UCOBANK,26-JUL-2021,13.5,13.65,13.3,13.5,3304956,1360447,13966
UFLEX,26-JUL-2021,524.15,529.5,511.25,513.15,361905,147773,8050
UFO,26-JUL-2021,104.4,106.45,100.5,101.95,667877,316231,7838
UGARSUGAR,26-JUL-2021,34.65,34.75,33.5,33.65,462015,179580,1845
UJAAS,26-JUL-2021,2.8,2.9,2.7,2.85,1964245,1282039,1239
UJJIVAN,26-JUL-2021,234.0,238.3,233.6,235.05,333994,180178,8999
UJJIVANSFB,26-JUL-2021,29.3,29.4,29.0,29.1,1791840,834038,5459
ULTRACEMCO,26-JUL-2021,7515.0,7640.0,7419.75,7616.7,369346,110862,46008
UMANGDAIRY,26-JUL-2021,88.4,91.25,88.05,88.9,259228,84407,6325
UMESLTD,26-JUL-2021,4.3,4.3,3.95,4.05,37089,28149,102
UNICHEMLAB,26-JUL-2021,332.05,339.45,332.05,334.5,27552,15319,1499
UNIDT,26-JUL-2021,394.0,395.0,368.5,370.8,134608,76873,3707
UNIENTER,26-JUL-2021,135.3,139.9,135.3,137.1,29170,15977,1179
UNIONBANK,26-JUL-2021,36.6,36.8,35.95,36.05,5432778,2212959,10518
UNITEDTEA,26-JUL-2021,381.0,402.2,370.5,377.6,56468,21206,2627
UNIVASTU,26-JUL-2021,52.05,55.05,50.8,52.45,25184,14992,312
UNIVCABLES,26-JUL-2021,189.4,190.55,182.1,184.15,50855,30206,2127
UNIVPHOTO,26-JUL-2021,295.0,300.9,288.95,296.3,9632,8128,320
UPL,26-JUL-2021,819.0,826.75,806.65,819.95,2449095,921560,59812
URJA,26-JUL-2021,7.2,7.2,7.2,7.2,1169645,1169645,5309
USHAMART,26-JUL-2021,68.6,71.8,67.6,69.65,5048122,2388893,20651
UTIAMC,26-JUL-2021,924.95,936.6,912.9,926.35,793658,344509,19815
UTIBANKETF,26-JUL-2021,35.47,35.47,34.52,34.84,5867,4577,170
UTINEXT50,26-JUL-2021,41.1,41.4,40.51,40.9,4311,3123,135
UTINIFTETF,26-JUL-2021,1679.0,1679.0,1638.95,1656.64,890,691,84
UTISENSETF,26-JUL-2021,552.99,555.0,550.05,553.75,376,176,84
UTISXN50,26-JUL-2021,46.71,46.8,44.2,45.89,323,248,74
UTTAMSTL,26-JUL-2021,5.25,5.25,5.25,5.25,405579,405579,740
V2RETAIL,26-JUL-2021,124.7,129.4,123.3,125.2,64576,48469,852
VADILALIND,26-JUL-2021,1068.3,1085.0,1008.05,1026.5,24250,12705,2551
VAIBHAVGBL,26-JUL-2021,784.0,793.45,776.15,782.85,156164,39294,10622
VAISHALI,26-JUL-2021,43.5,43.5,41.0,41.9,115017,75276,707
VAKRANGEE,26-JUL-2021,37.4,38.4,36.9,37.2,2083563,1452000,13471
VALIANTORG,26-JUL-2021,1400.05,1464.7,1400.05,1434.05,42832,22785,4504
VARDHACRLC,26-JUL-2021,60.0,65.0,59.85,62.45,601139,319164,5347
VARDMNPOLY,26-JUL-2021,32.65,33.25,32.45,33.25,174774,113156,786
VARROC,26-JUL-2021,342.8,343.8,337.55,338.75,111718,73233,6977
VASCONEQ,26-JUL-2021,21.6,22.5,21.25,22.0,349893,252838,1175
VASWANI,26-JUL-2021,14.15,14.15,13.3,13.75,64688,43063,165
VBL,26-JUL-2021,736.0,754.4,736.0,751.05,446644,285591,24269
VEDL,26-JUL-2021,268.6,273.7,267.0,272.1,7303590,1865653,53420
VENKEYS,26-JUL-2021,3064.75,3244.95,3023.1,3162.7,151154,41004,16493
VENUSREM,26-JUL-2021,466.0,467.5,445.0,447.55,38345,21298,2356
VERTOZ,26-JUL-2021,148.5,152.9,143.8,146.95,381706,34824,5862
VESUVIUS,26-JUL-2021,1230.0,1238.95,1217.0,1225.55,12893,5993,1558
VETO,26-JUL-2021,126.05,133.0,124.85,130.3,272745,96481,6641
VGUARD,26-JUL-2021,252.5,256.5,252.0,254.65,471071,209817,9590
VHL,26-JUL-2021,3340.0,3340.0,3204.85,3241.3,982,666,261
VIDHIING,26-JUL-2021,284.2,288.3,275.85,283.6,119148,46949,4993
VIKASECO,26-JUL-2021,2.2,2.2,2.2,2.2,9326505,9226505,361
VIKASLIFE,26-JUL-2021,4.7,4.7,4.7,4.7,1961414,1961414,872
VIKASPROP,26-JUL-2021,2.7,2.7,2.6,2.65,1082827,715779,1103
VIKASWSP,26-JUL-2021,5.85,5.85,5.6,5.65,241201,166853,423
VIMTALABS,26-JUL-2021,327.9,328.1,311.75,316.1,141383,75239,4793
VINATIORGA,26-JUL-2021,1940.1,1970.0,1920.6,1947.5,46146,18746,5601
VINDHYATEL,26-JUL-2021,1399.0,1408.3,1356.55,1367.45,18012,9616,2868
VINEETLAB,26-JUL-2021,119.0,119.0,112.6,113.75,83604,42922,1457
VINYLINDIA,26-JUL-2021,155.0,158.15,155.0,156.15,46462,23491,1654
VIPCLOTHNG,26-JUL-2021,25.15,25.45,24.4,25.45,1286976,962336,3452
VIPIND,26-JUL-2021,415.0,415.45,400.3,403.3,125056,51399,4228
VIPULLTD,26-JUL-2021,40.0,41.95,39.0,41.05,640680,590146,1102
VISAKAIND,26-JUL-2021,837.7,850.0,808.0,830.15,214970,94593,13915
VISASTEEL,26-JUL-2021,10.6,10.75,10.15,10.55,139761,99438,435
VISHAL,26-JUL-2021,101.0,105.8,98.3,105.8,1333254,628368,4886
VISHNU,26-JUL-2021,665.0,669.5,640.05,644.05,22005,14325,1199
VISHWARAJ,26-JUL-2021,151.25,152.6,148.6,149.05,453553,183229,4843
VIVIDHA,26-JUL-2021,0.8,0.85,0.75,0.75,17033553,13733013,2579
VIVIMEDLAB,26-JUL-2021,24.0,24.1,23.5,23.6,134132,93782,938
VLSFINANCE,26-JUL-2021,239.0,248.0,237.0,244.4,191487,110437,4818
VMART,26-JUL-2021,3370.0,3411.75,3293.5,3354.35,19175,7926,3741
VOLTAMP,26-JUL-2021,1525.0,1550.0,1525.0,1530.5,6944,4656,1053
VOLTAS,26-JUL-2021,1040.25,1047.85,1025.1,1026.95,686849,408267,15883
VRLLOG,26-JUL-2021,298.9,310.4,295.0,308.85,304093,125425,10025
VSSL,26-JUL-2021,260.0,268.0,255.0,261.65,279841,121295,9318
VSTIND,26-JUL-2021,3500.0,3554.0,3483.15,3495.95,8380,4507,2450
VSTTILLERS,26-JUL-2021,2065.0,2141.95,2050.0,2069.1,17615,9153,3135
VTL,26-JUL-2021,1799.0,1842.0,1793.3,1815.9,173650,104135,11494
WABAG,26-JUL-2021,347.9,361.2,345.55,357.45,324875,174129,9484
WABCOINDIA,26-JUL-2021,7101.5,7212.05,7051.0,7070.75,3998,2233,1541
WALCHANNAG,26-JUL-2021,69.1,69.9,68.25,68.55,108524,58452,1627
WATERBASE,26-JUL-2021,128.4,128.9,126.3,127.5,227593,85302,4024
WEBELSOLAR,26-JUL-2021,67.25,68.65,65.3,65.3,198736,113437,1837
WEIZMANIND,26-JUL-2021,58.95,59.0,55.65,56.7,20837,15871,280
WELCORP,26-JUL-2021,147.0,150.4,145.0,145.8,2129592,886659,15814
WELENT,26-JUL-2021,108.95,109.85,108.3,109.05,143366,83516,2173
WELINV,26-JUL-2021,444.95,457.2,427.5,432.6,4606,3821,310
WELSPUNIND,26-JUL-2021,126.3,127.4,125.0,125.5,1324222,698199,11595
WENDT,26-JUL-2021,4950.0,4972.35,4649.85,4685.75,10616,3852,3336
WESTLIFE,26-JUL-2021,525.0,549.9,524.15,548.25,397765,176309,12943
WHEELS,26-JUL-2021,833.95,908.0,801.1,899.85,264663,104887,12486
WHIRLPOOL,26-JUL-2021,2192.0,2244.0,2182.1,2224.95,194485,141298,8315
WILLAMAGOR,26-JUL-2021,23.25,23.25,21.8,21.85,30089,17853,164
WINDMACHIN,26-JUL-2021,40.7,40.7,39.1,40.0,150165,104682,810
WIPRO,26-JUL-2021,600.1,600.5,588.25,590.45,6099903,2613996,99789
WOCKPHARMA,26-JUL-2021,549.7,564.4,546.3,549.65,506424,169811,14150
WONDERLA,26-JUL-2021,253.0,253.9,240.2,243.5,92808,26836,7163
WORTH,26-JUL-2021,103.65,105.4,100.95,102.55,42764,24459,1011
WSTCSTPAPR,26-JUL-2021,252.0,252.15,246.1,248.0,155564,71635,3946
XCHANGING,26-JUL-2021,132.0,137.85,130.0,132.25,2091936,941153,23608
XPROINDIA,26-JUL-2021,299.95,321.8,292.7,292.7,210027,159813,3365
YESBANK,26-JUL-2021,13.8,14.1,13.25,13.3,252916364,107623279,160278
ZEEL,26-JUL-2021,205.45,209.2,204.55,205.75,5690399,2164250,34462
ZEELEARN,26-JUL-2021,14.85,16.2,14.5,15.85,6111026,3468799,7971
ZEEMEDIA,26-JUL-2021,12.75,13.15,12.75,12.75,6617458,4467525,3146
ZENITHEXPO,26-JUL-2021,87.2,88.85,86.0,87.3,3358,1999,99
ZENSARTECH,26-JUL-2021,378.7,396.4,376.65,388.35,1843611,679765,34228
ZENTEC,26-JUL-2021,95.15,95.95,93.0,93.55,620885,259957,8701
ZODIACLOTH,26-JUL-2021,138.7,143.45,136.6,137.85,124951,64173,2786
ZODJRDMKJ,26-JUL-2021,32.5,33.95,31.7,32.3,2222,1372,44
ZOMATO,26-JUL-2021,126.35,143.75,125.3,140.65,249723854,56416984,1034160
ZOTA,26-JUL-2021,236.05,246.9,236.05,243.75,34424,22226,1159
ZYDUSWELL,26-JUL-2021,2213.75,2231.95,2191.0,2203.1,13232,7605,1817
