20MICRONS,02-AUG-2021,66.7,68.4,66.2,66.6,191472,116355,2267
21STCENMGM,02-AUG-2021,23.0,23.0,23.0,23.0,9988,9988,30
3MINDIA,02-AUG-2021,24874.0,24874.0,24500.0,24672.55,1022,545,743
5PAISA,02-AUG-2021,509.95,523.2,509.95,514.85,40060,15461,1804
63MOONS,02-AUG-2021,100.0,105.8,99.3,103.6,326478,126659,3078
A2ZINFRA,02-AUG-2021,5.3,5.4,5.2,5.25,290956,197154,393
AAKASH,02-AUG-2021,262.0,268.4,256.0,259.25,83647,37516,672
AARON,02-AUG-2021,125.5,125.5,115.15,116.9,26552,17728,611
AARTIDRUGS,02-AUG-2021,670.0,674.2,664.25,669.45,351309,208707,10139
AARTIIND,02-AUG-2021,946.0,965.0,930.1,948.15,1446669,366685,52066
AARTISURF,02-AUG-2021,1540.0,1548.8,1501.0,1514.45,36613,20789,4070
AARVEEDEN,02-AUG-2021,28.45,28.55,27.5,28.55,119841,100372,692
AARVI,02-AUG-2021,69.05,70.55,69.05,70.1,69728,61420,374
AAVAS,02-AUG-2021,2550.0,2588.75,2446.0,2469.7,91187,52661,16545
ABAN,02-AUG-2021,46.0,48.35,45.0,48.35,326794,159600,3687
ABB,02-AUG-2021,1702.2,1734.65,1661.4,1683.45,223836,61009,20653
ABBOTINDIA,02-AUG-2021,19000.0,19994.7,18999.0,19750.7,46979,14123,14881
ABCAPITAL,02-AUG-2021,116.95,120.8,115.75,118.95,5367390,1888580,37066
ABFRL,02-AUG-2021,227.0,229.5,221.7,224.5,2897320,667767,25775
ABSLBANETF,02-AUG-2021,346.34,346.34,345.53,345.53,130,118,11
ABSLNN50ET,02-AUG-2021,401.0,407.0,401.0,402.31,220,168,27
ACC,02-AUG-2021,2395.0,2434.4,2381.2,2424.0,464987,171593,28026
ACCELYA,02-AUG-2021,1375.3,1388.0,1330.35,1348.4,43772,15573,3759
ACCURACY,02-AUG-2021,92.15,97.2,91.05,95.5,92348,51788,760
ACE,02-AUG-2021,257.95,261.9,245.15,255.5,1376923,461022,26373
ACRYSIL,02-AUG-2021,635.0,681.45,625.2,678.0,335866,198320,10926
ADANIENT,02-AUG-2021,1435.0,1445.0,1424.1,1438.2,2483790,704626,46243
ADANIPORTS,02-AUG-2021,682.0,695.0,678.0,692.0,8925708,1375114,127572
ADFFOODS,02-AUG-2021,910.0,960.0,880.0,886.4,47752,22319,4639
ADORWELD,02-AUG-2021,725.45,740.0,725.0,735.45,12035,8091,1320
ADSL,02-AUG-2021,72.95,72.95,69.1,69.5,326604,212780,2592
ADVANIHOTR,02-AUG-2021,73.95,74.0,72.1,72.5,35942,27348,394
ADVENZYMES,02-AUG-2021,403.0,427.75,401.2,425.3,1233999,528294,32715
AEGISCHEM,02-AUG-2021,321.15,322.0,303.0,306.9,1446692,1013922,27125
AGARIND,02-AUG-2021,350.0,364.0,349.0,362.6,76058,62634,1278
AGRITECH,02-AUG-2021,47.35,49.7,47.3,49.7,40579,30612,218
AGROPHOS,02-AUG-2021,16.35,16.35,15.6,15.7,47125,30346,286
AHLADA,02-AUG-2021,219.0,226.55,218.55,226.55,186662,167281,1310
AHLEAST,02-AUG-2021,195.4,195.4,189.05,190.15,8154,5770,662
AHLUCONT,02-AUG-2021,399.0,411.0,386.85,395.85,42055,15767,2867
AHLWEST,02-AUG-2021,290.0,290.0,274.6,278.75,9580,6207,420
AIAENG,02-AUG-2021,2018.95,2019.0,1959.0,1964.75,37629,16743,4797
AJANTPHARM,02-AUG-2021,2320.55,2339.95,2230.0,2253.55,97716,35975,11033
AJOONI,02-AUG-2021,62.55,62.9,58.35,61.8,120926,58529,596
AKASH,02-AUG-2021,201.7,201.7,193.0,193.85,9941,6341,342
AKG,02-AUG-2021,26.8,26.8,24.75,25.3,3897,2195,73
AKSHARCHEM,02-AUG-2021,450.0,451.95,438.95,442.2,18439,8869,1783
AKZOINDIA,02-AUG-2021,2288.0,2291.05,2268.05,2280.4,6342,4097,1117
ALANKIT,02-AUG-2021,19.5,19.5,17.9,18.15,6064181,2317738,9458
ALBERTDAVD,02-AUG-2021,549.45,562.05,547.15,548.15,16373,7290,1424
ALEMBICLTD,02-AUG-2021,121.05,123.75,121.0,122.65,433654,176044,5342
ALICON,02-AUG-2021,802.85,817.05,788.05,803.35,40200,25085,3277
ALKALI,02-AUG-2021,90.5,92.9,87.45,91.7,80256,54527,2590
ALKEM,02-AUG-2021,3455.0,3500.0,3432.05,3482.4,165245,48301,27914
ALKYLAMINE,02-AUG-2021,4418.45,4481.85,4385.0,4413.9,72874,45181,17705
ALLCARGO,02-AUG-2021,200.0,217.0,195.5,212.35,6474688,2925365,51739
ALLSEC,02-AUG-2021,438.45,454.2,433.3,444.7,21468,12223,1120
ALMONDZ,02-AUG-2021,67.95,67.95,63.5,64.05,7204,5199,275
ALOKINDS,02-AUG-2021,24.35,24.9,24.35,24.5,5326708,2879153,11443
ALPA,02-AUG-2021,48.9,50.6,48.25,49.35,46309,32236,592
ALPHAGEO,02-AUG-2021,310.3,351.4,310.1,340.4,522718,137778,12553
AMARAJABAT,02-AUG-2021,723.7,727.45,717.25,720.45,841959,249455,25915
AMBER,02-AUG-2021,3000.0,3055.0,2995.0,3017.65,39605,20086,8693
AMBICAAGAR,02-AUG-2021,18.0,18.35,17.6,18.0,22089,17342,177
AMBIKCO,02-AUG-2021,1629.0,1705.3,1603.65,1670.9,182484,71031,15970
AMBUJACEM,02-AUG-2021,412.0,419.95,410.45,418.1,2758639,783484,39734
AMDIND,02-AUG-2021,31.45,32.15,29.95,30.35,86335,53564,544
AMJLAND,02-AUG-2021,38.0,38.0,36.4,36.8,194883,129756,1239
AMRUTANJAN,02-AUG-2021,685.0,703.0,685.0,696.15,37310,19036,3624
ANDHRAPAP,02-AUG-2021,256.2,264.65,255.55,258.1,71293,25553,2372
ANDHRSUGAR,02-AUG-2021,562.0,568.95,556.5,558.65,61988,31459,2663
ANGELBRKG,02-AUG-2021,1204.0,1305.95,1198.2,1305.95,1032947,458361,18688
ANIKINDS,02-AUG-2021,22.5,22.95,22.0,22.05,15685,12067,86
ANMOL,02-AUG-2021,169.45,169.5,167.0,167.6,25659,4657,127
ANSALAPI,02-AUG-2021,9.2,9.35,9.1,9.35,129080,106933,165
ANSALHSG,02-AUG-2021,8.35,8.75,8.25,8.75,115728,99799,194
ANUP,02-AUG-2021,1039.7,1049.75,1021.65,1036.05,42343,22849,4082
ANURAS,02-AUG-2021,729.9,740.0,721.1,723.45,182554,122169,4613
APARINDS,02-AUG-2021,655.05,670.15,655.05,659.2,97153,43608,5628
APCL,02-AUG-2021,499.0,499.0,480.55,487.85,46748,23352,2936
APCOTEXIND,02-AUG-2021,345.0,363.5,339.0,352.75,370773,232229,8823
APEX,02-AUG-2021,380.4,392.0,375.35,378.9,245639,45350,10580
APLAPOLLO,02-AUG-2021,1775.0,1787.0,1759.4,1773.45,181463,135000,14817
APLLTD,02-AUG-2021,794.7,794.7,777.0,781.0,540881,232945,21499
APOLLO,02-AUG-2021,116.3,119.7,116.3,117.4,126180,61524,3417
APOLLOHOSP,02-AUG-2021,4059.65,4092.95,4035.05,4048.15,344295,158830,23331
APOLLOPIPE,02-AUG-2021,1218.0,1410.0,1215.3,1337.65,440663,172960,30802
APOLLOTYRE,02-AUG-2021,224.85,229.75,224.0,228.6,3693403,978085,38749
APOLSINHOT,02-AUG-2021,778.0,778.0,706.4,714.8,3314,1902,373
APTECHT,02-AUG-2021,289.0,296.9,281.75,285.65,535888,179902,9908
ARENTERP,02-AUG-2021,17.25,18.65,17.0,17.05,5679,4343,86
ARIES,02-AUG-2021,171.5,183.4,170.0,179.05,325033,124198,7016
ARIHANT,02-AUG-2021,27.55,28.25,26.25,27.55,33047,19748,299
ARIHANTCAP,02-AUG-2021,176.45,176.5,167.5,168.05,71742,42841,2159
ARIHANTSUP,02-AUG-2021,101.55,101.55,100.05,101.55,119344,103536,556
ARMANFIN,02-AUG-2021,714.1,764.7,712.1,753.05,22313,14112,1885
AROGRANITE,02-AUG-2021,77.95,78.3,75.4,76.05,213954,100031,3449
ARROWGREEN,02-AUG-2021,154.45,156.45,150.15,153.8,14347,8226,681
ARSHIYA,02-AUG-2021,29.35,29.45,28.5,28.75,76200,60813,447
ARSSINFRA,02-AUG-2021,31.05,32.5,31.0,31.75,32225,25792,431
ARTEMISMED,02-AUG-2021,383.75,386.0,378.5,384.6,12031,9249,425
ARVIND,02-AUG-2021,105.1,106.95,104.65,105.9,1984634,1215665,14694
ARVINDFASN,02-AUG-2021,211.5,213.95,206.0,210.45,475635,278783,6604
ARVSMART,02-AUG-2021,131.4,137.7,130.2,135.3,443570,179110,6808
ASAHIINDIA,02-AUG-2021,386.95,393.0,375.3,377.3,232667,56823,13885
ASAHISONG,02-AUG-2021,423.7,423.7,400.1,413.25,233599,126596,10171
ASALCBR,02-AUG-2021,481.0,486.45,450.55,453.55,166260,73867,7879
ASHIANA,02-AUG-2021,174.45,187.0,174.2,179.1,641562,335189,11124
ASHIMASYN,02-AUG-2021,20.0,20.25,19.25,19.7,89229,72523,261
ASHOKA,02-AUG-2021,108.25,110.0,105.35,106.05,1643593,578314,12010
ASHOKLEY,02-AUG-2021,134.95,137.35,133.55,134.8,17574942,3974792,91457
ASIANHOTNR,02-AUG-2021,91.6,94.35,89.35,92.2,12126,6961,284
ASIANPAINT,02-AUG-2021,2985.6,2986.8,2960.65,2974.05,832285,497727,52082
ASIANTILES,02-AUG-2021,178.45,186.45,177.4,185.6,1552561,608216,16447
ASPINWALL,02-AUG-2021,227.9,229.8,223.0,227.55,17558,11044,1186
ASTEC,02-AUG-2021,1388.25,1388.25,1353.3,1374.5,112804,99676,2888
ASTERDM,02-AUG-2021,165.05,166.15,161.4,161.85,361631,169672,5214
ASTRAL,02-AUG-2021,2085.5,2243.25,2072.5,2179.7,709339,295224,49517
ASTRAMICRO,02-AUG-2021,170.75,178.0,169.95,172.8,663355,202651,9914
ASTRAZEN,02-AUG-2021,3390.2,3412.0,3355.0,3363.15,15618,9228,2788
ASTRON,02-AUG-2021,61.7,62.2,55.1,57.4,1506943,376217,12591
ATFL,02-AUG-2021,1002.95,1017.6,993.15,995.75,7703,3766,1298
ATUL,02-AUG-2021,9096.4,9149.35,9073.65,9097.3,9909,6575,2889
ATULAUTO,02-AUG-2021,218.95,226.2,218.25,220.4,636902,168457,17936
AUBANK,02-AUG-2021,1229.0,1232.5,1206.3,1223.7,1371183,547066,47580
AUROPHARMA,02-AUG-2021,920.1,924.7,912.65,918.3,1008260,498297,35108
AUTOAXLES,02-AUG-2021,1488.9,1488.9,1381.9,1398.5,35873,19367,5314
AUTOIND,02-AUG-2021,72.45,72.45,72.35,72.45,78163,55983,474
AVADHSUGAR,02-AUG-2021,500.5,512.8,491.75,501.65,358176,97606,10858
AVANTIFEED,02-AUG-2021,640.4,673.8,637.5,645.25,1412089,346614,52036
AVTNPL,02-AUG-2021,81.45,81.45,77.0,77.45,280977,113048,4207
AWHCL,02-AUG-2021,345.0,349.4,342.6,344.8,40460,26937,2094
AXISBANK,02-AUG-2021,715.0,725.55,712.0,721.15,6823345,3387895,122142
AXISBNKETF,02-AUG-2021,344.78,349.09,344.78,347.22,736,434,31
AXISBPSETF,02-AUG-2021,10.18,10.48,10.17,10.19,38339,32826,101
AXISCADES,02-AUG-2021,93.8,96.7,92.45,94.15,80988,52581,1013
AXISGOLD,02-AUG-2021,41.7,41.7,41.45,41.46,69831,53281,4159
AXISHCETF,02-AUG-2021,87.01,88.89,87.01,87.78,5824,4644,343
AXISNIFTY,02-AUG-2021,167.0,168.05,160.73,166.19,6179,3534,191
AXISTECETF,02-AUG-2021,307.0,307.0,303.1,304.0,1217,969,49
AYMSYNTEX,02-AUG-2021,80.5,80.5,77.3,77.4,156253,100217,1741
BAFNAPH,02-AUG-2021,161.7,161.7,150.2,159.8,12739,8352,488
BAGFILMS,02-AUG-2021,3.75,3.85,3.7,3.85,123509,96223,134
BAJAJ-AUTO,02-AUG-2021,3874.0,3880.0,3813.2,3841.55,351187,166128,43368
BAJAJCON,02-AUG-2021,289.6,289.9,286.1,289.15,390055,195297,12137
BAJAJELEC,02-AUG-2021,1166.0,1182.45,1145.0,1150.2,106925,45573,9801
BAJAJFINSV,02-AUG-2021,14375.0,14399.95,14082.55,14125.15,264709,67327,44561
BAJAJHLDNG,02-AUG-2021,4025.0,4080.0,3966.55,3992.1,34942,20099,6934
BAJFINANCE,02-AUG-2021,6270.0,6283.95,6170.0,6200.5,1012435,367327,91701
BALAJITELE,02-AUG-2021,70.75,71.7,70.05,70.3,583097,178890,4232
BALAMINES,02-AUG-2021,3292.6,3341.0,3233.0,3318.25,109334,55166,11931
BALAXI,02-AUG-2021,580.0,592.0,574.0,580.45,6103,4273,493
BALKRISIND,02-AUG-2021,2386.3,2527.55,2386.3,2499.4,1419956,362613,62378
BALMLAWRIE,02-AUG-2021,136.0,137.25,135.6,135.95,205669,120110,2799
BALPHARMA,02-AUG-2021,96.35,99.8,95.3,99.8,54423,42180,655
BALRAMCHIN,02-AUG-2021,384.5,384.5,365.0,367.35,1605435,866202,32857
BANARBEADS,02-AUG-2021,87.4,93.0,86.3,87.9,99865,40547,2804
BANARISUG,02-AUG-2021,1813.95,1841.4,1813.9,1828.6,2224,1482,383
BANCOINDIA,02-AUG-2021,173.0,176.5,170.9,172.2,429248,215370,11143
BANDHANBNK,02-AUG-2021,294.9,307.8,294.25,299.55,17383254,5702595,156413
BANKA,02-AUG-2021,63.25,69.95,63.25,68.45,15006,11323,254
BANKBARODA,02-AUG-2021,80.95,81.75,80.3,80.75,17536889,3935150,43900
BANKBEES,02-AUG-2021,348.5,351.6,348.2,349.3,387561,246928,6080
BANKINDIA,02-AUG-2021,75.6,76.3,73.6,74.2,4479220,1612571,17702
BANSWRAS,02-AUG-2021,225.6,232.8,225.6,232.8,44362,38457,543
BARBEQUE,02-AUG-2021,890.0,919.0,880.25,890.05,116362,27154,6908
BASF,02-AUG-2021,2900.0,2959.95,2883.35,2921.8,53549,25592,5054
BASML,02-AUG-2021,106.0,106.8,100.55,102.8,207887,135952,1974
BATAINDIA,02-AUG-2021,1629.8,1699.35,1622.55,1681.7,761229,225254,30046
BAYERCROP,02-AUG-2021,5810.0,5851.05,5770.0,5780.2,5025,2565,1681
BBL,02-AUG-2021,1384.95,1392.0,1362.1,1372.95,9593,4839,1781
BBTC,02-AUG-2021,1245.95,1260.45,1241.0,1246.45,63525,24812,4818
BCLIND,02-AUG-2021,265.9,266.0,258.0,260.45,82827,36716,5393
BCP,02-AUG-2021,4.0,4.05,3.8,3.9,463545,301484,548
BDL,02-AUG-2021,420.8,429.2,408.0,416.05,618158,265165,14964
BEARDSELL,02-AUG-2021,17.45,17.75,17.3,17.75,99459,65226,176
BECTORFOOD,02-AUG-2021,432.35,438.0,425.15,427.3,219718,116395,8980
BEL,02-AUG-2021,185.0,187.0,183.45,183.8,7028068,3510241,53865
BEML,02-AUG-2021,1309.0,1329.5,1289.5,1317.2,183168,72449,10962
BEPL,02-AUG-2021,189.35,204.0,188.1,200.75,7871736,2561948,60314
BERGEPAINT,02-AUG-2021,845.0,849.3,838.3,841.05,703222,412980,22569
BESTAGRO,02-AUG-2021,571.9,582.5,555.0,579.9,50694,34377,1289
BFINVEST,02-AUG-2021,389.1,402.95,388.15,393.6,54946,14119,3479
BFUTILITIE,02-AUG-2021,491.05,505.95,487.6,491.55,356389,98059,9658
BGRENERGY,02-AUG-2021,64.1,65.75,64.1,64.5,114510,61415,1425
BHAGERIA,02-AUG-2021,276.3,279.4,272.05,273.2,68345,27534,3465
BHAGYANGR,02-AUG-2021,50.45,50.5,49.05,49.8,49739,27420,455
BHAGYAPROP,02-AUG-2021,31.85,31.85,29.7,30.3,60386,34128,520
BHANDARI,02-AUG-2021,3.4,3.5,3.35,3.45,294959,150883,482
BHARATFORG,02-AUG-2021,777.25,787.0,771.0,785.3,1360852,816703,23828
BHARATGEAR,02-AUG-2021,126.0,128.9,124.5,125.1,59581,33438,1608
BHARATRAS,02-AUG-2021,13499.45,13789.0,13441.0,13644.3,2559,1120,1410
BHARTIARTL,02-AUG-2021,566.0,569.95,560.0,565.15,6254864,2315500,93942
BHEL,02-AUG-2021,58.1,61.35,57.15,59.85,73899617,15018405,126292
BIGBLOC,02-AUG-2021,111.0,115.95,111.0,113.3,32776,14020,497
BIL,02-AUG-2021,235.3,235.3,223.1,224.3,5586,4182,359
BINDALAGRO,02-AUG-2021,28.5,31.1,28.5,30.65,589406,279546,3259
BIOCON,02-AUG-2021,387.3,391.8,386.45,390.0,2419224,1056319,31005
BIOFILCHEM,02-AUG-2021,71.9,71.9,70.2,70.9,41925,24751,753
BIRLACORPN,02-AUG-2021,1500.0,1518.0,1473.1,1482.55,230929,156696,13320
BIRLAMONEY,02-AUG-2021,73.9,75.9,73.35,74.3,283829,127820,2828
BIRLATYRE,02-AUG-2021,28.8,29.3,28.35,28.45,407528,305324,2241
BLBLIMITED,02-AUG-2021,13.85,13.85,13.55,13.85,23071,20478,99
BLISSGVS,02-AUG-2021,120.3,128.45,116.15,126.5,12461473,1814164,94913
BLKASHYAP,02-AUG-2021,25.25,26.5,25.0,26.45,967963,678547,1384
BLS,02-AUG-2021,153.25,154.5,150.1,151.0,402385,204125,5888
BLUEDART,02-AUG-2021,5444.0,5480.0,5339.1,5447.65,38427,22514,7186
BLUESTARCO,02-AUG-2021,843.0,851.6,837.8,846.4,44337,23057,4250
BODALCHEM,02-AUG-2021,120.05,123.2,120.0,121.0,950993,396840,7624
BOMDYEING,02-AUG-2021,105.35,111.7,104.35,109.95,11254187,2375666,49766
BOROLTD,02-AUG-2021,215.9,220.5,215.05,219.65,141651,86070,2950
BOSCHLTD,02-AUG-2021,15073.05,15347.0,15005.1,15300.1,43686,21613,11290
BPCL,02-AUG-2021,448.05,459.9,446.5,457.8,4982840,2506297,66224
BPL,02-AUG-2021,40.0,40.0,39.1,39.4,84353,55315,962
BRIGADE,02-AUG-2021,324.75,342.0,320.8,334.25,1563984,516659,36334
BRITANNIA,02-AUG-2021,3446.7,3542.0,3440.05,3504.65,1887580,833436,129727
BRNL,02-AUG-2021,35.5,36.3,35.05,35.4,56390,40630,635
BROOKS,02-AUG-2021,89.05,93.2,88.85,93.2,52325,47284,333
BSE,02-AUG-2021,1265.9,1286.0,1257.8,1277.4,704082,251127,33936
BSL,02-AUG-2021,75.35,75.35,69.4,69.4,62472,47859,876
BSLGOLDETF,02-AUG-2021,4400.0,4403.0,4368.0,4388.55,389,190,86
BSLNIFTY,02-AUG-2021,176.39,176.39,173.05,175.85,653,347,42
BSOFT,02-AUG-2021,405.0,406.0,396.1,397.2,1175008,671245,29561
BURGERKING,02-AUG-2021,182.0,189.6,181.0,185.85,6519004,2146028,54155
BYKE,02-AUG-2021,30.15,31.4,30.1,31.4,104439,65749,617
CADILAHC,02-AUG-2021,590.0,593.75,584.75,591.85,1308091,533018,23889
CAMLINFINE,02-AUG-2021,189.9,194.4,188.95,190.7,806923,368811,10890
CAMS,02-AUG-2021,3378.0,3527.7,3350.0,3497.35,450748,106512,37553
CANBK,02-AUG-2021,154.7,157.75,154.15,155.6,15142755,6360409,65721
CANFINHOME,02-AUG-2021,542.0,566.0,540.45,554.65,737707,312106,16271
CANTABIL,02-AUG-2021,405.0,410.8,404.0,406.05,11855,7115,772
CAPACITE,02-AUG-2021,231.05,252.0,231.05,241.4,1349185,729633,26013
CAPLIPOINT,02-AUG-2021,886.0,918.95,886.0,895.75,446412,94368,24579
CAPTRUST,02-AUG-2021,108.45,111.0,106.9,108.6,9039,5192,282
CARBORUNIV,02-AUG-2021,679.9,749.9,678.75,708.0,2896245,348878,112469
CAREERP,02-AUG-2021,174.55,178.0,164.2,166.9,171987,120995,3784
CARERATING,02-AUG-2021,729.0,778.95,728.15,767.5,954824,303134,33089
CASTROLIND,02-AUG-2021,139.3,140.2,138.0,138.15,1082877,652526,19975
CCL,02-AUG-2021,441.8,441.8,426.2,428.85,745110,264082,22288
CEATLTD,02-AUG-2021,1362.3,1379.8,1362.0,1367.15,187834,72308,10096
CELEBRITY,02-AUG-2021,14.3,14.3,14.3,14.3,37541,37541,45
CENTENKA,02-AUG-2021,489.9,514.1,487.95,509.1,528820,182178,17325
CENTEXT,02-AUG-2021,10.45,10.45,9.8,10.0,462900,313797,916
CENTRALBK,02-AUG-2021,24.5,24.6,23.35,23.75,9299440,3402679,13157
CENTRUM,02-AUG-2021,50.0,51.0,49.15,49.75,5857829,642124,14031
CENTUM,02-AUG-2021,538.0,540.75,525.5,530.4,64836,48106,3848
CENTURYPLY,02-AUG-2021,428.25,434.0,424.25,432.15,99748,68350,4158
CENTURYTEX,02-AUG-2021,802.95,834.7,795.15,822.6,2153873,357925,56502
CERA,02-AUG-2021,4520.0,4620.0,4482.9,4567.1,58331,37939,5395
CEREBRAINT,02-AUG-2021,62.0,63.9,60.55,60.8,2228656,1217592,9201
CESC,02-AUG-2021,840.0,853.0,821.0,823.05,569292,273367,23634
CGCL,02-AUG-2021,534.95,548.9,528.05,543.95,55877,23083,8539
CHALET,02-AUG-2021,180.5,180.5,175.5,176.8,107284,48672,3401
CHAMBLFERT,02-AUG-2021,308.7,313.65,307.1,310.25,1535139,737544,29994
CHEMBOND,02-AUG-2021,235.0,262.95,235.0,260.1,706362,204266,22309
CHEMCON,02-AUG-2021,504.6,524.6,501.1,522.4,576330,261658,22234
CHEMFAB,02-AUG-2021,185.0,186.25,177.4,180.35,37600,26462,1486
CHENNPETRO,02-AUG-2021,114.95,115.55,114.0,114.45,603141,315957,6053
CHOLAFIN,02-AUG-2021,473.65,528.9,470.0,526.45,15993336,3957272,219568
CHOLAHLDNG,02-AUG-2021,661.0,671.8,645.1,652.25,158242,120846,5711
CIGNITITEC,02-AUG-2021,575.0,596.35,571.2,573.45,139826,82072,4994
CINELINE,02-AUG-2021,64.2,69.5,63.25,67.0,1029981,332263,16603
CIPLA,02-AUG-2021,928.3,933.6,913.4,921.05,2981630,1100448,77989
CLEAN,02-AUG-2021,1693.5,1709.9,1660.0,1666.45,288875,137338,22013
CLEDUCATE,02-AUG-2021,161.85,167.3,153.25,158.15,99172,68086,1738
CLNINDIA,02-AUG-2021,621.9,625.9,615.15,617.8,64726,36148,4106
CLSEL,02-AUG-2021,147.0,150.05,145.75,146.65,89883,50767,2747
CMICABLES,02-AUG-2021,54.6,59.35,53.8,54.8,114193,67633,1618
COALINDIA,02-AUG-2021,144.3,144.9,143.1,143.9,6164197,2980663,46962
COCHINSHIP,02-AUG-2021,376.7,380.7,374.0,374.7,181830,106649,4999
COFFEEDAY,02-AUG-2021,40.5,40.9,38.5,38.95,1503907,1080519,7754
COFORGE,02-AUG-2021,5114.6,5188.0,5090.05,5142.1,207068,51369,22728
COLPAL,02-AUG-2021,1705.0,1716.0,1676.0,1677.85,662042,293588,37172
COMPINFO,02-AUG-2021,30.25,31.5,29.7,30.35,450460,199333,2425
COMPUSOFT,02-AUG-2021,14.0,14.5,13.6,14.35,109881,66645,597
CONCOR,02-AUG-2021,660.0,694.15,654.5,691.3,5654405,1327244,99424
CONFIPET,02-AUG-2021,62.65,63.9,62.5,62.65,434271,283499,3487
CONSOFINVT,02-AUG-2021,127.95,127.95,125.4,126.05,20561,17971,189
CONTROLPR,02-AUG-2021,400.0,400.0,392.25,394.35,22200,13640,1694
CORALFINAC,02-AUG-2021,51.75,55.0,51.25,53.4,443457,300190,2944
CORDSCABLE,02-AUG-2021,63.95,64.0,62.55,63.2,41572,26523,583
COROMANDEL,02-AUG-2021,920.0,929.8,906.85,913.8,770359,274296,34974
COSMOFILMS,02-AUG-2021,1195.15,1245.0,1188.1,1237.35,92146,39972,7031
COUNCODOS,02-AUG-2021,3.5,3.5,3.5,3.5,57825,57825,96
CPSEETF,02-AUG-2021,26.2,26.2,25.8,26.0,13138236,13071287,7130
CRAFTSMAN,02-AUG-2021,2019.0,2073.45,2000.0,2062.3,41373,23787,5145
CREATIVEYE,02-AUG-2021,3.8,3.85,3.8,3.85,12072,11322,29
CREDITACC,02-AUG-2021,663.1,668.1,651.65,655.55,46707,22686,3908
CRISIL,02-AUG-2021,2805.2,3020.2,2805.2,2996.8,209175,35176,23372
CROMPTON,02-AUG-2021,487.0,495.7,483.5,489.75,1749240,1332604,64701
CSBBANK,02-AUG-2021,354.2,354.2,342.2,343.6,226679,69253,8189
CTE,02-AUG-2021,91.6,93.95,90.0,93.95,168878,127222,1472
CUB,02-AUG-2021,151.05,154.1,150.7,151.3,1607938,777462,18661
CUBEXTUB,02-AUG-2021,27.55,28.65,27.5,28.3,12746,9350,73
CUMMINSIND,02-AUG-2021,852.95,871.25,852.95,860.45,482392,112129,17203
CUPID,02-AUG-2021,249.7,254.6,243.8,246.05,123719,63274,5413
CYBERTECH,02-AUG-2021,194.2,199.8,192.2,193.4,173979,91619,4409
CYIENT,02-AUG-2021,995.7,996.0,985.0,990.0,120497,73996,14856
DAAWAT,02-AUG-2021,76.65,77.1,74.0,74.3,1975121,1215015,13914
DABUR,02-AUG-2021,605.9,609.0,594.05,599.05,5788412,3817330,49568
DALBHARAT,02-AUG-2021,2156.6,2181.85,2065.0,2161.45,800584,679332,26477
DALMIASUG,02-AUG-2021,495.0,516.55,465.35,472.65,781773,318573,22882
DANGEE,02-AUG-2021,192.0,192.0,182.6,184.35,10083,7531,168
DATAMATICS,02-AUG-2021,292.0,299.0,286.0,290.1,191113,89794,5529
DBCORP,02-AUG-2021,93.1,94.9,93.0,93.5,422779,189108,5433
DBL,02-AUG-2021,565.0,568.25,559.1,561.0,122066,54197,4116
DBREALTY,02-AUG-2021,25.6,26.9,25.55,26.75,1649168,1115971,2268
DBSTOCKBRO,02-AUG-2021,14.45,14.75,13.65,14.1,5346,2750,62
DCAL,02-AUG-2021,210.95,214.4,209.0,210.1,389775,167249,5200
DCBBANK,02-AUG-2021,105.8,106.0,103.5,103.95,561265,255274,5221
DCM,02-AUG-2021,57.95,57.95,57.95,57.95,12228,12228,83
DCMNVL,02-AUG-2021,214.8,220.15,213.55,220.1,141363,87491,1537
DCMSHRIRAM,02-AUG-2021,938.5,946.0,909.95,933.45,91850,46603,6641
DCW,02-AUG-2021,41.0,41.1,38.7,38.9,2652955,1411523,8727
DECCANCE,02-AUG-2021,756.0,779.95,748.65,771.15,244839,117811,13437
DEEPAKNTR,02-AUG-2021,2060.0,2093.7,2035.05,2061.3,1692703,342751,74626
DEEPINDS,02-AUG-2021,100.9,118.7,100.0,113.0,1233576,269655,8888
DELTACORP,02-AUG-2021,184.0,184.8,178.2,179.5,1259985,570652,12315
DELTAMAGNT,02-AUG-2021,53.6,55.45,53.6,54.4,6967,5799,131
DEN,02-AUG-2021,53.3,54.45,52.8,54.05,3183238,1514910,10866
DENORA,02-AUG-2021,389.9,437.95,384.25,416.95,362537,107324,12924
DFMFOODS,02-AUG-2021,369.15,370.75,364.85,368.25,146968,74273,5217
DHAMPURSUG,02-AUG-2021,357.95,361.0,351.0,352.2,318439,148632,7226
DHANBANK,02-AUG-2021,17.9,17.9,17.3,17.4,1276805,735251,2802
DHANI,02-AUG-2021,232.1,238.45,230.0,234.15,1809850,1201378,11058
DHANUKA,02-AUG-2021,950.0,960.6,912.85,927.7,125581,49478,9102
DHUNINV,02-AUG-2021,642.6,670.0,636.0,666.3,8350,5017,623
DIAMONDYD,02-AUG-2021,729.05,744.2,718.95,722.15,29877,10440,2391
DICIND,02-AUG-2021,499.0,534.5,487.5,522.25,112080,61719,4955
DISHTV,02-AUG-2021,14.3,14.3,14.0,14.05,2236805,1295037,7478
DIVISLAB,02-AUG-2021,4893.5,4962.15,4893.5,4928.95,359231,161220,39123
DIXON,02-AUG-2021,4322.0,4367.2,4304.6,4348.6,154217,90101,22787
DLF,02-AUG-2021,340.0,354.9,337.95,351.85,20614630,4272350,153791
DLINKINDIA,02-AUG-2021,159.1,160.7,154.05,155.5,616435,254811,8931
DMART,02-AUG-2021,3524.8,3524.8,3486.0,3502.4,147600,87577,15733
DNAMEDIA,02-AUG-2021,2.65,2.65,2.45,2.65,272589,197942,379
DODLA,02-AUG-2021,626.0,626.55,600.0,613.85,79329,33435,4998
DOLAT,02-AUG-2021,119.0,123.0,118.1,120.3,442931,225728,5009
DOLLAR,02-AUG-2021,354.9,374.9,349.85,370.25,893388,312615,19612
DONEAR,02-AUG-2021,62.9,62.9,57.8,58.5,293882,208622,3383
DPABHUSHAN,02-AUG-2021,194.8,207.05,185.95,189.5,143424,64649,3019
DPSCLTD,02-AUG-2021,16.75,16.75,15.4,16.15,244171,146097,892
DPWIRES,02-AUG-2021,214.2,220.0,209.05,216.8,69348,42413,2733
DRCSYSTEMS,02-AUG-2021,290.35,290.5,281.1,287.4,1726,1490,71
DREDGECORP,02-AUG-2021,388.5,402.75,386.25,393.55,176652,48974,6475
DRREDDY,02-AUG-2021,4739.0,4750.5,4687.6,4701.55,756346,281657,60787
DSSL,02-AUG-2021,149.0,152.7,145.2,146.85,16033,8920,532
DTIL,02-AUG-2021,529.3,549.9,526.05,546.4,37382,23292,2007
DVL,02-AUG-2021,317.0,340.0,313.5,337.6,313144,138880,9369
DWARKESH,02-AUG-2021,77.5,78.2,76.5,76.65,1619794,663746,8041
DYNAMATECH,02-AUG-2021,1715.0,1715.0,1680.1,1689.65,4539,2835,865
DYNPRO,02-AUG-2021,573.35,613.9,568.15,587.5,190213,91085,13510
EASEMYTRIP,02-AUG-2021,420.0,450.0,420.0,449.25,4498121,1389944,50808
EASTSILK,02-AUG-2021,3.8,3.8,3.8,3.8,12194,12194,27
EBANK,02-AUG-2021,3860.0,3860.0,3744.2,3856.52,3,2,3
EBBETF0423,02-AUG-2021,1143.0,1143.0,1141.44,1141.8,7259,5845,72
EBBETF0425,02-AUG-2021,1051.47,1052.5,1049.0,1052.32,3622,2595,115
EBBETF0430,02-AUG-2021,1180.0,1180.0,1158.5,1160.98,7936,7696,175
EBBETF0431,02-AUG-2021,1040.5,1042.5,1040.4,1042.34,11744,11202,209
EBIXFOREX,02-AUG-2021,605.15,642.25,605.15,621.25,2630,1064,404
EDELWEISS,02-AUG-2021,93.25,96.3,93.25,96.2,9569130,5045799,27090
EICHERMOT,02-AUG-2021,2558.8,2615.0,2535.3,2602.6,691444,198466,45689
EIDPARRY,02-AUG-2021,439.0,440.95,428.0,429.85,332713,139552,10060
EIHAHOTELS,02-AUG-2021,339.0,346.4,339.0,342.35,6448,3524,507
EIHOTEL,02-AUG-2021,113.95,113.95,111.0,111.25,291661,153321,4379
EIMCOELECO,02-AUG-2021,470.85,470.85,461.0,463.25,11325,7911,891
ELECON,02-AUG-2021,138.75,146.8,138.15,145.5,1398207,641614,13489
ELECTCAST,02-AUG-2021,39.1,39.85,38.4,39.25,1063470,657504,2976
ELECTHERM,02-AUG-2021,152.8,152.8,146.55,147.35,22146,13256,633
ELGIEQUIP,02-AUG-2021,222.5,226.4,219.9,225.0,1593668,825041,41568
ELGIRUBCO,02-AUG-2021,43.45,46.5,41.6,43.55,541383,206136,4217
EMAMILTD,02-AUG-2021,565.0,578.9,556.2,569.8,3053938,1138018,54903
EMAMIPAP,02-AUG-2021,185.9,199.85,185.7,195.9,607038,307759,12664
EMAMIREAL,02-AUG-2021,77.65,82.85,76.2,81.05,190261,93125,3963
EMKAY,02-AUG-2021,118.8,128.0,118.65,126.35,400765,203935,6187
EMMBI,02-AUG-2021,115.8,116.4,113.55,113.9,54423,37897,1673
ENDURANCE,02-AUG-2021,1809.5,1829.95,1735.0,1755.5,206028,96372,27718
ENERGYDEV,02-AUG-2021,11.7,11.7,11.25,11.5,60259,49729,291
ENGINERSIN,02-AUG-2021,75.45,75.75,73.9,74.6,1406112,932589,7827
ENIL,02-AUG-2021,210.65,226.95,210.1,225.4,516326,199040,12520
EPL,02-AUG-2021,257.0,257.9,251.1,255.75,395513,205870,16236
EQ30,02-AUG-2021,378.05,388.79,378.05,388.39,1331,959,150
EQUITAS,02-AUG-2021,126.95,127.15,122.25,126.45,2348464,1769406,11314
EQUITASBNK,02-AUG-2021,61.9,61.9,59.6,60.7,2375706,1215224,14386
ERIS,02-AUG-2021,798.0,802.75,765.0,779.15,193685,76132,10997
EROSMEDIA,02-AUG-2021,24.8,25.3,24.5,24.7,309038,187360,1274
ESABINDIA,02-AUG-2021,1895.0,1939.75,1895.0,1925.25,5162,3213,1436
ESCORTS,02-AUG-2021,1184.0,1204.8,1157.7,1200.25,2207108,746961,56810
ESSARSHPNG,02-AUG-2021,10.55,11.05,10.55,11.05,116118,95554,351
ESTER,02-AUG-2021,140.8,143.0,139.2,141.75,314469,117000,6295
EVEREADY,02-AUG-2021,369.8,383.0,366.65,376.9,634760,263025,11607
EVERESTIND,02-AUG-2021,487.35,506.9,486.2,499.95,384019,155195,11544
EXCELINDUS,02-AUG-2021,1183.0,1188.0,1150.0,1168.7,19244,9558,2676
EXIDEIND,02-AUG-2021,180.35,180.45,175.6,176.0,3602785,1695022,45867
FACT,02-AUG-2021,142.15,142.4,137.5,138.15,403161,127263,7684
FAIRCHEMOR,02-AUG-2021,1870.0,1934.8,1850.0,1934.8,155275,74695,6349
FCL,02-AUG-2021,105.6,106.7,104.0,104.2,550994,290722,5359
FCONSUMER,02-AUG-2021,8.5,9.05,8.3,9.0,10723536,7088653,8133
FDC,02-AUG-2021,373.0,378.8,370.55,371.75,180608,78170,7308
FEDERALBNK,02-AUG-2021,87.9,88.1,86.3,86.55,10564287,3903050,30557
FEL,02-AUG-2021,10.7,10.85,10.45,10.85,834890,622611,1471
FELDVR,02-AUG-2021,13.7,13.95,13.05,13.8,70352,30494,224
FIEMIND,02-AUG-2021,801.0,856.05,800.55,811.2,113840,36994,7474
FILATEX,02-AUG-2021,100.4,104.0,99.35,103.2,1867325,778284,12538
FINCABLES,02-AUG-2021,522.0,540.0,522.0,527.3,448086,318769,8868
FINEORG,02-AUG-2021,3034.95,3038.0,2977.0,3006.3,21119,11496,5183
FINPIPE,02-AUG-2021,178.0,179.0,173.65,176.15,1404750,809216,41309
FLEXITUFF,02-AUG-2021,22.4,22.6,21.55,22.45,18489,14161,79
FLFL,02-AUG-2021,71.8,72.95,70.35,72.4,103255,58132,1221
FLUOROCHEM,02-AUG-2021,1734.65,1805.0,1734.65,1789.75,140519,76490,11762
FMGOETZE,02-AUG-2021,314.45,319.6,311.95,313.75,287205,78811,8077
FMNL,02-AUG-2021,13.65,13.7,13.1,13.25,311743,247559,597
FORCEMOT,02-AUG-2021,1510.0,1567.25,1500.1,1515.45,228709,37347,15043
FORTIS,02-AUG-2021,251.5,254.4,248.55,251.4,1220510,571147,12089
FOSECOIND,02-AUG-2021,1615.25,1652.1,1587.05,1639.8,8793,3521,1237
FRETAIL,02-AUG-2021,62.3,62.7,61.05,62.3,1504430,790141,7006
FSC,02-AUG-2021,83.3,85.9,82.3,85.2,63623,43779,855
FSL,02-AUG-2021,196.0,200.9,195.1,198.7,4767815,1742884,63031
GABRIEL,02-AUG-2021,140.45,142.0,137.25,138.8,955977,399475,11370
GAEL,02-AUG-2021,198.5,201.6,186.1,189.4,1866259,855155,19946
GAIL,02-AUG-2021,140.95,143.3,139.35,142.85,7546354,2853980,36510
GAL,02-AUG-2021,2.85,2.9,2.7,2.7,1838093,1114915,955
GALAXYSURF,02-AUG-2021,3154.0,3214.0,3125.0,3159.15,37701,16496,7076
GALLANTT,02-AUG-2021,84.0,86.0,83.5,84.05,129741,60253,2321
GALLISPAT,02-AUG-2021,64.75,70.0,64.55,65.1,687123,336232,10852
GANDHITUBE,02-AUG-2021,489.0,492.85,481.1,481.7,12476,6845,1116
GANECOS,02-AUG-2021,527.0,527.55,516.0,519.85,14230,9892,864
GANESHHOUC,02-AUG-2021,108.9,112.0,106.4,108.4,29403,18059,557
GANGAFORGE,02-AUG-2021,113.8,114.95,112.95,114.6,39411,13365,280
GANGESSECU,02-AUG-2021,93.05,95.95,87.55,94.0,37142,16060,558
GARFIBRES,02-AUG-2021,3505.0,3505.0,3430.35,3458.15,14591,9641,2604
GATI,02-AUG-2021,164.0,167.5,161.15,161.9,1017667,394230,10320
GAYAPROJ,02-AUG-2021,44.3,47.05,44.0,46.55,7027935,4473240,13053
GEECEE,02-AUG-2021,169.0,180.5,169.0,175.35,23645,11840,1082
GEEKAYWIRE,02-AUG-2021,105.0,105.0,99.25,100.55,27938,15838,1042
GENCON,02-AUG-2021,50.25,51.6,48.85,49.3,124383,75482,929
GENESYS,02-AUG-2021,154.2,162.75,151.35,161.15,59057,43635,832
GENUSPOWER,02-AUG-2021,71.1,73.2,69.75,70.5,863699,418576,6766
GEOJITFSL,02-AUG-2021,88.3,94.6,87.95,93.0,1872639,549004,13582
GEPIL,02-AUG-2021,335.9,341.0,331.85,334.05,369545,51600,11372
GESHIP,02-AUG-2021,340.1,348.0,340.1,344.45,196724,106216,7256
GET&D,02-AUG-2021,143.0,144.0,139.15,140.1,229300,147035,3190
GFLLIMITED,02-AUG-2021,76.9,79.8,76.55,79.1,401108,255795,5278
GHCL,02-AUG-2021,376.45,381.0,366.6,369.15,484621,298481,10072
GICHSGFIN,02-AUG-2021,173.9,174.15,165.05,169.75,295877,142909,5377
GICRE,02-AUG-2021,183.0,183.0,178.1,178.45,429025,196524,9213
GILLETTE,02-AUG-2021,5993.0,6081.0,5960.0,5987.75,5661,3263,1466
GINNIFILA,02-AUG-2021,37.25,38.5,36.9,37.4,344930,302062,970
GIPCL,02-AUG-2021,97.5,101.3,97.45,99.55,827595,365318,7795
GKWLIMITED,02-AUG-2021,689.05,790.0,675.65,764.55,5450,1439,2496
GLAND,02-AUG-2021,3958.9,4011.0,3880.0,3948.8,229022,171176,19342
GLAXO,02-AUG-2021,1615.8,1635.95,1599.55,1603.95,35030,18619,4862
GLENMARK,02-AUG-2021,614.9,616.0,601.45,605.65,1508410,362352,34029
GLFL,02-AUG-2021,2.65,2.65,2.65,2.65,694,594,6
GLOBAL,02-AUG-2021,48.9,48.9,45.95,46.95,7008,3717,160
GLOBALVECT,02-AUG-2021,65.0,67.0,61.7,61.7,87312,52905,653
GMBREW,02-AUG-2021,586.65,587.25,576.65,578.25,21920,11483,1366
GMDCLTD,02-AUG-2021,70.2,70.2,68.7,69.05,612152,256480,4234
GMMPFAUDLR,02-AUG-2021,4600.0,4860.0,4600.0,4802.55,129931,38701,21407
GMRINFRA,02-AUG-2021,28.6,29.35,28.5,29.0,22499226,6917594,46854
GNA,02-AUG-2021,656.0,656.0,633.0,650.85,176407,69788,6598
GNFC,02-AUG-2021,387.7,388.7,380.2,383.75,525611,304195,9929
GOACARBON,02-AUG-2021,422.7,429.95,418.05,419.7,37270,17377,1302
GOCLCORP,02-AUG-2021,289.95,294.0,286.35,289.55,40505,27086,1793
GODFRYPHLP,02-AUG-2021,1023.0,1052.5,1023.0,1042.4,40525,18937,3947
GODREJAGRO,02-AUG-2021,703.0,721.55,690.0,695.05,528561,145517,22131
GODREJCP,02-AUG-2021,990.05,1007.25,990.05,992.35,977930,429141,31398
GODREJIND,02-AUG-2021,551.5,562.8,544.2,547.8,406700,185252,9666
GODREJPROP,02-AUG-2021,1601.0,1675.0,1601.0,1657.7,2207454,308665,80134
GOKEX,02-AUG-2021,190.0,207.7,190.0,207.7,537232,398532,2928
GOKUL,02-AUG-2021,30.25,31.1,30.15,30.9,135565,75859,935
GOKULAGRO,02-AUG-2021,42.5,44.0,40.5,42.7,502082,311948,2613
GOLDBEES,02-AUG-2021,41.94,41.94,41.51,41.53,2151973,1399191,30731
GOLDENTOBC,02-AUG-2021,84.7,90.45,77.3,90.45,586011,195861,5364
GOLDIAM,02-AUG-2021,608.0,614.85,595.0,599.25,69866,42209,5181
GOLDSHARE,02-AUG-2021,41.8,41.85,41.5,41.5,87262,66284,561
GOLDTECH,02-AUG-2021,14.0,14.05,13.3,14.0,121244,87895,398
GOODLUCK,02-AUG-2021,296.1,301.8,295.7,301.8,165569,109555,1593
GOODYEAR,02-AUG-2021,1300.0,1304.8,1279.6,1299.4,117015,70725,8121
GPPL,02-AUG-2021,112.0,112.6,110.4,111.2,630091,359545,8717
GPTINFRA,02-AUG-2021,99.0,99.0,96.05,97.6,40623,23331,1025
GRANULES,02-AUG-2021,381.4,390.95,378.3,383.3,4856061,1358795,47394
GRAPHITE,02-AUG-2021,718.4,733.0,707.0,721.9,1468022,427778,39432
GRASIM,02-AUG-2021,1565.0,1614.2,1558.65,1591.65,2021606,504288,81288
GRAVITA,02-AUG-2021,188.0,199.0,187.5,194.15,1591451,889767,12266
GREAVESCOT,02-AUG-2021,162.3,165.95,161.05,164.2,2825936,925969,25476
GREENLAM,02-AUG-2021,1367.05,1405.45,1367.05,1379.75,5744,4172,939
GREENPLY,02-AUG-2021,195.0,208.5,194.05,203.95,2230906,941996,42186
GREENPOWER,02-AUG-2021,3.4,3.5,3.35,3.45,4495162,3234006,13742
GRINDWELL,02-AUG-2021,1261.0,1280.0,1234.1,1241.0,43312,23664,5982
GRINFRA,02-AUG-2021,1740.0,1751.8,1711.05,1715.75,85049,46000,7508
GROBTEA,02-AUG-2021,1388.95,1388.95,1299.1,1326.7,3544,1389,965
GRPLTD,02-AUG-2021,969.0,970.0,925.0,927.95,4957,4070,375
GRSE,02-AUG-2021,198.1,200.0,196.5,197.0,172479,105562,4688
GSCLCEMENT,02-AUG-2021,52.5,55.85,52.25,54.4,1116426,598047,7900
GSFC,02-AUG-2021,123.8,126.7,123.1,124.15,5456083,2152454,29796
GSPL,02-AUG-2021,348.75,350.7,343.45,344.75,585778,324375,16626
GSS,02-AUG-2021,74.9,75.7,70.55,71.3,236764,175968,2863
GTNTEX,02-AUG-2021,10.55,10.55,10.05,10.05,4143,3693,22
GTPL,02-AUG-2021,192.35,196.4,192.05,195.75,77428,49076,2240
GUFICBIO,02-AUG-2021,186.0,194.0,184.5,192.3,372891,269323,7541
GUJALKALI,02-AUG-2021,481.0,495.4,477.5,488.0,1114797,224416,20535
GUJAPOLLO,02-AUG-2021,226.5,233.5,226.5,232.15,16107,9537,1093
GUJGASLTD,02-AUG-2021,720.0,760.8,719.95,754.6,3902150,599768,104227
GULFOILLUB,02-AUG-2021,655.0,664.55,651.0,658.55,29196,13253,2603
GULFPETRO,02-AUG-2021,64.35,67.4,61.05,64.95,403360,193593,2887
HAL,02-AUG-2021,1120.05,1123.75,1095.0,1098.0,187126,98410,12317
HAPPSTMNDS,02-AUG-2021,1373.4,1388.5,1360.1,1370.1,585864,291453,35846
HARRMALAYA,02-AUG-2021,229.5,231.95,223.0,225.8,177932,61205,5600
HATHWAY,02-AUG-2021,26.1,27.2,26.05,27.0,8151834,3344472,11025
HATSUN,02-AUG-2021,935.0,952.1,926.0,945.5,37126,19916,3932
HAVELLS,02-AUG-2021,1180.0,1205.0,1175.65,1185.1,1659962,635642,48842
HBANKETF,02-AUG-2021,346.14,349.0,344.79,345.41,1986,1355,104
HBLPOWER,02-AUG-2021,52.1,52.45,51.5,51.7,577986,228692,4098
HBSL,02-AUG-2021,26.0,26.7,25.5,26.7,37104,27626,258
HCC,02-AUG-2021,11.9,11.95,11.45,11.5,5244505,2671168,6427
HCG,02-AUG-2021,257.0,262.9,251.75,257.75,1016756,458367,13144
HCL-INSYS,02-AUG-2021,15.85,16.0,15.3,15.4,538979,425783,2065
HCLTECH,02-AUG-2021,1034.0,1039.0,1023.05,1035.4,2536478,1725146,109469
HDFC,02-AUG-2021,2466.0,2487.0,2425.1,2462.05,5009133,2490910,204456
HDFCAMC,02-AUG-2021,2890.0,2894.0,2833.15,2871.55,242971,115198,18390
HDFCBANK,02-AUG-2021,1435.0,1435.0,1416.25,1422.65,6629393,4820387,239364
HDFCLIFE,02-AUG-2021,669.0,671.45,665.4,670.35,2613866,1948793,49784
HDFCMFGETF,02-AUG-2021,42.9,42.9,42.59,42.62,320331,229201,1090
HDFCNIFETF,02-AUG-2021,169.9,174.26,167.6,169.61,41459,21685,457
HDFCSENETF,02-AUG-2021,570.99,574.95,562.0,569.11,2566,1613,310
HEG,02-AUG-2021,2287.65,2384.5,2273.3,2347.55,513824,180773,33713
HEIDELBERG,02-AUG-2021,266.2,269.4,264.75,268.05,330608,155638,10343
HEMIPROP,02-AUG-2021,143.65,148.8,142.5,145.5,1694454,644043,15591
HERANBA,02-AUG-2021,816.0,823.6,800.55,802.7,149935,89828,5787
HERCULES,02-AUG-2021,160.0,164.8,159.55,162.15,189210,45903,6341
HERITGFOOD,02-AUG-2021,497.0,501.8,484.55,495.6,191030,89907,8662
HEROMOTOCO,02-AUG-2021,2770.1,2796.8,2765.25,2782.2,464874,240074,29622
HESTERBIO,02-AUG-2021,2396.0,2478.0,2361.9,2419.85,9638,5403,1867
HEXATRADEX,02-AUG-2021,133.85,133.85,133.85,133.85,4565,4565,45
HGINFRA,02-AUG-2021,550.0,560.0,534.15,541.55,656048,236587,21686
HIKAL,02-AUG-2021,535.0,565.0,533.0,549.65,491046,259045,17122
HIL,02-AUG-2021,6430.0,6758.05,6125.65,6587.15,130543,51793,23506
HILTON,02-AUG-2021,13.9,14.45,13.3,14.4,114495,85077,395
HINDALCO,02-AUG-2021,448.0,452.25,442.7,445.8,7683565,1895417,92517
HINDCOMPOS,02-AUG-2021,338.05,344.2,337.85,343.25,15166,9468,959
HINDCON,02-AUG-2021,75.0,75.05,71.0,72.0,91998,59210,1158
HINDCOPPER,02-AUG-2021,155.65,157.35,152.1,153.0,5328757,2074340,29065
HINDMOTORS,02-AUG-2021,8.7,8.7,8.4,8.6,186343,125896,851
HINDOILEXP,02-AUG-2021,127.4,150.9,127.0,150.9,7229682,2705435,59946
HINDPETRO,02-AUG-2021,262.3,274.3,261.95,272.8,4578391,1330442,50501
HINDUNILVR,02-AUG-2021,2342.0,2353.4,2324.6,2332.8,1229936,851664,89655
HINDZINC,02-AUG-2021,324.5,327.75,323.0,324.5,653297,200417,10968
HIRECT,02-AUG-2021,162.6,167.0,157.6,164.85,42770,18610,1489
HISARMETAL,02-AUG-2021,148.2,151.95,144.15,148.6,67257,27540,3144
HITECH,02-AUG-2021,699.95,720.0,684.0,693.65,94761,40657,2260
HITECHCORP,02-AUG-2021,240.05,251.15,240.05,246.0,9156,5580,553
HITECHGEAR,02-AUG-2021,353.0,363.95,352.1,356.25,29922,20890,1485
HLEGLAS,02-AUG-2021,3489.0,3489.0,3412.0,3429.8,3780,1959,1165
HLVLTD,02-AUG-2021,10.5,10.6,9.8,10.25,872710,552003,1334
HMVL,02-AUG-2021,87.35,90.75,87.35,89.25,287622,175790,2892
HNGSNGBEES,02-AUG-2021,321.0,338.0,321.0,334.27,3729,2924,331
HOMEFIRST,02-AUG-2021,602.0,604.9,590.1,594.3,146761,87694,8526
HONAUT,02-AUG-2021,43145.0,43145.0,42222.0,42308.55,2692,1505,1699
HONDAPOWER,02-AUG-2021,1230.0,1237.0,1204.0,1216.7,9517,6297,1092
HPL,02-AUG-2021,85.6,85.8,82.05,82.5,184327,130040,2354
HSCL,02-AUG-2021,52.35,52.45,51.25,51.45,5884864,2084778,19448
HSIL,02-AUG-2021,250.0,257.0,250.0,254.85,288380,104862,7103
HTMEDIA,02-AUG-2021,30.9,31.55,30.6,30.8,596093,332065,2664
HUBTOWN,02-AUG-2021,39.8,39.8,36.15,39.8,598921,337925,1418
HUDCO,02-AUG-2021,45.4,45.5,45.05,45.15,2984876,1743387,8184
HUHTAMAKI,02-AUG-2021,302.0,314.0,302.0,310.8,118190,53335,4519
IBMFNIFTY,02-AUG-2021,161.83,161.97,158.0,158.51,528,411,99
IBREALEST,02-AUG-2021,152.7,162.9,151.2,157.6,15402234,5654692,83808
IBULHSGFIN,02-AUG-2021,277.95,291.5,276.5,287.0,23615481,4137044,152627
ICEMAKE,02-AUG-2021,86.95,86.95,84.5,85.35,14126,8655,244
ICICI500,02-AUG-2021,227.5,227.6,224.5,227.59,2951,2019,365
ICICIALPLV,02-AUG-2021,164.97,165.48,162.25,163.96,4428,4019,409
ICICIB22,02-AUG-2021,40.27,40.62,40.17,40.57,23763564,23704581,2472
ICICIBANK,02-AUG-2021,684.05,688.05,677.7,681.4,9348206,5916849,185366
ICICIBANKN,02-AUG-2021,375.6,375.6,313.6,345.69,7956,6542,264
ICICIBANKP,02-AUG-2021,181.89,181.89,176.45,178.41,7461,5491,163
ICICIGI,02-AUG-2021,1477.3,1488.6,1446.0,1455.25,946078,709219,49008
ICICIGOLD,02-AUG-2021,42.98,42.98,42.41,42.47,129915,95651,2431
ICICILIQ,02-AUG-2021,1004.9,1010.0,999.5,999.99,8567,8120,65
ICICILOVOL,02-AUG-2021,128.45,132.45,128.45,131.18,51874,48636,1868
ICICIM150,02-AUG-2021,107.3,108.0,106.25,107.08,36033,30874,868
ICICIMCAP,02-AUG-2021,105.5,105.5,96.0,97.58,6382,4183,406
ICICINF100,02-AUG-2021,175.88,175.88,173.5,175.18,6006,3852,695
ICICINIFTY,02-AUG-2021,180.82,180.82,158.6,169.91,97212,74978,8353
ICICINV20,02-AUG-2021,98.2,98.2,86.01,87.43,17111,13023,2208
ICICINXT50,02-AUG-2021,45.6,45.6,40.02,40.38,59046,48705,1416
ICICIPHARM,02-AUG-2021,87.63,89.65,87.63,89.61,18507,7452,340
ICICIPRULI,02-AUG-2021,640.8,645.0,631.0,633.85,811129,463657,51256
ICICISENSX,02-AUG-2021,574.99,576.0,570.0,572.11,1435,957,133
ICICITECH,02-AUG-2021,313.0,317.16,309.48,312.82,191749,190994,331
ICIL,02-AUG-2021,267.45,275.7,266.6,272.75,564288,298723,8343
ICRA,02-AUG-2021,3796.0,3800.0,3690.0,3737.1,13700,6051,2593
IDBI,02-AUG-2021,38.0,38.25,37.7,37.8,7374126,3226915,29802
IDBIGOLD,02-AUG-2021,4457.3,4460.0,4421.0,4423.45,73,30,38
IDEA,02-AUG-2021,8.35,8.55,8.2,8.25,177255904,69669095,150104
IDFC,02-AUG-2021,56.0,57.7,55.65,57.25,10207732,5236906,18885
IDFCFIRSTB,02-AUG-2021,48.65,52.1,48.65,51.85,94162013,26294584,149478
IDFNIFTYET,02-AUG-2021,172.7,172.7,162.45,166.33,162,138,17
IEX,02-AUG-2021,434.8,440.85,430.0,432.6,1449980,684159,51907
IFBAGRO,02-AUG-2021,611.8,613.0,600.55,608.3,25978,12750,2140
IFBIND,02-AUG-2021,1002.05,1034.0,1000.0,1026.0,38957,16074,3405
IFCI,02-AUG-2021,14.5,14.75,14.45,14.6,3879150,2024780,4481
IFGLEXPOR,02-AUG-2021,412.25,423.0,412.0,417.8,59206,44765,2974
IGARASHI,02-AUG-2021,529.9,545.85,529.9,537.2,88793,26783,4143
IGL,02-AUG-2021,562.0,562.0,551.85,557.5,1738317,889666,20183
IGPL,02-AUG-2021,702.0,720.0,696.15,709.55,142035,60138,7964
IIFLSEC,02-AUG-2021,115.45,117.25,113.25,114.45,1067786,491572,8393
IIFLWAM,02-AUG-2021,1448.9,1460.0,1414.45,1432.5,59658,26288,8711
IITL,02-AUG-2021,71.0,72.85,68.6,69.3,2472,1521,82
IMAGICAA,02-AUG-2021,8.8,8.8,8.4,8.65,73705,64824,262
IMFA,02-AUG-2021,960.0,997.0,890.05,909.4,264023,146805,13523
IMPAL,02-AUG-2021,816.2,841.4,811.75,829.5,13371,7762,1395
INDBANK,02-AUG-2021,31.85,32.7,31.55,31.7,102522,73997,751
INDHOTEL,02-AUG-2021,145.05,148.35,144.75,147.45,2326677,1259693,12479
INDIACEM,02-AUG-2021,193.2,198.25,191.8,193.1,1736829,528741,14341
INDIAGLYCO,02-AUG-2021,687.9,719.8,682.95,713.3,370436,133228,13793
INDIAMART,02-AUG-2021,7111.0,7309.0,7111.0,7268.15,54780,29862,12915
INDIANB,02-AUG-2021,140.2,141.0,138.8,139.3,1508012,583542,12816
INDIANHUME,02-AUG-2021,231.9,248.2,231.9,245.5,425547,172400,11002
INDIGO,02-AUG-2021,1657.0,1674.9,1650.0,1663.15,211863,55843,9963
INDIGOPNTS,02-AUG-2021,2610.0,2649.0,2600.0,2618.7,24960,11498,5342
INDLMETER,02-AUG-2021,14.25,14.3,13.65,14.0,32860,24426,270
INDNIPPON,02-AUG-2021,421.5,421.5,402.9,408.9,69049,32085,3476
INDOCO,02-AUG-2021,455.0,485.0,451.55,473.65,1641105,292506,40003
INDOSTAR,02-AUG-2021,342.0,343.3,330.9,332.55,55388,37341,3195
INDOTHAI,02-AUG-2021,72.4,72.5,69.6,69.95,38335,32141,233
INDRAMEDCO,02-AUG-2021,83.5,83.95,82.3,82.7,250600,140500,3290
INDSWFTLAB,02-AUG-2021,108.0,112.8,95.7,96.55,2567549,1317440,27091
INDSWFTLTD,02-AUG-2021,7.6,7.6,7.6,7.6,1939,1939,7
INDTERRAIN,02-AUG-2021,43.55,44.05,41.6,41.95,139963,86948,995
INDUSINDBK,02-AUG-2021,991.8,997.15,985.45,988.0,2149603,864625,61610
INDUSTOWER,02-AUG-2021,225.0,225.3,220.2,223.1,3006922,680556,21030
INEOSSTYRO,02-AUG-2021,1436.0,1469.45,1417.9,1426.55,221751,97195,13014
INFIBEAM,02-AUG-2021,44.65,45.45,43.9,44.0,5993291,2675508,14248
INFRABEES,02-AUG-2021,461.2,465.95,461.0,464.41,2029,1755,148
INFY,02-AUG-2021,1627.45,1634.75,1619.2,1631.55,5553389,4318503,123236
INGERRAND,02-AUG-2021,982.05,1017.0,982.05,997.85,20197,8043,2305
INOXLEISUR,02-AUG-2021,327.9,328.2,320.05,322.9,539773,159742,13178
INOXWIND,02-AUG-2021,142.25,142.5,135.45,136.35,658485,373596,7761
INSECTICID,02-AUG-2021,791.0,831.0,791.0,819.85,223361,78554,14088
INTELLECT,02-AUG-2021,758.0,764.7,732.0,737.1,320001,173933,15692
INTENTECH,02-AUG-2021,108.0,110.0,103.45,104.8,297759,165852,5777
INVENTURE,02-AUG-2021,3.55,3.6,3.5,3.55,2277387,1449677,2471
IOB,02-AUG-2021,24.65,24.75,23.55,24.05,9701173,2614287,16361
IOC,02-AUG-2021,104.5,105.85,103.65,105.5,13312605,5308273,67438
IOLCP,02-AUG-2021,669.6,682.45,666.35,671.55,615889,212523,20986
IPCALAB,02-AUG-2021,2093.25,2122.1,2079.0,2101.55,204139,156825,19355
IPL,02-AUG-2021,339.8,339.95,333.7,335.8,2032748,1605610,21420
IRB,02-AUG-2021,166.4,167.0,162.55,163.7,1358757,457057,12735
IRCON,02-AUG-2021,45.0,46.2,44.4,44.9,4498871,1709631,11819
IRCTC,02-AUG-2021,2469.0,2513.0,2422.35,2468.9,7333311,1050299,323630
IRFC,02-AUG-2021,23.15,23.8,23.1,23.3,18872464,7224635,33155
ISEC,02-AUG-2021,734.0,762.75,730.0,744.55,1410465,411872,43781
ISFT,02-AUG-2021,114.1,117.7,108.75,111.35,73675,45619,1306
ISGEC,02-AUG-2021,796.0,838.0,794.0,822.0,283794,130299,11203
ITC,02-AUG-2021,206.45,207.5,205.45,207.3,9674128,5358505,73105
ITDC,02-AUG-2021,396.3,410.0,392.3,397.25,159129,27798,8295
ITDCEM,02-AUG-2021,86.5,87.4,86.0,86.6,379746,172386,3630
ITI,02-AUG-2021,128.1,135.5,128.1,132.1,1654705,533754,15788
IVC,02-AUG-2021,9.05,9.05,8.7,9.05,547887,419441,716
IVP,02-AUG-2021,125.0,127.45,118.95,127.45,28884,16736,942
IVZINGOLD,02-AUG-2021,4354.3,4379.0,4317.25,4327.0,93,75,28
IVZINNIFTY,02-AUG-2021,1716.4,1734.1,1716.4,1719.55,6,2,5
IZMO,02-AUG-2021,149.2,149.2,135.0,135.0,729942,376611,4507
J&KBANK,02-AUG-2021,38.15,40.0,38.15,38.95,3573178,1283813,9069
JAGRAN,02-AUG-2021,67.85,70.35,67.35,69.65,902251,528840,6451
JAGSNPHARM,02-AUG-2021,180.0,203.9,179.55,194.45,549674,260465,9781
JAIBALAJI,02-AUG-2021,70.0,71.05,64.95,65.7,324682,217709,3229
JAICORPLTD,02-AUG-2021,154.55,156.4,152.45,153.85,1352181,564500,10996
JAMNAAUTO,02-AUG-2021,90.0,90.55,88.15,89.45,715364,439700,6565
JASH,02-AUG-2021,535.0,554.3,535.0,549.1,17921,13535,1190
JAYAGROGN,02-AUG-2021,285.6,287.7,276.55,282.7,219240,92701,12715
JAYBARMARU,02-AUG-2021,224.0,225.0,215.25,217.4,104642,47104,4037
JAYSREETEA,02-AUG-2021,129.85,131.7,126.85,127.55,295451,80893,6068
JBCHEPHARM,02-AUG-2021,1820.0,1831.7,1772.0,1798.35,99088,52978,11576
JBMA,02-AUG-2021,487.85,495.0,484.4,489.0,44700,22430,2942
JCHAC,02-AUG-2021,2298.0,2327.45,2284.7,2297.85,10599,5409,2082
JHS,02-AUG-2021,26.05,27.1,24.95,26.25,383255,233274,1671
JINDALPHOT,02-AUG-2021,74.0,74.35,73.0,73.35,5669,4504,75
JINDALPOLY,02-AUG-2021,1011.95,1044.0,993.05,998.15,169592,60336,10187
JINDALSAW,02-AUG-2021,138.2,144.8,136.15,138.65,4147952,1183623,27159
JINDALSTEL,02-AUG-2021,435.0,435.0,422.8,424.5,7334357,1305531,98397
JINDRILL,02-AUG-2021,130.0,144.8,130.0,141.45,333425,154084,7338
JINDWORLD,02-AUG-2021,75.4,76.45,73.3,74.65,378735,91217,4362
JISLDVREQS,02-AUG-2021,21.0,21.0,20.1,20.25,78096,44207,196
JISLJALEQS,02-AUG-2021,32.7,32.75,31.75,32.2,3409348,2063655,5401
JKCEMENT,02-AUG-2021,3280.0,3302.0,3213.1,3250.5,52748,23486,7611
JKIL,02-AUG-2021,223.0,225.0,218.5,219.65,292608,120522,8619
JKLAKSHMI,02-AUG-2021,700.4,700.4,675.15,678.6,659277,253029,40060
JKPAPER,02-AUG-2021,264.4,270.0,256.35,260.9,2162411,435662,27494
JKTYRE,02-AUG-2021,150.6,151.5,145.5,146.4,4478809,1595977,36742
JMA,02-AUG-2021,74.45,76.7,71.5,75.05,340160,216393,3061
JMCPROJECT,02-AUG-2021,126.05,127.15,121.0,125.05,352206,158552,6784
JMFINANCIL,02-AUG-2021,107.45,107.45,102.0,102.35,4772202,2480192,22498
JMTAUTOLTD,02-AUG-2021,2.9,2.95,2.85,2.95,611504,481444,3205
JOCIL,02-AUG-2021,276.0,279.8,270.2,271.15,56439,33707,1780
JPINFRATEC,02-AUG-2021,2.25,2.3,2.2,2.3,6263205,4157060,5232
JPPOWER,02-AUG-2021,4.95,5.1,4.95,5.1,34433758,21615072,10658
JSL,02-AUG-2021,164.05,164.05,156.0,158.55,2434226,1212342,19050
JSLHISAR,02-AUG-2021,296.7,298.8,289.15,291.0,896826,332504,14600
JSWHL,02-AUG-2021,5299.0,5580.0,5112.15,5170.4,2815,749,790
JSWSTEEL,02-AUG-2021,741.4,751.45,733.5,746.7,6971560,1826722,97055
JTEKTINDIA,02-AUG-2021,119.7,119.85,116.75,117.55,360846,157407,5629
JUBLFOOD,02-AUG-2021,3770.0,3774.8,3725.0,3733.95,280318,113486,20351
JUBLINDS,02-AUG-2021,395.7,412.0,395.7,402.15,65207,41191,2909
JUBLINGREA,02-AUG-2021,600.0,626.7,592.25,614.35,2121066,1217388,50710
JUBLPHARMA,02-AUG-2021,695.0,695.0,687.0,688.7,107668,70657,4529
JUMPNET,02-AUG-2021,10.25,10.25,9.85,10.0,889406,602927,1220
JUNIORBEES,02-AUG-2021,410.05,475.45,410.05,416.48,83355,54442,10656
JUSTDIAL,02-AUG-2021,970.0,976.7,962.1,966.25,878442,307452,22672
JYOTHYLAB,02-AUG-2021,171.9,174.0,170.65,171.2,586623,356345,18170
KABRAEXTRU,02-AUG-2021,213.5,217.0,211.3,213.55,160966,57354,5903
KAJARIACER,02-AUG-2021,1005.0,1005.0,992.0,1000.45,201593,166036,6080
KAKATCEM,02-AUG-2021,279.1,281.0,276.05,279.45,39958,25909,1594
KALPATPOWR,02-AUG-2021,471.4,486.0,471.4,478.65,329794,135735,12758
KALYANKJIL,02-AUG-2021,72.15,72.35,71.1,71.75,1081486,415359,11469
KAMATHOTEL,02-AUG-2021,49.3,49.95,48.1,48.55,47235,30218,333
KAMDHENU,02-AUG-2021,185.05,188.85,183.05,184.7,264799,164620,5097
KANORICHEM,02-AUG-2021,190.25,196.1,187.15,188.6,105858,56243,963
KANPRPLA,02-AUG-2021,284.75,298.0,280.0,283.1,50741,32241,2128
KANSAINER,02-AUG-2021,632.0,632.0,623.3,629.2,158759,82579,6989
KARMAENG,02-AUG-2021,30.3,30.3,30.3,30.3,22627,22625,132
KARURVYSYA,02-AUG-2021,48.8,49.45,48.5,48.7,853460,446505,4224
KAUSHALYA,02-AUG-2021,3.5,3.5,3.5,3.5,45237,45237,37
KAVVERITEL,02-AUG-2021,2.6,2.6,2.6,2.6,645,645,3
KAYA,02-AUG-2021,497.4,518.0,494.7,499.5,58808,35951,3104
KCP,02-AUG-2021,162.6,164.5,161.85,163.75,314520,206881,4370
KCPSUGIND,02-AUG-2021,26.2,26.3,25.4,25.6,263986,133473,1036
KDDL,02-AUG-2021,375.9,375.9,365.05,368.4,10608,4350,698
KEC,02-AUG-2021,420.0,423.7,410.75,419.2,561700,276610,13773
KECL,02-AUG-2021,19.35,19.5,18.9,19.05,63020,48904,488
KEERTI,02-AUG-2021,20.85,20.85,20.1,20.55,9070,3601,91
KEI,02-AUG-2021,725.0,754.3,717.65,749.3,1256649,626178,37200
KELLTONTEC,02-AUG-2021,55.95,56.5,55.35,55.7,896373,379692,6495
KENNAMET,02-AUG-2021,1280.0,1299.95,1257.0,1264.45,6897,2168,911
KESORAMIND,02-AUG-2021,95.9,99.1,94.4,97.85,2152154,894699,9582
KEYFINSERV,02-AUG-2021,77.7,78.75,74.9,75.9,14516,4129,441
KHADIM,02-AUG-2021,298.0,305.0,291.5,293.45,63274,36313,2319
KHAICHEM,02-AUG-2021,79.5,79.5,76.0,77.5,379378,254423,4065
KHANDSE,02-AUG-2021,18.45,18.55,17.5,18.5,9002,8825,25
KICL,02-AUG-2021,2075.0,2075.0,2035.2,2043.85,3386,2859,458
KILITCH,02-AUG-2021,228.9,228.9,211.6,214.4,32483,22878,670
KIMS,02-AUG-2021,1208.0,1305.0,1200.0,1274.4,684320,345287,23547
KINGFA,02-AUG-2021,1078.0,1133.6,1042.65,1109.55,10981,5922,1305
KIOCL,02-AUG-2021,302.0,311.65,295.1,299.4,430816,191559,10578
KIRIINDUS,02-AUG-2021,584.9,588.0,571.1,573.7,164626,62000,7996
KIRLFER,02-AUG-2021,309.0,313.5,306.05,308.9,457820,242460,16430
KIRLOSENG,02-AUG-2021,251.8,253.85,248.7,250.6,143597,80087,3938
KIRLOSIND,02-AUG-2021,1724.4,1735.0,1690.35,1699.2,45069,38208,1393
KITEX,02-AUG-2021,172.45,172.45,169.0,169.75,181609,92449,3502
KKCL,02-AUG-2021,944.0,948.0,926.2,932.75,9788,6397,1299
KMSUGAR,02-AUG-2021,30.8,31.25,30.0,30.4,357051,189376,1801
KNRCON,02-AUG-2021,272.0,279.0,268.45,272.0,844765,317534,32459
KOKUYOCMLN,02-AUG-2021,75.7,79.65,74.45,75.9,1338039,369957,11859
KOLTEPATIL,02-AUG-2021,239.7,273.0,239.5,265.1,8420808,2089362,99035
KOTAKBANK,02-AUG-2021,1665.0,1677.3,1657.5,1665.1,2590976,1368068,93817
KOTAKBKETF,02-AUG-2021,352.0,352.0,349.46,350.29,70854,26364,862
KOTAKGOLD,02-AUG-2021,42.05,42.05,41.7,41.72,321968,236807,1078
KOTAKIT,02-AUG-2021,31.0,31.1,30.15,30.78,69905,47685,159
KOTAKNIFTY,02-AUG-2021,166.75,167.0,166.2,166.83,17371,10045,531
KOTAKNV20,02-AUG-2021,88.85,89.1,87.5,88.82,9753,9090,221
KOTAKPSUBK,02-AUG-2021,241.0,243.0,238.21,242.26,20648,16176,202
KOTARISUG,02-AUG-2021,38.85,38.85,37.6,37.75,216426,142766,1067
KOTHARIPET,02-AUG-2021,47.25,55.2,46.25,55.2,2689025,1188869,14470
KPIGLOBAL,02-AUG-2021,141.2,141.2,140.45,141.2,63463,53549,171
KPITTECH,02-AUG-2021,284.9,301.5,284.0,296.0,1532281,983573,41541
KPRMILL,02-AUG-2021,1920.0,1968.0,1900.0,1957.6,73686,49350,11756
KRBL,02-AUG-2021,275.0,280.2,272.5,275.8,567880,170072,13063
KREBSBIO,02-AUG-2021,127.3,130.75,123.1,129.65,79506,50373,2082
KRIDHANINF,02-AUG-2021,5.3,5.5,5.1,5.5,83903,73213,114
KRISHANA,02-AUG-2021,149.45,149.45,143.35,146.5,14135,9531,382
KSB,02-AUG-2021,1162.0,1200.0,1132.75,1187.7,147812,29581,16209
KSCL,02-AUG-2021,725.1,776.15,723.0,761.35,786929,275095,29508
KSL,02-AUG-2021,449.8,466.2,442.5,452.45,1196015,173364,35945
KTKBANK,02-AUG-2021,61.0,63.05,60.6,62.15,2150272,885068,7634
KUANTUM,02-AUG-2021,94.05,97.8,91.65,94.55,175263,71023,3352
L&TFH,02-AUG-2021,88.9,90.25,88.55,89.95,7872560,2840356,27873
LALPATHLAB,02-AUG-2021,3582.0,3780.0,3571.15,3718.6,931470,142228,81700
LAOPALA,02-AUG-2021,282.3,296.0,278.25,288.7,946509,394439,24616
LASA,02-AUG-2021,75.0,77.0,74.6,76.35,386698,144163,4994
LAURUSLABS,02-AUG-2021,649.0,664.0,646.8,654.5,3944981,1307271,80806
LAXMIMACH,02-AUG-2021,8719.0,8880.45,8600.0,8657.3,24562,11189,9213
LCCINFOTEC,02-AUG-2021,1.7,1.75,1.65,1.75,234531,198431,109
LEMONTREE,02-AUG-2021,41.05,41.25,40.3,40.6,1654288,609318,7306
LFIC,02-AUG-2021,82.5,82.5,80.2,80.95,461,409,27
LGBBROSLTD,02-AUG-2021,513.0,513.0,487.25,498.8,377313,194447,16662
LIBAS,02-AUG-2021,69.3,70.1,68.85,69.6,415380,207491,1243
LIBERTSHOE,02-AUG-2021,180.0,182.3,176.5,177.15,287506,92376,6987
LICHSGFIN,02-AUG-2021,414.0,414.15,406.0,407.85,3970987,1900893,63856
LICNETFGSC,02-AUG-2021,22.01,22.01,21.89,21.93,1572,1524,90
LICNETFN50,02-AUG-2021,174.0,174.0,166.0,169.15,8940,6221,287
LICNETFSEN,02-AUG-2021,564.0,564.0,555.1,563.81,314,268,60
LICNFNHGP,02-AUG-2021,161.1,163.9,161.0,162.24,381,276,53
LIKHITHA,02-AUG-2021,391.3,409.45,391.0,402.0,93105,30975,3970
LINCOLN,02-AUG-2021,348.0,362.9,348.0,361.75,184450,71004,10248
LINCPEN,02-AUG-2021,219.35,227.0,217.85,222.6,47689,26445,1207
LINDEINDIA,02-AUG-2021,1753.0,1785.65,1736.95,1753.2,384579,215966,7214
LIQUIDBEES,02-AUG-2021,1002.0,1002.0,997.61,999.99,1278617,1154529,10703
LIQUIDETF,02-AUG-2021,1000.04,1000.04,999.99,999.99,29995,18164,57
LODHA,02-AUG-2021,860.0,928.1,852.8,918.85,1701138,821411,55540
LOKESHMACH,02-AUG-2021,45.2,45.2,43.35,43.95,38505,30975,400
LOVABLE,02-AUG-2021,128.8,129.0,124.1,126.8,78353,42422,1666
LT,02-AUG-2021,1606.3,1618.0,1602.05,1613.95,1083353,550593,53697
LTI,02-AUG-2021,4737.0,4775.35,4684.85,4702.45,248112,113020,34568
LTTS,02-AUG-2021,3744.0,3769.95,3639.45,3647.75,205443,88374,21509
LUMAXIND,02-AUG-2021,1510.0,1635.0,1510.0,1604.95,47408,23212,3750
LUMAXTECH,02-AUG-2021,168.0,172.8,166.0,167.85,128358,50194,4397
LUPIN,02-AUG-2021,1114.8,1127.0,1111.0,1124.25,1133501,460618,26111
LUXIND,02-AUG-2021,4162.0,4280.0,4162.0,4204.25,39316,21914,8216
LXCHEM,02-AUG-2021,263.9,276.9,261.75,274.7,4596170,1644984,52551
LYKALABS,02-AUG-2021,82.7,83.55,77.0,82.8,787433,485165,7520
LYPSAGEMS,02-AUG-2021,5.0,5.1,4.8,4.9,84099,54187,160
M&M,02-AUG-2021,750.0,759.05,744.6,757.7,2260861,909824,64483
M&MFIN,02-AUG-2021,152.1,152.7,149.5,151.85,10012858,5953825,32539
MACPOWER,02-AUG-2021,160.5,166.5,158.2,161.8,39317,18986,354
MADHAV,02-AUG-2021,67.0,68.95,65.0,66.5,49678,24024,960
MADHUCON,02-AUG-2021,6.85,6.95,6.65,6.7,14676,11206,47
MADRASFERT,02-AUG-2021,33.15,33.8,32.8,32.9,298433,159883,1655
MAESGETF,02-AUG-2021,27.0,27.05,26.93,27.0,7946,7896,91
MAFANG,02-AUG-2021,54.7,54.7,53.51,53.74,260214,218126,2591
MAGADSUGAR,02-AUG-2021,336.0,336.0,330.0,332.55,24512,14507,1171
MAHABANK,02-AUG-2021,22.8,22.8,21.0,21.75,6370391,2831178,11292
MAHASTEEL,02-AUG-2021,112.8,116.8,112.0,113.05,146395,88541,3500
MAHEPC,02-AUG-2021,144.5,147.95,141.6,146.7,153144,84978,2827
MAHESHWARI,02-AUG-2021,106.0,107.4,103.0,106.95,29469,20108,574
MAHINDCIE,02-AUG-2021,271.45,273.9,268.0,269.15,366031,164629,13325
MAHLIFE,02-AUG-2021,770.0,815.0,765.05,805.2,416008,211843,20831
MAHLOG,02-AUG-2021,740.0,821.0,726.15,799.6,3332057,583918,112764
MAHSCOOTER,02-AUG-2021,4221.5,4299.45,4171.05,4242.45,16008,10536,2255
MAHSEAMLES,02-AUG-2021,313.5,319.1,311.0,312.85,78355,30118,3248
MAITHANALL,02-AUG-2021,1170.0,1245.0,1170.0,1215.0,433844,176397,26994
MAJESCO,02-AUG-2021,92.0,92.0,88.4,89.15,238213,158684,4623
MALUPAPER,02-AUG-2021,39.8,40.8,39.0,39.35,91340,41903,1081
MAN50ETF,02-AUG-2021,163.34,163.5,162.77,163.48,6174,6067,81
MANAKALUCO,02-AUG-2021,17.85,17.9,17.0,17.3,59926,51710,321
MANAKCOAT,02-AUG-2021,14.05,14.05,13.25,13.65,42564,25075,197
MANAKSIA,02-AUG-2021,70.85,75.5,70.2,72.85,283675,188451,3821
MANAKSTEEL,02-AUG-2021,34.5,35.5,34.5,35.5,100600,78129,417
MANAPPURAM,02-AUG-2021,207.6,215.0,207.5,212.8,6363376,1193134,37898
MANGALAM,02-AUG-2021,187.65,191.9,185.55,188.35,167636,90488,3959
MANGCHEFER,02-AUG-2021,79.95,84.2,79.95,82.55,1666298,968796,9691
MANGLMCEM,02-AUG-2021,469.35,504.35,464.5,496.85,506210,159343,22190
MANINDS,02-AUG-2021,134.25,147.1,134.0,143.15,3501228,798377,42001
MANINFRA,02-AUG-2021,65.5,67.9,65.5,66.15,1047339,441501,4910
MANUGRAPH,02-AUG-2021,13.9,14.25,13.35,13.75,14680,7282,107
MANXT50,02-AUG-2021,394.2,396.0,394.2,395.45,963,762,34
MARALOVER,02-AUG-2021,76.8,76.8,76.8,76.8,33501,33501,133
MARATHON,02-AUG-2021,74.5,79.8,74.5,79.8,48700,29606,474
MARICO,02-AUG-2021,550.0,552.15,532.75,535.5,2473871,871788,58400
MARINE,02-AUG-2021,52.25,55.1,49.85,50.35,3665878,768144,9992
MARKSANS,02-AUG-2021,81.9,83.4,81.2,82.25,2640403,771329,14577
MARUTI,02-AUG-2021,7100.0,7107.45,7031.0,7076.95,433760,189072,50547
MASFIN,02-AUG-2021,824.0,824.0,810.1,812.9,15800,9984,2385
MASTEK,02-AUG-2021,2610.0,2671.9,2600.0,2644.2,134494,58834,15700
MATRIMONY,02-AUG-2021,1162.6,1181.7,1147.65,1153.1,32336,17558,2662
MAXHEALTH,02-AUG-2021,302.0,305.9,293.35,294.45,1291064,682305,23675
MAXIND,02-AUG-2021,73.9,75.25,73.1,73.3,351324,211702,2501
MAXVIL,02-AUG-2021,94.4,99.2,92.75,97.05,1329664,677172,10103
MAYURUNIQ,02-AUG-2021,518.95,520.1,497.0,514.4,64400,28981,4198
MAZDA,02-AUG-2021,605.0,605.0,580.1,586.7,4010,2438,429
MAZDOCK,02-AUG-2021,261.0,263.6,258.5,259.65,424339,177315,6439
MBAPL,02-AUG-2021,142.65,150.0,142.5,147.3,11819,6599,365
MBLINFRA,02-AUG-2021,23.0,23.85,23.0,23.55,84171,55853,385
MCDHOLDING,02-AUG-2021,53.5,53.5,50.2,50.75,39993,33460,444
MCDOWELL-N,02-AUG-2021,647.0,654.5,642.0,651.25,1045179,504633,24900
MCL,02-AUG-2021,43.1,43.1,41.0,42.95,470330,286040,2703
MCLEODRUSS,02-AUG-2021,34.25,35.15,32.25,32.25,1167542,674320,2551
MCX,02-AUG-2021,1612.65,1616.4,1586.9,1591.95,232684,96437,13773
MENONBE,02-AUG-2021,83.0,83.9,81.95,82.85,73834,41956,1803
MEP,02-AUG-2021,23.3,24.2,23.3,23.8,182025,121816,700
METROPOLIS,02-AUG-2021,2880.0,2988.7,2860.5,2885.75,306888,87482,30960
MFSL,02-AUG-2021,1124.7,1132.7,1099.8,1103.25,899835,594725,42883
MGEL,02-AUG-2021,55.05,56.25,55.0,55.2,7831,6423,81
MGL,02-AUG-2021,1170.0,1189.0,1170.0,1185.8,499574,150703,20043
MHRIL,02-AUG-2021,311.0,321.0,311.0,313.95,397941,170406,7054
MIDHANI,02-AUG-2021,192.0,192.0,190.35,190.85,299537,142792,3970
MINDACORP,02-AUG-2021,140.0,141.75,135.3,136.15,1087184,388689,13832
MINDAIND,02-AUG-2021,754.05,763.15,745.05,755.4,147821,59473,10402
MINDTECK,02-AUG-2021,120.9,121.55,119.0,121.55,42110,36258,539
MINDTREE,02-AUG-2021,2884.5,2903.35,2849.05,2894.2,317319,71205,22198
MIRZAINT,02-AUG-2021,65.1,65.9,62.5,62.85,1154123,631953,7030
MITTAL,02-AUG-2021,11.75,11.9,11.55,11.65,85844,55385,317
MMFL,02-AUG-2021,776.15,785.05,737.0,769.75,44457,28241,4263
MMP,02-AUG-2021,163.0,189.95,161.0,179.45,703430,262782,19531
MMTC,02-AUG-2021,50.3,51.4,49.25,49.5,3984834,1069643,13738
MODISNME,02-AUG-2021,91.5,93.2,91.0,91.35,122406,69525,2677
MOGSEC,02-AUG-2021,52.38,55.0,48.29,48.35,28733,22545,128
MOIL,02-AUG-2021,191.9,191.9,185.75,186.85,370395,157163,6302
MOKSH,02-AUG-2021,30.4,30.5,29.9,30.5,799613,536495,667
MOLDTKPAC,02-AUG-2021,535.0,543.0,526.0,527.75,112254,87126,3585
MOM100,02-AUG-2021,29.39,29.75,29.03,29.7,247266,202996,2321
MOM50,02-AUG-2021,157.0,157.97,156.32,157.43,1990,1217,68
MON100,02-AUG-2021,110.9,111.0,109.2,110.58,369524,278213,5040
MONTECARLO,02-AUG-2021,379.0,383.7,374.05,378.85,103261,55464,3913
MORARJEE,02-AUG-2021,18.9,20.0,18.9,19.4,22018,14729,225
MOREPENLAB,02-AUG-2021,65.9,66.2,62.45,64.65,2381229,1066106,12067
MOTHERSUMI,02-AUG-2021,237.0,237.0,231.7,234.5,9756477,4093480,63289
MOTILALOFS,02-AUG-2021,943.55,968.4,927.0,935.55,1284167,355081,40856
MOTOGENFIN,02-AUG-2021,21.75,22.45,21.1,22.3,111016,105547,155
MPHASIS,02-AUG-2021,2619.5,2644.85,2602.0,2626.8,321213,126358,26271
MPSLTD,02-AUG-2021,748.0,760.0,735.35,747.9,43856,25082,3361
MRF,02-AUG-2021,80499.0,81349.95,80133.3,80420.85,10580,3465,6763
MRO-TEK,02-AUG-2021,34.95,34.95,31.55,32.6,10330,7214,169
MRPL,02-AUG-2021,44.9,45.5,44.75,45.05,1734575,670915,5929
MSPL,02-AUG-2021,12.4,12.4,12.1,12.4,297585,282627,479
MSTCLTD,02-AUG-2021,286.4,288.9,282.0,282.7,277309,154206,5099
MTARTECH,02-AUG-2021,1460.35,1470.0,1420.0,1428.45,123889,48710,8566
MTEDUCARE,02-AUG-2021,9.55,10.15,9.55,9.8,171472,129597,348
MTNL,02-AUG-2021,21.3,21.6,21.1,21.15,1019476,508679,2295
MUKTAARTS,02-AUG-2021,42.5,42.5,39.6,41.65,48567,34806,493
MUNJALAU,02-AUG-2021,66.75,67.95,66.55,67.3,234708,122804,2386
MUNJALSHOW,02-AUG-2021,163.5,168.5,161.95,166.6,393949,187577,7445
MURUDCERA,02-AUG-2021,30.45,31.45,29.5,30.85,227163,136713,1654
MUTHOOTCAP,02-AUG-2021,455.0,457.95,421.1,435.95,76058,44922,4296
MUTHOOTFIN,02-AUG-2021,1565.9,1595.5,1557.0,1584.65,595881,119802,26270
NACLIND,02-AUG-2021,82.5,84.0,78.25,80.05,430589,278834,3391
NAGREEKCAP,02-AUG-2021,8.25,8.25,8.25,8.25,1050,1050,8
NAGREEKEXP,02-AUG-2021,41.6,41.6,41.6,41.6,18386,18386,66
NAHARCAP,02-AUG-2021,318.25,339.9,315.0,330.05,191029,90470,4937
NAHARPOLY,02-AUG-2021,225.4,255.0,224.6,243.85,264812,142241,6608
NAM-INDIA,02-AUG-2021,404.05,405.65,398.0,400.4,1153460,689706,17821
NATCOPHARM,02-AUG-2021,1028.0,1029.0,1001.0,1010.15,723742,489084,15392
NATHBIOGEN,02-AUG-2021,366.25,379.0,366.25,376.4,59803,33351,2423
NATIONALUM,02-AUG-2021,94.5,96.0,94.0,95.0,32883709,8497207,57308
NAUKRI,02-AUG-2021,5250.0,5349.0,5204.9,5301.7,431776,176097,43162
NAVINFLUOR,02-AUG-2021,3664.3,3727.0,3612.6,3685.75,236860,58876,18259
NAVKARCORP,02-AUG-2021,49.85,51.9,49.8,50.9,914188,491736,5222
NAVNETEDUL,02-AUG-2021,106.0,106.0,102.85,104.2,818664,365677,15109
NAZARA,02-AUG-2021,1900.0,1950.0,1876.0,1882.75,398173,112456,25817
NBCC,02-AUG-2021,51.6,51.75,50.5,50.65,4331633,1780039,15662
NBIFIN,02-AUG-2021,2318.95,2319.0,2249.0,2254.85,2344,422,1181
NBVENTURES,02-AUG-2021,125.45,127.9,123.15,127.1,1772393,869160,15438
NCC,02-AUG-2021,88.0,89.4,86.35,86.65,2718890,1405820,12143
NCLIND,02-AUG-2021,270.95,289.75,263.25,284.15,1624433,790278,27389
NCPSESDL24,02-AUG-2021,105.56,105.61,105.52,105.52,1235,743,18
NDL,02-AUG-2021,76.9,80.1,73.65,80.1,228821,177623,1607
NDTV,02-AUG-2021,74.8,76.0,73.5,75.65,181852,150251,1280
NECCLTD,02-AUG-2021,19.35,20.05,19.0,19.15,548639,294870,1041
NECLIFE,02-AUG-2021,35.7,35.9,34.45,35.05,745869,417034,3536
NELCAST,02-AUG-2021,97.4,98.3,95.4,96.4,633893,397971,5726
NELCO,02-AUG-2021,372.0,378.8,368.0,371.5,122959,59287,3955
NEOGEN,02-AUG-2021,926.95,937.9,912.0,918.05,62281,31269,6381
NESCO,02-AUG-2021,611.0,651.75,611.0,644.05,343242,107997,17543
NESTLEIND,02-AUG-2021,17795.8,17900.8,17675.0,17714.65,31974,18824,11227
NETF,02-AUG-2021,191.2,195.25,191.2,195.25,615,543,86
NETFCONSUM,02-AUG-2021,72.16,72.16,69.15,69.48,4262,3590,199
NETFDIVOPP,02-AUG-2021,42.5,45.0,40.31,41.35,5639,2783,123
NETFGILT5Y,02-AUG-2021,48.34,48.36,48.34,48.36,52,52,4
NETFIT,02-AUG-2021,31.5,31.77,31.08,31.33,427459,316932,2664
NETFLTGILT,02-AUG-2021,22.5,22.5,22.4,22.46,20981,16835,109
NETFMID150,02-AUG-2021,108.35,108.35,105.1,107.5,60225,43581,1630
NETFNIF100,02-AUG-2021,162.5,167.59,162.5,166.29,1643,1342,60
NETFNV20,02-AUG-2021,90.0,90.1,88.2,90.09,6778,5559,158
NETFPHARMA,02-AUG-2021,14.7,14.8,14.32,14.44,240456,103904,728
NETFSDL26,02-AUG-2021,104.1,104.3,104.1,104.21,356,356,6
NETWORK18,02-AUG-2021,49.7,50.45,49.45,50.05,903410,318920,3977
NEXTMEDIA,02-AUG-2021,5.5,5.85,5.5,5.7,10301,7008,84
NFL,02-AUG-2021,64.6,64.75,62.9,63.35,1420141,575993,7025
NH,02-AUG-2021,497.9,499.9,493.2,497.65,86915,37874,6564
NHPC,02-AUG-2021,26.5,27.3,26.3,26.5,16880445,9874054,18923
NIACL,02-AUG-2021,165.0,165.25,162.0,162.75,433470,156603,9632
NIBL,02-AUG-2021,19.3,19.3,18.5,19.15,29715,23967,107
NIFTYBEES,02-AUG-2021,174.69,174.69,170.0,171.0,953704,584632,21869
NIFTYEES,02-AUG-2021,20648.54,20648.54,20250.0,20250.0,2,2,2
NIITLTD,02-AUG-2021,326.5,337.25,321.15,323.0,945585,382026,17792
NILAINFRA,02-AUG-2021,6.6,7.2,6.55,7.2,2751830,1643052,2069
NILKAMAL,02-AUG-2021,2612.0,2700.0,2604.4,2672.75,15551,5181,3257
NIPPOBATRY,02-AUG-2021,1181.9,1186.25,1132.2,1140.85,42241,17680,2814
NIRAJ,02-AUG-2021,47.85,51.45,46.35,48.65,146547,56809,1419
NITCO,02-AUG-2021,25.85,26.6,25.35,26.3,139036,112205,455
NITINSPIN,02-AUG-2021,247.0,269.9,246.95,269.9,1383597,946903,16911
NITIRAJ,02-AUG-2021,49.8,51.9,47.35,49.05,7910,5022,152
NKIND,02-AUG-2021,26.15,28.7,26.15,28.6,3282,2092,36
NLCINDIA,02-AUG-2021,59.75,60.3,58.7,58.85,1779756,643344,10963
NMDC,02-AUG-2021,182.35,183.5,177.15,180.15,16329970,6277891,67563
NOCIL,02-AUG-2021,263.85,275.9,258.75,271.55,3373332,808568,38202
NOIDATOLL,02-AUG-2021,6.5,6.6,6.2,6.5,147390,95745,322
NORBTEAEXP,02-AUG-2021,6.95,6.95,6.95,6.95,300,300,3
NOVARTIND,02-AUG-2021,974.0,985.0,963.05,972.95,22549,13781,1683
NPBET,02-AUG-2021,186.2,191.78,184.3,185.71,1384,825,75
NRAIL,02-AUG-2021,320.5,330.0,305.05,320.6,150837,69564,7775
NRBBEARING,02-AUG-2021,140.2,143.0,139.75,140.4,166699,89101,3470
NSIL,02-AUG-2021,1980.05,2022.0,1977.05,1991.75,1142,845,284
NTL,02-AUG-2021,2.1,2.1,2.1,2.1,4412,4412,8
NTPC,02-AUG-2021,118.6,118.75,117.0,117.75,11742555,5441032,47573
NUCLEUS,02-AUG-2021,682.0,688.4,672.0,674.05,79829,41032,4441
NURECA,02-AUG-2021,1811.25,1811.25,1811.25,1811.25,4355,4355,236
NXTDIGITAL,02-AUG-2021,483.05,488.65,479.95,480.9,3218,1417,384
OAL,02-AUG-2021,922.0,949.9,910.0,921.4,15802,7646,1942
OBEROIRLTY,02-AUG-2021,680.0,755.0,680.0,739.25,5642093,615375,115350
OCCL,02-AUG-2021,1145.0,1323.9,1131.45,1244.15,377310,66443,43190
OFSS,02-AUG-2021,4368.95,4375.0,4257.0,4285.8,90971,38213,13489
OIL,02-AUG-2021,168.9,168.95,164.6,165.5,353249,178396,7340
OMAXE,02-AUG-2021,88.4,94.5,86.85,90.85,404476,159137,5276
OMINFRAL,02-AUG-2021,33.8,34.95,33.7,34.05,137679,77466,968
OMKARCHEM,02-AUG-2021,18.75,18.75,17.35,18.75,1074520,711854,2466
ONELIFECAP,02-AUG-2021,12.8,12.8,12.8,12.8,3565,3565,26
ONGC,02-AUG-2021,114.95,117.5,114.8,117.1,10895726,4555451,61642
ONMOBILE,02-AUG-2021,137.0,143.2,137.0,139.6,668071,258067,9123
ONWARDTEC,02-AUG-2021,259.5,259.5,249.05,254.15,33465,22666,681
ORBTEXP,02-AUG-2021,80.75,84.05,79.05,81.5,56004,22952,2710
ORICONENT,02-AUG-2021,33.8,34.3,33.1,34.3,419066,323785,980
ORIENTABRA,02-AUG-2021,35.05,36.4,35.05,35.35,224679,116370,2382
ORIENTALTL,02-AUG-2021,10.3,10.7,10.1,10.15,101968,85646,384
ORIENTBELL,02-AUG-2021,361.0,375.85,357.0,371.0,54137,25176,2226
ORIENTCEM,02-AUG-2021,161.8,163.5,159.8,162.4,1352727,871773,11253
ORIENTELEC,02-AUG-2021,323.0,328.95,317.05,319.55,882676,564301,35527
ORIENTHOT,02-AUG-2021,37.8,39.4,37.45,38.45,232368,156502,1620
ORIENTLTD,02-AUG-2021,80.8,83.5,79.0,81.1,20019,9942,317
ORIENTPPR,02-AUG-2021,32.2,32.2,30.7,30.9,2404517,1002836,5374
ORISSAMINE,02-AUG-2021,3080.0,3144.1,3018.95,3068.2,14463,5884,2899
ORTINLAB,02-AUG-2021,35.75,36.75,33.55,34.05,131175,92030,847
OSWALAGRO,02-AUG-2021,16.8,16.95,15.6,16.35,115217,61071,660
PAGEIND,02-AUG-2021,31798.0,32579.95,31609.05,32465.45,16604,7284,8455
PAISALO,02-AUG-2021,656.6,674.7,645.0,661.05,259769,206891,2821
PALASHSECU,02-AUG-2021,82.85,82.85,77.4,77.8,6745,4866,123
PALREDTEC,02-AUG-2021,117.0,118.85,115.0,115.35,21886,12290,551
PANACEABIO,02-AUG-2021,320.55,322.45,312.65,313.6,102821,61137,3720
PANAMAPET,02-AUG-2021,271.45,283.95,271.1,278.6,805482,396546,13000
PARAGMILK,02-AUG-2021,141.95,142.0,136.0,136.95,645887,310905,7565
PARSVNATH,02-AUG-2021,16.2,16.3,15.7,15.85,741381,579716,886
PATELENG,02-AUG-2021,15.15,16.5,15.1,15.95,20777829,9097567,19157
PATINTLOG,02-AUG-2021,24.95,24.95,24.0,24.45,102477,61870,459
PATSPINLTD,02-AUG-2021,13.1,13.1,12.0,13.1,53837,40688,155
PCJEWELLER,02-AUG-2021,24.7,25.1,24.0,24.85,1968668,1145848,4185
PDMJEPAPER,02-AUG-2021,45.1,45.8,42.6,43.05,635063,311410,5079
PDSMFL,02-AUG-2021,1260.0,1309.7,1260.0,1301.45,6034,3760,1244
PEARLPOLY,02-AUG-2021,18.4,18.85,17.7,17.95,20986,18104,87
PEL,02-AUG-2021,2347.35,2500.0,2337.0,2489.85,2579839,437040,113142
PENIND,02-AUG-2021,41.4,42.0,40.0,41.75,2076214,1208221,7527
PERSISTENT,02-AUG-2021,3174.85,3192.1,3113.25,3137.15,77996,37948,12348
PETRONET,02-AUG-2021,220.85,220.85,218.05,219.75,2617270,1824751,22156
PFC,02-AUG-2021,131.0,134.0,130.1,133.6,9750167,3989912,54115
PFIZER,02-AUG-2021,5922.0,5970.0,5875.0,5910.7,51550,9165,7211
PFOCUS,02-AUG-2021,63.0,64.1,60.7,61.4,123748,95672,771
PFS,02-AUG-2021,20.55,21.1,20.5,20.55,1878062,1181821,2750
PGEL,02-AUG-2021,367.0,377.8,367.0,369.3,26334,20348,845
PGHH,02-AUG-2021,12690.0,12770.0,12645.05,12711.05,7720,5990,1688
PGHL,02-AUG-2021,5401.0,5454.45,5373.05,5441.15,16267,13054,2668
PGIL,02-AUG-2021,375.0,439.85,375.0,433.0,354547,122734,16288
PHILIPCARB,02-AUG-2021,274.0,277.0,268.65,274.8,1927711,589543,23713
PHOENIXLTD,02-AUG-2021,871.9,918.45,869.1,896.7,727095,199361,31556
PIDILITIND,02-AUG-2021,2299.9,2299.9,2255.8,2262.55,456617,322416,33178
PIIND,02-AUG-2021,2960.0,3375.0,2956.0,3316.5,2764540,554874,143055
PILANIINVS,02-AUG-2021,1992.75,2014.0,1971.05,1990.9,5545,3526,920
PILITA,02-AUG-2021,7.65,7.7,7.55,7.6,1802102,1522002,1694
PIONDIST,02-AUG-2021,128.5,130.5,127.1,129.3,8352,3709,195
PIONEEREMB,02-AUG-2021,76.25,79.7,75.7,78.15,1455324,490713,12516
PITTIENG,02-AUG-2021,204.4,214.65,201.6,205.3,606808,409001,8037
PLASTIBLEN,02-AUG-2021,272.8,274.8,270.55,273.55,47183,34740,1221
PNB,02-AUG-2021,39.75,40.95,39.6,40.7,64896737,16928577,91021
PNBGILTS,02-AUG-2021,72.95,73.0,71.8,72.05,170560,122685,1565
PNC,02-AUG-2021,40.5,40.85,38.65,40.5,32978,22241,475
PNCINFRA,02-AUG-2021,315.0,319.25,311.7,312.1,691632,530317,11941
PODDARHOUS,02-AUG-2021,211.0,211.0,202.0,208.2,10024,6259,270
PODDARMENT,02-AUG-2021,390.0,390.0,368.15,377.0,140216,72526,9348
POKARNA,02-AUG-2021,398.85,458.0,397.05,447.2,630511,289392,18241
POLYCAB,02-AUG-2021,1869.95,1881.15,1836.5,1865.85,199500,103640,22733
POLYMED,02-AUG-2021,980.1,990.45,955.25,969.5,112819,61657,9614
POLYPLEX,02-AUG-2021,1511.0,1551.0,1511.0,1533.85,145235,62880,10293
POWERGRID,02-AUG-2021,171.5,172.0,169.3,171.0,7181817,4885020,52533
POWERINDIA,02-AUG-2021,1930.0,1995.0,1917.0,1936.45,37335,11704,5246
POWERMECH,02-AUG-2021,823.5,858.0,816.0,846.85,94688,48895,6981
PPAP,02-AUG-2021,317.4,324.85,311.15,319.75,103561,50460,4698
PPL,02-AUG-2021,178.5,179.45,176.4,178.45,239926,141958,5834
PRAKASH,02-AUG-2021,84.0,84.95,81.3,81.95,1188294,591048,7003
PRAKASHSTL,02-AUG-2021,1.6,1.6,1.6,1.6,453739,453739,83
PRAXIS,02-AUG-2021,45.0,45.9,43.75,45.9,22030,18865,169
PRECAM,02-AUG-2021,109.9,112.0,104.5,107.0,556556,356662,5720
PRECOT,02-AUG-2021,290.0,296.9,271.0,273.4,57645,48184,987
PRECWIRE,02-AUG-2021,229.5,233.65,229.0,230.6,32091,18041,1473
PREMIER,02-AUG-2021,4.1,4.15,3.8,4.0,9565,6836,42
PREMIERPOL,02-AUG-2021,94.95,95.5,88.45,90.3,73096,45816,2495
PRESSMN,02-AUG-2021,34.2,38.25,33.9,36.9,1002360,445118,4857
PRESTIGE,02-AUG-2021,343.7,369.0,342.5,364.4,5278442,2502985,76841
PRICOLLTD,02-AUG-2021,97.1,99.5,96.1,98.5,1180699,476330,9995
PRIMESECU,02-AUG-2021,107.0,107.6,101.55,107.0,157784,82104,1238
PRINCEPIPE,02-AUG-2021,684.9,695.95,683.55,689.7,269462,127589,12546
PRIVISCL,02-AUG-2021,1635.0,1866.9,1523.65,1805.6,1070365,112402,77898
PROZONINTU,02-AUG-2021,34.3,34.3,32.7,32.7,455523,315110,2941
PRSMJOHNSN,02-AUG-2021,137.25,142.5,137.25,139.65,616703,324156,7123
PSB,02-AUG-2021,20.15,20.2,19.5,19.65,448650,264488,1519
PSPPROJECT,02-AUG-2021,468.0,474.0,461.5,465.8,202958,43026,7625
PSUBNKBEES,02-AUG-2021,26.99,26.99,26.61,26.79,532006,387779,803
PTC,02-AUG-2021,103.45,104.15,101.0,101.2,940428,591355,7613
PTL,02-AUG-2021,53.25,54.8,52.75,53.75,159771,82315,1522
PUNJABCHEM,02-AUG-2021,1430.0,1439.0,1391.9,1420.75,7122,5127,918
PURVA,02-AUG-2021,110.7,120.4,109.4,119.15,3793943,1100006,31532
PVP,02-AUG-2021,5.4,5.4,5.4,5.4,36814,36814,49
PVR,02-AUG-2021,1418.8,1439.55,1390.5,1417.85,1521573,371355,50064
QGOLDHALF,02-AUG-2021,2066.0,2078.9,2050.0,2062.8,357,273,97
QNIFTY,02-AUG-2021,1645.0,1651.0,1643.0,1649.0,68,46,20
QUESS,02-AUG-2021,883.3,894.25,871.7,881.75,466327,250971,36368
QUICKHEAL,02-AUG-2021,305.65,313.0,303.75,304.6,353641,123401,7369
RADICO,02-AUG-2021,910.1,913.5,885.0,893.6,560704,348343,19372
RADIOCITY,02-AUG-2021,24.6,25.3,24.6,25.2,284163,188099,924
RAILTEL,02-AUG-2021,139.6,142.15,139.1,139.5,978106,369676,11828
RAIN,02-AUG-2021,268.5,272.75,251.15,255.4,6429616,2108346,51637
RAJESHEXPO,02-AUG-2021,624.45,624.45,612.0,614.25,158025,85620,5485
RAJSREESUG,02-AUG-2021,30.8,30.8,29.3,29.45,19338,12985,288
RALLIS,02-AUG-2021,327.25,331.65,323.1,324.65,453252,158360,9837
RAMANEWS,02-AUG-2021,27.7,27.7,25.15,25.5,1262204,684915,7244
RAMCOCEM,02-AUG-2021,1098.65,1099.45,1079.8,1094.55,378772,96146,22740
RAMCOIND,02-AUG-2021,340.0,342.95,336.45,337.65,179907,94823,4751
RAMCOSYS,02-AUG-2021,532.25,541.15,521.75,524.0,194392,109245,6579
RANEENGINE,02-AUG-2021,346.8,348.4,336.05,338.15,17404,8987,1145
RANEHOLDIN,02-AUG-2021,748.9,750.0,720.0,730.9,43672,22377,3102
RATNAMANI,02-AUG-2021,2180.0,2248.35,2110.0,2149.3,91370,35055,8820
RAYMOND,02-AUG-2021,444.9,453.8,442.3,447.4,724397,184755,13561
RBL,02-AUG-2021,1029.0,1029.4,1003.1,1011.95,7221,3187,1167
RBLBANK,02-AUG-2021,194.0,195.75,192.0,194.55,8766837,3090012,49400
RCF,02-AUG-2021,84.85,85.5,83.75,84.95,4996787,1785534,21180
RCOM,02-AUG-2021,3.3,3.3,3.25,3.3,6161272,4575505,3726
RECLTD,02-AUG-2021,152.4,157.2,151.35,156.65,6096050,2243930,37449
REDINGTON,02-AUG-2021,333.25,334.95,327.25,330.7,789263,599072,33182
REFEX,02-AUG-2021,142.5,148.0,142.0,147.05,354993,190619,7307
RELAXO,02-AUG-2021,1140.0,1157.4,1127.85,1148.5,223049,84812,21578
RELCAPITAL,02-AUG-2021,18.4,18.85,17.9,18.5,2376236,1186781,6153
RELIANCE,02-AUG-2021,2054.3,2079.4,2041.15,2072.5,5041934,2991501,164715
RELIGARE,02-AUG-2021,166.0,175.8,166.0,168.85,3023920,1318044,19812
REPCOHOME,02-AUG-2021,341.0,345.0,336.8,339.85,178647,130565,6150
REPL,02-AUG-2021,243.3,245.0,235.1,242.0,63562,50247,1728
REPRO,02-AUG-2021,366.0,371.75,356.25,360.3,11086,6548,726
RESPONIND,02-AUG-2021,135.3,136.0,131.0,132.25,27644,16706,1409
REVATHI,02-AUG-2021,684.0,688.95,669.3,672.8,1379,858,167
RGL,02-AUG-2021,643.9,699.0,643.9,693.4,69323,22147,5680
RHIM,02-AUG-2021,355.0,374.9,351.15,368.55,570576,249834,17109
RICOAUTO,02-AUG-2021,59.8,61.0,58.75,59.05,2284348,491511,11872
RIIL,02-AUG-2021,708.0,718.95,702.25,709.5,129887,36397,4881
RITES,02-AUG-2021,276.55,285.0,276.55,279.8,281469,104410,6404
RKEC,02-AUG-2021,94.8,96.5,93.85,95.0,50790,36179,931
RKFORGE,02-AUG-2021,834.8,890.0,833.0,873.6,284633,113272,14806
RML,02-AUG-2021,410.35,415.85,405.05,408.45,28653,14662,2014
ROHLTD,02-AUG-2021,78.15,79.85,78.1,78.3,30112,16996,551
ROLLT,02-AUG-2021,3.05,3.2,2.95,3.0,511182,313157,489
ROML,02-AUG-2021,75.65,80.0,75.65,77.6,6582,4232,146
ROSSARI,02-AUG-2021,1279.0,1309.9,1241.4,1289.15,652196,205852,46042
ROSSELLIND,02-AUG-2021,197.6,203.8,197.5,201.4,176506,101785,3813
ROUTE,02-AUG-2021,2083.0,2094.0,2040.0,2047.05,457666,212958,39652
RPGLIFE,02-AUG-2021,516.75,525.95,510.1,511.8,122175,55707,5901
RPPINFRA,02-AUG-2021,85.0,91.8,84.3,89.35,1067444,323799,16907
RPSGVENT,02-AUG-2021,723.35,736.75,707.2,711.05,44173,26766,3646
RSSOFTWARE,02-AUG-2021,37.0,37.0,36.15,36.3,42988,34546,304
RSWM,02-AUG-2021,407.0,408.05,387.55,398.45,185424,105209,5043
RSYSTEMS,02-AUG-2021,207.0,209.0,201.0,202.4,323648,147818,8065
RUBYMILLS,02-AUG-2021,287.0,300.65,286.95,295.85,61194,21576,4669
RUCHI,02-AUG-2021,1119.0,1127.0,1100.0,1102.85,20083,12176,1982
RUCHIRA,02-AUG-2021,93.7,94.75,92.0,92.4,86543,46113,1409
RUPA,02-AUG-2021,543.0,545.0,528.1,533.5,1784078,1100999,43353
RUSHIL,02-AUG-2021,293.8,302.5,286.15,302.5,55351,49214,665
RVHL,02-AUG-2021,20.4,21.0,20.4,20.7,17992,10881,145
RVNL,02-AUG-2021,29.85,30.4,29.7,29.95,4004760,1447626,8752
S&SPOWER,02-AUG-2021,22.2,22.2,21.25,21.85,3987,3874,48
SADBHAV,02-AUG-2021,70.5,70.9,67.3,68.95,665161,355972,6180
SADBHIN,02-AUG-2021,28.45,29.3,28.25,29.0,896825,606510,2497
SAFARI,02-AUG-2021,746.9,758.2,725.5,736.6,10108,5479,1662
SAGCEM,02-AUG-2021,1345.0,1428.0,1341.0,1398.85,109670,61481,9390
SAIL,02-AUG-2021,143.5,143.5,138.9,139.5,44235482,11321999,135584
SAKAR,02-AUG-2021,183.0,188.5,183.0,186.4,112608,69234,4047
SAKSOFT,02-AUG-2021,700.0,710.0,680.6,685.45,110568,52227,7258
SALASAR,02-AUG-2021,355.0,360.0,346.0,352.85,193561,93520,6446
SALONA,02-AUG-2021,242.0,243.6,228.85,231.8,57366,27428,3333
SALZERELEC,02-AUG-2021,174.1,189.5,174.1,184.95,744135,240351,15819
SANCO,02-AUG-2021,9.05,9.25,9.05,9.1,29698,24336,232
SANDESH,02-AUG-2021,917.0,927.8,901.85,915.35,3595,1509,421
SANDHAR,02-AUG-2021,298.5,302.0,294.3,296.15,92965,59813,4104
SANGAMIND,02-AUG-2021,132.8,135.65,128.25,135.65,93475,81386,761
SANGHIIND,02-AUG-2021,66.35,69.1,66.35,68.65,1488156,1023537,6967
SANGHVIMOV,02-AUG-2021,202.5,204.9,201.0,203.8,67087,37670,2222
SANGINITA,02-AUG-2021,30.35,31.0,29.55,29.8,193283,76894,1224
SANOFI,02-AUG-2021,8390.0,8739.0,8390.0,8558.1,64848,28866,15723
SARLAPOLY,02-AUG-2021,41.5,42.05,40.8,41.0,241928,100022,2230
SASKEN,02-AUG-2021,1315.0,1342.65,1308.0,1311.95,26755,12653,3182
SATIA,02-AUG-2021,104.7,106.15,103.0,104.25,499190,232083,3899
SATIN,02-AUG-2021,87.95,87.95,85.75,86.15,147981,82697,1320
SBCL,02-AUG-2021,134.25,145.8,133.05,143.45,165707,80834,3447
SBICARD,02-AUG-2021,1038.0,1044.45,1029.95,1040.6,1149473,794491,55246
SBIETFCON,02-AUG-2021,64.99,65.0,63.1,64.08,9575,5287,131
SBIETFIT,02-AUG-2021,313.99,314.35,310.0,313.63,1708,1475,134
SBIETFPB,02-AUG-2021,179.0,182.2,179.0,181.0,304,204,38
SBIETFQLTY,02-AUG-2021,142.35,144.0,140.16,142.74,1284,1084,113
SBILIFE,02-AUG-2021,1111.05,1128.5,1101.95,1107.2,1582968,682769,67011
SBIN,02-AUG-2021,434.75,436.7,431.8,434.9,16926025,5795542,175314
SCAPDVR,02-AUG-2021,2.6,2.6,2.6,2.6,150127,150107,60
SCHAEFFLER,02-AUG-2021,6980.0,6980.0,6711.0,6811.05,10970,7218,3313
SCHAND,02-AUG-2021,140.25,145.0,137.0,141.25,299716,118217,4139
SCHNEIDER,02-AUG-2021,140.4,146.25,137.0,138.95,3102670,958032,31666
SCI,02-AUG-2021,111.4,111.4,109.35,109.7,892000,397130,5786
SDBL,02-AUG-2021,52.0,52.55,50.15,50.6,178335,121967,1343
SEAMECLTD,02-AUG-2021,614.4,670.0,610.0,666.8,448116,212480,12958
SECURKLOUD,02-AUG-2021,88.5,95.3,88.5,93.5,74866,47078,1666
SELAN,02-AUG-2021,146.0,166.6,145.1,162.15,1625661,433127,23120
SEPOWER,02-AUG-2021,9.35,9.35,9.1,9.35,49179,41244,140
SEQUENT,02-AUG-2021,293.5,296.15,285.75,288.45,1318476,682700,18819
SESHAPAPER,02-AUG-2021,207.5,207.5,202.5,203.65,147544,26667,7795
SETCO,02-AUG-2021,20.8,21.4,20.75,21.4,281318,230919,469
SETF10GILT,02-AUG-2021,204.0,205.87,203.21,205.4,255,231,13
SETFGOLD,02-AUG-2021,4279.1,4280.0,4260.15,4261.55,5564,2661,1036
SETFNIF50,02-AUG-2021,161.69,162.0,157.95,161.65,166488,113659,2065
SETFNIFBK,02-AUG-2021,346.95,347.96,345.24,346.38,43423,33082,729
SETFNN50,02-AUG-2021,409.0,412.9,405.1,412.05,6278,4928,837
SEYAIND,02-AUG-2021,74.45,74.45,70.0,71.0,42079,26879,1252
SFL,02-AUG-2021,2398.6,2449.0,2380.55,2391.95,10725,4482,2397
SGIL,02-AUG-2021,198.75,198.75,184.0,187.0,37190,26094,935
SGL,02-AUG-2021,14.55,14.75,14.25,14.45,47399,37919,159
SHAKTIPUMP,02-AUG-2021,768.0,786.4,761.1,769.7,83515,50089,4395
SHALBY,02-AUG-2021,195.5,206.5,194.75,200.55,1240499,466734,16644
SHALPAINTS,02-AUG-2021,109.6,110.75,108.6,108.95,116043,55726,2279
SHANKARA,02-AUG-2021,658.4,683.65,656.5,664.75,425763,135885,17473
SHANTIGEAR,02-AUG-2021,195.05,205.95,195.0,199.15,1054789,284110,21214
SHARDACROP,02-AUG-2021,351.4,357.3,349.4,350.1,267753,170322,9437
SHAREINDIA,02-AUG-2021,545.0,565.0,542.8,549.5,85738,50385,6346
SHARIABEES,02-AUG-2021,416.31,419.31,407.0,411.57,1981,1796,58
SHEMAROO,02-AUG-2021,127.0,132.0,125.25,127.55,112619,67146,2056
SHILPAMED,02-AUG-2021,635.0,653.2,635.0,645.65,503737,211508,11103
SHIVAMAUTO,02-AUG-2021,27.0,27.75,26.0,27.5,229775,175702,885
SHIVAMILLS,02-AUG-2021,105.9,108.65,102.9,105.95,70503,34427,754
SHIVATEX,02-AUG-2021,239.0,247.0,221.0,225.6,59078,26654,4429
SHK,02-AUG-2021,169.9,176.9,169.0,173.3,659426,368728,12345
SHOPERSTOP,02-AUG-2021,275.0,275.0,263.0,266.05,383579,130538,11003
SHRADHA,02-AUG-2021,56.2,56.2,51.45,52.3,6450,2603,324
SHREDIGCEM,02-AUG-2021,95.5,96.4,93.7,95.2,552839,277304,5512
SHREECEM,02-AUG-2021,28280.2,29375.0,28280.2,29294.25,86807,32745,24272
SHREEPUSHK,02-AUG-2021,175.0,175.15,171.15,171.75,48230,28700,1701
SHREERAMA,02-AUG-2021,16.45,16.5,15.25,15.55,194286,152657,588
SHRENIK,02-AUG-2021,1.8,1.8,1.75,1.8,7124244,5937627,2740
SHREYANIND,02-AUG-2021,136.75,137.35,131.05,132.5,59204,35289,2006
SHREYAS,02-AUG-2021,230.0,232.3,222.55,224.55,59547,39462,1418
SHRIRAMCIT,02-AUG-2021,1900.0,1900.0,1807.05,1822.15,37694,18526,6766
SHRIRAMEPC,02-AUG-2021,5.15,5.3,5.05,5.3,1403509,979873,860
SHYAMCENT,02-AUG-2021,16.15,16.15,15.1,15.1,1216842,581359,1501
SHYAMMETL,02-AUG-2021,438.75,442.5,427.0,429.0,1402611,473047,22555
SICAL,02-AUG-2021,14.2,14.4,13.85,13.9,314068,200115,816
SIEMENS,02-AUG-2021,1961.8,1980.0,1947.4,1977.95,129925,54597,8591
SIGIND,02-AUG-2021,57.6,58.0,53.05,55.9,152413,81088,1847
SILGO,02-AUG-2021,39.75,39.75,38.3,38.55,22743,17432,168
SILLYMONKS,02-AUG-2021,22.4,22.4,21.5,21.7,4604,2941,49
SIMPLEXINF,02-AUG-2021,45.7,45.7,44.0,45.1,79363,50591,738
SINTERCOM,02-AUG-2021,100.0,104.8,97.85,99.5,221746,121862,3556
SINTEX,02-AUG-2021,4.4,4.5,4.3,4.5,1553947,1164250,1120
SIRCA,02-AUG-2021,345.0,345.0,331.25,339.2,67707,37949,2068
SIS,02-AUG-2021,485.75,502.0,485.75,493.55,334908,151811,10997
SITINET,02-AUG-2021,1.75,1.75,1.7,1.75,2296290,2293215,492
SIYSIL,02-AUG-2021,412.0,418.0,411.0,415.75,56782,32394,2631
SJVN,02-AUG-2021,27.4,27.8,27.2,27.45,2143900,800439,5307
SKFINDIA,02-AUG-2021,2925.0,2925.0,2831.55,2855.95,26553,16240,5480
SKIL,02-AUG-2021,4.5,4.5,4.5,4.5,80459,80459,31
SKIPPER,02-AUG-2021,89.95,91.7,89.25,89.55,561704,144412,5940
SKMEGGPROD,02-AUG-2021,86.65,87.65,85.0,85.7,166568,49771,2551
SMARTLINK,02-AUG-2021,124.8,124.85,120.0,121.05,31705,19927,897
SMCGLOBAL,02-AUG-2021,91.5,94.5,91.0,92.85,505872,205270,4588
SMLISUZU,02-AUG-2021,585.95,638.0,585.95,623.6,477398,105422,23275
SMSLIFE,02-AUG-2021,710.4,722.6,708.85,720.25,2520,1521,306
SMSPHARMA,02-AUG-2021,175.35,186.75,175.35,183.35,227967,97987,6047
SNOWMAN,02-AUG-2021,50.9,51.6,50.3,50.4,1514619,508238,6598
SOBHA,02-AUG-2021,605.9,652.75,601.0,640.0,1261541,466562,34994
SOLARA,02-AUG-2021,1644.8,1754.3,1644.8,1730.3,303510,148039,14113
SOLARINDS,02-AUG-2021,1730.0,1755.0,1705.0,1719.9,113347,41929,9925
SOMATEX,02-AUG-2021,7.8,8.35,7.8,8.0,21359,16170,82
SOMICONVEY,02-AUG-2021,58.45,58.5,57.2,57.5,16832,10018,455
SONACOMS,02-AUG-2021,442.65,454.25,435.5,439.25,2478124,1167273,60205
SONATSOFTW,02-AUG-2021,795.0,799.0,780.0,788.5,163172,101524,12351
SORILINFRA,02-AUG-2021,129.6,132.9,128.5,128.9,53644,31124,1132
SOTL,02-AUG-2021,1499.0,1549.6,1476.0,1515.2,63535,35706,5906
SOUTHBANK,02-AUG-2021,10.85,11.0,10.7,10.75,13996461,5668311,34330
SOUTHWEST,02-AUG-2021,67.95,71.15,64.2,68.8,102434,81260,910
SPAL,02-AUG-2021,323.35,345.15,323.35,341.9,150968,89049,9397
SPANDANA,02-AUG-2021,651.0,664.15,647.0,650.4,61584,33348,3833
SPARC,02-AUG-2021,269.8,283.0,262.5,280.95,7984005,1680298,81886
SPECIALITY,02-AUG-2021,75.9,77.0,74.0,75.4,305166,135077,2827
SPENCERS,02-AUG-2021,109.4,109.4,104.6,105.8,1413679,573797,13025
SPIC,02-AUG-2021,65.0,66.4,64.0,64.4,980525,524640,6445
SPICEJET,02-AUG-2021,75.1,75.75,74.75,75.0,1241776,530797,7760
SPLIL,02-AUG-2021,53.0,54.0,52.1,52.75,61074,33031,1808
SPMLINFRA,02-AUG-2021,11.8,12.7,11.8,12.15,37148,27437,207
SPTL,02-AUG-2021,5.45,5.6,5.35,5.4,3421538,1420122,9227
SREEL,02-AUG-2021,168.15,174.95,166.25,171.0,50350,25361,2911
SRF,02-AUG-2021,8660.0,9074.55,8655.55,9004.95,630805,123942,91291
SRHHYPOLTD,02-AUG-2021,335.05,347.9,335.05,344.7,45691,28448,1904
SRIPIPES,02-AUG-2021,238.05,239.0,233.25,237.3,237863,95926,7949
SRTRANSFIN,02-AUG-2021,1396.0,1430.0,1335.7,1375.85,3387496,758849,87616
SSWL,02-AUG-2021,1371.0,1496.95,1370.0,1496.95,124526,69054,7658
STAR,02-AUG-2021,776.0,776.0,758.6,762.55,372614,176002,13218
STARCEMENT,02-AUG-2021,112.2,113.0,109.35,110.35,376727,204172,7412
STARPAPER,02-AUG-2021,165.1,168.75,163.1,163.9,298300,105069,6891
STCINDIA,02-AUG-2021,120.0,123.0,118.2,119.35,134330,55442,4453
STEELCITY,02-AUG-2021,76.0,76.0,73.5,74.3,94476,62890,1185
STEELXIND,02-AUG-2021,76.0,79.0,67.15,68.95,9353724,4727554,16210
STEL,02-AUG-2021,112.9,115.25,111.35,114.55,53946,40359,754
STERTOOLS,02-AUG-2021,254.05,254.05,243.1,244.75,215491,113371,7378
STLTECH,02-AUG-2021,292.9,304.0,292.25,301.65,549273,206229,12259
STOVEKRAFT,02-AUG-2021,783.9,794.2,777.25,787.3,351642,150471,14220
STYLAMIND,02-AUG-2021,1280.0,1366.9,1216.0,1278.85,68770,24150,6202
SUBEXLTD,02-AUG-2021,62.8,63.3,60.25,60.7,8290164,4511480,28563
SUBROS,02-AUG-2021,329.0,332.0,325.0,326.65,36443,16613,2559
SUDARSCHEM,02-AUG-2021,748.0,759.5,744.95,749.4,109174,57607,6696
SUMICHEM,02-AUG-2021,425.5,433.85,425.5,428.7,345202,173926,9350
SUMMITSEC,02-AUG-2021,738.0,849.0,738.0,802.9,208061,66478,14111
SUNCLAYLTD,02-AUG-2021,3657.0,3754.0,3650.0,3658.4,6762,3189,1788
SUNDARMFIN,02-AUG-2021,2620.0,2620.0,2584.0,2606.1,4584,2661,1058
SUNDARMHLD,02-AUG-2021,80.5,89.95,80.5,88.45,1889350,1120199,11753
SUNDRMBRAK,02-AUG-2021,470.0,470.0,450.05,457.9,8768,4655,687
SUNDRMFAST,02-AUG-2021,767.0,784.0,762.0,781.85,58875,30217,4470
SUNFLAG,02-AUG-2021,93.5,94.75,90.3,90.75,1429000,623764,8752
SUNPHARMA,02-AUG-2021,785.0,801.9,764.1,775.0,18661462,5938032,246025
SUNTECK,02-AUG-2021,373.15,410.0,372.65,404.4,4179779,833392,71308
SUNTV,02-AUG-2021,580.0,586.55,565.1,572.95,3253747,964686,52692
SUPERHOUSE,02-AUG-2021,165.05,169.5,162.45,166.5,39574,15040,1719
SUPRAJIT,02-AUG-2021,339.4,350.0,335.55,339.95,370447,105693,12994
SUPREMEENG,02-AUG-2021,34.0,34.0,32.3,32.7,32839,25610,271
SUPREMEIND,02-AUG-2021,2140.0,2167.9,2110.0,2116.95,93939,59356,19345
SURANASOL,02-AUG-2021,13.35,13.5,12.8,13.5,70362,56323,393
SURANAT&P,02-AUG-2021,6.85,6.85,6.85,6.85,38963,38963,85
SURYAROSNI,02-AUG-2021,540.0,584.45,531.0,566.4,711442,339130,19129
SURYODAY,02-AUG-2021,207.8,207.8,204.05,204.7,66469,42359,2342
SUTLEJTEX,02-AUG-2021,70.7,72.7,69.15,69.6,893285,370046,9182
SUULD,02-AUG-2021,511.95,511.95,472.5,491.5,62466,49862,1440
SUVEN,02-AUG-2021,83.3,83.9,82.4,83.1,217670,129042,2839
SUVENPHAR,02-AUG-2021,506.3,522.0,506.3,520.1,318311,218482,15177
SUVIDHAA,02-AUG-2021,24.95,24.95,23.8,23.95,47054,27691,435
SUZLON,02-AUG-2021,6.3,6.6,6.25,6.6,54149825,28745556,24505
SVPGLOB,02-AUG-2021,110.95,110.95,106.55,109.1,48719,27703,1051
SWANENERGY,02-AUG-2021,149.45,152.75,143.05,146.0,1634564,422864,17201
SWARAJENG,02-AUG-2021,1803.95,1836.45,1793.05,1799.15,24024,15730,2627
SWELECTES,02-AUG-2021,258.0,262.3,252.0,254.8,27923,18357,1066
SWSOLAR,02-AUG-2021,287.2,293.2,285.8,288.55,1053631,429523,12749
SYMPHONY,02-AUG-2021,953.55,958.3,945.0,952.3,65715,31968,5240
SYNGENE,02-AUG-2021,641.7,642.95,630.75,633.8,166532,83727,7540
TAJGVK,02-AUG-2021,131.5,132.9,131.05,132.2,72107,34023,1928
TAKE,02-AUG-2021,63.9,65.3,62.3,62.95,2097524,917905,11639
TALBROAUTO,02-AUG-2021,327.9,349.9,318.2,345.35,385430,147545,13521
TARAPUR,02-AUG-2021,5.45,5.7,5.45,5.7,43251,35060,101
TARMAT,02-AUG-2021,87.0,87.4,84.65,85.3,165890,147240,903
TASTYBITE,02-AUG-2021,18624.95,18624.95,18005.0,18086.35,2738,1029,1531
TATACHEM,02-AUG-2021,771.0,780.95,766.55,774.65,1643860,485330,31621
TATACOFFEE,02-AUG-2021,214.05,215.5,210.2,211.7,3120080,769328,28889
TATACOMM,02-AUG-2021,1453.8,1490.0,1437.6,1480.55,338574,132452,16877
TATACONSUM,02-AUG-2021,763.0,771.0,756.6,759.55,2054226,1025923,45934
TATAELXSI,02-AUG-2021,4264.0,4264.2,4210.1,4222.8,70906,42249,16140
TATAINVEST,02-AUG-2021,1162.0,1170.0,1148.0,1151.3,40341,20054,3297
TATAMETALI,02-AUG-2021,1338.0,1349.0,1316.6,1329.05,259963,96625,13442
TATAMOTORS,02-AUG-2021,299.15,299.4,295.6,296.85,19273390,5478643,205351
TATAMTRDVR,02-AUG-2021,142.0,142.6,139.8,141.0,1655194,1203856,14416
TATAPOWER,02-AUG-2021,126.55,134.0,125.55,133.45,102355625,27044096,341181
TATASTEEL,02-AUG-2021,1446.0,1447.0,1405.5,1410.05,9768920,2079446,201290
TATASTLBSL,02-AUG-2021,96.5,96.5,93.65,94.15,7415364,2887760,30549
TATVA,02-AUG-2021,2279.0,2287.7,2248.0,2263.25,493438,184432,30437
TBZ,02-AUG-2021,85.0,88.8,84.7,85.9,627971,177915,7781
TCI,02-AUG-2021,428.0,428.0,417.0,424.9,51257,32157,2624
TCIDEVELOP,02-AUG-2021,364.0,366.95,340.85,361.15,18612,13549,967
TCIEXP,02-AUG-2021,1545.25,1568.55,1530.7,1556.55,32176,11572,4053
TCIFINANCE,02-AUG-2021,6.0,6.0,5.8,5.9,1548,1548,11
TCNSBRANDS,02-AUG-2021,593.0,593.75,583.2,586.95,11007,6897,1061
TCPLPACK,02-AUG-2021,575.0,575.0,545.95,550.8,26392,15584,2455
TCS,02-AUG-2021,3180.0,3224.9,3167.0,3219.4,2608669,1907700,112175
TDPOWERSYS,02-AUG-2021,195.05,198.6,195.05,196.9,35868,19067,1190
TEAMLEASE,02-AUG-2021,4270.1,4290.55,4106.05,4143.4,33661,14534,7235
TECHIN,02-AUG-2021,5.9,5.9,5.4,5.5,30101,18547,112
TECHM,02-AUG-2021,1210.0,1214.0,1195.55,1210.7,2385223,1179546,87426
TECHNOE,02-AUG-2021,305.5,319.5,303.0,309.5,402646,179979,14995
TEMBO,02-AUG-2021,208.8,214.65,201.7,210.55,61286,31187,451
TEXINFRA,02-AUG-2021,62.85,67.4,62.85,63.8,164605,58036,1650
TEXMOPIPES,02-AUG-2021,53.75,54.4,51.55,53.15,177654,105208,1661
TEXRAIL,02-AUG-2021,35.95,38.95,35.7,38.35,3795205,1609535,14814
TFCILTD,02-AUG-2021,73.6,77.25,73.6,76.75,1070310,403053,6803
TFL,02-AUG-2021,5.5,5.5,5.3,5.45,1184,1183,11
TGBHOTELS,02-AUG-2021,8.5,8.6,8.1,8.6,51003,44774,140
THANGAMAYL,02-AUG-2021,890.0,919.75,873.7,890.45,32022,14580,3313
THEINVEST,02-AUG-2021,125.0,127.7,116.8,125.15,180353,96620,4717
THEMISMED,02-AUG-2021,930.05,969.35,921.0,948.35,12845,9214,923
THERMAX,02-AUG-2021,1420.0,1431.2,1398.5,1404.75,55156,39563,5885
THOMASCOOK,02-AUG-2021,61.3,62.5,61.15,61.3,269122,197709,2110
THYROCARE,02-AUG-2021,1308.45,1334.05,1308.45,1325.25,254463,180155,10148
TIIL,02-AUG-2021,689.4,738.0,689.4,728.9,120271,53199,8807
TIINDIA,02-AUG-2021,1118.15,1126.3,1093.0,1101.1,51306,26366,5241
TIL,02-AUG-2021,185.95,186.35,183.0,184.0,2869,1913,183
TIMESGTY,02-AUG-2021,56.3,56.3,52.7,55.0,22548,15265,409
TIMETECHNO,02-AUG-2021,81.3,83.85,81.3,81.65,629305,393343,8377
TIMKEN,02-AUG-2021,1558.0,1594.95,1526.95,1549.15,23781,6937,3143
TINPLATE,02-AUG-2021,261.95,268.75,260.0,262.9,781980,244838,15653
TIRUMALCHM,02-AUG-2021,196.0,198.65,192.25,193.45,793991,417527,10067
TITAN,02-AUG-2021,1728.0,1776.0,1725.0,1771.55,1718511,498426,70362
TMRVL,02-AUG-2021,20.0,20.6,19.3,19.55,81969,47804,535
TNPETRO,02-AUG-2021,135.85,141.0,135.05,139.65,640609,399735,8254
TNPL,02-AUG-2021,155.0,155.95,152.25,152.85,200959,65264,2912
TOKYOPLAST,02-AUG-2021,110.0,120.0,109.5,117.0,252390,105708,3469
TORNTPHARM,02-AUG-2021,3088.0,3105.0,3058.1,3076.35,130297,63453,13095
TORNTPOWER,02-AUG-2021,460.85,468.9,453.25,465.4,1621575,523761,31234
TOTAL,02-AUG-2021,60.85,65.5,60.85,62.55,245427,113901,3419
TOUCHWOOD,02-AUG-2021,116.65,116.65,116.65,116.65,31016,31016,147
TPLPLASTEH,02-AUG-2021,349.9,365.75,331.8,358.0,353634,82447,16226
TREJHARA,02-AUG-2021,68.3,71.3,68.0,68.7,148235,78803,2103
TRENT,02-AUG-2021,923.3,969.0,922.9,956.6,1342173,241122,38800
TRIDENT,02-AUG-2021,21.15,21.65,19.85,20.15,118328183,46363761,128700
TRIGYN,02-AUG-2021,159.9,160.95,154.05,155.45,139099,90802,2084
TRIL,02-AUG-2021,33.6,34.65,33.5,33.65,159091,94697,1158
TRITURBINE,02-AUG-2021,123.8,124.3,118.25,120.15,204567,99329,5146
TRIVENI,02-AUG-2021,188.2,193.0,184.6,186.75,627066,312638,9372
TTKHLTCARE,02-AUG-2021,796.0,796.0,763.3,772.05,20107,13033,1999
TTKPRESTIG,02-AUG-2021,8853.1,8865.0,8650.0,8686.5,8053,5127,2550
TTL,02-AUG-2021,66.75,69.4,65.45,69.4,69229,50485,680
TV18BRDCST,02-AUG-2021,39.2,39.65,38.7,39.05,4250357,1570498,10490
TVSELECT,02-AUG-2021,196.0,198.2,189.4,194.05,113246,56562,2341
TVSMOTOR,02-AUG-2021,585.0,586.85,570.2,572.2,2139088,619444,42505
TVSSRICHAK,02-AUG-2021,2165.0,2200.9,2160.65,2187.25,7087,3346,1524
TVTODAY,02-AUG-2021,294.05,297.95,292.7,293.65,69633,40741,2315
TVVISION,02-AUG-2021,2.2,2.2,2.2,2.2,54771,54771,18
TWL,02-AUG-2021,80.65,93.55,80.3,92.25,8093955,2524826,51948
UBL,02-AUG-2021,1438.25,1450.0,1430.25,1440.7,245708,92667,20435
UCALFUEL,02-AUG-2021,162.5,164.7,160.5,161.55,36519,19112,1257
UCOBANK,02-AUG-2021,13.85,13.9,13.7,13.75,3523885,1517836,25619
UFLEX,02-AUG-2021,546.4,564.0,539.0,552.5,741561,252303,19388
UFO,02-AUG-2021,107.55,114.4,105.8,111.1,3915997,1741467,37168
UGARSUGAR,02-AUG-2021,33.8,34.35,33.0,33.4,255562,136924,1345
UJAAS,02-AUG-2021,3.05,3.05,3.05,3.05,768530,765341,465
UJJIVAN,02-AUG-2021,239.6,242.6,238.1,239.65,4469953,4265550,4297
UJJIVANSFB,02-AUG-2021,28.95,28.95,28.5,28.55,3336191,2086332,7647
ULTRACEMCO,02-AUG-2021,7622.05,7718.8,7621.3,7642.05,202451,90343,31279
UMANGDAIRY,02-AUG-2021,89.8,89.8,83.9,85.9,77225,28493,1849
UMESLTD,02-AUG-2021,4.25,4.25,4.25,4.25,1214,1214,9
UNICHEMLAB,02-AUG-2021,325.0,325.0,312.65,313.8,176423,99462,6641
UNIDT,02-AUG-2021,369.0,401.8,363.95,397.0,449244,241452,7129
UNIENTER,02-AUG-2021,135.4,136.9,133.2,133.9,30243,13049,1239
UNIONBANK,02-AUG-2021,37.3,37.45,36.7,36.8,9441552,4335637,15133
UNITEDTEA,02-AUG-2021,439.9,439.9,421.0,425.3,6160,3273,648
UNIVASTU,02-AUG-2021,44.4,48.0,44.4,47.05,20117,14283,198
UNIVCABLES,02-AUG-2021,185.5,189.5,184.15,187.25,45695,25510,1395
UNIVPHOTO,02-AUG-2021,276.55,298.0,276.55,293.5,5237,3372,249
UPL,02-AUG-2021,808.55,810.65,785.05,791.05,6205784,1575548,111801
URJA,02-AUG-2021,6.45,6.65,6.35,6.65,8121824,4736061,11891
USHAMART,02-AUG-2021,67.8,67.9,65.4,65.7,1230650,660177,7313
UTIAMC,02-AUG-2021,1045.0,1061.65,1012.65,1051.2,403653,151946,17368
UTIBANKETF,02-AUG-2021,35.09,35.09,34.53,34.93,14115,11094,142
UTINEXT50,02-AUG-2021,41.3,42.19,41.0,41.26,26259,16774,194
UTINIFTETF,02-AUG-2021,1667.3,1672.1,1648.95,1662.34,942,778,104
UTISENSETF,02-AUG-2021,555.25,556.1,550.0,552.5,917,778,90
UTISXN50,02-AUG-2021,44.82,46.16,43.6,45.92,5035,4957,100
V2RETAIL,02-AUG-2021,123.2,126.6,123.2,125.55,30290,17472,542
VADILALIND,02-AUG-2021,1039.2,1251.5,1039.2,1242.95,379214,142622,15617
VAIBHAVGBL,02-AUG-2021,855.0,860.0,806.0,812.9,352389,165585,22985
VAISHALI,02-AUG-2021,40.05,40.4,39.5,40.0,32365,24629,288
VAKRANGEE,02-AUG-2021,37.35,38.0,36.4,36.55,2619265,1813005,10717
VALIANTORG,02-AUG-2021,1390.0,1421.25,1330.0,1338.8,94505,59068,7102
VARDHACRLC,02-AUG-2021,67.0,71.45,63.3,69.35,1285709,497266,11918
VARROC,02-AUG-2021,341.0,342.3,338.05,339.45,68600,39428,3209
VASCONEQ,02-AUG-2021,22.0,22.75,21.55,22.75,619339,488395,1219
VASWANI,02-AUG-2021,13.6,14.4,13.6,13.9,74731,53286,223
VBL,02-AUG-2021,770.0,807.8,762.0,789.1,2755163,632476,74268
VEDL,02-AUG-2021,303.1,319.55,300.0,313.25,26196659,5128077,171041
VENKEYS,02-AUG-2021,3108.0,3225.0,3102.05,3166.65,113337,32125,10826
VENUSREM,02-AUG-2021,488.0,490.95,467.0,472.1,117067,50665,3884
VERTOZ,02-AUG-2021,142.0,150.9,140.1,145.85,552210,56780,7022
VESUVIUS,02-AUG-2021,1312.0,1357.9,1255.0,1270.95,66085,32745,7043
VETO,02-AUG-2021,136.0,138.85,135.0,135.75,140838,78702,3024
VGUARD,02-AUG-2021,250.9,253.5,246.15,246.8,1556627,1172270,13767
VHL,02-AUG-2021,3386.3,3460.0,3251.0,3321.55,1741,1008,294
VIDHIING,02-AUG-2021,343.5,361.95,335.05,339.75,1031864,190709,31988
VIKASECO,02-AUG-2021,2.15,2.3,2.1,2.25,15781305,9542058,3778
VIKASPROP,02-AUG-2021,2.6,2.7,2.45,2.55,4136425,2065424,13958
VIKASWSP,02-AUG-2021,5.7,5.75,5.5,5.7,540424,337415,492
VIMTALABS,02-AUG-2021,324.35,324.35,315.0,316.15,113571,79493,3969
VINATIORGA,02-AUG-2021,2001.6,2015.0,1920.0,1926.2,235315,83442,19931
VINDHYATEL,02-AUG-2021,1440.0,1440.0,1362.0,1381.45,45650,18976,4951
VINEETLAB,02-AUG-2021,114.9,114.9,109.0,109.9,41231,26405,1008
VINYLINDIA,02-AUG-2021,157.95,166.4,157.45,162.2,328882,134848,8906
VIPIND,02-AUG-2021,413.45,424.95,400.0,415.8,829400,266839,20060
VIPULLTD,02-AUG-2021,39.0,39.0,35.9,36.55,81261,50295,713
VISAKAIND,02-AUG-2021,830.0,873.25,830.0,852.5,200054,93031,13007
VISASTEEL,02-AUG-2021,13.35,13.35,13.35,13.35,26107,26107,57
VISHAL,02-AUG-2021,123.8,125.4,116.1,121.65,1077366,506282,6331
VISHNU,02-AUG-2021,644.95,655.0,629.25,644.6,14508,9858,723
VISHWARAJ,02-AUG-2021,147.0,150.85,145.85,149.35,170376,44039,2190
VIVIDHA,02-AUG-2021,0.95,0.95,0.9,0.95,8469688,5864686,2497
VIVIMEDLAB,02-AUG-2021,23.5,23.7,23.05,23.3,165346,102652,930
VLSFINANCE,02-AUG-2021,227.8,238.4,225.75,230.9,185436,99221,6825
VMART,02-AUG-2021,3861.35,4050.0,3830.0,3958.1,69575,9699,12165
VOLTAMP,02-AUG-2021,1558.0,1589.0,1547.0,1554.4,6400,2681,1296
VOLTAS,02-AUG-2021,1068.9,1079.85,1050.5,1053.5,1268790,152146,38855
VRLLOG,02-AUG-2021,306.85,312.95,304.45,305.25,180618,75043,5422
VSSL,02-AUG-2021,263.9,273.0,260.1,269.0,355528,158110,9283
VSTIND,02-AUG-2021,3470.0,3475.65,3320.0,3348.85,21423,11840,3819
VSTTILLERS,02-AUG-2021,2055.0,2068.35,2025.55,2042.35,11009,6366,1591
VTL,02-AUG-2021,1920.0,1941.1,1856.05,1872.4,145008,76433,13827
WABAG,02-AUG-2021,369.8,398.6,369.6,393.6,2386514,809437,39692
WABCOINDIA,02-AUG-2021,7350.0,7400.0,7252.0,7363.5,9796,4538,1772
WALCHANNAG,02-AUG-2021,70.0,70.5,68.85,69.2,92033,45451,1642
WATERBASE,02-AUG-2021,126.0,129.5,124.5,126.6,361541,78443,6662
WEBELSOLAR,02-AUG-2021,66.5,68.85,64.5,68.2,494078,301697,3135
WEIZMANIND,02-AUG-2021,54.6,56.85,53.65,54.15,20695,10419,397
WELCORP,02-AUG-2021,140.0,141.2,137.5,137.9,1993345,1176363,14689
WELENT,02-AUG-2021,106.2,107.0,104.9,105.3,182411,119531,3840
WELINV,02-AUG-2021,392.8,403.65,377.0,381.8,4369,3565,307
WELSPUNIND,02-AUG-2021,134.75,138.45,134.5,137.65,1898396,1128329,16763
WENDT,02-AUG-2021,4585.5,4669.75,4495.0,4516.85,2872,1275,910
WESTLIFE,02-AUG-2021,564.95,571.9,556.0,559.2,122810,65055,11238
WHEELS,02-AUG-2021,865.0,913.0,865.0,904.1,130235,56832,7805
WHIRLPOOL,02-AUG-2021,2208.0,2219.9,2166.0,2171.5,94618,66263,9955
WILLAMAGOR,02-AUG-2021,22.8,23.3,21.9,22.05,11594,5874,143
WINDMACHIN,02-AUG-2021,39.2,39.2,38.25,38.55,112268,73289,602
WIPRO,02-AUG-2021,588.2,595.4,582.25,592.25,4623898,1913479,84367
WOCKPHARMA,02-AUG-2021,533.7,535.0,525.0,528.45,228295,100319,7141
WONDERLA,02-AUG-2021,246.0,248.55,237.1,239.55,432471,160891,15433
WORTH,02-AUG-2021,111.95,112.0,108.1,108.9,37393,22806,757
WSTCSTPAPR,02-AUG-2021,265.35,274.75,261.05,270.75,581647,244438,12455
XCHANGING,02-AUG-2021,122.1,123.85,118.0,119.25,1420735,750612,21799
XPROINDIA,02-AUG-2021,330.0,333.0,304.3,304.85,100621,67596,2460
YESBANK,02-AUG-2021,12.85,12.9,12.7,12.75,92948479,45798696,104895
ZEEL,02-AUG-2021,204.15,204.25,201.75,202.45,5407707,2138213,47252
ZEELEARN,02-AUG-2021,15.75,16.1,15.65,15.7,2039492,1536120,3658
ZEEMEDIA,02-AUG-2021,12.15,12.15,11.7,11.75,1926417,1378157,2519
ZENITHEXPO,02-AUG-2021,82.0,87.7,82.0,87.45,4445,2776,119
ZENSARTECH,02-AUG-2021,419.65,420.8,407.05,410.35,839735,359967,19544
ZENTEC,02-AUG-2021,94.6,95.4,93.5,93.95,336319,108934,6114
ZODIACLOTH,02-AUG-2021,141.6,144.2,136.2,137.55,48264,32123,1396
ZODJRDMKJ,02-AUG-2021,34.15,34.6,32.65,33.7,1591,1311,50
ZOMATO,02-AUG-2021,135.75,140.75,135.15,139.7,66909732,16165382,295910
ZOTA,02-AUG-2021,262.25,300.9,262.25,300.9,1343635,680364,18300
ZYDUSWELL,02-AUG-2021,2160.0,2199.0,2135.0,2178.2,34172,16802,6946
