20MICRONS,05-AUG-2021,66.5,66.5,63.5,63.75,112842,73164,1591
21STCENMGM,05-AUG-2021,24.35,24.35,24.35,24.35,2618,2618,9
3MINDIA,05-AUG-2021,24400.0,24600.0,24110.0,24416.65,1182,553,725
5PAISA,05-AUG-2021,508.6,512.6,493.0,496.15,28153,14375,1503
63MOONS,05-AUG-2021,106.4,110.5,102.25,107.1,287687,91949,3547
A2ZINFRA,05-AUG-2021,4.85,4.95,4.7,4.7,624658,357469,544
AAKASH,05-AUG-2021,258.35,258.35,244.1,251.95,117730,45029,569
AARON,05-AUG-2021,116.25,116.4,111.1,111.9,13628,7517,460
AARTIDRUGS,05-AUG-2021,667.8,670.0,657.0,661.1,169669,74818,9337
AARTIIND,05-AUG-2021,949.7,949.8,916.75,921.85,1075842,532159,40118
AARTISURF,05-AUG-2021,1737.0,1799.8,1650.15,1773.15,170080,48635,21543
AARVEEDEN,05-AUG-2021,26.15,26.6,26.0,26.05,55732,38200,239
AARVI,05-AUG-2021,70.35,70.35,67.0,67.7,28405,20540,502
AAVAS,05-AUG-2021,2565.0,2595.0,2495.5,2557.05,95079,41157,13939
ABAN,05-AUG-2021,45.65,47.0,43.9,44.3,243996,118378,2407
ABB,05-AUG-2021,1644.8,1677.65,1631.05,1666.35,72531,35810,7706
ABBOTINDIA,05-AUG-2021,18080.0,18281.55,17583.8,17925.15,19336,6805,7892
ABCAPITAL,05-AUG-2021,116.0,116.75,112.7,113.6,3480219,1652208,31254
ABFRL,05-AUG-2021,216.45,217.85,209.35,212.95,3107846,1216007,35520
ABSLBANETF,05-AUG-2021,363.15,365.0,355.45,356.42,100138,100064,116
ABSLNN50ET,05-AUG-2021,402.65,402.65,399.45,399.75,40,33,15
ACC,05-AUG-2021,2400.05,2413.7,2375.2,2392.2,399193,95827,18749
ACCELYA,05-AUG-2021,1338.2,1410.0,1302.9,1395.2,206664,74889,14295
ACCURACY,05-AUG-2021,97.15,105.2,90.4,100.8,262629,74196,3389
ACE,05-AUG-2021,245.0,249.35,231.0,233.3,1171192,476076,20171
ACRYSIL,05-AUG-2021,654.0,664.7,612.1,643.95,97422,55112,6336
ADANIENT,05-AUG-2021,1428.0,1438.0,1407.4,1432.35,2104359,481137,37536
ADANIPORTS,05-AUG-2021,695.0,700.5,684.0,693.55,5851411,1000351,94950
ADFFOODS,05-AUG-2021,870.0,882.0,855.8,860.45,20617,10307,2088
ADORWELD,05-AUG-2021,725.9,725.9,700.0,714.45,62720,57126,1457
ADSL,05-AUG-2021,64.65,68.0,62.25,64.85,382363,185965,2976
ADVANIHOTR,05-AUG-2021,79.75,84.0,75.05,76.15,474439,191940,7817
ADVENZYMES,05-AUG-2021,419.5,419.5,404.3,410.45,246903,99288,8412
AEGISCHEM,05-AUG-2021,292.25,292.25,278.0,281.45,611368,333473,19659
AGARIND,05-AUG-2021,375.0,375.0,351.15,355.8,36779,27705,740
AGRITECH,05-AUG-2021,52.0,52.85,47.85,48.45,123781,41345,1271
AGROPHOS,05-AUG-2021,15.0,15.3,14.5,15.0,57067,37488,239
AHLADA,05-AUG-2021,225.0,225.0,214.7,214.7,20525,17433,402
AHLEAST,05-AUG-2021,188.05,189.0,181.95,185.25,8180,3448,471
AHLUCONT,05-AUG-2021,384.1,384.1,371.2,377.8,12757,6241,1145
AHLWEST,05-AUG-2021,266.35,286.0,262.25,278.85,29629,20463,807
AIAENG,05-AUG-2021,2011.45,2011.45,1945.0,1948.7,12843,8169,2059
AJANTPHARM,05-AUG-2021,2289.9,2307.25,2238.4,2269.2,97637,50005,8483
AJOONI,05-AUG-2021,58.0,58.0,53.45,55.25,62321,46204,400
AKASH,05-AUG-2021,198.7,198.7,185.25,189.65,9391,5522,288
AKG,05-AUG-2021,24.2,24.95,24.2,24.25,4266,3144,52
AKSHARCHEM,05-AUG-2021,464.65,469.0,437.05,460.0,61499,22931,3963
AKZOINDIA,05-AUG-2021,2227.9,2230.0,2212.0,2219.8,9693,6502,1884
ALANKIT,05-AUG-2021,15.0,15.6,14.7,15.25,3015645,1256648,6898
ALBERTDAVD,05-AUG-2021,540.0,544.8,521.0,529.3,28861,17272,2511
ALEMBICLTD,05-AUG-2021,121.9,122.15,117.1,117.7,527421,214926,7573
ALICON,05-AUG-2021,795.95,795.95,750.15,775.7,34682,22248,2547
ALKALI,05-AUG-2021,83.0,84.4,79.0,82.5,79266,30321,1911
ALKEM,05-AUG-2021,3410.05,3472.1,3382.75,3399.7,139180,42318,14625
ALKYLAMINE,05-AUG-2021,4219.9,4235.0,4108.7,4206.7,56299,30872,10154
ALLCARGO,05-AUG-2021,202.95,203.8,191.1,194.95,1421249,477838,14046
ALLSEC,05-AUG-2021,437.65,438.0,414.5,431.1,18061,8013,1250
ALMONDZ,05-AUG-2021,67.4,67.85,64.0,66.55,40321,29796,679
ALOKINDS,05-AUG-2021,23.5,23.7,22.6,22.75,6701528,3633854,13188
ALPA,05-AUG-2021,55.75,56.65,52.25,55.1,163035,91680,1850
ALPHAGEO,05-AUG-2021,337.95,341.65,313.65,323.2,118622,36563,6283
AMARAJABAT,05-AUG-2021,723.4,726.4,711.25,717.8,699576,248665,22660
AMBER,05-AUG-2021,3036.2,3039.95,2980.0,2986.95,18321,9090,3267
AMBICAAGAR,05-AUG-2021,19.35,20.35,19.0,19.55,44507,26865,202
AMBIKCO,05-AUG-2021,1615.0,1618.0,1536.5,1551.3,51270,22879,5418
AMBUJACEM,05-AUG-2021,417.55,421.6,414.7,418.9,2472169,1210464,28548
AMDIND,05-AUG-2021,29.45,29.85,27.35,27.55,44307,26016,344
AMJLAND,05-AUG-2021,37.1,38.85,34.5,38.05,163939,84650,2336
AMRUTANJAN,05-AUG-2021,688.5,689.85,671.2,679.75,15199,6556,2036
ANDHRAPAP,05-AUG-2021,249.0,258.8,244.05,255.05,152694,63661,4474
ANDHRSUGAR,05-AUG-2021,560.0,561.05,542.45,548.0,71775,32229,3480
ANDREWYU,05-AUG-2021,29.7,29.7,28.0,28.6,146494,81006,2232
ANGELBRKG,05-AUG-2021,1290.0,1335.0,1237.0,1319.65,734739,365410,44122
ANIKINDS,05-AUG-2021,21.05,22.4,20.45,20.9,45756,26216,165
ANMOL,05-AUG-2021,160.6,164.95,156.6,162.15,23001,2681,77
ANSALAPI,05-AUG-2021,9.25,9.95,9.05,9.8,707153,442474,706
ANSALHSG,05-AUG-2021,8.5,8.5,8.2,8.25,415666,224260,410
ANUP,05-AUG-2021,1007.8,1027.0,972.35,1010.35,53620,21424,5982
ANURAS,05-AUG-2021,717.8,725.4,706.3,711.85,324838,276991,7194
APARINDS,05-AUG-2021,692.95,692.95,661.0,667.95,213812,73836,10758
APCL,05-AUG-2021,506.85,509.95,481.0,496.45,105668,45643,5525
APCOTEXIND,05-AUG-2021,347.45,349.95,341.0,343.35,75738,47649,3296
APEX,05-AUG-2021,359.95,360.85,323.25,348.55,219564,86325,6716
APLAPOLLO,05-AUG-2021,1737.1,1739.6,1680.0,1708.25,153602,94721,12032
APLLTD,05-AUG-2021,789.0,789.0,775.0,783.45,505551,215194,18079
APOLLO,05-AUG-2021,126.1,126.45,118.5,120.45,339990,145852,7829
APOLLOHOSP,05-AUG-2021,4084.8,4111.7,4036.0,4073.75,270458,130826,18281
APOLLOPIPE,05-AUG-2021,1346.5,1346.5,1272.75,1288.95,40796,20771,3754
APOLLOTYRE,05-AUG-2021,226.25,231.5,221.0,222.4,6421297,1059828,71783
APOLSINHOT,05-AUG-2021,723.6,738.6,715.0,734.25,1324,677,125
APTECHT,05-AUG-2021,266.4,267.95,256.6,262.1,322718,74609,9134
ARENTERP,05-AUG-2021,16.95,16.95,15.85,16.85,2291,1791,25
ARIES,05-AUG-2021,172.3,172.75,165.3,171.05,71582,36592,2287
ARIHANT,05-AUG-2021,27.35,27.5,25.95,27.2,20520,7561,280
ARIHANTCAP,05-AUG-2021,165.5,165.9,154.0,155.45,44665,24411,1843
ARIHANTSUP,05-AUG-2021,117.45,117.45,107.0,113.7,227368,155266,1870
ARMANFIN,05-AUG-2021,744.0,756.35,720.0,723.45,10391,3854,1233
AROGRANITE,05-AUG-2021,72.9,73.0,69.3,70.9,153368,69758,2883
ARROWGREEN,05-AUG-2021,167.95,167.95,152.85,153.1,14572,9137,525
ARSHIYA,05-AUG-2021,26.85,28.25,26.8,26.95,35232,26564,354
ARSSINFRA,05-AUG-2021,30.4,31.15,28.9,29.4,43607,19573,458
ARTEMISMED,05-AUG-2021,401.0,401.0,375.1,383.45,9579,6359,715
ARVIND,05-AUG-2021,108.0,108.6,102.75,105.85,4098820,1778697,27920
ARVINDFASN,05-AUG-2021,218.0,229.8,215.1,220.85,1170701,443709,18751
ARVSMART,05-AUG-2021,129.55,134.0,126.55,128.95,72576,36470,1955
ASAHIINDIA,05-AUG-2021,362.5,363.85,350.6,353.2,300065,191129,11262
ASAHISONG,05-AUG-2021,385.0,394.4,366.35,373.7,150406,61389,7512
ASALCBR,05-AUG-2021,444.4,444.4,430.2,437.35,82319,54001,4583
ASHIANA,05-AUG-2021,172.1,174.4,163.35,166.95,172181,69852,4781
ASHIMASYN,05-AUG-2021,19.65,19.65,18.6,19.25,55074,43445,158
ASHOKA,05-AUG-2021,103.3,105.0,100.5,102.6,1571163,520274,12163
ASHOKLEY,05-AUG-2021,135.75,137.25,132.3,134.35,20917301,8364618,75425
ASIANHOTNR,05-AUG-2021,88.2,89.0,86.5,87.05,7596,5238,293
ASIANPAINT,05-AUG-2021,3034.0,3040.0,2980.05,2988.4,693694,363710,73741
ASIANTILES,05-AUG-2021,182.7,182.7,176.6,179.3,250530,109698,4180
ASPINWALL,05-AUG-2021,222.2,225.0,214.0,217.55,17087,9140,1162
ASTEC,05-AUG-2021,1400.0,1400.0,1336.85,1345.8,17359,8868,2669
ASTERDM,05-AUG-2021,163.9,165.0,159.0,161.0,447479,254742,5161
ASTRAL,05-AUG-2021,2255.0,2255.0,2132.75,2190.1,323530,115568,44227
ASTRAMICRO,05-AUG-2021,173.0,174.9,170.0,170.55,704651,285231,12294
ASTRAZEN,05-AUG-2021,3459.8,3473.35,3421.1,3464.8,21733,11255,3607
ASTRON,05-AUG-2021,54.7,59.0,53.4,58.45,960772,262338,9513
ATFL,05-AUG-2021,1020.0,1028.85,1002.0,1005.0,12698,4727,1506
ATUL,05-AUG-2021,9138.0,9150.0,9068.65,9100.0,9646,6630,1953
ATULAUTO,05-AUG-2021,214.0,214.0,207.8,210.2,127612,59752,3479
AUBANK,05-AUG-2021,1246.0,1258.6,1220.0,1240.1,1503094,346794,53271
AUROPHARMA,05-AUG-2021,909.0,930.0,897.75,908.1,1791905,610019,44119
AUTOAXLES,05-AUG-2021,1505.0,1529.0,1456.0,1467.05,60891,19448,7438
AUTOIND,05-AUG-2021,68.65,68.65,68.65,68.65,13385,13385,116
AVADHSUGAR,05-AUG-2021,474.55,475.6,439.6,456.0,236525,90433,9893
AVANTIFEED,05-AUG-2021,641.0,641.3,625.25,632.95,175307,57141,6155
AVTNPL,05-AUG-2021,73.5,74.9,71.0,73.55,330570,109357,4995
AWHCL,05-AUG-2021,344.0,345.95,336.0,339.3,45109,24097,2608
AXISBANK,05-AUG-2021,753.0,755.0,743.5,749.3,7246991,3164322,166716
AXISBNKETF,05-AUG-2021,375.2,393.2,356.23,359.41,2581,2241,62
AXISBPSETF,05-AUG-2021,10.21,10.22,10.19,10.21,5894246,5893634,185
AXISCADES,05-AUG-2021,92.9,93.0,88.3,88.6,117331,84989,746
AXISGOLD,05-AUG-2021,41.44,41.58,41.3,41.53,68749,47287,2290
AXISHCETF,05-AUG-2021,87.86,88.7,87.85,88.15,7407,6634,123
AXISNIFTY,05-AUG-2021,168.9,177.0,168.51,169.78,3695,2207,205
AXISTECETF,05-AUG-2021,309.0,311.3,307.0,310.0,16839,16522,46
AYMSYNTEX,05-AUG-2021,83.2,85.0,81.25,83.95,123111,76298,1176
BAFNAPH,05-AUG-2021,160.95,160.95,147.6,152.0,12708,4800,477
BAGFILMS,05-AUG-2021,3.7,3.8,3.55,3.75,161695,117467,177
BAJAJ-AUTO,05-AUG-2021,3842.0,3858.0,3813.6,3818.75,333818,134051,27194
BAJAJCON,05-AUG-2021,281.7,281.7,271.1,272.45,704469,426331,15998
BAJAJELEC,05-AUG-2021,1168.0,1168.0,1125.05,1134.2,72005,18532,6691
BAJAJFINSV,05-AUG-2021,14207.8,14248.9,13961.6,13994.9,291527,133955,35910
BAJAJHLDNG,05-AUG-2021,3955.0,3994.0,3890.05,3953.15,13009,5645,2734
BAJFINANCE,05-AUG-2021,6354.0,6355.5,6232.0,6248.25,866567,378032,79005
BALAJITELE,05-AUG-2021,67.9,68.5,65.5,66.6,362369,137943,3003
BALAMINES,05-AUG-2021,3448.0,3448.0,3325.0,3412.35,70495,32384,10389
BALAXI,05-AUG-2021,597.95,597.95,551.4,564.35,3053,1785,314
BALKRISIND,05-AUG-2021,2507.5,2512.95,2474.65,2497.25,165943,39432,11266
BALMLAWRIE,05-AUG-2021,139.85,139.85,135.15,136.8,310177,133666,4257
BALPHARMA,05-AUG-2021,103.35,106.45,96.35,101.05,279867,103320,2618
BALRAMCHIN,05-AUG-2021,347.9,359.0,335.25,353.8,1427042,484533,29546
BANARBEADS,05-AUG-2021,82.9,86.0,80.0,80.25,44909,24725,794
BANARISUG,05-AUG-2021,1911.55,1919.0,1870.1,1903.55,5321,2319,478
BANCOINDIA,05-AUG-2021,168.55,168.95,161.25,167.15,243432,80394,8163
BANDHANBNK,05-AUG-2021,302.9,310.95,298.2,308.2,8859238,4068302,95985
BANKA,05-AUG-2021,72.0,73.0,65.0,67.2,47144,20856,474
BANKBARODA,05-AUG-2021,83.7,83.7,80.8,82.45,47819469,14564250,87445
BANKBEES,05-AUG-2021,364.0,364.0,358.8,361.08,733643,412941,9523
BANKINDIA,05-AUG-2021,72.0,72.65,70.6,70.85,2215337,798003,11284
BANSWRAS,05-AUG-2021,231.1,240.0,225.15,234.7,23787,15282,574
BARBEQUE,05-AUG-2021,1042.0,1064.85,970.0,1026.3,324956,78379,18916
BASF,05-AUG-2021,2899.0,2899.0,2816.7,2864.95,28808,11387,4270
BASML,05-AUG-2021,98.4,98.4,93.4,95.2,117957,78605,1176
BATAINDIA,05-AUG-2021,1654.55,1684.95,1638.0,1651.2,326498,97268,14517
BAYERCROP,05-AUG-2021,6040.0,6059.0,5877.0,5890.0,20605,9609,6322
BBL,05-AUG-2021,1439.0,1453.0,1389.95,1396.7,28359,17664,3198
BBTC,05-AUG-2021,1237.7,1237.8,1200.0,1214.8,74690,39847,5730
BCLIND,05-AUG-2021,258.95,258.95,244.0,248.3,125989,66936,6634
BCP,05-AUG-2021,3.9,4.0,3.8,3.9,374126,251065,381
BDL,05-AUG-2021,416.0,416.0,395.05,398.75,188099,70875,7472
BEARDSELL,05-AUG-2021,17.1,17.95,16.85,16.85,10882,9732,49
BECTORFOOD,05-AUG-2021,433.0,433.0,421.0,429.3,190439,95034,6446
BEL,05-AUG-2021,176.0,179.1,174.1,176.6,11021856,4935791,79989
BEML,05-AUG-2021,1343.0,1347.05,1316.0,1340.2,165428,63965,7333
BEPL,05-AUG-2021,201.9,203.95,194.1,202.4,2522576,743906,23827
BERGEPAINT,05-AUG-2021,845.05,853.75,836.0,838.2,568493,222216,19924
BESTAGRO,05-AUG-2021,576.5,576.5,547.7,562.1,91744,66055,1516
BFINVEST,05-AUG-2021,391.8,392.5,382.8,385.1,26656,12440,1527
BFUTILITIE,05-AUG-2021,483.35,483.35,468.8,473.2,200823,83706,6001
BGRENERGY,05-AUG-2021,61.65,62.2,58.2,59.7,147572,83585,2234
BHAGERIA,05-AUG-2021,264.1,264.1,248.8,254.75,132558,62084,5965
BHAGYANGR,05-AUG-2021,50.15,50.35,48.5,48.65,43755,29479,391
BHAGYAPROP,05-AUG-2021,31.3,31.95,29.6,31.5,141228,45843,1047
BHANDARI,05-AUG-2021,3.35,3.35,3.15,3.2,410484,223807,468
BHARATFORG,05-AUG-2021,792.05,801.15,777.6,781.2,1036871,490736,28892
BHARATGEAR,05-AUG-2021,136.0,138.0,127.65,130.5,361728,144698,8001
BHARATRAS,05-AUG-2021,13448.0,13448.0,13086.45,13296.65,1343,623,731
BHARTIARTL,05-AUG-2021,577.5,619.0,577.5,598.7,71088770,19795693,680710
BHEL,05-AUG-2021,57.5,57.6,55.0,57.25,57870302,13779323,109422
BIGBLOC,05-AUG-2021,119.0,122.0,113.0,113.5,24341,14549,356
BIL,05-AUG-2021,218.45,231.65,216.2,231.65,16054,8475,365
BINDALAGRO,05-AUG-2021,27.8,28.05,26.75,27.5,150803,74008,1317
BIOCON,05-AUG-2021,386.35,387.0,381.7,384.15,1233269,554087,18590
BIOFILCHEM,05-AUG-2021,67.0,72.25,67.0,72.0,165312,83825,1525
BIRLACORPN,05-AUG-2021,1378.7,1424.0,1339.0,1382.25,394134,174238,24550
BIRLAMONEY,05-AUG-2021,70.6,70.6,67.0,67.8,205599,111071,2469
BIRLATYRE,05-AUG-2021,27.7,27.7,26.5,26.65,508954,389805,2701
BLBLIMITED,05-AUG-2021,13.15,13.15,13.15,13.15,25676,25674,65
BLISSGVS,05-AUG-2021,119.25,119.25,113.9,115.25,745153,207694,7502
BLKASHYAP,05-AUG-2021,29.05,29.95,27.15,28.8,2027478,1067588,2180
BLS,05-AUG-2021,160.85,161.35,151.4,152.75,651135,316644,9572
BLUEDART,05-AUG-2021,5629.95,5633.95,5510.0,5539.5,18749,6716,4497
BLUESTARCO,05-AUG-2021,841.0,872.0,825.0,858.25,171218,64318,16210
BODALCHEM,05-AUG-2021,119.25,120.9,115.1,118.05,1122797,318400,10506
BOMDYEING,05-AUG-2021,102.7,103.8,98.7,101.9,5163190,868098,28009
BOROLTD,05-AUG-2021,221.7,227.5,217.0,221.8,194885,79475,5491
BOSCHLTD,05-AUG-2021,15240.0,15240.0,14674.15,14876.8,129925,43452,25606
BPCL,05-AUG-2021,456.1,458.6,451.15,453.5,3549955,1698332,39554
BPL,05-AUG-2021,40.75,40.75,38.55,38.75,128852,94047,1095
BRIGADE,05-AUG-2021,339.9,341.3,324.6,336.8,464889,226674,13353
BRITANNIA,05-AUG-2021,3578.3,3617.7,3547.6,3611.15,497146,286732,41387
BRNL,05-AUG-2021,36.9,36.9,34.6,36.0,72929,48070,517
BROOKS,05-AUG-2021,107.8,107.8,101.95,107.8,671398,360390,2321
BSE,05-AUG-2021,1248.0,1259.4,1200.0,1229.85,514907,172991,28407
BSL,05-AUG-2021,70.8,70.9,67.05,67.85,48607,23916,1074
BSLGOLDETF,05-AUG-2021,4399.95,4410.0,4375.0,4382.9,241,168,62
BSLNIFTY,05-AUG-2021,179.9,180.5,179.35,180.27,418,232,26
BSOFT,05-AUG-2021,394.2,407.0,390.0,402.15,2839787,1014217,45876
BURGERKING,05-AUG-2021,188.1,188.9,180.8,183.25,2589305,1014718,26279
BYKE,05-AUG-2021,30.0,30.1,29.2,29.35,53723,36288,293
CADILAHC,05-AUG-2021,587.7,590.0,582.3,584.6,1446903,741159,27980
CAMLINFINE,05-AUG-2021,185.6,186.45,178.5,179.7,792191,406986,12599
CAMS,05-AUG-2021,3478.5,3479.45,3390.5,3402.75,125788,47715,14594
CANBK,05-AUG-2021,155.8,156.95,152.0,156.35,13043199,5265644,66764
CANFINHOME,05-AUG-2021,566.65,576.0,558.7,569.7,1028455,390414,26065
CANTABIL,05-AUG-2021,391.1,404.95,386.35,394.85,33494,14945,1514
CAPACITE,05-AUG-2021,234.4,234.4,224.0,226.25,243612,84643,13619
CAPLIPOINT,05-AUG-2021,865.0,923.0,843.05,913.6,1214227,207384,56954
CAPTRUST,05-AUG-2021,107.95,109.95,99.55,100.65,30456,12775,674
CARBORUNIV,05-AUG-2021,699.9,704.4,677.0,685.55,165398,104689,17387
CAREERP,05-AUG-2021,155.95,174.0,147.65,165.95,702607,182154,14359
CARERATING,05-AUG-2021,719.9,720.45,685.1,710.95,388122,140938,14807
CASTROLIND,05-AUG-2021,140.2,140.2,138.1,139.85,597923,296319,7850
CCL,05-AUG-2021,412.9,414.0,396.6,403.65,649141,203770,17918
CEATLTD,05-AUG-2021,1345.3,1355.9,1327.35,1349.95,91171,32258,5781
CELEBRITY,05-AUG-2021,13.35,13.35,13.35,13.35,17270,16270,52
CENTENKA,05-AUG-2021,481.5,487.0,458.65,474.2,159029,67248,6203
CENTEXT,05-AUG-2021,9.45,9.45,9.1,9.35,228392,161041,477
CENTRALBK,05-AUG-2021,23.1,23.2,21.7,21.9,10776747,4647451,17306
CENTRUM,05-AUG-2021,47.45,48.15,45.95,46.75,1093875,449571,3865
CENTUM,05-AUG-2021,516.0,524.6,507.15,513.85,17135,7249,1093
CENTURYPLY,05-AUG-2021,434.8,435.0,413.0,420.7,235143,153498,10086
CENTURYTEX,05-AUG-2021,785.7,785.7,759.0,763.8,685907,273037,19358
CERA,05-AUG-2021,4610.0,4694.0,4483.05,4615.55,77100,14829,12350
CEREBRAINT,05-AUG-2021,61.35,61.35,59.05,59.75,451888,177788,4924
CESC,05-AUG-2021,795.0,812.0,761.4,770.65,955226,537844,44298
CGCL,05-AUG-2021,533.4,538.0,521.0,527.7,59427,8152,7477
CHALET,05-AUG-2021,173.95,173.95,166.4,169.1,133600,55636,3948
CHAMBLFERT,05-AUG-2021,317.95,323.85,314.25,319.8,3055808,1880962,40210
CHEMBOND,05-AUG-2021,252.0,255.0,242.1,245.2,68072,37672,3154
CHEMCON,05-AUG-2021,527.95,528.95,512.0,518.75,425911,128980,15751
CHEMFAB,05-AUG-2021,165.45,169.25,159.3,163.5,29049,17241,1116
CHENNPETRO,05-AUG-2021,115.45,115.45,111.0,112.6,455610,191037,6378
CHOLAFIN,05-AUG-2021,519.0,541.9,511.25,539.65,7908981,3122925,101912
CHOLAHLDNG,05-AUG-2021,678.0,684.0,652.65,670.6,36822,11223,2986
CIGNITITEC,05-AUG-2021,557.95,560.15,534.05,558.45,118146,59747,5887
CINELINE,05-AUG-2021,87.0,94.95,80.05,94.9,3423851,1498925,24529
CIPLA,05-AUG-2021,944.2,953.0,932.0,945.4,4022548,988718,76952
CLEAN,05-AUG-2021,1650.95,1653.5,1600.1,1637.4,210820,99088,13812
CLEDUCATE,05-AUG-2021,139.2,140.6,137.1,137.1,24842,19958,409
CLNINDIA,05-AUG-2021,595.0,598.95,583.95,588.4,54779,26472,3433
CLSEL,05-AUG-2021,147.4,147.55,142.25,143.15,75596,48028,2602
CMICABLES,05-AUG-2021,52.6,53.8,50.0,50.65,102686,62820,972
COALINDIA,05-AUG-2021,145.0,145.9,142.2,145.45,6237158,1524429,42672
COCHINSHIP,05-AUG-2021,378.0,378.0,369.1,369.8,321142,172238,7575
COFFEEDAY,05-AUG-2021,34.35,36.0,32.7,35.5,1480630,677996,7586
COFORGE,05-AUG-2021,4764.0,4844.0,4740.0,4768.5,801906,196133,65887
COLPAL,05-AUG-2021,1675.05,1675.1,1646.1,1654.25,601272,377767,21817
COMPINFO,05-AUG-2021,31.5,32.2,29.75,30.65,526305,245345,2488
COMPUSOFT,05-AUG-2021,14.05,14.6,13.8,13.95,139593,77939,671
CONCOR,05-AUG-2021,695.0,711.7,693.0,698.95,1864082,577770,47945
CONFIPET,05-AUG-2021,61.55,62.35,59.1,60.7,403324,231682,3139
CONSOFINVT,05-AUG-2021,125.25,128.3,118.0,122.05,23311,11749,286
CONTROLPR,05-AUG-2021,382.0,382.0,351.65,358.9,54808,32269,3261
CORALFINAC,05-AUG-2021,49.0,49.4,46.25,47.2,61645,43404,959
CORDSCABLE,05-AUG-2021,60.6,61.9,58.1,59.75,53271,29004,875
COROMANDEL,05-AUG-2021,871.05,876.65,820.35,841.85,709861,314257,35134
COSMOFILMS,05-AUG-2021,1440.0,1483.5,1368.0,1413.7,778102,149099,48183
COUNCODOS,05-AUG-2021,3.05,3.05,3.05,3.05,26500,26500,98
CPSEETF,05-AUG-2021,26.03,26.18,25.69,25.94,1312103,795819,7953
CRAFTSMAN,05-AUG-2021,1993.9,2003.15,1950.0,1955.7,131996,105104,5285
CREATIVEYE,05-AUG-2021,3.6,3.65,3.55,3.55,6219,6219,21
CREDITACC,05-AUG-2021,666.0,666.0,645.0,656.8,22672,9489,2475
CRISIL,05-AUG-2021,2910.0,2910.0,2795.0,2811.05,114083,80992,8501
CROMPTON,05-AUG-2021,476.9,476.9,454.7,460.15,1145733,606941,38571
CSBBANK,05-AUG-2021,337.15,344.0,337.15,341.55,250913,105295,8907
CTE,05-AUG-2021,80.65,80.65,80.65,80.65,8588,8588,72
CUB,05-AUG-2021,155.0,155.35,150.75,153.1,1349655,512509,17780
CUBEXTUB,05-AUG-2021,27.2,28.35,26.25,28.2,12849,7717,109
CUMMINSIND,05-AUG-2021,899.95,921.35,882.85,905.35,1405685,331107,35987
CUPID,05-AUG-2021,240.05,242.5,233.5,236.1,74431,36345,3391
CYBERTECH,05-AUG-2021,180.7,185.9,176.45,178.6,211200,88516,4962
CYIENT,05-AUG-2021,969.0,984.0,951.0,959.35,203099,102373,17133
DAAWAT,05-AUG-2021,74.7,74.8,73.0,73.65,658011,352667,5398
DABUR,05-AUG-2021,593.45,596.45,585.85,589.55,3160815,1358531,50245
DALBHARAT,05-AUG-2021,2038.0,2040.9,1922.1,1939.4,403689,205028,35237
DALMIASUG,05-AUG-2021,462.0,462.0,441.0,452.95,198659,70046,8217
DANGEE,05-AUG-2021,185.95,188.05,183.0,185.2,23073,3266,1863
DATAMATICS,05-AUG-2021,278.8,284.9,265.0,272.15,178514,89067,4502
DBCORP,05-AUG-2021,92.0,93.0,89.8,90.5,289000,131864,3995
DBL,05-AUG-2021,554.0,581.0,547.0,567.95,524134,141042,14881
DBREALTY,05-AUG-2021,25.45,26.2,24.6,24.95,707399,377832,1635
DBSTOCKBRO,05-AUG-2021,15.75,15.75,15.75,15.75,9950,9950,36
DCAL,05-AUG-2021,208.0,209.5,197.35,201.2,690853,336529,8925
DCBBANK,05-AUG-2021,99.9,99.9,94.3,94.95,3518264,2081866,31946
DCM,05-AUG-2021,55.3,59.3,55.1,56.4,71292,41177,843
DCMNVL,05-AUG-2021,203.0,216.5,195.9,216.5,232383,136985,1904
DCMSHRIRAM,05-AUG-2021,916.85,941.85,911.8,935.3,131631,70105,6056
DCW,05-AUG-2021,38.0,38.15,36.5,36.65,2056353,778284,8994
DECCANCE,05-AUG-2021,793.65,814.8,766.0,799.55,123656,43558,7652
DEEPAKNTR,05-AUG-2021,2069.0,2133.6,2048.0,2108.05,1894584,455567,90970
DEEPINDS,05-AUG-2021,108.5,108.9,103.8,104.85,71571,24297,2158
DELTACORP,05-AUG-2021,177.05,180.2,174.4,177.45,1266987,473580,10410
DELTAMAGNT,05-AUG-2021,57.5,57.5,54.55,55.55,8987,6952,130
DEN,05-AUG-2021,53.4,53.45,50.95,51.45,1341083,674860,5104
DENORA,05-AUG-2021,395.0,420.0,387.8,405.75,167408,54703,6492
DFMFOODS,05-AUG-2021,355.0,356.0,343.0,345.4,103723,57777,4329
DHAMPURSUG,05-AUG-2021,329.6,333.65,317.0,320.6,515229,242337,9716
DHANBANK,05-AUG-2021,17.45,17.45,16.5,16.9,904274,496090,2615
DHANI,05-AUG-2021,210.05,214.7,207.45,207.45,1316392,752596,8179
DHANUKA,05-AUG-2021,951.0,951.0,911.3,933.15,91691,33778,5523
DHUNINV,05-AUG-2021,660.0,660.0,600.0,614.7,9837,4568,795
DIAMONDYD,05-AUG-2021,758.8,760.45,743.95,753.45,42209,26224,3511
DICIND,05-AUG-2021,528.0,528.0,495.05,507.75,16736,6482,1041
DISHTV,05-AUG-2021,13.6,13.7,12.5,13.1,7595955,4245366,13580
DIVISLAB,05-AUG-2021,5000.0,5020.0,4916.5,4923.55,413085,177937,41520
DIXON,05-AUG-2021,4269.0,4349.0,4220.2,4312.1,162743,70878,20928
DLF,05-AUG-2021,351.3,353.85,345.7,351.05,9899381,2280070,89465
DLINKINDIA,05-AUG-2021,150.3,150.45,142.85,145.85,428906,168027,6446
DMART,05-AUG-2021,3600.0,3624.45,3551.0,3564.15,117492,50286,14729
DNAMEDIA,05-AUG-2021,2.35,2.4,2.35,2.35,40091,40091,49
DODLA,05-AUG-2021,604.6,609.6,595.0,603.3,57426,21628,4255
DOLAT,05-AUG-2021,123.8,123.9,116.5,121.25,428561,202695,4958
DOLLAR,05-AUG-2021,374.0,378.5,356.85,367.7,349980,160285,8686
DONEAR,05-AUG-2021,57.0,58.1,55.15,57.05,123140,68424,1547
DPABHUSHAN,05-AUG-2021,228.95,230.0,215.05,217.2,191250,65675,7170
DPSCLTD,05-AUG-2021,16.0,16.25,15.55,15.8,35855,22849,245
DPWIRES,05-AUG-2021,308.0,312.2,282.0,299.5,1250265,204508,34415
DRCSYSTEMS,05-AUG-2021,279.9,280.0,260.0,264.15,511,276,74
DREDGECORP,05-AUG-2021,382.0,385.95,377.65,379.0,41624,17937,2162
DRREDDY,05-AUG-2021,4794.0,4809.0,4742.0,4782.3,593950,292883,38831
DSSL,05-AUG-2021,147.9,147.9,140.0,141.2,24112,17850,618
DTIL,05-AUG-2021,330.0,368.95,330.0,346.65,37514,16176,2556
DVL,05-AUG-2021,303.3,308.0,255.6,281.05,451922,206949,12446
DWARKESH,05-AUG-2021,71.9,71.9,68.6,70.05,3191301,1396771,15842
DYNAMATECH,05-AUG-2021,1659.85,1675.0,1551.05,1602.7,8523,4996,1215
DYNPRO,05-AUG-2021,589.05,595.35,565.0,581.45,54969,29352,2554
EASEMYTRIP,05-AUG-2021,459.4,462.05,437.5,441.95,1529782,689215,19885
EASTSILK,05-AUG-2021,3.95,3.95,3.7,3.75,57658,46079,97
EBBETF0423,05-AUG-2021,1145.0,1145.0,1143.54,1144.09,2801,2239,36
EBBETF0425,05-AUG-2021,1054.5,1055.0,1052.08,1054.65,5772,5167,50
EBBETF0430,05-AUG-2021,1100.0,1165.0,1100.0,1162.08,9462,8530,173
EBBETF0431,05-AUG-2021,1045.5,1046.5,1042.0,1045.01,9415,9412,115
EBIXFOREX,05-AUG-2021,619.0,629.7,609.85,612.0,1784,760,308
EDELWEISS,05-AUG-2021,99.0,99.2,93.8,93.8,5447976,2729015,18826
EICHERMOT,05-AUG-2021,2650.0,2757.0,2642.0,2732.15,2173169,786831,115570
EIDPARRY,05-AUG-2021,424.9,425.45,410.15,417.25,262703,112729,7467
EIHAHOTELS,05-AUG-2021,335.1,342.05,327.4,330.25,11936,5440,792
EIHOTEL,05-AUG-2021,107.0,109.4,105.5,108.4,287927,123417,4509
EIMCOELECO,05-AUG-2021,461.0,461.0,439.0,450.85,12685,5819,1033
ELECON,05-AUG-2021,145.9,154.0,142.2,152.85,2054968,783044,22075
ELECTCAST,05-AUG-2021,39.3,39.6,37.7,38.8,848197,462646,3191
ELECTHERM,05-AUG-2021,145.9,145.9,136.2,140.7,16010,8340,540
ELGIEQUIP,05-AUG-2021,204.0,216.6,202.35,209.5,1535097,452884,21131
ELGIRUBCO,05-AUG-2021,41.65,42.9,40.2,40.8,82373,46966,943
EMAMILTD,05-AUG-2021,563.9,580.0,560.0,575.1,432987,229863,15958
EMAMIPAP,05-AUG-2021,191.2,203.95,179.25,195.8,386778,97637,6845
EMAMIREAL,05-AUG-2021,82.55,82.55,77.05,79.05,118462,74771,1322
EMKAY,05-AUG-2021,124.15,124.15,116.1,118.8,105532,54599,3070
EMMBI,05-AUG-2021,111.6,111.6,105.25,109.85,85198,41798,2431
ENDURANCE,05-AUG-2021,1748.0,1765.9,1720.05,1751.35,28162,11100,3452
ENERGYDEV,05-AUG-2021,11.2,11.2,10.45,10.45,99010,72500,289
ENGINERSIN,05-AUG-2021,75.0,75.2,73.35,73.9,1402710,778946,7853
ENIL,05-AUG-2021,211.9,212.0,205.0,208.45,108025,52536,2369
EPL,05-AUG-2021,245.55,245.55,235.35,238.65,175882,113880,6646
EQ30,05-AUG-2021,392.74,394.0,388.61,391.93,654,398,54
EQUITAS,05-AUG-2021,124.4,125.5,121.55,125.0,1064148,695024,9528
EQUITASBNK,05-AUG-2021,61.8,62.8,59.15,62.05,1915774,1001603,12586
ERIS,05-AUG-2021,760.0,760.0,744.0,747.9,64844,24614,4482
EROSMEDIA,05-AUG-2021,21.25,22.8,20.8,22.1,1268159,776740,3438
ESABINDIA,05-AUG-2021,1934.95,1934.95,1875.0,1925.75,5781,3076,752
ESCORTS,05-AUG-2021,1236.8,1255.0,1213.35,1224.55,3584311,451185,130918
ESSARSHPNG,05-AUG-2021,10.65,10.75,10.2,10.3,69167,41956,346
ESTER,05-AUG-2021,160.0,164.75,155.0,155.9,1715357,560634,29363
EVEREADY,05-AUG-2021,380.15,386.95,370.3,383.65,380216,132318,8054
EVERESTIND,05-AUG-2021,480.0,485.0,465.0,466.85,159877,69178,5252
EXCELINDUS,05-AUG-2021,1190.95,1218.7,1170.3,1188.15,26131,9145,3770
EXIDEIND,05-AUG-2021,173.25,173.45,170.5,171.75,3560262,2099795,48485
FACT,05-AUG-2021,135.0,135.45,130.85,132.45,179883,67721,3864
FAIRCHEMOR,05-AUG-2021,1974.0,2131.9,1880.0,2131.0,122325,50161,8160
FCL,05-AUG-2021,115.0,120.0,115.0,115.9,3916934,926998,35711
FCONSUMER,05-AUG-2021,8.45,8.5,7.65,7.9,17304468,7510784,12567
FDC,05-AUG-2021,367.0,368.7,355.45,357.8,266395,156361,7584
FEDERALBNK,05-AUG-2021,88.0,88.05,85.45,85.95,17695360,8020492,43729
FEL,05-AUG-2021,10.8,10.8,10.25,10.25,765137,482602,1072
FELDVR,05-AUG-2021,13.3,13.3,12.3,12.4,60677,34737,183
FIEMIND,05-AUG-2021,818.75,829.15,782.45,801.45,52001,21741,5868
FILATEX,05-AUG-2021,105.0,106.9,101.5,105.15,1071635,373609,7535
FINCABLES,05-AUG-2021,519.8,519.8,507.05,511.5,162899,35465,6876
FINEORG,05-AUG-2021,3026.0,3041.95,2943.0,2986.45,10748,4509,3050
FINPIPE,05-AUG-2021,170.0,174.8,165.9,173.85,990833,498034,17274
FLEXITUFF,05-AUG-2021,22.0,22.0,20.9,20.9,14522,13896,125
FLFL,05-AUG-2021,70.3,70.3,65.9,67.5,140670,68421,1572
FLUOROCHEM,05-AUG-2021,1769.8,1775.0,1685.0,1711.7,87171,44804,7060
FMGOETZE,05-AUG-2021,304.8,305.65,297.9,302.4,349671,54903,9113
FMNL,05-AUG-2021,13.15,13.15,12.45,12.5,59707,53477,289
FORCEMOT,05-AUG-2021,1521.95,1524.95,1470.1,1481.8,83682,20345,6077
FORTIS,05-AUG-2021,248.7,248.7,240.1,243.3,1720813,685699,34828
FOSECOIND,05-AUG-2021,1628.0,1628.0,1562.5,1576.95,3022,949,693
FRETAIL,05-AUG-2021,60.15,60.8,57.3,58.35,1606278,919676,11046
FSC,05-AUG-2021,83.9,83.95,78.6,82.35,97402,41147,1325
FSL,05-AUG-2021,202.6,203.6,196.1,202.0,5686263,999383,43553
GABRIEL,05-AUG-2021,130.5,137.2,125.05,135.8,1634427,505930,19393
GAEL,05-AUG-2021,195.2,196.35,189.25,190.75,651989,203712,8505
GAIL,05-AUG-2021,143.0,145.6,140.3,142.9,19509484,4427354,92010
GAL,05-AUG-2021,2.75,2.75,2.6,2.6,1266877,890978,1083
GALAXYSURF,05-AUG-2021,3182.0,3190.0,3120.0,3170.3,15812,9063,3056
GALLANTT,05-AUG-2021,82.25,82.8,79.0,80.95,112668,56232,2204
GALLISPAT,05-AUG-2021,61.8,63.75,58.25,62.6,217207,76844,5679
GANDHITUBE,05-AUG-2021,544.8,544.95,510.3,513.1,68708,32793,4200
GANECOS,05-AUG-2021,563.0,565.8,520.95,529.6,64114,28899,4540
GANESHHOUC,05-AUG-2021,119.0,119.0,113.8,114.7,21336,14050,450
GANGAFORGE,05-AUG-2021,117.75,117.75,115.7,116.25,53892,24901,445
GANGESSECU,05-AUG-2021,92.95,94.65,85.0,88.4,38256,18765,904
GARFIBRES,05-AUG-2021,3475.3,3498.75,3417.0,3464.55,11017,5688,3466
GATI,05-AUG-2021,157.7,158.25,151.1,152.7,702347,288951,8285
GAYAPROJ,05-AUG-2021,45.5,46.1,43.1,44.9,4310981,1317195,31277
GEECEE,05-AUG-2021,167.05,168.55,157.25,161.2,32509,20767,976
GEEKAYWIRE,05-AUG-2021,98.2,100.0,94.5,94.8,18683,14350,493
GENCON,05-AUG-2021,48.45,48.45,46.4,46.75,41551,23542,372
GENESYS,05-AUG-2021,150.05,153.95,146.3,150.6,14720,8567,450
GENUSPOWER,05-AUG-2021,64.7,64.7,61.5,63.5,1096386,385674,9809
GEOJITFSL,05-AUG-2021,90.4,90.75,87.2,88.15,665874,263642,6568
GEPIL,05-AUG-2021,323.45,323.45,313.25,317.75,200006,72936,9016
GESHIP,05-AUG-2021,331.85,333.2,322.65,325.25,273480,161960,6704
GET&D,05-AUG-2021,137.15,138.6,135.0,136.0,158816,87577,2495
GFLLIMITED,05-AUG-2021,72.3,73.25,68.6,70.05,194948,104824,3116
GHCL,05-AUG-2021,382.4,382.8,363.45,364.65,264382,174736,6935
GICHSGFIN,05-AUG-2021,196.0,202.55,187.0,191.0,4102128,864936,47582
GICRE,05-AUG-2021,174.0,174.7,170.3,171.1,479421,216329,18294
GILLETTE,05-AUG-2021,5935.0,5980.0,5830.1,5907.05,5364,1905,1357
GINNIFILA,05-AUG-2021,35.3,36.2,33.55,34.3,215116,153821,1393
GIPCL,05-AUG-2021,95.55,96.15,92.0,93.75,605383,214048,7985
GKWLIMITED,05-AUG-2021,720.0,749.0,710.6,735.75,960,474,198
GLAND,05-AUG-2021,3938.95,4092.0,3899.85,4052.6,411480,264519,25555
GLAXO,05-AUG-2021,1689.0,1704.35,1655.1,1662.75,47470,18809,6036
GLENMARK,05-AUG-2021,598.0,603.9,591.2,599.0,1153827,321540,35884
GLFL,05-AUG-2021,2.7,2.8,2.7,2.8,5462,5462,13
GLOBAL,05-AUG-2021,44.25,46.8,44.25,45.3,5539,3824,90
GLOBALVECT,05-AUG-2021,59.05,59.85,56.1,58.75,21777,11197,277
GMBREW,05-AUG-2021,577.65,577.65,560.45,567.15,19440,10251,1665
GMDCLTD,05-AUG-2021,70.45,70.5,68.15,68.95,748315,271760,4960
GMMPFAUDLR,05-AUG-2021,4690.1,4746.8,4648.0,4687.55,49678,37546,4394
GMRINFRA,05-AUG-2021,28.25,29.05,27.7,28.8,14585753,5049319,37302
GNA,05-AUG-2021,714.05,759.4,685.0,750.3,714579,193593,34053
GNFC,05-AUG-2021,374.9,378.8,364.35,369.8,461966,245838,8859
GOACARBON,05-AUG-2021,469.0,483.85,441.0,463.7,531910,137606,13300
GOCLCORP,05-AUG-2021,282.7,293.0,279.0,287.15,34646,16243,2257
GODFRYPHLP,05-AUG-2021,1059.9,1064.7,1040.95,1053.8,56360,22890,5222
GODREJAGRO,05-AUG-2021,710.0,712.6,690.2,696.85,334007,47051,10746
GODREJCP,05-AUG-2021,998.0,1000.55,971.25,976.0,974321,274891,31748
GODREJIND,05-AUG-2021,601.0,605.0,591.15,598.55,918156,444355,21210
GODREJPROP,05-AUG-2021,1634.0,1645.3,1600.0,1604.7,561956,123159,24374
GOKEX,05-AUG-2021,214.0,219.05,208.6,219.05,651206,494265,6337
GOKUL,05-AUG-2021,31.65,31.7,30.5,30.55,52208,33863,434
GOKULAGRO,05-AUG-2021,43.95,46.5,42.1,44.15,730879,632773,1565
GOLDBEES,05-AUG-2021,44.4,44.4,41.4,41.56,2365330,1767998,14040
GOLDENTOBC,05-AUG-2021,104.6,104.6,95.7,104.6,318032,109790,2203
GOLDIAM,05-AUG-2021,610.0,639.0,597.0,634.8,187448,106517,7247
GOLDSHARE,05-AUG-2021,41.7,41.7,41.4,41.5,48842,34368,287
GOLDTECH,05-AUG-2021,14.25,14.4,13.65,14.3,64088,44389,211
GOODLUCK,05-AUG-2021,299.0,299.0,287.55,287.55,543574,353573,4766
GOODYEAR,05-AUG-2021,1199.8,1199.8,1145.0,1155.25,67364,23520,5933
GPPL,05-AUG-2021,106.8,107.2,102.5,104.65,789408,380293,12156
GPTINFRA,05-AUG-2021,94.5,96.0,89.75,93.75,65647,29035,2327
GRANULES,05-AUG-2021,387.0,396.5,382.35,386.3,4148815,473939,50157
GRAPHITE,05-AUG-2021,740.8,743.0,704.6,719.8,694932,203538,21154
GRASIM,05-AUG-2021,1539.0,1553.0,1525.0,1537.4,715729,169039,33503
GRAUWEIL,05-AUG-2021,64.1,65.0,61.5,63.55,135609,86159,1912
GRAVITA,05-AUG-2021,200.0,202.0,191.5,194.7,935533,534753,8703
GREAVESCOT,05-AUG-2021,159.7,165.8,153.8,163.0,3094564,809560,26182
GREENLAM,05-AUG-2021,1375.0,1375.0,1287.6,1315.25,10663,4712,1344
GREENPLY,05-AUG-2021,199.95,203.0,192.0,193.3,1039535,520824,16855
GREENPOWER,05-AUG-2021,3.4,3.45,3.3,3.3,3561051,1854587,2229
GRINDWELL,05-AUG-2021,1263.75,1263.75,1223.1,1243.75,32331,16229,4599
GRINFRA,05-AUG-2021,1729.7,1729.7,1672.5,1706.25,121119,69864,10864
GROBTEA,05-AUG-2021,1345.05,1380.0,1266.5,1340.15,3885,1965,805
GRPLTD,05-AUG-2021,925.1,944.95,925.0,939.15,3320,2882,205
GRSE,05-AUG-2021,199.7,200.6,197.5,199.75,167385,90686,3227
GSCLCEMENT,05-AUG-2021,52.65,53.35,50.55,52.85,407504,200783,3068
GSFC,05-AUG-2021,120.7,122.0,116.45,120.75,2180533,1123346,15277
GSPL,05-AUG-2021,345.0,345.9,326.65,334.6,996839,524504,19345
GSS,05-AUG-2021,68.75,73.95,68.1,71.2,247163,95140,3969
GTNTEX,05-AUG-2021,9.4,9.4,9.4,9.4,1100,1100,6
GTPL,05-AUG-2021,201.15,203.55,197.25,201.1,126209,75734,5138
GUFICBIO,05-AUG-2021,197.0,199.9,187.15,188.55,299494,154326,6514
GUJALKALI,05-AUG-2021,500.0,502.75,485.5,491.05,389698,137232,10233
GUJAPOLLO,05-AUG-2021,232.7,234.35,226.1,228.15,16332,8518,750
GUJGASLTD,05-AUG-2021,775.8,782.65,760.0,772.1,1836567,268292,43842
GULFOILLUB,05-AUG-2021,644.9,644.9,628.0,634.3,37692,23970,2407
GULFPETRO,05-AUG-2021,63.9,63.9,61.05,62.15,60476,33281,1038
HAL,05-AUG-2021,1082.0,1093.85,1070.15,1079.05,173984,88292,8033
HAPPSTMNDS,05-AUG-2021,1363.7,1414.45,1327.0,1382.55,1509234,467129,74110
HARRMALAYA,05-AUG-2021,221.4,224.7,216.2,222.1,218782,47200,10567
HATHWAY,05-AUG-2021,26.2,26.25,25.35,25.6,4277241,1745877,6768
HATSUN,05-AUG-2021,955.0,979.3,944.5,954.3,206984,131372,10605
HAVELLS,05-AUG-2021,1240.0,1240.2,1212.1,1216.25,995267,507337,32018
HBANKETF,05-AUG-2021,360.0,365.78,355.23,357.68,2138,1800,101
HBLPOWER,05-AUG-2021,49.05,49.25,47.0,47.75,935993,406897,6366
HBSL,05-AUG-2021,30.85,30.85,30.85,30.85,13703,13703,46
HCC,05-AUG-2021,10.4,10.45,9.95,10.1,7947290,4104405,6835
HCG,05-AUG-2021,249.5,253.7,240.1,244.25,340657,152330,8920
HCL-INSYS,05-AUG-2021,15.25,15.25,14.25,14.35,664792,387063,2485
HCLTECH,05-AUG-2021,1040.0,1073.0,1033.7,1061.15,7896314,3980906,183010
HDFC,05-AUG-2021,2680.0,2685.0,2644.3,2661.7,4021021,2603777,141019
HDFCAMC,05-AUG-2021,2934.9,2934.9,2860.05,2925.3,210561,113498,15588
HDFCBANK,05-AUG-2021,1467.1,1507.05,1457.4,1484.85,9411204,4731088,234822
HDFCLIFE,05-AUG-2021,678.0,678.0,668.2,669.5,1985164,1320609,59003
HDFCMFGETF,05-AUG-2021,42.7,42.7,42.41,42.62,229020,133882,769
HDFCNIFETF,05-AUG-2021,176.0,176.0,170.95,172.72,39599,25633,500
HDFCSENETF,05-AUG-2021,578.5,584.65,574.95,580.18,2343,1720,180
HEG,05-AUG-2021,2387.0,2387.6,2292.1,2365.4,139908,58012,14174
HEIDELBERG,05-AUG-2021,263.9,265.4,258.75,263.65,327556,161670,9969
HEMIPROP,05-AUG-2021,141.5,142.5,138.0,139.45,634448,314609,5839
HERANBA,05-AUG-2021,815.55,819.8,786.2,811.0,301958,116300,12367
HERCULES,05-AUG-2021,159.0,159.45,153.3,154.6,179074,32905,8013
HERITGFOOD,05-AUG-2021,502.3,515.0,490.0,503.6,346958,95828,16536
HEROMOTOCO,05-AUG-2021,2806.0,2831.7,2785.0,2818.8,316844,112423,27088
HESTERBIO,05-AUG-2021,2355.2,2378.05,2311.4,2354.7,7086,2913,1499
HEXATRADEX,05-AUG-2021,154.85,154.85,146.0,154.85,217979,105828,596
HGINFRA,05-AUG-2021,599.4,603.5,565.2,572.4,715305,182541,27650
HIKAL,05-AUG-2021,547.4,653.8,521.55,613.6,4655282,992014,129866
HIL,05-AUG-2021,6093.0,6196.9,5756.0,5883.1,34576,17429,8165
HILTON,05-AUG-2021,14.85,15.15,13.8,13.8,24629,22203,107
HINDALCO,05-AUG-2021,445.0,445.7,432.9,443.1,11790679,3424186,120506
HINDCOMPOS,05-AUG-2021,335.75,335.75,321.8,324.9,17625,5403,1118
HINDCON,05-AUG-2021,70.9,71.5,68.5,71.5,82906,51267,924
HINDCOPPER,05-AUG-2021,146.05,146.8,141.35,144.1,3019311,1026358,21837
HINDMOTORS,05-AUG-2021,8.0,8.0,7.75,7.9,127164,82367,699
HINDOILEXP,05-AUG-2021,159.0,174.5,153.25,171.7,5871808,1371957,62743
HINDPETRO,05-AUG-2021,270.0,271.0,262.5,265.0,5107161,2174663,70238
HINDUNILVR,05-AUG-2021,2391.0,2391.0,2354.0,2357.7,921757,630007,83722
HINDZINC,05-AUG-2021,321.0,322.95,316.3,319.45,429968,128179,8094
HIRECT,05-AUG-2021,162.9,162.9,153.95,156.6,27605,15121,703
HISARMETAL,05-AUG-2021,146.3,146.3,134.7,139.4,47481,22116,1861
HITECH,05-AUG-2021,664.0,664.0,601.05,606.8,123736,66564,6946
HITECHCORP,05-AUG-2021,228.8,237.95,215.0,217.2,23528,14115,1401
HITECHGEAR,05-AUG-2021,321.1,329.5,314.95,324.45,18428,10588,1641
HLEGLAS,05-AUG-2021,3319.3,3338.25,3162.3,3251.7,8254,4960,2070
HLVLTD,05-AUG-2021,9.6,9.8,9.3,9.4,298962,203989,664
HMVL,05-AUG-2021,83.4,83.6,79.25,80.15,356593,221315,3702
HNGSNGBEES,05-AUG-2021,338.0,338.0,331.04,334.15,1700,1362,189
HOMEFIRST,05-AUG-2021,590.95,596.75,581.2,590.2,80057,45242,6796
HONAUT,05-AUG-2021,41900.0,42877.0,41252.35,41477.75,12664,9585,3990
HONDAPOWER,05-AUG-2021,1185.0,1196.9,1170.0,1173.25,13429,9785,1529
HPL,05-AUG-2021,80.5,82.0,76.5,81.4,297349,118537,3009
HSCL,05-AUG-2021,49.0,49.6,47.3,49.0,6088599,1551725,21715
HSIL,05-AUG-2021,252.5,254.35,247.0,248.2,132205,51027,3617
HTMEDIA,05-AUG-2021,28.75,28.75,26.25,27.05,979384,528868,3668
HUBTOWN,05-AUG-2021,45.0,45.0,41.65,41.9,277356,185293,1225
HUDCO,05-AUG-2021,44.75,44.75,43.5,43.65,2526858,1482549,8141
HUHTAMAKI,05-AUG-2021,313.0,319.55,312.05,315.75,284016,101010,5393
IBMFNIFTY,05-AUG-2021,159.99,159.99,156.03,156.08,964,570,86
IBREALEST,05-AUG-2021,150.9,151.45,142.5,143.25,8450881,3526692,51305
IBULHSGFIN,05-AUG-2021,272.85,274.2,264.0,270.25,13995261,2342406,104056
ICEMAKE,05-AUG-2021,84.35,84.35,78.55,81.05,29567,21384,372
ICICI500,05-AUG-2021,232.48,232.48,229.5,231.17,2586,2128,146
ICICIALPLV,05-AUG-2021,167.7,167.7,164.0,164.88,9574,8797,146
ICICIB22,05-AUG-2021,40.81,41.16,40.45,41.06,679019,462557,2335
ICICIBANK,05-AUG-2021,715.5,716.5,699.05,702.45,17774554,10856926,268685
ICICIBANKN,05-AUG-2021,366.0,366.0,355.2,356.74,2876,2168,200
ICICIBANKP,05-AUG-2021,186.0,186.0,182.1,183.41,3793,1959,105
ICICIGI,05-AUG-2021,1450.0,1461.45,1437.0,1446.5,901620,656523,39638
ICICIGOLD,05-AUG-2021,44.0,44.0,42.11,42.59,224971,186799,1379
ICICILIQ,05-AUG-2021,1004.9,1010.0,999.0,999.99,27809,22784,68
ICICILOVOL,05-AUG-2021,134.15,134.15,130.55,132.73,30235,25712,1139
ICICIM150,05-AUG-2021,106.0,107.88,106.0,106.04,8954,6832,261
ICICIMCAP,05-AUG-2021,98.75,98.75,96.85,97.01,6257,4140,275
ICICINF100,05-AUG-2021,166.2,179.99,166.2,178.97,3401,1916,250
ICICINIFTY,05-AUG-2021,177.45,177.45,173.25,174.21,57458,33527,3218
ICICINV20,05-AUG-2021,99.4,99.4,87.1,88.39,8275,5486,1168
ICICINXT50,05-AUG-2021,40.99,40.99,40.23,40.41,23777,18096,592
ICICIPHARM,05-AUG-2021,89.0,91.0,89.0,90.18,8599,6619,167
ICICIPRULI,05-AUG-2021,670.0,673.2,648.85,650.5,1116383,321128,32986
ICICISENSX,05-AUG-2021,581.02,592.0,581.02,591.43,895,522,110
ICICITECH,05-AUG-2021,313.0,320.0,313.0,317.0,24401,9020,264
ICIL,05-AUG-2021,271.25,278.9,264.0,276.2,453893,215940,11434
ICRA,05-AUG-2021,3634.5,3697.0,3501.1,3553.25,6200,1898,1689
IDBI,05-AUG-2021,37.7,37.8,37.05,37.25,6030786,2441441,20726
IDBIGOLD,05-AUG-2021,4428.0,4428.0,4401.05,4406.0,140,136,12
IDEA,05-AUG-2021,5.4,6.1,4.55,5.95,2203326931,350998280,579528
IDFC,05-AUG-2021,53.8,53.8,51.1,53.0,10370624,4519864,30326
IDFCFIRSTB,05-AUG-2021,48.5,48.5,46.0,47.8,99132575,32298992,163960
IDFNIFTYET,05-AUG-2021,170.0,170.99,169.53,170.49,465,298,21
IEX,05-AUG-2021,422.8,424.0,409.1,418.8,1449362,617984,41721
IFBAGRO,05-AUG-2021,602.65,602.65,580.0,592.85,13264,7924,962
IFBIND,05-AUG-2021,1011.6,1014.85,991.0,996.45,16883,9339,1742
IFCI,05-AUG-2021,13.75,13.85,13.25,13.45,3121287,1579655,4347
IFGLEXPOR,05-AUG-2021,417.5,417.55,404.0,408.85,36291,27219,1586
IGARASHI,05-AUG-2021,529.9,533.0,499.0,505.75,164644,83916,7257
IGL,05-AUG-2021,548.35,548.35,538.2,539.55,1138942,670998,31763
IGPL,05-AUG-2021,729.0,730.3,710.0,716.05,84242,42993,4963
IIFLSEC,05-AUG-2021,108.5,109.65,105.0,105.45,685225,398453,5294
IIFLWAM,05-AUG-2021,1555.0,1580.0,1511.0,1535.5,436283,128343,25679
IITL,05-AUG-2021,67.75,69.75,65.25,66.35,1895,1010,68
IMAGICAA,05-AUG-2021,8.35,8.35,7.95,8.1,193543,146471,326
IMPAL,05-AUG-2021,813.0,813.0,778.0,785.7,5927,3149,1011
INDBANK,05-AUG-2021,31.1,31.5,29.75,30.35,143229,77765,1001
INDHOTEL,05-AUG-2021,145.6,146.15,142.65,144.75,1313833,407780,9404
INDIACEM,05-AUG-2021,194.9,195.6,191.35,192.55,1168929,404282,9291
INDIAGLYCO,05-AUG-2021,701.95,704.6,685.1,692.1,147517,53251,5275
INDIAMART,05-AUG-2021,7485.0,7490.0,7350.0,7381.55,34139,17647,7986
INDIANB,05-AUG-2021,140.0,140.35,134.2,135.35,3375060,1756912,29283
INDIANHUME,05-AUG-2021,237.95,238.0,228.5,231.65,68642,27788,2769
INDIGO,05-AUG-2021,1669.95,1669.95,1640.0,1648.95,309824,76959,18938
INDIGOPNTS,05-AUG-2021,2601.0,2625.0,2572.5,2606.1,15359,6316,3118
INDLMETER,05-AUG-2021,13.05,13.1,12.65,12.7,38378,29408,211
INDNIPPON,05-AUG-2021,394.95,399.45,376.0,396.3,52876,22933,3345
INDOCO,05-AUG-2021,452.9,475.95,443.45,457.2,465250,76952,16404
INDOSTAR,05-AUG-2021,347.35,382.5,345.5,376.2,792286,354542,21368
INDOTHAI,05-AUG-2021,68.3,72.0,68.3,70.45,31743,17831,338
INDRAMEDCO,05-AUG-2021,83.3,83.6,81.4,81.85,270603,145693,2450
INDSWFTLAB,05-AUG-2021,88.0,88.0,81.2,82.15,628888,278663,7165
INDSWFTLTD,05-AUG-2021,8.7,8.7,8.7,8.7,34244,34244,17
INDTERRAIN,05-AUG-2021,40.9,41.0,37.75,39.35,140891,77727,1047
INDUSINDBK,05-AUG-2021,1011.45,1012.45,986.0,997.7,3955681,852398,86896
INDUSTOWER,05-AUG-2021,201.0,216.0,194.1,214.65,18949772,4629293,126867
INEOSSTYRO,05-AUG-2021,1446.0,1451.0,1395.5,1430.0,30428,14365,2883
INFIBEAM,05-AUG-2021,42.4,44.4,41.2,43.85,8631320,2516647,18382
INFRABEES,05-AUG-2021,468.0,471.99,464.92,469.46,1262,1004,89
INFY,05-AUG-2021,1649.5,1666.0,1647.05,1653.55,5420536,3761486,124049
INGERRAND,05-AUG-2021,997.3,1003.2,977.45,985.6,23403,10388,1821
INOXLEISUR,05-AUG-2021,314.5,314.95,308.0,309.5,243879,94190,6390
INOXWIND,05-AUG-2021,124.0,128.8,117.8,123.75,452323,180072,6869
INSECTICID,05-AUG-2021,835.0,841.3,802.65,812.05,45040,23503,2847
INTELLECT,05-AUG-2021,728.0,735.0,715.0,717.05,234539,117793,11264
INTENTECH,05-AUG-2021,108.0,111.15,100.65,101.9,289592,163680,3730
INVENTURE,05-AUG-2021,3.3,3.3,3.2,3.25,2959642,1705569,2615
IOB,05-AUG-2021,23.5,23.5,22.15,22.3,9501288,3484339,16863
IOC,05-AUG-2021,104.5,104.8,102.55,103.95,13497599,6253541,55167
IOLCP,05-AUG-2021,666.3,666.3,645.1,652.65,421122,105102,16590
IPCALAB,05-AUG-2021,2098.0,2244.15,2051.0,2134.6,917390,208362,66685
IPL,05-AUG-2021,334.0,334.0,323.25,327.55,695664,373488,17359
IRB,05-AUG-2021,170.4,170.65,164.1,168.1,2388328,688034,23980
IRCON,05-AUG-2021,44.6,44.6,43.85,44.05,1077356,671443,5299
IRCTC,05-AUG-2021,2501.0,2522.0,2465.3,2472.9,1415170,381155,81345
IRFC,05-AUG-2021,23.6,23.8,23.2,23.65,10469724,4740232,15277
ISEC,05-AUG-2021,729.15,729.15,711.0,720.55,338946,137632,16188
ISFT,05-AUG-2021,114.0,120.9,109.5,118.05,88740,48448,1693
ISGEC,05-AUG-2021,810.0,822.0,784.0,788.35,169931,73326,9826
ITC,05-AUG-2021,208.6,216.75,206.9,215.25,47178466,22297896,243882
ITDC,05-AUG-2021,386.0,391.75,383.0,385.9,24140,9888,1784
ITDCEM,05-AUG-2021,84.9,84.9,81.1,83.4,525458,234760,5887
ITI,05-AUG-2021,127.65,127.85,125.2,125.85,365143,166156,4228
IVC,05-AUG-2021,7.85,7.9,7.8,7.8,209066,144851,332
IVP,05-AUG-2021,120.5,126.0,120.5,120.8,2857,1975,158
IVZINGOLD,05-AUG-2021,4347.8,4354.75,4320.2,4320.2,9,6,6
IVZINNIFTY,05-AUG-2021,1756.4,1767.0,1756.4,1767.0,6,6,3
IZMO,05-AUG-2021,115.8,118.0,115.8,115.8,460169,228389,1523
J&KBANK,05-AUG-2021,38.7,38.75,37.2,37.65,1919111,924880,6143
JAGRAN,05-AUG-2021,67.4,67.7,64.6,65.9,373832,163611,4604
JAGSNPHARM,05-AUG-2021,183.7,192.7,175.1,186.65,143670,58759,4185
JAIBALAJI,05-AUG-2021,68.4,68.8,64.1,65.55,137804,87803,808
JAICORPLTD,05-AUG-2021,146.3,148.95,142.3,146.45,1367476,274217,10281
JAMNAAUTO,05-AUG-2021,87.6,88.8,84.95,86.5,579914,331764,6747
JASH,05-AUG-2021,585.0,589.0,555.65,570.35,25914,12758,1084
JAYAGROGN,05-AUG-2021,298.95,301.65,285.3,289.4,125867,51428,6154
JAYBARMARU,05-AUG-2021,214.4,218.0,208.6,212.7,79322,38404,3091
JAYSREETEA,05-AUG-2021,126.5,126.9,120.5,124.6,425792,126547,7841
JBCHEPHARM,05-AUG-2021,1810.0,1815.5,1781.0,1788.3,114470,76007,6280
JBMA,05-AUG-2021,491.0,518.0,474.65,509.05,349822,87306,15721
JCHAC,05-AUG-2021,2275.9,2317.9,2222.0,2261.7,78673,14397,10493
JHS,05-AUG-2021,26.0,26.2,24.0,24.35,269642,162243,1052
JINDALPHOT,05-AUG-2021,79.5,80.85,78.0,80.85,25058,23316,175
JINDALPOLY,05-AUG-2021,1084.6,1131.0,1045.15,1117.6,500574,113333,23530
JINDALSAW,05-AUG-2021,138.15,138.7,133.65,135.8,2352773,754530,15714
JINDALSTEL,05-AUG-2021,417.95,427.3,410.0,425.35,8561081,1272638,86087
JINDRILL,05-AUG-2021,138.55,140.0,131.9,134.25,150372,55262,3638
JINDWORLD,05-AUG-2021,72.05,72.65,68.4,69.15,433798,80204,6449
JISLDVREQS,05-AUG-2021,20.15,20.4,19.25,19.4,23095,12743,230
JISLJALEQS,05-AUG-2021,33.0,33.45,31.3,31.45,4827148,3022061,8639
JKCEMENT,05-AUG-2021,3371.0,3425.4,3341.65,3363.15,99002,60776,9058
JKIL,05-AUG-2021,214.1,214.35,205.0,209.2,427479,190447,9255
JKLAKSHMI,05-AUG-2021,668.0,692.05,647.2,678.9,762958,194087,33395
JKPAPER,05-AUG-2021,246.15,274.95,239.75,263.3,8593179,972662,93376
JKTYRE,05-AUG-2021,157.0,163.9,152.15,162.05,9009134,1769270,59801
JMA,05-AUG-2021,70.4,70.8,67.1,69.35,52049,27670,696
JMCPROJECT,05-AUG-2021,117.9,120.4,112.45,118.95,267926,95375,7328
JMFINANCIL,05-AUG-2021,98.7,99.2,94.55,96.2,4717660,1867874,23504
JMTAUTOLTD,05-AUG-2021,2.7,2.7,2.65,2.65,385719,385719,496
JOCIL,05-AUG-2021,262.95,266.3,245.0,247.8,96874,51946,3259
JPINFRATEC,05-AUG-2021,2.1,2.15,2.1,2.1,2269791,1327409,1881
JPPOWER,05-AUG-2021,5.0,5.1,4.85,4.85,49952525,29985812,17733
JSL,05-AUG-2021,158.25,158.45,151.05,153.15,1793882,897669,14975
JSLHISAR,05-AUG-2021,291.7,291.7,281.2,285.4,569105,157883,7165
JSWHL,05-AUG-2021,5189.9,5189.9,5010.0,5060.05,437,234,186
JSWSTEEL,05-AUG-2021,747.25,765.4,740.5,763.25,8613347,1765144,125238
JTEKTINDIA,05-AUG-2021,120.5,120.5,114.0,115.15,842657,265923,9675
JUBLFOOD,05-AUG-2021,3748.0,3753.35,3685.55,3692.1,310041,127983,27974
JUBLINDS,05-AUG-2021,413.85,414.85,388.25,393.3,59616,35535,2333
JUBLINGREA,05-AUG-2021,613.2,619.8,598.5,610.15,1749042,983587,24921
JUBLPHARMA,05-AUG-2021,662.1,663.7,650.55,657.45,197574,97164,8031
JUMPNET,05-AUG-2021,9.6,9.85,9.3,9.3,598461,408121,1004
JUNIORBEES,05-AUG-2021,419.0,421.0,412.75,416.09,409854,373163,7216
JUSTDIAL,05-AUG-2021,969.05,976.4,965.5,968.3,731308,295345,15597
JYOTHYLAB,05-AUG-2021,174.0,174.25,171.25,172.95,339442,179421,6294
KABRAEXTRU,05-AUG-2021,209.0,209.75,198.4,206.75,201615,50335,12957
KAJARIACER,05-AUG-2021,1040.0,1040.0,1010.0,1016.95,76029,45621,5850
KAKATCEM,05-AUG-2021,280.0,280.0,267.5,276.1,42448,20889,2219
KALPATPOWR,05-AUG-2021,475.45,482.45,461.6,462.5,295861,123193,11865
KALYANKJIL,05-AUG-2021,72.8,72.8,70.45,70.85,953982,530691,6885
KAMATHOTEL,05-AUG-2021,47.55,47.95,46.25,46.55,38757,27722,500
KAMDHENU,05-AUG-2021,186.0,194.2,177.4,187.6,289361,93701,7138
KANORICHEM,05-AUG-2021,181.0,183.85,173.55,175.7,33835,24461,499
KANPRPLA,05-AUG-2021,265.0,269.85,258.1,263.6,34067,16635,1319
KANSAINER,05-AUG-2021,630.0,638.85,627.1,637.85,322297,246129,8809
KARMAENG,05-AUG-2021,35.0,35.0,31.7,34.9,134176,80061,1069
KARURVYSYA,05-AUG-2021,48.0,48.2,46.55,46.7,1697769,861628,7520
KAUSHALYA,05-AUG-2021,3.95,3.95,3.65,3.65,59433,59350,132
KAVVERITEL,05-AUG-2021,2.9,2.9,2.9,2.9,574,574,6
KAYA,05-AUG-2021,489.9,489.9,465.9,475.55,26763,13384,1970
KCP,05-AUG-2021,159.8,159.8,151.55,156.15,309344,185054,4538
KCPSUGIND,05-AUG-2021,24.0,24.15,22.9,23.05,463558,246572,1953
KDDL,05-AUG-2021,367.05,367.05,350.25,353.0,8569,4216,469
KEC,05-AUG-2021,418.05,420.6,415.0,416.25,293057,171542,12954
KECL,05-AUG-2021,20.1,20.9,19.15,20.3,240540,141488,1027
KEERTI,05-AUG-2021,19.6,19.6,17.5,19.25,10664,4727,119
KEI,05-AUG-2021,717.0,719.9,698.2,710.05,159595,59829,8223
KELLTONTEC,05-AUG-2021,56.65,56.95,55.5,55.9,828980,267438,7668
KENNAMET,05-AUG-2021,1267.0,1283.9,1250.0,1255.0,5485,3087,546
KESORAMIND,05-AUG-2021,96.35,96.4,92.25,93.2,2078904,760453,12201
KEYFINSERV,05-AUG-2021,76.25,76.5,73.3,73.95,4694,2057,116
KHADIM,05-AUG-2021,285.1,289.35,278.45,280.65,28519,13450,1026
KHAICHEM,05-AUG-2021,72.45,72.45,68.85,68.85,219839,181934,1309
KHANDSE,05-AUG-2021,17.65,18.8,17.65,18.8,1967,1541,20
KICL,05-AUG-2021,2167.3,2175.0,2097.95,2163.6,2006,1063,484
KILITCH,05-AUG-2021,209.9,209.9,195.25,202.1,9612,5954,317
KIMS,05-AUG-2021,1270.95,1282.0,1215.15,1228.85,295442,122477,13432
KINGFA,05-AUG-2021,1119.7,1174.0,1077.05,1127.3,6568,4030,697
KIOCL,05-AUG-2021,295.0,302.65,282.65,290.8,162818,82269,4934
KIRIINDUS,05-AUG-2021,556.0,565.15,541.1,543.6,261460,117386,10050
KIRLFER,05-AUG-2021,302.4,303.25,295.55,298.85,391498,238092,11155
KIRLOSENG,05-AUG-2021,243.1,244.6,229.0,231.9,375267,212526,9836
KIRLOSIND,05-AUG-2021,1629.0,1629.0,1533.05,1533.05,21336,14707,899
KITEX,05-AUG-2021,167.5,170.35,161.0,163.35,346292,174023,6681
KKCL,05-AUG-2021,899.9,899.9,861.2,870.8,6898,3944,1212
KMSUGAR,05-AUG-2021,27.05,27.45,26.6,26.6,519523,315141,1575
KNRCON,05-AUG-2021,274.55,281.0,271.05,278.35,1512825,1153856,16146
KOKUYOCMLN,05-AUG-2021,72.65,73.35,71.05,71.95,228602,94251,3005
KOLTEPATIL,05-AUG-2021,251.9,253.1,239.05,247.0,1109787,352702,19276
KOTAKBANK,05-AUG-2021,1761.7,1793.0,1752.55,1771.75,6052092,3645610,172173
KOTAKBKETF,05-AUG-2021,363.13,364.01,360.0,361.95,164618,42150,801
KOTAKGOLD,05-AUG-2021,41.99,41.99,41.61,41.87,847916,786266,794
KOTAKIT,05-AUG-2021,31.99,31.99,31.17,31.32,8734,3469,153
KOTAKNIFTY,05-AUG-2021,171.5,171.5,168.68,171.1,83376,60279,471
KOTAKNV20,05-AUG-2021,89.6,91.8,88.55,90.17,20847,15831,277
KOTAKPSUBK,05-AUG-2021,246.0,246.48,237.11,239.52,22900,9255,457
KOTARISUG,05-AUG-2021,37.15,37.25,34.0,35.2,230324,133685,1775
KOTHARIPET,05-AUG-2021,60.05,60.5,56.0,57.1,408336,220888,3787
KOVAI,05-AUG-2021,1648.8,1698.0,1526.95,1592.55,12424,5497,1993
KPIGLOBAL,05-AUG-2021,163.4,163.4,147.9,148.55,748442,467761,6329
KPITTECH,05-AUG-2021,307.65,314.5,299.0,306.0,1960000,1029432,49315
KPRMILL,05-AUG-2021,1990.0,1992.0,1904.05,1972.45,44021,29001,8951
KRBL,05-AUG-2021,280.2,281.3,269.0,271.3,796263,429980,9708
KREBSBIO,05-AUG-2021,123.45,124.0,117.1,119.7,15149,8474,653
KRIDHANINF,05-AUG-2021,5.55,5.55,5.15,5.15,149496,109659,208
KRISHANA,05-AUG-2021,144.25,144.25,135.25,140.1,27855,15076,403
KSB,05-AUG-2021,1195.6,1200.0,1161.35,1182.05,50166,10970,8800
KSCL,05-AUG-2021,729.0,732.7,710.0,728.85,128416,41350,5073
KSL,05-AUG-2021,439.4,442.0,423.65,438.2,163083,45905,6790
KTKBANK,05-AUG-2021,61.35,61.35,59.2,60.15,1401897,616362,5479
KUANTUM,05-AUG-2021,89.0,91.9,84.7,88.9,133331,49822,2602
L&TFH,05-AUG-2021,89.65,89.65,87.6,88.25,4800308,1484417,18036
LALPATHLAB,05-AUG-2021,3878.4,3995.0,3851.0,3956.55,951646,175592,88330
LAOPALA,05-AUG-2021,285.0,285.6,273.1,275.5,263120,82714,7274
LASA,05-AUG-2021,73.5,74.35,70.95,71.85,261721,116471,4438
LAURUSLABS,05-AUG-2021,650.05,673.0,645.85,671.55,5877440,2475321,80105
LAXMIMACH,05-AUG-2021,8386.0,8532.95,8152.1,8477.0,11371,5350,3388
LCCINFOTEC,05-AUG-2021,1.9,1.9,1.8,1.8,292782,192118,204
LEMONTREE,05-AUG-2021,41.35,41.35,40.15,40.75,1476454,606809,5878
LFIC,05-AUG-2021,86.2,86.25,83.1,83.35,2428,1663,127
LGBBROSLTD,05-AUG-2021,517.0,518.7,498.05,515.55,159262,60167,9555
LIBAS,05-AUG-2021,69.35,70.3,67.7,69.0,231519,49954,1799
LIBERTSHOE,05-AUG-2021,182.0,182.4,175.35,176.6,272109,79607,7396
LICHSGFIN,05-AUG-2021,412.0,413.45,403.5,408.2,4640244,1803986,70880
LICNETFGSC,05-AUG-2021,22.09,22.09,21.91,22.08,1613,1477,82
LICNETFN50,05-AUG-2021,171.15,173.99,171.15,172.38,4978,3881,164
LICNETFSEN,05-AUG-2021,587.6,587.6,576.02,581.9,189,106,46
LICNFNHGP,05-AUG-2021,174.48,174.48,161.0,162.2,1622,1158,110
LIKHITHA,05-AUG-2021,406.95,406.95,392.2,397.85,98312,42341,4289
LINCOLN,05-AUG-2021,347.2,351.55,337.0,349.4,123224,45764,4684
LINCPEN,05-AUG-2021,221.5,221.65,200.6,206.95,22152,10074,729
LINDEINDIA,05-AUG-2021,1753.0,1758.4,1700.9,1745.2,55074,26028,5453
LIQUIDBEES,05-AUG-2021,1002.59,1002.59,999.99,999.99,754023,609634,4286
LIQUIDETF,05-AUG-2021,999.99,1000.01,999.99,1000.0,19458,18228,104
LODHA,05-AUG-2021,884.7,886.55,835.2,868.0,231873,80103,9001
LOKESHMACH,05-AUG-2021,40.0,40.7,38.8,39.7,17550,11801,353
LOVABLE,05-AUG-2021,114.5,117.95,113.65,115.7,85365,50812,2615
LT,05-AUG-2021,1620.0,1632.85,1608.8,1627.4,1831728,936012,68086
LTI,05-AUG-2021,4720.0,4867.95,4675.25,4704.7,566028,84108,60073
LTTS,05-AUG-2021,3631.05,3778.9,3624.0,3681.55,507100,86126,38730
LUMAXIND,05-AUG-2021,1537.0,1557.35,1530.0,1535.9,4774,2587,915
LUMAXTECH,05-AUG-2021,166.2,166.4,157.2,160.8,117759,59088,3420
LUPIN,05-AUG-2021,1152.2,1159.3,1137.85,1145.3,775351,168986,20543
LUXIND,05-AUG-2021,4177.05,4240.0,4095.0,4210.4,113865,78985,6309
LXCHEM,05-AUG-2021,273.15,275.0,265.3,271.9,1426307,461445,18806
LYKALABS,05-AUG-2021,89.1,89.1,85.05,89.1,1765030,924502,4173
LYPSAGEMS,05-AUG-2021,5.15,5.15,4.8,4.9,29551,19209,78
M&M,05-AUG-2021,766.0,766.35,756.7,759.35,1451370,697761,57670
M&MFIN,05-AUG-2021,154.95,156.7,151.75,156.35,7451270,2327578,41242
MACPOWER,05-AUG-2021,187.2,187.2,187.2,187.2,98821,93618,255
MADHAV,05-AUG-2021,65.9,66.6,59.25,61.3,78979,42593,1708
MADHUCON,05-AUG-2021,6.55,6.65,6.2,6.5,130614,118718,217
MADRASFERT,05-AUG-2021,30.9,31.2,29.75,30.3,162045,79703,907
MAESGETF,05-AUG-2021,27.72,27.84,27.54,27.76,104781,101059,5152
MAFANG,05-AUG-2021,54.19,54.19,53.3,53.45,153793,126324,1789
MAFSETF,05-AUG-2021,17.25,17.98,17.03,17.23,115468,90472,296
MAGADSUGAR,05-AUG-2021,285.2,298.0,285.2,285.2,96750,66226,971
MAHABANK,05-AUG-2021,21.55,21.55,20.2,20.45,6360737,3938188,16809
MAHASTEEL,05-AUG-2021,111.9,111.9,103.3,105.7,127932,33958,5438
MAHEPC,05-AUG-2021,142.05,142.4,138.8,139.4,169955,113214,2777
MAHESHWARI,05-AUG-2021,135.0,137.75,125.45,127.5,869767,352922,15415
MAHINDCIE,05-AUG-2021,260.75,263.75,253.85,262.1,150192,64013,4038
MAHLIFE,05-AUG-2021,771.45,776.4,740.05,749.4,180238,151264,4423
MAHLOG,05-AUG-2021,706.9,746.0,700.0,704.75,359300,123447,21458
MAHSCOOTER,05-AUG-2021,4351.05,4379.0,4200.0,4252.75,7886,3690,2089
MAHSEAMLES,05-AUG-2021,314.7,319.85,312.05,313.95,95091,41010,3471
MAITHANALL,05-AUG-2021,1213.95,1214.8,1170.0,1181.95,119322,54449,8190
MAJESCO,05-AUG-2021,88.8,91.0,85.0,89.8,266773,141449,4328
MALUPAPER,05-AUG-2021,37.35,42.4,35.75,39.9,670533,197284,5638
MAN50ETF,05-AUG-2021,167.15,168.19,166.77,167.74,98604,98091,9783
MANAKALUCO,05-AUG-2021,17.6,17.6,16.65,16.8,46029,42020,255
MANAKCOAT,05-AUG-2021,13.35,13.75,12.95,13.2,26471,16888,155
MANAKSIA,05-AUG-2021,70.0,72.9,69.05,69.85,115749,51637,1742
MANAKSTEEL,05-AUG-2021,34.2,34.2,32.45,32.65,101552,59296,693
MANAPPURAM,05-AUG-2021,211.1,213.35,209.0,212.3,3530976,1168410,18375
MANGALAM,05-AUG-2021,177.2,178.1,164.45,171.7,272604,102483,7147
MANGCHEFER,05-AUG-2021,78.75,79.2,74.7,75.45,793762,512272,8078
MANGLMCEM,05-AUG-2021,524.0,529.95,492.6,499.25,187717,78887,10949
MANINDS,05-AUG-2021,140.0,140.9,133.5,135.45,547800,285162,6436
MANINFRA,05-AUG-2021,65.7,66.2,64.2,65.75,613244,354736,2827
MANUGRAPH,05-AUG-2021,14.1,14.4,13.15,13.5,16864,6393,172
MANXT50,05-AUG-2021,397.59,397.59,393.93,396.1,1007,831,41
MARALOVER,05-AUG-2021,87.9,88.75,80.35,88.75,432951,293527,6151
MARATHON,05-AUG-2021,83.45,84.6,77.45,84.6,103322,66676,1148
MARICO,05-AUG-2021,539.0,539.25,530.05,531.9,2170594,1476403,27034
MARINE,05-AUG-2021,47.4,47.75,44.95,46.3,768689,212032,4870
MARKSANS,05-AUG-2021,85.1,85.75,82.6,84.05,1736103,622917,9645
MARUTI,05-AUG-2021,7072.0,7079.95,7006.0,7027.55,495133,226912,57473
MASFIN,05-AUG-2021,800.0,810.2,795.0,797.15,17519,8934,2305
MASTEK,05-AUG-2021,2515.0,2529.95,2476.0,2497.9,95789,49076,9520
MATRIMONY,05-AUG-2021,1130.6,1137.0,1075.15,1094.9,72178,37278,8748
MAXHEALTH,05-AUG-2021,285.0,286.0,277.0,278.4,1194713,771557,27534
MAXIND,05-AUG-2021,71.85,72.4,71.5,71.65,105608,79593,623
MAXVIL,05-AUG-2021,94.9,95.15,89.25,91.1,415860,176033,4927
MAYURUNIQ,05-AUG-2021,529.0,529.0,501.0,524.0,251516,101081,12462
MAZDA,05-AUG-2021,574.35,574.35,537.25,542.3,12044,6644,1005
MAZDOCK,05-AUG-2021,249.7,253.55,245.5,246.85,657389,248090,10005
MBAPL,05-AUG-2021,139.5,142.95,135.0,140.1,7367,5812,112
MBLINFRA,05-AUG-2021,23.0,23.45,22.4,22.95,51091,36544,239
MCDHOLDING,05-AUG-2021,49.2,50.95,48.6,50.45,72044,51404,546
MCDOWELL-N,05-AUG-2021,647.0,649.7,636.0,646.6,846984,487021,20199
MCL,05-AUG-2021,43.95,43.95,41.5,42.15,105125,64109,858
MCLEODRUSS,05-AUG-2021,31.3,32.7,30.65,32.6,1273216,733103,3626
MCX,05-AUG-2021,1578.75,1624.0,1541.0,1611.65,368846,100719,29831
MENONBE,05-AUG-2021,85.7,85.7,79.8,81.2,87718,51080,2667
MEP,05-AUG-2021,22.45,24.8,21.8,23.7,556406,225211,1488
METROPOLIS,05-AUG-2021,3000.95,3049.0,2971.2,3007.95,191813,42430,17917
MFSL,05-AUG-2021,1110.9,1110.9,1073.6,1081.75,706422,406869,25474
MGEL,05-AUG-2021,56.5,56.5,53.05,54.0,14061,9473,128
MGL,05-AUG-2021,1179.95,1188.8,1166.0,1176.45,208065,79848,18862
MHRIL,05-AUG-2021,307.0,314.5,296.15,307.05,369559,85902,9556
MIDHANI,05-AUG-2021,191.0,191.9,188.25,189.0,239581,110213,4362
MINDACORP,05-AUG-2021,135.35,135.35,130.65,132.7,278203,114541,4053
MINDAIND,05-AUG-2021,767.4,767.4,731.0,735.05,396233,186439,18011
MINDTECK,05-AUG-2021,121.9,121.9,115.85,116.5,95464,56980,1715
MINDTREE,05-AUG-2021,2830.2,2919.4,2825.35,2834.55,748211,119025,44624
MIRZAINT,05-AUG-2021,62.5,62.7,58.35,61.0,1248292,517423,8962
MITTAL,05-AUG-2021,10.9,11.3,10.8,10.85,67809,57204,261
MMFL,05-AUG-2021,769.95,769.95,742.6,755.35,18587,7402,1718
MMP,05-AUG-2021,174.7,180.0,162.0,166.65,133725,61842,3206
MMTC,05-AUG-2021,48.4,48.75,46.0,46.95,3801445,657419,14546
MODISNME,05-AUG-2021,91.9,91.95,86.5,90.05,204284,81628,3776
MOGSEC,05-AUG-2021,48.37,48.45,48.27,48.4,1332,814,21
MOIL,05-AUG-2021,183.85,186.05,179.65,185.2,459175,129502,8350
MOKSH,05-AUG-2021,30.5,30.7,30.15,30.4,763000,396534,520
MOLDTKPAC,05-AUG-2021,515.0,524.95,505.65,522.95,52880,30658,2820
MOM100,05-AUG-2021,29.95,29.95,28.81,29.17,94339,66183,1597
MOM50,05-AUG-2021,158.75,162.24,158.75,161.94,1209,675,91
MON100,05-AUG-2021,111.4,111.4,110.35,110.53,336358,223196,4031
MONTECARLO,05-AUG-2021,361.9,362.0,347.35,349.45,64763,29477,5418
MORARJEE,05-AUG-2021,18.6,19.4,18.15,18.3,17672,13940,99
MOREPENLAB,05-AUG-2021,62.5,62.8,59.05,60.0,2241610,1260481,12595
MOTHERSUMI,05-AUG-2021,235.8,239.3,234.35,236.9,4091862,1391548,62733
MOTILALOFS,05-AUG-2021,892.0,898.8,857.15,880.6,1414071,223561,41157
MOTOGENFIN,05-AUG-2021,25.7,25.7,24.05,25.6,87111,71075,522
MPHASIS,05-AUG-2021,2687.9,2756.55,2642.5,2665.2,976311,228318,66341
MPSLTD,05-AUG-2021,704.05,710.1,683.0,686.55,28865,17006,2081
MRF,05-AUG-2021,80613.9,80722.3,79466.9,79663.25,8114,3420,4333
MRO-TEK,05-AUG-2021,31.85,31.85,28.0,30.0,11592,9891,57
MRPL,05-AUG-2021,43.5,43.55,42.05,42.35,1460401,575600,6484
MSPL,05-AUG-2021,11.55,12.2,11.4,11.4,240770,206417,307
MSTCLTD,05-AUG-2021,289.7,289.7,279.1,280.8,351804,172318,8936
MTARTECH,05-AUG-2021,1469.5,1475.3,1422.5,1430.25,143219,55172,9117
MTEDUCARE,05-AUG-2021,9.05,9.2,8.65,8.8,178202,113097,529
MTNL,05-AUG-2021,19.95,20.45,19.05,19.35,1967888,941473,4139
MUKTAARTS,05-AUG-2021,39.5,40.35,38.8,40.25,23839,16428,215
MUNJALAU,05-AUG-2021,69.85,69.85,64.6,66.25,574808,234709,6891
MUNJALSHOW,05-AUG-2021,151.0,151.1,147.4,148.7,116974,60958,2706
MURUDCERA,05-AUG-2021,31.9,31.9,29.75,30.5,187450,95722,1343
MUTHOOTCAP,05-AUG-2021,426.1,429.65,411.25,418.9,79695,36789,5514
MUTHOOTFIN,05-AUG-2021,1598.0,1600.0,1573.0,1584.15,585052,210141,24638
NACLIND,05-AUG-2021,78.8,80.0,74.7,77.65,360360,262494,2419
NAGREEKCAP,05-AUG-2021,8.45,8.45,8.1,8.1,608,608,4
NAGREEKEXP,05-AUG-2021,46.9,47.9,44.1,47.9,485093,298593,2023
NAHARCAP,05-AUG-2021,366.9,367.0,331.3,336.6,156430,74597,4706
NAHARPOLY,05-AUG-2021,293.9,293.9,279.3,279.3,37468,31663,1381
NAM-INDIA,05-AUG-2021,412.95,413.0,398.65,401.95,1407506,631333,18209
NATCOPHARM,05-AUG-2021,1020.0,1021.25,994.15,1001.35,341619,253775,8840
NATHBIOGEN,05-AUG-2021,382.0,382.0,366.2,371.35,22105,10651,1897
NATIONALUM,05-AUG-2021,93.85,97.0,91.3,96.6,42288286,8862932,75239
NAUKRI,05-AUG-2021,5390.0,5390.0,5301.0,5347.95,160162,50828,18443
NAVINFLUOR,05-AUG-2021,3630.0,3710.0,3590.0,3693.45,169831,31342,14424
NAVKARCORP,05-AUG-2021,48.0,51.85,44.65,51.0,5568550,1317706,27505
NAVNETEDUL,05-AUG-2021,102.9,102.95,99.35,100.2,317082,124338,12154
NAZARA,05-AUG-2021,1884.0,1884.0,1818.0,1828.85,108492,52604,8511
NBCC,05-AUG-2021,48.95,48.95,47.2,47.95,6105447,2172782,20121
NBIFIN,05-AUG-2021,2284.9,2284.9,2250.0,2258.1,8018,356,2888
NBVENTURES,05-AUG-2021,113.0,113.75,107.0,109.15,4550797,1978574,36419
NCC,05-AUG-2021,86.9,90.4,84.65,89.35,5367462,1655781,26673
NCLIND,05-AUG-2021,287.0,291.95,276.05,286.5,284048,137426,7009
NCPSESDL24,05-AUG-2021,106.0,106.0,105.7,105.7,145252,145153,25
NDL,05-AUG-2021,74.1,80.0,72.4,80.0,453474,342084,2142
NDTV,05-AUG-2021,72.5,74.75,71.45,73.7,95354,68234,723
NECCLTD,05-AUG-2021,18.6,18.6,17.3,17.35,227593,166867,622
NECLIFE,05-AUG-2021,31.8,32.65,30.0,31.65,1224081,586536,5316
NELCAST,05-AUG-2021,89.0,89.7,85.75,86.8,429001,160606,4673
NELCO,05-AUG-2021,378.0,378.8,365.0,371.35,92208,43651,3186
NEOGEN,05-AUG-2021,913.05,924.75,897.05,902.9,31001,13658,3060
NESCO,05-AUG-2021,604.1,628.0,600.35,617.75,77042,25833,5077
NESTLEIND,05-AUG-2021,18150.0,18284.1,18002.0,18208.75,37964,18807,11145
NETF,05-AUG-2021,199.58,199.58,193.6,194.31,1405,664,91
NETFCONSUM,05-AUG-2021,69.0,70.2,69.0,70.17,15049,10706,218
NETFDIVOPP,05-AUG-2021,43.37,43.65,41.0,41.66,4272,3391,112
NETFGILT5Y,05-AUG-2021,48.41,48.41,48.36,48.36,15,11,8
NETFIT,05-AUG-2021,32.4,32.4,31.5,31.82,472175,335692,2218
NETFLTGILT,05-AUG-2021,23.11,23.11,22.41,22.45,10342,8226,104
NETFMID150,05-AUG-2021,108.19,108.19,106.0,106.84,64271,39227,1244
NETFNIF100,05-AUG-2021,171.0,174.0,169.45,170.55,1108,816,70
NETFNV20,05-AUG-2021,92.79,92.79,90.42,91.3,5243,3553,96
NETFPHARMA,05-AUG-2021,14.75,14.75,14.5,14.66,238148,161471,505
NETFSDL26,05-AUG-2021,104.23,104.23,104.19,104.22,153,100,3
NETWORK18,05-AUG-2021,48.75,49.25,47.95,48.15,865875,384198,4064
NEXTMEDIA,05-AUG-2021,5.35,5.35,5.1,5.1,15184,13984,33
NFL,05-AUG-2021,61.9,61.9,60.3,60.95,514724,226084,3480
NH,05-AUG-2021,503.95,509.0,496.0,503.25,177955,58097,8127
NHPC,05-AUG-2021,26.15,26.35,25.95,26.2,3080199,1556293,8714
NIACL,05-AUG-2021,158.0,159.2,154.35,155.85,438299,149580,11855
NIBL,05-AUG-2021,19.2,19.3,18.15,19.15,5461,3721,52
NIFTYBEES,05-AUG-2021,177.4,177.4,172.55,175.13,1016990,511080,14650
NIITLTD,05-AUG-2021,305.95,323.9,298.1,319.1,1702053,429880,28469
NILAINFRA,05-AUG-2021,7.2,7.2,6.55,6.8,995449,506187,1292
NILKAMAL,05-AUG-2021,2935.0,2999.0,2879.95,2912.9,31269,7327,4938
NIPPOBATRY,05-AUG-2021,1050.0,1068.8,1015.3,1054.7,19076,8841,2244
NIRAJ,05-AUG-2021,48.5,49.85,47.35,47.6,14377,8176,188
NITCO,05-AUG-2021,25.9,25.95,24.5,24.7,54388,37697,333
NITIRAJ,05-AUG-2021,52.0,52.0,48.5,49.1,1362,490,68
NKIND,05-AUG-2021,26.2,28.3,26.2,26.6,88,76,11
NLCINDIA,05-AUG-2021,58.95,59.05,57.6,58.4,1191000,495150,6930
NMDC,05-AUG-2021,178.4,181.0,174.45,180.05,14268611,3520363,66622
NOCIL,05-AUG-2021,278.7,285.8,276.0,281.25,2448006,639091,27650
NOIDATOLL,05-AUG-2021,6.2,6.45,6.05,6.1,555638,447060,306
NORBTEAEXP,05-AUG-2021,6.6,6.9,6.6,6.6,3510,3510,20
NOVARTIND,05-AUG-2021,981.9,988.0,926.9,943.0,21976,9739,2291
NPBET,05-AUG-2021,185.2,186.48,184.12,186.29,234,120,29
NRAIL,05-AUG-2021,303.85,317.0,292.75,310.8,113677,50097,4156
NRBBEARING,05-AUG-2021,138.0,138.2,133.35,135.95,231217,99288,5045
NSIL,05-AUG-2021,1878.45,1884.8,1815.75,1876.05,1934,1461,252
NTL,05-AUG-2021,2.4,2.4,2.4,2.4,138716,134466,114
NTPC,05-AUG-2021,117.05,117.8,115.95,116.5,11045322,6021620,49984
NUCLEUS,05-AUG-2021,665.9,680.0,657.05,661.1,79765,28322,5675
NURECA,05-AUG-2021,1716.45,1790.0,1716.45,1729.05,72163,38444,3075
NXTDIGITAL,05-AUG-2021,471.5,475.9,465.0,469.35,2129,1442,148
OAL,05-AUG-2021,900.0,920.0,874.85,879.65,13964,7881,2077
OBEROIRLTY,05-AUG-2021,722.5,722.5,693.6,703.35,449536,183109,19129
OCCL,05-AUG-2021,1160.0,1168.05,1071.0,1083.75,68067,31333,8013
OFSS,05-AUG-2021,4319.0,4411.3,4255.0,4401.55,210048,84949,28902
OIL,05-AUG-2021,165.05,165.05,161.65,162.85,228132,126021,7563
OMAXE,05-AUG-2021,87.25,87.3,82.45,83.9,137416,84181,3532
OMINFRAL,05-AUG-2021,31.45,32.65,31.4,32.1,251374,108844,1423
OMKARCHEM,05-AUG-2021,21.6,21.6,21.35,21.6,157904,95288,282
ONELIFECAP,05-AUG-2021,14.75,14.75,14.75,14.75,10734,10734,29
ONGC,05-AUG-2021,116.2,117.25,114.7,116.85,11033147,5175426,50504
ONMOBILE,05-AUG-2021,141.3,141.35,136.0,137.95,449660,208791,6138
ONWARDTEC,05-AUG-2021,254.95,254.95,245.6,249.75,25936,14601,606
ORBTEXP,05-AUG-2021,84.0,85.55,81.1,82.55,36963,17607,1793
ORICONENT,05-AUG-2021,34.3,34.3,32.8,33.15,350772,226333,1004
ORIENTABRA,05-AUG-2021,34.1,34.1,32.6,32.95,196771,86626,1845
ORIENTALTL,05-AUG-2021,10.15,10.4,9.55,9.8,47307,25912,214
ORIENTBELL,05-AUG-2021,359.0,359.0,332.1,338.65,28954,18697,1166
ORIENTCEM,05-AUG-2021,172.0,172.5,164.15,169.1,1214909,682207,14583
ORIENTELEC,05-AUG-2021,326.4,326.4,316.2,321.45,473060,195899,15026
ORIENTHOT,05-AUG-2021,37.0,37.65,36.0,36.3,66615,35152,676
ORIENTLTD,05-AUG-2021,79.9,80.6,76.35,77.75,22727,14250,314
ORIENTPPR,05-AUG-2021,31.1,33.2,29.8,31.85,4165588,905596,11846
ORISSAMINE,05-AUG-2021,2975.0,2984.3,2895.0,2920.25,14055,8414,2242
ORTINLAB,05-AUG-2021,34.8,35.05,32.45,33.9,102723,41988,895
OSWALAGRO,05-AUG-2021,16.8,16.8,15.75,16.25,93051,76284,371
PAGEIND,05-AUG-2021,32880.0,32957.8,32426.6,32684.95,9084,3941,4734
PAISALO,05-AUG-2021,640.05,660.0,616.9,642.25,83506,32235,3229
PALASHSECU,05-AUG-2021,75.35,75.9,72.1,73.05,2167,1622,42
PALREDTEC,05-AUG-2021,112.0,112.9,107.0,107.55,25849,17470,617
PANACEABIO,05-AUG-2021,355.0,364.8,327.15,357.05,1232021,261280,29755
PANAMAPET,05-AUG-2021,301.0,309.8,283.05,285.35,1463381,412695,39543
PARAGMILK,05-AUG-2021,135.5,137.25,133.55,135.0,485937,167877,7252
PARSVNATH,05-AUG-2021,16.4,16.4,15.1,15.95,1012920,732013,1292
PATELENG,05-AUG-2021,14.95,15.4,13.8,15.05,5025028,2533070,7976
PATINTLOG,05-AUG-2021,24.85,25.0,23.8,24.15,71167,46693,407
PATSPINLTD,05-AUG-2021,12.45,12.45,12.45,12.45,5536,5536,25
PCJEWELLER,05-AUG-2021,24.45,24.45,22.7,23.3,2197107,1191745,5926
PDMJEPAPER,05-AUG-2021,41.5,47.5,39.35,45.4,3497643,696758,36291
PDSMFL,05-AUG-2021,1360.0,1469.0,1352.7,1412.8,56480,16822,8179
PEARLPOLY,05-AUG-2021,16.25,16.65,15.8,16.3,30246,27813,133
PEL,05-AUG-2021,2568.5,2615.0,2523.05,2598.8,1504784,380423,52521
PENIND,05-AUG-2021,37.9,37.9,33.55,35.45,2210663,1069245,8723
PERSISTENT,05-AUG-2021,3083.0,3179.95,3055.35,3085.0,457541,191646,32189
PETRONET,05-AUG-2021,216.0,217.8,212.75,217.35,3465543,1935302,30269
PFC,05-AUG-2021,130.55,132.95,128.45,131.75,6361298,1735027,30206
PFIZER,05-AUG-2021,5899.0,5942.0,5805.55,5876.5,23249,6118,3878
PFOCUS,05-AUG-2021,58.1,60.7,57.05,58.1,29528,18457,477
PFS,05-AUG-2021,20.0,22.0,19.3,20.7,4474455,1515583,7854
PGEL,05-AUG-2021,374.0,388.0,365.15,374.2,25141,13341,989
PGHH,05-AUG-2021,12720.0,12779.7,12624.8,12659.7,8298,6885,1616
PGHL,05-AUG-2021,5535.0,5563.0,5470.3,5523.85,13700,11783,1354
PGIL,05-AUG-2021,415.05,434.95,400.0,402.6,70603,30522,3610
PHILIPCARB,05-AUG-2021,262.0,262.05,253.1,254.7,1377258,501967,21830
PHOENIXLTD,05-AUG-2021,856.35,878.6,832.7,873.85,670063,532755,11956
PIDILITIND,05-AUG-2021,2277.0,2277.0,2237.0,2249.0,409726,263504,24540
PIIND,05-AUG-2021,3165.0,3237.65,3142.05,3229.1,686800,226274,69496
PILANIINVS,05-AUG-2021,1970.15,1970.15,1874.0,1892.1,10858,7113,1479
PILITA,05-AUG-2021,7.45,7.5,6.95,7.35,2206276,1006466,2560
PIONDIST,05-AUG-2021,127.6,128.1,125.35,127.3,8887,6003,114
PIONEEREMB,05-AUG-2021,66.0,68.4,65.05,66.5,294319,143618,4422
PITTIENG,05-AUG-2021,200.0,204.9,190.0,199.2,244922,158249,3994
PLASTIBLEN,05-AUG-2021,261.45,263.0,255.55,259.9,41562,24717,1239
PNB,05-AUG-2021,39.5,39.55,38.2,38.85,62226173,13284031,77539
PNBGILTS,05-AUG-2021,72.65,73.45,71.1,72.2,253393,147532,2027
PNC,05-AUG-2021,39.3,39.35,37.35,37.75,43067,31188,371
PNCINFRA,05-AUG-2021,311.7,313.6,301.2,304.95,377207,150230,8233
PODDARHOUS,05-AUG-2021,196.15,204.9,193.55,199.55,4221,2117,260
PODDARMENT,05-AUG-2021,365.1,373.35,356.0,357.65,48200,27353,3510
POKARNA,05-AUG-2021,448.0,459.0,426.0,453.8,151800,84991,5654
POLYCAB,05-AUG-2021,1826.0,1845.9,1800.0,1819.15,207130,76841,18064
POLYMED,05-AUG-2021,965.0,966.4,940.15,945.35,91593,56707,9720
POLYPLEX,05-AUG-2021,1550.0,1560.0,1510.0,1550.7,127047,41896,8703
POWERGRID,05-AUG-2021,175.25,175.75,173.25,175.2,4966037,3055264,50317
POWERINDIA,05-AUG-2021,1998.4,1998.4,1936.0,1953.45,17230,6558,2872
POWERMECH,05-AUG-2021,820.0,828.45,802.0,816.7,45366,16020,3556
PPAP,05-AUG-2021,290.65,293.25,266.85,277.25,167567,76626,6290
PPL,05-AUG-2021,176.0,177.05,171.55,172.8,199495,82916,4668
PRAKASH,05-AUG-2021,79.4,84.55,77.1,83.35,2650102,1567849,14395
PRAKASHSTL,05-AUG-2021,1.75,1.75,1.75,1.75,413080,413080,137
PRAXIS,05-AUG-2021,47.7,47.85,45.35,46.05,17798,13835,130
PRECAM,05-AUG-2021,100.3,100.4,92.0,97.25,397818,213781,6212
PRECOT,05-AUG-2021,304.0,304.0,281.0,285.8,40545,30175,541
PRECWIRE,05-AUG-2021,223.35,226.45,211.25,220.8,49051,22742,3077
PREMIER,05-AUG-2021,3.8,3.9,3.8,3.8,6265,6265,14
PREMIERPOL,05-AUG-2021,102.0,107.0,94.55,95.2,57059,30545,2496
PRESSMN,05-AUG-2021,36.9,36.9,33.5,34.5,143796,83714,1739
PRESTIGE,05-AUG-2021,369.45,371.05,356.0,358.1,793756,320805,15232
PRICOLLTD,05-AUG-2021,96.0,96.4,93.35,94.0,518885,229220,5959
PRIMESECU,05-AUG-2021,115.0,115.5,111.0,112.7,154540,107144,1150
PRINCEPIPE,05-AUG-2021,700.6,707.9,690.1,701.4,330434,92658,13445
PRIVISCL,05-AUG-2021,1716.0,1795.3,1625.0,1736.7,108222,27999,11056
PROZONINTU,05-AUG-2021,32.0,32.6,30.6,30.7,447172,340998,2465
PRSMJOHNSN,05-AUG-2021,139.8,141.5,136.3,139.8,921564,513096,14737
PSB,05-AUG-2021,18.95,18.95,17.6,18.4,954447,430935,3079
PSPPROJECT,05-AUG-2021,464.0,464.0,447.5,451.8,52318,23948,2150
PSUBNKBEES,05-AUG-2021,26.3,27.7,26.3,26.61,653064,429961,1582
PTC,05-AUG-2021,102.6,103.4,99.5,100.55,870808,435586,7566
PTL,05-AUG-2021,51.15,52.0,49.95,50.45,102745,63624,1206
PUNJABCHEM,05-AUG-2021,1427.6,1428.6,1375.0,1382.0,9551,6676,1369
PURVA,05-AUG-2021,110.0,110.25,104.6,106.65,578522,178754,6896
PVP,05-AUG-2021,7.05,7.05,7.05,7.05,79856,79856,83
PVR,05-AUG-2021,1371.0,1387.0,1336.6,1342.8,748859,190802,30100
QGOLDHALF,05-AUG-2021,2060.0,2070.0,2058.95,2066.1,77,57,42
QNIFTY,05-AUG-2021,1691.0,1697.0,1691.0,1697.0,16,14,6
QUESS,05-AUG-2021,895.0,920.0,839.6,854.7,777359,250550,38850
QUICKHEAL,05-AUG-2021,307.0,308.7,295.85,300.9,251131,79684,5916
RADICO,05-AUG-2021,885.0,894.9,872.85,889.05,275020,96739,11848
RADIOCITY,05-AUG-2021,25.1,25.1,24.5,24.8,588380,393929,874
RAILTEL,05-AUG-2021,135.45,136.45,134.0,135.1,521181,288682,6838
RAIN,05-AUG-2021,255.0,255.7,245.9,249.35,3027468,776075,27549
RAJESHEXPO,05-AUG-2021,609.0,612.35,607.5,608.95,141153,63209,3361
RAJSREESUG,05-AUG-2021,26.2,26.45,25.7,25.75,32437,25162,145
RALLIS,05-AUG-2021,315.7,316.55,311.0,312.65,298948,142496,8129
RAMANEWS,05-AUG-2021,23.0,24.15,21.5,22.7,616425,237960,2328
RAMCOCEM,05-AUG-2021,1073.9,1081.9,1061.25,1072.2,651731,123444,21685
RAMCOIND,05-AUG-2021,325.2,327.0,316.25,318.95,188982,84801,7462
RAMCOSYS,05-AUG-2021,518.0,527.85,515.0,516.65,148943,57780,5472
RANEENGINE,05-AUG-2021,339.25,341.6,329.9,336.05,5605,1952,885
RANEHOLDIN,05-AUG-2021,740.4,745.5,717.0,738.6,47456,25554,3273
RATNAMANI,05-AUG-2021,2109.0,2236.0,2066.45,2166.85,59793,29081,6529
RAYMOND,05-AUG-2021,446.0,446.4,434.0,436.35,330149,117501,8970
RBL,05-AUG-2021,1009.95,1016.0,986.3,1001.75,5941,3163,1046
RBLBANK,05-AUG-2021,180.25,182.95,175.25,182.0,19550244,7794577,139592
RCF,05-AUG-2021,82.3,82.45,80.05,80.85,2028227,724455,12169
RCOM,05-AUG-2021,3.1,3.2,2.95,3.05,29019240,13646605,20611
RECLTD,05-AUG-2021,155.2,157.5,152.45,155.1,6768369,1480139,31782
REDINGTON,05-AUG-2021,325.3,328.0,316.85,320.15,444427,312119,18336
REFEX,05-AUG-2021,142.15,143.45,138.2,139.65,86820,53334,2670
RELAXO,05-AUG-2021,1169.0,1172.0,1150.0,1155.15,95090,42341,9358
RELCAPITAL,05-AUG-2021,17.0,17.1,16.35,16.35,2109392,1458131,5798
RELIANCE,05-AUG-2021,2114.3,2154.8,2104.25,2134.25,9807831,4572290,249218
RELIGARE,05-AUG-2021,164.95,164.95,157.35,158.85,898298,312081,6906
REPCOHOME,05-AUG-2021,332.65,336.6,329.0,330.9,116739,73696,4282
REPL,05-AUG-2021,236.05,239.05,224.6,231.85,32505,23138,1483
REPRO,05-AUG-2021,361.7,361.7,346.8,352.95,11828,8587,536
RESPONIND,05-AUG-2021,133.5,133.5,127.3,128.9,10464,5643,565
REVATHI,05-AUG-2021,677.95,683.05,653.05,657.65,2857,1872,268
RGL,05-AUG-2021,687.0,688.05,656.25,667.85,39476,9059,1246
RHIM,05-AUG-2021,386.9,389.95,365.2,371.75,241943,111700,8069
RICOAUTO,05-AUG-2021,55.65,55.75,52.6,53.8,935140,346628,6052
RIIL,05-AUG-2021,690.8,705.7,671.1,692.15,155011,38654,6817
RITES,05-AUG-2021,269.8,270.9,263.3,265.25,326447,257423,10344
RKEC,05-AUG-2021,94.05,94.05,87.45,89.6,30146,21519,875
RKFORGE,05-AUG-2021,912.25,931.0,885.0,928.1,170557,51050,6617
RML,05-AUG-2021,433.9,434.5,414.0,417.2,79212,22839,5289
ROHLTD,05-AUG-2021,78.5,79.95,76.4,78.1,30733,18126,454
ROLLT,05-AUG-2021,3.0,3.0,2.85,2.85,523189,356857,536
ROML,05-AUG-2021,74.4,78.0,70.0,71.45,12709,7726,344
ROSSARI,05-AUG-2021,1391.6,1450.0,1355.3,1416.45,268573,104901,16403
ROSSELLIND,05-AUG-2021,182.9,188.8,175.0,186.95,414682,161670,9287
ROUTE,05-AUG-2021,2009.9,2027.0,1961.75,1970.55,371989,129213,31794
RPGLIFE,05-AUG-2021,509.3,509.3,493.7,501.25,51463,24497,2668
RPPINFRA,05-AUG-2021,88.0,89.8,86.2,87.9,434523,122973,8353
RPSGVENT,05-AUG-2021,710.0,717.9,661.0,681.0,118838,52709,7471
RSSOFTWARE,05-AUG-2021,35.15,35.85,33.9,33.95,48991,35192,494
RSWM,05-AUG-2021,414.7,414.7,384.95,398.65,147932,83294,3519
RSYSTEMS,05-AUG-2021,206.9,207.95,193.95,195.75,262028,125703,7415
RUBYMILLS,05-AUG-2021,312.05,317.3,297.0,302.25,42416,19279,3426
RUCHI,05-AUG-2021,1120.0,1120.0,1095.0,1096.35,13527,7513,1600
RUCHIRA,05-AUG-2021,91.7,97.9,90.5,94.45,335332,103220,5042
RUPA,05-AUG-2021,519.6,520.0,501.25,508.15,331041,192192,9329
RUSHIL,05-AUG-2021,309.0,318.8,296.75,306.2,91556,44172,2799
RVHL,05-AUG-2021,20.8,20.8,19.75,20.05,23292,17545,89
RVNL,05-AUG-2021,29.65,29.7,29.15,29.25,1637757,764901,7046
S&SPOWER,05-AUG-2021,21.35,21.95,20.55,21.9,533,381,16
SADBHAV,05-AUG-2021,68.35,68.35,65.0,67.05,544424,237787,4855
SADBHIN,05-AUG-2021,27.25,27.25,26.15,26.15,723786,516433,1545
SAFARI,05-AUG-2021,753.8,764.0,731.3,734.25,9043,4806,944
SAGCEM,05-AUG-2021,1549.0,1550.0,1483.25,1501.05,61802,36603,5755
SAIL,05-AUG-2021,138.75,143.85,133.7,143.05,85824933,14190988,222299
SAKAR,05-AUG-2021,192.0,193.6,184.1,185.7,88951,42384,5082
SAKSOFT,05-AUG-2021,655.0,684.7,655.0,663.7,41717,20556,3997
SALASAR,05-AUG-2021,332.95,348.45,314.75,342.15,248425,81793,8462
SALONA,05-AUG-2021,237.95,237.95,211.05,217.6,17755,8743,703
SALZERELEC,05-AUG-2021,175.0,175.2,168.05,170.75,99264,46733,3059
SANCO,05-AUG-2021,9.1,9.1,8.8,8.9,14320,10094,70
SANDESH,05-AUG-2021,899.9,899.9,875.45,880.15,6656,3511,520
SANDHAR,05-AUG-2021,294.9,294.9,281.25,289.05,100701,43436,5992
SANGAMIND,05-AUG-2021,156.95,156.95,145.5,156.95,222048,149594,2378
SANGHIIND,05-AUG-2021,74.0,78.15,70.35,77.3,2004813,871570,11650
SANGHVIMOV,05-AUG-2021,199.6,199.6,194.0,194.4,75517,37958,2357
SANGINITA,05-AUG-2021,29.35,30.15,27.85,30.15,324419,126305,1578
SANOFI,05-AUG-2021,8614.9,8871.0,8602.15,8807.7,59916,33995,14886
SARLAPOLY,05-AUG-2021,46.8,47.5,44.55,46.1,809036,354304,6023
SASKEN,05-AUG-2021,1295.0,1328.0,1280.25,1294.5,46183,14617,4973
SATIA,05-AUG-2021,101.3,104.8,97.45,102.6,1271432,267240,10383
SATIN,05-AUG-2021,86.4,86.4,83.15,83.85,108367,64374,1171
SBCL,05-AUG-2021,182.5,193.5,168.4,184.15,404566,191536,10070
SBICARD,05-AUG-2021,1038.8,1038.8,1015.85,1031.25,816327,546589,26632
SBIETFCON,05-AUG-2021,64.5,65.8,64.15,64.61,4628,3848,96
SBIETFIT,05-AUG-2021,317.99,320.0,316.1,317.97,4392,2354,169
SBIETFPB,05-AUG-2021,189.0,189.0,184.1,186.68,810,655,39
SBIETFQLTY,05-AUG-2021,144.11,144.55,142.78,143.11,6940,6125,85
SBILIFE,05-AUG-2021,1170.2,1175.7,1125.0,1134.75,6687775,2959391,136770
SBIN,05-AUG-2021,461.0,462.5,438.4,441.85,58595639,16063331,468281
SCAPDVR,05-AUG-2021,2.9,2.9,2.9,2.9,167274,167254,85
SCHAEFFLER,05-AUG-2021,6869.95,6999.9,6781.0,6802.15,5665,3969,1589
SCHAND,05-AUG-2021,137.8,137.8,130.0,132.15,89540,49875,1695
SCHNEIDER,05-AUG-2021,133.0,133.5,127.8,128.6,1108996,488846,8402
SCI,05-AUG-2021,111.75,112.4,110.05,110.55,4299329,877546,25113
SDBL,05-AUG-2021,48.2,48.7,45.8,46.75,243400,164835,1471
SEAMECLTD,05-AUG-2021,672.7,688.3,666.0,672.5,50471,32698,2346
SECURKLOUD,05-AUG-2021,105.0,107.45,98.2,101.3,112818,55900,2150
SELAN,05-AUG-2021,154.0,165.1,148.0,156.9,520506,95830,11329
SEPOWER,05-AUG-2021,10.1,10.1,9.2,9.2,100182,84596,229
SEQUENT,05-AUG-2021,286.0,287.95,279.0,283.9,597289,209213,9035
SESHAPAPER,05-AUG-2021,202.0,212.4,192.4,205.0,447519,83730,18488
SETCO,05-AUG-2021,20.55,21.55,19.55,20.1,378945,222283,1008
SETF10GILT,05-AUG-2021,205.96,205.96,203.0,205.52,274,261,11
SETFGOLD,05-AUG-2021,4272.05,4273.95,4259.9,4261.25,3012,1807,586
SETFNIF50,05-AUG-2021,169.82,169.82,164.83,165.73,115168,90461,1421
SETFNIFBK,05-AUG-2021,358.0,361.0,356.0,357.7,29402,11972,693
SETFNN50,05-AUG-2021,414.99,416.5,408.05,410.88,9711,4941,413
SEYAIND,05-AUG-2021,69.45,69.45,65.45,67.55,37765,24763,848
SFL,05-AUG-2021,2399.6,2414.35,2332.0,2354.3,4882,2883,1156
SGIL,05-AUG-2021,175.35,180.0,169.85,178.75,12012,8422,347
SGL,05-AUG-2021,14.85,14.85,14.05,14.2,45780,28797,164
SHAKTIPUMP,05-AUG-2021,756.85,757.6,721.1,740.3,135244,88794,6216
SHALBY,05-AUG-2021,203.45,203.85,198.0,198.3,263044,123938,4313
SHALPAINTS,05-AUG-2021,109.8,110.0,105.65,108.25,215820,82536,3725
SHANKARA,05-AUG-2021,618.75,626.95,593.0,597.95,269169,73309,15516
SHANTIGEAR,05-AUG-2021,195.0,198.35,183.7,184.55,328041,121133,10126
SHARDACROP,05-AUG-2021,335.7,336.95,320.4,327.65,189615,84730,6402
SHAREINDIA,05-AUG-2021,563.0,563.0,545.15,552.55,82874,49094,4279
SHARIABEES,05-AUG-2021,423.0,423.0,414.0,416.13,550,413,47
SHEMAROO,05-AUG-2021,133.9,133.9,126.05,127.55,78097,48388,1224
SHILPAMED,05-AUG-2021,628.4,634.15,610.0,616.65,238705,86930,6952
SHIVAMAUTO,05-AUG-2021,25.5,26.0,24.85,25.15,78028,52724,406
SHIVAMILLS,05-AUG-2021,112.5,112.5,103.55,104.1,23478,17271,357
SHIVATEX,05-AUG-2021,217.0,217.1,206.35,210.5,26476,12385,2487
SHK,05-AUG-2021,175.85,175.85,171.5,173.2,237584,118414,4085
SHOPERSTOP,05-AUG-2021,255.0,260.0,250.0,254.65,187034,48522,4113
SHRADHA,05-AUG-2021,50.45,55.55,50.45,53.8,2277,891,103
SHREDIGCEM,05-AUG-2021,92.2,92.5,88.95,89.95,535930,275771,5401
SHREECEM,05-AUG-2021,29280.0,29429.8,28869.95,28966.65,28919,9042,11849
SHREEPUSHK,05-AUG-2021,175.9,175.9,168.2,171.6,72989,44052,2185
SHREERAMA,05-AUG-2021,14.0,14.6,13.4,14.3,131303,87831,427
SHRENIK,05-AUG-2021,1.75,1.75,1.75,1.75,714559,714559,920
SHREYANIND,05-AUG-2021,133.4,144.25,130.5,142.85,447188,140739,5936
SHREYAS,05-AUG-2021,218.0,221.9,210.45,212.4,136647,75542,1731
SHRIRAMCIT,05-AUG-2021,1814.0,1863.2,1785.05,1853.7,53951,21715,11321
SHRIRAMEPC,05-AUG-2021,6.05,6.05,5.55,5.55,3923138,2661731,1795
SHYAMCENT,05-AUG-2021,13.0,14.3,13.0,14.3,1307206,808457,1617
SHYAMMETL,05-AUG-2021,426.0,428.0,413.5,423.6,1356995,370044,23126
SICAL,05-AUG-2021,13.6,13.6,12.9,12.9,485120,262895,850
SIEMENS,05-AUG-2021,2060.0,2068.95,2040.0,2061.6,338603,129447,19034
SIGIND,05-AUG-2021,56.8,56.8,53.5,53.85,40296,24486,948
SILGO,05-AUG-2021,38.3,38.3,36.5,36.9,13312,8535,178
SILLYMONKS,05-AUG-2021,20.3,20.85,19.4,19.55,3839,2705,62
SIMPLEXINF,05-AUG-2021,42.1,43.35,40.0,40.5,142793,75916,1035
SINTERCOM,05-AUG-2021,94.9,94.9,87.05,88.35,47111,31162,1018
SINTEX,05-AUG-2021,4.55,4.55,4.3,4.3,1094474,893981,1242
SIRCA,05-AUG-2021,334.0,334.0,325.0,332.95,26362,14870,898
SIS,05-AUG-2021,490.4,490.4,467.65,472.9,350158,170740,11453
SITINET,05-AUG-2021,1.9,1.9,1.8,1.8,5885954,3798931,1459
SIYSIL,05-AUG-2021,422.85,423.3,405.15,410.15,68481,38328,4361
SJVN,05-AUG-2021,27.4,27.45,27.0,27.2,1421901,838392,8487
SKFINDIA,05-AUG-2021,2824.0,2870.05,2810.0,2841.1,12562,5735,4171
SKIL,05-AUG-2021,4.3,4.3,4.3,4.3,84929,80629,73
SKIPPER,05-AUG-2021,88.5,88.6,83.5,84.3,492689,213391,6191
SKMEGGPROD,05-AUG-2021,90.45,90.45,87.25,87.65,114583,51459,2216
SMARTLINK,05-AUG-2021,115.85,117.35,112.3,114.55,35506,14025,1397
SMCGLOBAL,05-AUG-2021,90.45,90.9,86.6,87.25,525966,240064,5461
SMLISUZU,05-AUG-2021,604.7,604.7,580.5,587.8,53588,16085,4202
SMSLIFE,05-AUG-2021,737.6,741.85,703.85,720.05,9020,4168,737
SMSPHARMA,05-AUG-2021,193.0,198.8,186.4,196.75,382896,187812,7587
SNOWMAN,05-AUG-2021,48.65,48.75,46.4,47.6,1869488,597845,9550
SOBHA,05-AUG-2021,626.95,632.25,600.0,630.35,240615,100545,8797
SOLARA,05-AUG-2021,1748.0,1789.5,1730.0,1758.45,324702,117620,24773
SOLARINDS,05-AUG-2021,1790.0,1796.0,1745.0,1777.25,46098,23664,6427
SOMATEX,05-AUG-2021,7.5,7.95,7.35,7.4,13903,13004,49
SOMICONVEY,05-AUG-2021,56.3,56.35,53.4,53.45,18215,11035,349
SONACOMS,05-AUG-2021,424.9,425.0,408.0,409.5,1476251,856747,69714
SONATSOFTW,05-AUG-2021,841.25,884.4,801.9,813.75,3385736,576414,118275
SORILINFRA,05-AUG-2021,122.85,127.8,117.65,127.55,108190,75880,1362
SOTL,05-AUG-2021,1670.7,1679.8,1607.55,1639.2,38085,16729,4635
SOUTHBANK,05-AUG-2021,10.4,10.45,9.85,10.15,15642561,5480707,36127
SOUTHWEST,05-AUG-2021,89.8,91.5,87.0,91.5,457350,278138,3224
SPAL,05-AUG-2021,336.0,337.1,324.0,324.8,70026,39970,3316
SPANDANA,05-AUG-2021,636.0,640.0,611.0,614.6,93051,56360,6223
SPARC,05-AUG-2021,275.2,294.45,269.3,288.75,5656308,1090015,62231
SPECIALITY,05-AUG-2021,73.9,73.9,71.25,72.1,94949,61388,1441
SPENCERS,05-AUG-2021,102.3,103.0,97.0,99.85,1034606,350630,10007
SPIC,05-AUG-2021,63.3,64.8,60.5,61.75,774635,412343,5854
SPICEJET,05-AUG-2021,73.05,73.6,70.3,70.8,4449552,1571735,25137
SPLIL,05-AUG-2021,60.45,65.0,57.45,61.8,619534,226940,9065
SPMLINFRA,05-AUG-2021,13.35,13.55,13.0,13.55,375840,316036,654
SPTL,05-AUG-2021,4.7,4.8,4.7,4.7,3328504,1941098,1895
SREEL,05-AUG-2021,172.95,173.65,167.0,170.3,22033,10886,1262
SRF,05-AUG-2021,9040.0,9040.0,8891.1,8987.0,165496,53478,27614
SRHHYPOLTD,05-AUG-2021,326.0,328.9,323.65,325.85,10670,5833,670
SRIPIPES,05-AUG-2021,240.9,242.0,228.25,230.1,235368,97529,6588
SRTRANSFIN,05-AUG-2021,1322.2,1337.75,1310.2,1331.95,1488786,685587,59434
SSWL,05-AUG-2021,1695.0,1724.8,1629.0,1689.2,68114,31571,6144
STAR,05-AUG-2021,782.0,791.95,766.5,781.7,469147,106035,16901
STARCEMENT,05-AUG-2021,109.4,110.4,107.55,108.35,191964,95760,3341
STARPAPER,05-AUG-2021,160.15,174.45,155.1,168.35,1488204,266803,26023
STCINDIA,05-AUG-2021,113.2,113.2,109.5,110.75,64357,27659,2563
STEELCITY,05-AUG-2021,70.5,74.95,66.2,73.0,149722,76110,2586
STEELXIND,05-AUG-2021,80.45,82.4,76.2,81.35,1074888,600580,5650
STEL,05-AUG-2021,110.9,111.25,106.0,108.4,31926,11820,511
STERTOOLS,05-AUG-2021,235.95,237.9,220.0,226.4,118001,50522,4182
STLTECH,05-AUG-2021,300.45,300.9,290.7,294.6,335243,138990,6753
STOVEKRAFT,05-AUG-2021,793.85,823.0,768.1,807.3,375304,84036,14964
STYLAMIND,05-AUG-2021,1336.0,1419.9,1295.0,1381.4,48894,30566,2459
SUBEXLTD,05-AUG-2021,58.45,60.0,55.65,58.5,11208173,3153931,40826
SUBROS,05-AUG-2021,338.5,338.9,318.0,323.85,172300,66283,7832
SUDARSCHEM,05-AUG-2021,766.8,772.95,750.15,756.3,144151,62629,7187
SUMICHEM,05-AUG-2021,452.0,459.9,426.85,429.9,2109599,471015,45764
SUMMITSEC,05-AUG-2021,774.8,788.2,736.25,758.05,15841,7652,1918
SUNCLAYLTD,05-AUG-2021,3715.0,3715.0,3636.95,3678.95,5878,3039,1744
SUNDARMFIN,05-AUG-2021,2585.0,2698.45,2570.0,2634.3,204126,117876,10416
SUNDARMHLD,05-AUG-2021,85.5,88.9,81.7,85.75,793250,206268,9951
SUNDRMBRAK,05-AUG-2021,462.65,463.0,440.1,444.45,8784,4592,597
SUNDRMFAST,05-AUG-2021,805.0,805.15,785.1,801.2,170756,137394,5946
SUNFLAG,05-AUG-2021,89.2,92.7,85.2,90.95,1738425,544034,11755
SUNPHARMA,05-AUG-2021,785.5,794.4,783.3,786.15,5026619,2065230,96727
SUNTECK,05-AUG-2021,398.0,405.15,387.55,401.7,830540,143868,26401
SUNTV,05-AUG-2021,557.5,557.8,547.6,550.45,1171387,478222,14917
SUPERHOUSE,05-AUG-2021,168.0,168.0,163.05,164.3,24337,13331,1634
SUPRAJIT,05-AUG-2021,331.9,336.45,325.6,332.7,174214,61437,6678
SUPREMEENG,05-AUG-2021,32.95,33.0,30.95,32.0,8677,7379,86
SUPREMEIND,05-AUG-2021,2090.0,2196.0,2054.9,2161.2,253721,116948,16646
SURANASOL,05-AUG-2021,13.5,13.85,12.9,13.05,64848,44702,278
SURANAT&P,05-AUG-2021,6.65,6.9,6.5,6.65,98675,45832,335
SURYAROSNI,05-AUG-2021,592.3,593.9,563.6,568.65,264681,112884,8962
SURYODAY,05-AUG-2021,201.5,201.5,189.0,190.75,359360,218660,11379
SUTLEJTEX,05-AUG-2021,70.8,70.8,67.5,68.6,359040,170805,3196
SUULD,05-AUG-2021,481.5,498.3,478.85,494.25,18079,10722,616
SUVEN,05-AUG-2021,88.15,88.55,84.75,87.75,498017,138423,6065
SUVENPHAR,05-AUG-2021,536.75,566.0,517.85,558.6,511111,186952,22471
SUVIDHAA,05-AUG-2021,23.0,23.65,22.15,22.8,35077,25842,230
SUZLON,05-AUG-2021,6.85,7.05,6.45,6.95,72262679,26116939,40428
SVPGLOB,05-AUG-2021,118.1,118.9,112.45,117.0,74768,52601,987
SWANENERGY,05-AUG-2021,131.95,134.55,128.25,132.3,362342,74259,6082
SWARAJENG,05-AUG-2021,1790.0,1804.45,1748.85,1772.15,19831,9523,2889
SWELECTES,05-AUG-2021,249.85,250.0,237.95,245.75,16152,9175,863
SWSOLAR,05-AUG-2021,292.0,293.35,279.05,284.95,1480000,546908,22437
SYMPHONY,05-AUG-2021,925.9,938.55,910.2,933.6,88884,33787,7051
SYNGENE,05-AUG-2021,621.8,622.5,612.05,616.5,180951,103000,7748
TAJGVK,05-AUG-2021,130.5,130.5,127.7,128.4,118869,63777,2994
TAKE,05-AUG-2021,60.95,61.0,59.05,60.1,847045,291554,5306
TALBROAUTO,05-AUG-2021,326.9,330.6,314.6,327.2,77111,33802,3081
TARAPUR,05-AUG-2021,6.5,6.5,5.9,5.9,62251,54035,92
TARMAT,05-AUG-2021,78.0,78.55,73.8,76.45,99009,50102,1380
TASTYBITE,05-AUG-2021,17800.05,18500.0,17502.65,18098.55,7300,4564,1934
TATACHEM,05-AUG-2021,767.55,775.0,754.0,769.3,1462902,262532,29605
TATACOFFEE,05-AUG-2021,213.0,213.0,207.65,209.1,2215193,492295,20330
TATACOMM,05-AUG-2021,1480.0,1510.45,1455.25,1497.25,481773,232339,24098
TATACONSUM,05-AUG-2021,761.0,770.7,757.3,768.35,2469893,1429845,50748
TATAELXSI,05-AUG-2021,4273.2,4288.95,4190.0,4264.55,96510,46504,13925
TATAINVEST,05-AUG-2021,1163.0,1163.0,1135.0,1148.1,29319,13618,2555
TATAMETALI,05-AUG-2021,1296.7,1298.0,1245.0,1252.6,226728,95798,11702
TATAMOTORS,05-AUG-2021,295.5,300.9,292.75,299.7,20704901,4391850,205321
TATAMTRDVR,05-AUG-2021,140.9,141.45,138.75,140.3,1334785,760536,12183
TATAPOWER,05-AUG-2021,132.15,135.4,129.6,134.55,39952286,11733048,126263
TATASTEEL,05-AUG-2021,1415.3,1450.0,1387.5,1446.6,16221799,4934109,274552
TATASTLBSL,05-AUG-2021,99.9,100.95,97.15,98.6,17824537,7599740,77853
TATVA,05-AUG-2021,2212.25,2215.0,2120.1,2131.65,303604,115336,24754
TBZ,05-AUG-2021,83.9,84.65,78.35,81.0,753115,285245,8223
TCI,05-AUG-2021,454.95,455.0,434.4,449.4,60224,34229,2705
TCIDEVELOP,05-AUG-2021,355.85,370.0,341.65,345.9,8948,5261,324
TCIEXP,05-AUG-2021,1473.25,1483.7,1433.75,1452.05,29489,12121,3640
TCIFINANCE,05-AUG-2021,5.35,5.6,5.35,5.6,900,500,4
TCNSBRANDS,05-AUG-2021,598.0,607.75,581.1,586.55,28410,5854,2360
TCPLPACK,05-AUG-2021,552.7,564.95,544.9,551.85,15038,5564,1166
TCS,05-AUG-2021,3275.0,3315.0,3262.5,3283.95,2534521,1358151,101103
TDPOWERSYS,05-AUG-2021,195.7,199.95,189.65,197.95,69529,38118,1663
TEAMLEASE,05-AUG-2021,3993.45,4098.15,3905.1,3972.05,14855,4879,3617
TECHIN,05-AUG-2021,5.15,5.45,5.15,5.35,6512,3008,33
TECHM,05-AUG-2021,1217.05,1254.0,1217.0,1248.2,5790873,2775415,150663
TECHNOE,05-AUG-2021,308.0,310.35,299.25,302.45,166908,89441,7077
TEMBO,05-AUG-2021,211.05,215.0,201.35,213.15,35731,23768,938
TEXINFRA,05-AUG-2021,64.05,64.05,62.5,62.9,15716,9161,238
TEXMOPIPES,05-AUG-2021,52.8,52.8,50.55,51.25,99899,64350,1130
TEXRAIL,05-AUG-2021,36.9,37.35,35.55,36.15,866560,464776,3853
TFCILTD,05-AUG-2021,74.9,74.9,71.6,72.25,191736,97376,2428
TFL,05-AUG-2021,5.35,5.5,5.1,5.5,3114,2410,20
TGBHOTELS,05-AUG-2021,8.15,8.4,7.9,8.15,102629,89349,110
THANGAMAYL,05-AUG-2021,968.0,968.0,885.05,898.7,32457,15997,2749
THEINVEST,05-AUG-2021,116.3,116.3,113.0,113.6,20846,9534,712
THEMISMED,05-AUG-2021,931.95,931.95,880.0,924.55,16613,10683,941
THERMAX,05-AUG-2021,1395.0,1404.8,1375.1,1386.15,22806,9922,2652
THOMASCOOK,05-AUG-2021,60.0,62.45,58.8,62.05,708479,451781,3563
THYROCARE,05-AUG-2021,1350.0,1364.9,1344.15,1350.45,325726,160999,16550
TIIL,05-AUG-2021,698.95,698.95,651.8,689.7,50812,22076,3210
TIINDIA,05-AUG-2021,1180.0,1211.95,1134.0,1197.5,179372,105308,12543
TIL,05-AUG-2021,186.0,186.0,178.0,179.1,13261,3403,872
TIMESGTY,05-AUG-2021,51.55,53.35,49.55,51.05,9970,4492,358
TIMETECHNO,05-AUG-2021,85.0,89.45,85.0,88.45,5044539,1416160,37844
TIMKEN,05-AUG-2021,1490.0,1525.0,1490.0,1506.45,17188,6227,2107
TINPLATE,05-AUG-2021,256.8,258.15,250.3,252.25,708831,210089,16924
TIRUMALCHM,05-AUG-2021,205.3,205.7,195.0,199.5,1086538,373465,13242
TITAN,05-AUG-2021,1820.05,1821.2,1763.2,1799.3,2301814,411725,97229
TMRVL,05-AUG-2021,18.25,18.95,17.85,17.9,88127,63412,472
TNPETRO,05-AUG-2021,140.5,143.7,132.8,142.1,808953,349969,9219
TNPL,05-AUG-2021,149.9,160.5,142.75,153.2,1438461,299977,20391
TOKYOPLAST,05-AUG-2021,108.95,120.9,107.65,114.5,363014,98194,7901
TORNTPHARM,05-AUG-2021,3082.95,3086.5,3047.9,3056.7,58410,26951,6916
TORNTPOWER,05-AUG-2021,475.0,475.4,464.05,473.2,538755,123853,14616
TOTAL,05-AUG-2021,61.45,61.45,56.65,57.65,38916,28979,463
TOUCHWOOD,05-AUG-2021,134.95,134.95,122.15,134.95,235291,128467,1236
TPLPLASTEH,05-AUG-2021,333.0,338.45,325.85,329.6,23957,15834,873
TREJHARA,05-AUG-2021,64.4,68.05,62.5,67.3,68547,35974,1669
TRENT,05-AUG-2021,930.6,939.9,898.0,915.5,1041009,491095,40009
TRIDENT,05-AUG-2021,22.6,22.65,21.05,21.05,32776559,17810367,41828
TRIGYN,05-AUG-2021,150.6,152.4,145.0,146.1,133738,83046,2217
TRIL,05-AUG-2021,33.8,33.8,32.0,32.7,325300,179348,2032
TRITURBINE,05-AUG-2021,121.1,129.0,120.5,121.15,200861,53436,4352
TRIVENI,05-AUG-2021,180.0,180.9,175.0,178.8,590860,252198,9109
TTKHLTCARE,05-AUG-2021,739.7,775.25,720.05,728.45,90391,22388,10181
TTKPRESTIG,05-AUG-2021,8601.0,8667.95,8576.0,8639.8,12382,6849,3645
TTL,05-AUG-2021,73.05,73.05,71.0,71.3,188406,97540,2221
TV18BRDCST,05-AUG-2021,37.55,37.9,36.4,36.75,4440773,1867327,9425
TVSELECT,05-AUG-2021,187.0,187.0,174.9,184.5,117650,64089,2122
TVSMOTOR,05-AUG-2021,572.2,572.25,564.0,567.55,489849,115192,12939
TVSSRICHAK,05-AUG-2021,2179.35,2324.5,2163.4,2258.05,40605,15698,6825
TVTODAY,05-AUG-2021,292.4,293.55,285.05,287.45,58452,34605,2329
TVVISION,05-AUG-2021,2.5,2.5,2.5,2.5,39090,39090,19
TWL,05-AUG-2021,88.05,89.9,83.55,86.25,1758860,514116,14172
UBL,05-AUG-2021,1456.9,1456.9,1414.05,1434.3,213009,30462,13867
UCALFUEL,05-AUG-2021,155.05,156.35,150.1,151.55,48547,27712,1544
UCOBANK,05-AUG-2021,13.4,13.4,13.0,13.2,3795889,1468328,14540
UFLEX,05-AUG-2021,570.4,575.9,560.0,570.7,539348,200795,9329
UFO,05-AUG-2021,104.05,104.45,99.15,100.65,592669,347541,10217
UGARSUGAR,05-AUG-2021,29.6,30.15,29.35,29.35,492785,308363,1050
UJAAS,05-AUG-2021,2.8,2.85,2.75,2.8,960488,638573,1002
UJJIVAN,05-AUG-2021,230.3,230.9,217.55,218.25,486977,292231,9109
UJJIVANSFB,05-AUG-2021,28.0,28.05,27.3,27.45,2542140,1550007,6446
ULTRACEMCO,05-AUG-2021,7750.0,7829.85,7645.0,7659.0,173662,73874,25916
UMANGDAIRY,05-AUG-2021,91.95,92.7,86.3,87.65,106339,46266,2908
UMESLTD,05-AUG-2021,4.6,4.8,4.4,4.4,37251,34852,79
UNICHEMLAB,05-AUG-2021,306.05,306.05,294.0,294.95,84495,52628,2788
UNIDT,05-AUG-2021,367.7,372.4,351.6,368.05,83413,46660,2503
UNIENTER,05-AUG-2021,134.0,134.0,126.6,129.65,26629,12886,1503
UNIONBANK,05-AUG-2021,36.8,36.8,35.85,36.1,7791746,2773051,11925
UNITEDTEA,05-AUG-2021,413.95,413.95,396.0,400.15,6376,2681,476
UNIVASTU,05-AUG-2021,53.6,53.6,49.1,50.0,13326,6788,194
UNIVCABLES,05-AUG-2021,183.85,184.95,179.75,182.45,21464,9456,888
UNIVPHOTO,05-AUG-2021,294.9,297.85,294.0,294.0,5078,4229,103
UPL,05-AUG-2021,790.0,790.0,772.0,777.25,2264430,929210,45963
URJA,05-AUG-2021,7.15,7.25,6.65,6.75,4382463,2085286,7487
USHAMART,05-AUG-2021,67.0,67.3,64.35,66.8,1235576,583986,5530
UTIAMC,05-AUG-2021,1055.95,1055.95,1013.35,1017.35,243720,162049,12912
UTIBANKETF,05-AUG-2021,36.0,36.09,35.6,35.71,4394,3490,108
UTINEXT50,05-AUG-2021,41.75,41.75,40.55,40.92,17385,10929,201
UTINIFTETF,05-AUG-2021,1694.0,1716.35,1694.0,1716.31,2502,2417,74
UTISENSETF,05-AUG-2021,570.99,571.1,565.73,570.35,515,381,68
UTISXN50,05-AUG-2021,45.8,46.19,45.65,45.73,454,435,29
V2RETAIL,05-AUG-2021,124.0,124.0,118.5,119.6,44015,30746,954
VADILALIND,05-AUG-2021,1138.0,1174.8,1105.0,1156.65,97351,46957,7160
VAIBHAVGBL,05-AUG-2021,790.0,798.0,782.7,786.05,110009,55549,8415
VAISHALI,05-AUG-2021,37.65,38.4,34.75,37.3,133228,72527,1270
VAKRANGEE,05-AUG-2021,34.0,34.5,31.25,32.55,4573889,3166023,17566
VALIANTORG,05-AUG-2021,1353.15,1354.45,1305.0,1319.55,65123,30128,5785
VARDHACRLC,05-AUG-2021,82.75,82.75,73.8,77.9,1983511,712025,18801
VARROC,05-AUG-2021,332.0,339.0,328.0,336.6,112777,57925,7489
VASCONEQ,05-AUG-2021,22.4,22.5,21.7,22.25,430668,319940,1040
VASWANI,05-AUG-2021,13.75,13.8,13.2,13.35,30778,18412,126
VBL,05-AUG-2021,792.75,798.95,776.0,780.0,668270,532103,13266
VEDL,05-AUG-2021,310.9,315.5,303.1,311.85,14555093,5020339,124849
VENKEYS,05-AUG-2021,3259.0,3270.0,3107.0,3129.5,79399,33803,8966
VENUSREM,05-AUG-2021,529.0,529.0,491.0,505.35,190701,92789,5011
VERTOZ,05-AUG-2021,138.0,156.0,132.0,151.75,842706,265054,11278
VESUVIUS,05-AUG-2021,1284.7,1284.7,1220.45,1236.0,20599,8374,2683
VETO,05-AUG-2021,129.0,131.45,126.4,130.0,84704,27699,3114
VGUARD,05-AUG-2021,248.0,250.35,246.45,249.6,745659,554429,7166
VHL,05-AUG-2021,3424.95,3450.25,3331.15,3359.4,968,536,287
VIDHIING,05-AUG-2021,342.8,345.0,316.0,330.0,386831,112322,8987
VIKASECO,05-AUG-2021,2.4,2.45,2.3,2.4,11045260,6685259,7997
VIKASPROP,05-AUG-2021,2.45,2.5,2.35,2.4,1179845,773513,3132
VIKASWSP,05-AUG-2021,5.55,5.55,5.25,5.4,495028,320763,395
VIMTALABS,05-AUG-2021,315.0,315.0,305.0,307.0,64475,40460,2272
VINATIORGA,05-AUG-2021,1960.7,1994.8,1935.0,1950.55,49324,15094,4687
VINDHYATEL,05-AUG-2021,1362.0,1380.35,1303.65,1361.5,27052,9975,3965
VINEETLAB,05-AUG-2021,110.45,112.3,104.05,105.4,47806,29700,820
VINYLINDIA,05-AUG-2021,158.4,164.1,153.05,162.2,147535,58075,3404
VIPIND,05-AUG-2021,412.45,412.45,401.0,405.0,224283,92090,6522
VIPULLTD,05-AUG-2021,37.35,38.45,36.05,36.35,73160,48486,423
VISAKAIND,05-AUG-2021,817.0,831.05,807.0,818.8,50728,23743,3870
VISASTEEL,05-AUG-2021,12.65,13.05,12.65,12.65,61188,60028,165
VISHAL,05-AUG-2021,129.8,132.7,126.95,127.7,1736605,602246,6540
VISHNU,05-AUG-2021,633.0,633.0,600.0,618.2,25571,17845,1119
VISHWARAJ,05-AUG-2021,147.7,147.95,142.9,146.9,114667,41287,1530
VIVIDHA,05-AUG-2021,0.8,0.85,0.8,0.8,3815802,3108916,1750
VIVIMEDLAB,05-AUG-2021,22.5,22.9,21.5,21.85,260339,181556,1355
VLSFINANCE,05-AUG-2021,223.0,224.95,206.3,215.55,179639,99656,4892
VMART,05-AUG-2021,3926.8,3926.8,3712.0,3721.5,21248,10455,7972
VOLTAMP,05-AUG-2021,1638.8,1647.0,1563.25,1581.8,14019,7127,2529
VOLTAS,05-AUG-2021,1038.0,1049.0,1025.2,1045.3,856289,361797,24236
VRLLOG,05-AUG-2021,298.3,302.0,295.0,299.3,247688,148189,8108
VSSL,05-AUG-2021,271.25,289.0,263.7,283.3,2830988,852435,53025
VSTIND,05-AUG-2021,3369.5,3380.1,3325.05,3364.45,5567,2406,1622
VSTTILLERS,05-AUG-2021,1988.0,1996.0,1962.95,1987.6,10787,4344,2119
VTL,05-AUG-2021,1964.95,1964.95,1886.05,1941.1,190940,80291,16013
WABAG,05-AUG-2021,374.0,377.0,360.05,369.05,453456,189196,12109
WABCOINDIA,05-AUG-2021,7580.0,7580.0,7390.0,7439.45,8194,3138,1360
WALCHANNAG,05-AUG-2021,69.05,69.3,66.0,67.5,169639,75528,2624
WATERBASE,05-AUG-2021,124.85,124.85,121.85,122.4,106769,58659,2818
WEBELSOLAR,05-AUG-2021,65.5,67.75,61.65,67.4,458224,210593,3498
WEIZMANIND,05-AUG-2021,54.3,56.45,53.1,53.3,13361,7998,230
WELCORP,05-AUG-2021,137.7,138.45,132.55,133.35,2882919,1598783,18678
WELENT,05-AUG-2021,102.0,105.75,101.45,103.25,308882,151963,3972
WELINV,05-AUG-2021,369.5,379.65,360.05,364.85,2507,1469,212
WELSPUNIND,05-AUG-2021,136.2,136.2,131.0,132.55,1182863,733535,12355
WENDT,05-AUG-2021,4498.0,4498.0,4298.35,4385.15,1826,922,526
WESTLIFE,05-AUG-2021,527.1,538.85,518.6,532.65,47958,17063,3661
WHEELS,05-AUG-2021,895.0,910.0,866.2,890.4,33441,15821,2369
WHIRLPOOL,05-AUG-2021,2149.3,2175.0,2135.0,2161.75,51633,28002,6321
WILLAMAGOR,05-AUG-2021,24.0,24.0,22.4,22.5,27971,18493,215
WINDMACHIN,05-AUG-2021,37.2,37.8,35.0,35.9,141624,90666,1070
WIPRO,05-AUG-2021,597.5,614.5,597.5,600.9,11294364,1842238,160546
WOCKPHARMA,05-AUG-2021,521.0,521.8,506.45,513.7,418828,185831,13560
WONDERLA,05-AUG-2021,242.5,242.5,235.25,236.6,86205,38088,5337
WORTH,05-AUG-2021,108.0,108.0,102.55,103.05,52602,38961,971
WSTCSTPAPR,05-AUG-2021,260.65,277.0,251.9,270.85,1566656,411020,22686
XCHANGING,05-AUG-2021,114.4,115.15,106.8,111.1,816531,413468,9216
XPROINDIA,05-AUG-2021,266.05,279.0,263.65,263.65,37185,24182,679
YESBANK,05-AUG-2021,12.65,12.7,12.3,12.4,83509704,43387441,117373
ZEEL,05-AUG-2021,203.4,203.4,199.2,201.6,5623545,1722628,53371
ZEELEARN,05-AUG-2021,15.1,15.15,14.6,14.8,987324,617342,1760
ZEEMEDIA,05-AUG-2021,12.1,12.15,11.45,11.95,2051193,1383472,2060
ZENITHEXPO,05-AUG-2021,83.05,83.45,79.65,80.25,1648,893,71
ZENSARTECH,05-AUG-2021,420.0,425.0,411.2,418.65,972524,240799,21011
ZENTEC,05-AUG-2021,90.9,93.3,88.1,92.65,624806,112959,10255
ZODIACLOTH,05-AUG-2021,134.15,135.95,128.15,133.8,44139,21412,1288
ZODJRDMKJ,05-AUG-2021,34.55,34.55,32.75,33.05,1630,946,34
ZOMATO,05-AUG-2021,138.75,138.9,132.0,134.95,38437134,7825860,178897
ZOTA,05-AUG-2021,335.0,354.3,331.2,354.3,317994,131292,5460
ZYDUSWELL,05-AUG-2021,2284.9,2290.0,2240.0,2250.55,21335,10863,3621
