20MICRONS,11-AUG-2021,60.5,62.3,55.7,58.55,183779,94761,3253
21STCENMGM,11-AUG-2021,26.25,26.25,26.25,26.25,2225,2225,14
3MINDIA,11-AUG-2021,23970.0,24000.05,23500.0,23692.6,1898,1016,1016
5PAISA,11-AUG-2021,488.0,515.0,450.0,478.4,75201,28924,3033
63MOONS,11-AUG-2021,97.45,99.9,92.0,96.45,119711,74428,1855
A2ZINFRA,11-AUG-2021,4.5,4.65,4.4,4.4,434096,261673,578
AAKASH,11-AUG-2021,259.0,272.0,251.2,266.1,63958,29904,1044
AAREYDRUGS,11-AUG-2021,42.3,42.7,36.3,39.55,186461,100638,2302
AARON,11-AUG-2021,103.4,110.05,100.55,109.95,17381,13049,377
AARTIDRUGS,11-AUG-2021,651.35,653.0,632.05,644.25,200173,82377,13487
AARTIIND,11-AUG-2021,925.0,937.3,901.1,919.5,1181979,431722,41476
AARTISURF,11-AUG-2021,1545.0,1545.0,1425.05,1465.65,130549,59159,14774
AARVEEDEN,11-AUG-2021,22.4,22.4,21.6,22.1,29236,25184,150
AARVI,11-AUG-2021,64.1,67.95,60.0,63.35,33177,22377,561
AAVAS,11-AUG-2021,2522.0,2611.0,2521.05,2582.15,40788,15988,6376
ABAN,11-AUG-2021,43.25,44.45,40.15,42.95,207191,80278,2579
ABB,11-AUG-2021,1658.8,1717.0,1618.05,1674.55,136424,77609,11493
ABBOTINDIA,11-AUG-2021,18025.0,18480.0,17993.1,18290.8,18189,6827,5736
ABCAPITAL,11-AUG-2021,115.6,116.5,109.3,115.0,4736402,1378155,36182
ABFRL,11-AUG-2021,206.05,209.9,196.85,207.9,4056564,1457580,53562
ABSLBANETF,11-AUG-2021,365.0,365.0,354.21,355.8,172,120,21
ABSLNN50ET,11-AUG-2021,396.95,397.6,394.55,397.6,159,86,17
ACC,11-AUG-2021,2297.0,2327.95,2248.55,2276.05,401413,164669,26273
ACCELYA,11-AUG-2021,1354.0,1373.35,1265.5,1336.25,130117,33927,11197
ACCURACY,11-AUG-2021,103.9,111.6,95.1,107.05,97032,40553,1650
ACE,11-AUG-2021,221.0,227.0,205.8,215.0,1592789,472661,32684
ACRYSIL,11-AUG-2021,600.0,600.0,561.0,596.25,244218,147100,9601
ADANIENT,11-AUG-2021,1455.0,1456.6,1407.0,1437.05,3197412,667588,59718
ADANIPORTS,11-AUG-2021,693.4,705.0,684.55,699.15,6297975,1095768,99723
ADFFOODS,11-AUG-2021,790.0,798.55,740.0,766.2,41333,25589,3797
ADORWELD,11-AUG-2021,679.9,694.7,623.25,671.15,30003,13641,3524
ADROITINFO,11-AUG-2021,8.95,8.95,8.95,8.95,8401,5201,117
ADSL,11-AUG-2021,59.75,60.25,55.0,58.7,495211,245990,4156
ADVANIHOTR,11-AUG-2021,74.7,74.7,62.1,69.35,332935,119843,4322
ADVENZYMES,11-AUG-2021,400.0,400.0,369.95,382.25,515622,234532,17291
AEGISCHEM,11-AUG-2021,274.4,275.45,259.05,262.5,580491,283907,12887
AGARIND,11-AUG-2021,311.0,316.2,306.05,306.35,27316,21377,659
AGRITECH,11-AUG-2021,44.6,45.9,44.0,44.75,19261,11341,346
AGROPHOS,11-AUG-2021,17.0,17.4,16.1,16.6,291816,190569,571
AHLADA,11-AUG-2021,174.95,174.95,174.95,174.95,19394,18844,422
AHLEAST,11-AUG-2021,175.0,188.0,165.05,178.5,13923,6902,701
AHLUCONT,11-AUG-2021,375.0,394.95,356.05,363.8,75871,21174,3905
AHLWEST,11-AUG-2021,300.0,306.75,283.1,286.05,5081,2679,416
AIAENG,11-AUG-2021,1961.0,1986.0,1941.0,1949.0,19359,9606,5273
AJANTPHARM,11-AUG-2021,2310.5,2310.5,2210.35,2251.5,39095,16464,5620
AJOONI,11-AUG-2021,60.0,60.05,55.1,59.2,60505,31659,445
AKASH,11-AUG-2021,190.0,190.0,176.45,180.4,56318,41016,398
AKG,11-AUG-2021,24.1,24.65,22.25,23.3,17006,13431,114
AKSHARCHEM,11-AUG-2021,455.75,458.8,419.0,436.25,83837,31905,5742
AKZOINDIA,11-AUG-2021,2185.0,2195.0,2124.0,2131.6,17567,10010,3115
ALANKIT,11-AUG-2021,14.7,14.85,12.85,13.8,1712107,932033,5297
ALBERTDAVD,11-AUG-2021,579.85,596.7,553.2,582.55,69160,30866,5724
ALEMBICLTD,11-AUG-2021,111.6,112.4,103.6,108.3,660352,187852,11877
ALICON,11-AUG-2021,805.05,831.6,757.25,819.35,57849,25032,4379
ALKALI,11-AUG-2021,77.95,77.95,68.15,73.55,42551,17489,1486
ALKEM,11-AUG-2021,3589.0,3697.0,3543.0,3684.25,650420,116137,53112
ALKYLAMINE,11-AUG-2021,4184.4,4232.0,4025.0,4201.45,101784,53227,18893
ALLCARGO,11-AUG-2021,184.7,202.75,175.05,200.85,4276251,993348,33245
ALLSEC,11-AUG-2021,418.0,426.0,387.05,421.3,23719,13889,1594
ALMONDZ,11-AUG-2021,62.9,68.95,62.9,67.5,21041,15708,264
ALOKINDS,11-AUG-2021,22.65,22.9,20.9,21.9,9153365,3914218,19131
ALPA,11-AUG-2021,52.6,54.55,48.4,51.1,99510,61005,1178
ALPHAGEO,11-AUG-2021,324.65,328.95,302.5,317.2,69591,35789,3950
AMARAJABAT,11-AUG-2021,724.0,728.7,706.5,719.3,738381,270673,35624
AMBER,11-AUG-2021,2820.0,2860.0,2732.05,2835.75,68214,27809,10233
AMBICAAGAR,11-AUG-2021,20.0,20.0,17.65,18.45,55252,33184,289
AMBIKCO,11-AUG-2021,1409.0,1595.0,1320.1,1557.15,287825,67678,23596
AMBUJACEM,11-AUG-2021,399.9,405.0,391.8,398.25,3337019,1677380,40553
AMDIND,11-AUG-2021,28.15,28.15,25.65,25.7,48210,34175,336
AMJLAND,11-AUG-2021,34.65,34.65,31.05,33.1,100225,51082,1385
AMRUTANJAN,11-AUG-2021,688.0,698.0,656.25,675.5,89756,40456,6560
ANDHRAPAP,11-AUG-2021,244.0,244.0,231.0,236.15,59014,27816,1968
ANDHRSUGAR,11-AUG-2021,545.0,558.7,512.0,552.2,237651,63191,9662
ANDREWYU,11-AUG-2021,27.45,27.45,24.0,25.85,427153,255565,2393
ANGELBRKG,11-AUG-2021,1232.45,1248.65,1124.05,1190.45,678696,395831,37958
ANIKINDS,11-AUG-2021,19.5,20.5,19.5,19.5,22700,15653,117
ANMOL,11-AUG-2021,190.15,205.0,177.5,200.55,40800,16365,1685
ANSALAPI,11-AUG-2021,9.1,9.25,8.7,9.0,291335,200841,648
ANSALHSG,11-AUG-2021,7.3,7.75,7.2,7.2,143907,88164,235
ANUP,11-AUG-2021,950.0,980.0,890.0,962.45,74816,35861,6717
ANURAS,11-AUG-2021,714.0,720.05,681.05,715.95,168535,88160,7671
APARINDS,11-AUG-2021,613.0,625.3,582.95,600.0,220288,101454,12174
APCL,11-AUG-2021,485.0,485.95,432.85,463.2,194873,92600,7654
APCOTEXIND,11-AUG-2021,332.1,340.9,315.05,336.8,125160,65204,4009
APEX,11-AUG-2021,336.7,338.25,307.3,325.8,149990,56969,7386
APLAPOLLO,11-AUG-2021,1703.0,1718.9,1600.1,1660.25,180151,103930,15333
APLLTD,11-AUG-2021,774.75,774.75,744.3,762.2,511172,204983,14885
APOLLO,11-AUG-2021,119.5,119.85,107.0,114.0,357885,136732,8556
APOLLOHOSP,11-AUG-2021,4065.0,4083.15,3915.0,4026.35,831738,377928,48120
APOLLOPIPE,11-AUG-2021,1325.3,1349.25,1276.3,1321.65,99142,50763,6341
APOLLOTYRE,11-AUG-2021,216.45,218.75,210.15,213.5,4187893,1072574,37729
APOLSINHOT,11-AUG-2021,758.05,934.85,750.0,934.85,69088,27373,4180
APTECHT,11-AUG-2021,250.0,256.0,240.65,253.4,385310,147700,10126
ARENTERP,11-AUG-2021,18.75,18.75,18.75,18.75,2964,2964,15
ARIES,11-AUG-2021,156.4,156.4,142.3,152.45,141977,67350,4145
ARIHANT,11-AUG-2021,28.2,28.9,26.3,27.85,27716,11995,460
ARIHANTCAP,11-AUG-2021,137.0,139.0,125.45,130.35,65217,35737,1744
ARIHANTSUP,11-AUG-2021,120.0,127.5,105.25,126.0,249673,148672,2025
ARMANFIN,11-AUG-2021,677.0,702.0,605.6,643.15,45181,19710,3593
AROGRANITE,11-AUG-2021,69.7,69.7,62.0,68.05,193694,83688,4148
ARROWGREEN,11-AUG-2021,155.0,155.0,139.0,142.9,12121,5776,753
ARSHIYA,11-AUG-2021,26.25,28.15,25.2,26.65,131312,78418,843
ARSSINFRA,11-AUG-2021,29.25,29.25,27.6,28.55,16930,12716,248
ARTEMISMED,11-AUG-2021,328.0,328.0,312.4,318.65,37019,21908,511
ARVIND,11-AUG-2021,94.0,97.8,84.6,96.3,3675819,1561580,31065
ARVINDFASN,11-AUG-2021,199.0,205.3,187.1,203.95,1022157,393551,16573
ARVSMART,11-AUG-2021,120.9,124.2,112.05,122.65,209940,110376,3994
ASAHIINDIA,11-AUG-2021,349.45,358.5,345.1,356.4,121999,49091,4612
ASAHISONG,11-AUG-2021,341.0,347.65,316.0,339.9,72931,28182,4275
ASALCBR,11-AUG-2021,447.0,461.9,440.0,456.2,54123,22407,4076
ASHIANA,11-AUG-2021,160.05,167.3,151.0,159.95,254236,124809,6901
ASHIMASYN,11-AUG-2021,19.0,19.0,16.6,18.35,73832,61356,213
ASHOKA,11-AUG-2021,98.0,99.65,94.5,97.5,1712766,622646,14057
ASHOKLEY,11-AUG-2021,131.95,135.7,128.8,133.5,14510182,2985784,72127
ASIANHOTNR,11-AUG-2021,84.0,84.0,74.5,80.15,45767,9340,377
ASIANPAINT,11-AUG-2021,2987.4,3001.45,2952.55,2972.6,987941,393861,65970
ASIANTILES,11-AUG-2021,169.0,171.15,162.65,166.1,305891,143633,6983
ASPINWALL,11-AUG-2021,200.0,200.65,178.7,186.4,40481,23226,1554
ASTEC,11-AUG-2021,1308.95,1308.95,1241.95,1281.65,37455,17747,4322
ASTERDM,11-AUG-2021,156.5,162.0,152.0,156.85,493788,192457,9612
ASTRAL,11-AUG-2021,2065.0,2089.7,1950.0,1966.25,539432,267032,60928
ASTRAMICRO,11-AUG-2021,161.1,163.1,150.0,156.25,1119457,462996,12546
ASTRAZEN,11-AUG-2021,3272.8,3289.8,3161.0,3178.95,31500,14754,6330
ASTRON,11-AUG-2021,57.0,57.8,52.65,56.35,635413,132015,10545
ATFL,11-AUG-2021,1004.25,1018.0,980.0,1013.7,23800,15748,2312
ATUL,11-AUG-2021,9007.05,9064.6,8765.0,8864.05,22592,14816,5030
ATULAUTO,11-AUG-2021,201.65,204.6,191.0,198.35,226754,69921,8922
AUBANK,11-AUG-2021,1310.0,1312.45,1259.15,1288.35,1065909,205324,37137
AUROPHARMA,11-AUG-2021,883.0,883.8,850.9,856.5,2140873,935371,78309
AUTOAXLES,11-AUG-2021,1298.0,1329.9,1197.35,1278.6,82065,25421,8336
AUTOIND,11-AUG-2021,56.1,60.7,56.0,57.95,158448,62465,977
AVADHSUGAR,11-AUG-2021,434.0,443.6,413.0,439.55,270981,91474,7778
AVANTIFEED,11-AUG-2021,603.65,609.45,573.1,580.2,415972,188953,17456
AVTNPL,11-AUG-2021,66.4,70.0,63.2,67.9,446718,135484,6983
AWHCL,11-AUG-2021,335.9,344.35,315.0,336.95,157238,66465,8467
AXISBANK,11-AUG-2021,765.0,769.0,752.5,760.8,6429468,2338262,117889
AXISBNKETF,11-AUG-2021,360.45,360.45,355.9,358.68,838,696,34
AXISBPSETF,11-AUG-2021,10.21,10.21,10.19,10.2,3477,3232,80
AXISCADES,11-AUG-2021,81.25,81.95,77.2,78.4,139721,93640,1196
AXISGOLD,11-AUG-2021,40.39,40.5,40.17,40.34,148083,126294,1967
AXISHCETF,11-AUG-2021,90.05,91.45,88.5,89.02,10900,7689,394
AXISNIFTY,11-AUG-2021,170.5,170.5,168.51,169.76,5938,5549,321
AXISTECETF,11-AUG-2021,319.0,319.0,311.5,313.6,858,593,41
AYMSYNTEX,11-AUG-2021,87.95,88.0,75.0,84.7,160659,52649,2741
BAFNAPH,11-AUG-2021,142.0,146.1,137.3,142.95,3828,1706,165
BAGFILMS,11-AUG-2021,3.4,3.4,3.05,3.3,496949,347150,431
BAJAJ-AUTO,11-AUG-2021,3800.0,3806.25,3695.2,3727.15,497724,227328,41595
BAJAJCON,11-AUG-2021,254.5,259.05,238.9,257.7,1137784,411258,34079
BAJAJELEC,11-AUG-2021,1099.35,1145.7,1013.6,1059.7,525129,145829,34976
BAJAJFINSV,11-AUG-2021,14099.0,14233.45,13852.75,14206.2,211850,36061,35805
BAJAJHLDNG,11-AUG-2021,4000.05,4019.95,3918.05,4000.4,45823,27873,5410
BAJFINANCE,11-AUG-2021,6176.1,6199.95,6057.0,6167.8,791929,157143,70341
BALAJITELE,11-AUG-2021,64.6,65.05,60.7,62.15,633352,237001,6554
BALAMINES,11-AUG-2021,3340.0,3343.95,3190.0,3318.55,120345,50256,16619
BALAXI,11-AUG-2021,583.15,588.7,553.95,562.5,3366,1832,396
BALKRISIND,11-AUG-2021,2324.0,2340.9,2270.7,2289.75,342718,155222,21348
BALMLAWRIE,11-AUG-2021,131.85,132.75,126.6,129.4,386522,160832,6181
BALPHARMA,11-AUG-2021,92.0,98.5,87.65,95.75,120059,69460,2156
BALRAMCHIN,11-AUG-2021,345.3,352.0,338.3,346.5,2248055,835994,31572
BANARBEADS,11-AUG-2021,74.8,74.8,65.05,68.25,45392,21494,861
BANARISUG,11-AUG-2021,1849.95,1854.0,1780.0,1789.4,5387,4038,372
BANCOINDIA,11-AUG-2021,155.15,157.4,146.2,152.75,325378,126691,10486
BANDHANBNK,11-AUG-2021,297.0,298.4,290.0,295.2,3210494,772625,40714
BANKA,11-AUG-2021,68.9,74.4,67.3,70.75,15895,8217,357
BANKBARODA,11-AUG-2021,78.5,81.1,77.5,80.65,40957244,7713855,87630
BANKBEES,11-AUG-2021,364.0,364.08,358.32,360.55,415259,179099,7859
BANKINDIA,11-AUG-2021,67.9,67.95,66.0,67.45,2024384,582503,10610
BANSWRAS,11-AUG-2021,200.85,204.95,200.85,200.85,69605,59695,269
BARBEQUE,11-AUG-2021,1102.3,1150.0,1028.25,1058.05,321958,76665,19773
BASF,11-AUG-2021,3750.0,3930.0,3729.5,3830.9,882449,121276,74644
BASML,11-AUG-2021,90.75,92.9,86.85,91.4,170748,102153,1655
BATAINDIA,11-AUG-2021,1694.1,1707.7,1625.45,1666.1,559771,99250,29246
BAYERCROP,11-AUG-2021,5925.0,5974.0,5751.0,5869.0,16609,6836,4098
BBL,11-AUG-2021,1410.0,1424.55,1323.65,1411.1,43768,15777,5955
BBTC,11-AUG-2021,1166.0,1167.95,1122.2,1139.7,108403,51941,8503
BCLIND,11-AUG-2021,255.5,255.5,224.0,240.55,616425,269360,16333
BCP,11-AUG-2021,3.75,3.85,3.6,3.75,245219,169395,327
BDL,11-AUG-2021,383.0,385.2,367.0,375.05,142018,47197,6653
BEARDSELL,11-AUG-2021,14.75,14.85,14.05,14.1,24698,24477,46
BECTORFOOD,11-AUG-2021,404.15,406.75,381.8,399.7,286606,135540,13291
BEL,11-AUG-2021,169.25,172.7,165.3,172.25,9078516,3968875,60654
BEML,11-AUG-2021,1308.0,1308.95,1264.3,1294.55,148455,43896,8965
BEPL,11-AUG-2021,193.0,194.6,178.05,186.4,2521190,894627,25280
BERGEPAINT,11-AUG-2021,812.3,822.0,799.15,818.4,706729,167274,31351
BESTAGRO,11-AUG-2021,542.0,574.0,535.15,552.5,57743,39249,1819
BFINVEST,11-AUG-2021,369.45,379.95,332.3,349.05,64232,20550,4531
BFUTILITIE,11-AUG-2021,451.7,452.7,404.45,433.75,261289,102602,8651
BGRENERGY,11-AUG-2021,53.0,54.65,46.2,52.05,192655,99775,2919
BHAGERIA,11-AUG-2021,239.95,239.95,218.95,235.6,166461,77026,6140
BHAGYANGR,11-AUG-2021,43.0,52.0,38.45,48.1,491553,113554,4021
BHAGYAPROP,11-AUG-2021,31.45,31.95,29.8,31.8,75673,48877,494
BHANDARI,11-AUG-2021,3.05,3.2,2.9,3.0,228197,160665,454
BHARATFORG,11-AUG-2021,751.1,786.0,746.7,782.7,2435357,618404,73409
BHARATGEAR,11-AUG-2021,123.9,123.9,105.95,117.45,249331,135766,5612
BHARATRAS,11-AUG-2021,13048.0,13048.0,12355.0,12849.8,4779,1754,1920
BHARTIARTL,11-AUG-2021,622.2,629.25,613.7,620.85,18386089,8385540,214762
BHEL,11-AUG-2021,54.6,55.15,52.9,54.5,35786362,6669090,61689
BIGBLOC,11-AUG-2021,118.1,118.9,111.0,115.6,40994,16248,565
BIL,11-AUG-2021,222.95,230.8,207.0,212.2,11506,3364,1267
BINDALAGRO,11-AUG-2021,26.0,26.35,22.4,24.0,404857,211833,3165
BIOCON,11-AUG-2021,379.95,379.95,366.05,372.65,2382866,746009,44148
BIOFILCHEM,11-AUG-2021,67.95,68.9,64.0,67.0,45882,27317,959
BIRLACORPN,11-AUG-2021,1348.0,1348.0,1280.0,1321.55,219945,146343,26456
BIRLAMONEY,11-AUG-2021,67.35,70.5,64.5,67.15,311975,156542,3087
BIRLATYRE,11-AUG-2021,25.2,25.2,23.5,24.5,612923,408643,4109
BLBLIMITED,11-AUG-2021,10.8,10.8,10.8,10.8,3679,3679,28
BLISSGVS,11-AUG-2021,113.6,115.55,108.25,113.1,855323,250807,10888
BLKASHYAP,11-AUG-2021,28.05,28.2,25.65,26.65,556694,353521,1358
BLS,11-AUG-2021,140.4,157.9,132.0,154.5,1561485,395461,22273
BLUEDART,11-AUG-2021,5420.0,5467.75,5306.5,5437.95,15423,6276,3619
BLUESTARCO,11-AUG-2021,818.25,818.25,797.0,807.05,172882,142119,7408
BODALCHEM,11-AUG-2021,109.3,110.1,101.4,108.75,960237,328713,10789
BOMDYEING,11-AUG-2021,93.0,94.15,87.35,91.1,7224961,1237986,39546
BOROLTD,11-AUG-2021,213.0,216.5,198.55,205.8,191827,92729,5472
BOSCHLTD,11-AUG-2021,14311.0,14496.3,14140.0,14310.8,51436,24641,14465
BPCL,11-AUG-2021,446.0,451.55,440.55,450.0,5317536,1831675,86863
BPL,11-AUG-2021,36.05,36.65,33.25,34.65,150076,68972,1452
BRIGADE,11-AUG-2021,326.0,329.0,308.85,323.25,795702,353661,14455
BRITANNIA,11-AUG-2021,3637.2,3648.95,3571.1,3625.5,233115,130556,25436
BRNL,11-AUG-2021,31.9,32.95,30.5,31.95,112807,68248,960
BROOKS,11-AUG-2021,99.9,109.25,93.7,107.8,116938,57906,1169
BSE,11-AUG-2021,1140.0,1143.9,1071.1,1119.5,836948,307567,50698
BSL,11-AUG-2021,63.1,64.0,59.9,60.45,32358,26528,455
BSLGOLDETF,11-AUG-2021,4279.95,4279.95,4235.0,4242.6,328,300,88
BSLNIFTY,11-AUG-2021,180.84,180.9,179.34,180.0,194,141,29
BSOFT,11-AUG-2021,413.8,422.9,397.3,408.15,3064589,945268,55676
BURGERKING,11-AUG-2021,169.7,170.7,154.15,165.0,6052740,2097053,67075
BURNPUR,11-AUG-2021,2.7,2.7,2.6,2.65,54784,53730,126
BYKE,11-AUG-2021,30.1,30.1,26.2,27.55,105279,58378,683
CADILAHC,11-AUG-2021,576.8,577.4,557.3,563.75,5778620,1745007,77300
CAMLINFINE,11-AUG-2021,174.25,180.9,166.3,179.05,848176,296843,12040
CAMS,11-AUG-2021,3240.0,3300.0,3034.5,3108.8,522113,190770,69336
CANBK,11-AUG-2021,152.8,154.8,150.75,154.1,5418518,1993863,23468
CANFINHOME,11-AUG-2021,525.7,549.7,511.7,523.4,665743,337864,14077
CANTABIL,11-AUG-2021,381.2,389.7,362.7,388.0,48455,16338,2704
CAPACITE,11-AUG-2021,212.9,213.45,186.8,206.2,662588,284312,14155
CAPLIPOINT,11-AUG-2021,865.65,872.9,808.0,839.95,408592,114531,19557
CAPTRUST,11-AUG-2021,88.0,91.65,81.55,82.75,38805,19513,944
CARBORUNIV,11-AUG-2021,697.0,717.0,665.55,708.65,153635,82888,8981
CAREERP,11-AUG-2021,151.0,152.95,143.5,151.45,138772,65241,3767
CARERATING,11-AUG-2021,674.85,695.8,647.15,692.35,340741,121736,13273
CASTROLIND,11-AUG-2021,136.5,137.4,132.5,136.25,980564,428660,13541
CCL,11-AUG-2021,406.0,409.6,387.5,404.3,843252,353248,18428
CEATLTD,11-AUG-2021,1315.85,1315.85,1274.05,1286.5,144839,56501,13800
CELEBRITY,11-AUG-2021,11.9,11.9,11.15,11.15,93437,68263,191
CENTENKA,11-AUG-2021,443.0,450.7,417.0,439.85,219945,131042,6833
CENTEXT,11-AUG-2021,11.5,11.6,10.75,11.1,1857048,906979,2616
CENTRALBK,11-AUG-2021,20.55,20.55,19.6,20.2,9040409,2582411,14950
CENTRUM,11-AUG-2021,44.0,46.65,41.8,42.05,1436697,676860,6468
CENTUM,11-AUG-2021,478.0,496.0,446.6,485.4,23104,11144,1749
CENTURYPLY,11-AUG-2021,425.0,426.0,400.0,414.95,288955,130017,14046
CENTURYTEX,11-AUG-2021,763.7,777.75,742.0,765.15,946202,265643,23190
CERA,11-AUG-2021,4562.0,4755.55,4458.05,4626.85,20657,8850,6426
CEREBRAINT,11-AUG-2021,56.2,57.95,55.35,57.3,484996,225311,4139
CESC,11-AUG-2021,744.85,761.05,725.1,755.9,845243,374590,31744
CGCL,11-AUG-2021,522.0,528.9,493.75,515.2,105918,28777,10762
CHALET,11-AUG-2021,163.95,166.0,159.05,163.8,362145,215736,14290
CHAMBLFERT,11-AUG-2021,317.1,328.8,314.65,326.4,2617375,1300458,70399
CHEMBOND,11-AUG-2021,226.0,227.25,207.25,224.8,53552,17603,2801
CHEMCON,11-AUG-2021,472.0,476.85,448.85,462.75,508694,141212,19042
CHEMFAB,11-AUG-2021,155.9,158.3,150.0,156.3,13285,6695,466
CHENNPETRO,11-AUG-2021,108.6,109.45,104.4,108.7,461617,178202,6603
CHOLAFIN,11-AUG-2021,509.0,512.0,494.05,501.55,1868551,539649,45293
CHOLAHLDNG,11-AUG-2021,656.0,664.9,633.1,655.15,38494,19267,4501
CIGNITITEC,11-AUG-2021,532.0,550.65,510.0,545.5,160668,77167,7843
CINELINE,11-AUG-2021,87.0,88.9,80.75,87.1,407469,214490,3621
CIPLA,11-AUG-2021,912.9,914.0,891.05,909.85,2174054,682206,54580
CLEAN,11-AUG-2021,1520.0,1593.5,1435.6,1575.35,678501,295210,47352
CLEDUCATE,11-AUG-2021,137.4,137.6,125.55,135.4,37329,22617,498
CLNINDIA,11-AUG-2021,576.0,584.95,550.0,570.5,97055,43114,6454
CLSEL,11-AUG-2021,122.5,124.75,110.1,117.5,277886,156113,8196
CMICABLES,11-AUG-2021,53.95,55.95,50.0,52.3,498430,213153,6474
COALINDIA,11-AUG-2021,142.9,144.35,141.15,143.95,8356558,2178909,49918
COCHINSHIP,11-AUG-2021,355.9,359.45,347.25,358.3,561412,235310,15578
COFFEEDAY,11-AUG-2021,32.05,34.45,30.0,33.95,1170588,605422,5935
COFORGE,11-AUG-2021,4830.0,4864.0,4664.15,4690.8,434881,186369,52940
COLPAL,11-AUG-2021,1660.0,1667.8,1643.55,1658.25,337034,209074,26640
COMPINFO,11-AUG-2021,30.5,30.5,27.2,28.15,599666,286644,3522
COMPUSOFT,11-AUG-2021,13.1,13.1,11.8,12.2,149869,85459,718
CONCOR,11-AUG-2021,662.0,668.45,652.15,655.65,1863492,945796,59494
CONFIPET,11-AUG-2021,60.3,60.3,53.45,58.25,1981545,1435556,11176
CONSOFINVT,11-AUG-2021,110.0,117.05,110.0,111.15,20457,14340,257
CONTROLPR,11-AUG-2021,341.5,355.0,330.0,346.35,53437,24857,3810
CORALFINAC,11-AUG-2021,43.5,46.0,40.1,41.45,67543,34928,965
CORDSCABLE,11-AUG-2021,59.3,59.95,53.3,56.0,130913,69543,2032
COROMANDEL,11-AUG-2021,831.5,835.0,785.55,816.85,595364,225789,39765
COSMOFILMS,11-AUG-2021,1237.4,1374.4,1125.05,1329.2,530115,139737,28564
COUNCODOS,11-AUG-2021,2.95,2.95,2.75,2.85,78787,52229,171
CPSEETF,11-AUG-2021,25.49,25.85,25.22,25.77,2835213,2513166,9422
CRAFTSMAN,11-AUG-2021,1931.55,2010.0,1914.15,1989.0,47617,32766,4653
CREATIVEYE,11-AUG-2021,3.4,3.4,3.4,3.4,20,20,1
CREDITACC,11-AUG-2021,618.85,618.85,596.0,604.6,116974,54891,13364
CRISIL,11-AUG-2021,2684.0,2729.2,2560.0,2576.85,110754,48892,14263
CROMPTON,11-AUG-2021,467.3,471.45,443.0,470.05,1278711,673616,27342
CSBBANK,11-AUG-2021,327.0,330.0,315.0,319.15,252349,99821,7008
CTE,11-AUG-2021,65.8,65.8,65.8,65.8,5388,5388,45
CUB,11-AUG-2021,152.55,153.65,149.25,152.15,1291713,499157,11081
CUBEXTUB,11-AUG-2021,26.05,26.05,23.45,23.45,55256,36225,304
CUMMINSIND,11-AUG-2021,949.0,954.0,911.0,944.75,2618584,402520,70705
CUPID,11-AUG-2021,239.5,239.5,222.65,231.7,120428,57257,5665
CYBERTECH,11-AUG-2021,172.5,173.9,161.0,166.3,280563,139218,7181
CYIENT,11-AUG-2021,950.0,958.8,902.2,945.1,156120,95924,18536
DAAWAT,11-AUG-2021,67.55,68.0,62.7,66.35,1846586,863002,18120
DABUR,11-AUG-2021,582.0,582.4,570.65,575.1,2320928,1293045,30473
DALBHARAT,11-AUG-2021,1931.55,1931.55,1885.3,1902.1,127384,80227,16227
DALMIASUG,11-AUG-2021,392.0,444.2,392.0,413.0,417388,158189,13618
DANGEE,11-AUG-2021,196.0,196.0,182.3,184.95,9977,1672,1367
DATAMATICS,11-AUG-2021,272.25,277.75,251.55,267.95,389980,179709,10409
DBCORP,11-AUG-2021,91.9,92.8,85.95,91.9,590142,215494,9412
DBL,11-AUG-2021,542.5,555.55,519.0,547.65,355542,151885,11393
DBREALTY,11-AUG-2021,22.5,24.3,21.15,23.45,774233,412612,2598
DBSTOCKBRO,11-AUG-2021,21.9,21.9,21.9,21.9,43667,43205,216
DCAL,11-AUG-2021,188.0,189.3,173.4,187.5,966954,415306,12812
DCBBANK,11-AUG-2021,92.2,92.8,89.35,91.25,1045470,525063,13452
DCM,11-AUG-2021,57.0,57.0,52.05,52.3,41125,23582,539
DCMNVL,11-AUG-2021,223.15,229.95,218.5,220.1,201410,131818,1608
DCMSHRIRAM,11-AUG-2021,953.95,967.85,921.95,934.7,115871,72132,6023
DCW,11-AUG-2021,35.2,35.3,32.5,34.35,2310290,803065,10769
DECCANCE,11-AUG-2021,728.75,743.25,695.35,734.8,212799,97474,15897
DEEPAKNTR,11-AUG-2021,2143.85,2163.0,2062.15,2098.9,1559125,466017,93264
DEEPINDS,11-AUG-2021,111.6,113.0,105.15,109.05,97546,57600,2183
DELTACORP,11-AUG-2021,175.15,176.6,167.6,171.4,1751124,607667,18444
DELTAMAGNT,11-AUG-2021,54.95,54.95,50.85,52.6,9511,6834,126
DEN,11-AUG-2021,49.9,50.4,47.7,48.95,1562794,869586,5886
DENORA,11-AUG-2021,323.0,329.8,303.0,315.05,46175,15408,3355
DFMFOODS,11-AUG-2021,345.0,348.0,332.3,345.35,115780,58140,5092
DHAMPURSUG,11-AUG-2021,280.1,287.85,280.1,287.85,719798,327404,8563
DHANBANK,11-AUG-2021,16.0,16.25,15.3,15.8,1828354,799440,4103
DHANI,11-AUG-2021,186.0,200.5,175.0,198.5,5519066,3122762,28232
DHANUKA,11-AUG-2021,900.0,900.0,873.0,881.4,61117,24549,4649
DHUNINV,11-AUG-2021,634.4,634.4,557.0,582.45,9274,3903,942
DIAMONDYD,11-AUG-2021,686.1,704.6,667.2,672.35,43657,17477,4107
DICIND,11-AUG-2021,483.05,497.95,451.15,468.1,19319,5580,682
DISHTV,11-AUG-2021,12.3,12.5,11.25,11.85,7735390,3340937,13823
DIVISLAB,11-AUG-2021,4954.5,4958.95,4840.8,4919.1,354008,163396,41576
DIXON,11-AUG-2021,4290.0,4317.9,4116.1,4198.7,167422,83292,30916
DLF,11-AUG-2021,335.4,336.2,323.0,331.55,9652285,3011482,78149
DLINKINDIA,11-AUG-2021,133.15,138.35,123.95,136.85,809866,255029,11284
DMART,11-AUG-2021,3551.65,3575.0,3465.0,3563.95,167988,69494,18883
DNAMEDIA,11-AUG-2021,2.25,2.3,2.05,2.25,182273,121433,181
DODLA,11-AUG-2021,599.8,599.8,575.0,589.1,97687,34165,7131
DOLAT,11-AUG-2021,110.0,114.75,101.2,109.7,1010836,398403,13069
DOLLAR,11-AUG-2021,365.0,367.45,335.1,360.85,264819,97188,19752
DONEAR,11-AUG-2021,55.35,56.65,49.6,52.95,325762,197098,3092
DPABHUSHAN,11-AUG-2021,196.0,203.95,185.05,194.45,73628,37023,2106
DPSCLTD,11-AUG-2021,15.3,15.7,14.3,15.3,71085,39688,428
DPWIRES,11-AUG-2021,245.0,245.0,221.2,221.2,116975,71816,2626
DRCSYSTEMS,11-AUG-2021,313.65,325.0,286.75,310.55,3801,2740,289
DREDGECORP,11-AUG-2021,361.7,362.9,344.6,352.95,75369,30407,4504
DRREDDY,11-AUG-2021,4765.0,4766.95,4690.0,4744.85,526785,281582,53753
DSSL,11-AUG-2021,129.95,129.95,117.45,124.85,63340,29204,1647
DTIL,11-AUG-2021,301.25,310.45,288.5,302.7,12473,7976,854
DVL,11-AUG-2021,266.8,272.95,234.0,259.55,164613,70614,6041
DWARKESH,11-AUG-2021,64.95,69.5,64.8,68.65,5261053,1539171,28652
DYNAMATECH,11-AUG-2021,2039.9,2178.0,1901.1,2109.35,555980,109152,44734
DYNPRO,11-AUG-2021,583.0,583.0,533.7,564.85,199752,110521,6400
EASEMYTRIP,11-AUG-2021,455.55,460.45,426.55,449.55,2176582,615167,44393
EASTSILK,11-AUG-2021,3.75,3.75,3.2,3.4,68877,48526,136
EBBETF0423,11-AUG-2021,1143.58,1145.0,1142.04,1142.35,1968,1963,64
EBBETF0425,11-AUG-2021,1055.5,1055.5,1053.08,1054.61,968,888,56
EBBETF0430,11-AUG-2021,1120.0,1165.0,1120.0,1162.92,10918,9663,124
EBBETF0431,11-AUG-2021,1043.0,1044.99,1040.5,1041.48,4740,4196,221
EBIXFOREX,11-AUG-2021,639.95,639.95,573.6,591.0,6436,3410,777
EDELWEISS,11-AUG-2021,82.4,82.65,77.75,80.8,4139698,2059350,25725
EICHERMOT,11-AUG-2021,2735.55,2750.0,2698.0,2718.25,361517,166427,30951
EIDPARRY,11-AUG-2021,393.9,402.3,377.3,387.95,601551,222404,20402
EIHAHOTELS,11-AUG-2021,329.65,329.65,301.25,309.15,31335,16654,1862
EIHOTEL,11-AUG-2021,103.5,105.05,100.0,102.85,306425,149679,4605
EIMCOELECO,11-AUG-2021,430.0,430.0,399.35,413.6,18864,10413,1512
ELECON,11-AUG-2021,147.25,148.45,136.6,144.5,1284054,497002,15832
ELECTCAST,11-AUG-2021,35.3,35.9,33.2,35.25,859318,503089,3654
ELECTHERM,11-AUG-2021,130.4,134.1,121.9,126.9,30946,16263,1151
ELGIEQUIP,11-AUG-2021,201.45,209.5,197.0,205.0,568158,279630,16306
ELGIRUBCO,11-AUG-2021,39.65,39.65,35.05,37.25,82293,51779,809
EMAMILTD,11-AUG-2021,556.0,562.15,548.65,553.15,341801,209718,16777
EMAMIPAP,11-AUG-2021,178.45,179.8,168.0,170.05,201171,127558,3251
EMAMIREAL,11-AUG-2021,71.4,72.5,67.8,68.95,128409,64817,1414
EMKAY,11-AUG-2021,119.0,122.5,107.45,116.25,213547,84947,6225
EMMBI,11-AUG-2021,103.1,106.55,97.05,101.85,122423,61814,3508
ENDURANCE,11-AUG-2021,1719.0,1749.6,1635.0,1706.4,86459,58753,6037
ENERGYDEV,11-AUG-2021,10.6,10.6,10.15,10.15,73322,52220,238
ENGINERSIN,11-AUG-2021,73.0,73.4,71.0,72.75,1349704,623690,9138
ENIL,11-AUG-2021,200.0,201.0,186.0,197.55,121463,59951,2784
EPL,11-AUG-2021,241.9,241.9,231.0,235.8,256729,172324,11934
EQ30,11-AUG-2021,393.0,393.0,386.26,388.95,326,244,81
EQUITAS,11-AUG-2021,124.05,124.05,111.15,121.95,1258875,771736,23122
EQUITASBNK,11-AUG-2021,58.8,58.9,55.75,57.15,812467,375741,8055
ERIS,11-AUG-2021,758.0,758.95,720.0,728.65,126938,29774,10327
EROSMEDIA,11-AUG-2021,19.35,19.7,18.5,18.9,771020,525803,2652
ESABINDIA,11-AUG-2021,1910.0,1923.8,1863.25,1901.4,6421,3218,1357
ESCORTS,11-AUG-2021,1270.0,1278.9,1231.25,1261.9,1941460,366737,71109
ESSARSHPNG,11-AUG-2021,10.25,10.25,9.55,10.05,54204,31888,390
ESTER,11-AUG-2021,150.0,152.85,139.5,143.95,668975,255172,14520
EVEREADY,11-AUG-2021,374.0,381.25,348.35,362.8,618372,251529,12097
EVERESTIND,11-AUG-2021,439.3,449.9,416.35,446.15,139849,57280,5504
EXCELINDUS,11-AUG-2021,1105.0,1105.0,1006.0,1080.45,51251,19554,6770
EXIDEIND,11-AUG-2021,167.9,169.65,165.0,169.15,3739732,1625202,41089
FACT,11-AUG-2021,124.4,127.8,118.0,124.05,353045,86392,7232
FAIRCHEMOR,11-AUG-2021,1900.0,1978.0,1816.1,1902.5,52731,23431,4561
FCL,11-AUG-2021,108.0,111.35,100.5,105.4,2206333,770000,21673
FCONSUMER,11-AUG-2021,7.9,7.9,6.95,7.25,10229397,3920214,8667
FDC,11-AUG-2021,351.05,352.7,333.8,348.45,196828,75629,7851
FEDERALBNK,11-AUG-2021,86.5,86.8,84.05,85.2,16619726,6640589,44058
FEL,11-AUG-2021,9.35,9.4,8.6,8.9,2034188,968038,3029
FELDVR,11-AUG-2021,12.4,12.4,11.7,12.4,154215,82174,340
FIEMIND,11-AUG-2021,752.0,752.85,695.05,717.8,64152,25522,6714
FILATEX,11-AUG-2021,95.5,96.9,90.1,94.55,1850569,630291,15088
FINCABLES,11-AUG-2021,492.9,497.75,475.25,488.35,181348,84470,7199
FINEORG,11-AUG-2021,2995.0,3017.8,2855.6,2902.7,63027,37605,14748
FINPIPE,11-AUG-2021,166.6,168.4,160.7,167.3,587185,351318,25120
FLEXITUFF,11-AUG-2021,19.4,19.4,18.05,18.05,9043,8032,52
FLFL,11-AUG-2021,58.0,59.05,51.8,54.45,612649,230957,5691
FLUOROCHEM,11-AUG-2021,1570.0,1687.8,1484.7,1587.4,197914,79586,15103
FMGOETZE,11-AUG-2021,290.25,292.0,275.65,278.2,250730,155918,6197
FMNL,11-AUG-2021,11.25,11.3,10.45,10.45,198291,175998,488
FORCEMOT,11-AUG-2021,1411.35,1450.0,1361.2,1389.25,140425,19363,12250
FORTIS,11-AUG-2021,232.95,238.0,225.0,235.85,2658892,1181863,35849
FOSECOIND,11-AUG-2021,1532.95,1544.95,1450.0,1484.7,6781,3045,860
FRETAIL,11-AUG-2021,51.9,51.9,47.1,49.0,3769377,1262165,24339
FSC,11-AUG-2021,72.25,76.1,67.05,68.8,211379,85567,3532
FSL,11-AUG-2021,188.0,189.5,175.05,180.3,9427635,2873690,87292
GABRIEL,11-AUG-2021,140.0,140.45,129.75,139.1,1557868,498874,16394
GAEL,11-AUG-2021,178.25,180.25,169.0,174.8,703523,255212,10981
GAIL,11-AUG-2021,145.5,148.5,144.25,147.15,11298126,3935967,84870
GAL,11-AUG-2021,2.8,2.85,2.65,2.8,1188470,853066,811
GALAXYSURF,11-AUG-2021,3130.3,3189.0,2990.3,3075.55,74984,36433,12227
GALLANTT,11-AUG-2021,71.25,73.0,65.95,70.05,169789,72453,3921
GALLISPAT,11-AUG-2021,59.8,60.2,55.05,58.55,150803,79024,2844
GANDHITUBE,11-AUG-2021,469.7,469.7,432.65,456.0,37361,16161,2989
GANECOS,11-AUG-2021,519.5,520.0,502.0,514.0,27111,17193,2184
GANESHHOUC,11-AUG-2021,114.1,118.0,106.0,116.5,77292,31346,730
GANGAFORGE,11-AUG-2021,123.6,124.25,116.5,120.1,93686,38953,622
GANGESSECU,11-AUG-2021,86.1,87.85,75.0,77.25,19077,9679,693
GARFIBRES,11-AUG-2021,3380.0,3417.0,3150.0,3241.9,42669,18549,9240
GATI,11-AUG-2021,153.35,157.75,143.2,146.55,1284432,528429,12838
GAYAPROJ,11-AUG-2021,39.55,40.55,34.1,39.2,3059260,1253979,11302
GEECEE,11-AUG-2021,146.35,154.8,138.0,143.65,59829,39576,2036
GEEKAYWIRE,11-AUG-2021,86.0,94.5,80.4,91.9,39613,23074,902
GENCON,11-AUG-2021,44.1,47.9,40.8,44.5,50352,23237,838
GENESYS,11-AUG-2021,142.0,144.9,138.0,142.15,30059,22550,468
GENUSPOWER,11-AUG-2021,58.5,59.2,53.5,56.55,1532402,793074,9186
GEOJITFSL,11-AUG-2021,80.65,82.85,73.55,80.5,1000755,341013,11244
GEPIL,11-AUG-2021,323.0,324.5,314.0,318.95,322668,210897,4999
GESHIP,11-AUG-2021,310.1,322.15,300.0,304.3,2184958,1532348,32835
GET&D,11-AUG-2021,134.5,134.5,132.0,133.1,246517,139769,5587
GFLLIMITED,11-AUG-2021,68.2,70.05,64.5,67.9,94075,53432,1563
GHCL,11-AUG-2021,360.0,360.0,333.55,348.05,536792,293887,14701
GICHSGFIN,11-AUG-2021,170.6,173.1,162.0,169.7,603567,171850,10476
GICRE,11-AUG-2021,168.9,169.5,162.0,164.3,480234,199733,8862
GILLETTE,11-AUG-2021,5889.1,5960.0,5832.05,5893.1,32026,20854,3069
GINNIFILA,11-AUG-2021,33.4,33.4,29.1,31.6,195799,117305,1412
GIPCL,11-AUG-2021,87.0,88.45,83.2,87.6,872388,371846,9514
GKWLIMITED,11-AUG-2021,716.05,717.05,681.6,694.2,587,380,89
GLAND,11-AUG-2021,4268.0,4268.0,4120.0,4150.15,372792,272364,23400
GLAXO,11-AUG-2021,1666.0,1669.6,1604.95,1619.25,36908,15919,4815
GLENMARK,11-AUG-2021,582.0,585.9,565.8,578.4,1302387,382652,40917
GLFL,11-AUG-2021,3.05,3.05,2.75,2.75,952,952,7
GLOBAL,11-AUG-2021,46.3,47.7,44.55,46.65,7484,4199,76
GLOBALVECT,11-AUG-2021,55.75,55.75,52.95,53.25,23349,18680,200
GLS,11-AUG-2021,774.4,774.45,735.0,748.0,894950,442983,35075
GMBREW,11-AUG-2021,549.9,554.9,522.5,540.1,42866,15680,4298
GMDCLTD,11-AUG-2021,64.6,65.0,62.0,64.1,1120261,430118,8492
GMMPFAUDLR,11-AUG-2021,4747.0,4747.75,4480.0,4568.1,55011,24255,13524
GMRINFRA,11-AUG-2021,28.15,28.25,27.5,27.95,9387395,1836684,21444
GNA,11-AUG-2021,679.8,687.85,622.0,671.6,296916,123793,13103
GNFC,11-AUG-2021,353.8,354.9,330.0,346.45,969914,476807,20810
GOACARBON,11-AUG-2021,392.0,396.45,356.05,388.2,131027,41966,4724
GOCLCORP,11-AUG-2021,290.0,295.0,275.0,291.55,91745,40916,3272
GODFRYPHLP,11-AUG-2021,1000.15,1006.0,968.6,985.15,46033,18908,4638
GODREJAGRO,11-AUG-2021,684.9,684.9,626.9,646.85,639148,143782,26241
GODREJCP,11-AUG-2021,990.0,993.0,957.05,979.8,740627,276915,21730
GODREJIND,11-AUG-2021,583.65,583.65,551.7,565.5,732214,468670,16373
GODREJPROP,11-AUG-2021,1554.0,1564.15,1494.1,1546.0,810532,295671,30722
GOKEX,11-AUG-2021,208.0,221.5,204.1,217.95,453187,195952,7235
GOKUL,11-AUG-2021,30.7,30.7,26.0,28.65,232449,107480,1926
GOKULAGRO,11-AUG-2021,42.0,42.4,38.25,40.0,673410,511667,2843
GOLDBEES,11-AUG-2021,40.87,40.87,40.16,40.26,3400031,2575213,19341
GOLDENTOBC,11-AUG-2021,125.75,127.05,114.95,115.15,566008,215938,5666
GOLDIAM,11-AUG-2021,681.0,699.0,640.0,679.7,168394,78496,10004
GOLDSHARE,11-AUG-2021,40.65,40.9,40.35,40.4,364469,267054,2328
GOLDTECH,11-AUG-2021,14.2,14.75,13.95,13.95,41799,34489,142
GOODLUCK,11-AUG-2021,276.0,293.95,273.6,284.15,492686,157723,6107
GOODYEAR,11-AUG-2021,1098.0,1100.0,1019.7,1050.0,71138,28925,7247
GPPL,11-AUG-2021,103.45,103.8,100.5,100.95,661385,393192,8366
GPTINFRA,11-AUG-2021,88.5,89.7,82.65,85.55,72705,42746,1497
GRANULES,11-AUG-2021,369.4,375.5,352.15,367.65,2876903,524660,41128
GRAPHITE,11-AUG-2021,665.6,673.0,632.15,665.3,660202,200029,26950
GRASIM,11-AUG-2021,1484.0,1516.9,1480.0,1502.4,1268299,497231,42047
GRAUWEIL,11-AUG-2021,64.0,64.0,55.6,60.35,506513,268439,7506
GRAVITA,11-AUG-2021,174.2,174.9,163.5,171.6,580364,311085,6125
GREAVESCOT,11-AUG-2021,152.5,154.25,142.05,145.0,5347042,1618873,54223
GREENLAM,11-AUG-2021,1308.0,1350.4,1283.0,1317.55,20296,10278,2599
GREENPLY,11-AUG-2021,178.5,178.5,168.0,174.15,495545,240548,9758
GREENPOWER,11-AUG-2021,3.1,3.15,3.05,3.05,4986894,2573481,2657
GRINDWELL,11-AUG-2021,1213.45,1225.0,1168.1,1217.85,58453,36617,6096
GRINFRA,11-AUG-2021,1585.0,1643.1,1553.0,1620.2,158559,71369,10367
GROBTEA,11-AUG-2021,1206.05,1207.95,1118.0,1162.8,3164,538,1020
GRPLTD,11-AUG-2021,1008.0,1008.0,912.55,959.5,2962,1963,288
GRSE,11-AUG-2021,190.0,192.45,181.4,186.6,269796,115382,5829
GSCLCEMENT,11-AUG-2021,55.25,56.85,51.3,55.8,760380,244326,7510
GSFC,11-AUG-2021,113.05,114.7,107.65,111.8,1851670,1046352,14720
GSPL,11-AUG-2021,337.05,342.0,329.3,338.65,1772539,1148183,26701
GSS,11-AUG-2021,68.0,69.4,62.85,65.0,221522,125125,3138
GTNTEX,11-AUG-2021,7.75,7.75,7.75,7.75,1320,1320,7
GTPL,11-AUG-2021,218.5,219.45,204.0,212.45,250372,94284,6221
GUFICBIO,11-AUG-2021,185.5,196.6,176.6,192.1,605758,314276,9802
GUJALKALI,11-AUG-2021,499.0,500.0,453.0,488.15,2114921,284984,46143
GUJAPOLLO,11-AUG-2021,228.65,230.35,211.05,226.95,50267,16207,1517
GUJGASLTD,11-AUG-2021,723.0,728.95,703.55,724.95,1013616,162949,27055
GULFOILLUB,11-AUG-2021,625.0,639.0,608.3,613.4,57058,36452,5255
GULFPETRO,11-AUG-2021,60.0,61.4,52.35,57.65,170580,80827,3277
HAL,11-AUG-2021,1115.0,1123.95,1071.0,1094.65,280880,97780,16425
HAPPSTMNDS,11-AUG-2021,1395.0,1395.0,1296.05,1374.85,1366128,468819,92472
HARRMALAYA,11-AUG-2021,202.05,204.0,185.1,192.7,386782,102977,13331
HATHWAY,11-AUG-2021,25.4,25.65,24.1,24.65,7650558,2558650,12174
HATSUN,11-AUG-2021,944.1,944.15,921.25,931.75,26887,12990,3761
HAVELLS,11-AUG-2021,1227.0,1243.25,1196.85,1236.75,1973876,1060102,41440
HBANKETF,11-AUG-2021,359.61,360.4,355.0,356.9,2283,1717,103
HBLPOWER,11-AUG-2021,44.8,45.5,41.25,42.9,1119103,478887,7967
HBSL,11-AUG-2021,42.95,42.95,38.95,42.95,165023,125954,1155
HCC,11-AUG-2021,9.35,9.45,8.95,9.25,7654553,3219899,6241
HCG,11-AUG-2021,254.5,256.75,242.0,245.55,190030,92580,4956
HCL-INSYS,11-AUG-2021,13.65,13.8,13.0,13.0,733241,462830,2233
HCLTECH,11-AUG-2021,1070.95,1079.0,1057.15,1066.95,5011239,2560672,150291
HDFC,11-AUG-2021,2675.0,2689.5,2633.75,2658.5,1769627,946870,89258
HDFCAMC,11-AUG-2021,2994.1,3001.6,2863.75,2946.25,428794,153709,34697
HDFCBANK,11-AUG-2021,1514.9,1518.85,1491.05,1494.95,6292893,4374018,236089
HDFCLIFE,11-AUG-2021,669.6,671.9,661.35,666.65,1361893,738594,42636
HDFCMFGETF,11-AUG-2021,41.65,41.65,41.21,41.31,297159,220146,1176
HDFCNIFETF,11-AUG-2021,173.25,175.0,172.11,173.22,15599,13986,325
HDFCSENETF,11-AUG-2021,587.0,588.9,581.0,585.84,1514,1045,160
HEG,11-AUG-2021,2240.05,2260.0,2177.85,2226.95,146491,78196,23562
HEIDELBERG,11-AUG-2021,266.15,267.15,254.5,260.5,265589,104279,6917
HEMIPROP,11-AUG-2021,136.9,137.5,128.9,134.25,1088882,495263,12980
HERANBA,11-AUG-2021,775.0,808.75,752.0,796.55,817537,262162,25823
HERCULES,11-AUG-2021,155.6,156.95,141.8,146.05,239251,95182,6344
HERITGFOOD,11-AUG-2021,490.0,494.85,451.5,473.05,165128,78770,7767
HEROMOTOCO,11-AUG-2021,2810.0,2814.85,2751.25,2781.6,551805,293046,39033
HESTERBIO,11-AUG-2021,2305.05,2359.25,2131.25,2201.65,48308,28588,6630
HEXATRADEX,11-AUG-2021,171.7,179.9,165.05,174.85,202428,137293,1321
HGINFRA,11-AUG-2021,532.45,545.55,491.0,528.35,293486,128246,16538
HIKAL,11-AUG-2021,574.0,658.65,571.6,647.25,3417684,900938,73719
HIL,11-AUG-2021,5630.0,5672.45,5327.0,5539.1,40070,21028,7457
HILTON,11-AUG-2021,12.95,13.25,12.35,12.35,10549,9990,43
HINDALCO,11-AUG-2021,429.3,444.5,429.05,436.65,19239106,3436771,209971
HINDCOMPOS,11-AUG-2021,314.45,315.65,290.15,296.6,12803,6868,1040
HINDCON,11-AUG-2021,63.65,63.65,63.65,63.65,18198,17147,263
HINDCOPPER,11-AUG-2021,130.0,133.4,123.6,128.7,7115453,1914874,46671
HINDMOTORS,11-AUG-2021,8.2,9.0,7.45,8.9,872423,514561,2967
HINDOILEXP,11-AUG-2021,148.5,157.8,138.1,151.0,2224595,1009857,17254
HINDPETRO,11-AUG-2021,257.85,261.1,255.4,258.9,3971875,1695196,54902
HINDUNILVR,11-AUG-2021,2390.0,2395.0,2362.2,2390.45,1300594,974447,60997
HINDZINC,11-AUG-2021,310.0,318.0,306.55,316.15,1527673,500593,26302
HIRECT,11-AUG-2021,154.1,154.1,144.0,148.05,29516,18645,992
HISARMETAL,11-AUG-2021,125.2,131.1,122.4,127.5,40506,15385,1864
HITECH,11-AUG-2021,610.0,620.0,550.35,576.9,70290,35330,2053
HITECHCORP,11-AUG-2021,215.0,222.05,195.05,210.65,18447,11504,710
HITECHGEAR,11-AUG-2021,270.0,282.05,253.15,275.6,42369,21591,2770
HLEGLAS,11-AUG-2021,3089.75,3179.0,2950.0,3165.65,10642,6591,3204
HLVLTD,11-AUG-2021,9.2,9.2,8.3,8.5,536634,387897,987
HMVL,11-AUG-2021,79.6,80.75,75.1,78.3,276461,158493,5026
HNGSNGBEES,11-AUG-2021,333.79,333.79,324.0,333.5,1028,761,122
HOMEFIRST,11-AUG-2021,573.35,581.6,552.0,560.75,142699,102053,5769
HONAUT,11-AUG-2021,41340.0,41340.0,39888.0,40140.75,6550,5075,1808
HONDAPOWER,11-AUG-2021,1165.0,1236.0,1145.0,1220.0,62991,37390,5458
HPL,11-AUG-2021,73.1,73.95,70.5,71.3,365588,188355,3270
HSCL,11-AUG-2021,48.85,49.2,46.3,47.7,6314205,1678941,24477
HSIL,11-AUG-2021,223.0,228.0,212.85,222.5,389216,173303,9622
HTMEDIA,11-AUG-2021,26.9,27.45,25.55,26.3,408197,210344,2569
HUBTOWN,11-AUG-2021,36.0,39.7,36.0,39.6,129218,75196,547
HUDCO,11-AUG-2021,43.5,43.8,41.6,43.45,2465036,922570,10501
HUHTAMAKI,11-AUG-2021,279.0,282.7,266.05,275.25,362494,157474,9960
IBMFNIFTY,11-AUG-2021,158.0,163.99,155.21,162.53,5181,4590,132
IBREALEST,11-AUG-2021,136.25,151.0,127.65,147.4,23336844,7812134,118673
IBULHSGFIN,11-AUG-2021,253.95,257.35,239.0,246.95,22047835,4386315,159583
ICEMAKE,11-AUG-2021,78.0,78.65,72.1,75.95,35308,24262,413
ICICI500,11-AUG-2021,231.9,231.9,225.95,228.18,43340,38269,189
ICICIALPLV,11-AUG-2021,165.98,165.98,162.5,163.37,1795,1493,181
ICICIB22,11-AUG-2021,39.77,40.25,39.55,40.19,552809,342270,1653
ICICIBANK,11-AUG-2021,706.25,707.15,690.0,693.55,9748084,5725188,154991
ICICIBANKN,11-AUG-2021,341.7,369.7,341.7,356.8,14679,13350,217
ICICIBANKP,11-AUG-2021,185.55,185.55,182.6,184.0,4153,2271,109
ICICIFMCG,11-AUG-2021,385.25,437.0,360.25,363.62,2676,2007,130
ICICIGI,11-AUG-2021,1440.0,1448.5,1408.25,1441.65,795227,596358,43136
ICICIGOLD,11-AUG-2021,40.38,41.49,40.38,41.26,318831,262568,1593
ICICILIQ,11-AUG-2021,1000.0,1008.0,999.0,999.99,162007,126201,88
ICICILOVOL,11-AUG-2021,134.47,134.47,131.2,132.49,364019,356647,1174
ICICIM150,11-AUG-2021,105.5,105.5,102.26,103.85,24874,11181,426
ICICIMCAP,11-AUG-2021,97.47,97.47,94.01,95.35,22217,12952,464
ICICINF100,11-AUG-2021,177.11,179.89,176.51,177.86,4194,2711,267
ICICINIFTY,11-AUG-2021,200.6,200.6,163.9,174.4,338426,291810,3802
ICICINV20,11-AUG-2021,88.89,88.89,87.35,88.62,8828,5885,1167
ICICINXT50,11-AUG-2021,40.79,40.79,39.3,40.01,46628,20984,821
ICICIPHARM,11-AUG-2021,94.55,94.55,88.31,89.26,4475,2843,171
ICICIPRULI,11-AUG-2021,659.8,661.0,633.85,656.4,1255215,408291,40086
ICICISENSX,11-AUG-2021,594.99,594.99,586.51,590.1,369,167,85
ICICITECH,11-AUG-2021,322.0,325.98,319.21,321.28,241391,237968,255
ICIL,11-AUG-2021,250.0,254.9,230.65,252.15,708856,414542,9715
ICRA,11-AUG-2021,3493.25,3525.1,3410.1,3496.25,5838,2416,1476
IDBI,11-AUG-2021,37.75,37.75,36.0,37.35,9254482,3632940,29060
IDBIGOLD,11-AUG-2021,4299.0,4299.0,4240.0,4262.15,177,164,28
IDEA,11-AUG-2021,6.6,6.75,6.3,6.65,280814303,56683854,199099
IDFC,11-AUG-2021,50.8,52.85,48.5,51.85,8448513,3285044,22229
IDFCFIRSTB,11-AUG-2021,45.9,47.2,44.1,46.9,55571095,14303894,92472
IDFNIFTYET,11-AUG-2021,170.93,171.16,169.71,170.62,118,99,12
IEX,11-AUG-2021,408.8,409.7,385.1,398.45,3645127,1589405,108490
IFBAGRO,11-AUG-2021,634.95,640.1,589.85,605.65,62644,25531,4314
IFBIND,11-AUG-2021,928.6,969.0,923.25,945.55,57980,17651,4958
IFCI,11-AUG-2021,12.9,13.1,11.35,12.4,6703571,3362588,9257
IFGLEXPOR,11-AUG-2021,396.9,410.35,365.0,401.1,81976,46270,4382
IGARASHI,11-AUG-2021,469.9,492.5,438.0,483.45,220109,84693,10327
IGL,11-AUG-2021,524.0,524.0,514.05,521.9,1434289,497811,34526
IGPL,11-AUG-2021,599.6,619.95,582.3,616.9,187375,82997,10896
IIFLSEC,11-AUG-2021,97.15,98.8,90.3,96.8,1017066,579932,8979
IIFLWAM,11-AUG-2021,1650.0,1650.0,1543.9,1562.7,160844,54386,11482
IITL,11-AUG-2021,65.45,65.45,63.0,63.55,632,500,30
IMAGICAA,11-AUG-2021,8.6,8.75,7.65,8.35,149020,71738,393
IMPAL,11-AUG-2021,782.8,809.55,761.05,781.95,4809,2162,655
INDBANK,11-AUG-2021,25.4,27.05,22.7,25.5,747661,221374,3186
INDHOTEL,11-AUG-2021,142.85,144.45,136.5,141.1,3760487,1405012,22686
INDIACEM,11-AUG-2021,183.55,184.8,174.05,178.75,4025807,853345,36596
INDIAGLYCO,11-AUG-2021,685.0,699.0,651.45,666.05,416343,154003,16121
INDIAMART,11-AUG-2021,7400.0,7400.0,7080.0,7148.9,53053,25188,12517
INDIANB,11-AUG-2021,130.1,131.2,127.4,128.4,2219401,966036,18765
INDIANHUME,11-AUG-2021,214.3,218.6,202.25,209.8,144296,64454,5323
INDIGO,11-AUG-2021,1650.0,1656.6,1616.2,1640.85,351235,43036,16529
INDIGOPNTS,11-AUG-2021,2460.0,2469.8,2385.0,2417.1,30930,16203,8792
INDLMETER,11-AUG-2021,12.7,13.5,12.65,12.7,43995,37273,155
INDNIPPON,11-AUG-2021,363.0,363.0,342.3,353.7,90970,41867,4620
INDOCO,11-AUG-2021,437.0,471.9,426.0,441.9,2011189,284679,52374
INDOSTAR,11-AUG-2021,346.05,351.25,336.25,340.5,98054,57718,4414
INDOTHAI,11-AUG-2021,69.15,72.5,68.3,70.6,72085,36362,446
INDRAMEDCO,11-AUG-2021,80.35,80.6,72.8,75.6,608855,243440,7660
INDSWFTLAB,11-AUG-2021,75.8,77.9,67.5,71.95,669861,286718,5834
INDSWFTLTD,11-AUG-2021,9.75,10.45,9.5,9.5,406920,355142,540
INDTERRAIN,11-AUG-2021,39.1,40.0,35.5,38.1,286361,146000,1855
INDUSINDBK,11-AUG-2021,1033.6,1045.35,1020.0,1041.2,2155833,540196,50118
INDUSTOWER,11-AUG-2021,211.0,214.0,209.2,213.1,4273034,2249692,34612
INEOSSTYRO,11-AUG-2021,1349.95,1383.8,1320.0,1374.55,64753,34837,7384
INFIBEAM,11-AUG-2021,43.5,43.8,41.0,42.0,6711151,4128867,13301
INFRABEES,11-AUG-2021,443.2,465.0,420.1,464.81,3966,3033,130
INFY,11-AUG-2021,1674.8,1684.0,1668.0,1677.55,4899639,3586596,149326
INGERRAND,11-AUG-2021,974.45,982.75,919.45,954.55,41319,18145,3977
INOXLEISUR,11-AUG-2021,324.2,324.2,314.2,318.7,680182,308482,11198
INOXWIND,11-AUG-2021,126.3,128.55,116.5,125.5,621034,283756,7889
INSECTICID,11-AUG-2021,820.0,824.95,740.1,758.85,99497,41109,6895
INTELLECT,11-AUG-2021,629.9,659.0,588.85,653.95,941345,376587,30189
INTENTECH,11-AUG-2021,83.5,85.0,83.5,83.55,138922,110881,607
INVENTURE,11-AUG-2021,3.15,3.25,3.05,3.15,5145603,2197927,2125
IOB,11-AUG-2021,19.85,19.85,18.85,19.35,9467455,2732925,15346
IOC,11-AUG-2021,102.8,104.95,102.3,104.65,10858036,3870425,57482
IOLCP,11-AUG-2021,656.75,657.6,626.2,642.6,532043,176954,15676
IPCALAB,11-AUG-2021,2400.0,2435.0,2355.0,2413.25,232231,98456,21683
IPL,11-AUG-2021,312.35,325.6,301.0,319.0,918119,349661,21253
IRB,11-AUG-2021,158.0,159.7,148.05,152.7,3612318,878234,41946
IRCON,11-AUG-2021,43.3,43.3,42.05,42.35,2644292,1799980,10614
IRCTC,11-AUG-2021,2656.95,2671.85,2528.0,2572.25,2973184,724848,152406
IRFC,11-AUG-2021,23.05,23.2,22.8,23.05,8655301,3816429,19702
ISEC,11-AUG-2021,687.0,699.95,641.45,693.05,1258595,700414,27725
ISFT,11-AUG-2021,124.0,124.85,111.55,115.85,84609,43709,1892
ISGEC,11-AUG-2021,760.8,779.4,672.25,726.35,838769,291586,34849
ITC,11-AUG-2021,209.85,210.6,207.45,208.65,15418634,8964786,112589
ITDC,11-AUG-2021,364.9,368.45,350.05,363.55,37889,14106,2427
ITDCEM,11-AUG-2021,81.95,85.2,77.1,84.35,1088459,520777,9876
ITI,11-AUG-2021,122.0,126.5,118.15,122.45,695625,127909,11596
IVC,11-AUG-2021,6.95,6.95,6.55,6.55,1105351,786892,823
IVP,11-AUG-2021,115.85,120.45,112.5,117.35,31554,31151,112
IVZINGOLD,11-AUG-2021,4195.9,4225.0,4170.0,4199.0,67,54,12
IVZINNIFTY,11-AUG-2021,1777.35,1777.35,1760.0,1760.0,3,1,3
IZMO,11-AUG-2021,107.0,111.6,103.7,103.7,370303,193313,2352
J&KBANK,11-AUG-2021,35.4,36.15,33.15,34.8,3010773,1232436,11368
JAGRAN,11-AUG-2021,62.8,63.85,58.45,62.95,613186,260216,6432
JAGSNPHARM,11-AUG-2021,177.35,182.7,165.0,178.45,232304,106134,4612
JAIBALAJI,11-AUG-2021,59.55,63.0,59.35,62.35,283766,235443,1480
JAICORPLTD,11-AUG-2021,133.85,134.9,120.4,125.8,2982352,981059,26923
JAMNAAUTO,11-AUG-2021,86.1,87.0,83.1,85.0,947085,676977,10225
JASH,11-AUG-2021,530.5,535.0,488.05,526.4,116249,60223,3110
JAYAGROGN,11-AUG-2021,252.2,258.7,232.1,246.8,240271,87207,7568
JAYBARMARU,11-AUG-2021,199.0,203.4,186.5,194.0,99078,50262,4420
JAYSREETEA,11-AUG-2021,114.4,114.7,105.15,110.35,400846,104719,8827
JBCHEPHARM,11-AUG-2021,1779.95,1779.95,1691.55,1751.2,119691,58087,10178
JBMA,11-AUG-2021,481.15,499.0,450.0,483.8,243929,54667,12216
JCHAC,11-AUG-2021,2242.0,2242.0,2176.6,2186.0,31310,26371,2476
JHS,11-AUG-2021,30.3,32.25,28.3,29.25,4349329,1685645,19480
JINDALPHOT,11-AUG-2021,84.0,89.0,79.2,84.85,38914,20274,762
JINDALPOLY,11-AUG-2021,1008.5,1059.9,942.0,1036.15,779137,126882,31336
JINDALSAW,11-AUG-2021,121.3,130.85,119.4,129.4,6070923,1466751,43202
JINDALSTEL,11-AUG-2021,405.5,424.9,405.5,421.35,17266941,1916914,151819
JINDRILL,11-AUG-2021,125.75,128.4,117.0,126.9,86892,37779,1571
JINDWORLD,11-AUG-2021,68.5,69.65,62.35,66.05,373289,74441,4400
JISLDVREQS,11-AUG-2021,19.4,19.4,18.05,18.9,179775,106228,345
JISLJALEQS,11-AUG-2021,31.25,31.75,29.5,30.8,3094036,1591220,7201
JKCEMENT,11-AUG-2021,3347.0,3367.45,3163.05,3221.1,44424,11056,8089
JKIL,11-AUG-2021,204.8,216.35,186.25,208.85,831649,366911,16175
JKLAKSHMI,11-AUG-2021,640.0,681.95,637.25,675.95,995206,496969,28858
JKPAPER,11-AUG-2021,257.3,263.05,245.0,250.15,3306480,732063,42270
JKTYRE,11-AUG-2021,146.0,146.7,138.8,144.8,2686525,631225,24215
JMA,11-AUG-2021,64.5,64.85,55.15,63.65,138501,71324,2094
JMCPROJECT,11-AUG-2021,114.5,114.5,106.05,108.2,254587,100067,6620
JMFINANCIL,11-AUG-2021,98.45,100.1,92.05,94.25,4442971,1392108,23820
JMTAUTOLTD,11-AUG-2021,2.6,2.65,2.55,2.6,491322,336535,525
JOCIL,11-AUG-2021,234.0,241.45,219.15,230.85,94083,41091,2672
JPINFRATEC,11-AUG-2021,2.05,2.1,1.95,2.05,7617475,3950108,4195
JPPOWER,11-AUG-2021,4.4,4.4,4.4,4.4,6595665,6595665,12100
JSL,11-AUG-2021,145.0,152.9,140.0,151.6,3972229,1321862,29821
JSLHISAR,11-AUG-2021,277.0,279.75,252.0,276.35,2453982,905748,28327
JSWHL,11-AUG-2021,5031.05,5060.0,4805.0,4910.25,969,329,356
JSWSTEEL,11-AUG-2021,727.0,752.0,727.0,749.1,11909486,2314046,166033
JTEKTINDIA,11-AUG-2021,109.45,110.0,101.65,105.9,804510,215844,11541
JUBLFOOD,11-AUG-2021,3755.0,3796.75,3591.1,3672.35,430265,82528,32864
JUBLINDS,11-AUG-2021,515.0,548.9,466.0,538.15,404133,114585,15678
JUBLINGREA,11-AUG-2021,633.1,703.65,617.0,698.1,6909577,2403750,121562
JUBLPHARMA,11-AUG-2021,637.0,674.4,605.0,666.15,640271,234851,21418
JUMPNET,11-AUG-2021,9.15,9.3,8.65,8.75,902493,515106,1330
JUNIORBEES,11-AUG-2021,418.95,418.95,405.35,410.3,115832,67886,7094
JUSTDIAL,11-AUG-2021,961.2,968.9,954.05,959.15,959466,555867,29189
JYOTHYLAB,11-AUG-2021,166.85,169.7,160.8,167.2,595001,337967,11942
KABRAEXTRU,11-AUG-2021,203.2,206.7,180.6,197.65,350308,147545,9776
KAJARIACER,11-AUG-2021,1008.35,1025.0,994.85,1014.75,114129,65691,9288
KAKATCEM,11-AUG-2021,264.9,264.95,244.0,259.2,58977,26392,2594
KALPATPOWR,11-AUG-2021,439.5,443.15,423.2,432.15,186020,79441,7660
KALYANKJIL,11-AUG-2021,66.0,67.35,63.75,67.0,3075150,2095656,23385
KAMATHOTEL,11-AUG-2021,44.85,46.15,40.9,43.85,75675,44828,993
KAMDHENU,11-AUG-2021,173.0,173.0,158.55,166.0,131525,56654,4225
KANORICHEM,11-AUG-2021,170.95,178.0,163.85,171.3,78073,54175,893
KANPRPLA,11-AUG-2021,245.0,245.0,212.65,230.6,44780,24298,1848
KANSAINER,11-AUG-2021,625.2,628.8,611.25,616.2,401006,322481,8366
KARMAENG,11-AUG-2021,28.5,28.5,28.5,28.5,1120,1120,22
KARURVYSYA,11-AUG-2021,45.0,45.3,43.6,44.05,1846281,905972,10050
KAUSHALYA,11-AUG-2021,3.05,3.05,3.05,3.05,7932,7932,19
KAVVERITEL,11-AUG-2021,3.45,3.45,3.45,3.45,75,75,3
KAYA,11-AUG-2021,450.0,461.5,420.0,439.85,37957,19144,1839
KCP,11-AUG-2021,145.5,150.0,134.0,149.0,518336,270193,7550
KCPSUGIND,11-AUG-2021,22.7,23.55,22.45,23.55,566323,269303,2056
KDDL,11-AUG-2021,340.0,343.95,326.05,338.3,10907,5362,835
KEC,11-AUG-2021,390.95,408.5,377.45,396.1,761152,357135,20915
KECL,11-AUG-2021,18.6,19.2,16.85,18.05,245813,155627,1026
KEERTI,11-AUG-2021,18.55,18.75,17.55,18.2,11671,6065,101
KEI,11-AUG-2021,715.0,758.0,701.35,739.5,718351,165061,21960
KELLTONTEC,11-AUG-2021,53.0,53.35,49.3,50.95,1091649,461855,9135
KENNAMET,11-AUG-2021,1246.0,1277.95,1160.0,1213.9,13202,5881,1660
KESORAMIND,11-AUG-2021,86.85,87.3,80.8,86.1,1471699,394373,9225
KEYFINSERV,11-AUG-2021,72.95,73.0,68.0,72.95,7320,2968,282
KHADIM,11-AUG-2021,255.2,262.35,235.0,257.1,71354,37203,2433
KHAICHEM,11-AUG-2021,64.5,66.65,64.1,65.4,321462,230148,1689
KHANDSE,11-AUG-2021,18.75,19.65,18.1,19.25,6207,4046,59
KICL,11-AUG-2021,2278.9,2278.9,2148.0,2225.75,5375,3141,759
KILITCH,11-AUG-2021,205.0,205.0,188.75,196.3,18811,14460,329
KIMS,11-AUG-2021,1275.0,1300.0,1216.8,1275.8,2762675,967341,90050
KINGFA,11-AUG-2021,1250.0,1250.0,1136.75,1245.4,30231,16364,1563
KIOCL,11-AUG-2021,278.0,284.65,254.25,268.75,268718,114910,7956
KIRIINDUS,11-AUG-2021,508.05,514.95,482.0,490.25,377697,164904,15150
KIRLFER,11-AUG-2021,278.5,287.0,272.6,284.3,302789,186323,13858
KIRLOSENG,11-AUG-2021,220.5,223.9,210.25,218.35,261969,166852,7011
KIRLOSIND,11-AUG-2021,1460.0,1484.9,1356.85,1466.95,18841,9637,3024
KITEX,11-AUG-2021,148.0,163.2,142.0,163.2,992448,378455,13196
KKCL,11-AUG-2021,865.0,865.0,791.3,810.25,8189,4358,1281
KMSUGAR,11-AUG-2021,27.15,27.15,25.5,27.15,896790,422030,2723
KNRCON,11-AUG-2021,287.0,289.45,264.65,283.95,2343861,1138169,43553
KOKUYOCMLN,11-AUG-2021,67.65,68.5,62.0,64.75,433743,182149,6592
KOLTEPATIL,11-AUG-2021,224.4,238.9,216.15,235.8,2039733,427147,33848
KOTAKBANK,11-AUG-2021,1820.0,1820.0,1762.15,1780.6,3101903,1822782,88679
KOTAKBKETF,11-AUG-2021,352.7,366.0,341.7,361.94,135247,15104,757
KOTAKGOLD,11-AUG-2021,40.69,40.69,40.37,40.45,303133,178484,923
KOTAKIT,11-AUG-2021,32.0,32.05,31.0,31.89,25111,14883,223
KOTAKNIFTY,11-AUG-2021,171.9,171.9,170.12,171.25,47088,22458,385
KOTAKNV20,11-AUG-2021,90.9,91.0,87.95,90.01,35272,22511,372
KOTAKPSUBK,11-AUG-2021,232.0,232.9,226.05,231.49,24405,15879,468
KOTARISUG,11-AUG-2021,34.7,35.8,32.0,33.75,282015,148276,1710
KOTHARIPET,11-AUG-2021,51.65,56.4,46.7,54.7,602337,257324,5595
KOVAI,11-AUG-2021,1445.0,1525.0,1418.0,1493.75,12072,7363,2123
KPIGLOBAL,11-AUG-2021,131.0,133.75,130.9,130.9,167371,134401,640
KPITTECH,11-AUG-2021,304.8,312.35,295.0,307.25,2076948,1396200,45722
KPRMILL,11-AUG-2021,1800.0,1848.95,1720.0,1773.4,111645,68971,18797
KRBL,11-AUG-2021,259.55,268.0,248.05,257.7,753973,376284,10405
KREBSBIO,11-AUG-2021,123.15,132.7,114.85,130.9,115592,55488,3934
KRIDHANINF,11-AUG-2021,4.9,4.9,4.55,4.65,124465,104593,210
KRISHANA,11-AUG-2021,140.45,142.15,133.45,137.4,38981,23420,569
KSB,11-AUG-2021,1185.0,1197.0,1123.05,1183.8,63497,16009,9584
KSCL,11-AUG-2021,707.75,709.1,672.7,704.9,234762,111677,8775
KSL,11-AUG-2021,415.0,421.95,381.05,405.7,214522,67454,10253
KTKBANK,11-AUG-2021,59.3,59.7,57.65,58.45,1114321,537998,7576
KUANTUM,11-AUG-2021,88.8,94.0,81.85,92.0,228703,88147,3736
L&TFH,11-AUG-2021,86.7,86.85,81.2,84.2,13575275,2763137,52182
LALPATHLAB,11-AUG-2021,3899.45,3913.2,3740.0,3788.55,236677,84079,30410
LAOPALA,11-AUG-2021,268.65,274.25,260.0,270.85,209812,84884,6232
LASA,11-AUG-2021,71.95,71.95,64.6,68.15,304981,103941,5396
LAURUSLABS,11-AUG-2021,709.5,710.75,695.0,703.5,3953211,1546671,46289
LAXMIMACH,11-AUG-2021,8044.95,8240.0,7738.05,8193.55,18848,8439,4425
LCCINFOTEC,11-AUG-2021,1.8,1.9,1.75,1.8,241454,108025,252
LEMONTREE,11-AUG-2021,38.9,39.15,36.0,36.95,3565927,1447759,19388
LFIC,11-AUG-2021,84.5,84.5,78.0,79.9,1906,1232,107
LGBBROSLTD,11-AUG-2021,477.65,488.0,445.35,483.95,293405,113705,15258
LIBAS,11-AUG-2021,70.2,70.9,68.7,69.0,372041,111371,3494
LIBERTSHOE,11-AUG-2021,166.9,168.0,158.35,162.65,187143,75971,5853
LICHSGFIN,11-AUG-2021,397.0,399.0,384.3,393.65,3140051,876725,49765
LICNETFGSC,11-AUG-2021,22.5,22.5,21.7,21.98,1071,808,71
LICNETFN50,11-AUG-2021,173.99,175.0,171.25,172.31,1902,1118,105
LICNETFSEN,11-AUG-2021,579.5,591.0,579.5,584.83,210,37,61
LICNFNHGP,11-AUG-2021,163.5,163.5,161.0,162.03,536,396,94
LIKHITHA,11-AUG-2021,401.1,406.0,368.15,381.3,280445,91900,10134
LINCOLN,11-AUG-2021,347.0,351.0,306.7,324.95,499235,220165,16146
LINCPEN,11-AUG-2021,192.05,198.45,181.55,191.95,6790,4507,283
LINDEINDIA,11-AUG-2021,1779.0,1811.1,1745.0,1795.85,110576,41319,8898
LIQUIDBEES,11-AUG-2021,1002.64,1002.64,997.21,999.99,1300997,1049490,4711
LIQUIDETF,11-AUG-2021,1000.04,1000.04,999.99,1000.0,58738,57521,72
LODHA,11-AUG-2021,810.3,845.9,761.35,835.7,558856,201794,19932
LOKESHMACH,11-AUG-2021,41.85,41.85,37.25,39.55,86440,56336,569
LOVABLE,11-AUG-2021,109.8,112.45,102.0,107.95,78306,41276,2468
LT,11-AUG-2021,1590.2,1597.9,1562.75,1583.3,1370930,710965,66800
LTI,11-AUG-2021,4805.0,4830.0,4678.0,4754.4,191033,68565,28711
LTTS,11-AUG-2021,3722.4,3745.0,3507.2,3659.25,290215,62652,34208
LUMAXIND,11-AUG-2021,1440.0,1485.0,1422.45,1475.9,6309,2860,1476
LUMAXTECH,11-AUG-2021,156.05,159.8,145.65,156.25,481284,78064,11623
LUPIN,11-AUG-2021,1079.95,1091.0,1035.4,1050.75,6367364,1772065,157832
LUXIND,11-AUG-2021,4142.0,4212.0,3939.0,4158.0,87822,29569,7857
LXCHEM,11-AUG-2021,283.7,292.65,271.5,290.1,4737451,1403486,63191
LYKALABS,11-AUG-2021,88.65,88.65,88.65,88.65,12264,12264,152
LYPSAGEMS,11-AUG-2021,4.9,4.9,4.65,4.75,32402,21944,105
M&M,11-AUG-2021,786.3,789.95,767.5,778.7,3147983,1523688,82792
M&MFIN,11-AUG-2021,153.05,154.5,148.75,154.0,7506554,2064932,34984
MACPOWER,11-AUG-2021,181.6,194.9,172.1,189.25,92731,43576,2156
MADHAV,11-AUG-2021,57.4,57.6,50.4,54.45,59287,32624,1310
MADHUCON,11-AUG-2021,6.15,6.15,5.8,5.8,37734,36712,114
MADRASFERT,11-AUG-2021,29.15,32.4,27.3,29.9,647692,197650,3820
MAESGETF,11-AUG-2021,28.35,28.35,27.53,27.72,99038,93172,234
MAFANG,11-AUG-2021,53.48,53.8,53.0,53.33,175922,144810,2412
MAFSETF,11-AUG-2021,17.3,17.31,17.0,17.11,68006,50171,258
MAGADSUGAR,11-AUG-2021,254.5,265.0,241.5,252.45,127033,46488,2855
MAHABANK,11-AUG-2021,19.55,19.7,18.45,18.6,9783608,5771375,18867
MAHASTEEL,11-AUG-2021,105.0,105.0,95.15,98.45,96652,33897,3412
MAHEPC,11-AUG-2021,135.2,136.7,130.2,131.5,215113,115022,4478
MAHESHWARI,11-AUG-2021,115.7,117.65,107.0,112.6,163597,76953,2393
MAHINDCIE,11-AUG-2021,247.0,251.0,234.8,248.45,306426,77389,9066
MAHLIFE,11-AUG-2021,755.0,760.0,734.05,737.7,143625,118527,3410
MAHLOG,11-AUG-2021,684.0,684.0,641.8,658.9,139376,67819,11420
MAHSCOOTER,11-AUG-2021,3959.0,3959.0,3742.05,3843.05,11399,4251,2403
MAHSEAMLES,11-AUG-2021,298.9,304.9,288.15,303.05,125747,48001,4626
MAITHANALL,11-AUG-2021,1114.4,1164.05,1035.55,1149.6,311490,80327,19072
MAJESCO,11-AUG-2021,84.25,84.45,78.1,82.0,255175,149587,5091
MALUPAPER,11-AUG-2021,37.95,37.95,32.85,35.45,115765,55291,1688
MAN50ETF,11-AUG-2021,176.3,176.3,165.0,167.8,71815,71431,239
MANAKALUCO,11-AUG-2021,18.35,18.4,15.8,17.65,160053,84120,842
MANAKCOAT,11-AUG-2021,12.5,12.95,11.05,11.9,36724,31825,218
MANAKSIA,11-AUG-2021,65.9,68.35,61.1,64.65,158799,89994,2569
MANAKSTEEL,11-AUG-2021,31.45,32.85,29.75,32.75,419074,307836,887
MANAPPURAM,11-AUG-2021,184.2,184.2,163.35,168.25,51770322,11078378,289726
MANGALAM,11-AUG-2021,143.2,146.7,134.0,143.2,249351,90452,7052
MANGCHEFER,11-AUG-2021,71.0,72.9,68.2,72.1,474583,217948,4604
MANGLMCEM,11-AUG-2021,488.5,500.0,441.1,491.0,312327,82953,12977
MANINDS,11-AUG-2021,123.2,125.0,114.5,123.15,600721,274821,9605
MANINFRA,11-AUG-2021,67.2,68.5,64.1,67.15,1713829,1084770,7119
MANUGRAPH,11-AUG-2021,12.6,12.65,11.5,11.8,14693,6208,210
MANXT50,11-AUG-2021,394.0,394.0,385.75,392.27,8704,5330,105
MARALOVER,11-AUG-2021,85.5,85.7,85.5,85.5,26597,24496,176
MARATHON,11-AUG-2021,84.3,85.1,76.2,82.7,98303,49340,1652
MARICO,11-AUG-2021,523.0,526.25,513.6,516.6,2133644,1201016,26770
MARINE,11-AUG-2021,44.5,44.65,41.0,42.9,1185032,315175,7622
MARKSANS,11-AUG-2021,76.5,77.4,69.5,71.9,6701748,2873721,36053
MARUTI,11-AUG-2021,7002.0,7095.0,6925.15,7021.5,414311,169439,53559
MASFIN,11-AUG-2021,779.85,781.0,762.0,770.55,12214,7940,1675
MASTEK,11-AUG-2021,2350.0,2369.0,2225.0,2327.75,245680,136410,22965
MATRIMONY,11-AUG-2021,1097.0,1097.15,1004.95,1041.8,46796,19550,8835
MAXHEALTH,11-AUG-2021,303.65,307.0,291.3,300.6,3658264,1489240,84942
MAXIND,11-AUG-2021,70.9,70.9,69.55,70.65,229596,139345,1211
MAXVIL,11-AUG-2021,87.0,89.0,82.65,88.05,463462,189391,5498
MAYURUNIQ,11-AUG-2021,500.75,504.1,466.0,485.2,117727,59030,7398
MAZDA,11-AUG-2021,584.85,602.5,555.0,565.45,13689,7179,1272
MAZDOCK,11-AUG-2021,241.0,245.0,234.15,239.25,623377,256599,13220
MBAPL,11-AUG-2021,142.05,143.95,133.5,137.75,8886,5985,210
MBLINFRA,11-AUG-2021,20.65,20.65,18.5,19.2,237608,154354,707
MCDHOLDING,11-AUG-2021,45.9,46.0,42.7,43.35,50610,35198,471
MCDOWELL-N,11-AUG-2021,637.3,649.9,629.7,646.05,1765843,1011227,32993
MCL,11-AUG-2021,39.2,40.0,38.0,38.85,90773,59467,895
MCLEODRUSS,11-AUG-2021,24.75,27.5,24.75,24.85,11496588,6282218,10592
MCX,11-AUG-2021,1538.0,1542.15,1489.2,1520.5,250629,92666,25677
MENONBE,11-AUG-2021,74.0,76.0,68.0,70.85,164479,84591,3759
MEP,11-AUG-2021,21.55,21.55,19.3,19.3,684787,338153,1623
METROPOLIS,11-AUG-2021,2791.35,2794.75,2642.0,2675.9,356547,123315,33573
MFSL,11-AUG-2021,1016.55,1081.1,1010.25,1061.95,1802433,344408,63486
MGEL,11-AUG-2021,54.3,54.3,48.65,51.3,59686,51518,241
MGL,11-AUG-2021,1131.6,1133.0,1093.75,1117.85,645398,347646,27630
MHRIL,11-AUG-2021,302.2,307.0,292.8,299.35,256072,124227,5431
MIDHANI,11-AUG-2021,186.4,189.45,181.1,187.35,396296,152001,8447
MINDACORP,11-AUG-2021,128.8,132.9,125.5,131.7,591565,199693,10214
MINDAIND,11-AUG-2021,719.95,729.9,689.9,703.45,350910,126229,15485
MINDTECK,11-AUG-2021,112.15,113.05,111.35,111.35,16023,14950,341
MINDTREE,11-AUG-2021,2800.0,2822.0,2760.0,2804.55,369936,132356,34259
MIRZAINT,11-AUG-2021,57.15,57.95,54.15,55.45,1299468,580477,9283
MITTAL,11-AUG-2021,11.15,11.15,10.25,10.5,50019,26475,216
MMFL,11-AUG-2021,745.0,749.0,708.7,734.8,36846,27230,2083
MMP,11-AUG-2021,150.5,155.6,139.05,148.35,75855,41299,1080
MMTC,11-AUG-2021,44.8,44.8,41.5,42.85,4244231,907588,17113
MODISNME,11-AUG-2021,75.0,76.0,69.6,75.7,434125,100493,10880
MOGSEC,11-AUG-2021,48.39,48.45,48.33,48.35,2025,1722,34
MOIL,11-AUG-2021,173.5,175.45,167.5,172.35,502001,163535,10911
MOKSH,11-AUG-2021,31.7,31.7,30.7,31.25,941605,495730,1002
MOLDTKPAC,11-AUG-2021,506.0,516.1,475.2,499.6,219206,110985,7308
MOM100,11-AUG-2021,28.55,29.45,28.45,28.66,122695,79636,1805
MOM50,11-AUG-2021,162.92,162.92,159.0,161.01,2552,1793,146
MON100,11-AUG-2021,110.86,111.34,110.31,110.9,339066,254819,3850
MONTECARLO,11-AUG-2021,347.45,378.5,325.1,344.85,87135,34391,4732
MORARJEE,11-AUG-2021,17.0,17.45,16.65,16.65,6683,4733,152
MOREPENLAB,11-AUG-2021,54.0,55.4,50.3,53.9,3777269,1773538,18786
MOTHERSUMI,11-AUG-2021,224.1,227.7,218.8,224.4,11820642,2770672,106742
MOTILALOFS,11-AUG-2021,815.5,823.1,776.0,799.05,1200183,366969,33951
MOTOGENFIN,11-AUG-2021,25.3,28.0,25.3,26.9,130558,116915,285
MPHASIS,11-AUG-2021,2727.95,2743.0,2638.0,2673.0,507503,189650,43214
MPSLTD,11-AUG-2021,678.75,702.0,641.3,689.3,27215,12114,3701
MRF,11-AUG-2021,79000.0,79799.65,77300.0,77603.1,16579,4343,10818
MRO-TEK,11-AUG-2021,33.5,33.5,31.0,32.0,7373,5441,90
MRPL,11-AUG-2021,41.0,41.5,39.75,40.55,1638249,634379,7146
MSPL,11-AUG-2021,10.85,11.7,10.8,10.85,337928,248024,580
MSTCLTD,11-AUG-2021,267.0,268.35,253.0,259.8,403158,185697,14036
MTARTECH,11-AUG-2021,1260.0,1274.75,1194.65,1253.2,228636,77097,16866
MTEDUCARE,11-AUG-2021,8.1,8.25,7.2,7.75,332004,192923,763
MTNL,11-AUG-2021,18.9,20.3,17.2,19.25,3987957,958179,7870
MUKTAARTS,11-AUG-2021,38.0,39.25,35.55,39.25,32312,23320,245
MUNJALAU,11-AUG-2021,61.8,62.5,58.05,60.6,339396,129442,4460
MUNJALSHOW,11-AUG-2021,144.85,145.1,137.65,144.45,266189,58789,13362
MURUDCERA,11-AUG-2021,27.8,28.5,25.1,26.9,176627,76540,1762
MUTHOOTCAP,11-AUG-2021,404.55,408.9,392.0,402.05,89955,41636,5120
MUTHOOTFIN,11-AUG-2021,1481.8,1482.05,1402.4,1443.3,2079999,596617,110702
NACLIND,11-AUG-2021,71.0,71.15,63.75,64.95,513688,388827,3573
NAGREEKCAP,11-AUG-2021,8.3,8.3,8.3,8.3,9,9,1
NAGREEKEXP,11-AUG-2021,43.3,43.3,43.3,43.3,4016,4015,35
NAHARCAP,11-AUG-2021,272.35,272.35,272.35,272.35,12117,12114,337
NAHARPOLY,11-AUG-2021,227.55,227.55,227.55,227.55,9258,9258,291
NAM-INDIA,11-AUG-2021,389.0,391.2,374.1,382.1,969190,426583,17213
NATCOPHARM,11-AUG-2021,983.0,1014.0,972.0,1010.55,343880,169026,8800
NATHBIOGEN,11-AUG-2021,374.85,379.85,360.05,369.4,86693,29919,4713
NATIONALUM,11-AUG-2021,79.8,82.8,78.45,82.35,53432083,14374493,128597
NATNLSTEEL,11-AUG-2021,4.45,4.45,4.05,4.1,37275,24932,87
NAUKRI,11-AUG-2021,5479.0,5485.0,5182.05,5375.05,528131,149547,48241
NAVINFLUOR,11-AUG-2021,3880.0,3890.0,3660.2,3747.55,473763,70566,39304
NAVKARCORP,11-AUG-2021,46.3,46.75,42.55,44.4,1444209,620379,9143
NAVNETEDUL,11-AUG-2021,102.8,102.8,98.5,100.45,735396,192821,12330
NAZARA,11-AUG-2021,1674.0,1693.85,1583.6,1643.1,215917,85553,16394
NBCC,11-AUG-2021,46.6,46.6,43.5,45.1,10286771,3688940,36547
NBIFIN,11-AUG-2021,2397.4,2550.0,2301.25,2525.0,3494,1502,740
NBVENTURES,11-AUG-2021,106.8,108.0,99.2,103.9,1200512,445768,13944
NCC,11-AUG-2021,83.0,84.7,79.6,84.2,4001923,1805518,20105
NCLIND,11-AUG-2021,268.0,272.1,243.3,267.1,346065,167509,8098
NCPSESDL24,11-AUG-2021,105.72,105.77,105.65,105.73,561,516,14
NDL,11-AUG-2021,80.3,85.4,79.45,79.45,155771,111164,613
NDTV,11-AUG-2021,77.0,81.95,70.0,80.0,341997,210531,4370
NECCLTD,11-AUG-2021,18.55,18.7,17.1,17.4,211598,104629,650
NECLIFE,11-AUG-2021,29.8,29.8,26.75,29.55,1958156,934005,9252
NELCAST,11-AUG-2021,84.5,85.0,75.7,82.1,376433,148049,5385
NELCO,11-AUG-2021,392.75,427.7,377.0,427.7,1279615,486257,25697
NEOGEN,11-AUG-2021,919.0,925.0,880.2,921.45,90063,43524,7039
NESCO,11-AUG-2021,581.0,607.8,561.0,603.55,317744,48710,16495
NESTLEIND,11-AUG-2021,18315.0,18315.0,18025.35,18167.8,34985,17517,10333
NETF,11-AUG-2021,201.2,201.2,195.0,201.2,704,665,63
NETFCONSUM,11-AUG-2021,68.66,71.45,68.66,70.17,22213,14798,235
NETFDIVOPP,11-AUG-2021,43.0,43.0,40.1,41.54,6206,3164,174
NETFGILT5Y,11-AUG-2021,48.4,48.4,48.33,48.38,39,37,7
NETFIT,11-AUG-2021,32.42,32.44,31.96,32.05,478496,273098,2910
NETFLTGILT,11-AUG-2021,22.45,22.52,22.4,22.42,21056,17591,109
NETFMID150,11-AUG-2021,103.79,107.84,102.02,104.08,175797,101747,1857
NETFNIF100,11-AUG-2021,171.0,171.26,168.56,169.57,248,214,54
NETFNV20,11-AUG-2021,92.29,92.29,90.6,91.62,4151,1424,115
NETFPHARMA,11-AUG-2021,14.78,14.78,14.22,14.36,157900,123590,763
NETFSDL26,11-AUG-2021,104.39,104.39,104.39,104.39,1,1,1
NETWORK18,11-AUG-2021,50.45,50.95,48.05,50.35,1878779,586797,7288
NEXTMEDIA,11-AUG-2021,4.8,4.8,4.45,4.7,3339,3208,24
NFL,11-AUG-2021,58.65,58.65,54.6,56.75,1408437,524417,10198
NH,11-AUG-2021,515.0,518.65,496.2,510.3,490796,297118,28955
NHPC,11-AUG-2021,25.8,26.2,25.3,26.0,4603628,2133918,8435
NIACL,11-AUG-2021,152.0,153.9,146.75,149.6,427832,193416,9713
NIBL,11-AUG-2021,19.7,20.0,18.5,19.35,42591,6787,94
NIFTYBEES,11-AUG-2021,188.95,188.95,160.15,175.37,958183,484661,15558
NIITLTD,11-AUG-2021,307.0,316.65,286.8,313.45,1428287,360245,29222
NILAINFRA,11-AUG-2021,6.7,6.7,5.9,6.05,1157172,602430,4081
NILKAMAL,11-AUG-2021,2640.0,2660.0,2510.25,2578.25,25925,8010,5034
NIPPOBATRY,11-AUG-2021,955.0,964.15,913.4,930.35,19583,8717,2663
NIRAJ,11-AUG-2021,54.15,55.9,48.55,49.35,623880,178624,4640
NITCO,11-AUG-2021,22.0,22.15,21.05,21.9,60272,37158,488
NITIRAJ,11-AUG-2021,51.9,51.95,48.05,51.45,1994,1188,72
NKIND,11-AUG-2021,30.75,33.8,30.05,33.8,2387,1893,45
NLCINDIA,11-AUG-2021,55.8,56.15,53.2,54.95,2011967,767347,11082
NMDC,11-AUG-2021,169.5,172.8,166.95,171.8,13635608,4196007,56920
NOCIL,11-AUG-2021,268.9,273.5,254.3,271.1,2639161,792896,40212
NOIDATOLL,11-AUG-2021,5.95,6.0,5.7,5.8,320166,190000,265
NORBTEAEXP,11-AUG-2021,7.05,7.8,6.55,6.55,5039,3993,19
NOVARTIND,11-AUG-2021,899.0,899.0,832.75,842.3,76857,27784,6832
NPBET,11-AUG-2021,182.0,188.99,180.56,183.99,231,142,45
NRAIL,11-AUG-2021,314.0,314.0,283.05,306.95,95027,44467,5345
NRBBEARING,11-AUG-2021,126.0,127.55,116.8,121.25,364511,167442,10419
NSIL,11-AUG-2021,1741.0,1848.85,1653.0,1814.05,2288,1697,425
NTL,11-AUG-2021,2.8,2.8,2.6,2.8,194288,131317,216
NTPC,11-AUG-2021,114.7,117.3,114.55,116.95,8056886,3728079,49046
NUCLEUS,11-AUG-2021,680.0,680.0,637.1,667.05,104852,43669,7631
NURECA,11-AUG-2021,1678.95,1678.95,1572.45,1611.4,21788,13498,1773
NXTDIGITAL,11-AUG-2021,478.0,478.0,457.0,467.9,6618,4189,391
OAL,11-AUG-2021,825.0,865.0,760.05,853.0,50098,23372,5471
OBEROIRLTY,11-AUG-2021,694.0,700.0,666.55,692.75,343497,93273,21568
OCCL,11-AUG-2021,1077.35,1082.05,1023.05,1043.85,46835,21457,5533
OFSS,11-AUG-2021,4481.0,4509.95,4365.0,4447.35,119334,55381,22727
OIL,11-AUG-2021,161.9,164.95,159.8,163.5,635621,277909,13507
OMAXE,11-AUG-2021,78.35,79.45,73.35,76.7,285492,186659,1761
OMINFRAL,11-AUG-2021,31.0,31.85,29.25,31.15,148499,83971,1170
OMKARCHEM,11-AUG-2021,17.7,18.0,17.7,17.7,52065,31165,141
ONELIFECAP,11-AUG-2021,17.85,17.85,16.15,17.75,210597,139113,757
ONGC,11-AUG-2021,115.5,117.3,114.85,117.0,11308648,4776919,59992
ONMOBILE,11-AUG-2021,124.8,125.0,112.8,121.4,1216181,624056,14467
ONWARDTEC,11-AUG-2021,236.0,246.8,220.4,241.9,101482,49828,2225
ORBTEXP,11-AUG-2021,83.0,86.0,73.05,77.7,71782,34274,2038
ORICONENT,11-AUG-2021,31.0,31.5,28.55,31.5,395345,246848,888
ORIENTABRA,11-AUG-2021,31.9,32.2,28.0,29.9,407263,176421,3465
ORIENTALTL,11-AUG-2021,8.95,9.55,8.5,9.0,52966,23382,292
ORIENTBELL,11-AUG-2021,301.9,361.2,284.0,333.0,201783,85231,6824
ORIENTCEM,11-AUG-2021,160.1,162.45,150.0,154.4,1337629,767104,13704
ORIENTELEC,11-AUG-2021,324.7,326.9,311.45,322.95,691415,216650,16252
ORIENTHOT,11-AUG-2021,35.45,36.7,34.2,35.3,125158,71841,1443
ORIENTLTD,11-AUG-2021,79.35,80.85,73.9,74.55,30548,27265,237
ORIENTPPR,11-AUG-2021,29.35,29.45,27.3,28.7,1704119,675961,6042
ORISSAMINE,11-AUG-2021,2765.0,2886.0,2651.0,2844.1,14704,5893,3282
ORTINLAB,11-AUG-2021,31.9,31.9,28.15,30.05,132599,48281,1113
OSWALAGRO,11-AUG-2021,16.55,16.75,15.8,15.8,66426,62310,204
PAGEIND,11-AUG-2021,32140.0,33054.95,31865.4,32980.6,21990,10074,9330
PAISALO,11-AUG-2021,600.0,611.0,576.85,604.9,59536,30596,2595
PALASHSECU,11-AUG-2021,59.0,65.7,57.3,59.0,16128,13009,165
PALREDTEC,11-AUG-2021,115.75,122.8,100.0,110.5,261085,69924,6548
PANACEABIO,11-AUG-2021,311.2,327.2,306.5,320.7,114243,52930,4257
PANAMAPET,11-AUG-2021,278.0,282.9,251.5,279.8,504564,205729,16850
PARAGMILK,11-AUG-2021,122.3,129.5,118.0,125.9,636124,221572,8020
PARSVNATH,11-AUG-2021,14.55,14.9,14.35,14.35,563890,365906,512
PATELENG,11-AUG-2021,17.8,18.6,16.05,18.0,7680102,3049020,14368
PATINTLOG,11-AUG-2021,22.95,22.95,21.65,21.65,72108,50415,363
PATSPINLTD,11-AUG-2021,10.3,10.3,10.25,10.25,4597,4597,16
PCJEWELLER,11-AUG-2021,22.75,23.2,20.8,22.75,2588936,1105831,8596
PDMJEPAPER,11-AUG-2021,42.0,42.3,39.0,40.6,859675,248625,8778
PDSMFL,11-AUG-2021,1399.0,1444.0,1254.95,1350.55,21260,11033,2807
PEARLPOLY,11-AUG-2021,15.8,16.0,15.3,15.9,17514,16416,114
PEL,11-AUG-2021,2790.0,2790.1,2630.05,2729.7,1439236,492414,69520
PENIND,11-AUG-2021,35.2,35.5,30.85,34.1,2137499,841226,9291
PERSISTENT,11-AUG-2021,3167.0,3185.85,3085.0,3095.55,287709,197429,13401
PETRONET,11-AUG-2021,214.35,215.8,211.5,214.25,1997023,774082,23306
PFC,11-AUG-2021,128.6,129.45,125.05,128.9,4078203,1617690,28463
PFIZER,11-AUG-2021,5849.95,5849.95,5674.0,5748.75,118525,50364,10751
PFOCUS,11-AUG-2021,54.0,55.1,48.45,51.3,102261,59633,977
PFS,11-AUG-2021,19.7,19.7,17.0,18.9,2239163,1192561,4537
PGEL,11-AUG-2021,350.0,350.0,325.2,341.1,31753,21072,944
PGHH,11-AUG-2021,12560.0,12585.75,12310.1,12399.25,6029,4101,1953
PGHL,11-AUG-2021,5416.0,5435.9,5315.75,5347.95,6541,3578,1993
PGIL,11-AUG-2021,378.95,378.95,331.1,357.45,79113,45624,4305
PHILIPCARB,11-AUG-2021,245.05,248.9,233.05,240.9,1429167,509922,27446
PHOENIXLTD,11-AUG-2021,844.9,855.55,823.8,842.35,190790,116938,7818
PIDILITIND,11-AUG-2021,2226.05,2274.0,2175.45,2260.25,1518493,479428,88411
PIIND,11-AUG-2021,3110.0,3115.35,3024.9,3066.85,331808,164994,24869
PILANIINVS,11-AUG-2021,1890.0,1898.6,1845.15,1878.5,2539,1324,624
PILITA,11-AUG-2021,6.95,7.05,6.6,6.8,879764,532930,1571
PIONDIST,11-AUG-2021,125.7,128.95,124.0,127.25,11458,7543,147
PIONEEREMB,11-AUG-2021,66.05,68.3,60.1,65.3,526204,216796,4589
PITTIENG,11-AUG-2021,180.5,180.5,180.5,180.5,41778,41778,854
PLASTIBLEN,11-AUG-2021,269.9,271.05,253.25,260.1,101120,45734,3904
PNB,11-AUG-2021,37.6,37.8,36.6,37.4,60555697,15986514,78086
PNBGILTS,11-AUG-2021,69.0,69.0,62.9,65.35,1398361,755340,9489
PNC,11-AUG-2021,36.5,37.65,33.5,35.05,42772,22521,461
PNCINFRA,11-AUG-2021,294.5,304.5,275.5,294.35,1974086,907203,35729
PODDARHOUS,11-AUG-2021,187.0,191.45,178.05,183.4,12658,8093,303
PODDARMENT,11-AUG-2021,346.0,357.95,305.95,341.0,88196,33834,6812
POKARNA,11-AUG-2021,405.0,467.0,379.85,451.6,594621,259373,22658
POLYCAB,11-AUG-2021,1828.9,1842.45,1795.0,1806.75,286015,143784,18864
POLYMED,11-AUG-2021,890.0,916.95,855.2,903.95,174687,69965,15528
POLYPLEX,11-AUG-2021,1420.5,1481.0,1325.45,1469.55,415826,125912,22696
POWERGRID,11-AUG-2021,172.95,177.0,172.55,176.35,23459974,12929312,114440
POWERINDIA,11-AUG-2021,1840.0,1870.0,1741.0,1796.65,53497,26020,7690
POWERMECH,11-AUG-2021,810.0,819.7,768.0,804.25,86907,43945,5989
PPAP,11-AUG-2021,253.0,278.0,228.45,247.0,87282,33377,4270
PPL,11-AUG-2021,173.5,173.9,145.1,163.25,704296,270363,17304
PRAKASH,11-AUG-2021,75.0,75.25,70.5,73.35,2095846,1160700,12264
PRAKASHSTL,11-AUG-2021,1.95,1.95,1.85,1.95,7184127,2772696,1869
PRAXIS,11-AUG-2021,43.6,45.7,42.5,45.2,17905,13527,178
PRECAM,11-AUG-2021,88.8,92.7,80.25,91.1,635326,273530,11403
PRECOT,11-AUG-2021,244.85,268.9,244.85,265.35,46117,35452,466
PRECWIRE,11-AUG-2021,208.8,218.35,194.3,214.9,58965,26659,2898
PREMIER,11-AUG-2021,4.75,4.95,4.75,4.95,39060,39052,126
PREMIERPOL,11-AUG-2021,87.3,87.3,77.6,78.1,92673,47262,1372
PRESSMN,11-AUG-2021,33.05,33.05,27.35,30.0,195559,120261,2160
PRESTIGE,11-AUG-2021,348.1,372.0,323.65,360.95,2410341,668304,55049
PRICOLLTD,11-AUG-2021,86.2,87.7,81.4,83.85,1391429,442535,12015
PRIMESECU,11-AUG-2021,94.5,94.5,91.4,91.45,105414,60343,330
PRINCEPIPE,11-AUG-2021,642.55,655.0,622.0,636.75,384027,176619,32600
PRITIKAUTO,11-AUG-2021,18.5,19.0,16.85,17.9,138839,62604,671
PRIVISCL,11-AUG-2021,1623.25,1648.0,1482.0,1585.95,93856,48000,9438
PROZONINTU,11-AUG-2021,30.95,31.8,29.1,31.2,313021,167194,2219
PRSMJOHNSN,11-AUG-2021,134.7,136.55,131.1,133.9,660618,456429,9461
PSB,11-AUG-2021,17.45,17.45,16.35,16.55,1047420,578321,2419
PSPPROJECT,11-AUG-2021,432.25,437.0,416.7,426.8,76932,40326,4460
PSUBNKBEES,11-AUG-2021,25.6,25.89,25.0,25.72,1852545,1633201,2578
PTC,11-AUG-2021,98.0,98.2,92.55,95.9,801343,508964,13604
PTL,11-AUG-2021,47.15,48.4,43.2,46.65,158771,97095,2297
PUNJABCHEM,11-AUG-2021,1314.0,1314.0,1164.1,1237.55,25428,14092,2978
PURVA,11-AUG-2021,100.6,102.5,93.35,100.05,956352,231113,14168
PVP,11-AUG-2021,7.0,7.5,6.3,6.8,1328684,627456,1589
PVR,11-AUG-2021,1436.0,1438.4,1356.05,1390.55,1236917,124549,58005
QGOLDHALF,11-AUG-2021,2005.95,2005.95,1996.1,1997.0,337,332,39
QNIFTY,11-AUG-2021,1694.0,1694.0,1688.0,1688.0,40,29,13
QUESS,11-AUG-2021,855.4,855.4,805.0,822.0,237583,141521,21287
QUICKHEAL,11-AUG-2021,231.75,232.9,216.2,224.6,918300,214451,19174
RADAAN,11-AUG-2021,1.0,1.0,1.0,1.0,8054,8054,5
RADICO,11-AUG-2021,855.1,903.0,851.0,892.05,1539013,780127,40294
RADIOCITY,11-AUG-2021,24.5,25.2,23.4,24.5,876545,534967,1885
RAILTEL,11-AUG-2021,130.9,136.3,126.5,130.9,1226769,388777,19562
RAIN,11-AUG-2021,225.0,235.25,216.0,233.75,5764682,1390485,58926
RAJESHEXPO,11-AUG-2021,614.9,618.7,605.25,611.05,288862,120516,9440
RAJSREESUG,11-AUG-2021,24.75,25.75,23.5,24.35,52115,23324,495
RALLIS,11-AUG-2021,300.45,301.95,286.35,299.65,602723,291386,13965
RAMANEWS,11-AUG-2021,20.85,20.95,18.9,20.4,216845,95824,1138
RAMCOCEM,11-AUG-2021,1007.0,1019.65,983.2,1006.95,357738,97916,22024
RAMCOIND,11-AUG-2021,302.05,304.75,276.8,294.15,454385,260771,9068
RAMCOSYS,11-AUG-2021,491.15,492.45,468.05,487.4,130572,49847,6896
RANEENGINE,11-AUG-2021,315.1,318.6,292.55,305.05,23026,6997,1333
RANEHOLDIN,11-AUG-2021,678.0,693.85,637.15,663.45,88996,38839,7184
RATNAMANI,11-AUG-2021,2095.0,2165.0,2040.0,2144.25,41294,19173,6478
RAYMOND,11-AUG-2021,410.9,416.8,393.4,412.95,700205,174883,15151
RBL,11-AUG-2021,938.0,942.4,892.0,920.35,13292,4744,1863
RBLBANK,11-AUG-2021,173.0,178.35,166.55,177.7,11623960,2719273,90440
RCF,11-AUG-2021,75.25,75.6,71.3,74.5,3417480,880843,19200
RCOM,11-AUG-2021,3.0,3.05,2.85,2.95,22708363,8475452,13455
RECLTD,11-AUG-2021,148.4,149.75,145.75,148.65,4369880,2123086,19169
REDINGTON,11-AUG-2021,322.0,323.0,305.0,320.05,696612,443907,32303
REFEX,11-AUG-2021,130.0,132.7,120.2,124.25,183521,85266,6405
RELAXO,11-AUG-2021,1142.6,1150.0,1122.55,1145.35,92840,43401,11146
RELCAPITAL,11-AUG-2021,15.6,15.8,14.8,15.15,1909955,1031823,5456
RELIANCE,11-AUG-2021,2096.95,2120.0,2083.4,2117.3,4238859,2089484,138291
RELIGARE,11-AUG-2021,145.5,154.95,138.0,150.65,3127893,1515955,19892
REPCOHOME,11-AUG-2021,326.0,326.0,298.4,320.85,165857,80207,8712
REPL,11-AUG-2021,239.85,241.0,218.05,239.75,125941,90901,2782
REPRO,11-AUG-2021,520.0,558.9,483.0,491.1,770857,84850,42671
RESPONIND,11-AUG-2021,130.55,133.9,125.0,127.5,35574,17982,895
REVATHI,11-AUG-2021,641.05,646.15,612.05,619.7,4163,2979,286
RGL,11-AUG-2021,689.6,689.95,618.0,663.15,50309,15017,2951
RHIM,11-AUG-2021,349.95,379.9,331.5,372.7,392023,124753,11957
RICOAUTO,11-AUG-2021,51.7,51.9,48.0,51.1,999014,337959,6966
RIIL,11-AUG-2021,635.7,637.5,603.0,616.55,197561,68281,8485
RITES,11-AUG-2021,265.95,269.85,258.0,265.65,292901,116080,7219
RKEC,11-AUG-2021,81.7,84.5,69.0,79.25,215592,99144,4404
RKFORGE,11-AUG-2021,930.0,948.2,891.45,926.05,156311,56474,5894
RML,11-AUG-2021,398.7,399.3,371.0,382.1,43566,15463,3691
ROHLTD,11-AUG-2021,73.2,74.5,69.0,71.35,134426,82355,2138
ROLEXRINGS,11-AUG-2021,1131.45,1149.9,1073.0,1126.65,986550,246590,47633
ROLLT,11-AUG-2021,2.65,2.7,2.45,2.6,241478,163251,537
ROML,11-AUG-2021,69.0,69.0,56.5,66.75,24374,11394,425
ROSSARI,11-AUG-2021,1365.7,1372.7,1301.6,1350.05,163364,42837,11871
ROSSELLIND,11-AUG-2021,164.7,167.35,145.1,161.3,435839,176164,13515
ROUTE,11-AUG-2021,1946.0,1950.95,1864.15,1917.9,324898,103183,26434
RPGLIFE,11-AUG-2021,511.6,554.7,490.0,538.95,572590,124149,22656
RPPINFRA,11-AUG-2021,77.5,80.85,74.1,80.45,401783,147756,8410
RPSGVENT,11-AUG-2021,648.5,656.2,606.15,630.45,148421,68229,7942
RSSOFTWARE,11-AUG-2021,32.0,32.45,27.85,29.1,160800,88286,1143
RSWM,11-AUG-2021,362.5,362.5,362.5,362.5,25990,25988,282
RSYSTEMS,11-AUG-2021,195.35,196.45,187.65,191.2,208272,122024,7924
RUBYMILLS,11-AUG-2021,287.9,294.0,266.2,287.05,51081,13193,3076
RUCHI,11-AUG-2021,1090.0,1090.0,1011.55,1053.95,24451,13756,2621
RUCHIRA,11-AUG-2021,91.5,92.0,84.05,87.25,155469,80522,2738
RUPA,11-AUG-2021,482.5,486.15,450.0,477.75,441699,230281,14360
RUSHIL,11-AUG-2021,272.05,285.85,268.05,282.5,33716,19785,1012
RVHL,11-AUG-2021,21.4,21.4,19.6,19.65,37543,26213,148
RVNL,11-AUG-2021,29.4,29.5,28.7,29.05,2909148,1005488,9960
S&SPOWER,11-AUG-2021,19.85,21.1,18.35,20.5,2106,1746,28
SADBHAV,11-AUG-2021,64.55,64.9,60.1,63.1,856930,425447,8484
SADBHIN,11-AUG-2021,22.2,22.3,21.4,21.4,757296,541521,1402
SAFARI,11-AUG-2021,694.4,772.8,684.2,736.9,40039,13311,3536
SAGCEM,11-AUG-2021,1450.1,1522.0,1424.9,1510.05,52841,30134,4752
SAIL,11-AUG-2021,130.2,135.25,127.6,134.75,83411121,22391294,216879
SAKAR,11-AUG-2021,159.05,178.95,145.05,176.0,323748,108763,13659
SAKSOFT,11-AUG-2021,689.0,696.0,641.95,684.9,104321,51623,7304
SALASAR,11-AUG-2021,307.0,314.2,288.0,307.85,108849,34292,4846
SALONA,11-AUG-2021,199.05,199.05,179.15,186.2,42782,17101,779
SALZERELEC,11-AUG-2021,164.85,167.9,155.15,162.55,114596,53012,4224
SANCO,11-AUG-2021,9.05,9.05,8.25,8.75,31244,19409,116
SANDESH,11-AUG-2021,871.15,890.0,841.05,879.75,4943,2390,562
SANDHAR,11-AUG-2021,267.9,276.5,246.5,273.55,146348,59635,8591
SANGAMIND,11-AUG-2021,153.7,153.7,153.7,153.7,8939,8292,103
SANGHIIND,11-AUG-2021,75.0,75.85,70.05,74.4,1614288,823083,9218
SANGHVIMOV,11-AUG-2021,186.9,195.0,170.0,193.75,210407,92274,5097
SANGINITA,11-AUG-2021,29.8,29.8,25.55,26.4,304013,61853,2022
SANOFI,11-AUG-2021,9274.9,9274.9,8780.0,8822.6,53812,32923,10069
SARLAPOLY,11-AUG-2021,45.0,45.85,38.7,44.65,1495405,462724,9893
SASKEN,11-AUG-2021,1220.05,1251.4,1181.05,1221.25,38308,16406,4314
SATIA,11-AUG-2021,95.8,97.7,88.5,95.5,568173,159620,8340
SATIN,11-AUG-2021,80.85,80.9,76.0,80.2,188089,97644,2892
SBCL,11-AUG-2021,160.2,170.0,148.0,166.75,145331,74974,2447
SBICARD,11-AUG-2021,1027.95,1035.0,995.0,1032.6,854619,388363,42700
SBIETFCON,11-AUG-2021,64.5,65.6,63.91,64.69,5608,4173,112
SBIETFIT,11-AUG-2021,324.99,324.99,319.1,322.05,2031,1389,88
SBIETFPB,11-AUG-2021,188.63,188.7,183.97,185.54,715,660,49
SBIETFQLTY,11-AUG-2021,143.43,143.98,141.1,143.44,7772,6736,117
SBILIFE,11-AUG-2021,1130.0,1142.1,1113.1,1135.4,1458158,835837,89491
SBIN,11-AUG-2021,429.8,432.9,423.15,428.05,23827946,7236657,224842
SCAPDVR,11-AUG-2021,3.45,3.45,3.45,3.45,49218,49218,48
SCHAEFFLER,11-AUG-2021,6840.0,6850.0,6426.05,6709.85,20249,13120,7601
SCHAND,11-AUG-2021,120.0,126.35,116.1,125.1,182207,87880,2354
SCHNEIDER,11-AUG-2021,124.0,124.65,115.8,122.85,830566,287181,10918
SCI,11-AUG-2021,105.0,105.85,101.55,105.05,2242494,681459,14964
SDBL,11-AUG-2021,41.55,45.25,41.55,42.2,488225,373373,1614
SEAMECLTD,11-AUG-2021,674.35,682.95,611.75,659.85,77633,56747,1591
SECURKLOUD,11-AUG-2021,91.0,93.45,86.05,89.0,62911,31563,2304
SELAN,11-AUG-2021,144.5,148.75,136.0,141.5,77099,37771,3044
SEPOWER,11-AUG-2021,8.5,8.5,7.8,8.05,54651,42364,174
SEQUENT,11-AUG-2021,247.0,254.35,224.4,239.4,13298047,4377245,150371
SESHAPAPER,11-AUG-2021,194.0,194.95,181.5,187.45,118844,39252,5548
SETCO,11-AUG-2021,20.25,20.25,17.65,18.7,453183,266480,1545
SETF10GILT,11-AUG-2021,205.0,205.0,203.25,204.75,40,20,6
SETFGOLD,11-AUG-2021,4142.5,4142.5,4122.0,4134.65,8927,6730,1216
SETFNIF50,11-AUG-2021,168.0,168.0,165.02,165.95,404950,329483,2241
SETFNIFBK,11-AUG-2021,359.49,360.9,355.25,357.46,84095,64109,911
SETFNN50,11-AUG-2021,412.99,412.99,400.6,408.98,11819,10729,509
SEYAIND,11-AUG-2021,61.7,65.65,61.05,63.8,29678,21852,458
SFL,11-AUG-2021,2285.0,2325.0,2253.45,2300.0,14504,6474,3946
SGIL,11-AUG-2021,165.1,168.85,150.95,164.25,18273,12359,521
SGL,11-AUG-2021,15.25,15.9,14.4,14.45,223651,129596,532
SHAKTIPUMP,11-AUG-2021,702.0,705.0,644.0,680.3,195440,112836,11180
SHALBY,11-AUG-2021,193.1,194.4,177.0,186.15,1094225,322094,19384
SHALPAINTS,11-AUG-2021,102.45,104.05,96.4,102.4,273698,98789,5493
SHANKARA,11-AUG-2021,546.85,594.0,522.35,584.55,446497,82156,23805
SHANTIGEAR,11-AUG-2021,174.85,178.35,165.3,176.85,459786,128276,15987
SHARDACROP,11-AUG-2021,316.7,318.05,297.05,312.2,171908,65645,6690
SHAREINDIA,11-AUG-2021,553.0,557.05,516.25,536.95,68044,31156,4924
SHARIABEES,11-AUG-2021,424.98,424.98,416.0,420.1,4009,3144,78
SHEMAROO,11-AUG-2021,119.0,119.75,110.0,117.1,102438,59996,1621
SHILPAMED,11-AUG-2021,594.0,602.95,563.6,586.35,546114,148441,13975
SHIVAMAUTO,11-AUG-2021,23.75,24.75,21.8,23.55,135051,83050,831
SHIVAMILLS,11-AUG-2021,92.5,96.0,91.75,91.75,16927,13817,148
SHIVATEX,11-AUG-2021,201.0,201.0,175.95,183.9,63726,38524,2018
SHK,11-AUG-2021,153.85,156.85,146.4,152.45,457989,220786,6218
SHOPERSTOP,11-AUG-2021,236.25,238.25,226.0,233.2,211161,65353,6750
SHRADHA,11-AUG-2021,56.95,56.95,51.2,53.0,710,259,44
SHREDIGCEM,11-AUG-2021,85.0,86.1,74.7,80.3,2060257,834327,20537
SHREECEM,11-AUG-2021,27215.0,27418.0,26385.05,26547.5,91088,33252,27676
SHREEPUSHK,11-AUG-2021,167.5,167.6,150.1,161.1,371100,135925,12509
SHREERAMA,11-AUG-2021,14.15,14.4,13.3,13.4,103672,67619,416
SHRENIK,11-AUG-2021,1.55,1.55,1.45,1.5,5207380,3940277,3199
SHREYANIND,11-AUG-2021,129.7,130.0,115.0,126.1,132125,57160,4611
SHREYAS,11-AUG-2021,210.3,213.9,203.95,205.75,81665,47870,1469
SHRIRAMCIT,11-AUG-2021,1803.0,1834.0,1745.55,1809.75,22409,9805,4233
SHRIRAMEPC,11-AUG-2021,5.15,5.25,5.05,5.15,1359826,951970,693
SHYAMCENT,11-AUG-2021,14.45,15.6,14.25,15.4,1136048,874400,1610
SHYAMMETL,11-AUG-2021,409.2,414.8,392.0,406.5,1175593,405778,23862
SICAL,11-AUG-2021,12.05,12.3,11.0,11.5,469013,223157,1240
SIEMENS,11-AUG-2021,1979.95,2218.1,1970.0,2191.4,4434169,1011493,217784
SIGIND,11-AUG-2021,50.0,52.0,49.25,51.0,68020,36976,993
SILGO,11-AUG-2021,36.9,36.9,33.5,35.15,21645,10166,258
SILLYMONKS,11-AUG-2021,20.3,21.35,19.45,19.55,6964,6697,27
SIMPLEXINF,11-AUG-2021,39.75,39.75,37.05,38.7,335918,292708,992
SINTERCOM,11-AUG-2021,87.65,87.8,78.55,83.1,38006,26780,445
SINTEX,11-AUG-2021,4.1,4.15,3.7,4.0,2819181,1658004,2114
SIRCA,11-AUG-2021,315.15,328.45,283.0,324.95,157933,65835,6901
SIS,11-AUG-2021,448.85,456.9,426.55,442.8,257584,104293,13291
SITINET,11-AUG-2021,1.65,1.65,1.65,1.65,352337,352337,374
SIYSIL,11-AUG-2021,387.9,387.9,343.0,365.75,194205,85576,9694
SJVN,11-AUG-2021,26.7,26.9,26.25,26.65,1467101,730649,4598
SKFINDIA,11-AUG-2021,2905.0,2905.0,2791.35,2803.05,17822,7161,4645
SKIL,11-AUG-2021,3.6,3.7,3.6,3.6,46253,42851,80
SKIPPER,11-AUG-2021,85.0,85.9,77.35,82.9,565189,206683,8002
SKMEGGPROD,11-AUG-2021,82.95,83.65,77.55,80.1,216203,103754,3505
SMARTLINK,11-AUG-2021,108.25,111.6,101.8,110.9,58956,18763,2367
SMCGLOBAL,11-AUG-2021,87.0,87.85,81.25,84.35,395094,185796,4354
SMLISUZU,11-AUG-2021,587.9,588.45,564.1,579.15,48461,30225,4028
SMSLIFE,11-AUG-2021,758.3,758.45,713.65,746.7,9397,5732,880
SMSPHARMA,11-AUG-2021,180.0,183.9,171.05,176.5,246991,102187,6470
SNOWMAN,11-AUG-2021,45.95,46.6,43.7,45.2,1309774,607854,6695
SOBHA,11-AUG-2021,584.0,593.65,552.75,585.85,200642,74078,8853
SOLARA,11-AUG-2021,1750.05,1768.0,1687.05,1760.1,84358,48467,11006
SOLARINDS,11-AUG-2021,1693.0,1715.75,1624.05,1681.55,66385,35767,9250
SOMATEX,11-AUG-2021,7.0,7.65,6.3,7.0,58927,31527,258
SOMICONVEY,11-AUG-2021,44.7,46.75,41.2,44.6,38286,21339,626
SONACOMS,11-AUG-2021,497.8,522.9,478.35,498.9,7578893,1319688,153914
SONATSOFTW,11-AUG-2021,850.0,857.65,805.1,832.85,325923,88503,18885
SORILINFRA,11-AUG-2021,114.15,114.15,104.2,112.4,78125,43352,1341
SOTL,11-AUG-2021,1653.25,1669.9,1582.0,1626.3,68678,30563,6235
SOUTHBANK,11-AUG-2021,10.05,10.05,9.45,9.8,20925886,8365326,55198
SOUTHWEST,11-AUG-2021,81.0,85.5,80.65,80.65,45080,35163,345
SPAL,11-AUG-2021,327.0,328.9,290.0,321.65,114272,67676,6392
SPANDANA,11-AUG-2021,629.0,661.0,619.55,642.7,151959,68024,8322
SPARC,11-AUG-2021,283.0,283.0,270.0,277.05,1458590,321302,19829
SPECIALITY,11-AUG-2021,69.0,69.85,63.8,68.2,201260,95554,3104
SPENCERS,11-AUG-2021,96.4,99.45,90.05,94.85,1320411,415287,14097
SPIC,11-AUG-2021,53.1,54.25,48.7,53.7,2139700,857252,12979
SPICEJET,11-AUG-2021,68.75,69.0,65.85,67.85,2372201,899530,19478
SPLIL,11-AUG-2021,53.95,54.0,47.15,50.9,246495,113598,3309
SPMLINFRA,11-AUG-2021,12.25,14.55,12.2,14.55,401930,191062,1027
SPTL,11-AUG-2021,4.05,4.2,3.9,4.0,4409726,2331704,2306
SREEL,11-AUG-2021,162.55,166.85,149.6,154.1,64258,34415,2057
SRF,11-AUG-2021,8890.0,8965.2,8704.0,8763.0,168755,69573,31631
SRHHYPOLTD,11-AUG-2021,323.5,324.0,305.0,315.95,28008,14831,1857
SRIPIPES,11-AUG-2021,209.9,213.35,200.0,211.0,224355,73879,6229
SRTRANSFIN,11-AUG-2021,1277.0,1297.95,1243.8,1295.0,1555492,483970,43073
SSWL,11-AUG-2021,1482.3,1575.0,1450.05,1560.2,60316,29514,4338
STAR,11-AUG-2021,697.8,700.0,656.7,677.15,1079483,221491,31924
STARCEMENT,11-AUG-2021,111.9,112.45,105.6,108.9,765897,271544,10680
STARPAPER,11-AUG-2021,157.9,157.9,147.7,154.15,290090,73241,6617
STCINDIA,11-AUG-2021,104.1,111.8,104.1,110.4,112646,50084,2672
STEELCITY,11-AUG-2021,64.8,65.7,61.55,64.25,111506,69607,1308
STEELXIND,11-AUG-2021,76.7,79.5,74.0,76.35,734923,358572,3705
STEL,11-AUG-2021,112.8,112.8,102.0,110.9,133046,51909,4371
STERTOOLS,11-AUG-2021,216.05,228.25,201.6,211.95,132321,60107,6027
STLTECH,11-AUG-2021,282.45,287.15,262.15,277.85,727563,270114,16463
STOVEKRAFT,11-AUG-2021,773.0,792.0,733.2,764.55,236454,95023,15380
STYLAMIND,11-AUG-2021,1136.1,1200.0,1030.0,1123.95,27610,15700,2317
SUBEXLTD,11-AUG-2021,52.3,52.75,43.15,49.1,34851516,8382248,108160
SUBROS,11-AUG-2021,309.85,311.5,293.95,306.2,54587,25607,3575
SUDARSCHEM,11-AUG-2021,649.0,661.9,623.25,644.35,554240,186713,21546
SUMICHEM,11-AUG-2021,404.75,410.25,386.45,403.95,783151,285348,22656
SUMMITSEC,11-AUG-2021,703.0,725.0,688.05,702.95,15801,8351,1355
SUNCLAYLTD,11-AUG-2021,3516.0,3574.0,3404.85,3501.3,5980,3200,1536
SUNDARMFIN,11-AUG-2021,2560.0,2572.35,2510.05,2540.65,9409,4508,2216
SUNDARMHLD,11-AUG-2021,83.05,85.85,79.75,83.0,546078,254962,5799
SUNDRMBRAK,11-AUG-2021,417.8,418.0,387.65,393.75,10120,4794,784
SUNDRMFAST,11-AUG-2021,762.3,769.4,735.5,739.45,138561,116401,4716
SUNFLAG,11-AUG-2021,86.0,87.0,80.3,85.6,2012807,448397,15391
SUNPHARMA,11-AUG-2021,794.0,795.0,773.3,779.55,4275776,1884377,93384
SUNTECK,11-AUG-2021,372.7,376.8,353.0,371.75,1123825,238292,22290
SUNTV,11-AUG-2021,526.1,532.0,517.0,525.3,1410296,588112,19048
SUPERHOUSE,11-AUG-2021,155.0,156.45,145.1,151.0,35167,14958,1342
SUPRAJIT,11-AUG-2021,312.1,319.85,299.7,311.05,220508,109882,9972
SUPREMEENG,11-AUG-2021,32.0,35.0,29.5,32.25,91040,65071,394
SUPREMEIND,11-AUG-2021,2060.0,2070.0,1988.05,2023.85,71311,40875,13172
SURANASOL,11-AUG-2021,12.75,13.35,12.75,13.35,138600,122878,254
SURANAT&P,11-AUG-2021,6.8,6.8,6.15,6.35,247431,142273,748
SURYAROSNI,11-AUG-2021,560.05,568.7,530.0,552.3,221558,87686,9696
SURYODAY,11-AUG-2021,188.2,189.75,182.45,183.3,129259,75624,3002
SUTLEJTEX,11-AUG-2021,63.25,63.55,56.5,61.9,507757,232967,7339
SUULD,11-AUG-2021,558.75,558.75,540.0,558.75,49331,33576,1538
SUVEN,11-AUG-2021,79.1,79.95,73.0,77.4,712483,284446,7603
SUVENPHAR,11-AUG-2021,543.3,549.8,507.2,535.0,521525,196851,23662
SUVIDHAA,11-AUG-2021,23.25,23.3,20.6,21.3,101021,58957,686
SUZLON,11-AUG-2021,6.45,6.5,6.15,6.25,41759379,16159670,23368
SVPGLOB,11-AUG-2021,116.0,118.0,106.05,109.95,116683,84367,1581
SWANENERGY,11-AUG-2021,128.4,129.7,119.15,126.15,306161,66509,8519
SWARAJENG,11-AUG-2021,1804.85,1824.75,1753.5,1792.25,29714,11412,4573
SWELECTES,11-AUG-2021,228.55,232.55,204.15,219.1,49771,30391,1742
SWSOLAR,11-AUG-2021,269.0,271.65,256.25,267.85,1003065,331859,16477
SYMPHONY,11-AUG-2021,911.35,924.9,890.0,918.85,55494,22588,5480
SYNGENE,11-AUG-2021,619.7,630.0,593.05,624.95,409686,164951,14965
TAJGVK,11-AUG-2021,126.7,127.3,119.0,123.05,175221,81291,4939
TAKE,11-AUG-2021,59.35,59.55,54.45,57.95,1624067,600492,11141
TALBROAUTO,11-AUG-2021,300.05,300.05,275.2,297.45,95952,38041,4487
TARAPUR,11-AUG-2021,5.05,5.4,4.95,4.95,14433,11544,37
TARMAT,11-AUG-2021,78.5,80.8,72.0,79.4,224207,112623,3638
TASTYBITE,11-AUG-2021,17199.0,17380.6,16500.0,16588.6,4100,2129,1919
TATACHEM,11-AUG-2021,847.45,862.7,836.0,859.85,4877031,892856,110939
TATACOFFEE,11-AUG-2021,203.95,204.6,192.05,196.5,3409030,716527,33665
TATACOMM,11-AUG-2021,1405.15,1420.0,1340.1,1389.15,530040,289084,22269
TATACONSUM,11-AUG-2021,771.9,774.2,752.0,765.0,1391781,586991,45493
TATAELXSI,11-AUG-2021,4259.0,4259.0,4110.0,4195.3,141010,83968,24827
TATAINVEST,11-AUG-2021,1261.4,1280.0,1198.95,1233.05,210730,38852,14197
TATAMETALI,11-AUG-2021,1192.7,1214.95,1151.2,1191.6,295296,88163,12597
TATAMOTORS,11-AUG-2021,295.3,297.8,286.45,295.45,20802022,3835051,199065
TATAMTRDVR,11-AUG-2021,137.8,138.9,133.1,136.1,1036011,479516,11152
TATAPOWER,11-AUG-2021,130.3,131.65,126.5,129.6,32222624,8346759,122120
TATASTEEL,11-AUG-2021,1390.0,1429.7,1384.2,1426.2,14535357,2292616,304687
TATVA,11-AUG-2021,2044.0,2058.0,2001.0,2011.15,132078,57165,12706
TBZ,11-AUG-2021,72.8,74.0,68.55,71.6,810334,233155,10298
TCI,11-AUG-2021,425.6,435.0,402.45,424.05,41162,20505,2580
TCIDEVELOP,11-AUG-2021,330.0,341.05,304.8,320.75,1640,717,171
TCIEXP,11-AUG-2021,1300.0,1450.0,1293.7,1384.25,211224,49538,20944
TCIFINANCE,11-AUG-2021,4.9,5.3,4.9,5.1,926,824,7
TCNSBRANDS,11-AUG-2021,546.5,551.1,527.65,543.25,36671,16731,3026
TCPLPACK,11-AUG-2021,510.15,524.0,481.0,513.6,24505,12456,2840
TCS,11-AUG-2021,3350.0,3360.0,3327.1,3344.2,1929707,1138089,104272
TDPOWERSYS,11-AUG-2021,192.5,192.5,176.05,183.4,58345,34981,1762
TEAMLEASE,11-AUG-2021,3760.0,3940.0,3691.15,3791.5,24168,6598,5676
TECHIN,11-AUG-2021,5.0,5.0,4.6,4.8,33952,5148,66
TECHM,11-AUG-2021,1323.05,1326.75,1298.35,1323.6,3430349,2045486,102017
TECHNOE,11-AUG-2021,286.0,292.15,277.0,289.05,220815,131511,7809
TEMBO,11-AUG-2021,220.0,230.0,202.25,227.65,147076,47854,1701
TEXINFRA,11-AUG-2021,60.65,62.5,57.4,62.1,55295,35775,626
TEXMOPIPES,11-AUG-2021,56.35,56.7,51.8,53.1,359291,213211,2669
TEXRAIL,11-AUG-2021,34.3,36.0,32.3,34.05,2205547,589205,11654
TFCILTD,11-AUG-2021,70.5,70.5,65.3,65.7,699287,272009,8158
TFL,11-AUG-2021,5.5,5.5,5.05,5.15,4656,4451,17
TGBHOTELS,11-AUG-2021,7.95,8.2,7.0,7.35,47857,26934,186
THANGAMAYL,11-AUG-2021,864.0,864.0,789.0,831.55,89154,26680,6917
THEINVEST,11-AUG-2021,116.85,116.85,100.15,104.45,24477,12611,433
THEMISMED,11-AUG-2021,920.0,987.35,865.35,937.65,31040,14161,2026
THERMAX,11-AUG-2021,1324.0,1339.7,1286.95,1335.2,124615,83522,15394
THOMASCOOK,11-AUG-2021,59.6,60.4,55.5,58.6,566211,301328,5738
THYROCARE,11-AUG-2021,1327.65,1330.0,1303.2,1312.65,187599,117564,6851
TIIL,11-AUG-2021,672.0,710.0,650.0,688.9,74027,51036,4798
TIINDIA,11-AUG-2021,1194.0,1200.0,1120.0,1186.6,347608,257011,12183
TIL,11-AUG-2021,184.8,184.8,171.05,175.85,22562,12423,940
TIMESGTY,11-AUG-2021,49.95,53.8,44.1,45.65,30417,11397,528
TIMETECHNO,11-AUG-2021,83.25,83.5,75.35,79.25,952598,426984,12819
TIMKEN,11-AUG-2021,1554.0,1557.0,1515.05,1532.4,157109,108380,9419
TINPLATE,11-AUG-2021,234.1,241.7,226.05,239.8,657327,175944,16050
TIRUMALCHM,11-AUG-2021,197.0,198.1,178.7,191.8,1933341,746195,22444
TITAN,11-AUG-2021,1805.0,1815.0,1773.55,1789.4,748179,270614,40571
TMRVL,11-AUG-2021,19.35,19.35,17.1,17.6,60821,39824,557
TNPETRO,11-AUG-2021,129.0,129.0,116.2,124.65,1431638,635457,17278
TNPL,11-AUG-2021,144.5,146.0,139.75,142.2,228195,83260,4363
TOKYOPLAST,11-AUG-2021,104.8,104.8,95.6,98.5,28570,14646,999
TORNTPHARM,11-AUG-2021,3029.0,3046.6,2881.45,2902.05,737709,384614,36198
TORNTPOWER,11-AUG-2021,455.45,459.05,448.55,457.2,482111,155114,14062
TOTAL,11-AUG-2021,56.9,59.5,52.55,55.5,104579,71454,954
TOUCHWOOD,11-AUG-2021,121.4,134.1,121.4,131.8,49808,34648,498
TPLPLASTEH,11-AUG-2021,341.45,345.6,304.05,307.75,43872,25255,2754
TREJHARA,11-AUG-2021,59.0,60.7,51.95,57.6,122438,57253,2872
TRENT,11-AUG-2021,921.0,930.0,852.0,900.5,2959134,822062,73888
TRF,11-AUG-2021,116.9,119.9,111.1,114.0,19796,9084,486
TRIDENT,11-AUG-2021,19.8,20.35,19.0,19.55,30099267,11328021,38767
TRIGYN,11-AUG-2021,133.25,136.0,129.4,132.15,204726,124706,2363
TRIL,11-AUG-2021,29.0,30.0,25.25,29.2,942192,403316,5524
TRITURBINE,11-AUG-2021,115.95,116.4,107.1,113.95,203489,62633,5060
TRIVENI,11-AUG-2021,170.0,175.0,167.55,172.9,873269,436764,12989
TTKHLTCARE,11-AUG-2021,709.0,734.0,663.95,711.5,32436,10387,3654
TTKPRESTIG,11-AUG-2021,8769.0,8822.25,8675.05,8789.65,4935,2263,2069
TTL,11-AUG-2021,68.0,73.4,64.05,71.75,97139,39682,1423
TV18BRDCST,11-AUG-2021,37.65,38.4,36.05,38.2,8072083,2575707,16410
TVSELECT,11-AUG-2021,182.0,185.0,171.0,175.3,80293,35778,1724
TVSMOTOR,11-AUG-2021,557.6,562.5,544.05,560.85,1737537,660586,25808
TVSSRICHAK,11-AUG-2021,2103.7,2164.0,2061.4,2154.65,25839,12953,4225
TVTODAY,11-AUG-2021,285.25,296.0,272.3,290.5,96200,36162,4146
TVVISION,11-AUG-2021,2.5,2.5,2.5,2.5,34079,33051,76
TWL,11-AUG-2021,83.2,85.0,76.7,82.85,1699960,543845,14185
UBL,11-AUG-2021,1393.65,1399.0,1365.15,1389.3,204233,49591,15651
UCALFUEL,11-AUG-2021,144.5,144.5,136.6,139.95,61100,29341,1787
UCOBANK,11-AUG-2021,12.9,12.95,12.35,12.6,4411278,1977669,17536
UFLEX,11-AUG-2021,536.0,542.8,512.55,516.75,579681,283985,13493
UFO,11-AUG-2021,95.15,104.0,91.0,95.2,369872,173982,5890
UGARSUGAR,11-AUG-2021,27.35,28.8,26.3,28.8,884056,319783,2575
UGROCAP,11-AUG-2021,114.85,115.85,108.55,114.5,21750,11310,278
UJAAS,11-AUG-2021,2.7,2.75,2.45,2.65,1546090,1100688,1227
UJJIVAN,11-AUG-2021,215.0,215.0,206.0,211.05,381754,162828,6426
UJJIVANSFB,11-AUG-2021,26.2,26.2,25.1,25.55,3264817,1758240,11329
ULTRACEMCO,11-AUG-2021,7465.0,7548.0,7366.7,7452.45,129339,35211,21025
UMANGDAIRY,11-AUG-2021,81.0,81.0,75.05,76.75,136046,36463,3955
UMESLTD,11-AUG-2021,4.25,4.55,4.1,4.4,28730,21813,79
UNICHEMLAB,11-AUG-2021,282.6,287.45,275.0,285.5,66952,31522,3451
UNIDT,11-AUG-2021,339.75,342.3,314.95,338.3,62487,31730,2483
UNIENTER,11-AUG-2021,121.0,128.25,113.65,117.5,40955,20059,1918
UNIONBANK,11-AUG-2021,34.55,34.8,33.6,34.7,8409147,2958855,14749
UNITEDTEA,11-AUG-2021,432.5,432.5,391.0,399.75,12471,5854,780
UNIVASTU,11-AUG-2021,46.0,48.6,43.5,44.5,21152,13337,239
UNIVCABLES,11-AUG-2021,176.7,178.5,165.0,171.5,53681,32163,1794
UNIVPHOTO,11-AUG-2021,280.0,293.0,261.5,280.05,10776,7758,476
UPL,11-AUG-2021,772.0,781.9,757.0,773.8,3147475,1223689,62525
URJA,11-AUG-2021,6.55,6.7,6.5,6.55,3614513,1544624,6121
USHAMART,11-AUG-2021,66.7,68.8,61.55,68.1,3308229,1574027,13415
UTIAMC,11-AUG-2021,982.0,1019.0,937.15,1005.2,361059,159015,28342
UTIBANKETF,11-AUG-2021,36.46,36.46,35.48,36.01,7318,4890,131
UTINEXT50,11-AUG-2021,40.62,41.69,40.3,40.84,8338,6829,148
UTINIFTETF,11-AUG-2021,1746.0,1746.0,1698.1,1712.79,1412,1292,52
UTISENSETF,11-AUG-2021,572.99,572.99,565.95,568.1,2062,1770,60
UTISXN50,11-AUG-2021,46.95,46.95,44.95,45.1,282,230,49
V2RETAIL,11-AUG-2021,111.55,117.45,105.45,115.85,118651,85160,1513
VADILALIND,11-AUG-2021,1136.15,1160.0,1056.0,1147.65,56924,29114,3223
VAIBHAVGBL,11-AUG-2021,775.95,780.0,754.0,767.1,103296,64234,12252
VAISHALI,11-AUG-2021,39.55,39.8,36.25,38.5,76342,40405,741
VAKRANGEE,11-AUG-2021,31.35,31.35,29.15,30.15,4051734,2111182,11814
VALIANTORG,11-AUG-2021,1407.45,1422.9,1327.75,1381.95,73467,19404,7883
VARDHACRLC,11-AUG-2021,67.45,70.8,61.15,69.25,599787,311055,5655
VARROC,11-AUG-2021,329.0,331.2,311.55,317.25,162679,71403,7974
VASCONEQ,11-AUG-2021,24.3,24.55,22.25,24.5,2290742,1544369,3667
VASWANI,11-AUG-2021,13.0,13.0,11.9,12.5,73478,61029,147
VBL,11-AUG-2021,754.6,778.95,720.65,772.45,570277,316660,21104
VEDL,11-AUG-2021,307.55,325.0,307.4,324.45,31209044,7920947,234007
VENKEYS,11-AUG-2021,2800.0,2855.2,2751.0,2786.9,80780,23879,10748
VENUSREM,11-AUG-2021,562.05,564.0,504.0,523.2,170628,69121,7994
VERTOZ,11-AUG-2021,138.4,140.0,126.55,131.0,141003,57405,4807
VESUVIUS,11-AUG-2021,1165.05,1238.0,1102.35,1224.3,54891,18398,6265
VETO,11-AUG-2021,121.95,121.95,104.45,106.8,463497,254816,9441
VGUARD,11-AUG-2021,237.5,240.5,230.3,235.25,653395,328355,16389
VHL,11-AUG-2021,3178.85,3237.8,3050.0,3107.3,2214,1339,345
VIDHIING,11-AUG-2021,312.75,313.0,280.0,298.35,266888,130704,6663
VIKASECO,11-AUG-2021,2.3,2.3,2.2,2.2,4986574,2503722,1544
VIKASPROP,11-AUG-2021,2.3,2.3,2.15,2.2,1373643,948204,6931
VIKASWSP,11-AUG-2021,4.9,5.05,4.85,5.0,455288,276414,423
VIMTALABS,11-AUG-2021,278.0,293.9,262.5,281.3,203172,96766,8400
VINATIORGA,11-AUG-2021,1918.0,1933.9,1835.1,1899.1,135979,80213,12717
VINDHYATEL,11-AUG-2021,1281.0,1299.5,1181.0,1229.25,45690,20711,5271
VINEETLAB,11-AUG-2021,97.9,100.5,91.95,93.35,74166,38478,1414
VINYLINDIA,11-AUG-2021,180.8,184.45,171.9,178.0,639684,183087,17066
VIPIND,11-AUG-2021,400.9,406.95,374.0,385.8,523310,227558,18377
VIPULLTD,11-AUG-2021,32.55,33.5,32.5,32.5,14974,10899,124
VISAKAIND,11-AUG-2021,755.0,755.0,701.05,735.75,79325,44625,6084
VISASTEEL,11-AUG-2021,10.55,10.9,10.4,10.4,26830,25641,127
VISHAL,11-AUG-2021,110.25,110.25,110.25,110.25,50490,50216,292
VISHNU,11-AUG-2021,587.0,608.95,562.05,599.8,25184,14133,1008
VISHWARAJ,11-AUG-2021,154.7,157.6,149.4,155.6,685712,234546,8906
VIVIDHA,11-AUG-2021,0.8,0.85,0.75,0.8,2821919,2259808,1339
VIVIMEDLAB,11-AUG-2021,22.8,23.0,21.05,22.15,303148,183100,1777
VLSFINANCE,11-AUG-2021,202.0,202.0,182.15,192.5,262641,137332,8053
VMART,11-AUG-2021,3553.0,3630.7,3368.0,3424.1,62552,27010,10287
VOLTAMP,11-AUG-2021,1510.0,1589.4,1415.05,1572.8,31057,11012,5195
VOLTAS,11-AUG-2021,996.5,1003.35,955.7,1000.5,3056763,1667809,83777
VRLLOG,11-AUG-2021,320.0,320.0,300.5,304.15,270905,111131,11872
VSSL,11-AUG-2021,253.8,286.8,242.5,281.45,1107488,348805,36021
VSTIND,11-AUG-2021,3341.3,3367.15,3326.0,3348.75,4026,2273,1012
VSTTILLERS,11-AUG-2021,1970.0,1977.05,1885.0,1904.75,41686,20528,5986
VTL,11-AUG-2021,1773.35,1784.65,1671.35,1748.65,317912,150656,25658
WABAG,11-AUG-2021,347.0,353.35,325.0,342.0,491203,256084,14397
WABCOINDIA,11-AUG-2021,7300.0,7343.5,7055.95,7298.7,12970,7829,1355
WALCHANNAG,11-AUG-2021,65.05,66.05,60.8,62.7,240786,107440,3545
WATERBASE,11-AUG-2021,116.4,119.0,108.5,111.75,246414,89673,5699
WEBELSOLAR,11-AUG-2021,63.1,65.4,59.25,63.9,331349,221826,3644
WEIZMANIND,11-AUG-2021,50.9,50.9,47.15,48.5,12737,6763,392
WELCORP,11-AUG-2021,124.75,128.2,121.15,127.55,2228827,699939,18407
WELENT,11-AUG-2021,100.0,100.0,92.0,96.65,282399,135934,4727
WELINV,11-AUG-2021,342.05,369.95,342.05,350.15,895,480,120
WELSPUNIND,11-AUG-2021,123.75,130.0,118.0,127.15,2544905,1352931,27455
WENDT,11-AUG-2021,4205.0,4294.0,4031.0,4110.65,2397,1201,634
WESTLIFE,11-AUG-2021,501.4,509.8,482.0,500.15,101695,41152,7058
WHEELS,11-AUG-2021,830.0,833.2,771.85,821.6,52590,22874,3392
WHIRLPOOL,11-AUG-2021,2108.0,2108.0,1991.55,2028.95,255706,142405,34589
WILLAMAGOR,11-AUG-2021,20.9,22.8,19.65,21.65,89814,42897,426
WINDMACHIN,11-AUG-2021,30.4,30.4,28.7,29.45,172471,106975,726
WIPRO,11-AUG-2021,601.9,606.5,598.45,601.25,4282513,1861141,87120
WOCKPHARMA,11-AUG-2021,500.0,501.75,470.0,477.25,616786,293780,20749
WONDERLA,11-AUG-2021,234.0,235.9,220.25,227.6,229758,67996,19030
WORTH,11-AUG-2021,97.75,97.75,85.8,93.05,49929,29571,1125
WSI,11-AUG-2021,4.5,4.5,4.5,4.5,145,145,3
WSTCSTPAPR,11-AUG-2021,261.0,262.55,243.0,254.7,347948,110466,8290
XCHANGING,11-AUG-2021,111.1,115.95,102.3,114.15,1313341,523732,14176
XPROINDIA,11-AUG-2021,239.4,264.5,239.4,264.5,132502,84005,2239
YESBANK,11-AUG-2021,12.35,12.35,11.9,11.95,120719125,71817356,104695
ZEEL,11-AUG-2021,184.9,184.9,177.6,181.5,18273459,6259768,87223
ZEELEARN,11-AUG-2021,13.9,14.75,12.75,13.6,1236300,590541,2676
ZEEMEDIA,11-AUG-2021,10.6,10.85,10.3,10.4,2400491,1308384,2231
ZENITHEXPO,11-AUG-2021,77.5,84.5,73.35,80.8,2551,1955,128
ZENSARTECH,11-AUG-2021,401.7,404.65,377.5,394.9,1151550,331388,31539
ZENTEC,11-AUG-2021,84.6,86.3,81.1,84.75,365723,106460,6007
ZODIACLOTH,11-AUG-2021,117.0,121.95,103.5,115.7,158389,75714,3636
ZODJRDMKJ,11-AUG-2021,31.65,32.0,29.55,29.6,5060,4440,85
ZOMATO,11-AUG-2021,123.0,138.75,123.0,135.65,111702781,22430014,387786
ZOTA,11-AUG-2021,326.05,349.85,319.0,347.75,285782,137598,4256
ZYDUSWELL,11-AUG-2021,2225.0,2248.5,2125.05,2225.05,37535,14641,5411
