20MICRONS,12-AUG-2021,58.6,61.8,58.55,61.15,67303,37686,1205
21STCENMGM,12-AUG-2021,26.75,26.75,26.75,26.75,2176,2176,10
3MINDIA,12-AUG-2021,23810.0,24966.15,23704.85,24596.85,11674,2805,4573
5PAISA,12-AUG-2021,485.0,497.0,480.05,490.65,31793,14364,1211
63MOONS,12-AUG-2021,98.9,100.9,97.05,99.3,58727,29855,1326
A2ZINFRA,12-AUG-2021,4.45,4.6,4.35,4.6,372363,244552,444
AAKASH,12-AUG-2021,276.0,276.0,262.0,268.75,75399,33416,1355
AAREYDRUGS,12-AUG-2021,40.4,42.0,39.45,40.95,61802,40226,905
AARON,12-AUG-2021,113.0,113.0,105.3,109.45,8238,6345,258
AARTIDRUGS,12-AUG-2021,648.15,662.0,645.2,657.25,145423,47469,8807
AARTIIND,12-AUG-2021,923.0,936.75,920.35,926.6,568088,187359,19181
AARTISURF,12-AUG-2021,1480.0,1549.75,1470.1,1521.2,77827,28782,7689
AARVEEDEN,12-AUG-2021,22.9,23.2,21.15,23.2,11945,9689,120
AARVI,12-AUG-2021,64.9,67.0,63.55,66.8,42823,25366,413
AAVAS,12-AUG-2021,2571.05,2655.0,2560.0,2616.95,55090,22810,7052
ABAN,12-AUG-2021,43.8,44.9,42.75,43.75,78541,37945,1267
ABB,12-AUG-2021,1677.0,1724.4,1666.0,1718.35,78404,44583,8360
ABBOTINDIA,12-AUG-2021,18350.4,18656.9,18201.1,18596.8,15607,9191,3673
ABCAPITAL,12-AUG-2021,115.75,117.45,114.8,116.5,1998445,559393,15007
ABFRL,12-AUG-2021,209.0,212.75,208.0,209.7,2292417,861493,27826
ABSLBANETF,12-AUG-2021,356.55,357.85,356.0,357.75,100166,100013,60
ABSLNN50ET,12-AUG-2021,399.0,400.7,397.55,400.0,117,99,7
ACC,12-AUG-2021,2278.35,2329.95,2255.0,2292.0,593594,195044,27775
ACCELYA,12-AUG-2021,1350.0,1372.9,1332.9,1344.25,58360,15575,5092
ACCURACY,12-AUG-2021,112.7,116.0,105.35,109.4,108648,54109,3227
ACE,12-AUG-2021,215.7,234.55,215.55,229.35,933115,285288,19646
ACRYSIL,12-AUG-2021,608.0,641.0,602.95,638.95,145750,71738,5379
ADANIENT,12-AUG-2021,1443.6,1458.0,1430.25,1442.9,2455443,651296,41283
ADANIPORTS,12-AUG-2021,701.0,710.4,700.0,704.05,5068665,1015218,80831
ADFFOODS,12-AUG-2021,779.0,822.0,771.95,812.75,33038,18222,2425
ADORWELD,12-AUG-2021,680.0,713.8,679.45,693.5,17630,10511,2407
ADROITINFO,12-AUG-2021,9.35,9.35,9.35,9.35,1165,1165,4
ADSL,12-AUG-2021,59.95,63.0,58.65,61.75,200265,120990,2433
ADVANIHOTR,12-AUG-2021,70.4,74.7,70.15,73.8,101271,49210,2911
ADVENZYMES,12-AUG-2021,386.0,397.95,385.1,390.0,252179,79203,9694
AEGISCHEM,12-AUG-2021,263.5,288.0,263.35,283.3,953589,306623,22237
AGARIND,12-AUG-2021,315.0,321.65,312.0,321.65,16541,14800,256
AGRITECH,12-AUG-2021,45.75,46.9,44.25,46.65,16169,6896,277
AGROPHOS,12-AUG-2021,16.7,18.0,16.2,17.9,455105,308701,1115
AHLADA,12-AUG-2021,166.25,183.45,166.25,180.5,260540,157962,4454
AHLEAST,12-AUG-2021,184.0,184.0,176.25,178.4,2068,1004,152
AHLUCONT,12-AUG-2021,363.8,381.1,363.8,370.4,126662,100207,2998
AHLWEST,12-AUG-2021,289.95,292.0,284.0,288.65,2458,1745,80
AIAENG,12-AUG-2021,1951.0,2000.0,1945.0,1949.1,54800,39132,6740
AJANTPHARM,12-AUG-2021,2262.8,2281.7,2216.25,2253.25,140918,108674,8469
AJOONI,12-AUG-2021,59.3,59.95,56.4,57.0,11469,8549,272
AKASH,12-AUG-2021,183.3,185.95,175.55,179.55,42223,34556,697
AKG,12-AUG-2021,23.8,25.4,23.8,24.25,10281,8257,73
AKSHARCHEM,12-AUG-2021,437.5,464.7,437.5,447.5,66048,32308,5175
AKZOINDIA,12-AUG-2021,2133.0,2177.8,2132.95,2146.45,7600,3934,1821
ALANKIT,12-AUG-2021,13.8,15.75,13.7,15.4,1477567,697288,4303
ALBERTDAVD,12-AUG-2021,582.0,655.0,582.0,637.1,382851,136623,18713
ALEMBICLTD,12-AUG-2021,108.8,113.7,108.5,113.0,391818,137818,8891
ALICON,12-AUG-2021,825.0,910.0,821.75,897.95,59809,35362,4212
ALKALI,12-AUG-2021,74.1,80.4,73.55,77.9,50770,25162,1617
ALKEM,12-AUG-2021,3683.0,3687.95,3628.2,3645.6,148555,40471,15736
ALKYLAMINE,12-AUG-2021,4227.8,4274.0,4180.0,4235.0,44644,20063,7667
ALLCARGO,12-AUG-2021,200.0,208.7,195.75,204.7,2335469,550705,22415
ALLSEC,12-AUG-2021,422.1,434.8,417.05,428.9,9670,6258,640
ALMONDZ,12-AUG-2021,70.7,70.85,68.05,70.85,54375,47211,331
ALOKINDS,12-AUG-2021,22.1,22.6,21.9,22.35,3973827,1758045,8181
ALPA,12-AUG-2021,50.2,56.2,50.2,55.15,88085,59529,770
ALPHAGEO,12-AUG-2021,319.05,339.0,318.65,335.85,48873,26590,3387
AMARAJABAT,12-AUG-2021,724.0,733.0,720.7,729.5,637971,228313,16908
AMBER,12-AUG-2021,2859.7,2942.5,2858.45,2923.9,47887,17066,8913
AMBICAAGAR,12-AUG-2021,18.0,19.0,18.0,18.65,10823,4231,118
AMBIKCO,12-AUG-2021,1600.0,1625.0,1540.0,1577.5,94161,30991,9966
AMBUJACEM,12-AUG-2021,400.3,408.0,395.45,399.8,4066743,1227817,55739
AMDIND,12-AUG-2021,26.85,26.85,25.4,26.4,15907,10247,204
AMJLAND,12-AUG-2021,33.1,35.25,33.1,33.75,79547,45719,726
AMRUTANJAN,12-AUG-2021,679.0,699.0,668.5,681.35,78238,42454,3832
ANDHRAPAP,12-AUG-2021,239.0,243.9,237.0,238.95,35219,20374,1893
ANDHRSUGAR,12-AUG-2021,562.0,571.9,551.95,562.45,121191,52957,4458
ANDREWYU,12-AUG-2021,26.4,27.45,26.0,27.1,154833,96549,1112
ANGELBRKG,12-AUG-2021,1202.25,1249.95,1196.9,1239.9,295097,137399,16936
ANIKINDS,12-AUG-2021,19.6,20.45,18.8,20.45,51346,28546,224
ANMOL,12-AUG-2021,205.0,209.7,195.0,199.75,25723,12451,2268
ANSALAPI,12-AUG-2021,9.3,9.85,9.0,9.2,306508,162132,638
ANSALHSG,12-AUG-2021,7.35,7.55,7.2,7.55,41073,26952,95
ANUP,12-AUG-2021,982.95,1040.0,965.0,1027.8,65885,29190,7047
ANURAS,12-AUG-2021,715.0,748.05,715.0,736.3,197250,110685,9177
APARINDS,12-AUG-2021,623.0,649.9,615.05,629.05,325295,117969,16351
APCL,12-AUG-2021,475.0,493.0,470.3,486.65,54162,24270,3355
APCOTEXIND,12-AUG-2021,345.0,347.0,338.1,341.6,38039,23962,1728
APEX,12-AUG-2021,325.0,337.15,322.0,328.65,247064,99702,7021
APLAPOLLO,12-AUG-2021,1674.75,1693.7,1655.75,1673.7,124914,81922,14898
APLLTD,12-AUG-2021,760.0,766.05,753.55,757.7,275285,131739,10644
APOLLO,12-AUG-2021,116.4,117.95,115.75,116.7,127452,46207,7866
APOLLOHOSP,12-AUG-2021,4027.0,4142.95,3975.35,4133.1,556973,160980,41549
APOLLOPIPE,12-AUG-2021,1327.7,1345.0,1302.4,1315.75,32838,19495,2801
APOLLOTYRE,12-AUG-2021,215.4,225.0,213.05,224.5,8200307,2082965,49347
APOLSINHOT,12-AUG-2021,972.6,1008.7,786.65,910.85,90581,17267,12102
APTECHT,12-AUG-2021,246.15,266.0,246.15,263.8,450289,148078,9741
ARENTERP,12-AUG-2021,19.65,19.65,19.65,19.65,2023,2023,18
ARIES,12-AUG-2021,155.0,174.4,153.05,165.25,284761,103654,6690
ARIHANT,12-AUG-2021,27.95,29.8,27.15,29.4,18556,7330,251
ARIHANTCAP,12-AUG-2021,132.0,156.4,131.4,155.9,535158,192166,9696
ARIHANTSUP,12-AUG-2021,128.95,129.0,119.0,122.65,187576,122840,2108
ARMANFIN,12-AUG-2021,651.0,727.45,650.8,677.0,28601,12826,3353
AROGRANITE,12-AUG-2021,68.8,72.4,68.7,70.15,73623,30891,1880
ARROWGREEN,12-AUG-2021,154.7,157.15,139.2,154.05,25518,12600,815
ARSHIYA,12-AUG-2021,26.05,27.7,26.05,26.75,21840,12881,297
ARSSINFRA,12-AUG-2021,28.3,29.95,28.0,29.55,19081,10303,474
ARTEMISMED,12-AUG-2021,320.0,334.45,320.0,333.15,6215,4580,252
ARVIND,12-AUG-2021,98.1,101.5,98.0,100.05,1276045,479008,12352
ARVINDFASN,12-AUG-2021,207.45,207.8,195.0,200.8,543246,237621,8927
ARVSMART,12-AUG-2021,125.85,125.85,122.25,124.1,56051,27163,1561
ASAHIINDIA,12-AUG-2021,359.0,362.4,356.4,359.25,36716,16613,1868
ASAHISONG,12-AUG-2021,348.0,372.4,341.9,369.2,70860,31420,4477
ASALCBR,12-AUG-2021,462.0,473.85,459.55,465.55,69365,28211,3263
ASHIANA,12-AUG-2021,157.0,163.35,153.65,160.9,112407,48651,4066
ASHIMASYN,12-AUG-2021,18.35,19.4,16.8,18.75,59313,29504,307
ASHOKA,12-AUG-2021,98.3,101.5,98.2,100.7,796560,280596,7248
ASHOKLEY,12-AUG-2021,134.4,134.8,132.15,133.6,10595949,3047458,49320
ASIANHOTNR,12-AUG-2021,80.8,83.75,80.8,83.1,3735,2151,150
ASIANPAINT,12-AUG-2021,2974.0,2985.25,2958.0,2975.5,438552,216514,39076
ASIANTILES,12-AUG-2021,170.0,173.5,169.0,171.7,199992,95707,3828
ASPINWALL,12-AUG-2021,189.95,204.8,189.75,202.8,18370,9920,1347
ASTEC,12-AUG-2021,1284.1,1353.6,1270.0,1347.55,19108,8291,2638
ASTERDM,12-AUG-2021,158.0,166.9,150.8,164.3,1654989,584714,20667
ASTRAL,12-AUG-2021,1995.0,2015.0,1951.1,1990.95,543011,291427,45978
ASTRAMICRO,12-AUG-2021,154.0,161.75,154.0,158.2,391730,162668,5572
ASTRAZEN,12-AUG-2021,3178.0,3219.0,3170.75,3200.95,11337,4938,2896
ASTRON,12-AUG-2021,56.95,58.25,56.5,57.2,245778,102622,2820
ATFL,12-AUG-2021,1010.0,1029.9,995.0,999.15,11117,4523,1590
ATUL,12-AUG-2021,8892.0,9000.0,8850.0,8896.5,9294,5914,5156
ATULAUTO,12-AUG-2021,200.0,202.85,198.75,199.55,125249,51359,3879
AUBANK,12-AUG-2021,1289.9,1328.8,1282.0,1323.6,961655,134171,31391
AUROPHARMA,12-AUG-2021,862.0,864.4,822.1,826.2,4086652,1994572,112827
AUTOAXLES,12-AUG-2021,1305.0,1364.0,1286.9,1313.75,40392,15081,4439
AUTOIND,12-AUG-2021,57.7,60.8,55.35,60.8,115301,62441,1087
AVADHSUGAR,12-AUG-2021,440.0,454.0,438.3,445.95,124027,40741,4537
AVANTIFEED,12-AUG-2021,581.25,612.0,569.3,592.2,1261882,126770,46472
AVTNPL,12-AUG-2021,66.5,77.7,66.5,76.65,1408678,464198,15426
AWHCL,12-AUG-2021,360.0,390.0,353.2,372.25,2349724,554109,67552
AXISBANK,12-AUG-2021,759.0,763.4,753.35,757.35,3572081,1397795,95442
AXISBNKETF,12-AUG-2021,357.69,359.82,357.0,359.45,4443,4378,19
AXISBPSETF,12-AUG-2021,10.21,10.21,10.19,10.2,4644,4413,73
AXISCADES,12-AUG-2021,79.65,82.3,78.65,81.2,76125,46074,948
AXISGOLD,12-AUG-2021,46.4,46.4,40.4,40.54,153247,104484,3428
AXISHCETF,12-AUG-2021,89.4,90.5,89.11,89.71,2294,1750,148
AXISNIFTY,12-AUG-2021,169.2,170.9,169.2,170.68,12296,7017,299
AXISTECETF,12-AUG-2021,319.0,324.5,315.0,324.39,14602,9697,88
AYMSYNTEX,12-AUG-2021,86.3,88.0,83.05,84.85,129580,65175,4111
BAFNAPH,12-AUG-2021,149.45,149.45,140.0,144.7,2220,1109,156
BAGFILMS,12-AUG-2021,3.4,3.6,3.4,3.55,136164,76584,200
BAJAJ-AUTO,12-AUG-2021,3746.8,3777.0,3736.0,3769.35,316454,111173,32257
BAJAJCON,12-AUG-2021,258.0,271.15,253.3,260.25,1646431,560225,37979
BAJAJELEC,12-AUG-2021,1051.0,1084.75,1041.25,1050.5,259490,148409,12036
BAJAJFINSV,12-AUG-2021,14210.0,14380.0,14130.0,14340.7,160934,36007,26001
BAJAJHLDNG,12-AUG-2021,3999.0,4080.0,3959.15,4036.6,29005,11625,5196
BAJFINANCE,12-AUG-2021,6181.0,6254.9,6151.25,6199.5,794602,272040,62309
BALAJITELE,12-AUG-2021,62.15,66.7,62.1,64.75,589105,133068,6780
BALAMINES,12-AUG-2021,3326.6,3450.0,3326.55,3439.55,63242,25134,8773
BALAXI,12-AUG-2021,565.05,582.5,559.95,567.65,1836,1318,181
BALKRISIND,12-AUG-2021,2290.0,2370.0,2244.9,2299.85,581279,395641,20712
BALMLAWRIE,12-AUG-2021,129.4,133.45,129.4,132.9,265299,139996,4120
BALPHARMA,12-AUG-2021,98.7,102.8,95.05,100.25,110451,40708,1714
BALRAMCHIN,12-AUG-2021,349.0,356.2,346.7,353.75,1368294,658008,18537
BANARBEADS,12-AUG-2021,69.9,75.05,69.9,75.05,49095,23070,781
BANARISUG,12-AUG-2021,1829.95,1830.0,1785.0,1822.1,4618,1706,831
BANCOINDIA,12-AUG-2021,153.5,162.35,153.5,161.0,230576,83151,10900
BANDHANBNK,12-AUG-2021,295.2,296.7,292.4,294.95,3762732,1329193,58730
BANKA,12-AUG-2021,73.65,73.7,70.4,71.75,6614,3830,287
BANKBARODA,12-AUG-2021,80.75,82.0,80.1,81.55,26238192,7801751,56777
BANKBEES,12-AUG-2021,417.0,417.0,359.76,361.93,236068,60231,5849
BANKINDIA,12-AUG-2021,68.35,69.65,67.6,68.85,1943902,496763,9161
BANSWRAS,12-AUG-2021,195.0,200.85,190.85,190.85,58155,40969,1169
BARBEQUE,12-AUG-2021,1086.4,1117.8,1062.35,1070.3,206138,47028,13949
BASF,12-AUG-2021,3839.0,3865.5,3692.05,3757.3,112855,33142,11768
BASML,12-AUG-2021,92.8,95.95,92.75,95.95,63007,48396,537
BATAINDIA,12-AUG-2021,1656.0,1755.0,1656.0,1675.05,3829161,354548,142282
BAYERCROP,12-AUG-2021,5836.0,5925.25,5836.0,5882.4,8004,4028,2379
BBL,12-AUG-2021,1420.0,1443.8,1392.35,1410.6,14267,7531,1839
BBTC,12-AUG-2021,1140.0,1166.35,1140.0,1158.5,45743,17424,5734
BCLIND,12-AUG-2021,240.65,249.95,240.65,248.0,172423,91806,6183
BCP,12-AUG-2021,3.75,4.05,3.75,4.0,602152,380883,415
BDL,12-AUG-2021,376.05,386.65,375.1,384.3,103728,45433,4640
BEARDSELL,12-AUG-2021,13.65,14.75,13.4,14.55,29070,19071,106
BECTORFOOD,12-AUG-2021,405.0,409.4,399.7,405.6,148960,62610,8454
BEL,12-AUG-2021,171.9,174.25,170.0,173.85,5988887,2135795,31948
BEML,12-AUG-2021,1295.0,1323.1,1294.55,1317.9,99029,34127,5197
BEPL,12-AUG-2021,186.9,194.95,186.5,193.4,1257248,489745,12801
BERGEPAINT,12-AUG-2021,818.5,826.9,805.45,814.95,635482,336832,22834
BESTAGRO,12-AUG-2021,567.0,580.1,555.0,580.1,66446,56932,520
BFINVEST,12-AUG-2021,353.1,370.95,353.1,363.25,58316,12994,3808
BFUTILITIE,12-AUG-2021,434.45,459.85,434.45,450.25,233200,72452,6862
BGRENERGY,12-AUG-2021,52.1,56.8,52.05,55.8,181943,81740,2799
BHAGERIA,12-AUG-2021,237.0,247.85,237.0,243.75,136612,49226,7252
BHAGYANGR,12-AUG-2021,50.8,57.7,44.0,57.6,1571125,535027,9602
BHAGYAPROP,12-AUG-2021,31.4,32.2,31.0,31.95,53207,43114,253
BHANDARI,12-AUG-2021,3.0,3.15,2.95,3.15,560537,430381,344
BHARATFORG,12-AUG-2021,787.0,844.8,775.05,827.5,15755004,1843354,271903
BHARATGEAR,12-AUG-2021,119.4,130.85,118.55,129.4,88308,44737,3523
BHARATRAS,12-AUG-2021,12632.0,13372.95,12211.0,13242.0,8023,3455,3236
BHARTIARTL,12-AUG-2021,623.0,628.95,617.0,623.15,8274954,2227799,123439
BHEL,12-AUG-2021,54.65,56.2,54.5,55.85,29271670,4726397,51121
BIGBLOC,12-AUG-2021,116.0,122.0,115.5,120.7,50588,25461,1062
BIL,12-AUG-2021,216.1,232.9,216.0,227.4,5801,2548,464
BINDALAGRO,12-AUG-2021,24.45,25.55,24.3,25.2,190005,126313,1538
BIOCON,12-AUG-2021,373.0,375.7,371.15,374.4,876559,316392,16333
BIOFILCHEM,12-AUG-2021,67.0,68.45,66.2,67.1,19664,13518,530
BIRLACORPN,12-AUG-2021,1329.9,1376.5,1301.0,1369.75,178917,106661,12350
BIRLAMONEY,12-AUG-2021,68.0,72.0,67.6,71.0,251217,117767,3117
BIRLATYRE,12-AUG-2021,24.6,26.5,24.2,26.15,349337,236140,2172
BLBLIMITED,12-AUG-2021,10.3,11.3,10.3,11.3,183428,102125,603
BLISSGVS,12-AUG-2021,113.75,116.5,113.4,114.0,566300,178382,5753
BLKASHYAP,12-AUG-2021,26.3,29.3,26.3,29.15,1207787,765917,2100
BLS,12-AUG-2021,154.5,157.65,150.6,152.6,649891,237785,10762
BLUEDART,12-AUG-2021,5470.0,5605.0,5469.75,5572.95,17423,8145,3649
BLUESTARCO,12-AUG-2021,808.0,820.0,790.55,810.9,47706,21979,3932
BODALCHEM,12-AUG-2021,109.0,110.5,107.1,108.9,497244,212439,6712
BOMDYEING,12-AUG-2021,91.35,97.55,91.05,96.6,6335773,1195448,33272
BOROLTD,12-AUG-2021,207.5,219.0,207.5,218.0,91871,51427,2765
BOSCHLTD,12-AUG-2021,14313.0,14499.15,14274.0,14306.95,22560,9080,7515
BPCL,12-AUG-2021,452.0,455.4,442.1,448.15,6283857,1885630,82124
BPL,12-AUG-2021,35.4,36.5,35.0,35.7,63626,37144,898
BRIGADE,12-AUG-2021,325.4,341.2,324.8,337.6,730239,452033,10247
BRITANNIA,12-AUG-2021,3634.4,3642.95,3607.5,3620.8,232971,114370,20705
BRNL,12-AUG-2021,32.4,32.85,31.55,32.6,37925,24079,550
BROOKS,12-AUG-2021,112.0,118.55,112.0,118.55,158083,129173,1378
BSE,12-AUG-2021,1126.5,1168.7,1121.45,1151.6,522796,180687,24655
BSL,12-AUG-2021,61.7,63.45,60.5,61.35,39295,29797,404
BSLGOLDETF,12-AUG-2021,4289.95,4297.85,4242.8,4266.75,217,112,85
BSLNIFTY,12-AUG-2021,181.03,181.3,180.39,181.3,594,522,34
BSOFT,12-AUG-2021,410.0,427.9,408.7,423.25,4756366,1551671,75818
BURGERKING,12-AUG-2021,165.5,172.75,165.5,171.95,2407712,768214,30649
BYKE,12-AUG-2021,27.0,29.25,27.0,28.3,39596,20896,287
CADILAHC,12-AUG-2021,560.95,560.95,542.1,544.0,4953491,1523460,89087
CAMLINFINE,12-AUG-2021,179.0,186.95,176.55,184.35,904283,409856,14208
CAMS,12-AUG-2021,3137.8,3166.0,3055.0,3072.95,296987,87138,28408
CANBK,12-AUG-2021,154.15,156.4,153.55,155.7,5788144,2512183,25263
CANFINHOME,12-AUG-2021,524.95,536.0,523.5,529.0,275121,90041,8319
CANTABIL,12-AUG-2021,390.5,394.8,385.0,386.9,6455,2314,487
CAPACITE,12-AUG-2021,206.4,220.0,206.4,213.9,344073,130031,7393
CAPLIPOINT,12-AUG-2021,837.0,870.0,837.0,851.6,267027,83609,11074
CAPTRUST,12-AUG-2021,86.1,91.0,83.1,91.0,34120,25975,510
CARBORUNIV,12-AUG-2021,710.0,733.7,700.0,712.35,219265,107107,11697
CAREERP,12-AUG-2021,152.3,158.2,151.05,156.2,68203,35160,2007
CARERATING,12-AUG-2021,684.0,694.2,679.35,685.55,120024,58182,5469
CASTROLIND,12-AUG-2021,136.4,137.0,135.4,136.35,434397,197920,6495
CCL,12-AUG-2021,407.75,417.45,404.15,414.3,477066,92102,13745
CEATLTD,12-AUG-2021,1298.0,1325.0,1286.5,1318.6,114662,35260,8019
CELEBRITY,12-AUG-2021,11.2,11.7,10.6,11.4,101960,57175,485
CENTENKA,12-AUG-2021,442.05,463.0,442.05,453.35,96518,52642,5336
CENTEXT,12-AUG-2021,11.35,12.2,11.15,12.2,1639751,918275,2747
CENTRALBK,12-AUG-2021,20.35,21.9,20.2,21.35,14827927,4108637,18131
CENTRUM,12-AUG-2021,42.4,44.15,42.1,43.9,1420013,286085,5117
CENTUM,12-AUG-2021,499.0,504.95,481.6,489.25,16474,6122,1631
CENTURYPLY,12-AUG-2021,425.0,426.0,409.3,410.3,199684,165929,5189
CENTURYTEX,12-AUG-2021,769.9,776.85,761.5,765.4,798268,504261,11658
CERA,12-AUG-2021,4626.0,4690.0,4606.55,4651.65,6562,2898,2293
CEREBRAINT,12-AUG-2021,57.5,59.8,56.2,56.7,765888,220293,7383
CESC,12-AUG-2021,762.3,775.0,748.1,756.35,800748,371741,36864
CGCL,12-AUG-2021,522.0,528.0,436.85,517.7,70145,10193,7988
CHALET,12-AUG-2021,166.95,177.9,166.95,175.25,777871,118665,14775
CHAMBLFERT,12-AUG-2021,327.4,327.5,320.15,324.0,846686,340985,18381
CHEMBOND,12-AUG-2021,224.6,241.6,223.8,239.55,76702,32939,3025
CHEMCON,12-AUG-2021,462.0,487.4,461.2,472.65,561872,141064,16377
CHEMFAB,12-AUG-2021,157.95,164.45,156.2,160.2,5599,3581,220
CHENNPETRO,12-AUG-2021,109.3,114.4,109.1,112.6,556993,226314,8229
CHOLAFIN,12-AUG-2021,503.0,516.5,498.35,512.0,1556728,384109,28875
CHOLAHLDNG,12-AUG-2021,646.05,662.0,646.05,649.6,140299,128066,5919
CIGNITITEC,12-AUG-2021,548.5,559.7,534.4,538.25,89637,59280,3719
CIPLA,12-AUG-2021,912.0,916.2,903.7,905.3,2127392,1091867,54764
CLEAN,12-AUG-2021,1580.0,1598.0,1557.4,1576.95,153642,62077,13039
CLEDUCATE,12-AUG-2021,132.15,139.0,132.15,135.05,24894,17894,428
CLNINDIA,12-AUG-2021,578.95,614.0,577.0,602.3,139648,61609,6236
CLSEL,12-AUG-2021,118.15,125.0,118.15,123.9,77368,48532,2467
CMICABLES,12-AUG-2021,52.05,55.0,52.05,53.55,221086,100162,4117
COALINDIA,12-AUG-2021,144.05,146.7,143.7,144.4,7685737,1964072,55112
COCHINSHIP,12-AUG-2021,359.9,363.1,359.0,361.85,171155,71627,5621
COFFEEDAY,12-AUG-2021,34.3,36.0,34.0,35.35,612779,405503,3218
COFORGE,12-AUG-2021,4730.0,4856.95,4720.05,4847.1,376225,110048,37709
COLPAL,12-AUG-2021,1655.0,1667.0,1638.8,1641.3,802666,596213,32569
COMPINFO,12-AUG-2021,28.5,30.75,28.4,29.85,416534,167694,2607
COMPUSOFT,12-AUG-2021,12.2,13.4,12.1,13.4,62405,53471,230
CONCOR,12-AUG-2021,660.95,683.55,657.0,673.0,3531889,920859,81890
CONFIPET,12-AUG-2021,57.3,62.45,57.3,61.7,1119352,701740,5435
CONSOFINVT,12-AUG-2021,117.85,117.9,113.5,113.95,14629,12637,186
CONTROLPR,12-AUG-2021,350.0,365.0,348.05,364.3,24681,13965,1772
CORALFINAC,12-AUG-2021,43.0,47.0,42.65,43.3,37457,21466,499
CORDSCABLE,12-AUG-2021,56.95,58.35,55.0,57.65,115888,56178,2148
COROMANDEL,12-AUG-2021,819.8,837.8,815.1,823.95,418391,226806,24046
COSMOFILMS,12-AUG-2021,1320.0,1445.0,1304.15,1419.5,252403,75392,15688
COUNCODOS,12-AUG-2021,2.9,3.1,2.85,3.05,100381,93340,193
CPSEETF,12-AUG-2021,26.0,26.26,25.72,26.22,3603051,3470550,10200
CRAFTSMAN,12-AUG-2021,1989.0,2050.0,1952.0,1980.65,15046,7979,2353
CREATIVEYE,12-AUG-2021,3.4,3.4,3.25,3.25,585,585,3
CREDITACC,12-AUG-2021,620.0,637.0,606.6,610.85,542882,440038,11631
CRISIL,12-AUG-2021,2597.25,2636.85,2560.0,2568.7,70515,30355,10949
CROMPTON,12-AUG-2021,471.7,477.75,454.5,463.1,1176667,473191,35379
CSBBANK,12-AUG-2021,321.95,326.1,318.55,320.05,223321,90086,6128
CTE,12-AUG-2021,62.55,69.05,62.55,62.55,416108,274589,1463
CUB,12-AUG-2021,152.85,153.55,151.05,151.95,773468,325576,8308
CUBEXTUB,12-AUG-2021,23.5,24.35,22.5,23.0,76733,51228,452
CUMMINSIND,12-AUG-2021,924.0,972.0,918.2,948.9,3816364,460361,89745
CUPID,12-AUG-2021,233.0,243.65,232.25,242.6,59647,32234,2977
CYBERTECH,12-AUG-2021,166.0,177.5,160.45,174.7,256061,90679,6973
CYIENT,12-AUG-2021,950.0,975.0,938.4,969.6,172984,106978,16132
DAAWAT,12-AUG-2021,65.5,68.5,65.5,68.0,1086701,581489,11069
DABUR,12-AUG-2021,576.0,584.8,574.05,575.4,2474432,1190931,49742
DALBHARAT,12-AUG-2021,1905.0,1949.95,1870.1,1893.1,99548,57901,13881
DALMIASUG,12-AUG-2021,413.8,434.65,413.0,431.05,357154,95961,10605
DANGEE,12-AUG-2021,189.45,189.45,184.0,184.75,10090,5922,179
DATAMATICS,12-AUG-2021,269.7,290.0,269.65,286.3,294959,127939,7432
DBCORP,12-AUG-2021,93.25,94.9,89.95,93.05,319578,104007,5538
DBL,12-AUG-2021,547.0,553.35,532.25,539.45,298727,143490,11087
DBREALTY,12-AUG-2021,23.45,24.5,23.0,23.9,285423,204388,1276
DBSTOCKBRO,12-AUG-2021,22.95,22.95,22.95,22.95,13825,13818,63
DCAL,12-AUG-2021,189.7,212.5,189.0,206.15,1850366,629147,22797
DCBBANK,12-AUG-2021,92.8,92.8,91.1,91.95,884692,530171,9433
DCMNVL,12-AUG-2021,219.0,231.1,219.0,231.1,100230,72923,809
DCMSHRIRAM,12-AUG-2021,943.95,970.0,926.85,957.0,191399,129725,6331
DCW,12-AUG-2021,34.35,36.85,34.35,36.5,1409364,534922,5803
DECCANCE,12-AUG-2021,738.85,783.9,735.25,780.7,146796,49220,7770
DEEPAKNTR,12-AUG-2021,2108.8,2152.8,2102.15,2146.4,822816,186879,41917
DEEPINDS,12-AUG-2021,109.0,115.0,109.0,113.2,97459,55495,2831
DELTACORP,12-AUG-2021,172.8,178.9,172.75,177.85,1223638,454696,15842
DELTAMAGNT,12-AUG-2021,54.8,55.0,52.4,54.75,4108,3445,159
DEN,12-AUG-2021,49.4,52.55,49.25,51.9,1827668,991388,7257
DENORA,12-AUG-2021,317.9,337.0,317.25,331.75,36682,18275,2500
DFMFOODS,12-AUG-2021,346.05,353.3,340.3,351.5,62332,28682,3506
DHAMPURSUG,12-AUG-2021,293.0,302.2,291.8,302.2,378706,204561,4566
DHANBANK,12-AUG-2021,16.25,16.45,15.8,16.2,533018,207610,1445
DHANI,12-AUG-2021,202.5,215.9,196.6,212.75,2538195,1090707,22057
DHANUKA,12-AUG-2021,875.0,899.0,875.0,895.05,35374,15880,3119
DHUNINV,12-AUG-2021,585.05,640.65,585.05,640.65,10616,7001,463
DIAMONDYD,12-AUG-2021,680.0,715.0,680.0,713.0,37471,12066,3641
DICIND,12-AUG-2021,477.95,492.8,467.05,477.3,20025,9669,1299
DISHTV,12-AUG-2021,12.0,14.2,11.95,14.0,28967736,12297989,30144
DIVISLAB,12-AUG-2021,4929.95,4929.95,4872.0,4908.85,200081,86698,24960
DIXON,12-AUG-2021,4209.65,4238.95,4156.15,4197.3,173368,108735,26183
DLF,12-AUG-2021,332.75,338.35,329.0,334.05,6584207,1123659,48841
DLINKINDIA,12-AUG-2021,137.8,143.5,135.0,142.35,452340,110446,8464
DMART,12-AUG-2021,3573.8,3589.0,3546.6,3561.0,114737,60884,12192
DNAMEDIA,12-AUG-2021,2.2,2.45,2.15,2.3,122146,56192,128
DODLA,12-AUG-2021,589.5,601.0,589.1,596.9,47562,16295,3724
DOLAT,12-AUG-2021,110.8,121.0,110.8,119.05,838914,415526,9043
DOLLAR,12-AUG-2021,365.0,380.0,365.0,371.1,208073,103532,16672
DONEAR,12-AUG-2021,52.0,55.4,52.0,53.85,143348,87982,2462
DPABHUSHAN,12-AUG-2021,194.6,221.9,194.6,212.3,50362,15475,3253
DPSCLTD,12-AUG-2021,15.5,15.5,14.9,15.25,25599,18063,293
DPWIRES,12-AUG-2021,217.2,232.25,210.2,232.25,69949,46993,999
DRCSYSTEMS,12-AUG-2021,304.85,320.0,300.15,305.65,1461,1118,122
DREDGECORP,12-AUG-2021,354.7,366.8,354.7,364.3,71164,22799,3966
DRREDDY,12-AUG-2021,4749.4,4753.3,4690.5,4716.4,621418,365494,56804
DSSL,12-AUG-2021,125.6,137.3,124.95,136.75,41476,22900,1149
DTIL,12-AUG-2021,319.85,332.95,319.85,332.95,9033,7325,372
DVL,12-AUG-2021,280.0,307.8,276.2,303.0,446260,158218,15743
DWARKESH,12-AUG-2021,68.9,70.65,67.8,69.9,1862009,657182,11563
DYNAMATECH,12-AUG-2021,2166.0,2285.0,2150.0,2216.45,183297,49877,22957
DYNPRO,12-AUG-2021,565.55,590.0,565.05,568.0,81315,38017,3602
EASEMYTRIP,12-AUG-2021,452.0,488.8,445.2,484.5,2117075,641253,35392
EASTSILK,12-AUG-2021,3.35,3.7,3.35,3.6,51268,24552,151
EBBETF0423,12-AUG-2021,1143.08,1144.5,1141.55,1142.43,17472,16946,100
EBBETF0425,12-AUG-2021,1054.7,1056.0,1054.5,1055.99,11095,11094,64
EBBETF0430,12-AUG-2021,1165.0,1165.0,1160.12,1163.77,4715,4685,79
EBBETF0431,12-AUG-2021,1043.0,1044.95,1041.5,1043.79,2376,2373,127
EBIXFOREX,12-AUG-2021,594.35,629.25,594.35,621.0,2554,1294,347
EDELWEISS,12-AUG-2021,80.45,85.5,80.15,84.6,3516529,1422181,20831
EICHERMOT,12-AUG-2021,2734.0,2739.9,2601.0,2616.55,2248827,1274165,109934
EIDPARRY,12-AUG-2021,389.0,408.9,389.0,407.45,316826,110322,10133
EIHAHOTELS,12-AUG-2021,310.0,322.8,310.0,318.55,12368,5165,1140
EIHOTEL,12-AUG-2021,103.8,106.0,103.7,105.15,299311,136088,4227
EIMCOELECO,12-AUG-2021,417.95,432.75,417.8,425.2,7287,4186,820
ELECON,12-AUG-2021,146.5,152.95,146.0,151.3,844305,333756,9765
ELECTCAST,12-AUG-2021,35.35,36.4,35.3,35.8,462417,218407,2794
ELECTHERM,12-AUG-2021,130.65,137.9,129.5,135.75,29579,17669,799
ELGIEQUIP,12-AUG-2021,204.9,212.45,204.45,208.9,1213543,1015914,5908
ELGIRUBCO,12-AUG-2021,37.9,39.1,37.5,38.75,41079,26817,507
EMAMILTD,12-AUG-2021,553.15,564.45,552.0,555.3,475369,379931,14869
EMAMIPAP,12-AUG-2021,170.1,178.8,170.1,174.4,279890,120747,5572
EMAMIREAL,12-AUG-2021,68.3,72.35,68.3,71.85,69443,43332,1309
EMKAY,12-AUG-2021,117.2,125.5,116.7,119.7,155353,52014,4775
EMMBI,12-AUG-2021,104.9,116.8,100.95,110.25,207385,72306,5911
ENDURANCE,12-AUG-2021,1705.0,1750.0,1675.75,1716.4,187173,153108,9358
ENERGYDEV,12-AUG-2021,10.15,10.35,9.85,10.15,48918,38591,168
ENGINERSIN,12-AUG-2021,73.1,73.4,71.8,71.95,2800247,1634045,16059
ENIL,12-AUG-2021,204.9,205.9,197.25,199.05,64419,25665,1614
EPL,12-AUG-2021,237.4,241.95,237.4,239.0,80969,43683,4359
EQ30,12-AUG-2021,389.0,393.0,389.0,391.03,248,150,80
EQUITAS,12-AUG-2021,116.0,126.0,116.0,123.6,958176,497445,21629
EQUITASBNK,12-AUG-2021,57.0,60.85,56.9,60.35,1837899,1163998,10913
ERIS,12-AUG-2021,730.0,743.65,729.55,738.15,66034,20825,8478
EROSMEDIA,12-AUG-2021,19.0,19.8,19.0,19.8,518162,397395,1538
ESABINDIA,12-AUG-2021,1897.0,1931.65,1889.45,1903.6,3781,1605,892
ESCORTS,12-AUG-2021,1261.9,1274.2,1251.9,1265.15,1085972,401511,43915
ESSARSHPNG,12-AUG-2021,10.0,10.4,9.8,10.25,60200,19633,344
ESTER,12-AUG-2021,144.5,152.8,144.0,151.2,423603,171720,8505
EVEREADY,12-AUG-2021,363.5,372.0,359.4,362.25,265999,126506,5388
EVERESTIND,12-AUG-2021,447.85,455.05,445.25,448.6,67398,26210,3256
EXCELINDUS,12-AUG-2021,1085.9,1132.1,1085.9,1112.0,23544,7639,3178
EXIDEIND,12-AUG-2021,169.85,170.8,167.5,167.8,3867000,2314524,46719
FACT,12-AUG-2021,126.6,133.0,123.5,131.15,1616520,96224,21389
FAIRCHEMOR,12-AUG-2021,1909.0,1997.6,1909.0,1997.6,22495,13680,2978
FCL,12-AUG-2021,106.35,110.85,106.15,108.75,1111146,254684,14742
FCONSUMER,12-AUG-2021,7.3,7.65,7.0,7.3,6657513,2578423,4880
FDC,12-AUG-2021,351.0,368.0,350.0,365.35,269698,137156,9343
FEDERALBNK,12-AUG-2021,85.2,86.25,85.1,85.6,10443600,2536048,34414
FEL,12-AUG-2021,9.1,9.35,8.75,9.05,813284,336318,1395
FELDVR,12-AUG-2021,12.65,12.8,11.8,12.15,162471,92242,399
FIEMIND,12-AUG-2021,724.0,764.0,722.3,758.15,48914,14206,4322
FILATEX,12-AUG-2021,96.0,100.5,96.0,100.0,589941,232205,7359
FINCABLES,12-AUG-2021,488.4,510.0,488.35,498.75,645967,130588,20536
FINEORG,12-AUG-2021,2910.0,2927.45,2856.15,2871.65,35063,20529,9413
FINPIPE,12-AUG-2021,169.8,169.8,164.5,165.55,428452,246135,12301
FLEXITUFF,12-AUG-2021,18.15,18.7,17.15,17.2,81617,59925,369
FLFL,12-AUG-2021,53.75,57.3,53.75,55.95,324285,127703,3363
FLUOROCHEM,12-AUG-2021,1638.0,1710.0,1618.0,1695.55,83947,42535,6390
FMGOETZE,12-AUG-2021,280.8,291.95,279.05,290.05,102357,55461,3261
FMNL,12-AUG-2021,10.05,10.75,9.95,9.95,878752,592796,996
FORCEMOT,12-AUG-2021,1428.0,1458.0,1401.5,1416.65,190794,19847,15614
FORTIS,12-AUG-2021,236.85,244.3,233.45,241.25,2101244,844451,23823
FOSECOIND,12-AUG-2021,1492.15,1574.9,1481.9,1551.9,3178,1421,589
FRETAIL,12-AUG-2021,49.6,51.6,48.65,49.95,2273946,783042,13271
FSC,12-AUG-2021,68.8,72.7,67.65,69.5,106885,35224,2154
FSL,12-AUG-2021,181.0,205.0,180.5,202.1,16037826,2613495,117365
GABRIEL,12-AUG-2021,140.0,153.3,140.0,149.9,3002518,1104056,26015
GAEL,12-AUG-2021,176.25,188.0,175.6,185.15,531648,200064,7469
GAIL,12-AUG-2021,147.75,151.0,146.55,150.65,15379819,6272355,62272
GAL,12-AUG-2021,2.8,3.05,2.7,3.05,1702946,1356916,943
GALAXYSURF,12-AUG-2021,3075.0,3099.0,3051.95,3062.95,44707,29969,7887
GALLANTT,12-AUG-2021,70.7,75.4,70.6,73.0,117130,59146,3484
GALLISPAT,12-AUG-2021,59.0,60.85,58.75,59.5,75886,29919,2171
GANDHITUBE,12-AUG-2021,477.9,499.7,477.9,491.9,65010,19531,4825
GANECOS,12-AUG-2021,521.95,533.95,516.95,530.4,20070,14798,1342
GANESHHOUC,12-AUG-2021,115.7,117.85,114.05,116.5,17856,8612,254
GANGAFORGE,12-AUG-2021,115.2,121.8,115.2,121.25,69744,24667,371
GANGESSECU,12-AUG-2021,81.95,84.9,77.9,83.7,8125,3711,435
GARFIBRES,12-AUG-2021,3265.0,3312.0,3187.3,3289.85,30647,14512,5897
GATI,12-AUG-2021,147.5,153.75,146.5,151.4,1054075,234314,14904
GAYAPROJ,12-AUG-2021,39.6,43.1,39.35,41.65,1888601,884646,6416
GEECEE,12-AUG-2021,144.0,156.9,142.7,148.15,46493,17978,3569
GEEKAYWIRE,12-AUG-2021,90.3,93.05,87.55,88.35,47338,38542,757
GENCON,12-AUG-2021,45.55,46.85,44.3,45.6,18135,8098,293
GENESYS,12-AUG-2021,145.9,148.85,140.05,145.1,15349,7891,285
GENUSPOWER,12-AUG-2021,56.9,66.3,56.7,63.0,2510262,638111,17718
GEOJITFSL,12-AUG-2021,84.95,85.9,82.0,84.95,649981,227453,7140
GEPIL,12-AUG-2021,298.6,307.4,285.1,304.8,577196,182389,14999
GESHIP,12-AUG-2021,307.9,314.3,307.1,313.05,418713,236759,26069
GET&D,12-AUG-2021,135.0,139.0,134.55,137.2,140811,64088,2879
GFLLIMITED,12-AUG-2021,68.0,70.0,68.0,69.65,66022,41243,1323
GHCL,12-AUG-2021,351.05,365.0,350.05,354.4,245837,101892,9574
GICHSGFIN,12-AUG-2021,158.15,161.85,151.9,155.7,1843717,860731,20898
GICRE,12-AUG-2021,165.0,167.95,164.1,166.45,385269,170509,10694
GILLETTE,12-AUG-2021,5899.0,5936.05,5860.05,5892.2,12926,11032,1747
GINNIFILA,12-AUG-2021,32.05,33.7,31.55,32.4,178322,109208,1293
GIPCL,12-AUG-2021,88.35,89.9,87.7,89.3,424404,162376,4667
GKWLIMITED,12-AUG-2021,698.4,709.8,682.05,701.45,389,193,73
GLAND,12-AUG-2021,4154.9,4350.0,4092.15,4316.25,446729,192928,29356
GLAXO,12-AUG-2021,1610.1,1637.95,1605.0,1607.95,32837,14001,4257
GLENMARK,12-AUG-2021,580.9,583.3,567.6,570.6,1232132,398348,40098
GLFL,12-AUG-2021,2.75,2.8,2.75,2.8,791,701,6
GLOBAL,12-AUG-2021,45.0,48.25,45.0,47.1,7450,4469,76
GLOBALVECT,12-AUG-2021,51.1,55.85,51.1,55.35,29183,17103,522
GLS,12-AUG-2021,751.75,767.1,748.0,751.95,502395,224161,21026
GMBREW,12-AUG-2021,540.1,585.0,540.1,576.75,142621,40879,7895
GMDCLTD,12-AUG-2021,64.15,67.65,64.1,66.65,899718,370285,5626
GMMPFAUDLR,12-AUG-2021,4572.0,4685.0,4568.0,4667.15,26534,9847,6430
GMRINFRA,12-AUG-2021,28.0,28.45,27.95,28.15,7524472,2198105,14170
GNA,12-AUG-2021,681.0,719.7,680.95,707.65,204656,75242,8731
GNFC,12-AUG-2021,349.9,359.65,349.5,357.25,309933,166627,8616
GOACARBON,12-AUG-2021,394.9,408.8,394.9,403.3,52172,24788,2308
GOCLCORP,12-AUG-2021,296.0,315.95,294.3,309.3,521671,327310,10596
GODFRYPHLP,12-AUG-2021,988.1,1020.0,980.0,1014.65,47176,11925,3477
GODREJAGRO,12-AUG-2021,648.1,677.35,648.1,663.35,284960,56739,11768
GODREJCP,12-AUG-2021,978.85,992.45,974.7,990.8,612459,262076,18686
GODREJIND,12-AUG-2021,566.0,577.8,560.6,566.15,245484,156140,6821
GODREJPROP,12-AUG-2021,1530.0,1568.5,1520.95,1557.0,463899,156635,20447
GOKEX,12-AUG-2021,220.0,226.1,216.0,220.3,194098,94226,4357
GOKUL,12-AUG-2021,28.05,34.35,28.05,31.4,683388,214173,3891
GOKULAGRO,12-AUG-2021,41.3,43.5,40.5,42.8,854906,752366,2388
GOLDBEES,12-AUG-2021,40.94,40.94,39.88,40.56,3244252,2517491,15033
GOLDENTOBC,12-AUG-2021,109.9,114.8,109.4,109.4,97184,67292,815
GOLDIAM,12-AUG-2021,687.95,725.0,687.95,696.75,201186,81309,9855
GOLDSHARE,12-AUG-2021,40.75,41.1,40.55,40.95,183859,159700,469
GOLDTECH,12-AUG-2021,13.95,14.6,13.95,14.6,65052,49194,197
GOODLUCK,12-AUG-2021,290.0,298.35,287.0,290.9,189812,90632,4961
GOODYEAR,12-AUG-2021,1050.0,1103.1,1048.4,1093.45,42300,15428,4459
GPPL,12-AUG-2021,101.3,105.0,101.25,104.4,300654,155257,5017
GPTINFRA,12-AUG-2021,90.0,92.95,86.1,88.85,30141,19547,761
GRANULES,12-AUG-2021,369.7,378.05,364.25,372.5,1959215,250432,23620
GRAPHITE,12-AUG-2021,667.1,683.95,667.05,677.15,467428,167314,16470
GRASIM,12-AUG-2021,1499.8,1515.0,1488.65,1492.3,506910,103727,26770
GRAUWEIL,12-AUG-2021,63.7,66.55,61.0,65.15,283000,162202,4165
GRAVITA,12-AUG-2021,174.4,182.5,173.05,179.8,201227,105782,3622
GREAVESCOT,12-AUG-2021,144.2,151.9,142.85,143.6,4087306,1706094,35932
GREENLAM,12-AUG-2021,1320.0,1342.95,1301.25,1316.2,5952,2119,1134
GREENPLY,12-AUG-2021,174.8,185.0,174.5,181.3,444031,157550,6830
GREENPOWER,12-AUG-2021,3.1,3.2,3.05,3.2,3197150,2076447,1376
GRINDWELL,12-AUG-2021,1219.85,1244.0,1218.0,1237.5,38240,24046,5007
GRINFRA,12-AUG-2021,1620.25,1661.95,1620.25,1650.1,71501,31681,6685
GROBTEA,12-AUG-2021,1148.05,1229.0,1130.95,1200.4,4188,210,1384
GRPLTD,12-AUG-2021,979.5,1011.9,961.45,994.85,2283,1567,450
GRSE,12-AUG-2021,187.0,194.0,187.0,192.5,148467,51849,3586
GSCLCEMENT,12-AUG-2021,55.9,57.65,54.55,55.3,657496,291148,7736
GSFC,12-AUG-2021,114.0,114.4,109.35,109.75,4063465,2242061,20043
GSPL,12-AUG-2021,341.0,355.0,339.15,350.9,2500848,1325746,34249
GSS,12-AUG-2021,64.9,68.0,64.9,66.5,120303,69547,2341
GTNTEX,12-AUG-2021,7.8,7.8,7.8,7.8,300,300,5
GTPL,12-AUG-2021,213.5,228.5,213.5,221.5,271949,85306,8330
GUFICBIO,12-AUG-2021,201.0,224.4,195.0,217.8,5044432,2039747,69510
GUJALKALI,12-AUG-2021,487.0,506.5,486.75,495.2,745744,225229,18570
GUJAPOLLO,12-AUG-2021,231.7,234.1,225.1,226.9,15854,5073,1973
GUJGASLTD,12-AUG-2021,727.0,746.7,725.0,742.55,1885627,524544,55831
GULFOILLUB,12-AUG-2021,621.0,630.0,611.0,613.0,43662,28413,2725
GULFPETRO,12-AUG-2021,58.95,63.0,56.1,61.05,75716,31670,1890
HAL,12-AUG-2021,1082.1,1113.95,1075.0,1104.5,291074,136837,16889
HAPPSTMNDS,12-AUG-2021,1378.8,1425.0,1378.4,1390.35,976678,403948,51400
HARRMALAYA,12-AUG-2021,194.0,220.5,193.95,213.35,634228,105609,23275
HATHWAY,12-AUG-2021,24.85,25.45,24.65,25.35,3475027,1036053,6528
HATSUN,12-AUG-2021,933.5,965.0,927.55,940.1,69446,26769,6724
HAVELLS,12-AUG-2021,1254.0,1255.6,1226.05,1231.9,2264764,1136463,53135
HBANKETF,12-AUG-2021,359.4,359.94,356.61,357.99,581,333,55
HBLPOWER,12-AUG-2021,43.05,51.45,43.05,51.35,3400800,1300442,14444
HBSL,12-AUG-2021,45.05,45.05,43.75,45.05,34112,27637,259
HCC,12-AUG-2021,9.3,9.7,9.3,9.7,2140870,1711427,2733
HCG,12-AUG-2021,248.3,258.0,248.3,253.4,376240,259195,7267
HCL-INSYS,12-AUG-2021,12.95,13.65,12.45,13.65,1991792,1304575,4597
HCLTECH,12-AUG-2021,1071.0,1101.15,1068.0,1096.5,6540144,3560573,189459
HDFC,12-AUG-2021,2656.6,2675.25,2646.6,2668.75,1702479,1100864,61672
HDFCAMC,12-AUG-2021,2939.0,2973.95,2925.05,2970.6,181456,93616,10278
HDFCBANK,12-AUG-2021,1497.0,1507.6,1489.3,1501.4,4298837,2763118,118442
HDFCLIFE,12-AUG-2021,666.5,675.9,665.4,674.95,1822952,1233860,53995
HDFCMFGETF,12-AUG-2021,41.85,41.85,41.36,41.63,401494,300251,1168
HDFCNIFETF,12-AUG-2021,174.1,174.2,172.8,173.91,7945,7090,266
HDFCSENETF,12-AUG-2021,574.15,587.99,574.15,585.52,1971,866,164
HEG,12-AUG-2021,2286.75,2326.75,2259.0,2278.35,203282,82333,19476
HEIDELBERG,12-AUG-2021,260.9,266.5,260.9,265.9,190442,118721,3438
HEMIPROP,12-AUG-2021,135.0,141.85,135.0,138.5,807245,285062,9376
HERANBA,12-AUG-2021,800.0,853.3,793.0,844.95,1270491,533440,33442
HERCULES,12-AUG-2021,147.0,155.25,146.9,152.3,129030,45698,3678
HERITGFOOD,12-AUG-2021,474.75,490.0,474.7,485.3,72799,35764,3652
HEROMOTOCO,12-AUG-2021,2800.0,2801.25,2775.0,2782.95,410605,192344,32067
HESTERBIO,12-AUG-2021,2229.0,2547.0,2229.0,2415.05,501846,38602,55137
HEXATRADEX,12-AUG-2021,183.55,183.55,183.55,183.55,47824,47824,88
HGINFRA,12-AUG-2021,550.0,558.5,536.25,542.45,154297,87158,9174
HIKAL,12-AUG-2021,654.0,710.0,650.85,701.3,2072942,503631,65386
HIL,12-AUG-2021,5578.6,5809.2,5545.0,5701.55,29046,14128,5884
HILTON,12-AUG-2021,12.15,12.95,11.85,12.95,12319,7641,146
HINDALCO,12-AUG-2021,436.9,444.3,433.85,437.25,8349354,1732921,96870
HINDCOMPOS,12-AUG-2021,309.8,335.0,299.35,326.3,61620,14370,2658
HINDCON,12-AUG-2021,64.9,66.8,63.65,66.8,25820,19403,295
HINDCOPPER,12-AUG-2021,130.0,134.6,129.1,133.45,2677180,767117,18746
HINDMOTORS,12-AUG-2021,8.8,8.85,8.25,8.55,397771,244684,1258
HINDOILEXP,12-AUG-2021,152.5,158.5,151.45,154.05,656778,308036,10077
HINDPETRO,12-AUG-2021,258.5,260.7,253.55,255.2,4073140,2288028,50652
HINDUNILVR,12-AUG-2021,2395.0,2413.5,2377.45,2392.3,1226064,723881,67754
HINDZINC,12-AUG-2021,319.0,321.95,315.7,319.8,893026,363107,18531
HIRECT,12-AUG-2021,150.25,167.1,148.0,159.25,112959,33774,4492
HISARMETAL,12-AUG-2021,131.95,137.7,127.7,136.2,43927,14743,1897
HITECH,12-AUG-2021,595.0,603.0,578.05,589.8,60546,26314,2218
HITECHCORP,12-AUG-2021,215.95,222.0,215.1,219.3,9000,6390,273
HITECHGEAR,12-AUG-2021,268.0,295.6,268.0,290.85,31137,21334,1636
HLEGLAS,12-AUG-2021,3170.0,3235.05,3170.0,3220.15,4479,3307,1478
HLVLTD,12-AUG-2021,8.55,9.1,8.55,8.9,249403,171636,632
HMVL,12-AUG-2021,78.4,80.9,78.1,80.5,109251,55245,2434
HNGSNGBEES,12-AUG-2021,315.0,334.46,315.0,330.63,1625,1444,132
HOMEFIRST,12-AUG-2021,564.75,582.9,563.7,576.3,114167,95068,3219
HONAUT,12-AUG-2021,40700.0,40800.0,40289.1,40426.35,1071,509,749
HONDAPOWER,12-AUG-2021,1240.0,1295.0,1235.0,1264.8,51479,26920,5353
HPL,12-AUG-2021,71.8,74.85,71.8,74.85,173256,90289,1422
HSCL,12-AUG-2021,48.0,50.45,47.85,49.85,5352444,1333592,18217
HSIL,12-AUG-2021,225.0,239.0,222.95,237.2,253620,104586,6488
HTMEDIA,12-AUG-2021,26.2,27.8,26.2,27.55,399828,213189,2363
HUDCO,12-AUG-2021,43.8,44.45,43.6,44.15,1431570,599758,6278
HUHTAMAKI,12-AUG-2021,278.6,284.0,276.5,281.15,139129,62366,4856
IBMFNIFTY,12-AUG-2021,157.66,162.5,157.66,161.37,722,446,56
IBREALEST,12-AUG-2021,150.25,155.5,148.65,152.95,12146492,5118782,73366
IBULHSGFIN,12-AUG-2021,248.55,254.3,246.0,248.35,10777678,2321990,82966
ICEMAKE,12-AUG-2021,76.0,79.15,74.5,76.75,25503,10018,501
ICICI500,12-AUG-2021,231.2,231.2,227.0,230.56,1915,1405,153
ICICIALPLV,12-AUG-2021,164.1,165.58,163.1,164.59,3077,2636,183
ICICIB22,12-AUG-2021,40.45,40.75,39.87,40.66,305244,269805,3019
ICICIBANK,12-AUG-2021,693.5,702.95,693.3,701.35,8840339,5361109,136456
ICICIBANKN,12-AUG-2021,354.1,358.47,354.1,358.41,7474,5105,166
ICICIBANKP,12-AUG-2021,183.9,185.0,183.15,184.06,2875,1895,79
ICICIFMCG,12-AUG-2021,370.89,374.0,361.53,366.84,10552,7061,139
ICICIGI,12-AUG-2021,1446.0,1459.5,1426.5,1450.05,923594,695836,27842
ICICIGOLD,12-AUG-2021,41.28,41.69,41.28,41.58,457489,419720,1415
ICICILIQ,12-AUG-2021,999.95,1000.0,999.95,999.99,163953,85343,124
ICICILOVOL,12-AUG-2021,129.49,134.47,128.27,133.02,45387,42125,942
ICICIM150,12-AUG-2021,104.9,105.47,103.11,105.4,8132,5307,277
ICICIMCAP,12-AUG-2021,96.35,96.49,95.7,96.42,2393,1609,181
ICICINF100,12-AUG-2021,175.0,179.79,175.0,179.2,2581,1840,260
ICICINIFTY,12-AUG-2021,184.9,184.9,173.7,175.06,221224,173442,4235
ICICINV20,12-AUG-2021,89.29,89.6,88.2,89.54,11658,10163,1074
ICICINXT50,12-AUG-2021,40.59,40.64,39.97,39.99,47984,31473,645
ICICIPHARM,12-AUG-2021,89.5,90.0,88.07,89.11,5020,4014,165
ICICIPRULI,12-AUG-2021,652.0,672.3,645.0,669.6,815791,224507,27278
ICICISENSX,12-AUG-2021,592.99,596.0,590.95,595.46,612,334,105
ICICITECH,12-AUG-2021,324.0,328.12,315.95,326.74,13861,7012,369
ICIL,12-AUG-2021,247.55,264.9,247.55,263.9,302566,163522,6485
ICRA,12-AUG-2021,3502.9,3698.65,3500.0,3660.95,8279,2906,1968
IDBI,12-AUG-2021,37.3,38.4,37.3,38.15,7388828,3417001,22652
IDBIGOLD,12-AUG-2021,4266.35,4330.35,4266.0,4311.7,66,37,23
IDEA,12-AUG-2021,6.7,6.75,6.45,6.5,121102582,36518510,113287
IDFC,12-AUG-2021,51.2,51.75,50.4,51.0,5164744,2162442,19508
IDFCFIRSTB,12-AUG-2021,46.65,46.8,45.65,45.9,31912922,9257924,63392
IDFNIFTYET,12-AUG-2021,170.87,171.6,170.87,171.59,30,21,7
IEX,12-AUG-2021,400.4,411.7,400.0,405.55,3255335,1613416,64414
IFBAGRO,12-AUG-2021,612.35,632.7,608.0,613.6,29056,10565,2564
IFBIND,12-AUG-2021,954.0,960.35,917.0,921.05,42651,22931,3653
IFCI,12-AUG-2021,12.4,13.1,12.4,12.8,3960247,1320034,9096
IFGLEXPOR,12-AUG-2021,405.0,411.9,392.3,408.25,24740,16327,1705
IGARASHI,12-AUG-2021,489.4,500.0,485.0,489.65,119733,39327,6939
IGL,12-AUG-2021,524.6,537.75,511.25,536.65,3258057,1591006,42681
IGPL,12-AUG-2021,619.0,635.0,618.65,630.65,86150,42244,4455
IIFLSEC,12-AUG-2021,96.8,102.4,96.8,101.6,754574,382890,6558
IIFLWAM,12-AUG-2021,1547.75,1576.25,1515.0,1529.95,48492,19820,4464
IITL,12-AUG-2021,64.25,66.7,62.4,65.8,3467,2300,137
IMAGICAA,12-AUG-2021,8.35,8.7,8.35,8.6,60973,46745,211
IMPAL,12-AUG-2021,834.0,834.0,776.65,789.6,4628,1402,693
INDBANK,12-AUG-2021,25.95,27.5,25.95,26.85,218350,114565,1331
INDHOTEL,12-AUG-2021,142.1,145.45,141.7,143.15,3405381,1517233,22692
INDIACEM,12-AUG-2021,178.6,182.35,176.35,177.65,2534389,988838,20679
INDIAGLYCO,12-AUG-2021,673.0,698.3,672.65,681.05,195079,75173,6419
INDIAMART,12-AUG-2021,7200.0,7267.95,7150.0,7166.85,20792,8962,6744
INDIANB,12-AUG-2021,128.5,132.95,128.5,130.95,2151476,908202,16110
INDIANHUME,12-AUG-2021,209.3,229.0,209.05,224.5,157663,59023,7078
INDIGO,12-AUG-2021,1643.0,1678.9,1637.0,1669.3,307770,57239,14205
INDIGOPNTS,12-AUG-2021,2421.0,2449.4,2385.0,2422.0,26471,15169,7278
INDLMETER,12-AUG-2021,12.9,13.3,12.5,13.05,22868,18585,108
INDNIPPON,12-AUG-2021,357.75,368.9,355.0,365.2,55543,24500,3573
INDOCO,12-AUG-2021,455.4,530.25,455.4,519.65,8219543,1241288,150783
INDOSTAR,12-AUG-2021,345.15,348.0,338.35,343.3,76182,44928,3036
INDOTHAI,12-AUG-2021,71.6,74.1,70.1,70.7,110545,63172,502
INDRAMEDCO,12-AUG-2021,75.6,78.7,75.6,78.0,273635,108720,4708
INDSWFTLAB,12-AUG-2021,72.45,76.2,72.25,75.0,239723,128472,4451
INDTERRAIN,12-AUG-2021,38.4,41.9,38.35,41.85,819266,634628,2928
INDUSINDBK,12-AUG-2021,1046.45,1047.15,1027.25,1035.35,2453701,898062,57535
INDUSTOWER,12-AUG-2021,213.2,215.5,212.15,214.1,1689583,835904,15150
INEOSSTYRO,12-AUG-2021,1374.5,1440.0,1374.45,1408.4,92399,43091,8272
INFIBEAM,12-AUG-2021,42.2,42.9,42.1,42.55,1580358,737062,5632
INFRABEES,12-AUG-2021,468.0,473.12,464.55,467.43,1928,1753,88
INFY,12-AUG-2021,1679.15,1696.5,1674.0,1689.6,5659579,4217591,152218
INGERRAND,12-AUG-2021,955.0,996.0,950.05,986.25,19617,8967,2034
INOXLEISUR,12-AUG-2021,315.0,328.15,315.0,325.55,669169,235263,12424
INOXWIND,12-AUG-2021,124.1,129.3,124.0,127.15,300401,176319,4091
INSECTICID,12-AUG-2021,768.0,785.0,755.3,762.6,39373,16074,2862
INTELLECT,12-AUG-2021,660.0,685.3,653.0,681.5,630490,273239,19171
INTENTECH,12-AUG-2021,81.4,84.55,79.4,79.4,320504,215476,4596
INVENTURE,12-AUG-2021,3.15,3.25,3.1,3.2,2332793,822369,1179
IOB,12-AUG-2021,19.3,21.65,19.25,21.3,21370560,4921649,25017
IOC,12-AUG-2021,104.65,105.5,103.75,104.1,8961763,3708293,50140
IOLCP,12-AUG-2021,648.4,664.6,645.0,656.05,348322,127501,9668
IPCALAB,12-AUG-2021,2399.95,2409.9,2379.4,2387.2,149422,99859,13017
IPL,12-AUG-2021,322.5,329.75,320.05,327.45,465933,226874,9733
IRB,12-AUG-2021,154.1,165.8,152.5,164.45,4270611,877126,34431
IRCON,12-AUG-2021,42.55,44.85,42.45,44.1,6164774,2011321,20191
IRCTC,12-AUG-2021,2593.95,2728.85,2572.25,2689.8,6068398,728792,279896
IRFC,12-AUG-2021,23.15,24.1,23.05,23.95,13674855,7889328,19906
ISEC,12-AUG-2021,695.1,713.4,686.3,707.9,623711,237034,18744
ISFT,12-AUG-2021,117.35,127.4,116.55,123.9,113463,55513,2142
ISGEC,12-AUG-2021,715.0,737.4,696.0,709.1,264404,97385,13289
ITC,12-AUG-2021,210.25,214.2,208.35,208.9,27692208,10822541,155350
ITDC,12-AUG-2021,367.7,379.95,365.55,368.55,37372,8834,2521
ITDCEM,12-AUG-2021,84.95,87.3,83.45,84.85,1058541,480322,10281
ITI,12-AUG-2021,123.2,125.9,122.5,124.4,435678,97425,6738
IVC,12-AUG-2021,6.7,6.85,6.3,6.85,590556,346738,937
IVP,12-AUG-2021,122.6,122.8,118.25,119.85,31703,31432,111
IVZINGOLD,12-AUG-2021,4238.0,4238.0,4201.3,4237.95,18,15,11
IVZINNIFTY,12-AUG-2021,1770.0,1770.0,1769.25,1769.25,14,14,2
IZMO,12-AUG-2021,103.9,108.85,101.8,108.85,234248,140990,2090
J&KBANK,12-AUG-2021,35.4,37.25,35.05,36.9,3033755,1327339,8424
JAGRAN,12-AUG-2021,62.3,65.9,61.95,65.6,690021,178827,5668
JAGSNPHARM,12-AUG-2021,179.75,184.9,178.3,181.5,57284,34898,1795
JAIBALAJI,12-AUG-2021,63.6,64.1,62.0,62.9,209890,203153,916
JAICORPLTD,12-AUG-2021,125.95,141.75,125.95,139.85,3397811,679273,31269
JAMNAAUTO,12-AUG-2021,86.4,88.25,85.5,86.0,319380,223051,5383
JASH,12-AUG-2021,526.9,549.45,522.55,532.7,35173,25829,2895
JAYAGROGN,12-AUG-2021,249.95,254.45,244.65,251.3,115196,68544,3205
JAYBARMARU,12-AUG-2021,198.0,209.0,195.1,199.2,50021,23677,2558
JAYSREETEA,12-AUG-2021,109.6,121.0,109.5,119.0,551654,130673,11029
JBCHEPHARM,12-AUG-2021,1760.0,1800.0,1742.5,1783.0,85374,33497,7927
JBMA,12-AUG-2021,489.0,495.0,480.0,482.2,53180,23872,2737
JCHAC,12-AUG-2021,2178.0,2204.95,2178.0,2184.1,6931,3615,1735
JHS,12-AUG-2021,29.7,29.75,28.3,29.15,524141,253873,3757
JINDALPHOT,12-AUG-2021,84.4,93.3,84.4,93.3,31724,23983,380
JINDALPOLY,12-AUG-2021,1041.0,1099.0,1030.55,1091.45,368872,89214,15632
JINDALSAW,12-AUG-2021,130.4,131.75,128.2,129.8,2256765,478532,16294
JINDALSTEL,12-AUG-2021,423.0,426.7,419.05,424.25,6466461,1158050,62597
JINDRILL,12-AUG-2021,127.1,132.75,126.05,129.75,39217,20176,954
JINDWORLD,12-AUG-2021,67.5,69.5,66.65,67.95,307675,73676,3697
JISLDVREQS,12-AUG-2021,18.5,19.3,18.5,19.1,50526,23055,226
JISLJALEQS,12-AUG-2021,31.25,32.5,31.0,31.7,2713483,1553020,5322
JKCEMENT,12-AUG-2021,3219.9,3244.0,3055.55,3124.25,66017,35449,7585
JKIL,12-AUG-2021,211.1,221.95,211.1,215.3,549870,235285,12129
JKLAKSHMI,12-AUG-2021,681.9,684.6,670.35,677.85,719240,472742,13139
JKPAPER,12-AUG-2021,248.2,265.95,245.2,261.9,3616266,509685,40428
JKTYRE,12-AUG-2021,145.6,161.0,145.6,157.45,4615566,1151944,40468
JMA,12-AUG-2021,64.8,65.6,62.65,65.1,51534,33862,791
JMCPROJECT,12-AUG-2021,110.5,112.8,107.0,109.05,243999,130712,4523
JMFINANCIL,12-AUG-2021,95.15,98.0,94.65,97.4,2107127,600339,12493
JMTAUTOLTD,12-AUG-2021,2.55,2.65,2.55,2.6,536505,381150,631
JOCIL,12-AUG-2021,236.0,243.55,233.8,241.85,49861,24763,1683
JPINFRATEC,12-AUG-2021,2.1,2.15,2.05,2.15,7203102,3889653,1919
JPPOWER,12-AUG-2021,4.3,4.6,4.2,4.6,141282222,49390006,29867
JSL,12-AUG-2021,152.3,158.4,150.0,155.05,2184589,693323,15725
JSLHISAR,12-AUG-2021,279.0,287.8,278.5,282.0,693424,379736,8035
JSWHL,12-AUG-2021,4800.1,5133.25,4800.1,5026.65,765,342,314
JSWSTEEL,12-AUG-2021,753.05,754.3,741.4,748.9,3506281,540613,67735
JTEKTINDIA,12-AUG-2021,106.0,114.05,106.0,111.15,993491,173215,13650
JUBLFOOD,12-AUG-2021,3675.25,3747.9,3615.8,3741.05,453419,195139,28534
JUBLINDS,12-AUG-2021,555.0,565.05,551.0,565.05,46979,32586,862
JUBLINGREA,12-AUG-2021,710.0,717.4,681.2,689.05,2519799,1116350,51468
JUBLPHARMA,12-AUG-2021,670.0,674.0,652.0,659.65,261108,113230,9311
JUMPNET,12-AUG-2021,9.0,9.1,8.75,8.95,804947,636975,789
JUNIORBEES,12-AUG-2021,413.0,414.74,407.0,413.47,110726,81749,5203
JUSTDIAL,12-AUG-2021,959.95,964.0,955.05,958.1,502986,190189,19619
JYOTHYLAB,12-AUG-2021,167.2,169.9,165.3,168.6,289640,96677,6044
KABRAEXTRU,12-AUG-2021,201.0,215.0,200.15,213.85,206611,116181,5870
KAJARIACER,12-AUG-2021,1021.25,1035.0,1011.0,1030.95,134746,100227,6644
KAKATCEM,12-AUG-2021,260.9,265.95,258.75,261.95,15927,9714,1126
KALPATPOWR,12-AUG-2021,442.0,443.0,432.0,434.1,105288,43891,4726
KALYANKJIL,12-AUG-2021,68.15,68.15,66.6,67.1,1196316,647966,15107
KAMATHOTEL,12-AUG-2021,46.45,48.2,45.1,47.85,254377,92544,2706
KAMDHENU,12-AUG-2021,166.0,176.9,166.0,176.2,97751,44806,3373
KANORICHEM,12-AUG-2021,163.05,168.45,162.75,163.55,101988,63237,1129
KANPRPLA,12-AUG-2021,243.0,253.65,235.05,251.9,35381,19774,1657
KANSAINER,12-AUG-2021,621.0,628.0,618.9,625.25,77288,40785,3932
KARURVYSYA,12-AUG-2021,44.25,44.9,44.05,44.65,1291516,673565,9119
KAUSHALYA,12-AUG-2021,2.9,2.9,2.9,2.9,18157,18157,55
KAYA,12-AUG-2021,439.85,464.9,439.85,457.1,24370,12209,1663
KCP,12-AUG-2021,150.0,159.75,148.4,158.5,401010,241003,5963
KCPSUGIND,12-AUG-2021,23.8,24.6,23.0,24.0,431266,166894,1506
KDDL,12-AUG-2021,331.55,352.9,331.55,351.3,8188,3908,658
KEC,12-AUG-2021,397.0,405.0,393.0,395.0,140940,64613,5471
KECL,12-AUG-2021,19.0,19.15,17.8,18.1,219879,123357,1243
KEERTI,12-AUG-2021,18.45,19.2,17.8,18.3,9357,3205,112
KEI,12-AUG-2021,730.4,783.7,724.55,752.55,1945229,526041,42368
KELLTONTEC,12-AUG-2021,51.1,54.2,51.05,53.7,704576,314212,5787
KENNAMET,12-AUG-2021,1213.2,1260.0,1213.2,1248.5,4203,2136,585
KESORAMIND,12-AUG-2021,86.5,91.35,85.7,89.45,2471521,523517,20020
KEYFINSERV,12-AUG-2021,76.8,78.0,71.25,76.8,20217,6451,472
KHADIM,12-AUG-2021,250.0,270.0,245.0,265.85,70872,27089,3340
KHAICHEM,12-AUG-2021,67.0,68.65,65.9,68.65,211623,131264,1351
KHANDSE,12-AUG-2021,18.5,19.65,18.5,19.45,3771,1468,15
KICL,12-AUG-2021,2286.1,2384.0,2261.25,2324.05,6266,3326,1353
KILITCH,12-AUG-2021,194.0,205.0,193.65,200.75,5803,4006,189
KIMS,12-AUG-2021,1276.1,1319.0,1255.5,1299.7,968900,389431,36667
KINGFA,12-AUG-2021,1279.7,1285.0,1223.0,1248.15,32903,21410,1898
KIOCL,12-AUG-2021,271.0,283.0,271.0,276.9,94544,38813,4914
KIRIINDUS,12-AUG-2021,495.0,539.85,490.05,530.8,578403,141671,21782
KIRLFER,12-AUG-2021,286.25,290.0,283.05,286.65,132687,83359,6335
KIRLOSENG,12-AUG-2021,216.0,236.9,216.0,234.95,320295,123843,9663
KIRLOSIND,12-AUG-2021,1480.0,1520.7,1391.35,1406.3,46200,37011,2461
KITEX,12-AUG-2021,170.0,174.6,165.0,166.0,839485,338825,14766
KKCL,12-AUG-2021,823.95,851.65,814.95,843.25,3986,2211,638
KMSUGAR,12-AUG-2021,28.1,28.5,27.7,28.15,686484,340761,2442
KNRCON,12-AUG-2021,285.0,286.9,275.05,280.15,663082,268446,16875
KOKUYOCMLN,12-AUG-2021,65.7,69.9,65.25,67.8,236881,127061,3437
KOLTEPATIL,12-AUG-2021,236.35,250.4,233.5,243.65,1553404,353110,23608
KOTAKBANK,12-AUG-2021,1775.1,1791.0,1762.0,1787.7,1641690,899108,73815
KOTAKBKETF,12-AUG-2021,364.4,364.4,360.67,363.23,86383,9630,523
KOTAKGOLD,12-AUG-2021,40.79,40.85,40.57,40.71,251989,184996,782
KOTAKIT,12-AUG-2021,31.25,32.52,31.22,32.39,13507,8877,195
KOTAKNIFTY,12-AUG-2021,172.0,172.16,171.25,172.01,9456,5075,340
KOTAKNV20,12-AUG-2021,91.0,91.35,90.2,91.26,11062,10324,210
KOTAKPSUBK,12-AUG-2021,233.34,233.9,229.0,232.23,20786,5731,335
KOTARISUG,12-AUG-2021,34.4,34.9,33.75,34.4,81737,49624,648
KOTHARIPET,12-AUG-2021,56.45,57.8,53.2,55.5,296958,133643,3927
KOVAI,12-AUG-2021,1505.0,1612.1,1499.05,1596.45,9592,6488,2089
KPIGLOBAL,12-AUG-2021,133.0,134.55,124.85,128.85,248251,130900,3397
KPITTECH,12-AUG-2021,310.05,324.7,306.25,314.9,3039844,1740421,55888
KPRMILL,12-AUG-2021,1793.5,1871.0,1780.0,1829.55,69378,45848,12745
KRBL,12-AUG-2021,260.0,265.55,258.15,264.15,287732,94200,5597
KREBSBIO,12-AUG-2021,130.5,139.5,130.0,133.6,245613,142869,8440
KRIDHANINF,12-AUG-2021,4.65,4.85,4.65,4.85,40487,29059,87
KRISHANA,12-AUG-2021,138.45,144.0,137.9,142.3,14802,7750,386
KSB,12-AUG-2021,1199.0,1209.1,1176.7,1196.55,35185,11198,5440
KSCL,12-AUG-2021,708.95,717.75,698.0,715.7,125757,62572,5167
KSL,12-AUG-2021,409.8,426.0,409.8,418.65,77813,31329,3280
KTKBANK,12-AUG-2021,58.9,59.25,58.5,58.75,732866,336185,3745
KUANTUM,12-AUG-2021,93.4,95.65,89.05,91.5,97000,31519,3501
L&TFH,12-AUG-2021,84.7,85.6,84.15,85.35,5004060,1228182,17947
LALPATHLAB,12-AUG-2021,3825.0,3860.0,3760.2,3833.5,181836,41726,19364
LAOPALA,12-AUG-2021,270.05,277.0,270.05,276.1,93877,36919,2738
LASA,12-AUG-2021,69.7,70.7,69.1,70.1,71912,31388,1272
LAURUSLABS,12-AUG-2021,704.8,723.75,697.6,708.7,3099023,1015897,56767
LAXMIMACH,12-AUG-2021,8051.0,8410.0,8045.55,8263.35,7059,2021,2409
LCCINFOTEC,12-AUG-2021,1.85,1.9,1.75,1.8,210321,141416,254
LEMONTREE,12-AUG-2021,37.0,42.0,37.0,40.6,4613151,1205081,15486
LFIC,12-AUG-2021,81.85,87.0,79.5,84.55,5410,4352,217
LGBBROSLTD,12-AUG-2021,487.4,496.0,470.0,492.85,135974,41827,8144
LIBAS,12-AUG-2021,68.5,71.0,68.5,70.15,323948,109052,2278
LIBERTSHOE,12-AUG-2021,166.0,169.95,163.0,168.85,260126,67388,7180
LICHSGFIN,12-AUG-2021,395.0,402.05,393.35,400.45,1988927,579550,28298
LICNETFGSC,12-AUG-2021,22.0,22.1,21.9,22.0,1086,855,71
LICNETFN50,12-AUG-2021,171.2,173.99,171.2,173.25,1456,928,78
LICNETFSEN,12-AUG-2021,588.0,588.0,581.0,586.85,116,85,34
LICNFNHGP,12-AUG-2021,163.49,163.49,161.37,162.89,139,136,41
LIKHITHA,12-AUG-2021,379.0,396.55,379.0,389.25,124486,36850,6402
LINCOLN,12-AUG-2021,324.8,339.0,323.0,334.65,157417,57496,7320
LINCPEN,12-AUG-2021,195.5,201.55,191.65,198.0,4851,3388,351
LINDEINDIA,12-AUG-2021,1795.0,1832.6,1793.45,1799.0,68832,37539,6723
LIQUIDBEES,12-AUG-2021,1003.4,1003.4,998.45,1000.0,927066,541938,3942
LIQUIDETF,12-AUG-2021,1000.04,1000.04,999.99,999.99,290980,278495,133
LODHA,12-AUG-2021,840.0,869.9,825.45,852.15,394709,187359,23811
LOKESHMACH,12-AUG-2021,42.0,42.0,39.3,40.1,26483,19364,355
LOVABLE,12-AUG-2021,109.95,113.0,108.4,111.95,45122,27042,1611
LT,12-AUG-2021,1590.0,1627.0,1582.0,1623.45,1645811,763899,82015
LTI,12-AUG-2021,4760.0,4912.0,4760.0,4877.05,502105,122226,48324
LTTS,12-AUG-2021,3662.5,3733.0,3640.4,3659.3,269765,101481,30188
LUMAXIND,12-AUG-2021,1483.3,1507.3,1460.3,1464.35,2522,1294,828
LUMAXTECH,12-AUG-2021,155.45,158.4,154.45,156.0,73016,29112,2697
LUPIN,12-AUG-2021,1030.0,1033.0,973.1,975.95,9765212,3616831,216225
LUXIND,12-AUG-2021,4125.0,4220.0,4125.0,4193.85,129189,93231,5077
LXCHEM,12-AUG-2021,294.95,324.95,292.6,319.85,17180068,3405640,208527
LYKALABS,12-AUG-2021,84.25,86.7,84.25,84.25,284705,188140,1335
LYPSAGEMS,12-AUG-2021,4.8,4.8,4.55,4.6,37083,25111,145
M&M,12-AUG-2021,781.0,794.65,773.75,776.2,3551026,1268231,85142
M&MFIN,12-AUG-2021,153.6,156.2,152.0,155.25,4457687,1647135,25395
MACPOWER,12-AUG-2021,189.25,208.15,189.25,208.15,27225,20289,595
MADHAV,12-AUG-2021,54.0,64.4,54.0,61.25,140892,48652,4231
MADHUCON,12-AUG-2021,6.0,6.05,5.6,6.0,13945,9432,73
MADRASFERT,12-AUG-2021,29.95,31.9,29.4,31.25,889253,259462,4269
MAESGETF,12-AUG-2021,27.85,27.96,27.77,27.93,7312,6692,82
MAFANG,12-AUG-2021,53.9,53.9,53.0,53.09,125133,113614,1697
MAFSETF,12-AUG-2021,17.5,17.5,17.12,17.22,54920,31186,119
MAGADSUGAR,12-AUG-2021,258.0,265.05,255.0,265.05,36788,23277,842
MAHABANK,12-AUG-2021,18.6,19.7,18.5,19.2,7912092,3251123,14183
MAHASTEEL,12-AUG-2021,99.95,104.45,99.25,103.05,45393,24457,1901
MAHEPC,12-AUG-2021,132.5,137.3,132.0,135.55,122096,65122,3132
MAHESHWARI,12-AUG-2021,114.0,125.0,113.95,123.95,104848,53227,1931
MAHINDCIE,12-AUG-2021,251.0,254.85,246.05,248.0,128098,50345,4210
MAHLIFE,12-AUG-2021,750.0,759.25,731.5,741.25,73112,48067,4413
MAHLOG,12-AUG-2021,662.0,690.0,662.0,677.5,118504,61462,9989
MAHSCOOTER,12-AUG-2021,3830.0,4564.95,3830.0,4486.95,219424,41070,30794
MAHSEAMLES,12-AUG-2021,305.8,313.0,300.35,306.9,80409,30564,3947
MAITHANALL,12-AUG-2021,1158.0,1229.7,1134.0,1143.9,818252,195514,42706
MAJESCO,12-AUG-2021,82.0,84.95,82.0,84.25,146071,82014,2760
MALUPAPER,12-AUG-2021,36.4,37.5,35.55,37.05,58423,28661,1078
MAN50ETF,12-AUG-2021,168.89,168.89,164.45,168.5,3773,2868,54
MANAKALUCO,12-AUG-2021,18.5,18.5,17.8,18.35,104500,75639,406
MANAKCOAT,12-AUG-2021,12.0,13.05,12.0,12.75,51746,36411,237
MANAKSIA,12-AUG-2021,71.0,72.7,69.3,71.8,543758,192720,11077
MANAKSTEEL,12-AUG-2021,34.35,34.35,34.35,34.35,41380,41380,81
MANAPPURAM,12-AUG-2021,170.0,170.6,166.3,166.8,14174302,3366233,77184
MANGALAM,12-AUG-2021,147.95,165.0,145.1,159.15,776260,191621,18460
MANGCHEFER,12-AUG-2021,72.0,74.9,72.0,74.6,256095,139130,2613
MANGLMCEM,12-AUG-2021,494.0,510.0,491.65,505.95,134382,45598,6922
MANINDS,12-AUG-2021,124.75,125.0,115.0,122.1,368482,195072,6200
MANINFRA,12-AUG-2021,66.1,73.7,66.1,69.9,4700865,1502784,27567
MANUGRAPH,12-AUG-2021,11.8,12.95,11.75,12.95,17738,7971,145
MANXT50,12-AUG-2021,391.3,393.69,390.95,393.69,260,134,19
MARALOVER,12-AUG-2021,81.25,89.75,81.25,89.45,221539,114971,4116
MARATHON,12-AUG-2021,83.8,85.8,82.2,83.4,47282,31695,920
MARICO,12-AUG-2021,518.0,522.55,514.35,515.95,1741264,1138451,26481
MARINE,12-AUG-2021,43.6,47.45,42.0,45.95,2871618,968427,11563
MARKSANS,12-AUG-2021,72.95,79.0,72.5,78.2,3057813,1091697,18075
MARUTI,12-AUG-2021,7022.0,7084.8,6985.0,7012.0,330283,141166,44040
MASFIN,12-AUG-2021,766.0,779.8,760.55,770.3,24579,14836,2110
MASTEK,12-AUG-2021,2335.0,2456.95,2325.65,2442.15,159035,86758,12334
MATRIMONY,12-AUG-2021,1084.7,1183.5,1045.0,1129.35,250355,66574,30793
MAXHEALTH,12-AUG-2021,303.15,333.05,301.45,329.55,9476823,4083856,154763
MAXIND,12-AUG-2021,70.9,72.3,70.5,71.4,257444,109289,2850
MAXVIL,12-AUG-2021,88.7,95.65,87.45,94.35,459238,268440,6087
MAYURUNIQ,12-AUG-2021,488.0,515.5,488.0,505.45,81072,39335,4599
MAZDA,12-AUG-2021,570.0,607.0,570.0,594.1,8333,4071,1358
MAZDOCK,12-AUG-2021,240.2,260.0,240.1,251.65,3511617,576993,48290
MBAPL,12-AUG-2021,138.85,145.0,137.55,144.1,5733,3460,93
MBLINFRA,12-AUG-2021,19.9,21.1,19.25,21.1,82076,59502,268
MCDHOLDING,12-AUG-2021,43.2,46.9,43.2,44.1,120912,68663,1238
MCDOWELL-N,12-AUG-2021,651.4,659.0,645.35,655.95,1769937,820872,38384
MCL,12-AUG-2021,40.0,40.75,39.4,40.75,49542,36612,510
MCLEODRUSS,12-AUG-2021,24.15,26.05,23.8,26.05,3275218,2135618,3963
MCX,12-AUG-2021,1528.0,1535.0,1503.1,1509.95,316793,159358,19647
MENONBE,12-AUG-2021,71.9,83.0,71.55,79.15,202484,77088,5619
MEP,12-AUG-2021,19.5,20.8,18.5,20.35,237237,120137,1106
METROPOLIS,12-AUG-2021,2690.9,2693.55,2608.8,2630.7,176590,61558,19220
MFSL,12-AUG-2021,1057.8,1109.0,1032.8,1078.9,1144931,237693,34467
MGEL,12-AUG-2021,51.05,54.0,51.0,53.65,4346,3423,66
MGL,12-AUG-2021,1120.9,1151.0,1117.9,1146.8,461786,97840,18253
MHRIL,12-AUG-2021,300.95,305.9,295.5,297.8,231556,96020,5058
MIDHANI,12-AUG-2021,188.0,193.0,186.9,188.75,515321,139527,8237
MINDACORP,12-AUG-2021,131.05,138.4,130.55,131.55,879682,180831,18450
MINDAIND,12-AUG-2021,707.35,723.0,706.85,719.2,169243,53469,6918
MINDTECK,12-AUG-2021,106.5,116.2,106.25,113.65,113234,53904,3668
MINDTREE,12-AUG-2021,2806.5,2935.0,2804.55,2925.7,1187926,256266,65349
MIRZAINT,12-AUG-2021,55.8,59.95,55.8,59.45,892850,314031,7143
MITTAL,12-AUG-2021,10.9,11.1,10.5,10.75,36447,20621,158
MMFL,12-AUG-2021,739.5,774.0,735.65,766.95,54652,42100,1975
MMP,12-AUG-2021,149.5,166.1,149.5,164.75,70395,39869,1293
MMTC,12-AUG-2021,42.95,47.4,42.85,46.7,5479318,940808,17779
MODISNME,12-AUG-2021,76.0,79.5,75.85,79.05,264747,73246,7476
MOGSEC,12-AUG-2021,48.36,48.45,48.36,48.45,1307,1299,13
MOIL,12-AUG-2021,173.05,176.8,172.8,175.65,343444,96487,5983
MOKSH,12-AUG-2021,31.3,31.5,30.9,31.5,1192472,1014588,685
MOLDTKPAC,12-AUG-2021,502.9,503.95,496.4,498.2,42693,18604,3006
MOM100,12-AUG-2021,28.89,29.09,28.66,28.94,61017,37802,1269
MOM50,12-AUG-2021,162.0,162.5,161.23,162.05,436,365,48
MON100,12-AUG-2021,111.5,111.5,110.22,110.32,1973472,1849035,4299
MONTECARLO,12-AUG-2021,346.6,354.35,345.0,347.5,35154,16354,1715
MORARJEE,12-AUG-2021,16.05,17.4,16.05,17.05,11024,6473,124
MOREPENLAB,12-AUG-2021,54.2,58.25,54.0,56.55,2723924,1419761,12824
MOTHERSUMI,12-AUG-2021,225.85,226.15,221.7,223.7,9122794,4707706,76153
MOTILALOFS,12-AUG-2021,800.0,855.0,800.0,848.05,1046336,247212,31017
MOTOGENFIN,12-AUG-2021,27.0,29.5,26.55,28.5,43889,30971,306
MPHASIS,12-AUG-2021,2679.0,2770.0,2678.95,2764.45,652280,201643,42427
MPSLTD,12-AUG-2021,702.0,714.0,692.5,702.75,12790,9122,1120
MRF,12-AUG-2021,78199.0,78709.95,77605.0,78236.05,13737,3857,9100
MRO-TEK,12-AUG-2021,32.95,32.95,31.05,32.6,6241,4166,79
MRPL,12-AUG-2021,40.7,43.95,40.6,43.0,2439982,1075151,9808
MSPL,12-AUG-2021,10.9,11.25,10.6,11.0,281329,160205,1010
MSTCLTD,12-AUG-2021,261.1,271.0,261.1,266.4,385734,156175,10500
MTARTECH,12-AUG-2021,1259.7,1327.0,1257.25,1314.05,323719,132247,20076
MTEDUCARE,12-AUG-2021,8.1,8.5,7.6,8.45,222883,159989,463
MTNL,12-AUG-2021,19.45,19.8,18.75,19.4,1066222,541710,3595
MUKTAARTS,12-AUG-2021,41.2,41.2,39.7,40.0,45334,29911,388
MUNJALAU,12-AUG-2021,61.5,63.85,61.5,63.15,174939,83408,2703
MUNJALSHOW,12-AUG-2021,140.25,144.0,135.6,141.8,192743,53466,6587
MURUDCERA,12-AUG-2021,27.15,28.9,27.15,28.6,90290,52570,1073
MUTHOOTCAP,12-AUG-2021,406.0,412.15,400.0,408.15,35613,13351,2671
MUTHOOTFIN,12-AUG-2021,1455.0,1463.0,1432.55,1448.45,790749,274037,35133
NACLIND,12-AUG-2021,66.0,68.5,65.0,67.55,581723,475101,4478
NAGREEKCAP,12-AUG-2021,8.6,8.6,8.6,8.6,9,9,2
NAHARCAP,12-AUG-2021,263.1,285.95,263.1,285.95,51719,24991,1401
NAHARPOLY,12-AUG-2021,223.4,238.9,217.15,238.9,265233,123752,6919
NAM-INDIA,12-AUG-2021,383.0,387.1,382.05,384.3,890815,540634,10233
NATCOPHARM,12-AUG-2021,1016.65,1049.0,994.5,1041.45,1087733,303210,36305
NATHBIOGEN,12-AUG-2021,374.0,374.45,363.8,368.05,31001,19688,2501
NATIONALUM,12-AUG-2021,82.65,84.8,82.15,84.55,25485206,9454632,51939
NATNLSTEEL,12-AUG-2021,4.3,4.3,4.0,4.05,37801,21256,152
NAUKRI,12-AUG-2021,5384.0,5438.7,5335.0,5426.65,191711,55363,21269
NAVINFLUOR,12-AUG-2021,3779.2,3814.65,3716.0,3729.95,166442,39284,17394
NAVKARCORP,12-AUG-2021,44.7,46.0,44.7,45.35,903927,451023,6104
NAVNETEDUL,12-AUG-2021,102.0,105.75,100.45,101.95,681380,270400,12659
NAZARA,12-AUG-2021,1651.7,1691.15,1645.0,1664.45,106771,35983,8031
NBCC,12-AUG-2021,45.2,47.3,45.15,46.9,5190251,1504032,16299
NBIFIN,12-AUG-2021,2548.0,2548.0,2450.0,2490.1,1006,664,197
NBVENTURES,12-AUG-2021,104.4,113.35,104.4,111.15,1230655,382101,15141
NCC,12-AUG-2021,84.2,86.1,83.8,85.15,1797495,568919,7796
NCLIND,12-AUG-2021,268.9,280.5,267.15,278.8,186780,110806,6964
NCPSESDL24,12-AUG-2021,105.78,105.8,105.73,105.77,10410,10409,14
NDL,12-AUG-2021,76.55,81.9,76.55,80.2,140551,89043,1247
NDTV,12-AUG-2021,78.05,83.9,78.05,80.65,137818,61883,3079
NECCLTD,12-AUG-2021,17.65,17.9,17.55,17.6,61905,45683,242
NECLIFE,12-AUG-2021,30.0,32.65,30.0,32.15,839106,444719,4723
NELCAST,12-AUG-2021,82.7,90.15,82.7,87.65,851555,172007,13167
NELCO,12-AUG-2021,470.45,470.45,450.0,470.45,1213844,493985,12356
NEOGEN,12-AUG-2021,923.3,994.0,921.8,954.75,387499,80988,22500
NESCO,12-AUG-2021,605.0,616.5,600.55,602.75,84712,33656,5277
NESTLEIND,12-AUG-2021,18180.8,18247.95,18080.0,18133.85,24494,12379,8851
NETF,12-AUG-2021,201.1,201.48,196.5,199.55,889,831,108
NETFCONSUM,12-AUG-2021,70.02,70.7,69.05,70.22,11484,9830,156
NETFDIVOPP,12-AUG-2021,43.48,43.48,40.16,42.01,11147,10474,77
NETFGILT5Y,12-AUG-2021,48.35,48.4,48.35,48.4,1002,1000,5
NETFIT,12-AUG-2021,32.2,32.75,31.91,32.72,499296,308381,2591
NETFLTGILT,12-AUG-2021,22.45,22.49,22.4,22.42,7570,6430,67
NETFMID150,12-AUG-2021,106.0,110.5,104.08,105.03,47790,26290,1007
NETFNIF100,12-AUG-2021,168.0,170.94,166.0,170.08,1245,1167,38
NETFNV20,12-AUG-2021,92.6,92.89,91.36,92.48,2997,2806,88
NETFPHARMA,12-AUG-2021,14.6,14.6,14.19,14.2,414815,349196,902
NETFSDL26,12-AUG-2021,104.44,104.44,104.39,104.44,27,20,5
NETWORK18,12-AUG-2021,50.5,52.6,50.15,50.6,2314948,1337653,6210
NEXTMEDIA,12-AUG-2021,4.7,5.05,4.5,4.9,16261,13794,34
NFL,12-AUG-2021,56.25,58.2,56.25,57.9,687754,223000,5164
NH,12-AUG-2021,511.0,519.9,502.0,503.75,285286,133559,18305
NHPC,12-AUG-2021,26.15,26.15,25.9,26.0,2300752,1742012,4135
NIACL,12-AUG-2021,146.0,151.6,145.2,148.65,721700,233592,16264
NIBL,12-AUG-2021,19.85,20.0,19.1,19.75,30960,20043,128
NIFTYBEES,12-AUG-2021,176.7,176.7,174.55,176.17,793639,437515,12280
NIFTYEES,12-AUG-2021,21125.0,21328.0,21125.0,21328.0,3,3,3
NIITLTD,12-AUG-2021,312.0,330.0,311.0,327.9,1415479,507312,26153
NILAINFRA,12-AUG-2021,6.15,6.65,6.0,6.65,968200,306546,938
NILKAMAL,12-AUG-2021,2582.35,2648.2,2575.0,2609.05,22031,5137,4136
NIPPOBATRY,12-AUG-2021,942.0,1060.0,937.5,1017.1,42607,14457,5821
NIRAJ,12-AUG-2021,51.2,51.2,47.85,49.25,39782,20072,941
NITCO,12-AUG-2021,21.25,22.95,21.25,22.95,52282,44875,340
NITIRAJ,12-AUG-2021,52.0,52.0,48.1,50.85,695,223,71
NKIND,12-AUG-2021,35.45,35.45,35.45,35.45,2046,1891,27
NLCINDIA,12-AUG-2021,54.65,56.0,54.65,55.85,1215478,452435,6820
NMDC,12-AUG-2021,172.75,175.0,170.25,173.45,9256188,2853802,39242
NOCIL,12-AUG-2021,272.0,276.95,270.0,271.9,1453482,343841,21185
NOIDATOLL,12-AUG-2021,5.85,6.05,5.65,5.85,138401,94426,207
NORBTEAEXP,12-AUG-2021,7.2,7.2,6.35,6.85,2287,2277,18
NOVARTIND,12-AUG-2021,852.6,852.7,820.0,827.1,68275,34944,5029
NPBET,12-AUG-2021,185.79,187.63,181.95,187.59,224,183,33
NRAIL,12-AUG-2021,311.6,319.0,310.65,314.1,54576,26656,3572
NRBBEARING,12-AUG-2021,121.3,127.55,121.3,126.1,209119,93631,4383
NSIL,12-AUG-2021,1878.0,1884.8,1794.95,1855.75,1409,923,324
NTPC,12-AUG-2021,116.95,119.4,116.5,119.15,8640167,4023337,51859
NUCLEUS,12-AUG-2021,670.0,695.0,665.3,684.15,85918,27498,5913
NURECA,12-AUG-2021,1638.7,1691.95,1620.0,1691.95,9538,7803,657
NXTDIGITAL,12-AUG-2021,464.25,483.05,464.25,480.65,3780,2527,198
OAL,12-AUG-2021,866.65,895.85,860.95,883.0,13072,6833,1809
OBEROIRLTY,12-AUG-2021,685.85,697.25,681.35,690.15,231200,58263,7504
OCCL,12-AUG-2021,1077.0,1102.95,1053.75,1079.5,26823,15961,2971
OFSS,12-AUG-2021,4468.0,4709.9,4454.3,4671.25,277121,137033,34220
OIL,12-AUG-2021,164.0,171.0,162.7,164.5,3331089,727453,36526
OMAXE,12-AUG-2021,75.3,80.5,75.3,80.05,60475,37604,1145
OMINFRAL,12-AUG-2021,31.25,33.6,30.95,32.65,220921,139940,1104
OMKARCHEM,12-AUG-2021,16.85,18.5,16.85,17.0,425721,202166,1728
ONGC,12-AUG-2021,116.1,117.9,115.3,116.25,13519139,6356919,64125
ONMOBILE,12-AUG-2021,122.05,129.35,122.0,126.8,484904,259199,6504
ONWARDTEC,12-AUG-2021,250.0,252.75,245.0,248.6,26436,15123,1558
ORBTEXP,12-AUG-2021,80.0,84.0,78.6,82.2,32914,17375,1193
ORICONENT,12-AUG-2021,33.05,33.05,32.65,33.05,88410,83418,216
ORIENTABRA,12-AUG-2021,30.35,31.5,30.0,31.25,235901,89889,2174
ORIENTALTL,12-AUG-2021,9.25,10.25,8.95,9.55,82139,41412,350
ORIENTBELL,12-AUG-2021,336.4,350.0,322.65,332.45,48222,17121,2648
ORIENTCEM,12-AUG-2021,155.6,163.5,155.55,162.35,637872,345030,8609
ORIENTELEC,12-AUG-2021,322.6,331.1,316.5,327.75,304675,118102,9132
ORIENTHOT,12-AUG-2021,35.7,38.3,35.7,36.95,241486,83910,2703
ORIENTLTD,12-AUG-2021,77.7,77.7,74.4,75.35,2611,1555,54
ORIENTPPR,12-AUG-2021,28.95,30.35,28.9,30.0,1223651,454414,3275
ORISSAMINE,12-AUG-2021,2858.35,2942.35,2790.0,2928.75,14472,7073,2478
ORTINLAB,12-AUG-2021,30.2,31.8,29.7,31.55,72082,41300,853
OSWALAGRO,12-AUG-2021,15.75,16.55,15.15,16.45,99201,86211,399
PAGEIND,12-AUG-2021,32998.25,32998.25,31800.0,32373.6,16354,6284,7379
PAISALO,12-AUG-2021,611.8,619.0,598.05,608.8,53554,27560,4214
PALASHSECU,12-AUG-2021,62.95,64.9,60.2,64.9,33993,33137,135
PALREDTEC,12-AUG-2021,112.0,118.6,108.25,114.0,57164,20238,2704
PANACEABIO,12-AUG-2021,325.0,335.0,325.0,328.2,69827,26730,3077
PANAMAPET,12-AUG-2021,281.9,299.4,275.25,295.9,267257,109962,7481
PARAGMILK,12-AUG-2021,127.0,129.85,126.45,128.7,341699,173178,4360
PARSVNATH,12-AUG-2021,14.05,15.05,13.85,15.05,412357,285111,582
PATELENG,12-AUG-2021,18.0,18.75,17.9,18.25,4576149,2384552,8021
PATINTLOG,12-AUG-2021,21.95,22.7,21.9,22.7,19873,15132,169
PATSPINLTD,12-AUG-2021,9.75,10.25,9.75,9.85,24544,24441,97
PCJEWELLER,12-AUG-2021,23.0,23.45,22.85,23.25,1269550,599481,3882
PDMJEPAPER,12-AUG-2021,40.6,43.2,40.05,41.85,557776,116479,7529
PDSMFL,12-AUG-2021,1360.05,1420.0,1343.05,1397.95,13714,10851,1142
PEARLPOLY,12-AUG-2021,15.95,16.5,15.9,16.2,11974,9434,29
PEL,12-AUG-2021,2729.5,2782.0,2688.75,2718.8,639553,117351,41220
PENIND,12-AUG-2021,33.75,35.5,33.1,33.8,1456039,682976,6202
PERSISTENT,12-AUG-2021,3111.05,3178.0,3098.65,3167.45,129752,66225,13751
PETRONET,12-AUG-2021,215.0,216.0,213.6,214.3,2314425,1271148,21009
PFC,12-AUG-2021,129.3,132.4,128.65,129.65,9907419,2884950,38159
PFIZER,12-AUG-2021,5759.85,5881.45,5722.3,5819.75,46206,11876,5790
PFOCUS,12-AUG-2021,52.95,54.95,50.95,54.1,29200,21084,373
PFS,12-AUG-2021,19.25,20.3,19.0,19.6,1445367,552391,2966
PGEL,12-AUG-2021,354.1,354.1,339.0,348.65,17583,10462,781
PGHH,12-AUG-2021,12400.0,12684.95,12350.0,12586.2,2641,1303,1299
PGHL,12-AUG-2021,5346.2,5448.5,5310.05,5426.65,4959,2672,1815
PGIL,12-AUG-2021,372.0,396.45,362.05,374.25,66152,33074,5009
PHILIPCARB,12-AUG-2021,241.9,254.7,241.9,253.05,1987718,640856,30591
PHOENIXLTD,12-AUG-2021,855.0,873.15,843.0,860.8,405954,280127,9076
PIDILITIND,12-AUG-2021,2288.0,2288.0,2202.3,2220.8,940284,313755,64391
PIIND,12-AUG-2021,3083.0,3153.15,3080.05,3123.2,316308,121424,27316
PILANIINVS,12-AUG-2021,1915.0,1948.5,1887.25,1906.6,2570,1018,433
PILITA,12-AUG-2021,6.65,7.3,6.65,6.8,3707561,1445398,2383
PIONDIST,12-AUG-2021,127.3,131.8,127.3,129.25,13002,7556,201
PIONEEREMB,12-AUG-2021,65.95,71.35,65.15,70.25,359231,144010,5443
PITTIENG,12-AUG-2021,175.0,189.5,173.0,189.5,326035,189755,3906
PLASTIBLEN,12-AUG-2021,262.0,270.7,261.95,266.6,51509,25205,1850
PNB,12-AUG-2021,37.45,37.95,37.4,37.8,32721153,7982592,45409
PNBGILTS,12-AUG-2021,66.0,67.8,65.3,67.15,259849,161463,2886
PNC,12-AUG-2021,35.85,38.55,34.45,37.65,77857,22126,593
PNCINFRA,12-AUG-2021,292.0,311.3,292.0,309.85,568942,277604,11398
PODDARHOUS,12-AUG-2021,188.4,192.55,182.1,192.55,6825,4967,151
PODDARMENT,12-AUG-2021,346.85,360.55,346.85,354.8,28817,11508,2335
POKARNA,12-AUG-2021,459.0,475.0,456.1,464.15,217781,102653,8018
POLYCAB,12-AUG-2021,1819.4,1836.5,1804.05,1809.65,161242,83154,15080
POLYMED,12-AUG-2021,908.0,937.95,891.05,918.25,79851,30912,7801
POLYPLEX,12-AUG-2021,1478.0,1550.0,1471.5,1546.1,293942,102371,16834
POWERGRID,12-AUG-2021,177.0,187.7,176.3,187.0,43580817,16454454,239333
POWERINDIA,12-AUG-2021,1801.0,1816.55,1781.0,1798.95,29096,16103,5879
POWERMECH,12-AUG-2021,804.0,823.6,797.05,815.25,121965,86108,5418
PPAP,12-AUG-2021,249.0,259.9,249.0,256.6,35101,20148,2217
PPL,12-AUG-2021,168.95,168.95,164.35,165.4,226344,111322,5222
PRAKASH,12-AUG-2021,73.2,76.0,73.2,75.6,1081365,565155,6882
PRAKASHSTL,12-AUG-2021,2.0,2.0,2.0,2.0,187934,187934,70
PRAXIS,12-AUG-2021,45.75,47.45,44.25,47.45,13202,9853,91
PRECAM,12-AUG-2021,90.0,97.8,90.0,95.6,390031,229128,6131
PRECOT,12-AUG-2021,269.0,278.6,266.0,278.6,31971,25750,372
PRECWIRE,12-AUG-2021,216.4,232.95,216.4,230.0,108322,44524,3499
PREMIER,12-AUG-2021,5.15,5.15,5.15,5.15,11809,11809,34
PREMIERPOL,12-AUG-2021,82.0,82.0,79.0,82.0,19096,14660,189
PRESSMN,12-AUG-2021,30.0,32.9,29.65,31.55,125214,73959,1399
PRESTIGE,12-AUG-2021,362.0,367.4,350.55,355.0,610965,180192,16202
PRICOLLTD,12-AUG-2021,83.85,89.2,83.5,87.7,869674,315949,8593
PRIMESECU,12-AUG-2021,87.15,94.0,86.9,91.75,164859,119593,1038
PRINCEPIPE,12-AUG-2021,642.9,669.8,640.0,659.45,256143,97231,11838
PRITIKAUTO,12-AUG-2021,18.25,18.6,18.0,18.2,62493,39278,286
PRIVISCL,12-AUG-2021,1620.0,1700.0,1605.85,1673.9,55096,26859,6264
PROZONINTU,12-AUG-2021,32.8,32.8,31.5,32.05,277319,158189,1907
PRSMJOHNSN,12-AUG-2021,135.0,138.25,133.4,136.7,527748,397515,8427
PSB,12-AUG-2021,16.8,17.85,16.55,17.5,924663,543251,2457
PSPPROJECT,12-AUG-2021,431.95,454.9,428.25,448.65,63267,29012,3943
PSUBNKBEES,12-AUG-2021,26.09,26.11,25.61,25.99,220457,95910,881
PTC,12-AUG-2021,99.7,102.4,98.25,99.4,2119816,623757,17300
PTL,12-AUG-2021,47.0,50.55,47.0,49.2,125035,59931,1714
PUNJABCHEM,12-AUG-2021,1385.95,1485.05,1360.1,1485.05,211102,80750,18217
PURVA,12-AUG-2021,100.85,104.4,99.55,100.9,437310,156896,7195
PVR,12-AUG-2021,1375.0,1431.0,1370.0,1408.9,1120776,269993,40568
QGOLDHALF,12-AUG-2021,2008.0,2018.0,2005.85,2017.0,297,244,49
QNIFTY,12-AUG-2021,1696.0,1702.0,1696.0,1702.0,30,7,8
QUESS,12-AUG-2021,828.95,867.0,828.9,863.3,307844,178638,22789
QUICKHEAL,12-AUG-2021,226.0,238.0,226.0,235.2,527377,165558,11442
RADAAN,12-AUG-2021,1.05,1.05,1.05,1.05,4173,4173,5
RADICO,12-AUG-2021,905.0,945.0,905.0,935.25,1921038,281175,54877
RADIOCITY,12-AUG-2021,24.5,24.8,23.9,24.5,311567,216384,930
RAILTEL,12-AUG-2021,131.8,135.75,131.75,134.75,604666,283325,9007
RAIN,12-AUG-2021,234.0,237.75,229.45,235.3,3009944,745327,28464
RAJESHEXPO,12-AUG-2021,612.5,622.0,607.05,608.5,234638,31524,5853
RAJSREESUG,12-AUG-2021,24.95,25.45,24.1,25.1,25174,14112,273
RALLIS,12-AUG-2021,300.9,306.35,296.0,296.7,597527,321775,14053
RAMANEWS,12-AUG-2021,20.5,21.6,20.5,20.85,158650,94719,735
RAMCOCEM,12-AUG-2021,1006.95,1022.6,987.0,989.25,455786,193815,15001
RAMCOIND,12-AUG-2021,295.0,315.5,295.0,313.1,248568,99289,7080
RAMCOSYS,12-AUG-2021,488.0,496.5,473.9,479.3,241826,170265,9356
RANEENGINE,12-AUG-2021,306.4,321.9,306.4,313.2,18760,5494,1250
RANEHOLDIN,12-AUG-2021,673.0,700.0,670.8,691.25,39218,21497,3027
RATNAMANI,12-AUG-2021,2155.0,2166.8,2100.0,2104.9,14017,7293,2227
RAYMOND,12-AUG-2021,416.2,421.0,413.0,417.25,362567,116609,10654
RBL,12-AUG-2021,920.0,984.0,910.8,969.1,8832,3239,1476
RBLBANK,12-AUG-2021,178.0,179.25,175.2,176.25,4875673,985013,43797
RCF,12-AUG-2021,74.85,77.2,74.8,75.9,2314354,758544,14331
RCOM,12-AUG-2021,3.0,3.05,2.95,3.05,23238276,6696202,9511
RECLTD,12-AUG-2021,148.75,151.6,148.2,151.0,4379982,1117095,19491
REDINGTON,12-AUG-2021,325.0,332.2,325.0,330.2,733195,574273,21665
REFEX,12-AUG-2021,123.25,135.25,123.25,133.9,126919,61642,4891
RELAXO,12-AUG-2021,1155.0,1168.0,1150.0,1162.4,109435,56468,13587
RELCAPITAL,12-AUG-2021,15.2,15.9,15.05,15.9,1380271,1007836,3001
RELIANCE,12-AUG-2021,2124.9,2126.2,2105.0,2110.5,3755507,1900505,114345
RELIGARE,12-AUG-2021,152.4,158.8,151.0,154.55,1369514,776050,10501
REPCOHOME,12-AUG-2021,324.0,330.75,320.3,329.8,62220,31243,2433
REPL,12-AUG-2021,244.2,244.2,234.05,241.85,26417,19340,1006
REPRO,12-AUG-2021,485.1,485.1,451.9,470.8,100563,30693,6636
RESPONIND,12-AUG-2021,127.0,129.55,126.0,127.15,10750,5499,513
REVATHI,12-AUG-2021,617.45,646.55,617.45,620.2,2929,1970,272
RGL,12-AUG-2021,687.95,726.0,680.3,716.5,62891,22605,7897
RHIM,12-AUG-2021,376.45,376.45,355.15,363.2,132761,56563,6604
RICOAUTO,12-AUG-2021,51.95,55.7,51.4,54.85,2071147,509104,11849
RIIL,12-AUG-2021,618.0,673.75,617.65,667.55,361745,81340,14428
RITES,12-AUG-2021,266.5,272.4,266.1,267.85,667464,157491,14928
RKEC,12-AUG-2021,82.95,87.5,79.95,85.5,97046,40582,2087
RKFORGE,12-AUG-2021,926.05,972.2,926.05,941.9,119636,38083,4795
RML,12-AUG-2021,392.0,397.0,385.3,392.65,24595,8894,1828
ROHLTD,12-AUG-2021,72.8,76.25,70.3,72.85,99841,47784,1217
ROLEXRINGS,12-AUG-2021,1128.35,1169.0,1115.1,1153.0,549865,155767,29794
ROLLT,12-AUG-2021,2.7,2.85,2.65,2.8,554243,418877,414
ROML,12-AUG-2021,69.0,74.75,65.95,73.15,15550,8583,365
ROSSARI,12-AUG-2021,1332.0,1376.05,1332.0,1363.9,104546,19814,8129
ROSSELLIND,12-AUG-2021,166.0,174.7,151.8,172.6,910142,282019,18328
ROUTE,12-AUG-2021,1924.5,2014.0,1910.0,1987.05,289941,90259,20653
RPGLIFE,12-AUG-2021,546.3,561.7,526.0,544.2,501100,130104,19977
RPPINFRA,12-AUG-2021,80.45,84.95,80.0,84.4,190654,104198,2832
RPSGVENT,12-AUG-2021,640.0,694.0,633.35,686.0,174524,59540,9444
RSSOFTWARE,12-AUG-2021,29.9,32.0,28.7,32.0,43280,25485,387
RSWM,12-AUG-2021,347.0,374.4,347.0,358.25,130153,70521,4499
RSYSTEMS,12-AUG-2021,192.95,200.9,191.0,197.1,243565,100230,6630
RUBYMILLS,12-AUG-2021,289.0,308.8,288.95,293.85,83193,21123,6112
RUCHI,12-AUG-2021,1058.0,1127.0,1054.95,1101.95,42514,24212,3851
RUCHIRA,12-AUG-2021,87.95,91.3,87.95,89.45,72914,29904,2008
RUPA,12-AUG-2021,464.5,474.0,455.4,464.3,657728,364486,16438
RUSHIL,12-AUG-2021,288.0,291.0,276.35,286.6,21094,9713,853
RVHL,12-AUG-2021,19.65,20.5,19.1,19.95,21163,12875,88
RVNL,12-AUG-2021,29.3,29.8,29.2,29.6,1771008,735090,6528
S&SPOWER,12-AUG-2021,21.25,21.25,20.5,20.75,1560,1542,18
SADBHAV,12-AUG-2021,63.65,71.25,63.3,69.3,1364547,619449,11583
SADBHIN,12-AUG-2021,20.6,22.45,20.45,22.4,2001413,1240860,3106
SAFARI,12-AUG-2021,742.05,782.0,725.0,754.7,54367,19299,4768
SAGCEM,12-AUG-2021,1534.0,1550.0,1501.0,1523.8,27358,14473,3257
SAIL,12-AUG-2021,136.0,137.7,133.7,135.0,44524216,10164594,106822
SAKAR,12-AUG-2021,179.95,183.9,174.5,176.75,152056,44362,11041
SAKSOFT,12-AUG-2021,695.0,719.95,670.0,682.2,172556,61994,13643
SALASAR,12-AUG-2021,309.9,322.0,302.8,316.2,63920,29094,3454
SALONA,12-AUG-2021,185.0,204.0,185.0,202.85,15180,6582,934
SALZERELEC,12-AUG-2021,165.0,170.75,163.05,166.45,125234,33244,5389
SANCO,12-AUG-2021,9.1,9.15,8.3,8.85,36348,32437,128
SANDESH,12-AUG-2021,889.85,895.0,882.1,889.35,1850,987,355
SANDHAR,12-AUG-2021,278.0,279.45,272.0,272.5,61961,37667,2883
SANGAMIND,12-AUG-2021,147.15,152.9,146.05,146.2,120426,55997,1326
SANGHIIND,12-AUG-2021,74.9,78.4,74.5,76.5,972870,561050,7209
SANGHVIMOV,12-AUG-2021,193.75,197.25,190.25,194.95,116156,37875,6063
SANGINITA,12-AUG-2021,27.9,28.9,26.65,28.7,166620,35734,1438
SANOFI,12-AUG-2021,8780.05,8895.0,8780.05,8827.4,21608,15211,3130
SARLAPOLY,12-AUG-2021,45.95,48.4,44.8,46.5,934343,352325,8840
SASKEN,12-AUG-2021,1229.7,1272.0,1229.7,1268.5,25448,9812,3153
SATIA,12-AUG-2021,96.85,101.55,95.05,100.25,492810,148762,6216
SATIN,12-AUG-2021,80.25,81.0,79.05,79.75,102143,52297,1900
SBCL,12-AUG-2021,167.0,177.2,165.25,167.0,59440,31393,2142
SBICARD,12-AUG-2021,1032.0,1038.9,1019.0,1030.85,645518,280971,27467
SBIETFCON,12-AUG-2021,65.09,65.09,63.34,64.82,6702,3949,78
SBIETFIT,12-AUG-2021,324.99,331.68,319.0,328.54,3086,1579,134
SBIETFPB,12-AUG-2021,186.6,187.2,185.47,186.1,589,516,21
SBIETFQLTY,12-AUG-2021,144.0,144.8,141.44,143.77,1313,939,98
SBILIFE,12-AUG-2021,1136.3,1150.95,1128.55,1134.05,1054244,548495,39586
SBIN,12-AUG-2021,430.0,430.45,425.0,427.15,16847144,5848952,172042
SCHAEFFLER,12-AUG-2021,6818.0,6820.1,6650.0,6712.2,8750,4170,4657
SCHAND,12-AUG-2021,126.0,131.35,125.05,126.35,131977,79640,3501
SCHNEIDER,12-AUG-2021,122.85,129.5,122.85,127.8,755300,206945,9627
SCI,12-AUG-2021,105.55,106.65,104.5,105.8,944655,373167,5941
SDBL,12-AUG-2021,41.2,44.1,40.3,43.3,229807,107044,1744
SEAMECLTD,12-AUG-2021,663.45,702.0,663.45,692.15,70228,52140,1914
SECURKLOUD,12-AUG-2021,87.7,105.8,87.7,103.5,305770,129250,7048
SELAN,12-AUG-2021,143.5,147.95,141.25,147.05,47322,19239,2564
SEPOWER,12-AUG-2021,8.4,8.45,7.7,8.45,41165,34011,111
SEQUENT,12-AUG-2021,235.15,269.9,235.15,265.7,7544162,1415491,104913
SESHAPAPER,12-AUG-2021,189.0,193.8,188.6,191.75,51925,14972,2144
SETCO,12-AUG-2021,19.35,19.4,18.05,18.6,385117,250330,935
SETF10GILT,12-AUG-2021,203.1,204.8,203.1,204.79,3,2,3
SETFGOLD,12-AUG-2021,4160.45,4172.0,4150.1,4166.35,3975,2938,697
SETFNIF50,12-AUG-2021,168.9,168.9,165.51,166.58,104173,64047,1248
SETFNIFBK,12-AUG-2021,358.0,360.0,357.0,359.43,193910,185467,439
SETFNN50,12-AUG-2021,408.0,411.9,406.95,409.6,2129,1324,302
SEYAIND,12-AUG-2021,65.0,66.95,65.0,66.95,30438,20781,348
SFL,12-AUG-2021,2311.5,2322.4,2295.1,2316.2,4591,3193,1298
SGIL,12-AUG-2021,165.05,179.0,165.05,177.95,17660,15240,342
SGL,12-AUG-2021,14.45,15.25,13.15,13.95,144121,84037,609
SHAKTIPUMP,12-AUG-2021,690.7,738.15,684.2,734.8,85834,42207,4872
SHALBY,12-AUG-2021,186.05,198.35,186.05,197.15,622868,258195,9555
SHALPAINTS,12-AUG-2021,102.0,105.5,102.0,104.6,102092,28769,2389
SHANKARA,12-AUG-2021,589.0,616.95,587.8,602.2,270133,70348,14542
SHANTIGEAR,12-AUG-2021,176.85,193.05,176.8,190.0,417143,123169,16971
SHARDACROP,12-AUG-2021,315.3,322.1,313.0,315.1,186041,127235,6178
SHAREINDIA,12-AUG-2021,540.0,558.0,534.2,546.9,61600,23332,4049
SHARIABEES,12-AUG-2021,426.42,426.42,416.0,422.94,314,231,41
SHEMAROO,12-AUG-2021,119.7,121.6,117.05,118.85,56335,34940,1164
SHILPAMED,12-AUG-2021,587.45,615.0,583.65,607.4,450005,142378,9917
SHIVAMAUTO,12-AUG-2021,24.2,25.0,23.5,24.4,47921,34349,438
SHIVAMILLS,12-AUG-2021,87.2,96.3,87.2,91.45,147920,69927,2288
SHIVATEX,12-AUG-2021,187.95,210.0,184.9,204.3,38905,15518,3030
SHK,12-AUG-2021,154.8,155.5,150.15,152.2,686243,372128,6178
SHOPERSTOP,12-AUG-2021,236.7,255.45,235.25,248.1,913321,68158,21986
SHRADHA,12-AUG-2021,52.1,54.95,52.1,52.65,246,162,16
SHREDIGCEM,12-AUG-2021,80.7,86.0,80.45,85.4,583979,251581,5894
SHREECEM,12-AUG-2021,26700.0,27062.15,26500.05,26593.0,75502,24499,23562
SHREEPUSHK,12-AUG-2021,164.75,174.35,162.1,171.35,82314,36884,3855
SHREERAMA,12-AUG-2021,13.7,13.95,13.05,13.7,87874,56107,341
SHRENIK,12-AUG-2021,1.45,1.65,1.45,1.65,3077877,2192558,1542
SHREYANIND,12-AUG-2021,130.0,134.0,123.35,131.7,79561,40172,2745
SHREYAS,12-AUG-2021,216.0,216.0,216.0,216.0,10895,10895,69
SHRIRAMCIT,12-AUG-2021,1780.0,1874.0,1777.5,1810.25,27099,8731,4573
SHRIRAMEPC,12-AUG-2021,5.15,5.4,5.1,5.35,770688,642908,569
SHYAMCENT,12-AUG-2021,16.1,16.1,15.55,15.65,1501636,1382824,995
SHYAMMETL,12-AUG-2021,408.55,419.7,405.95,417.3,790842,310294,16074
SICAL,12-AUG-2021,11.85,12.65,11.5,12.55,510075,282346,1107
SIEMENS,12-AUG-2021,2170.9,2207.0,2140.1,2191.95,812617,129884,51576
SIGIND,12-AUG-2021,51.25,53.55,50.05,53.35,28811,21036,512
SILGO,12-AUG-2021,35.05,37.45,34.5,35.45,28743,10464,263
SILLYMONKS,12-AUG-2021,20.3,20.3,19.7,20.1,1714,1714,42
SIMPLEXINF,12-AUG-2021,39.0,40.6,39.0,40.6,92142,63702,540
SINTERCOM,12-AUG-2021,85.0,90.0,84.35,89.75,24703,12871,534
SINTEX,12-AUG-2021,4.0,4.3,3.95,4.05,3619820,1961802,4572
SIRCA,12-AUG-2021,329.0,344.9,324.9,340.0,152359,39983,5493
SIS,12-AUG-2021,440.05,472.0,440.05,467.55,342133,80784,11237
SITINET,12-AUG-2021,1.6,1.7,1.6,1.65,8923645,3887343,1365
SIYSIL,12-AUG-2021,369.5,394.9,368.0,386.5,110679,45883,5622
SJVN,12-AUG-2021,26.9,27.1,26.75,26.9,1500406,847313,6591
SKFINDIA,12-AUG-2021,2838.0,2838.0,2795.0,2808.4,32635,23555,3329
SKIL,12-AUG-2021,3.55,3.75,3.5,3.75,101258,86413,119
SKIPPER,12-AUG-2021,86.75,88.0,84.95,85.65,326950,123189,5576
SKMEGGPROD,12-AUG-2021,80.45,83.0,80.0,82.25,104546,43058,1894
SMARTLINK,12-AUG-2021,112.25,116.7,108.5,113.45,71530,11735,2989
SMCGLOBAL,12-AUG-2021,83.55,84.35,79.75,83.0,532499,224706,5536
SMLISUZU,12-AUG-2021,584.95,598.95,581.05,590.2,26370,15695,2643
SMSLIFE,12-AUG-2021,755.05,763.0,731.85,747.75,11218,3755,1140
SMSPHARMA,12-AUG-2021,179.4,183.55,178.4,181.75,72664,35681,1995
SNOWMAN,12-AUG-2021,45.5,46.9,45.5,46.45,674049,317366,4083
SOBHA,12-AUG-2021,588.0,611.55,588.0,608.5,158411,77973,8806
SOLARA,12-AUG-2021,1765.0,1765.55,1689.7,1738.15,61452,25180,4553
SOLARINDS,12-AUG-2021,1690.0,1740.0,1690.0,1725.65,30821,19726,4756
SOMATEX,12-AUG-2021,7.0,7.45,6.6,7.2,9325,8407,40
SOMICONVEY,12-AUG-2021,46.2,49.05,44.85,49.05,16709,10631,241
SONACOMS,12-AUG-2021,503.7,508.75,486.85,491.25,1918516,716703,46032
SONATSOFTW,12-AUG-2021,835.0,863.95,833.35,843.55,211592,65563,11260
SORILINFRA,12-AUG-2021,113.95,121.5,112.45,119.05,65315,41054,1139
SOTL,12-AUG-2021,1646.2,1699.0,1641.0,1677.15,29867,15133,3443
SOUTHBANK,12-AUG-2021,9.9,10.15,9.85,10.1,8190895,3285981,36405
SOUTHWEST,12-AUG-2021,80.65,84.65,76.65,84.45,161695,87773,1310
SPAL,12-AUG-2021,332.0,334.9,322.95,331.15,51572,29537,3132
SPANDANA,12-AUG-2021,648.0,659.7,646.5,649.85,95076,58551,4014
SPARC,12-AUG-2021,277.7,284.0,273.8,281.9,877169,207294,13314
SPECIALITY,12-AUG-2021,71.95,74.5,69.4,71.95,526040,176417,9975
SPENCERS,12-AUG-2021,95.0,98.3,95.0,96.9,894235,174799,12067
SPIC,12-AUG-2021,54.25,59.5,54.25,57.7,1606966,700061,10294
SPICEJET,12-AUG-2021,68.45,72.5,68.05,71.3,7139526,1987057,35685
SPLIL,12-AUG-2021,52.0,54.15,51.0,53.15,89363,40053,2063
SPTL,12-AUG-2021,4.0,4.2,4.0,4.2,433483,303034,320
SREEL,12-AUG-2021,154.1,167.9,154.1,165.4,46057,20456,1685
SRF,12-AUG-2021,8740.0,8911.85,8610.0,8804.1,185907,81154,21801
SRHHYPOLTD,12-AUG-2021,322.0,328.0,319.4,325.0,14117,8693,1096
SRIPIPES,12-AUG-2021,212.0,217.85,211.3,214.7,129412,52100,4732
SRTRANSFIN,12-AUG-2021,1301.5,1319.5,1287.25,1309.4,828802,148993,27503
SSWL,12-AUG-2021,1596.0,1607.8,1547.6,1589.55,32783,16399,3450
STAR,12-AUG-2021,677.35,683.0,665.25,669.5,608308,229403,23464
STARCEMENT,12-AUG-2021,108.9,113.0,107.8,108.7,1143275,405290,15521
STARPAPER,12-AUG-2021,154.8,162.5,154.15,158.5,250354,72094,5769
STCINDIA,12-AUG-2021,111.1,115.8,110.25,114.1,83866,28907,2514
STEELCITY,12-AUG-2021,65.0,67.45,64.2,67.45,56907,36538,912
STEELXIND,12-AUG-2021,77.0,85.95,74.9,81.55,1783222,743323,10072
STEL,12-AUG-2021,111.4,118.95,111.1,113.35,67163,37809,2483
STERTOOLS,12-AUG-2021,211.0,224.1,210.45,223.85,65350,28933,2764
STLTECH,12-AUG-2021,277.85,299.4,277.85,297.05,761625,328899,16057
STOVEKRAFT,12-AUG-2021,773.95,809.0,773.95,797.55,205561,79424,13270
STYLAMIND,12-AUG-2021,1090.0,1164.6,1090.0,1142.35,8539,5091,1140
SUBEXLTD,12-AUG-2021,49.5,56.8,49.35,55.6,23518848,5182585,69198
SUBROS,12-AUG-2021,307.0,327.7,307.0,323.95,93444,49871,5295
SUDARSCHEM,12-AUG-2021,650.0,672.0,650.0,666.3,352112,87502,11414
SUMICHEM,12-AUG-2021,408.95,419.7,408.95,415.8,566298,189587,13545
SUMMITSEC,12-AUG-2021,717.05,727.95,706.05,710.6,6758,3805,762
SUNCLAYLTD,12-AUG-2021,3501.3,3566.95,3460.0,3492.0,9580,5846,2740
SUNDARMFIN,12-AUG-2021,2553.4,2567.35,2476.0,2490.1,13232,7163,2468
SUNDARMHLD,12-AUG-2021,83.9,86.5,83.25,85.5,295108,197668,2517
SUNDRMBRAK,12-AUG-2021,395.0,436.0,395.0,414.4,25233,4927,2285
SUNDRMFAST,12-AUG-2021,744.9,819.0,740.0,807.0,665972,119552,37556
SUNFLAG,12-AUG-2021,86.25,87.9,85.4,86.75,791134,259499,7192
SUNPHARMA,12-AUG-2021,780.0,781.25,773.15,778.65,2821380,1198845,81505
SUNTECK,12-AUG-2021,371.0,384.7,368.0,379.3,466117,53591,14173
SUNTV,12-AUG-2021,525.4,531.0,524.0,527.35,763355,248497,11016
SUPERHOUSE,12-AUG-2021,154.4,156.5,151.9,154.75,12526,5856,621
SUPRAJIT,12-AUG-2021,315.0,325.5,312.6,315.75,279916,93950,11034
SUPREMEENG,12-AUG-2021,31.0,34.6,31.0,32.2,39567,26032,202
SUPREMEIND,12-AUG-2021,2050.0,2050.0,2016.0,2040.85,42847,23886,8342
SURANASOL,12-AUG-2021,13.9,13.9,12.95,13.6,98647,65961,424
SURANAT&P,12-AUG-2021,6.55,6.95,6.45,6.95,162234,112774,288
SURYAROSNI,12-AUG-2021,554.7,581.95,546.05,578.15,170506,64460,11664
SURYODAY,12-AUG-2021,183.45,188.7,183.45,187.45,86254,43752,3128
SUTLEJTEX,12-AUG-2021,63.7,65.0,62.45,63.7,233279,102288,3815
SUULD,12-AUG-2021,586.65,586.65,530.85,530.85,220892,187563,1198
SUVEN,12-AUG-2021,78.2,83.45,78.2,82.55,430484,182144,5095
SUVENPHAR,12-AUG-2021,537.7,552.1,530.2,542.45,322538,142091,11514
SUVIDHAA,12-AUG-2021,21.3,23.4,19.3,22.8,330930,83924,1128
SUZLON,12-AUG-2021,6.3,6.55,6.25,6.55,27908552,12942707,14041
SVPGLOB,12-AUG-2021,109.85,110.25,106.0,107.1,39494,24007,1096
SWANENERGY,12-AUG-2021,125.8,129.5,124.8,128.1,114990,23737,4963
SWARAJENG,12-AUG-2021,1804.0,1806.65,1746.0,1773.4,26524,11120,3812
SWELECTES,12-AUG-2021,225.6,262.9,216.0,262.9,189505,82777,8607
SWSOLAR,12-AUG-2021,269.05,280.0,269.05,278.2,1102735,347643,17091
SYMPHONY,12-AUG-2021,935.0,935.0,915.05,920.95,35785,15676,3696
SYNGENE,12-AUG-2021,629.6,630.95,620.1,622.35,169789,76974,6896
TAJGVK,12-AUG-2021,123.9,128.9,123.9,127.0,162584,56734,4707
TAKE,12-AUG-2021,58.4,61.35,58.3,59.65,1657353,557677,10146
TALBROAUTO,12-AUG-2021,309.0,322.0,297.0,318.4,207311,76044,7444
TARAPUR,12-AUG-2021,5.1,5.15,4.95,5.05,5663,4203,22
TARMAT,12-AUG-2021,80.05,80.05,76.5,77.45,125197,87875,2442
TASTYBITE,12-AUG-2021,16970.0,18078.9,16754.35,17755.8,3212,750,1962
TATACHEM,12-AUG-2021,863.9,886.4,860.15,875.85,5941940,783528,102649
TATACOFFEE,12-AUG-2021,197.8,205.6,195.25,203.65,4233668,850473,35642
TATACOMM,12-AUG-2021,1400.9,1420.05,1356.65,1367.75,387289,226151,23267
TATACONSUM,12-AUG-2021,765.65,776.2,763.0,774.25,880420,483069,25845
TATAELXSI,12-AUG-2021,4208.2,4329.0,4203.1,4293.6,118095,63654,15424
TATAINVEST,12-AUG-2021,1237.05,1296.5,1233.05,1285.1,319062,45196,17336
TATAMETALI,12-AUG-2021,1202.7,1225.0,1197.5,1218.65,124406,38669,6636
TATAMOTORS,12-AUG-2021,297.3,307.4,297.3,306.0,33652880,9380972,263143
TATAMTRDVR,12-AUG-2021,137.0,144.45,137.0,143.75,2481359,1560628,30591
TATAPOWER,12-AUG-2021,130.25,134.2,129.85,133.65,31898731,7262688,118014
TATASTEEL,12-AUG-2021,1436.0,1444.7,1416.55,1435.35,10943108,3118141,189925
TATVA,12-AUG-2021,2034.0,2164.85,2017.05,2124.35,382918,56746,26242
TBZ,12-AUG-2021,72.05,76.4,72.05,75.9,470930,132164,5819
TCI,12-AUG-2021,427.0,441.0,426.0,439.55,33357,21542,1669
TCIDEVELOP,12-AUG-2021,313.95,326.0,310.0,320.25,1445,929,145
TCIEXP,12-AUG-2021,1384.2,1430.05,1381.05,1418.3,56861,17854,6701
TCIFINANCE,12-AUG-2021,5.1,5.1,4.8,5.1,3004,3004,11
TCNSBRANDS,12-AUG-2021,557.0,567.2,532.35,562.65,40775,10056,3318
TCPLPACK,12-AUG-2021,511.0,539.0,508.35,523.75,35680,7829,4125
TCS,12-AUG-2021,3326.0,3368.0,3326.0,3351.75,1310205,824872,84190
TDPOWERSYS,12-AUG-2021,190.0,199.0,183.0,187.1,146603,68046,4150
TEAMLEASE,12-AUG-2021,3825.0,3977.0,3810.5,3893.0,13502,5143,3740
TECHIN,12-AUG-2021,5.1,5.1,4.7,4.75,8583,8056,63
TECHM,12-AUG-2021,1323.0,1394.8,1317.75,1386.55,8613315,3795731,198057
TECHNOE,12-AUG-2021,290.9,297.0,290.0,292.55,77556,31229,3620
TEMBO,12-AUG-2021,229.7,239.0,225.45,236.05,218466,71497,3347
TEXINFRA,12-AUG-2021,63.9,64.9,62.65,64.3,70209,45482,708
TEXMOPIPES,12-AUG-2021,54.5,54.9,52.7,54.6,140893,88782,1363
TEXRAIL,12-AUG-2021,34.2,35.4,34.05,35.0,876032,417707,3772
TFCILTD,12-AUG-2021,66.4,66.7,65.0,65.6,338187,213533,2885
TFL,12-AUG-2021,4.95,5.15,4.9,5.0,2652,1652,18
TGBHOTELS,12-AUG-2021,7.5,8.05,7.25,8.05,28757,25751,109
THANGAMAYL,12-AUG-2021,831.55,860.0,816.0,819.0,29874,18678,3009
THEINVEST,12-AUG-2021,109.45,116.9,104.6,115.0,20579,11891,823
THEMISMED,12-AUG-2021,950.05,1031.4,950.05,1031.4,62286,44257,2154
THERMAX,12-AUG-2021,1341.9,1395.0,1320.05,1360.6,74568,58437,3849
THOMASCOOK,12-AUG-2021,58.55,60.35,58.15,58.85,218608,131114,3163
THYROCARE,12-AUG-2021,1312.65,1351.95,1312.5,1347.85,179973,89713,7600
TIIL,12-AUG-2021,690.0,733.75,690.0,724.45,55531,36605,3540
TIINDIA,12-AUG-2021,1185.0,1197.8,1162.95,1185.1,286925,231124,8310
TIL,12-AUG-2021,172.1,180.8,171.1,177.4,14316,6491,817
TIMESGTY,12-AUG-2021,45.0,48.7,45.0,46.9,13323,6750,466
TIMETECHNO,12-AUG-2021,79.9,83.4,79.9,82.65,414995,161558,4236
TIMKEN,12-AUG-2021,1560.0,1590.0,1550.0,1552.7,55807,20008,5590
TINPLATE,12-AUG-2021,240.05,247.55,240.05,244.55,416496,128744,8031
TIRUMALCHM,12-AUG-2021,189.15,202.3,189.15,200.55,1029456,364465,12554
TITAN,12-AUG-2021,1798.0,1829.6,1781.0,1823.6,889082,363200,56048
TMRVL,12-AUG-2021,17.95,18.55,16.15,17.8,97317,51595,612
TNPETRO,12-AUG-2021,127.4,131.85,126.6,128.6,617826,381227,7384
TNPL,12-AUG-2021,143.5,147.5,142.7,145.05,249467,77650,4776
TOKYOPLAST,12-AUG-2021,100.5,104.9,99.95,103.2,12692,6446,567
TORNTPHARM,12-AUG-2021,2915.0,2942.15,2868.9,2911.85,287152,125143,22160
TORNTPOWER,12-AUG-2021,457.0,473.35,457.0,468.35,1602107,323335,27437
TOTAL,12-AUG-2021,57.85,58.6,53.0,55.85,28884,13862,482
TPLPLASTEH,12-AUG-2021,320.0,351.25,316.7,346.95,98744,19394,7023
TREJHARA,12-AUG-2021,59.75,63.95,58.5,61.65,78702,40563,2946
TRENT,12-AUG-2021,905.5,913.4,880.1,896.7,592714,222087,22252
TRF,12-AUG-2021,117.9,117.9,113.5,115.6,8848,5585,313
TRIDENT,12-AUG-2021,19.5,20.5,19.1,20.45,25303457,10890843,32477
TRIGYN,12-AUG-2021,128.15,138.75,128.15,138.4,284136,164784,3574
TRIL,12-AUG-2021,30.2,31.0,29.35,30.05,315168,147278,2135
TRITURBINE,12-AUG-2021,112.1,117.0,112.1,114.95,149693,73886,5969
TRIVENI,12-AUG-2021,174.5,178.0,171.45,173.9,686053,273234,8733
TTKHLTCARE,12-AUG-2021,713.3,726.0,705.4,717.9,13335,5171,1864
TTKPRESTIG,12-AUG-2021,8790.0,9150.0,8750.0,9107.5,11295,4814,4319
TTL,12-AUG-2021,71.8,74.0,70.1,70.7,38844,19715,595
TV18BRDCST,12-AUG-2021,38.4,39.05,37.65,38.3,4513563,1658468,9243
TVSELECT,12-AUG-2021,177.0,184.05,175.55,184.05,58082,32050,1265
TVSMOTOR,12-AUG-2021,561.0,565.35,551.1,552.0,1066784,409337,21427
TVSSRICHAK,12-AUG-2021,2136.95,2200.0,2136.9,2173.0,8390,4934,1293
TVTODAY,12-AUG-2021,292.0,296.35,285.75,287.5,54710,26835,2337
TWL,12-AUG-2021,83.0,88.7,82.75,87.55,1587442,567489,15998
UBL,12-AUG-2021,1389.3,1415.25,1381.0,1389.65,271644,58476,13217
UCALFUEL,12-AUG-2021,140.9,147.5,140.9,145.2,66661,28436,4150
UCOBANK,12-AUG-2021,12.6,13.4,12.6,13.25,6107851,2145455,15970
UFLEX,12-AUG-2021,521.0,539.0,519.0,536.25,402767,165595,10704
UFO,12-AUG-2021,96.25,98.95,96.25,98.4,254076,120571,4031
UGARSUGAR,12-AUG-2021,29.25,30.2,28.8,29.2,475058,276397,1786
UGROCAP,12-AUG-2021,109.1,122.3,109.1,120.75,109530,76952,2016
UJAAS,12-AUG-2021,2.65,2.9,2.6,2.85,869429,607270,806
UJJIVAN,12-AUG-2021,213.0,215.4,209.05,212.15,243461,97297,5514
UJJIVANSFB,12-AUG-2021,25.75,26.3,25.6,26.15,2608448,1186940,7253
ULTRACEMCO,12-AUG-2021,7457.0,7580.0,7432.85,7468.7,206051,60162,28447
UMANGDAIRY,12-AUG-2021,79.4,81.85,78.25,80.75,110748,37176,3070
UMESLTD,12-AUG-2021,4.3,4.55,4.2,4.4,16511,12908,59
UNICHEMLAB,12-AUG-2021,275.35,313.75,275.35,299.25,190322,39015,9372
UNIDT,12-AUG-2021,339.1,367.0,337.05,361.45,126486,45120,4706
UNIENTER,12-AUG-2021,117.5,125.0,117.5,122.35,18006,7587,991
UNIONBANK,12-AUG-2021,34.7,35.4,34.6,35.05,5593592,1743955,10041
UNITEDTEA,12-AUG-2021,408.8,424.05,400.15,413.0,5567,2269,970
UNIVASTU,12-AUG-2021,46.4,48.2,40.7,43.95,43824,24955,602
UNIVCABLES,12-AUG-2021,175.95,177.5,171.95,175.2,33900,19381,1066
UNIVPHOTO,12-AUG-2021,290.05,293.45,290.0,290.0,7193,6535,105
UPL,12-AUG-2021,773.0,785.65,772.05,777.1,2248810,837044,43851
URJA,12-AUG-2021,6.55,6.85,6.55,6.85,4027328,2240151,4992
USHAMART,12-AUG-2021,68.6,70.3,68.4,69.55,1423627,764350,5926
UTIAMC,12-AUG-2021,1035.0,1100.0,1012.8,1081.55,774584,284327,28891
UTIBANKETF,12-AUG-2021,36.05,36.12,35.55,35.99,4244,3586,91
UTINEXT50,12-AUG-2021,41.97,41.97,40.93,41.03,4429,4059,74
UTINIFTETF,12-AUG-2021,1720.0,1721.6,1705.9,1720.53,1586,1572,40
UTISENSETF,12-AUG-2021,571.99,574.95,568.57,572.79,448,412,67
UTISXN50,12-AUG-2021,45.5,45.95,44.1,45.33,1252,1191,40
V2RETAIL,12-AUG-2021,117.95,118.8,113.45,115.35,15647,9400,430
VADILALIND,12-AUG-2021,1159.0,1231.0,1138.95,1194.45,110655,46328,10883
VAIBHAVGBL,12-AUG-2021,772.0,781.9,764.0,769.45,61856,38435,7763
VAISHALI,12-AUG-2021,39.9,39.9,38.35,38.85,25011,15979,329
VAKRANGEE,12-AUG-2021,31.5,36.15,31.5,36.15,16747270,8087993,28814
VALIANTORG,12-AUG-2021,1395.25,1448.0,1388.15,1411.3,57059,19564,4656
VARDHACRLC,12-AUG-2021,71.6,72.7,70.0,71.3,292423,191549,3237
VARROC,12-AUG-2021,317.2,328.65,315.1,320.15,336875,97572,13397
VASCONEQ,12-AUG-2021,24.75,25.7,23.85,25.7,1556009,1284181,1932
VASWANI,12-AUG-2021,12.9,13.75,12.6,13.65,41685,37373,168
VBL,12-AUG-2021,779.0,781.95,760.55,774.15,256036,134204,12750
VEDL,12-AUG-2021,326.0,327.4,319.35,323.55,11383091,3130085,88833
VENKEYS,12-AUG-2021,2799.1,2849.8,2775.0,2827.45,52146,18033,6720
VENUSREM,12-AUG-2021,525.0,561.45,525.0,534.85,91699,42874,5043
VERTOZ,12-AUG-2021,131.25,137.25,129.6,131.75,152597,61563,3697
VESUVIUS,12-AUG-2021,1238.8,1270.6,1211.95,1254.1,15448,6972,1796
VETO,12-AUG-2021,106.8,113.0,101.75,104.6,572198,218218,12223
VGUARD,12-AUG-2021,233.55,238.85,233.55,237.45,313049,138374,9013
VHL,12-AUG-2021,3225.15,3250.0,3102.95,3136.15,1134,524,215
VIDHIING,12-AUG-2021,306.9,327.0,302.8,315.55,176631,68848,6292
VIKASECO,12-AUG-2021,2.15,2.3,2.15,2.3,4724357,2842288,1787
VIKASPROP,12-AUG-2021,2.2,2.4,2.2,2.3,1202094,907680,5010
VIKASWSP,12-AUG-2021,5.0,5.1,4.75,4.8,1142971,903490,744
VIMTALABS,12-AUG-2021,292.0,336.2,284.95,331.8,584245,258811,14831
VINATIORGA,12-AUG-2021,1900.0,1928.55,1899.8,1921.85,50463,29918,5391
VINDHYATEL,12-AUG-2021,1232.0,1260.6,1226.3,1236.05,30809,21002,2611
VINEETLAB,12-AUG-2021,92.05,97.85,92.0,97.1,46355,19709,1302
VINYLINDIA,12-AUG-2021,179.7,211.7,178.65,203.85,2344165,439043,50644
VIPIND,12-AUG-2021,410.95,462.95,409.05,462.95,12541406,2108967,217198
VIPULLTD,12-AUG-2021,31.5,34.1,30.9,32.8,102638,67879,586
VISAKAIND,12-AUG-2021,737.45,779.9,735.0,775.75,41665,23078,3478
VISASTEEL,12-AUG-2021,10.4,10.65,10.0,10.2,82367,54397,376
VISHAL,12-AUG-2021,104.75,113.0,104.75,110.25,2043898,1139775,10490
VISHNU,12-AUG-2021,618.0,618.0,598.7,606.7,4439,2813,418
VISHWARAJ,12-AUG-2021,156.0,157.0,151.55,156.05,172327,63350,4159
VIVIDHA,12-AUG-2021,0.8,0.85,0.75,0.85,2487974,1980350,971
VIVIMEDLAB,12-AUG-2021,22.5,23.3,22.15,22.9,216063,125826,960
VLSFINANCE,12-AUG-2021,198.0,211.75,197.95,211.75,117409,62750,2216
VMART,12-AUG-2021,3555.0,3599.95,3451.85,3556.1,56345,35452,11355
VOLTAMP,12-AUG-2021,1586.9,1625.0,1555.95,1601.65,11927,5464,1960
VOLTAS,12-AUG-2021,1005.1,1008.65,982.0,986.15,988482,388612,26672
VRLLOG,12-AUG-2021,307.5,332.7,306.5,326.95,995108,530182,25107
VSSL,12-AUG-2021,283.1,286.9,270.15,272.95,430265,170689,14644
VSTIND,12-AUG-2021,3325.0,3398.0,3325.0,3374.05,3963,2837,914
VSTTILLERS,12-AUG-2021,1912.0,1942.85,1899.0,1909.3,19171,10636,3709
VTL,12-AUG-2021,1758.0,1829.0,1750.05,1758.85,145231,60566,10970
WABAG,12-AUG-2021,349.0,362.95,349.0,356.3,954203,444490,19394
WABCOINDIA,12-AUG-2021,7300.05,7850.0,7300.05,7541.5,31006,8275,5740
WALCHANNAG,12-AUG-2021,63.15,67.35,63.15,66.55,189708,63892,3433
WATERBASE,12-AUG-2021,112.85,128.9,112.85,125.45,1130650,239498,19214
WEBELSOLAR,12-AUG-2021,64.0,70.25,64.0,70.25,443613,308443,3720
WEIZMANIND,12-AUG-2021,49.5,50.65,48.65,50.3,13434,7336,313
WELCORP,12-AUG-2021,127.55,130.85,127.55,129.75,1071366,376061,9507
WELENT,12-AUG-2021,96.0,99.3,96.0,98.65,119527,64980,2421
WELINV,12-AUG-2021,351.1,355.0,343.95,349.75,488,172,48
WELSPUNIND,12-AUG-2021,127.45,134.0,127.2,132.95,1338353,682395,16911
WENDT,12-AUG-2021,4181.05,4300.0,4160.0,4276.35,1344,754,419
WESTLIFE,12-AUG-2021,505.0,527.0,505.0,522.75,126147,43666,6748
WHEELS,12-AUG-2021,831.4,847.4,816.0,823.45,11812,6397,1081
WHIRLPOOL,12-AUG-2021,2032.6,2054.85,1995.3,2000.7,699233,491418,31792
WILLAMAGOR,12-AUG-2021,22.8,23.65,21.5,23.25,51108,37644,406
WINDMACHIN,12-AUG-2021,29.7,30.9,29.7,30.9,38493,25863,200
WIPRO,12-AUG-2021,602.0,608.9,600.65,605.85,3952508,1322036,69339
WOCKPHARMA,12-AUG-2021,480.0,493.35,478.15,489.0,326321,127737,9163
WONDERLA,12-AUG-2021,234.7,237.0,228.0,235.4,283615,92371,19858
WORTH,12-AUG-2021,94.4,103.8,94.4,102.35,60163,35998,1471
WSI,12-AUG-2021,4.7,4.7,4.7,4.7,1,1,1
WSTCSTPAPR,12-AUG-2021,253.5,264.9,253.5,260.9,281221,83904,5092
XCHANGING,12-AUG-2021,115.25,120.7,112.7,118.5,625405,333736,8299
XPROINDIA,12-AUG-2021,270.05,277.7,270.05,277.7,24193,21295,348
YESBANK,12-AUG-2021,12.0,12.15,11.9,11.95,75856427,45634290,87492
ZEEL,12-AUG-2021,182.6,186.4,182.0,184.9,11685849,4288660,76647
ZEELEARN,12-AUG-2021,13.75,14.75,13.5,14.65,1720067,1069734,2115
ZEEMEDIA,12-AUG-2021,10.4,10.9,10.4,10.85,2957682,2428608,1737
ZENITHEXPO,12-AUG-2021,86.0,86.0,78.05,85.3,3701,2894,61
ZENSARTECH,12-AUG-2021,396.65,419.9,395.6,417.7,1484019,545725,28117
ZENTEC,12-AUG-2021,85.05,87.85,85.05,86.8,135400,42365,2217
ZODIACLOTH,12-AUG-2021,117.0,121.45,116.7,119.8,46378,27353,1406
ZODJRDMKJ,12-AUG-2021,30.75,32.55,30.7,32.35,1988,1607,101
ZOMATO,12-AUG-2021,135.65,137.4,132.05,135.45,51256670,6334352,177700
ZOTA,12-AUG-2021,351.85,355.0,333.1,337.95,83656,46732,2587
ZYDUSWELL,12-AUG-2021,2196.0,2255.0,2196.0,2236.85,14126,7266,2382
