20MICRONS,25-AUG-2021,54.0,54.6,52.5,53.3,49927,27561,1122
21STCENMGM,25-AUG-2021,31.1,31.1,31.1,31.1,1639,1639,12
3MINDIA,25-AUG-2021,23298.85,23389.95,22678.55,22791.5,4147,2661,1643
5PAISA,25-AUG-2021,458.6,463.45,444.0,450.25,29636,14978,960
63MOONS,25-AUG-2021,92.7,96.9,91.45,93.1,92964,46929,1452
A2ZINFRA,25-AUG-2021,4.1,4.35,4.1,4.35,420540,278334,317
AAKASH,25-AUG-2021,242.95,252.7,237.45,250.1,53974,36290,534
AAREYDRUGS,25-AUG-2021,39.0,41.1,38.05,39.95,55835,41459,1261
AARON,25-AUG-2021,95.0,97.5,95.0,95.8,3328,2181,120
AARTIDRUGS,25-AUG-2021,619.05,632.0,617.5,629.4,200906,60616,9271
AARTIIND,25-AUG-2021,923.0,929.0,915.0,917.65,566592,212579,18167
AARTISURF,25-AUG-2021,1430.1,1463.15,1411.05,1418.95,22499,8598,2790
AARVEEDEN,25-AUG-2021,18.5,19.25,17.9,19.0,20460,15903,128
AARVI,25-AUG-2021,53.2,55.5,51.9,54.9,46980,30682,618
AAVAS,25-AUG-2021,2424.4,2454.0,2385.0,2399.6,74837,29545,8521
ABAN,25-AUG-2021,41.25,41.6,39.05,41.25,137903,77669,1765
ABB,25-AUG-2021,1701.9,1746.8,1688.75,1731.1,82301,40029,12326
ABBOTINDIA,25-AUG-2021,18925.3,19000.0,18712.05,18898.9,8637,6022,2493
ABCAPITAL,25-AUG-2021,101.9,107.6,101.85,106.45,3519350,832076,23421
ABFRL,25-AUG-2021,198.15,200.85,195.4,197.85,1779237,463961,14674
ABSLBANETF,25-AUG-2021,360.0,360.0,354.0,354.33,126,32,22
ABSLNN50ET,25-AUG-2021,404.2,404.2,401.0,401.0,82,82,5
ACC,25-AUG-2021,2285.15,2305.0,2255.2,2267.35,339700,135130,19443
ACCELYA,25-AUG-2021,1275.0,1298.0,1270.8,1287.2,21388,7740,2390
ACCURACY,25-AUG-2021,105.85,115.0,105.85,111.95,34512,17179,1546
ACE,25-AUG-2021,200.7,224.45,200.7,219.85,1476675,347539,29286
ACRYSIL,25-AUG-2021,624.8,624.8,605.0,613.6,47008,27110,2548
ADANIENT,25-AUG-2021,1444.25,1481.8,1425.0,1475.35,5361140,697509,98170
ADANIPORTS,25-AUG-2021,698.5,725.0,695.4,720.75,21275432,3183651,272990
ADFFOODS,25-AUG-2021,799.0,813.0,793.0,796.15,11881,6094,2479
ADORWELD,25-AUG-2021,685.95,688.0,660.3,664.05,3720,2351,766
ADROITINFO,25-AUG-2021,8.9,9.3,8.5,8.5,11398,7553,97
ADSL,25-AUG-2021,58.5,65.45,58.5,65.45,496162,190353,9506
ADVANIHOTR,25-AUG-2021,70.25,73.0,68.45,69.75,24336,17325,506
ADVENZYMES,25-AUG-2021,371.35,380.0,368.45,369.5,134723,58509,5878
AEGISCHEM,25-AUG-2021,272.0,275.5,268.0,269.5,313911,138839,6786
AGARIND,25-AUG-2021,293.95,302.0,290.6,294.25,11828,6560,611
AGRITECH,25-AUG-2021,47.55,47.7,44.1,47.6,18522,11325,292
AGROPHOS,25-AUG-2021,15.9,16.0,15.4,15.75,19636,8477,128
AHLADA,25-AUG-2021,169.95,174.05,165.6,171.25,20227,14539,1400
AHLEAST,25-AUG-2021,171.3,176.95,171.25,175.95,3162,2919,70
AHLUCONT,25-AUG-2021,375.0,375.0,368.6,369.95,10180,6856,276
AHLWEST,25-AUG-2021,265.0,288.6,265.0,276.6,509,375,64
AIAENG,25-AUG-2021,1941.0,1948.65,1924.25,1937.9,81649,73600,5019
AJANTPHARM,25-AUG-2021,2205.15,2260.0,2192.0,2250.4,79508,37381,8368
AJOONI,25-AUG-2021,52.5,53.05,50.15,51.35,63415,26485,567
AKASH,25-AUG-2021,155.9,155.9,148.2,149.75,37513,33393,363
AKG,25-AUG-2021,22.9,23.75,21.5,23.1,3458,1723,81
AKSHARCHEM,25-AUG-2021,416.05,431.0,412.15,416.55,28524,9088,3637
AKZOINDIA,25-AUG-2021,2180.0,2229.0,2180.0,2206.15,6378,2647,1767
ALANKIT,25-AUG-2021,14.95,15.4,14.85,15.0,330112,168763,1351
ALBERTDAVD,25-AUG-2021,584.0,589.9,575.1,583.05,33004,15212,3114
ALEMBICLTD,25-AUG-2021,102.95,106.0,102.55,104.8,315803,90333,7810
ALICON,25-AUG-2021,788.75,790.0,777.05,780.95,8185,5292,1041
ALKALI,25-AUG-2021,68.95,71.35,68.95,70.25,16339,8078,436
ALKEM,25-AUG-2021,3840.0,3850.0,3802.7,3817.05,58757,10883,7262
ALKYLAMINE,25-AUG-2021,3965.95,4005.0,3927.65,3941.35,84207,43984,16496
ALLCARGO,25-AUG-2021,217.7,224.9,214.75,222.25,2178581,585770,25018
ALLSEC,25-AUG-2021,411.45,422.6,407.0,417.05,11303,7532,492
ALMONDZ,25-AUG-2021,73.95,77.0,70.1,76.75,81073,62981,698
ALOKINDS,25-AUG-2021,21.4,21.65,21.1,21.25,3580385,1722409,6186
ALPA,25-AUG-2021,51.9,52.9,50.2,51.15,31690,20556,446
ALPHAGEO,25-AUG-2021,326.9,332.8,320.1,323.1,28484,12801,1702
AMARAJABAT,25-AUG-2021,689.9,691.7,674.4,675.35,1225409,588516,38506
AMBER,25-AUG-2021,2820.0,2903.8,2802.55,2870.15,27091,11072,5390
AMBICAAGAR,25-AUG-2021,15.25,16.7,14.8,16.3,24865,14935,167
AMBIKCO,25-AUG-2021,1490.0,1515.7,1460.0,1502.1,26353,13106,3595
AMBUJACEM,25-AUG-2021,396.9,399.35,393.0,397.05,2891821,1443249,33009
AMDIND,25-AUG-2021,28.85,28.85,27.3,28.1,11530,4811,126
AMJLAND,25-AUG-2021,28.6,28.8,27.3,27.55,41424,13647,639
AMRUTANJAN,25-AUG-2021,694.9,703.75,689.25,694.05,31200,23134,1936
ANDHRAPAP,25-AUG-2021,233.8,233.8,226.05,230.0,10741,4906,653
ANDHRSUGAR,25-AUG-2021,510.25,531.5,510.25,519.8,79219,26431,3667
ANDREWYU,25-AUG-2021,24.35,25.0,24.0,24.65,113719,71363,924
ANGELBRKG,25-AUG-2021,1124.0,1150.0,1102.35,1130.35,208418,79404,15720
ANIKINDS,25-AUG-2021,17.5,17.9,17.15,17.9,21089,16202,96
ANMOL,25-AUG-2021,167.05,174.9,165.0,170.25,16041,15176,123
ANSALAPI,25-AUG-2021,9.8,10.05,9.8,9.9,147666,93665,279
ANSALHSG,25-AUG-2021,6.8,7.0,6.6,6.85,108520,66417,183
ANUP,25-AUG-2021,945.0,976.6,945.0,963.4,19508,7813,2552
ANURAS,25-AUG-2021,722.5,733.9,720.5,728.05,277653,206436,2885
APARINDS,25-AUG-2021,635.0,639.0,612.25,617.8,57137,24002,3695
APCL,25-AUG-2021,413.95,421.0,410.0,415.75,40760,22315,2186
APCOTEXIND,25-AUG-2021,313.2,316.5,307.5,311.85,47006,34786,1742
APEX,25-AUG-2021,257.0,267.05,257.0,262.85,226444,77597,6608
APLAPOLLO,25-AUG-2021,1530.0,1586.9,1524.6,1548.05,219812,150079,13327
APLLTD,25-AUG-2021,742.7,749.55,733.3,747.45,198800,54186,9815
APOLLO,25-AUG-2021,104.4,106.45,103.5,105.2,46088,24707,1778
APOLLOHOSP,25-AUG-2021,4865.0,4880.0,4750.0,4771.65,469002,135701,30594
APOLLOPIPE,25-AUG-2021,1373.9,1394.0,1332.05,1381.0,147589,103859,5398
APOLLOTYRE,25-AUG-2021,209.0,210.7,205.9,207.5,3336327,1122032,27188
APOLSINHOT,25-AUG-2021,830.35,852.5,802.75,815.95,4086,1835,805
APTECHT,25-AUG-2021,254.6,286.7,254.6,279.15,2230100,487376,45695
APTUS,25-AUG-2021,352.0,356.5,334.15,348.15,3883290,1972192,68026
ARCHIDPLY,25-AUG-2021,30.55,31.95,30.05,31.1,44509,3393,91
ARENTERP,25-AUG-2021,28.75,28.75,28.75,28.75,595,595,7
ARIES,25-AUG-2021,140.0,149.0,139.85,144.15,119151,42152,3820
ARIHANT,25-AUG-2021,24.0,25.7,23.2,23.9,13745,6094,325
ARIHANTCAP,25-AUG-2021,144.15,148.6,140.4,141.75,28858,16663,1824
ARIHANTSUP,25-AUG-2021,108.9,114.9,108.65,109.55,101100,38716,690
ARMANFIN,25-AUG-2021,689.9,689.9,670.0,678.05,3905,2395,316
AROGRANITE,25-AUG-2021,72.55,74.0,70.0,71.0,238316,104509,2294
ARROWGREEN,25-AUG-2021,121.8,121.9,118.95,121.9,7693,5857,175
ARSHIYA,25-AUG-2021,28.6,28.6,26.8,26.95,147033,32477,1434
ARSSINFRA,25-AUG-2021,25.95,27.9,25.05,27.75,59039,26582,435
ARTEMISMED,25-AUG-2021,326.4,328.9,320.5,326.35,5307,4371,166
ARVIND,25-AUG-2021,94.0,94.6,90.0,91.25,692345,324568,7648
ARVINDFASN,25-AUG-2021,268.5,287.0,266.05,282.85,2948734,583310,40881
ARVSMART,25-AUG-2021,119.25,122.35,118.55,120.4,142369,114467,1422
ASAHIINDIA,25-AUG-2021,334.1,350.5,330.05,348.3,128653,67344,5314
ASAHISONG,25-AUG-2021,342.25,345.0,334.25,335.7,12869,8349,838
ASALCBR,25-AUG-2021,432.85,435.45,427.0,432.45,24402,13846,1615
ASHIANA,25-AUG-2021,152.85,153.55,148.0,148.85,68641,30445,2655
ASHIMASYN,25-AUG-2021,17.65,17.65,17.05,17.05,13257,12185,66
ASHOKA,25-AUG-2021,100.45,101.65,98.5,99.1,674370,276857,6858
ASHOKLEY,25-AUG-2021,120.0,121.55,118.6,118.9,18202177,4544389,65574
ASIANHOTNR,25-AUG-2021,75.5,79.4,75.5,76.85,2970,1427,94
ASIANPAINT,25-AUG-2021,3026.0,3070.0,3012.6,3038.05,797870,328723,61276
ASIANTILES,25-AUG-2021,169.0,172.0,164.15,165.25,982139,78807,6424
ASPINWALL,25-AUG-2021,192.1,205.0,186.9,192.95,45366,12456,1531
ASTEC,25-AUG-2021,1295.95,1307.95,1275.05,1288.75,5897,2237,1290
ASTERDM,25-AUG-2021,189.5,198.4,186.1,196.5,4685294,1102109,46798
ASTRAL,25-AUG-2021,1975.0,2009.3,1972.0,1980.5,333438,222885,23157
ASTRAMICRO,25-AUG-2021,159.0,159.0,153.75,154.75,284665,133997,7380
ASTRAZEN,25-AUG-2021,3086.0,3138.75,3080.75,3099.6,12918,4396,3072
ASTRON,25-AUG-2021,58.55,60.35,57.85,58.8,548172,381841,3521
ATFL,25-AUG-2021,972.0,993.75,954.0,963.45,8911,5973,1446
ATUL,25-AUG-2021,8992.3,9033.3,8887.0,8899.35,13152,7544,5947
ATULAUTO,25-AUG-2021,195.8,196.65,190.95,192.9,75420,30760,3704
AUBANK,25-AUG-2021,1359.75,1368.0,1330.4,1350.3,873255,116223,35495
AUROPHARMA,25-AUG-2021,693.1,708.8,684.5,696.7,5847568,1338373,99467
AUTOAXLES,25-AUG-2021,1265.0,1278.85,1235.0,1243.9,10215,4587,1784
AUTOIND,25-AUG-2021,50.95,53.3,49.75,53.3,21506,16203,219
AVADHSUGAR,25-AUG-2021,420.0,448.0,419.15,431.75,169520,39349,8150
AVANTIFEED,25-AUG-2021,543.4,576.0,541.8,566.65,934066,120424,35738
AVTNPL,25-AUG-2021,71.05,72.95,69.35,69.75,131938,47502,3369
AWHCL,25-AUG-2021,345.9,355.0,340.85,343.25,100344,43587,4385
AXISBANK,25-AUG-2021,748.2,751.45,735.2,739.05,6726509,3755936,115890
AXISBNKETF,25-AUG-2021,359.05,359.95,355.96,358.17,464,382,33
AXISBPSETF,25-AUG-2021,10.28,10.29,10.28,10.28,3349,3204,56
AXISCADES,25-AUG-2021,72.5,75.25,72.3,75.25,156753,136702,627
AXISGOLD,25-AUG-2021,40.83,41.17,40.83,40.99,41247,27651,3396
AXISHCETF,25-AUG-2021,89.18,89.18,87.0,87.78,11499,7890,467
AXISNIFTY,25-AUG-2021,174.0,175.2,173.35,173.47,3120,1639,149
AXISTECETF,25-AUG-2021,342.0,345.0,335.25,342.97,1289,1019,71
AYMSYNTEX,25-AUG-2021,89.85,89.9,87.6,88.1,25315,17452,376
BAFNAPH,25-AUG-2021,131.25,135.2,128.15,130.6,2054,1518,102
BAGFILMS,25-AUG-2021,2.85,3.0,2.7,2.75,888694,478966,438
BAJAJ-AUTO,25-AUG-2021,3731.45,3759.95,3680.0,3689.65,398715,159111,30437
BAJAJCON,25-AUG-2021,246.4,254.0,246.0,249.4,857696,310315,21145
BAJAJELEC,25-AUG-2021,1154.0,1238.0,1147.15,1174.15,2030882,273563,116054
BAJAJFINSV,25-AUG-2021,16545.0,16799.0,15850.0,15904.4,974598,178354,149647
BAJAJHLDNG,25-AUG-2021,4130.0,4264.3,4130.0,4167.05,149684,59085,19885
BAJFINANCE,25-AUG-2021,7005.0,7054.0,6921.0,6944.95,1509667,406934,111509
BALAJITELE,25-AUG-2021,60.45,60.5,58.55,58.85,163491,87007,1923
BALAMINES,25-AUG-2021,3324.6,3495.0,3323.3,3459.15,108562,55061,16464
BALAXI,25-AUG-2021,528.1,540.75,524.9,534.0,2053,1764,125
BALKRISIND,25-AUG-2021,2296.75,2350.0,2264.0,2275.0,667584,433065,23818
BALMLAWRIE,25-AUG-2021,126.9,127.6,125.75,126.2,168156,74261,3636
BALPHARMA,25-AUG-2021,93.95,94.9,92.55,93.25,14914,7827,356
BALRAMCHIN,25-AUG-2021,358.0,373.95,356.95,369.95,2844456,749158,48249
BANARBEADS,25-AUG-2021,68.65,68.9,66.5,67.15,15161,8554,387
BANARISUG,25-AUG-2021,1761.85,1825.0,1761.25,1793.55,4678,3530,417
BANCOINDIA,25-AUG-2021,190.9,196.5,189.0,192.0,504085,140709,15117
BANDHANBNK,25-AUG-2021,266.0,267.5,259.25,264.6,6944870,2915135,69446
BANKA,25-AUG-2021,64.7,64.95,62.35,63.4,3509,2606,103
BANKBARODA,25-AUG-2021,75.9,76.5,74.9,75.1,22570604,4004382,43669
BANKBEES,25-AUG-2021,362.0,362.0,358.0,358.55,217459,100635,5853
BANKINDIA,25-AUG-2021,64.0,65.4,63.65,64.85,1719411,363535,8194
BANSWRAS,25-AUG-2021,176.95,176.95,165.8,166.55,9003,4035,453
BARBEQUE,25-AUG-2021,1114.8,1124.0,1065.0,1071.25,108204,29628,8502
BASF,25-AUG-2021,3524.0,3574.55,3450.05,3475.9,64836,41874,9116
BASML,25-AUG-2021,86.05,88.8,83.65,84.25,27628,19275,449
BATAINDIA,25-AUG-2021,1706.5,1744.0,1705.05,1716.95,364034,59721,20975
BAYERCROP,25-AUG-2021,5426.1,5474.95,5341.1,5361.05,19485,14001,5588
BBL,25-AUG-2021,1282.0,1318.0,1282.0,1300.95,12547,6680,2532
BBTC,25-AUG-2021,1155.0,1212.05,1155.0,1180.7,231305,50061,16616
BCLIND,25-AUG-2021,216.3,238.35,215.05,226.45,221716,116165,8621
BCP,25-AUG-2021,3.65,3.95,3.65,3.9,449125,320253,479
BDL,25-AUG-2021,379.5,397.9,379.5,384.35,627531,187570,18406
BEARDSELL,25-AUG-2021,13.45,14.25,13.45,13.9,9655,6736,57
BECTORFOOD,25-AUG-2021,399.95,403.5,395.35,400.25,74989,34081,3867
BEDMUTHA,25-AUG-2021,36.55,37.8,36.05,37.25,9320,2142,357
BEL,25-AUG-2021,177.3,180.55,177.3,179.95,5523853,1886172,32602
BEML,25-AUG-2021,1291.0,1307.1,1291.0,1300.55,101970,41999,6184
BEPL,25-AUG-2021,176.3,178.6,173.05,176.2,661504,196608,9196
BERGEPAINT,25-AUG-2021,793.45,797.95,780.55,784.5,999768,445110,37281
BESTAGRO,25-AUG-2021,615.0,648.3,615.0,641.45,35850,28160,939
BFINVEST,25-AUG-2021,326.0,334.4,324.1,327.25,31854,8212,2647
BFUTILITIE,25-AUG-2021,385.0,397.3,379.85,385.15,179891,56485,5664
BGRENERGY,25-AUG-2021,50.55,52.95,50.1,51.05,73128,34005,1426
BHAGERIA,25-AUG-2021,239.95,245.0,239.8,243.0,55434,25602,2352
BHAGYANGR,25-AUG-2021,52.1,53.0,47.45,48.95,106064,50841,2971
BHAGYAPROP,25-AUG-2021,31.25,31.3,30.35,31.2,16556,4770,159
BHANDARI,25-AUG-2021,2.95,3.0,2.8,2.8,388683,240546,479
BHARATFORG,25-AUG-2021,743.2,748.2,728.55,731.1,1821422,766933,37144
BHARATGEAR,25-AUG-2021,125.8,125.8,120.15,121.95,30254,20751,985
BHARATRAS,25-AUG-2021,12024.0,12485.0,12024.0,12234.9,1585,517,809
BHARTIARTL,25-AUG-2021,622.35,622.35,611.0,612.45,7977884,3292935,108894
BHEL,25-AUG-2021,53.25,53.65,52.65,53.1,26650342,3409561,40627
BIGBLOC,25-AUG-2021,108.8,109.75,105.0,105.9,7060,4833,108
BIL,25-AUG-2021,219.0,219.0,205.45,207.75,1892,746,138
BINDALAGRO,25-AUG-2021,22.05,23.75,22.05,23.25,140249,78123,1125
BIOCON,25-AUG-2021,350.0,350.0,343.85,347.15,1712055,272640,20861
BIOFILCHEM,25-AUG-2021,59.95,62.15,59.5,62.15,16049,13195,351
BIRLACORPN,25-AUG-2021,1295.0,1308.75,1261.05,1270.55,136460,107742,10275
BIRLAMONEY,25-AUG-2021,63.15,65.5,61.5,61.95,186135,105920,2926
BIRLATYRE,25-AUG-2021,23.8,24.7,23.8,24.0,110759,78243,1232
BLBLIMITED,25-AUG-2021,9.1,9.25,8.6,9.25,38988,34525,102
BLISSGVS,25-AUG-2021,101.8,105.25,101.1,101.5,612706,235507,9254
BLKASHYAP,25-AUG-2021,26.35,26.35,24.85,25.1,125021,91872,424
BLS,25-AUG-2021,190.0,206.4,190.0,199.5,4665929,798044,63167
BLUEDART,25-AUG-2021,5739.0,5830.0,5688.5,5825.05,33107,21794,5103
BLUESTARCO,25-AUG-2021,824.0,826.9,775.0,783.0,195260,31471,15991
BODALCHEM,25-AUG-2021,102.35,104.95,102.0,103.2,531239,169999,7242
BOMDYEING,25-AUG-2021,85.95,86.6,84.3,85.25,2140451,451510,12266
BOROLTD,25-AUG-2021,204.8,214.0,202.3,210.9,108477,56757,2761
BOSCHLTD,25-AUG-2021,13890.0,14074.95,13833.0,13865.75,28155,14835,7288
BPCL,25-AUG-2021,458.0,464.4,457.25,460.7,4852133,2451196,97589
BPL,25-AUG-2021,33.25,33.45,31.4,32.15,57853,34495,741
BRIGADE,25-AUG-2021,315.9,319.45,304.25,307.1,135431,41597,6776
BRITANNIA,25-AUG-2021,3812.2,3898.0,3797.0,3842.8,360778,107528,36162
BRNL,25-AUG-2021,30.8,31.9,30.65,31.05,29897,15433,324
BROOKS,25-AUG-2021,118.0,125.05,114.65,123.4,147625,57052,4158
BSE,25-AUG-2021,1071.8,1092.0,1065.0,1077.7,359940,142809,19359
BSL,25-AUG-2021,59.45,59.45,56.05,56.75,12566,6086,404
BSLGOLDETF,25-AUG-2021,4359.9,4359.9,4311.0,4330.65,154,104,48
BSLNIFTY,25-AUG-2021,185.99,185.99,184.33,184.49,451,257,31
BSOFT,25-AUG-2021,414.2,421.0,409.0,410.4,1183821,456750,20121
BURGERKING,25-AUG-2021,163.5,172.3,163.5,170.7,5064356,1586365,51998
BYKE,25-AUG-2021,27.7,28.8,27.7,28.1,13323,9762,151
CADILAHC,25-AUG-2021,550.7,551.25,540.5,543.0,2463069,716171,31346
CAMLINFINE,25-AUG-2021,164.45,173.4,163.8,171.6,503559,155648,11614
CAMS,25-AUG-2021,3205.0,3225.6,3159.95,3193.2,115048,36869,13375
CANBK,25-AUG-2021,155.9,156.8,150.5,151.05,31519244,16656875,125707
CANFINHOME,25-AUG-2021,505.2,517.95,503.9,506.2,333604,183804,8305
CANTABIL,25-AUG-2021,367.5,370.5,360.15,361.75,6138,3753,416
CAPACITE,25-AUG-2021,141.9,152.45,141.9,152.45,1945554,1056015,21154
CAPLIPOINT,25-AUG-2021,745.0,758.7,741.15,747.15,200483,56427,8764
CAPTRUST,25-AUG-2021,89.0,89.0,86.0,86.15,4189,3060,121
CARBORUNIV,25-AUG-2021,758.0,761.2,731.0,739.1,249859,157061,21031
CAREERP,25-AUG-2021,145.5,153.0,143.1,148.55,69967,35752,1879
CARERATING,25-AUG-2021,672.0,681.95,658.0,661.9,105182,49523,8155
CARTRADE,25-AUG-2021,1535.15,1547.0,1465.95,1476.25,515692,275225,47012
CASTROLIND,25-AUG-2021,130.5,133.8,128.7,133.3,769848,278153,11615
CCL,25-AUG-2021,397.45,401.0,380.5,385.3,542393,134594,15544
CEATLTD,25-AUG-2021,1307.0,1311.95,1275.4,1278.95,114268,49408,10573
CELEBRITY,25-AUG-2021,9.65,9.85,9.15,9.6,67355,49563,234
CENTENKA,25-AUG-2021,426.0,433.15,421.45,424.4,44808,24962,2639
CENTEXT,25-AUG-2021,9.25,9.25,9.0,9.15,231066,166587,554
CENTRALBK,25-AUG-2021,19.9,20.65,19.65,20.45,6580783,1897049,9796
CENTRUM,25-AUG-2021,35.5,37.5,34.7,35.3,2800952,1178726,10962
CENTUM,25-AUG-2021,480.0,498.0,475.0,480.6,11095,4017,915
CENTURYPLY,25-AUG-2021,401.4,405.95,392.75,398.1,57022,32138,4041
CENTURYTEX,25-AUG-2021,759.0,778.0,749.2,753.85,402250,164715,9541
CERA,25-AUG-2021,4738.85,4837.25,4649.0,4694.7,20193,12343,3556
CEREBRAINT,25-AUG-2021,54.75,55.0,54.05,54.75,380695,177673,6655
CESC,25-AUG-2021,775.85,776.95,757.25,759.6,211180,83244,9931
CGCL,25-AUG-2021,518.75,526.95,505.1,514.05,66056,8697,7581
CHALET,25-AUG-2021,166.9,167.95,164.0,164.45,45970,16215,2654
CHAMBLFERT,25-AUG-2021,333.5,334.75,323.05,324.7,763597,323664,18075
CHEMBOND,25-AUG-2021,224.0,226.0,216.75,219.1,17782,11197,671
CHEMCON,25-AUG-2021,443.9,446.55,438.3,440.55,81772,30656,3956
CHEMFAB,25-AUG-2021,154.8,155.95,151.3,153.6,3562,2699,136
CHEMPLASTS,25-AUG-2021,533.2,539.5,521.6,527.7,1755654,1200364,86692
CHENNPETRO,25-AUG-2021,102.8,104.9,102.45,103.65,809539,299998,10951
CHOLAFIN,25-AUG-2021,510.0,513.55,503.5,510.95,1858112,608247,37264
CHOLAHLDNG,25-AUG-2021,656.0,656.0,640.55,645.35,15447,7746,1777
CIGNITITEC,25-AUG-2021,508.8,530.0,505.55,519.25,168542,101853,7058
CIPLA,25-AUG-2021,917.0,923.6,905.95,912.6,1697757,645068,41175
CLEAN,25-AUG-2021,1476.0,1490.0,1451.0,1459.4,419543,217861,26208
CLEDUCATE,25-AUG-2021,126.15,133.0,126.15,131.9,32736,26489,421
CLNINDIA,25-AUG-2021,554.05,558.0,542.75,546.2,39681,22249,2361
CLSEL,25-AUG-2021,107.45,109.7,105.05,107.9,59210,28476,1910
CMICABLES,25-AUG-2021,48.8,50.65,48.6,49.3,58019,22974,1248
COALINDIA,25-AUG-2021,136.5,139.15,136.5,138.85,7817617,2160684,46566
COCHINSHIP,25-AUG-2021,348.7,359.75,347.05,356.7,159216,49274,6693
COFFEEDAY,25-AUG-2021,28.0,28.95,27.6,28.9,1572331,856015,4447
COFORGE,25-AUG-2021,4970.0,5249.8,4962.0,4999.0,1420879,208607,123408
COLPAL,25-AUG-2021,1645.0,1678.0,1640.45,1656.9,645693,296790,21398
COMPINFO,25-AUG-2021,26.2,27.1,25.45,25.65,233636,91154,1483
COMPUSOFT,25-AUG-2021,14.2,14.2,13.3,13.5,157509,98119,700
CONCOR,25-AUG-2021,649.0,653.75,638.0,643.55,1509816,490732,34405
CONFIPET,25-AUG-2021,70.2,70.2,66.4,66.95,849069,453771,5996
CONSOFINVT,25-AUG-2021,120.0,125.0,115.55,122.4,14544,13079,129
CONTROLPR,25-AUG-2021,350.0,361.95,340.75,355.95,13117,6465,783
CORALFINAC,25-AUG-2021,40.0,41.45,39.55,40.95,22051,15631,176
CORDSCABLE,25-AUG-2021,51.9,56.8,51.9,53.4,169914,47624,3632
COROMANDEL,25-AUG-2021,784.35,790.95,772.05,773.0,526696,310922,18955
COSMOFILMS,25-AUG-2021,1276.0,1299.0,1250.0,1258.15,54750,18180,4821
COUNCODOS,25-AUG-2021,2.75,2.8,2.65,2.7,84693,78159,164
CPSEETF,25-AUG-2021,25.16,25.48,25.02,25.39,15300416,15187709,11348
CRAFTSMAN,25-AUG-2021,1887.25,1928.95,1881.15,1919.05,10543,3539,1976
CREATIVEYE,25-AUG-2021,2.8,2.8,2.8,2.8,1690,1690,3
CREDITACC,25-AUG-2021,620.8,625.0,598.25,601.25,95624,69274,3880
CRISIL,25-AUG-2021,2595.0,2767.0,2590.0,2746.05,123278,32155,17092
CROMPTON,25-AUG-2021,458.0,466.3,454.0,459.25,2354378,1847779,36557
CSBBANK,25-AUG-2021,295.5,310.15,295.1,296.95,317833,102110,9070
CTE,25-AUG-2021,48.95,50.75,46.3,50.75,140990,73610,1440
CUB,25-AUG-2021,146.0,147.95,146.0,146.45,884241,461248,8378
CUBEXTUB,25-AUG-2021,18.75,19.05,18.15,18.9,24975,23799,101
CUMMINSIND,25-AUG-2021,1004.9,1009.2,987.45,989.7,528146,160380,19313
CUPID,25-AUG-2021,230.0,231.95,226.2,230.3,31947,16950,1141
CYBERTECH,25-AUG-2021,163.0,172.2,163.0,169.55,208089,80254,6775
CYIENT,25-AUG-2021,956.0,956.0,932.5,950.15,151063,108838,14334
DAAWAT,25-AUG-2021,65.5,68.95,65.5,68.4,1369876,480296,13808
DABUR,25-AUG-2021,593.0,601.8,592.15,600.1,1533202,594639,35750
DALBHARAT,25-AUG-2021,2014.0,2042.0,1987.7,2031.8,124463,71027,9142
DALMIASUG,25-AUG-2021,409.4,434.7,407.05,428.75,286406,99865,11082
DANGEE,25-AUG-2021,187.45,188.05,183.5,185.65,18395,1920,1273
DATAMATICS,25-AUG-2021,280.1,285.9,270.0,274.85,123406,67876,3500
DBCORP,25-AUG-2021,85.0,86.3,84.25,85.45,146028,55300,2903
DBL,25-AUG-2021,501.15,515.0,501.15,511.75,194316,33147,7661
DBREALTY,25-AUG-2021,22.95,23.05,22.25,22.7,119046,76897,696
DBSTOCKBRO,25-AUG-2021,22.75,22.75,22.75,22.75,930,929,20
DCAL,25-AUG-2021,185.3,188.3,179.8,182.1,304260,132960,5969
DCBBANK,25-AUG-2021,87.5,88.55,85.85,86.55,630197,289630,8881
DCMNVL,25-AUG-2021,213.5,218.15,209.0,218.15,48188,31340,961
DCMSHRIRAM,25-AUG-2021,899.0,908.0,870.0,872.2,117119,61641,6054
DCW,25-AUG-2021,33.5,34.3,33.3,34.0,593091,228922,2956
DECCANCE,25-AUG-2021,713.45,721.65,702.15,705.7,45317,20178,5019
DEEPAKNTR,25-AUG-2021,2102.6,2119.35,2081.5,2090.65,565601,166262,31854
DEEPINDS,25-AUG-2021,136.45,143.45,133.05,139.45,207430,131376,4933
DELTACORP,25-AUG-2021,169.7,181.0,169.05,178.55,3376754,871240,37917
DELTAMAGNT,25-AUG-2021,55.15,55.15,52.5,53.85,12070,10095,427
DEN,25-AUG-2021,47.2,47.9,46.9,47.2,408735,224556,2169
DENORA,25-AUG-2021,309.95,320.0,307.4,312.85,12797,6366,763
DEVYANI,25-AUG-2021,113.5,116.35,112.65,113.2,7285625,2207180,50288
DFMFOODS,25-AUG-2021,334.5,346.0,334.5,341.05,59256,26141,4994
DHAMPURSUG,25-AUG-2021,314.75,324.5,310.4,316.1,683834,234303,15078
DHANBANK,25-AUG-2021,15.0,15.15,14.65,14.85,483017,197883,1438
DHANI,25-AUG-2021,185.5,188.0,183.85,185.75,331820,139577,5095
DHANUKA,25-AUG-2021,856.9,880.0,843.4,870.75,36281,12891,4394
DHUNINV,25-AUG-2021,609.0,630.0,608.0,626.55,3979,2669,591
DIAMONDYD,25-AUG-2021,678.0,698.0,672.0,676.6,21952,8604,2606
DICIND,25-AUG-2021,472.0,476.15,447.0,465.4,9572,4011,843
DISHTV,25-AUG-2021,13.05,13.2,12.8,13.05,2511254,1552891,4110
DIVISLAB,25-AUG-2021,4863.45,4875.0,4818.1,4856.5,345800,181835,39621
DIXON,25-AUG-2021,3850.0,3985.0,3804.0,3825.85,311769,124663,50626
DLF,25-AUG-2021,314.8,317.65,303.0,307.3,10506390,4753180,70263
DLINKINDIA,25-AUG-2021,125.8,132.3,124.55,128.05,350834,78023,9085
DMART,25-AUG-2021,3749.95,3847.45,3716.15,3789.7,332203,123450,37828
DNAMEDIA,25-AUG-2021,1.8,1.8,1.7,1.8,57753,43461,77
DODLA,25-AUG-2021,550.05,560.0,550.0,551.45,50096,12135,4470
DOLAT,25-AUG-2021,97.9,98.25,94.2,95.15,252084,114144,4171
DOLLAR,25-AUG-2021,357.45,361.1,342.75,346.5,95313,51731,3673
DONEAR,25-AUG-2021,51.0,52.95,50.7,52.4,82010,58174,609
DPABHUSHAN,25-AUG-2021,207.8,209.8,200.05,203.35,9328,7740,139
DPSCLTD,25-AUG-2021,14.9,15.0,14.1,14.4,27549,18887,240
DPWIRES,25-AUG-2021,209.95,215.4,206.6,214.1,29032,18744,727
DRCSYSTEMS,25-AUG-2021,302.15,313.5,291.45,300.0,818,689,67
DREDGECORP,25-AUG-2021,328.5,366.3,328.15,357.15,319841,58420,12026
DRREDDY,25-AUG-2021,4570.0,4594.6,4523.35,4548.95,444141,205197,39497
DSSL,25-AUG-2021,124.5,130.0,121.65,124.2,21718,10968,724
DTIL,25-AUG-2021,276.0,292.85,275.95,288.25,9105,5100,1191
DVL,25-AUG-2021,273.15,279.25,265.85,269.55,44150,24699,2333
DWARKESH,25-AUG-2021,69.65,73.1,69.3,71.9,3564042,1058445,20606
DYNAMATECH,25-AUG-2021,2210.0,2229.55,2133.0,2154.6,28337,14440,3799
DYNPRO,25-AUG-2021,543.5,570.0,536.05,565.5,117926,59467,5706
EASEMYTRIP,25-AUG-2021,432.0,444.85,425.0,427.55,744329,202215,23818
EASTSILK,25-AUG-2021,3.9,4.05,3.9,3.95,53646,35852,125
EBANK,25-AUG-2021,3862.41,3914.15,3862.41,3914.15,18,15,5
EBBETF0423,25-AUG-2021,1144.55,1145.99,1144.52,1145.08,4917,4614,62
EBBETF0425,25-AUG-2021,1066.0,1066.99,1064.93,1066.34,7497,6026,168
EBBETF0430,25-AUG-2021,1163.5,1165.0,1163.5,1164.87,6453,6450,88
EBBETF0431,25-AUG-2021,1045.35,1050.0,1045.0,1048.92,48712,48001,146
EBIXFOREX,25-AUG-2021,553.0,620.0,538.9,582.7,11749,2489,1223
EDELWEISS,25-AUG-2021,81.5,81.95,78.25,79.25,1695783,940295,9568
EICHERMOT,25-AUG-2021,2559.0,2583.25,2541.2,2579.5,721584,318186,36177
EIDPARRY,25-AUG-2021,392.75,424.9,391.4,418.75,902282,181927,25251
EIHAHOTELS,25-AUG-2021,289.7,318.0,285.2,310.35,24751,10815,1434
EIHOTEL,25-AUG-2021,105.9,106.8,104.8,105.7,166850,72599,2680
EIMCOELECO,25-AUG-2021,419.45,427.0,415.0,416.0,3122,1881,308
ELECON,25-AUG-2021,160.6,163.3,158.0,160.4,788775,200930,10211
ELECTCAST,25-AUG-2021,37.0,37.25,35.25,35.45,394441,209063,2354
ELECTHERM,25-AUG-2021,124.6,124.9,122.05,123.45,8386,5376,452
ELGIEQUIP,25-AUG-2021,195.75,199.95,195.0,196.35,73899,34532,2219
ELGIRUBCO,25-AUG-2021,36.95,36.95,35.25,35.45,45725,34064,338
EMAMILTD,25-AUG-2021,594.95,605.0,587.0,588.5,478577,142944,15457
EMAMIPAP,25-AUG-2021,176.35,178.95,172.15,174.15,213195,92909,8276
EMAMIREAL,25-AUG-2021,63.25,65.8,63.0,64.85,48803,28808,571
EMKAY,25-AUG-2021,120.0,124.8,120.0,120.5,129215,49850,3794
EMMBI,25-AUG-2021,98.1,109.55,97.9,101.05,143350,49608,3832
ENDURANCE,25-AUG-2021,1629.0,1658.0,1623.8,1647.4,160748,136396,9234
ENERGYDEV,25-AUG-2021,9.0,9.25,8.7,9.25,49331,48759,153
ENGINERSIN,25-AUG-2021,68.45,69.9,68.25,69.3,1473485,730027,6907
ENIL,25-AUG-2021,182.55,184.9,178.0,180.0,83099,58067,2022
EPL,25-AUG-2021,225.8,230.7,224.45,228.05,633361,551155,5133
EQ30,25-AUG-2021,398.0,398.0,394.0,397.25,277,158,83
EQUITAS,25-AUG-2021,119.55,121.5,118.05,118.55,499149,248985,10646
EQUITASBNK,25-AUG-2021,58.8,58.8,58.0,58.1,314123,194301,6602
ERIS,25-AUG-2021,744.8,744.8,725.0,733.8,45299,10540,5796
EROSMEDIA,25-AUG-2021,17.65,18.3,17.65,18.05,330864,287716,1027
ESABINDIA,25-AUG-2021,1915.75,1962.95,1915.75,1945.2,9842,9037,743
ESCORTS,25-AUG-2021,1300.0,1350.05,1290.25,1341.5,2762786,604830,100678
ESSARSHPNG,25-AUG-2021,9.85,10.25,9.6,9.7,88032,39423,426
ESTER,25-AUG-2021,134.8,138.3,134.0,135.85,165982,73775,4447
EVEREADY,25-AUG-2021,334.8,344.0,322.0,342.6,534791,293070,8615
EVERESTIND,25-AUG-2021,448.7,453.55,422.85,433.45,114210,40305,6929
EXCELINDUS,25-AUG-2021,1060.0,1080.85,1050.0,1055.95,18809,6471,3763
EXIDEIND,25-AUG-2021,159.5,162.1,159.4,159.8,2254224,1018014,29095
FACT,25-AUG-2021,116.8,119.8,114.1,118.55,149642,36897,5090
FAIRCHEMOR,25-AUG-2021,1795.0,1849.2,1789.95,1840.35,21559,12490,2608
FCL,25-AUG-2021,98.9,101.9,98.4,99.1,506465,175543,6189
FCONSUMER,25-AUG-2021,6.85,7.0,6.75,6.8,3578888,1513265,3636
FDC,25-AUG-2021,338.8,343.0,333.1,335.15,85622,30955,4520
FEDERALBNK,25-AUG-2021,80.45,80.95,80.1,80.45,14068568,5684042,74678
FEL,25-AUG-2021,8.4,8.45,8.3,8.3,441322,204679,762
FELDVR,25-AUG-2021,11.15,11.5,10.95,11.4,20671,13631,101
FIEMIND,25-AUG-2021,999.0,999.0,940.0,951.5,151370,53807,8116
FILATEX,25-AUG-2021,90.35,93.8,90.25,90.9,605772,196819,6890
FINCABLES,25-AUG-2021,454.95,465.4,454.5,457.45,152843,90323,7685
FINEORG,25-AUG-2021,2839.4,2868.0,2796.15,2832.3,17500,10690,3327
FINPIPE,25-AUG-2021,169.0,171.2,166.5,167.75,947247,550994,20031
FLEXITUFF,25-AUG-2021,15.2,15.65,14.5,15.65,14423,12964,48
FLFL,25-AUG-2021,48.95,50.25,48.0,50.15,125168,75977,1416
FLUOROCHEM,25-AUG-2021,1723.0,1727.0,1665.2,1711.55,139319,93153,9334
FMGOETZE,25-AUG-2021,270.0,276.85,269.15,270.8,67273,24766,1906
FMNL,25-AUG-2021,8.05,8.05,7.75,7.8,276676,231563,671
FORCEMOT,25-AUG-2021,1276.7,1325.0,1274.95,1294.15,96354,13763,9800
FORTIS,25-AUG-2021,286.95,288.0,277.3,280.8,5911135,2014852,57879
FOSECOIND,25-AUG-2021,1441.0,1490.6,1435.0,1448.95,2950,1774,347
FRETAIL,25-AUG-2021,44.25,45.35,43.45,44.35,946353,427287,6245
FSC,25-AUG-2021,63.7,64.0,61.65,62.35,54747,23146,1399
FSL,25-AUG-2021,185.0,188.4,181.15,183.0,4705159,1120025,38903
GABRIEL,25-AUG-2021,145.45,145.45,135.05,136.2,1995185,871414,27964
GAEL,25-AUG-2021,163.0,166.9,162.95,163.75,288533,138165,4422
GAIL,25-AUG-2021,146.6,147.5,144.0,144.9,7673148,3248455,54211
GAL,25-AUG-2021,2.95,3.1,2.8,2.85,785986,492517,456
GALAXYSURF,25-AUG-2021,3219.7,3220.0,3035.6,3087.8,55055,21356,10160
GALLANTT,25-AUG-2021,66.05,71.1,66.0,68.4,68262,25044,1779
GALLISPAT,25-AUG-2021,55.5,57.2,53.5,54.55,68190,33208,1504
GANDHITUBE,25-AUG-2021,478.55,499.0,473.9,490.8,40791,20364,2481
GANECOS,25-AUG-2021,517.85,517.85,501.3,505.35,8629,5710,882
GANESHHOUC,25-AUG-2021,114.2,117.5,112.45,116.05,29636,20401,397
GANGAFORGE,25-AUG-2021,132.0,133.2,131.5,132.8,90192,36324,370
GANGESSECU,25-AUG-2021,83.85,86.9,82.05,84.2,17994,11156,610
GARFIBRES,25-AUG-2021,3165.0,3185.0,3087.05,3151.15,25365,12682,6140
GATI,25-AUG-2021,140.0,146.8,137.4,142.85,1340299,292123,18816
GAYAPROJ,25-AUG-2021,41.65,43.7,41.05,41.55,2903766,1186588,9324
GEECEE,25-AUG-2021,147.55,154.0,140.25,143.0,125476,45815,2901
GEEKAYWIRE,25-AUG-2021,89.85,90.25,88.1,88.6,9950,8890,95
GENCON,25-AUG-2021,42.1,43.0,41.1,42.65,12697,5765,180
GENESYS,25-AUG-2021,132.45,132.5,127.0,129.65,73990,68073,460
GENUSPOWER,25-AUG-2021,58.9,61.35,58.6,59.85,953712,370985,8843
GEOJITFSL,25-AUG-2021,76.5,82.45,76.5,81.5,1055030,306324,11138
GEPIL,25-AUG-2021,294.0,309.0,293.25,304.55,103646,48737,3699
GESHIP,25-AUG-2021,311.0,349.0,305.0,338.4,2423553,572769,44652
GET&D,25-AUG-2021,135.0,135.55,132.5,134.2,105920,46213,1860
GFLLIMITED,25-AUG-2021,65.0,68.9,65.0,67.75,72542,38381,1085
GHCL,25-AUG-2021,343.6,363.7,337.5,359.75,657662,355400,14827
GICHSGFIN,25-AUG-2021,143.15,148.65,141.55,146.05,638148,159992,10414
GICRE,25-AUG-2021,141.3,165.4,141.3,157.55,8776070,1059962,95234
GILLETTE,25-AUG-2021,5846.8,5870.0,5700.0,5846.65,32941,16954,4824
GINNIFILA,25-AUG-2021,31.1,31.9,30.45,31.4,109737,69576,901
GIPCL,25-AUG-2021,83.5,84.35,82.55,82.9,193187,79181,2989
GKWLIMITED,25-AUG-2021,646.0,650.0,634.4,644.45,136,125,25
GLAND,25-AUG-2021,3830.0,3883.45,3811.0,3846.2,472921,353925,31005
GLAXO,25-AUG-2021,1540.0,1553.75,1515.0,1522.75,20778,10154,3342
GLENMARK,25-AUG-2021,522.95,527.5,518.4,519.7,969412,192088,21323
GLFL,25-AUG-2021,2.75,2.75,2.5,2.5,5492,5289,17
GLOBAL,25-AUG-2021,47.1,48.9,44.5,46.3,6900,4524,101
GLOBALVECT,25-AUG-2021,46.9,48.85,46.9,48.85,15981,14709,158
GLS,25-AUG-2021,671.7,688.0,671.0,675.5,221101,98462,11829
GMBREW,25-AUG-2021,549.7,557.45,546.2,549.95,13064,5459,1181
GMDCLTD,25-AUG-2021,61.6,64.35,61.6,63.2,707162,249248,4671
GMMPFAUDLR,25-AUG-2021,4239.4,4384.7,4210.0,4325.3,53597,23002,11640
GMRINFRA,25-AUG-2021,28.45,29.15,28.3,28.9,9178687,1502911,39910
GNA,25-AUG-2021,668.15,686.0,662.1,668.55,67238,32856,3693
GNFC,25-AUG-2021,332.9,334.5,324.5,325.95,289605,141101,12280
GOACARBON,25-AUG-2021,366.95,394.0,365.55,380.75,49826,22843,1955
GOCLCORP,25-AUG-2021,257.95,259.45,255.0,255.5,6844,4348,343
GODFRYPHLP,25-AUG-2021,973.9,997.9,973.9,990.5,26102,6535,2801
GODREJAGRO,25-AUG-2021,632.95,640.6,618.0,626.35,299603,39287,16029
GODREJCP,25-AUG-2021,1009.0,1055.5,1002.0,1040.85,2350390,736529,63962
GODREJIND,25-AUG-2021,548.8,559.5,540.85,543.0,270958,157677,7107
GODREJPROP,25-AUG-2021,1465.0,1468.35,1431.4,1440.5,652734,325341,31335
GOKEX,25-AUG-2021,197.8,197.8,188.25,188.95,179148,110977,4093
GOKUL,25-AUG-2021,28.2,31.0,28.05,29.8,108829,54304,1060
GOKULAGRO,25-AUG-2021,40.3,40.3,38.5,39.05,79325,52258,848
GOLDBEES,25-AUG-2021,41.48,41.48,40.85,41.04,1641519,1054575,12267
GOLDENTOBC,25-AUG-2021,72.8,72.8,72.8,72.8,18572,18572,184
GOLDIAM,25-AUG-2021,700.0,702.0,670.0,689.8,39851,20283,2867
GOLDSHARE,25-AUG-2021,41.35,41.4,41.15,41.2,60339,51922,338
GOLDTECH,25-AUG-2021,14.5,14.55,13.4,14.55,60498,39787,179
GOODLUCK,25-AUG-2021,263.45,272.35,252.0,262.65,108597,52092,2854
GOODYEAR,25-AUG-2021,1012.9,1024.95,1009.0,1012.65,16024,7809,1983
GPPL,25-AUG-2021,100.55,102.9,100.5,101.85,332055,175355,7638
GPTINFRA,25-AUG-2021,78.0,92.0,77.75,87.7,167520,41774,2754
GRANULES,25-AUG-2021,335.5,338.75,329.1,330.75,1542227,300926,20448
GRAPHITE,25-AUG-2021,607.0,630.0,605.05,627.25,304647,108029,12088
GRASIM,25-AUG-2021,1466.5,1472.65,1446.1,1447.7,839634,500211,45818
GRAUWEIL,25-AUG-2021,59.2,61.7,58.9,59.75,114073,56114,1778
GRAVITA,25-AUG-2021,200.6,206.7,196.2,201.7,752592,283791,11904
GREAVESCOT,25-AUG-2021,133.65,135.6,131.75,132.5,1610021,526514,17627
GREENLAM,25-AUG-2021,1374.0,1381.0,1345.0,1352.0,7450,3274,1682
GREENPLY,25-AUG-2021,174.15,179.25,174.15,176.25,185542,65218,4334
GREENPOWER,25-AUG-2021,2.95,3.05,2.9,3.0,2083385,1136061,2832
GRINDWELL,25-AUG-2021,1270.5,1282.0,1246.45,1254.15,111758,63158,9976
GRINFRA,25-AUG-2021,1609.6,1614.55,1576.5,1583.6,95201,73624,3729
GROBTEA,25-AUG-2021,1004.5,1039.9,986.95,997.9,274,127,100
GRPLTD,25-AUG-2021,957.55,958.0,932.0,955.2,887,633,116
GRSE,25-AUG-2021,186.0,189.8,184.9,186.7,136289,63786,2906
GSCLCEMENT,25-AUG-2021,48.1,50.5,48.1,49.3,200455,95566,2232
GSFC,25-AUG-2021,104.5,104.75,99.95,100.25,1449314,812266,13268
GSPL,25-AUG-2021,357.6,359.4,346.05,349.15,737361,495319,26270
GSS,25-AUG-2021,64.75,65.1,60.35,63.5,486724,231741,2862
GTNTEX,25-AUG-2021,7.35,7.9,7.35,7.9,1710,1560,9
GTPL,25-AUG-2021,233.05,237.5,225.0,225.3,93173,37724,2811
GUFICBIO,25-AUG-2021,186.3,192.0,183.05,188.0,203512,90086,5475
GUJALKALI,25-AUG-2021,441.4,451.85,438.1,440.95,179070,59593,5940
GUJAPOLLO,25-AUG-2021,217.75,217.75,213.0,213.95,4835,2968,229
GUJGASLTD,25-AUG-2021,730.0,732.9,710.0,710.75,1024474,294801,27803
GULFOILLUB,25-AUG-2021,582.9,593.0,577.3,591.35,49557,20861,3215
GULFPETRO,25-AUG-2021,52.3,54.0,51.45,52.3,75647,38287,925
HAL,25-AUG-2021,1170.45,1260.0,1170.0,1248.25,3021508,806484,135939
HAPPSTMNDS,25-AUG-2021,1426.5,1449.4,1411.05,1435.55,857308,355913,38000
HARRMALAYA,25-AUG-2021,188.0,192.3,185.85,188.95,108965,28408,3848
HATHWAY,25-AUG-2021,23.2,23.65,23.05,23.25,2997127,690491,4551
HATSUN,25-AUG-2021,1010.6,1055.0,1002.5,1015.35,648002,154224,38460
HAVELLS,25-AUG-2021,1264.95,1274.2,1201.0,1204.25,2460031,902583,88949
HBANKETF,25-AUG-2021,350.55,360.0,350.55,359.26,9273,3973,119
HBLPOWER,25-AUG-2021,46.35,47.6,46.15,46.5,394408,143776,3704
HBSL,25-AUG-2021,38.0,39.6,37.15,37.15,22170,14468,478
HCC,25-AUG-2021,9.75,9.95,9.55,9.65,2094628,1263306,3510
HCG,25-AUG-2021,223.15,225.7,220.0,222.35,123187,52450,3371
HCL-INSYS,25-AUG-2021,12.5,12.85,12.3,12.85,338209,226723,1453
HCLTECH,25-AUG-2021,1159.9,1169.9,1140.3,1154.35,3447912,1498826,108757
HDFC,25-AUG-2021,2707.8,2718.5,2696.25,2699.25,1714777,1045121,76558
HDFCAMC,25-AUG-2021,2926.05,2975.0,2926.0,2959.8,210493,95222,16001
HDFCBANK,25-AUG-2021,1552.1,1564.8,1548.0,1557.4,3863987,2011671,128323
HDFCLIFE,25-AUG-2021,675.1,692.0,673.0,687.55,7608915,3065913,171543
HDFCMFGETF,25-AUG-2021,42.21,42.24,42.04,42.11,250025,179226,661
HDFCNIFETF,25-AUG-2021,180.4,180.4,177.07,177.85,15685,9541,291
HDFCSENETF,25-AUG-2021,609.99,610.0,596.1,608.42,1121,772,150
HEG,25-AUG-2021,2170.0,2220.0,2169.65,2196.05,72893,39997,8008
HEIDELBERG,25-AUG-2021,254.0,258.5,252.0,257.45,110475,50500,6106
HEMIPROP,25-AUG-2021,128.1,131.5,127.9,128.3,418620,156802,6114
HERANBA,25-AUG-2021,803.0,809.8,781.1,783.85,133227,65606,6053
HERCULES,25-AUG-2021,136.0,139.3,132.7,134.1,68042,24251,2835
HERITGFOOD,25-AUG-2021,457.85,463.35,446.5,448.9,105758,32857,7619
HEROMOTOCO,25-AUG-2021,2683.0,2708.0,2670.0,2673.95,407780,176534,37265
HESTERBIO,25-AUG-2021,2298.7,2320.0,2248.75,2255.2,11907,4609,2289
HGINFRA,25-AUG-2021,560.9,562.75,551.05,553.85,90900,52420,5056
HIKAL,25-AUG-2021,621.2,638.95,610.0,626.7,321549,117517,11944
HIL,25-AUG-2021,5530.0,5585.0,5355.55,5382.5,9579,5100,2785
HILTON,25-AUG-2021,11.45,11.45,11.0,11.25,4850,3438,88
HINDALCO,25-AUG-2021,423.7,434.95,423.7,430.7,17974391,5014679,177143
HINDCOMPOS,25-AUG-2021,299.9,304.7,295.0,298.0,1979,1391,138
HINDCON,25-AUG-2021,65.85,66.85,63.0,66.5,32176,25572,445
HINDCOPPER,25-AUG-2021,115.4,119.2,115.4,116.95,3884841,1127339,34439
HINDMOTORS,25-AUG-2021,7.7,7.9,7.65,7.8,75994,45494,517
HINDOILEXP,25-AUG-2021,162.5,169.85,161.25,165.75,984052,328898,12315
HINDPETRO,25-AUG-2021,250.35,259.5,250.1,257.85,3263773,904997,35264
HINDUNILVR,25-AUG-2021,2632.0,2666.45,2620.65,2645.0,1746570,956492,75613
HINDZINC,25-AUG-2021,316.0,317.5,311.45,316.05,703209,308159,11122
HIRECT,25-AUG-2021,155.75,184.5,154.55,184.5,520353,189743,6823
HISARMETAL,25-AUG-2021,121.8,124.9,119.6,121.85,33654,10958,1644
HITECH,25-AUG-2021,558.0,572.45,535.95,558.55,137541,51498,12569
HITECHCORP,25-AUG-2021,210.0,212.3,203.1,204.8,1796,1091,106
HITECHGEAR,25-AUG-2021,257.05,262.95,252.05,254.25,6297,3453,343
HLEGLAS,25-AUG-2021,3513.0,3550.0,3510.0,3539.8,10388,8682,1462
HLVLTD,25-AUG-2021,7.6,8.05,7.6,7.95,120324,85264,414
HMVL,25-AUG-2021,74.25,76.2,74.0,75.55,38332,26835,789
HNGSNGBEES,25-AUG-2021,327.99,329.6,327.2,329.01,3941,3732,100
HOMEFIRST,25-AUG-2021,564.75,570.0,561.95,566.25,40290,28806,4283
HONAUT,25-AUG-2021,39473.4,39850.0,38596.1,39452.1,3840,2491,1634
HONDAPOWER,25-AUG-2021,1235.0,1272.5,1211.0,1254.85,12997,4561,3649
HPL,25-AUG-2021,68.0,69.2,65.05,67.35,100945,64864,1297
HSCL,25-AUG-2021,44.4,45.4,44.2,44.9,2767308,768439,13140
HSIL,25-AUG-2021,226.3,230.55,216.0,217.3,253202,112513,7374
HTMEDIA,25-AUG-2021,23.5,24.0,23.3,23.45,206649,144087,1096
HUDCO,25-AUG-2021,40.4,41.4,40.2,40.85,1847604,782291,6989
HUHTAMAKI,25-AUG-2021,266.6,269.45,260.55,262.4,61564,31010,2553
IBMFNIFTY,25-AUG-2021,161.0,161.0,158.0,160.26,349,288,72
IBREALEST,25-AUG-2021,142.0,143.3,136.1,137.4,5204351,2032422,36113
IBULHSGFIN,25-AUG-2021,225.9,231.85,222.1,223.35,13876034,1761430,103473
ICEMAKE,25-AUG-2021,74.3,75.0,73.0,73.65,4631,3625,72
ICICI500,25-AUG-2021,235.2,235.2,231.5,231.5,1537,813,110
ICICIALPLV,25-AUG-2021,172.9,172.9,169.8,169.81,6755,4753,168
ICICIB22,25-AUG-2021,39.76,40.1,39.68,39.94,225797,186952,1776
ICICIBANK,25-AUG-2021,699.95,700.45,687.15,691.05,9535359,4287277,181723
ICICIBANKN,25-AUG-2021,369.7,369.7,354.3,354.93,3488,2505,151
ICICIBANKP,25-AUG-2021,182.94,182.94,180.23,181.06,5755,3358,104
ICICIFMCG,25-AUG-2021,386.0,388.48,382.0,385.81,3685,3532,112
ICICIGI,25-AUG-2021,1464.0,1480.8,1459.65,1464.45,328010,192866,21731
ICICIGOLD,25-AUG-2021,42.63,42.63,40.68,42.13,268745,226438,1956
ICICILIQ,25-AUG-2021,1000.0,1000.01,999.99,1000.0,11429,11408,22
ICICILOVOL,25-AUG-2021,131.44,139.7,131.44,135.68,60553,58669,903
ICICIM150,25-AUG-2021,105.48,105.48,103.8,104.62,8529,7235,364
ICICIMCAP,25-AUG-2021,98.97,98.97,96.37,97.41,57379,55033,230
ICICINF100,25-AUG-2021,182.99,189.7,181.4,182.51,3682,2985,243
ICICINIFTY,25-AUG-2021,205.1,205.1,178.1,178.29,70479,34233,3576
ICICINV20,25-AUG-2021,91.3,91.93,90.75,91.53,10473,8682,1252
ICICINXT50,25-AUG-2021,40.88,40.88,40.16,40.49,19157,12825,517
ICICIPHARM,25-AUG-2021,89.0,89.0,88.31,88.61,2022,1657,83
ICICIPRULI,25-AUG-2021,672.45,673.85,653.55,655.4,1366058,675959,36848
ICICISENSX,25-AUG-2021,609.99,611.98,600.75,607.75,1086,554,107
ICICITECH,25-AUG-2021,346.74,349.82,343.5,346.5,423441,409254,1135
ICIL,25-AUG-2021,253.0,255.2,240.25,241.55,295836,130351,10149
ICRA,25-AUG-2021,3602.4,3713.85,3601.15,3644.9,6972,4380,1435
IDBI,25-AUG-2021,37.1,38.15,37.1,37.8,7361639,2615283,35778
IDBIGOLD,25-AUG-2021,4374.15,4374.15,4320.0,4358.8,97,60,36
IDEA,25-AUG-2021,6.25,6.4,6.2,6.3,132510533,47051187,165067
IDFC,25-AUG-2021,46.55,48.3,45.8,47.2,11332606,5994418,26755
IDFCFIRSTB,25-AUG-2021,43.1,43.45,42.35,42.55,30243270,11312206,42180
IDFNIFTYET,25-AUG-2021,177.84,177.84,174.35,174.68,55,30,13
IEX,25-AUG-2021,432.6,435.8,422.0,429.15,2202044,879317,41393
IFBAGRO,25-AUG-2021,537.7,547.5,526.6,540.05,15821,7049,1416
IFBIND,25-AUG-2021,902.0,902.0,876.25,880.25,30441,11180,3254
IFCI,25-AUG-2021,11.6,11.85,11.3,11.6,3649857,1342179,12711
IFGLEXPOR,25-AUG-2021,308.3,320.0,304.0,304.9,140234,94229,2819
IGARASHI,25-AUG-2021,479.0,492.0,477.2,483.9,96276,32197,5797
IGL,25-AUG-2021,527.45,528.9,522.8,524.85,1068434,560469,25523
IGPL,25-AUG-2021,569.9,588.0,566.0,570.2,82952,38835,4534
IIFLSEC,25-AUG-2021,95.4,100.7,93.5,96.75,1100404,379503,11540
IIFLWAM,25-AUG-2021,1549.9,1550.0,1490.0,1498.3,28481,16446,8431
IITL,25-AUG-2021,64.15,65.55,64.1,64.5,774103,773881,43
IMAGICAA,25-AUG-2021,8.0,8.25,7.7,8.05,103872,69245,254
IMPAL,25-AUG-2021,775.5,797.45,763.8,794.2,3181,1846,457
INDBANK,25-AUG-2021,23.2,23.2,22.05,22.55,90911,46381,592
INDHOTEL,25-AUG-2021,139.95,141.4,138.25,138.85,1568149,513794,19300
INDIACEM,25-AUG-2021,163.0,163.95,160.0,161.2,989448,319801,12123
INDIAGLYCO,25-AUG-2021,657.85,716.45,654.45,707.8,809298,210308,28471
INDIAMART,25-AUG-2021,7023.0,7114.9,7000.0,7016.25,44997,29004,6338
INDIANB,25-AUG-2021,119.0,125.0,118.55,123.4,3077655,1254984,24254
INDIANHUME,25-AUG-2021,203.6,207.0,202.0,203.15,25133,11227,1800
INDIGO,25-AUG-2021,1698.0,1742.45,1692.4,1717.0,853633,114542,34288
INDIGOPNTS,25-AUG-2021,2580.0,2620.0,2580.0,2598.1,21277,10724,4716
INDLMETER,25-AUG-2021,11.75,11.8,10.8,10.85,154740,132191,522
INDNIPPON,25-AUG-2021,343.9,353.0,342.0,346.3,15940,6300,1120
INDOCO,25-AUG-2021,454.8,458.3,446.85,451.15,159656,62252,6494
INDOSTAR,25-AUG-2021,291.05,293.5,288.8,291.3,490310,283019,6413
INDOTHAI,25-AUG-2021,79.65,82.85,79.65,81.2,27176,10533,404
INDRAMEDCO,25-AUG-2021,74.7,76.2,73.9,74.25,180033,84896,2551
INDSWFTLAB,25-AUG-2021,62.0,63.4,61.45,63.4,76252,55801,594
INDTERRAIN,25-AUG-2021,37.95,38.4,36.6,37.1,66988,42134,754
INDUSINDBK,25-AUG-2021,1009.9,1013.9,998.2,1005.55,2105187,810357,49228
INDUSTOWER,25-AUG-2021,223.0,223.0,218.7,220.6,1370745,349941,10064
INEOSSTYRO,25-AUG-2021,1256.45,1278.0,1230.0,1239.75,21388,11622,2537
INFIBEAM,25-AUG-2021,42.0,42.25,41.6,41.7,1066685,545382,3971
INFRABEES,25-AUG-2021,470.0,472.0,467.54,470.37,981,596,75
INFY,25-AUG-2021,1718.0,1746.9,1718.0,1735.55,6153253,4174523,140494
INGERRAND,25-AUG-2021,925.0,934.9,916.85,922.15,7330,3418,687
INOXLEISUR,25-AUG-2021,311.0,314.5,309.6,310.45,129864,47422,3649
INOXWIND,25-AUG-2021,114.05,119.55,112.0,113.45,219040,105148,4890
INSECTICID,25-AUG-2021,711.95,724.9,703.0,708.75,48922,10099,4188
INTELLECT,25-AUG-2021,629.0,645.0,622.55,639.15,164428,76780,9729
INTENTECH,25-AUG-2021,73.25,76.8,70.15,70.85,62288,43907,1719
INVENTURE,25-AUG-2021,3.05,3.05,2.95,2.95,1652317,741328,1067
IOB,25-AUG-2021,19.2,19.8,19.0,19.65,7599443,2068084,9819
IOC,25-AUG-2021,106.5,106.95,105.4,106.1,7541658,2815121,40595
IOLCP,25-AUG-2021,550.3,566.0,546.0,552.45,532025,173152,21462
IPCALAB,25-AUG-2021,2510.0,2545.0,2467.75,2482.35,133153,62474,13598
IPL,25-AUG-2021,316.0,318.2,310.0,310.65,525849,287898,14512
IRB,25-AUG-2021,164.0,167.95,160.2,161.15,1834023,551072,18441
IRCON,25-AUG-2021,40.95,44.25,40.8,43.75,8120841,1932773,24608
IRCTC,25-AUG-2021,2576.9,2653.5,2570.75,2636.5,2516531,303628,113897
IRFC,25-AUG-2021,23.0,23.25,23.0,23.05,3960870,2236058,12083
ISEC,25-AUG-2021,690.9,694.9,680.5,692.2,338427,198112,8447
ISFT,25-AUG-2021,111.1,111.45,103.0,104.6,130228,106998,1794
ISGEC,25-AUG-2021,699.4,716.8,690.65,697.6,228080,57939,11642
ITC,25-AUG-2021,206.4,207.9,206.0,206.4,10586894,5826330,74105
ITDC,25-AUG-2021,379.0,381.65,372.0,377.5,74536,13772,4521
ITDCEM,25-AUG-2021,77.65,78.0,74.25,74.8,479006,275838,6928
ITI,25-AUG-2021,113.8,114.95,113.25,113.55,192188,67080,3429
IVC,25-AUG-2021,6.3,6.35,6.2,6.35,86732,77594,224
IVP,25-AUG-2021,105.45,110.45,105.45,110.45,901,799,35
IVZINGOLD,25-AUG-2021,4205.0,4290.0,4205.0,4287.9,33,15,19
IVZINNIFTY,25-AUG-2021,1797.35,1823.0,1797.35,1820.35,50,29,4
IZMO,25-AUG-2021,99.75,99.75,93.1,93.65,57942,39838,1677
J&KBANK,25-AUG-2021,34.35,35.25,34.1,34.45,1283296,539200,4735
JAGRAN,25-AUG-2021,58.0,59.5,56.1,56.55,262483,97657,2930
JAGSNPHARM,25-AUG-2021,153.45,155.0,148.3,153.55,83183,38709,3398
JAIBALAJI,25-AUG-2021,59.7,61.9,59.0,59.55,23262,15393,266
JAICORPLTD,25-AUG-2021,124.15,127.85,123.75,125.2,1145187,260287,13361
JAMNAAUTO,25-AUG-2021,81.7,84.0,81.1,82.0,719716,502242,9332
JASH,25-AUG-2021,502.0,504.0,482.0,488.75,14780,9744,932
JAYAGROGN,25-AUG-2021,234.45,236.6,225.0,226.05,48011,21450,1908
JAYBARMARU,25-AUG-2021,178.7,183.25,178.0,181.6,21059,13936,912
JAYSREETEA,25-AUG-2021,103.95,111.9,103.9,108.4,418813,105613,9432
JBCHEPHARM,25-AUG-2021,1669.0,1710.0,1662.2,1700.6,67107,31768,9200
JBMA,25-AUG-2021,455.9,465.0,445.6,449.4,76563,15849,5818
JCHAC,25-AUG-2021,2177.0,2196.5,2097.35,2114.8,13238,6104,3428
JHS,25-AUG-2021,24.3,24.75,19.35,23.9,305574,171346,1879
JINDALPHOT,25-AUG-2021,80.8,87.35,79.65,83.95,33563,15127,673
JINDALPOLY,25-AUG-2021,945.35,964.45,940.95,951.6,90578,20867,6281
JINDALSAW,25-AUG-2021,125.3,125.5,118.6,119.45,1982206,642039,18356
JINDALSTEL,25-AUG-2021,375.1,382.65,370.3,375.4,8530532,1079288,71769
JINDRILL,25-AUG-2021,125.1,133.9,124.95,132.5,75465,45685,1717
JINDWORLD,25-AUG-2021,62.75,64.25,61.55,62.5,236255,26743,2905
JISLDVREQS,25-AUG-2021,17.8,17.85,17.8,17.85,26415,17481,73
JISLJALEQS,25-AUG-2021,29.15,30.55,29.05,30.55,5772597,2966741,7453
JKCEMENT,25-AUG-2021,3079.2,3196.0,3072.95,3165.3,55358,12652,8347
JKIL,25-AUG-2021,197.4,197.75,193.0,193.9,158613,94741,3002
JKLAKSHMI,25-AUG-2021,704.5,710.6,696.65,702.3,215102,83406,13612
JKPAPER,25-AUG-2021,240.0,249.8,236.35,245.3,2937977,281809,37899
JKTYRE,25-AUG-2021,147.5,148.0,143.5,144.45,1171673,304032,15255
JMA,25-AUG-2021,59.75,61.0,59.0,59.95,24212,18888,371
JMCPROJECT,25-AUG-2021,96.0,98.0,94.0,96.55,140267,58586,4067
JMFINANCIL,25-AUG-2021,89.0,92.4,89.0,90.1,2215156,762988,13722
JMTAUTOLTD,25-AUG-2021,2.5,2.5,2.45,2.5,214752,133466,1537
JOCIL,25-AUG-2021,230.0,235.25,221.65,225.7,44503,20012,1326
JPINFRATEC,25-AUG-2021,1.8,1.85,1.8,1.85,1417757,1414593,849
JPPOWER,25-AUG-2021,3.8,3.8,3.75,3.8,9134908,8396314,2811
JSL,25-AUG-2021,149.2,153.8,146.55,149.65,5601228,752749,45517
JSLHISAR,25-AUG-2021,277.4,282.0,273.05,279.5,744395,339140,10294
JSWHL,25-AUG-2021,4748.0,5399.95,4748.0,5001.95,10751,2414,3161
JSWSTEEL,25-AUG-2021,696.0,701.0,680.0,683.85,5539409,1153931,111818
JTEKTINDIA,25-AUG-2021,101.75,106.5,101.1,102.3,473462,87364,9217
JUBLFOOD,25-AUG-2021,3718.75,3892.9,3683.0,3827.65,1535400,274963,97455
JUBLINDS,25-AUG-2021,520.0,533.4,504.0,506.8,83682,38568,5084
JUBLINGREA,25-AUG-2021,685.0,689.2,668.0,675.75,660329,299625,18258
JUBLPHARMA,25-AUG-2021,601.95,618.7,598.05,611.5,293895,159045,14588
JUMPNET,25-AUG-2021,8.25,8.25,8.0,8.05,456746,305796,602
JUNIORBEES,25-AUG-2021,418.95,419.0,411.0,414.99,86476,39709,5304
JUSTDIAL,25-AUG-2021,953.0,956.4,943.0,946.7,458074,288919,11107
JYOTHYLAB,25-AUG-2021,157.5,161.5,156.8,158.95,265958,127678,7602
KABRAEXTRU,25-AUG-2021,250.5,256.85,243.3,254.65,740196,194941,30385
KAJARIACER,25-AUG-2021,1107.2,1115.0,1081.05,1087.25,164245,81230,9509
KAKATCEM,25-AUG-2021,246.6,254.0,242.05,248.5,16685,5719,1220
KALPATPOWR,25-AUG-2021,387.3,395.65,386.05,391.05,132601,53139,5332
KALYANKJIL,25-AUG-2021,62.8,63.7,62.5,63.3,677773,321567,7450
KAMATHOTEL,25-AUG-2021,41.2,43.6,41.2,42.7,12266,6764,219
KAMDHENU,25-AUG-2021,158.0,163.45,158.0,160.55,65933,39764,1597
KANORICHEM,25-AUG-2021,140.95,143.55,130.5,143.55,35461,26688,497
KANPRPLA,25-AUG-2021,235.0,235.0,226.0,230.55,10121,7751,786
KANSAINER,25-AUG-2021,638.4,644.7,629.0,641.2,169290,76954,7092
KARURVYSYA,25-AUG-2021,41.0,41.45,40.5,41.2,1239734,572514,8101
KAUSHALYA,25-AUG-2021,2.8,2.85,2.65,2.75,38943,28181,111
KAYA,25-AUG-2021,415.1,426.6,412.0,417.8,9131,5535,683
KCP,25-AUG-2021,145.0,145.9,137.4,139.45,171305,118561,2415
KCPSUGIND,25-AUG-2021,22.45,23.25,22.15,23.2,375437,171438,1399
KDDL,25-AUG-2021,362.5,374.9,357.85,370.6,7592,3454,890
KEC,25-AUG-2021,374.9,391.8,374.9,390.45,209262,64917,8797
KECL,25-AUG-2021,18.0,18.25,17.3,17.55,53109,37998,394
KEERTI,25-AUG-2021,18.0,18.0,17.65,17.75,6766,3668,47
KEI,25-AUG-2021,726.0,746.0,711.1,715.2,544279,235787,30835
KELLTONTEC,25-AUG-2021,47.35,47.35,44.05,44.85,1028365,566884,7631
KENNAMET,25-AUG-2021,1392.0,1419.1,1342.3,1365.6,60655,15345,7691
KESORAMIND,25-AUG-2021,78.0,81.0,77.55,79.1,1044535,253221,7584
KEYFINSERV,25-AUG-2021,74.25,74.25,70.4,72.5,5547,2962,150
KHADIM,25-AUG-2021,228.0,234.9,220.2,234.9,35610,20009,1110
KHAICHEM,25-AUG-2021,57.0,59.65,56.4,59.65,42998,31770,358
KHAITANLTD,25-AUG-2021,19.75,19.75,19.05,19.75,2588,2559,32
KHANDSE,25-AUG-2021,17.1,17.65,16.45,17.65,2561,2557,10
KICL,25-AUG-2021,2145.0,2145.0,2042.2,2051.75,915,684,219
KILITCH,25-AUG-2021,169.9,175.15,165.35,170.9,4725,3057,200
KIMS,25-AUG-2021,1268.95,1282.0,1255.05,1275.9,212085,105610,9728
KINGFA,25-AUG-2021,1081.05,1119.7,1061.0,1074.0,6031,3468,610
KIOCL,25-AUG-2021,254.9,257.7,248.6,251.3,42593,17958,1845
KIRIINDUS,25-AUG-2021,473.0,486.55,473.0,482.65,224664,59563,10451
KIRLFER,25-AUG-2021,244.0,248.15,236.25,240.05,161746,79355,5736
KIRLOSENG,25-AUG-2021,217.0,226.1,207.15,208.15,444550,216973,9178
KIRLOSIND,25-AUG-2021,1359.1,1400.95,1359.05,1390.35,47096,34832,3030
KITEX,25-AUG-2021,153.9,154.45,150.0,150.9,101043,50031,2084
KKCL,25-AUG-2021,809.05,829.0,773.6,815.1,7789,1995,737
KMSUGAR,25-AUG-2021,26.3,27.45,26.0,26.95,507052,202400,2080
KNRCON,25-AUG-2021,301.0,304.4,294.05,298.8,897178,248931,21680
KOKUYOCMLN,25-AUG-2021,62.2,65.1,61.6,63.55,409914,80899,6091
KOLTEPATIL,25-AUG-2021,227.85,246.45,225.3,243.75,1360669,524702,22270
KOTAKBANK,25-AUG-2021,1705.0,1716.7,1694.0,1697.2,2913810,1616089,75891
KOTAKBKETF,25-AUG-2021,363.0,363.0,359.14,359.54,97342,31448,503
KOTAKGOLD,25-AUG-2021,41.32,41.44,41.06,41.24,105029,74222,578
KOTAKIT,25-AUG-2021,34.18,34.48,33.34,34.08,70925,29923,261
KOTAKNIFTY,25-AUG-2021,179.83,179.83,174.94,175.14,15147,9014,365
KOTAKNV20,25-AUG-2021,94.3,99.3,92.12,93.22,46908,31871,394
KOTAKPSUBK,25-AUG-2021,224.0,225.0,222.05,223.18,5389,1484,117
KOTARISUG,25-AUG-2021,33.15,34.3,32.0,33.85,158978,65958,1143
KOTHARIPET,25-AUG-2021,50.8,50.8,48.05,48.75,76465,41697,1043
KOVAI,25-AUG-2021,1679.0,1772.05,1677.25,1728.2,18535,4452,7097
KPIGLOBAL,25-AUG-2021,124.0,129.15,124.0,127.65,65266,36518,1151
KPITTECH,25-AUG-2021,318.7,324.0,309.8,321.25,1306229,600003,36844
KPRMILL,25-AUG-2021,1729.0,1775.0,1709.95,1758.75,17290,9696,3109
KRBL,25-AUG-2021,240.0,244.3,235.0,236.45,335209,126022,6247
KREBSBIO,25-AUG-2021,137.0,144.0,134.25,135.35,50057,29400,1852
KRIDHANINF,25-AUG-2021,4.2,4.45,4.1,4.3,83306,58659,165
KRISHANA,25-AUG-2021,141.9,141.9,137.0,138.3,10707,6491,149
KRSNAA,25-AUG-2021,899.85,917.95,895.95,913.05,205210,109259,8665
KSB,25-AUG-2021,1165.8,1181.15,1153.4,1170.45,22048,9245,5961
KSCL,25-AUG-2021,586.0,618.85,575.0,579.15,3478581,700108,101086
KSL,25-AUG-2021,393.7,399.3,387.15,393.3,68254,25009,3560
KTKBANK,25-AUG-2021,52.5,53.4,51.7,51.9,1975445,1316561,8867
KUANTUM,25-AUG-2021,79.8,81.5,78.3,79.75,23697,10666,674
L&TFH,25-AUG-2021,79.9,80.6,79.15,80.05,7647203,2007853,21768
LALPATHLAB,25-AUG-2021,3831.0,3859.95,3800.0,3817.1,122757,40670,15121
LAOPALA,25-AUG-2021,272.55,277.0,270.2,271.15,38518,16418,2151
LASA,25-AUG-2021,80.5,83.4,77.55,81.35,1289630,409470,11339
LAURUSLABS,25-AUG-2021,675.45,681.0,667.25,677.2,1971277,1061578,40543
LAXMIMACH,25-AUG-2021,7950.0,7950.0,7364.3,7700.85,8749,3889,2249
LCCINFOTEC,25-AUG-2021,1.85,1.9,1.8,1.8,242467,182925,194
LEMONTREE,25-AUG-2021,38.95,39.3,38.75,39.1,1246096,506080,13493
LFIC,25-AUG-2021,77.9,81.0,77.9,78.1,353,323,14
LGBBROSLTD,25-AUG-2021,412.95,424.9,405.1,410.95,170691,67041,8848
LIBAS,25-AUG-2021,53.9,63.9,53.05,62.75,1069061,262539,12740
LIBERTSHOE,25-AUG-2021,158.8,159.9,157.0,157.5,49400,15136,2078
LICHSGFIN,25-AUG-2021,381.45,390.35,379.8,384.65,4290066,961168,52524
LICNETFGSC,25-AUG-2021,22.15,22.15,21.95,22.0,17383,16378,101
LICNETFN50,25-AUG-2021,177.99,178.5,176.01,177.97,5296,1287,111
LICNETFSEN,25-AUG-2021,590.5,605.59,590.5,597.57,113,54,47
LICNFNHGP,25-AUG-2021,162.74,164.5,161.5,163.15,617,468,102
LIKHITHA,25-AUG-2021,330.6,341.95,314.1,319.3,222771,103262,10359
LINCOLN,25-AUG-2021,325.85,331.65,323.5,325.2,120253,86264,4061
LINCPEN,25-AUG-2021,194.85,194.85,186.25,192.25,3401,1740,335
LINDEINDIA,25-AUG-2021,2317.9,2727.4,2251.0,2564.5,3068214,430756,202012
LIQUIDBEES,25-AUG-2021,1000.9,1000.9,997.11,999.99,1097537,738491,4288
LIQUIDETF,25-AUG-2021,999.99,1000.01,999.99,1000.0,4519,2661,41
LODHA,25-AUG-2021,848.95,859.0,844.15,851.35,212206,78167,7418
LOKESHMACH,25-AUG-2021,43.25,46.6,39.1,46.6,221813,146739,1277
LOVABLE,25-AUG-2021,110.95,110.95,106.0,106.45,14692,10141,742
LT,25-AUG-2021,1614.95,1626.0,1590.0,1593.8,1795313,914690,75791
LTI,25-AUG-2021,5027.2,5135.0,4952.05,5087.9,351741,86593,35410
LTTS,25-AUG-2021,3848.95,3924.05,3820.0,3854.5,316815,79348,22011
LUMAXIND,25-AUG-2021,1455.0,1455.0,1402.0,1414.15,2876,1409,681
LUMAXTECH,25-AUG-2021,143.0,145.55,139.3,140.25,162871,51392,11207
LUPIN,25-AUG-2021,943.8,946.0,933.2,940.8,1502010,602380,45465
LUXIND,25-AUG-2021,4099.8,4100.0,3965.0,3982.0,39224,23982,4520
LXCHEM,25-AUG-2021,363.4,371.85,360.55,364.6,2859055,890660,43233
LYKALABS,25-AUG-2021,73.9,76.55,73.65,76.55,70388,60689,929
LYPSAGEMS,25-AUG-2021,3.9,4.05,3.9,4.05,26835,22488,73
M&M,25-AUG-2021,780.95,783.0,770.55,772.05,1693443,747239,47983
M&MFIN,25-AUG-2021,147.3,150.2,145.65,146.9,5318598,953599,27706
MACPOWER,25-AUG-2021,189.4,189.4,176.05,177.25,10098,6411,238
MADHAV,25-AUG-2021,58.8,58.8,56.55,56.75,14779,10725,290
MADHUCON,25-AUG-2021,4.95,5.15,4.75,4.85,43158,34040,135
MADRASFERT,25-AUG-2021,28.0,30.1,28.0,28.9,293396,104238,2055
MAESGETF,25-AUG-2021,29.0,29.35,28.42,28.49,143399,142529,267
MAFANG,25-AUG-2021,53.9,53.9,52.97,53.14,171324,154097,1610
MAFSETF,25-AUG-2021,17.97,17.97,17.38,17.4,36281,24936,139
MAGADSUGAR,25-AUG-2021,272.5,282.0,264.05,277.45,65291,22151,1770
MAHABANK,25-AUG-2021,18.2,18.5,17.95,18.05,4052768,2464212,7823
MAHASTEEL,25-AUG-2021,89.85,94.0,89.5,90.2,38788,17757,1320
MAHEPC,25-AUG-2021,133.95,133.95,131.1,131.7,41254,18212,835
MAHESHWARI,25-AUG-2021,108.95,108.95,85.0,103.0,244019,80924,3317
MAHINDCIE,25-AUG-2021,221.1,228.85,217.0,224.65,267445,81619,9902
MAHLIFE,25-AUG-2021,754.8,754.8,745.0,745.25,21763,14935,2136
MAHLOG,25-AUG-2021,742.1,770.0,724.2,732.15,164701,31909,10378
MAHSCOOTER,25-AUG-2021,4400.0,4400.0,4225.0,4287.3,11740,4205,3201
MAHSEAMLES,25-AUG-2021,320.1,329.0,314.4,315.6,131288,42894,5306
MAITHANALL,25-AUG-2021,978.5,979.0,951.1,957.7,71391,40124,3983
MAJESCO,25-AUG-2021,83.0,83.95,80.0,81.05,188229,125108,3804
MALUPAPER,25-AUG-2021,35.5,36.55,35.15,35.4,33458,18431,397
MAN50ETF,25-AUG-2021,171.79,172.17,171.1,171.44,1361,1081,63
MANAKALUCO,25-AUG-2021,16.8,16.8,16.25,16.35,18414,17103,128
MANAKCOAT,25-AUG-2021,12.6,12.7,12.0,12.15,33613,23258,194
MANAKSIA,25-AUG-2021,65.45,66.9,65.45,66.2,26794,19034,581
MANAKSTEEL,25-AUG-2021,33.65,35.25,33.65,35.25,55451,53426,145
MANAPPURAM,25-AUG-2021,164.5,164.85,161.25,162.4,3461973,581839,19316
MANGALAM,25-AUG-2021,140.0,142.8,138.0,139.05,53368,24139,1535
MANGCHEFER,25-AUG-2021,70.85,74.6,70.25,72.85,498839,232648,6616
MANGLMCEM,25-AUG-2021,465.0,472.8,461.0,465.45,56064,25785,3160
MANINDS,25-AUG-2021,114.7,119.15,114.0,115.95,231761,94022,5559
MANINFRA,25-AUG-2021,67.0,67.95,65.75,67.3,508541,356480,3333
MANUGRAPH,25-AUG-2021,15.3,15.3,13.9,14.25,71074,38359,292
MANXT50,25-AUG-2021,396.63,397.63,395.47,396.31,477,292,28
MARALOVER,25-AUG-2021,76.9,77.95,71.5,75.2,54295,32335,1647
MARATHON,25-AUG-2021,83.45,83.5,79.3,80.4,35406,18642,836
MARICO,25-AUG-2021,524.0,525.6,511.0,512.35,3339928,1915423,46853
MARINE,25-AUG-2021,37.75,37.75,36.5,36.95,771755,503001,3634
MARKSANS,25-AUG-2021,70.45,71.85,69.0,69.8,2049191,733648,12218
MARUTI,25-AUG-2021,6838.0,6838.0,6700.0,6711.45,722194,436133,79601
MASFIN,25-AUG-2021,740.0,742.9,728.7,731.25,20730,9771,1931
MASTEK,25-AUG-2021,2605.0,2608.0,2510.1,2524.3,67817,32137,8540
MATRIMONY,25-AUG-2021,1070.0,1071.95,1028.9,1031.45,57513,50884,3918
MAXHEALTH,25-AUG-2021,327.0,327.65,319.7,324.7,946728,715285,24145
MAXIND,25-AUG-2021,69.75,69.85,68.0,68.05,333032,203921,3754
MAXVIL,25-AUG-2021,92.9,93.4,89.45,90.1,190125,98515,2161
MAYURUNIQ,25-AUG-2021,482.0,482.0,465.25,472.1,39396,12472,2477
MAZDA,25-AUG-2021,549.95,584.95,545.8,559.7,13053,7913,595
MAZDOCK,25-AUG-2021,233.25,236.6,229.1,233.5,450496,119502,8729
MBAPL,25-AUG-2021,140.3,146.5,140.25,140.8,14819,11640,131
MBLINFRA,25-AUG-2021,18.35,19.25,17.85,18.6,76456,44121,422
MCDHOLDING,25-AUG-2021,40.9,42.35,38.05,38.9,86958,54770,1465
MCDOWELL-N,25-AUG-2021,693.5,695.45,678.25,683.65,1642981,460886,43824
MCL,25-AUG-2021,36.3,36.85,34.65,36.0,61444,28935,661
MCLEODRUSS,25-AUG-2021,18.05,19.25,18.05,19.25,1958931,1198446,2248
MCX,25-AUG-2021,1473.9,1492.0,1460.05,1466.75,395030,171099,36447
MENONBE,25-AUG-2021,71.95,73.8,70.15,72.8,53690,27474,1193
MEP,25-AUG-2021,21.25,21.55,20.55,21.15,187048,120175,708
METROPOLIS,25-AUG-2021,2692.75,2709.4,2672.0,2691.5,54521,9606,5038
MFSL,25-AUG-2021,1054.7,1061.6,1017.05,1021.35,593752,249633,33331
MGEL,25-AUG-2021,50.85,51.9,50.05,50.95,10422,9643,130
MGL,25-AUG-2021,1128.0,1129.0,1108.0,1124.75,156919,35783,9375
MHRIL,25-AUG-2021,316.2,317.7,310.05,314.75,202190,81865,6048
MIDHANI,25-AUG-2021,177.4,180.5,177.05,178.75,247008,105521,4738
MINDACORP,25-AUG-2021,125.5,125.5,121.85,122.4,182239,72179,4962
MINDAIND,25-AUG-2021,722.7,735.0,718.0,729.25,189231,91337,8781
MINDTECK,25-AUG-2021,92.4,92.5,89.5,92.5,47121,35311,504
MINDTREE,25-AUG-2021,3523.95,3564.0,3465.05,3509.3,1315371,197894,78236
MIRZAINT,25-AUG-2021,55.6,56.1,54.7,55.05,254667,109329,2901
MITTAL,25-AUG-2021,10.85,10.85,10.05,10.2,60162,37605,277
MMFL,25-AUG-2021,732.9,737.0,720.0,724.35,13111,7087,1524
MMP,25-AUG-2021,148.1,153.7,147.0,148.85,21979,11003,903
MMTC,25-AUG-2021,41.75,45.45,41.65,44.6,8559262,1179685,30165
MODISNME,25-AUG-2021,73.35,74.0,70.55,72.55,66371,27048,1422
MOGSEC,25-AUG-2021,48.57,48.62,48.55,48.61,879,876,14
MOIL,25-AUG-2021,161.05,165.15,161.0,163.8,314778,78368,6054
MOKSH,25-AUG-2021,32.05,32.05,27.55,31.6,1698749,984977,1076
MOLDTKPAC,25-AUG-2021,484.0,484.0,472.1,480.9,19300,9264,1588
MOM100,25-AUG-2021,28.79,28.79,28.36,28.59,50206,28299,1071
MOM50,25-AUG-2021,164.4,170.0,164.4,166.77,1873,1749,65
MON100,25-AUG-2021,113.5,113.5,112.34,113.02,678729,574781,3980
MONTECARLO,25-AUG-2021,323.0,334.85,320.0,328.65,98333,17430,7551
MORARJEE,25-AUG-2021,14.75,15.4,14.55,15.2,12479,10356,64
MOREPENLAB,25-AUG-2021,52.0,52.6,51.0,51.7,1207407,604833,7073
MOTHERSUMI,25-AUG-2021,209.25,214.75,209.05,211.4,11212577,2952652,63188
MOTILALOFS,25-AUG-2021,803.0,814.35,783.0,806.05,641354,83782,22161
MOTOGENFIN,25-AUG-2021,26.4,27.8,24.9,25.65,33866,24217,265
MPHASIS,25-AUG-2021,2814.6,2838.55,2747.0,2792.15,756084,309423,49209
MPSLTD,25-AUG-2021,760.0,791.65,758.0,763.75,18038,9634,1264
MRF,25-AUG-2021,77239.95,77980.0,76737.55,77015.55,12272,4254,7971
MRPL,25-AUG-2021,42.1,42.85,42.1,42.25,944321,294720,4454
MSPL,25-AUG-2021,9.3,9.45,9.2,9.4,148142,88135,324
MSTCLTD,25-AUG-2021,259.0,264.2,257.1,258.0,267666,116321,7373
MTARTECH,25-AUG-2021,1200.0,1247.5,1195.5,1233.05,155417,43171,12761
MTEDUCARE,25-AUG-2021,7.8,8.4,7.75,8.2,120038,68784,386
MTNL,25-AUG-2021,18.25,18.45,17.85,17.95,587171,369180,1983
MUKTAARTS,25-AUG-2021,34.7,36.6,34.7,36.1,3644,3214,58
MUNJALAU,25-AUG-2021,56.7,58.15,56.2,57.05,126439,61491,2059
MUNJALSHOW,25-AUG-2021,130.9,138.75,129.05,137.45,234547,64125,11401
MURUDCERA,25-AUG-2021,23.65,26.45,23.2,25.2,219056,82307,1507
MUTHOOTCAP,25-AUG-2021,397.0,407.8,390.2,392.75,60145,10221,4949
MUTHOOTFIN,25-AUG-2021,1505.0,1518.0,1471.5,1481.0,739942,205448,34070
NACLIND,25-AUG-2021,57.05,59.05,57.05,59.05,113802,99578,553
NAGREEKCAP,25-AUG-2021,7.75,7.85,7.75,7.75,5600,5551,6
NAHARCAP,25-AUG-2021,256.75,256.75,256.7,256.75,10355,10139,169
NAHARPOLY,25-AUG-2021,217.0,232.65,215.35,232.65,74101,51144,2142
NAM-INDIA,25-AUG-2021,402.95,410.75,396.6,402.4,2356206,740416,32125
NATCOPHARM,25-AUG-2021,906.95,938.75,906.0,933.05,309882,149794,8615
NATHBIOGEN,25-AUG-2021,322.8,322.8,316.0,316.4,21254,14257,1529
NATIONALUM,25-AUG-2021,80.6,82.95,79.05,81.2,36671286,8207382,62899
NATNLSTEEL,25-AUG-2021,4.0,4.3,3.9,3.9,147580,120303,306
NAUKRI,25-AUG-2021,5824.0,5899.0,5757.0,5795.95,745120,163868,75862
NAVINFLUOR,25-AUG-2021,3650.0,3693.65,3601.0,3614.3,97076,28398,11686
NAVKARCORP,25-AUG-2021,42.2,42.5,41.5,41.75,462511,273295,2393
NAVNETEDUL,25-AUG-2021,102.55,102.55,98.85,99.2,295115,111366,3657
NAZARA,25-AUG-2021,1603.7,1614.7,1580.0,1585.3,59231,26304,7084
NBCC,25-AUG-2021,45.0,45.9,44.45,45.1,7867503,1833794,23676
NBIFIN,25-AUG-2021,2745.0,2829.4,2685.65,2767.7,2043,707,683
NBVENTURES,25-AUG-2021,104.4,105.25,102.7,103.8,317681,167960,6449
NCC,25-AUG-2021,76.2,76.85,74.85,75.25,3288014,1956167,11604
NCLIND,25-AUG-2021,235.0,242.0,231.05,234.05,154763,85662,4753
NCPSESDL24,25-AUG-2021,106.17,106.2,106.17,106.17,20001,20001,7
NDL,25-AUG-2021,71.0,74.6,71.0,74.6,63669,39115,467
NDTV,25-AUG-2021,79.6,79.65,74.0,75.2,29681,17068,657
NECCLTD,25-AUG-2021,19.2,19.2,17.85,19.2,1840702,1129083,1790
NECLIFE,25-AUG-2021,29.4,31.5,29.4,30.85,646775,305047,3432
NELCAST,25-AUG-2021,80.8,83.0,80.55,81.6,109161,60697,2168
NELCO,25-AUG-2021,486.8,508.0,466.0,470.35,492014,174919,21145
NEOGEN,25-AUG-2021,935.95,935.95,913.55,925.15,21792,14839,1875
NESCO,25-AUG-2021,572.65,589.1,572.65,583.95,33164,13946,2695
NESTLEIND,25-AUG-2021,19786.0,20325.0,19786.0,19909.85,100159,35541,29716
NETF,25-AUG-2021,204.2,204.2,204.2,204.2,484,242,50
NETFCONSUM,25-AUG-2021,72.1,72.99,71.65,72.05,9532,5844,226
NETFDIVOPP,25-AUG-2021,43.1,44.0,42.5,43.25,2301,1604,56
NETFGILT5Y,25-AUG-2021,48.58,48.61,48.58,48.61,441,441,13
NETFIT,25-AUG-2021,35.27,35.27,34.1,34.59,852479,478284,5613
NETFLTGILT,25-AUG-2021,22.54,22.54,22.4,22.41,12219,11902,61
NETFMID150,25-AUG-2021,105.58,105.58,103.52,104.2,54972,31909,807
NETFNIF100,25-AUG-2021,174.0,174.45,173.15,173.25,668,573,52
NETFNV20,25-AUG-2021,94.79,94.9,93.84,94.41,3341,3123,90
NETFPHARMA,25-AUG-2021,14.66,14.66,13.81,13.91,126308,102007,551
NETFSDL26,25-AUG-2021,105.08,105.11,105.08,105.11,111,111,2
NETWORK18,25-AUG-2021,48.0,48.65,47.25,47.5,490775,214795,2577
NEXTMEDIA,25-AUG-2021,4.85,4.95,4.65,4.65,6068,5455,33
NFL,25-AUG-2021,52.5,53.5,52.2,52.6,404929,146519,3807
NGIL,25-AUG-2021,67.0,69.2,65.0,67.2,86125,16670,444
NH,25-AUG-2021,479.9,499.4,479.9,495.95,161001,44986,11503
NHPC,25-AUG-2021,26.3,26.55,26.25,26.4,4284460,2593555,6412
NIACL,25-AUG-2021,151.55,166.0,151.55,164.15,5003312,690015,73356
NIBL,25-AUG-2021,18.8,20.15,18.8,20.0,48212,43932,177
NIFTYBEES,25-AUG-2021,193.95,193.95,179.2,179.47,640105,373595,12275
NIFTYEES,25-AUG-2021,21355.0,21648.0,21355.0,21648.0,6,3,6
NIITLTD,25-AUG-2021,317.6,317.6,305.55,308.7,694764,260779,16309
NILAINFRA,25-AUG-2021,5.5,6.1,5.5,6.1,378310,202583,457
NILKAMAL,25-AUG-2021,2649.7,2728.0,2627.0,2707.25,17400,6053,4242
NIPPOBATRY,25-AUG-2021,969.45,969.45,945.0,948.55,4273,2407,573
NIRAJ,25-AUG-2021,44.35,44.35,41.8,43.75,11361,5756,212
NITCO,25-AUG-2021,20.7,21.65,20.7,21.25,23714,17641,356
NITIRAJ,25-AUG-2021,45.7,45.7,44.05,45.05,4517,2958,149
NKIND,25-AUG-2021,41.25,41.25,37.35,37.45,9968,6557,155
NLCINDIA,25-AUG-2021,51.0,51.75,50.4,50.55,1532453,840740,8115
NMDC,25-AUG-2021,156.9,157.9,153.55,156.25,11989428,4478360,57626
NOCIL,25-AUG-2021,267.0,268.75,258.65,263.9,1212062,334891,17656
NOIDATOLL,25-AUG-2021,5.7,5.7,5.45,5.6,54799,39611,130
NORBTEAEXP,25-AUG-2021,6.45,6.8,6.45,6.7,1174,1124,6
NOVARTIND,25-AUG-2021,801.0,804.85,787.05,788.95,7702,3992,889
NPBET,25-AUG-2021,182.28,185.47,180.07,183.0,174,122,22
NRAIL,25-AUG-2021,312.0,318.2,301.55,304.9,31409,15839,2126
NRBBEARING,25-AUG-2021,127.9,127.9,124.0,124.7,424594,161160,8736
NSIL,25-AUG-2021,1726.2,1726.2,1661.0,1680.7,927,351,393
NTPC,25-AUG-2021,114.7,115.25,113.8,114.0,9491958,5988739,43787
NUCLEUS,25-AUG-2021,551.0,569.4,545.15,559.95,122042,38040,8425
NURECA,25-AUG-2021,1656.0,1668.55,1584.95,1601.65,7403,3963,1485
NUVOCO,25-AUG-2021,522.05,535.0,521.1,532.65,1295995,655090,39040
NXTDIGITAL,25-AUG-2021,412.5,419.0,391.5,398.55,6867,4964,558
OAL,25-AUG-2021,821.55,833.85,797.05,803.7,9061,5994,905
OBEROIRLTY,25-AUG-2021,674.2,680.0,666.05,675.4,100760,38551,7382
OCCL,25-AUG-2021,1042.0,1072.0,1040.0,1052.95,7220,3234,1125
OFSS,25-AUG-2021,4590.0,4747.0,4590.0,4711.5,216114,91464,34345
OIL,25-AUG-2021,172.0,177.0,171.45,176.05,1822116,679744,21266
OMAXE,25-AUG-2021,75.5,76.75,74.9,76.15,18848,12254,539
OMINFRAL,25-AUG-2021,30.0,30.85,28.35,28.6,201700,144621,1202
OMKARCHEM,25-AUG-2021,14.45,14.6,13.35,14.6,176539,131052,474
ONGC,25-AUG-2021,113.5,117.2,113.3,115.65,18637317,5078950,67735
ONMOBILE,25-AUG-2021,116.35,118.15,114.0,114.65,259402,147138,4674
ONWARDTEC,25-AUG-2021,241.0,242.5,233.0,235.6,28967,22600,614
ORBTEXP,25-AUG-2021,72.0,75.2,72.0,72.7,14042,6376,381
ORICONENT,25-AUG-2021,33.5,34.25,32.8,34.0,266906,192799,950
ORIENTABRA,25-AUG-2021,27.4,28.2,26.95,27.35,97717,50598,1153
ORIENTALTL,25-AUG-2021,8.75,9.2,8.35,9.0,60413,30524,323
ORIENTBELL,25-AUG-2021,317.95,327.45,317.95,325.2,8385,4950,571
ORIENTCEM,25-AUG-2021,149.8,153.3,148.3,149.4,609099,495059,8415
ORIENTELEC,25-AUG-2021,319.05,328.75,316.2,320.2,329791,83417,11670
ORIENTHOT,25-AUG-2021,35.2,35.95,35.2,35.4,40007,29353,407
ORIENTLTD,25-AUG-2021,64.45,66.9,64.45,65.6,6952,5490,76
ORIENTPPR,25-AUG-2021,27.9,28.35,27.6,27.95,897974,204180,3299
ORISSAMINE,25-AUG-2021,2784.0,2819.0,2748.8,2793.15,8952,4213,1530
ORTINLAB,25-AUG-2021,26.4,29.0,25.65,29.0,191833,57532,1182
OSWALAGRO,25-AUG-2021,15.3,15.55,14.55,15.3,78166,51583,389
PAGEIND,25-AUG-2021,31242.2,31481.6,30920.1,31061.4,19853,9158,9043
PAISALO,25-AUG-2021,582.2,594.95,580.8,588.05,3329,1534,971
PALASHSECU,25-AUG-2021,71.95,77.95,68.5,74.6,19857,8997,314
PALREDTEC,25-AUG-2021,106.0,108.85,105.0,105.25,26237,14847,1138
PANACEABIO,25-AUG-2021,296.0,313.4,296.0,309.9,139399,105248,2854
PANAMAPET,25-AUG-2021,262.15,267.25,256.1,257.75,95096,39917,4022
PARAGMILK,25-AUG-2021,120.95,120.95,116.0,116.7,306628,156516,8647
PARSVNATH,25-AUG-2021,12.8,13.2,12.3,12.7,127231,98866,334
PATELENG,25-AUG-2021,16.05,16.4,15.9,16.05,921984,518870,2132
PATINTLOG,25-AUG-2021,21.3,21.9,20.6,20.75,22939,11586,268
PATSPINLTD,25-AUG-2021,7.85,8.3,7.85,8.3,13452,12168,48
PCJEWELLER,25-AUG-2021,21.1,22.75,21.05,22.45,2513776,1205506,6153
PDMJEPAPER,25-AUG-2021,41.65,42.25,40.05,41.0,202245,106584,2148
PDSMFL,25-AUG-2021,1220.0,1260.0,1210.4,1251.75,2530,1625,513
PEARLPOLY,25-AUG-2021,16.6,16.6,15.2,15.45,30967,17143,186
PEL,25-AUG-2021,2600.0,2635.0,2555.0,2563.7,638895,158579,36982
PENIND,25-AUG-2021,29.8,30.6,29.15,29.75,843098,344355,4101
PERSISTENT,25-AUG-2021,3234.0,3275.0,3205.55,3226.35,203310,118955,14781
PETRONET,25-AUG-2021,228.45,230.35,227.25,228.1,2991672,1657925,24965
PFC,25-AUG-2021,125.0,127.15,124.75,125.85,2777090,882349,18359
PFIZER,25-AUG-2021,5801.05,5870.0,5710.0,5729.3,34788,8817,5585
PFOCUS,25-AUG-2021,67.5,70.15,65.55,68.95,591380,260190,4160
PFS,25-AUG-2021,17.4,17.8,17.3,17.5,588629,350671,1820
PGEL,25-AUG-2021,334.4,355.5,334.0,355.5,26195,20144,1138
PGHH,25-AUG-2021,13098.0,13189.0,13004.95,13126.5,4497,2569,1559
PGHL,25-AUG-2021,5442.5,5450.0,5356.1,5373.45,12927,9276,1833
PGIL,25-AUG-2021,314.0,323.95,309.75,312.25,12160,7103,540
PHILIPCARB,25-AUG-2021,240.9,242.7,234.0,237.15,1413141,317019,22439
PHOENIXLTD,25-AUG-2021,836.9,855.0,833.85,849.8,105897,60363,11604
PIDILITIND,25-AUG-2021,2210.5,2231.4,2187.85,2214.85,315324,103190,21134
PIIND,25-AUG-2021,3160.0,3166.2,3091.1,3132.45,252526,137708,22376
PILANIINVS,25-AUG-2021,1795.7,1821.0,1769.95,1792.35,15651,3065,1025
PILITA,25-AUG-2021,6.2,6.7,6.1,6.5,1445220,693676,1667
PIONDIST,25-AUG-2021,139.5,139.5,132.45,134.35,35173,15008,567
PIONEEREMB,25-AUG-2021,61.3,64.7,61.3,62.6,107146,43798,2132
PITTIENG,25-AUG-2021,148.0,155.5,143.85,149.05,314203,135383,5101
PLASTIBLEN,25-AUG-2021,261.0,268.45,260.1,265.0,43800,16277,2417
PNB,25-AUG-2021,36.45,36.9,36.25,36.45,45499400,5726447,41338
PNBGILTS,25-AUG-2021,63.95,66.4,63.95,65.1,191077,124703,2474
PNC,25-AUG-2021,36.9,36.9,34.05,35.15,8658,5804,214
PNCINFRA,25-AUG-2021,300.0,311.0,299.05,309.0,573883,300970,19946
PODDARHOUS,25-AUG-2021,173.35,173.35,167.0,168.0,12213,11340,116
PODDARMENT,25-AUG-2021,332.0,348.2,330.85,337.2,9131,4121,779
POKARNA,25-AUG-2021,476.2,478.7,463.0,466.1,23790,12441,1663
POLYCAB,25-AUG-2021,1828.0,1891.65,1826.95,1864.35,229701,94211,20883
POLYMED,25-AUG-2021,931.3,946.25,911.4,920.85,96191,42326,13289
POLYPLEX,25-AUG-2021,1496.0,1514.45,1479.95,1503.05,89049,35655,7228
POWERGRID,25-AUG-2021,177.2,177.45,175.05,175.5,9001014,5478323,53353
POWERINDIA,25-AUG-2021,1851.0,1980.0,1828.05,1959.7,89774,43713,17953
POWERMECH,25-AUG-2021,842.75,858.95,825.0,829.25,36431,22782,2268
PPAP,25-AUG-2021,240.0,245.45,236.0,238.95,14962,7193,769
PPL,25-AUG-2021,158.65,163.0,157.05,157.95,112373,56335,3677
PRAKASH,25-AUG-2021,65.0,66.7,64.1,65.65,797743,414819,5885
PRAKASHSTL,25-AUG-2021,2.05,2.15,1.95,1.95,3801928,1967431,1449
PRAXIS,25-AUG-2021,44.45,44.45,42.1,43.5,2256,1400,28
PRECAM,25-AUG-2021,85.9,88.95,83.0,83.35,190969,108472,3475
PRECOT,25-AUG-2021,244.0,245.55,233.9,243.55,12055,6580,255
PRECWIRE,25-AUG-2021,231.9,246.0,229.25,243.35,253502,133438,8084
PREMIER,25-AUG-2021,4.7,4.7,4.7,4.7,1490,1490,19
PREMIERPOL,25-AUG-2021,73.05,76.7,73.05,76.05,8881,7356,226
PRESSMN,25-AUG-2021,28.85,28.85,27.6,28.1,48874,25645,557
PRESTIGE,25-AUG-2021,342.4,349.15,338.4,346.9,1117472,913807,10499
PRICOLLTD,25-AUG-2021,80.8,84.35,80.2,82.3,849869,393625,6316
PRIMESECU,25-AUG-2021,87.2,89.85,81.75,89.5,85779,76684,448
PRINCEPIPE,25-AUG-2021,614.0,615.95,603.0,604.25,260737,152143,17212
PRITIKAUTO,25-AUG-2021,17.7,17.75,17.05,17.6,130811,62760,412
PRIVISCL,25-AUG-2021,1555.25,1584.85,1535.0,1572.9,15947,9990,3339
PROZONINTU,25-AUG-2021,26.6,27.55,26.6,27.55,288407,228617,1034
PRSMJOHNSN,25-AUG-2021,125.95,128.0,125.5,125.9,123140,63771,2500
PSB,25-AUG-2021,16.2,16.65,16.0,16.25,354008,238865,1057
PSPPROJECT,25-AUG-2021,415.8,426.0,415.8,420.45,26675,10653,2012
PSUBNKBEES,25-AUG-2021,25.0,25.07,24.8,24.89,163829,95450,767
PTC,25-AUG-2021,95.0,96.25,93.8,94.5,596638,356629,6402
PTL,25-AUG-2021,45.6,47.9,44.4,46.8,496166,150381,2847
PUNJABCHEM,25-AUG-2021,1647.0,1675.0,1620.15,1641.6,47675,19426,5557
PURVA,25-AUG-2021,97.25,99.0,95.9,96.7,186613,52833,4294
PVR,25-AUG-2021,1324.25,1339.0,1312.5,1319.35,478607,57700,20652
QGOLDHALF,25-AUG-2021,2040.95,2044.3,2040.5,2044.3,91,63,33
QNIFTY,25-AUG-2021,1732.0,1736.0,1732.0,1734.0,4,1,4
QUESS,25-AUG-2021,826.75,842.0,819.0,832.4,61751,28078,5795
QUICKHEAL,25-AUG-2021,227.85,227.85,220.35,221.65,217309,98105,8511
RADAAN,25-AUG-2021,1.45,1.45,1.45,1.45,42884,42884,245
RADICO,25-AUG-2021,869.8,888.0,868.25,879.3,163323,46254,8895
RADIOCITY,25-AUG-2021,23.6,23.6,23.05,23.05,112000,81395,2752
RAILTEL,25-AUG-2021,124.05,126.0,124.05,125.6,309786,159222,6118
RAIN,25-AUG-2021,211.0,217.0,209.35,211.5,3329507,692146,29653
RAJESHEXPO,25-AUG-2021,594.95,597.65,586.0,593.65,277461,130064,11855
RAJSREESUG,25-AUG-2021,24.45,25.55,23.7,25.4,35065,20613,186
RALLIS,25-AUG-2021,273.5,278.0,273.0,276.0,379070,208555,14592
RAMANEWS,25-AUG-2021,20.0,20.45,19.55,19.75,88871,52690,556
RAMCOCEM,25-AUG-2021,960.2,977.35,960.2,970.9,431361,245564,16365
RAMCOIND,25-AUG-2021,291.4,297.1,285.1,286.85,68125,25304,3333
RAMCOSYS,25-AUG-2021,479.75,485.0,470.0,476.45,64709,27777,4008
RANEENGINE,25-AUG-2021,272.9,284.95,270.8,279.3,6928,3020,693
RANEHOLDIN,25-AUG-2021,653.5,664.25,640.35,644.15,24265,11550,1884
RATNAMANI,25-AUG-2021,2130.0,2130.0,2037.0,2072.0,3711,1643,1015
RAYMOND,25-AUG-2021,406.9,410.0,398.0,400.55,234555,71296,6861
RBL,25-AUG-2021,917.0,929.85,894.05,903.45,5186,1782,904
RBLBANK,25-AUG-2021,163.05,164.45,160.7,161.55,5119729,1491140,33292
RCF,25-AUG-2021,71.9,72.35,71.1,71.5,924675,333089,6898
RCOM,25-AUG-2021,2.6,2.65,2.55,2.65,8771893,3321961,2961
RECLTD,25-AUG-2021,144.05,145.9,143.4,145.25,2586396,1051931,20173
REDINGTON,25-AUG-2021,152.15,154.65,149.0,150.25,554588,376903,38015
REFEX,25-AUG-2021,128.0,154.85,128.0,153.55,2236561,617058,29846
RELAXO,25-AUG-2021,1194.0,1194.0,1164.15,1169.4,141249,55028,19175
RELCAPITAL,25-AUG-2021,14.2,14.55,14.1,14.55,1962388,1298376,3424
RELIANCE,25-AUG-2021,2185.4,2220.0,2180.1,2202.6,6175126,2434419,198304
RELIGARE,25-AUG-2021,142.0,152.0,141.15,150.4,1138096,578504,10415
REPCOHOME,25-AUG-2021,297.0,303.35,294.0,295.15,104379,60600,5514
REPL,25-AUG-2021,223.0,223.0,219.85,221.6,5682,4664,192
REPRO,25-AUG-2021,443.0,453.7,427.15,430.15,11037,4725,1519
RESPONIND,25-AUG-2021,121.15,125.0,119.05,120.1,52712,5464,605
REVATHI,25-AUG-2021,546.95,558.0,540.3,546.75,1009,674,131
RGL,25-AUG-2021,711.8,727.9,693.15,711.45,37415,5213,2664
RHIM,25-AUG-2021,353.9,359.95,348.65,354.55,84820,40898,4791
RICOAUTO,25-AUG-2021,49.35,49.85,48.3,48.65,329177,119522,2774
RIIL,25-AUG-2021,609.9,632.7,608.35,613.2,145777,34151,7047
RITES,25-AUG-2021,257.5,263.4,256.9,261.6,127314,47418,4505
RKEC,25-AUG-2021,76.2,88.0,76.2,78.7,85344,25543,937
RKFORGE,25-AUG-2021,900.0,920.0,898.65,917.65,72384,38172,3140
RML,25-AUG-2021,389.0,394.05,380.6,383.8,16084,6682,1212
ROHLTD,25-AUG-2021,71.0,73.3,71.0,71.65,26800,17567,473
ROLEXRINGS,25-AUG-2021,1079.95,1097.0,1076.05,1087.95,81785,48272,7355
ROLLT,25-AUG-2021,2.35,2.5,2.3,2.5,398161,270282,410
ROML,25-AUG-2021,59.3,59.3,55.0,56.4,12986,9174,604
ROSSARI,25-AUG-2021,1302.0,1372.45,1302.0,1337.8,68489,16740,8165
ROSSELLIND,25-AUG-2021,158.2,165.5,155.55,157.45,157063,68480,4928
ROUTE,25-AUG-2021,1906.7,1958.5,1898.5,1927.85,307261,71385,21695
RPGLIFE,25-AUG-2021,494.0,509.0,494.0,497.1,58285,21851,4052
RPPINFRA,25-AUG-2021,74.95,76.1,72.85,73.3,135288,73602,1940
RPSGVENT,25-AUG-2021,648.2,688.0,625.0,646.8,74883,29377,8336
RSSOFTWARE,25-AUG-2021,32.0,34.1,31.4,34.1,82474,51541,771
RSWM,25-AUG-2021,320.95,328.75,310.65,313.65,54806,34598,1661
RSYSTEMS,25-AUG-2021,198.4,201.2,195.5,197.5,297690,124398,9707
RUBYMILLS,25-AUG-2021,272.8,280.0,268.35,271.25,27989,5911,3857
RUCHI,25-AUG-2021,1109.0,1111.0,1088.0,1098.2,23652,15140,2327
RUCHIRA,25-AUG-2021,77.45,83.75,77.45,81.2,75015,30318,2400
RUPA,25-AUG-2021,431.0,436.8,418.95,423.25,422335,285331,10578
RUSHIL,25-AUG-2021,257.0,259.0,249.0,251.45,14564,10639,520
RVHL,25-AUG-2021,20.4,21.15,20.4,21.15,41926,37267,125
RVNL,25-AUG-2021,28.0,28.2,27.65,27.7,1696775,834961,6811
S&SPOWER,25-AUG-2021,30.85,30.85,30.1,30.85,8482,7480,50
SADBHAV,25-AUG-2021,49.0,51.3,48.8,48.95,1038563,603684,8529
SADBHIN,25-AUG-2021,17.6,18.25,16.65,16.85,2711813,1796129,5988
SAFARI,25-AUG-2021,779.0,845.0,775.5,826.0,225178,81623,20785
SAGCEM,25-AUG-2021,288.8,295.0,281.0,282.55,94581,56129,4967
SAIL,25-AUG-2021,120.05,121.5,118.5,119.35,33183246,9528822,96367
SAKAR,25-AUG-2021,162.5,172.5,162.5,170.1,111535,21941,10192
SAKSOFT,25-AUG-2021,772.85,899.0,772.0,869.85,879012,141410,46364
SALASAR,25-AUG-2021,278.0,285.9,268.6,271.35,57672,16337,2710
SALONA,25-AUG-2021,202.2,209.95,202.2,204.3,11843,6913,415
SALZERELEC,25-AUG-2021,148.0,149.0,145.2,147.85,32166,19834,990
SANCO,25-AUG-2021,8.3,8.4,8.2,8.35,7628,6548,54
SANDESH,25-AUG-2021,794.0,794.0,771.0,785.95,1109,583,176
SANDHAR,25-AUG-2021,253.15,270.0,253.15,262.15,36819,18916,1886
SANGAMIND,25-AUG-2021,135.25,142.25,135.25,138.9,18718,13700,388
SANGHIIND,25-AUG-2021,64.5,65.65,64.0,64.5,292127,169907,2783
SANGHVIMOV,25-AUG-2021,189.55,189.55,180.3,181.35,27405,10345,1233
SANGINITA,25-AUG-2021,24.9,25.9,24.25,25.25,50387,24108,315
SANOFI,25-AUG-2021,8949.9,8949.9,8820.0,8833.6,4971,2626,1990
SARLAPOLY,25-AUG-2021,43.55,43.8,42.5,42.6,200385,79598,2436
SASKEN,25-AUG-2021,1329.0,1349.0,1320.95,1325.4,46415,20768,4672
SATIA,25-AUG-2021,93.6,97.9,91.6,94.65,509154,64195,5112
SATIN,25-AUG-2021,76.6,80.4,74.1,79.8,209294,131337,2864
SBCL,25-AUG-2021,167.3,183.0,167.3,180.55,118873,59415,3890
SBICARD,25-AUG-2021,1030.0,1071.0,1027.0,1065.2,2697253,1537321,73868
SBIETFCON,25-AUG-2021,67.5,67.5,65.61,65.72,9439,8931,92
SBIETFIT,25-AUG-2021,347.0,349.93,342.3,346.88,5391,2843,155
SBIETFPB,25-AUG-2021,184.5,185.22,182.1,182.5,801,324,43
SBIETFQLTY,25-AUG-2021,147.5,147.5,146.03,146.72,630,473,56
SBILIFE,25-AUG-2021,1168.0,1171.65,1150.15,1156.15,893931,217695,34417
SBIN,25-AUG-2021,419.0,421.3,414.3,416.25,16410980,5024876,170349
SCHAEFFLER,25-AUG-2021,7030.0,7189.95,6980.1,7085.9,12918,4983,3850
SCHAND,25-AUG-2021,112.05,114.65,108.45,110.15,56677,30136,1629
SCHNEIDER,25-AUG-2021,117.6,118.0,114.9,115.6,494834,172056,5497
SCI,25-AUG-2021,98.0,102.8,97.5,101.5,2019034,580239,17316
SDBL,25-AUG-2021,40.3,40.8,39.25,39.6,77977,54841,821
SEAMECLTD,25-AUG-2021,737.0,740.25,726.05,731.65,8854,5253,800
SECURKLOUD,25-AUG-2021,108.45,113.9,107.95,111.15,98854,59060,4160
SELAN,25-AUG-2021,135.75,136.9,133.1,135.25,33699,16595,959
SEPOWER,25-AUG-2021,7.45,7.6,7.45,7.6,15805,15805,50
SEQUENT,25-AUG-2021,236.0,237.6,230.0,231.2,547253,239709,13981
SESHAPAPER,25-AUG-2021,172.6,183.9,171.35,177.05,84794,27800,2273
SETCO,25-AUG-2021,18.0,18.3,17.4,17.6,161058,97081,769
SETF10GILT,25-AUG-2021,205.75,205.75,203.81,203.81,33,21,7
SETFGOLD,25-AUG-2021,4218.5,4218.5,4202.45,4206.75,3502,2137,632
SETFNIF50,25-AUG-2021,169.59,170.39,169.02,169.8,192110,118165,1235
SETFNIFBK,25-AUG-2021,356.0,358.16,355.0,355.57,15025,8117,448
SETFNN50,25-AUG-2021,413.99,414.99,407.1,412.62,9451,7769,316
SEYAIND,25-AUG-2021,58.1,59.6,55.9,57.4,15757,10224,355
SFL,25-AUG-2021,2284.4,2350.0,2250.0,2344.4,8450,3233,3186
SGIL,25-AUG-2021,163.95,163.95,155.0,156.0,3361,2140,127
SGL,25-AUG-2021,12.4,13.3,12.4,13.3,57317,34762,205
SHAKTIPUMP,25-AUG-2021,675.0,719.25,675.0,698.8,96887,30225,7130
SHALBY,25-AUG-2021,189.0,191.7,188.15,189.55,138293,60568,2997
SHALPAINTS,25-AUG-2021,95.0,95.85,91.2,93.1,117090,63003,2522
SHANKARA,25-AUG-2021,537.15,548.45,537.0,538.85,88445,20027,6975
SHANTIGEAR,25-AUG-2021,167.65,171.45,163.55,164.95,173659,36290,11819
SHARDACROP,25-AUG-2021,308.0,309.3,293.5,296.25,77045,39433,3867
SHAREINDIA,25-AUG-2021,530.0,533.0,521.6,525.45,36390,9515,3003
SHARIABEES,25-AUG-2021,438.92,442.09,437.0,437.63,1519,1165,56
SHEMAROO,25-AUG-2021,110.0,115.0,109.2,113.85,35370,20075,881
SHILPAMED,25-AUG-2021,563.05,594.9,560.65,577.15,531080,127494,12949
SHIVAMAUTO,25-AUG-2021,22.05,23.5,21.75,22.6,47489,29213,312
SHIVAMILLS,25-AUG-2021,82.8,83.0,79.45,79.85,44043,22690,372
SHIVATEX,25-AUG-2021,193.2,194.2,185.3,189.5,20335,13928,548
SHK,25-AUG-2021,144.8,147.2,143.25,145.05,119850,50572,3292
SHOPERSTOP,25-AUG-2021,238.0,241.9,235.7,240.05,105833,27948,2885
SHRADHA,25-AUG-2021,47.45,50.4,46.05,48.55,547,237,35
SHREDIGCEM,25-AUG-2021,79.85,81.25,79.35,80.2,240324,94968,3263
SHREECEM,25-AUG-2021,26232.95,26459.75,26192.0,26288.25,23925,10257,6737
SHREEPUSHK,25-AUG-2021,172.05,174.0,170.0,171.1,36942,17899,1562
SHREERAMA,25-AUG-2021,11.8,12.5,11.8,12.25,48083,29797,253
SHRENIK,25-AUG-2021,1.65,1.65,1.55,1.6,1738096,1007665,1349
SHREYANIND,25-AUG-2021,124.9,124.9,120.7,121.85,16956,8267,620
SHREYAS,25-AUG-2021,256.0,264.2,256.0,264.2,41043,37938,357
SHRIRAMCIT,25-AUG-2021,1975.0,2050.0,1954.85,2037.65,101542,28751,18671
SHRIRAMEPC,25-AUG-2021,4.6,4.65,4.45,4.45,382038,251897,510
SHYAMCENT,25-AUG-2021,11.95,12.85,11.65,12.0,368741,225857,1114
SHYAMMETL,25-AUG-2021,386.7,402.0,386.25,390.05,814266,300590,18919
SICAL,25-AUG-2021,11.5,11.55,11.2,11.25,88436,49951,332
SIEMENS,25-AUG-2021,2214.0,2233.2,2173.05,2189.45,306511,94945,19354
SIGIND,25-AUG-2021,47.35,47.75,43.65,47.5,65429,37436,626
SILGO,25-AUG-2021,33.3,33.85,33.0,33.7,3969,2483,79
SILLYMONKS,25-AUG-2021,19.9,21.0,18.1,18.4,12880,9177,131
SIMPLEXINF,25-AUG-2021,38.0,39.45,37.8,38.1,38274,27338,402
SINTERCOM,25-AUG-2021,89.0,89.0,83.1,83.15,26175,22298,197
SINTEX,25-AUG-2021,3.85,4.0,3.8,3.9,930951,576819,1227
SIRCA,25-AUG-2021,310.2,324.0,310.0,317.75,24342,9063,1071
SIS,25-AUG-2021,452.95,461.8,450.15,453.05,101901,42947,6573
SITINET,25-AUG-2021,1.35,1.4,1.35,1.4,6059341,3150644,843
SIYSIL,25-AUG-2021,365.75,373.85,360.4,363.85,35616,16280,2456
SJVN,25-AUG-2021,25.9,26.2,25.8,25.95,850541,396566,2858
SKFINDIA,25-AUG-2021,2830.0,2830.0,2764.25,2789.55,71056,39953,13131
SKIL,25-AUG-2021,3.6,3.75,3.55,3.75,16308,15012,40
SKIPPER,25-AUG-2021,80.7,84.7,80.1,80.5,316679,100693,6179
SKMEGGPROD,25-AUG-2021,83.0,90.0,82.2,86.6,1210483,229624,18528
SMARTLINK,25-AUG-2021,102.0,105.4,100.35,101.75,19201,6349,555
SMCGLOBAL,25-AUG-2021,74.8,77.85,74.65,75.6,361629,154525,3738
SMLISUZU,25-AUG-2021,568.0,584.0,557.1,561.65,19650,9238,2727
SMSLIFE,25-AUG-2021,751.0,751.0,730.1,733.4,4565,3164,345
SMSPHARMA,25-AUG-2021,169.05,174.6,168.3,170.95,51448,23490,1916
SNOWMAN,25-AUG-2021,41.5,42.9,41.1,41.85,793666,380034,4821
SOBHA,25-AUG-2021,584.95,589.85,575.25,580.45,42782,15963,2944
SOLARA,25-AUG-2021,1660.0,1707.55,1648.5,1691.2,73503,36128,6205
SOLARINDS,25-AUG-2021,1725.5,1725.5,1681.35,1705.25,68277,32977,12363
SOMATEX,25-AUG-2021,6.25,6.85,6.2,6.35,19125,14437,63
SOMICONVEY,25-AUG-2021,51.55,51.55,46.8,50.05,10633,5191,217
SONACOMS,25-AUG-2021,457.0,491.15,455.25,472.4,4691070,1310276,105706
SONATSOFTW,25-AUG-2021,884.85,908.8,869.9,878.25,448932,147160,20199
SORILINFRA,25-AUG-2021,110.35,114.0,98.3,104.9,26572,15759,635
SOTL,25-AUG-2021,1549.8,1607.6,1549.0,1580.05,26562,11108,3654
SOUTHBANK,25-AUG-2021,9.5,9.65,9.4,9.45,4969215,2716688,22943
SOUTHWEST,25-AUG-2021,88.35,88.85,85.0,88.05,74518,48715,316
SPAL,25-AUG-2021,309.9,314.75,302.0,303.25,18962,10979,1425
SPANDANA,25-AUG-2021,625.0,638.0,620.15,629.9,152886,125895,4583
SPARC,25-AUG-2021,283.0,295.9,278.0,293.4,1571145,369174,21253
SPECIALITY,25-AUG-2021,70.2,71.0,68.45,69.2,39156,19527,881
SPENCERS,25-AUG-2021,100.0,105.7,98.2,99.25,1459714,413042,18641
SPIC,25-AUG-2021,51.5,53.6,50.7,51.95,1145264,430898,8196
SPICEJET,25-AUG-2021,68.95,72.3,68.1,71.75,8229454,1692878,35628
SPLIL,25-AUG-2021,53.0,53.75,51.7,52.15,23696,15245,660
SPTL,25-AUG-2021,4.1,4.1,4.0,4.1,1310062,878249,672
SREEL,25-AUG-2021,154.7,159.95,153.15,155.55,12436,7968,439
SRF,25-AUG-2021,9039.8,9067.95,8930.25,8944.2,105308,34669,18447
SRHHYPOLTD,25-AUG-2021,295.0,307.95,285.45,290.45,23466,11126,1730
SRIPIPES,25-AUG-2021,208.85,213.85,207.85,211.7,81097,42818,2663
SRTRANSFIN,25-AUG-2021,1281.0,1295.25,1259.4,1267.35,1030511,410691,38951
SSWL,25-AUG-2021,1725.0,1790.55,1721.9,1790.55,103027,63279,6010
STAR,25-AUG-2021,588.45,597.3,578.0,581.55,757505,112398,24098
STARCEMENT,25-AUG-2021,112.5,112.5,109.1,109.6,1385955,534678,17427
STARPAPER,25-AUG-2021,149.0,150.9,147.4,148.2,159402,35158,5512
STCINDIA,25-AUG-2021,104.35,109.0,103.35,106.8,99495,27646,3851
STEELCITY,25-AUG-2021,60.0,62.7,60.0,62.7,56730,42759,674
STEELXIND,25-AUG-2021,81.45,83.2,80.55,81.6,231087,126127,2109
STEL,25-AUG-2021,128.5,135.0,119.5,132.35,161014,84020,4752
STERTOOLS,25-AUG-2021,194.0,219.0,194.0,206.75,449286,93057,14979
STLTECH,25-AUG-2021,268.0,274.95,265.2,267.3,497991,134419,13523
STOVEKRAFT,25-AUG-2021,799.9,806.0,780.45,785.65,118374,57057,12489
STYLAMIND,25-AUG-2021,1075.0,1110.0,1067.3,1090.35,4883,3654,513
SUBEXLTD,25-AUG-2021,51.05,52.3,50.55,50.9,5480217,1537824,20225
SUBROS,25-AUG-2021,318.0,318.85,307.0,308.0,19894,9488,1271
SUDARSCHEM,25-AUG-2021,580.5,618.8,577.0,599.0,1139865,272111,32796
SUMICHEM,25-AUG-2021,400.8,409.2,396.3,398.9,270639,107763,6658
SUMMITSEC,25-AUG-2021,652.85,672.0,647.0,655.3,5005,2190,758
SUNCLAYLTD,25-AUG-2021,3551.0,3575.0,3498.8,3548.6,2451,1176,809
SUNDARMFIN,25-AUG-2021,2530.0,2613.0,2530.0,2584.9,68081,31599,11885
SUNDARMHLD,25-AUG-2021,80.85,82.6,77.85,78.55,158839,84832,2357
SUNDRMBRAK,25-AUG-2021,397.65,439.5,397.65,411.4,25223,7095,1476
SUNDRMFAST,25-AUG-2021,778.4,797.0,768.6,784.35,56375,23370,5122
SUNFLAG,25-AUG-2021,82.25,83.15,80.8,81.3,517220,123086,6453
SUNPHARMA,25-AUG-2021,770.0,776.0,759.6,769.05,2254852,658563,45285
SUNTECK,25-AUG-2021,352.75,359.4,350.5,356.0,376330,122371,16004
SUNTV,25-AUG-2021,501.2,504.3,480.1,483.95,2899746,1009724,37943
SUPERHOUSE,25-AUG-2021,162.6,168.0,162.05,163.9,20659,12064,644
SUPRAJIT,25-AUG-2021,336.0,338.5,318.1,322.45,233980,53829,12172
SUPREMEENG,25-AUG-2021,31.5,31.5,29.1,29.7,9869,7431,115
SUPREMEIND,25-AUG-2021,2034.2,2040.0,2001.0,2027.8,47309,31931,9680
SURANASOL,25-AUG-2021,12.35,12.7,12.1,12.4,37737,28745,214
SURANAT&P,25-AUG-2021,6.25,6.45,6.15,6.15,93500,53577,289
SURYAROSNI,25-AUG-2021,520.0,536.0,508.75,511.0,127316,63244,6492
SURYODAY,25-AUG-2021,153.7,160.0,153.7,157.05,355037,134004,8149
SUTLEJTEX,25-AUG-2021,59.45,62.65,59.2,60.65,204215,98103,4182
SUULD,25-AUG-2021,548.0,557.15,505.3,545.4,92587,74525,1583
SUVEN,25-AUG-2021,85.0,85.0,83.1,83.5,183019,96527,2140
SUVENPHAR,25-AUG-2021,541.0,550.35,535.25,540.75,118561,51298,9601
SUVIDHAA,25-AUG-2021,22.2,22.6,21.1,21.25,83817,75373,297
SUZLON,25-AUG-2021,6.1,6.25,5.95,6.1,29108936,9243811,27103
SVPGLOB,25-AUG-2021,130.8,134.0,124.0,126.65,81926,43979,3311
SWANENERGY,25-AUG-2021,125.05,131.9,125.05,130.45,134207,34084,5676
SWARAJENG,25-AUG-2021,1670.0,1674.3,1652.0,1660.75,7973,3919,1830
SWELECTES,25-AUG-2021,223.9,223.9,212.3,214.85,11615,5820,773
SWSOLAR,25-AUG-2021,274.6,291.25,272.75,284.05,1990173,781278,28047
SYMPHONY,25-AUG-2021,915.0,917.1,905.8,910.75,25441,10285,2542
SYNGENE,25-AUG-2021,599.6,603.3,590.85,592.1,167485,88028,7826
TAJGVK,25-AUG-2021,122.0,126.0,121.05,122.95,56736,25193,1405
TAKE,25-AUG-2021,49.4,51.25,49.15,50.2,972572,378482,6901
TALBROAUTO,25-AUG-2021,286.6,294.0,280.6,286.55,75881,16645,4626
TARAPUR,25-AUG-2021,4.5,4.6,4.3,4.45,3111,1965,31
TARMAT,25-AUG-2021,67.25,78.25,67.25,70.15,478531,218325,8436
TASTYBITE,25-AUG-2021,18399.0,18690.0,18231.0,18333.4,1467,420,856
TATACHEM,25-AUG-2021,833.5,836.0,820.0,822.1,1298473,289080,28530
TATACOFFEE,25-AUG-2021,197.5,203.4,194.15,198.95,4884051,664741,47400
TATACOMM,25-AUG-2021,1408.2,1436.0,1390.0,1401.4,229136,102123,13260
TATACONSUM,25-AUG-2021,836.1,850.65,833.25,836.0,1777820,423635,45848
TATAELXSI,25-AUG-2021,4765.0,4949.0,4756.0,4810.05,270608,80439,34831
TATAINVEST,25-AUG-2021,1207.0,1245.0,1207.0,1225.4,31350,11245,4298
TATAMETALI,25-AUG-2021,1074.0,1099.9,1062.0,1070.25,155413,51720,8598
TATAMOTORS,25-AUG-2021,282.8,289.2,282.45,284.4,31538128,3642750,244137
TATAMTRDVR,25-AUG-2021,135.55,140.1,135.55,138.6,1612871,878156,27756
TATAPOWER,25-AUG-2021,126.4,127.5,125.5,126.05,18144345,6786394,74629
TATASTEEL,25-AUG-2021,1418.0,1426.0,1380.75,1390.2,12565010,2424149,234330
TATVA,25-AUG-2021,2090.0,2222.0,2053.25,2191.55,290102,45488,24682
TBZ,25-AUG-2021,72.95,74.3,71.85,72.1,182264,80049,2697
TCI,25-AUG-2021,405.0,413.4,404.95,410.6,17065,11270,1068
TCIDEVELOP,25-AUG-2021,315.0,317.95,300.0,315.4,2403,2253,121
TCIEXP,25-AUG-2021,1421.6,1435.15,1385.8,1403.7,40660,13379,5852
TCIFINANCE,25-AUG-2021,4.6,5.2,4.6,4.95,277,277,7
TCNSBRANDS,25-AUG-2021,568.0,650.0,562.8,604.15,2656481,137311,82982
TCPLPACK,25-AUG-2021,540.0,547.05,531.25,536.9,14525,5431,1420
TCS,25-AUG-2021,3610.0,3697.75,3607.05,3659.0,2123263,995370,132939
TDPOWERSYS,25-AUG-2021,279.5,308.0,271.0,278.1,1199467,334269,34056
TEAMLEASE,25-AUG-2021,4087.9,4087.9,3901.35,3946.55,25799,22840,1928
TECHIN,25-AUG-2021,6.0,6.0,5.95,5.95,19159,18455,68
TECHM,25-AUG-2021,1463.0,1478.0,1450.0,1463.1,3105863,1245899,92535
TECHNOE,25-AUG-2021,274.05,279.75,271.25,277.25,96307,31124,8062
TEMBO,25-AUG-2021,259.0,263.75,247.15,260.35,147007,34960,2028
TEXINFRA,25-AUG-2021,60.8,60.8,58.1,58.6,11696,7910,263
TEXMOPIPES,25-AUG-2021,47.25,49.4,47.2,48.65,94027,57834,1017
TEXRAIL,25-AUG-2021,32.75,33.25,32.4,32.6,496663,221620,3170
TFCILTD,25-AUG-2021,64.45,64.95,60.9,61.5,143099,71394,3149
TFL,25-AUG-2021,4.55,4.75,4.45,4.45,5826,5100,16
TGBHOTELS,25-AUG-2021,7.0,7.25,6.7,7.1,12142,9359,111
THANGAMAYL,25-AUG-2021,826.75,857.25,817.05,850.05,7829,5793,540
THEINVEST,25-AUG-2021,123.05,127.0,118.75,121.45,27107,7514,640
THEMISMED,25-AUG-2021,1125.0,1197.0,1095.0,1110.7,81968,45468,9339
THERMAX,25-AUG-2021,1345.0,1369.8,1340.5,1358.4,18155,6002,3339
THOMASCOOK,25-AUG-2021,58.9,58.95,57.1,57.45,179212,111451,1689
THYROCARE,25-AUG-2021,1280.4,1294.65,1260.0,1269.5,63696,35321,12685
TIIL,25-AUG-2021,812.0,824.0,791.05,794.95,26675,16276,1706
TIINDIA,25-AUG-2021,1276.0,1303.65,1266.35,1293.45,79119,38218,7230
TIL,25-AUG-2021,139.05,152.0,139.05,149.3,13360,6749,466
TIMESGTY,25-AUG-2021,46.95,46.95,44.65,44.7,7194,2380,128
TIMETECHNO,25-AUG-2021,71.45,74.85,71.45,71.95,1024280,407756,11364
TIMKEN,25-AUG-2021,1542.0,1580.0,1523.65,1561.95,67729,54688,2707
TINPLATE,25-AUG-2021,227.95,231.65,226.0,227.5,263853,74181,6448
TIRUMALCHM,25-AUG-2021,180.0,184.5,179.85,181.15,825591,321581,10379
TITAN,25-AUG-2021,1860.0,1869.7,1820.0,1822.65,1280400,587988,56697
TMRVL,25-AUG-2021,16.9,17.35,16.1,16.6,60518,33983,460
TNPETRO,25-AUG-2021,120.6,120.6,115.8,117.45,305861,158081,5624
TNPL,25-AUG-2021,135.95,138.4,133.25,136.05,170712,60602,3541
TOKYOPLAST,25-AUG-2021,103.0,111.0,96.2,109.15,85495,39686,2523
TORNTPHARM,25-AUG-2021,3063.0,3073.8,3034.8,3054.25,70285,27960,7433
TORNTPOWER,25-AUG-2021,461.5,475.0,460.05,472.65,1229430,325683,27931
TOTAL,25-AUG-2021,51.8,51.8,46.5,47.3,32726,22395,258
TPLPLASTEH,25-AUG-2021,299.9,308.75,297.1,305.0,10218,1879,2056
TREJHARA,25-AUG-2021,62.5,62.9,59.05,60.25,31786,15596,1220
TRENT,25-AUG-2021,902.7,922.55,890.35,916.75,761172,256318,18803
TRF,25-AUG-2021,107.95,108.3,103.25,107.7,11320,6060,460
TRIDENT,25-AUG-2021,20.85,21.15,20.35,20.45,15894004,6369342,29962
TRIGYN,25-AUG-2021,121.9,122.65,113.95,115.9,126562,79391,1869
TRIL,25-AUG-2021,26.85,27.45,26.7,26.9,150567,98205,944
TRITURBINE,25-AUG-2021,125.05,127.9,123.65,124.55,108052,37289,2679
TRIVENI,25-AUG-2021,171.65,176.85,171.65,173.9,606949,204590,9629
TTKHLTCARE,25-AUG-2021,705.15,711.95,685.0,692.5,8352,4178,810
TTKPRESTIG,25-AUG-2021,8867.4,8924.1,8856.0,8877.5,1306,625,550
TTL,25-AUG-2021,66.25,69.3,65.5,66.75,43849,19750,613
TV18BRDCST,25-AUG-2021,34.8,35.7,34.6,34.9,3394676,1635581,8066
TVSELECT,25-AUG-2021,163.05,167.3,160.0,164.35,37342,18319,1391
TVSMOTOR,25-AUG-2021,508.05,524.35,508.05,519.25,2806811,827681,39051
TVSSRICHAK,25-AUG-2021,2058.9,2094.3,2031.3,2045.45,8974,4048,1739
TVTODAY,25-AUG-2021,289.75,290.0,283.2,285.1,39277,20712,1556
TWL,25-AUG-2021,93.0,95.0,91.1,92.45,915117,312982,8406
UBL,25-AUG-2021,1454.0,1462.3,1414.2,1432.2,574920,127298,31817
UCALFUEL,25-AUG-2021,145.2,149.8,145.0,146.1,26234,13886,991
UCOBANK,25-AUG-2021,12.65,12.85,12.6,12.65,2249479,803862,14070
UFLEX,25-AUG-2021,464.85,494.7,464.0,491.2,926885,206495,23126
UFO,25-AUG-2021,90.05,92.3,90.05,91.4,90894,56465,2387
UGARSUGAR,25-AUG-2021,27.9,29.25,27.65,28.8,496648,259534,1641
UGROCAP,25-AUG-2021,117.8,117.8,112.85,115.05,80579,65517,616
UJAAS,25-AUG-2021,2.7,2.7,2.6,2.7,492787,248198,631
UJJIVAN,25-AUG-2021,157.95,166.0,157.25,164.7,3200459,2330831,26399
UJJIVANSFB,25-AUG-2021,20.5,20.5,19.75,19.85,6285476,3430420,12179
ULTRACEMCO,25-AUG-2021,7465.0,7487.95,7370.0,7382.35,146150,57186,19052
UMANGDAIRY,25-AUG-2021,75.45,77.45,73.6,75.0,35771,18508,700
UMESLTD,25-AUG-2021,3.3,3.55,3.2,3.35,25466,17480,235
UNICHEMLAB,25-AUG-2021,269.1,285.7,269.05,276.3,60934,31032,3758
UNIDT,25-AUG-2021,317.0,326.15,315.85,320.05,27203,9745,1311
UNIENTER,25-AUG-2021,116.15,126.65,116.15,123.0,25506,10754,688
UNIONBANK,25-AUG-2021,33.55,33.75,33.4,33.5,3774634,1443699,7082
UNITEDTEA,25-AUG-2021,415.0,425.0,405.0,406.05,8815,3446,657
UNIVASTU,25-AUG-2021,41.45,45.0,41.15,42.75,10138,7598,97
UNIVCABLES,25-AUG-2021,159.0,172.0,157.8,164.0,144474,52788,4558
UNIVPHOTO,25-AUG-2021,287.4,294.95,285.05,290.3,1087,812,132
UPL,25-AUG-2021,731.05,737.95,721.45,726.1,1895556,499861,40826
URJA,25-AUG-2021,6.3,6.55,6.25,6.55,3370938,1501189,4623
USHAMART,25-AUG-2021,66.9,68.95,66.3,66.75,643924,337097,3678
UTIAMC,25-AUG-2021,1100.0,1129.0,1095.05,1118.1,329026,175521,13262
UTIBANKETF,25-AUG-2021,35.51,36.14,35.4,35.78,17448,11121,100
UTINEXT50,25-AUG-2021,41.9,41.9,40.65,41.09,14509,12216,193
UTINIFTETF,25-AUG-2021,1746.0,1765.0,1719.95,1748.57,2006,1760,84
UTISENSETF,25-AUG-2021,589.99,589.99,583.16,584.88,746,504,71
UTISXN50,25-AUG-2021,45.78,46.59,44.15,45.45,5216,5108,40
V2RETAIL,25-AUG-2021,111.3,111.3,102.75,107.9,30065,15507,637
VADILALIND,25-AUG-2021,1100.0,1134.7,1099.0,1124.5,15828,6231,2775
VAIBHAVGBL,25-AUG-2021,730.0,731.7,698.5,702.3,93364,58094,10405
VAISHALI,25-AUG-2021,42.9,43.8,39.1,39.6,614184,264175,6329
VAKRANGEE,25-AUG-2021,40.3,41.35,39.8,40.15,6644269,2875843,14500
VALIANTORG,25-AUG-2021,1332.7,1343.3,1308.0,1313.95,32828,22555,2589
VARDHACRLC,25-AUG-2021,65.95,65.95,63.85,64.4,142292,80964,2058
VARROC,25-AUG-2021,292.0,302.4,286.45,288.7,293699,103474,10242
VASCONEQ,25-AUG-2021,25.5,25.5,24.75,25.5,1141191,843566,901
VASWANI,25-AUG-2021,11.8,12.35,11.8,12.2,23701,15571,100
VBL,25-AUG-2021,812.6,836.0,812.0,830.8,339597,138119,15933
VEDL,25-AUG-2021,288.0,292.0,284.05,290.05,17963680,2962721,108702
VENKEYS,25-AUG-2021,2658.9,2980.0,2651.0,2911.7,691670,96572,75154
VENUSREM,25-AUG-2021,488.6,499.95,473.55,483.2,39551,18283,2570
VERTOZ,25-AUG-2021,101.05,108.8,101.05,103.8,261428,75275,7099
VESUVIUS,25-AUG-2021,1187.8,1187.8,1152.05,1170.4,10166,6734,1363
VETO,25-AUG-2021,93.0,109.35,93.0,109.35,1243902,282169,24485
VGUARD,25-AUG-2021,238.5,241.6,237.75,238.7,143672,68802,3724
VHL,25-AUG-2021,2949.0,3000.0,2865.0,2906.25,1291,453,445
VIDHIING,25-AUG-2021,328.0,347.6,324.15,330.65,292467,82516,11737
VIKASECO,25-AUG-2021,2.1,2.15,2.05,2.1,6176960,2531375,1454
VIKASPROP,25-AUG-2021,2.3,2.4,2.25,2.3,1399083,816496,4825
VIKASWSP,25-AUG-2021,5.2,5.2,4.95,5.05,824017,682644,553
VIMTALABS,25-AUG-2021,295.0,314.8,289.7,302.1,140631,60759,4764
VINATIORGA,25-AUG-2021,1802.55,1845.0,1802.55,1812.15,69315,15214,7654
VINDHYATEL,25-AUG-2021,1064.0,1108.0,1060.0,1089.15,34098,16048,4592
VINEETLAB,25-AUG-2021,76.4,77.7,74.3,77.7,57916,30469,629
VINYLINDIA,25-AUG-2021,187.0,198.9,185.15,195.45,579985,141920,16124
VIPIND,25-AUG-2021,456.5,462.0,445.8,449.0,347746,123153,13696
VIPULLTD,25-AUG-2021,27.0,28.45,25.9,28.2,16038,9285,162
VISAKAIND,25-AUG-2021,710.0,724.7,710.0,715.1,24071,13632,1869
VISASTEEL,25-AUG-2021,9.55,9.8,9.25,9.7,43027,26409,214
VISHAL,25-AUG-2021,111.45,114.65,111.4,113.05,1644835,517537,5323
VISHNU,25-AUG-2021,603.45,610.65,594.95,601.45,5681,3675,321
VISHWARAJ,25-AUG-2021,158.0,161.9,155.65,160.5,278871,95973,4428
VIVIDHA,25-AUG-2021,0.75,0.8,0.75,0.8,5404927,4379604,3607
VIVIMEDLAB,25-AUG-2021,19.5,20.25,19.1,20.25,291485,206305,861
VLSFINANCE,25-AUG-2021,198.0,201.0,192.1,194.3,50381,24147,1442
VMART,25-AUG-2021,3540.0,3607.4,3509.3,3582.55,14980,4407,3144
VOLTAMP,25-AUG-2021,1439.0,1449.9,1390.0,1398.95,9652,5852,2188
VOLTAS,25-AUG-2021,968.95,977.15,955.0,960.2,1684223,781508,33155
VRLLOG,25-AUG-2021,311.0,319.15,307.0,308.8,80395,28523,3566
VSSL,25-AUG-2021,254.9,264.1,249.0,250.6,207211,60980,7285
VSTIND,25-AUG-2021,3351.8,3369.9,3325.0,3350.45,2974,1832,605
VSTTILLERS,25-AUG-2021,2630.0,2663.65,2521.0,2536.7,24549,11332,3940
VTL,25-AUG-2021,1730.0,1795.55,1730.0,1776.6,70974,26830,7217
WABAG,25-AUG-2021,331.1,344.0,331.1,339.6,183361,87605,7734
WABCOINDIA,25-AUG-2021,7115.0,7178.8,7050.0,7107.85,79595,33245,4642
WALCHANNAG,25-AUG-2021,59.0,60.95,59.0,59.75,57618,29685,1326
WATERBASE,25-AUG-2021,114.85,117.7,114.0,115.0,166109,49899,4302
WEBELSOLAR,25-AUG-2021,66.85,67.75,65.25,65.6,101063,59335,1187
WEIZMANIND,25-AUG-2021,44.95,45.45,42.5,45.45,13432,4774,601
WELCORP,25-AUG-2021,116.0,121.35,115.1,120.5,1849176,686366,15541
WELENT,25-AUG-2021,92.9,96.0,91.9,94.9,115828,63694,2917
WELINV,25-AUG-2021,339.95,339.95,333.3,333.95,317,235,53
WELSPUNIND,25-AUG-2021,127.0,129.6,126.0,127.6,1287554,545577,14950
WENDT,25-AUG-2021,4269.45,4298.0,4185.0,4228.85,798,503,279
WESTLIFE,25-AUG-2021,516.15,518.25,509.25,512.65,41611,29331,1933
WHEELS,25-AUG-2021,775.95,833.15,771.0,799.35,24078,11496,1547
WHIRLPOOL,25-AUG-2021,1990.2,2012.0,1975.0,1977.8,103878,69490,10760
WILLAMAGOR,25-AUG-2021,19.7,21.55,19.7,21.05,12900,10325,262
WINDLAS,25-AUG-2021,353.8,356.0,344.7,346.55,237878,78276,7937
WINDMACHIN,25-AUG-2021,31.0,31.35,29.95,30.05,48606,30214,475
WIPRO,25-AUG-2021,635.0,642.8,629.55,631.65,6407718,1360967,109313
WOCKPHARMA,25-AUG-2021,447.1,449.5,434.75,436.75,322359,142270,10260
WONDERLA,25-AUG-2021,236.8,237.5,232.0,233.15,81426,38043,6849
WORTH,25-AUG-2021,98.0,99.0,94.5,95.45,23452,15794,430
WSI,25-AUG-2021,6.7,6.7,6.7,6.7,6551,6551,3
WSTCSTPAPR,25-AUG-2021,233.3,237.0,229.55,233.4,157414,45054,4702
XCHANGING,25-AUG-2021,105.4,113.85,104.0,111.65,1444848,657513,18394
XPROINDIA,25-AUG-2021,317.55,317.55,317.55,317.55,19548,19547,152
YESBANK,25-AUG-2021,10.95,11.15,10.8,10.95,99499009,32546173,107055
ZEEL,25-AUG-2021,173.0,174.5,169.6,170.15,5964565,1620155,37411
ZEELEARN,25-AUG-2021,12.0,12.45,11.9,12.3,2582670,2176324,2409
ZEEMEDIA,25-AUG-2021,8.8,9.2,8.5,8.85,3828701,2863539,3007
ZENITHEXPO,25-AUG-2021,78.0,87.0,76.1,83.0,7850,3093,292
ZENSARTECH,25-AUG-2021,438.0,444.85,427.05,435.3,671782,180026,17394
ZENTEC,25-AUG-2021,84.05,86.0,83.25,85.05,161482,66259,4378
ZODIACLOTH,25-AUG-2021,108.5,110.75,106.35,108.1,25189,13485,668
ZODJRDMKJ,25-AUG-2021,29.15,29.65,27.25,27.7,94,51,12
ZOMATO,25-AUG-2021,126.0,128.5,123.1,124.25,51078811,20265331,205459
ZOTA,25-AUG-2021,326.0,337.0,324.05,330.25,36976,16634,827
ZYDUSWELL,25-AUG-2021,2227.5,2246.0,2210.05,2225.55,17097,9255,2795
