20MICRONS,26-AUG-2021,53.3,54.5,51.6,52.75,65185,35607,1210
21STCENMGM,26-AUG-2021,31.7,31.7,31.7,31.7,46,46,5
3MINDIA,26-AUG-2021,22818.05,23100.0,22760.0,22828.1,1862,1058,1217
5PAISA,26-AUG-2021,452.6,457.0,424.9,441.1,31068,13693,1122
63MOONS,26-AUG-2021,93.15,97.75,90.1,96.8,174075,99337,2677
A2ZINFRA,26-AUG-2021,4.35,4.45,4.2,4.35,270505,120544,780
AAKASH,26-AUG-2021,250.0,257.95,241.05,244.6,87647,32624,799
AAREYDRUGS,26-AUG-2021,40.75,40.75,38.25,38.75,21408,15882,429
AARON,26-AUG-2021,95.8,99.7,93.85,97.6,8070,4754,164
AARTIDRUGS,26-AUG-2021,633.9,633.9,611.25,613.85,162597,59658,9483
AARTIIND,26-AUG-2021,919.9,921.65,903.0,906.85,596477,307540,25870
AARTISURF,26-AUG-2021,1413.0,1427.45,1382.0,1392.5,9839,4819,1769
AARVEEDEN,26-AUG-2021,19.85,19.85,18.3,18.5,30029,24505,132
AARVI,26-AUG-2021,53.0,57.0,52.5,55.75,29149,15235,416
AAVAS,26-AUG-2021,2410.85,2444.0,2371.7,2389.7,59718,30631,9553
ABAN,26-AUG-2021,41.5,42.4,38.3,39.5,128233,49913,1774
ABB,26-AUG-2021,1743.5,1775.7,1722.4,1736.35,91908,32879,10641
ABBOTINDIA,26-AUG-2021,18999.9,19351.5,18760.05,18906.65,11606,3766,4798
ABCAPITAL,26-AUG-2021,107.4,108.75,105.4,106.3,3260971,786952,21740
ABFRL,26-AUG-2021,198.0,202.25,197.1,200.35,1827130,532893,12992
ABSLBANETF,26-AUG-2021,354.91,356.23,354.88,355.18,39,25,10
ABSLNN50ET,26-AUG-2021,406.89,406.89,403.8,405.88,627,620,16
ACC,26-AUG-2021,2270.8,2286.5,2258.25,2275.55,373379,153847,15242
ACCELYA,26-AUG-2021,1290.0,1307.0,1271.2,1284.4,16092,6777,2643
ACCURACY,26-AUG-2021,114.2,114.2,107.0,108.8,14971,9888,790
ACE,26-AUG-2021,221.95,226.7,216.0,217.55,1086408,227590,24179
ACRYSIL,26-AUG-2021,602.8,613.75,589.5,597.65,56339,36264,3374
ADANIENT,26-AUG-2021,1482.0,1494.65,1460.4,1475.7,4678919,702979,79309
ADANIPORTS,26-AUG-2021,725.0,733.0,717.7,721.7,14969643,2474848,201663
ADFFOODS,26-AUG-2021,801.0,803.9,780.0,799.9,9173,4718,1584
ADORWELD,26-AUG-2021,664.0,700.0,655.0,686.7,85177,74035,1325
ADSL,26-AUG-2021,68.95,71.95,68.7,71.35,2247403,815525,17841
ADVANIHOTR,26-AUG-2021,70.9,71.35,69.4,69.7,8757,5440,277
ADVENZYMES,26-AUG-2021,370.6,374.3,361.0,366.05,135501,61416,7253
AEGISCHEM,26-AUG-2021,269.9,270.95,267.0,269.35,230035,115313,9510
AGARIND,26-AUG-2021,295.0,298.35,283.3,288.95,12835,9257,648
AGRITECH,26-AUG-2021,47.1,49.0,46.85,48.85,13323,6604,159
AGROPHOS,26-AUG-2021,15.3,16.0,15.3,15.4,18052,11114,139
AHLADA,26-AUG-2021,170.95,171.0,162.7,163.5,55636,43129,1005
AHLEAST,26-AUG-2021,176.0,176.8,172.55,172.75,1446,1234,73
AHLUCONT,26-AUG-2021,371.9,373.55,370.05,370.95,10360,5575,360
AHLWEST,26-AUG-2021,275.5,279.0,275.5,275.65,307,274,16
AIAENG,26-AUG-2021,1944.0,1945.85,1926.3,1938.9,31398,26105,4446
AJANTPHARM,26-AUG-2021,2256.85,2268.6,2215.85,2234.25,30001,11314,5432
AJOONI,26-AUG-2021,52.8,52.8,50.55,50.95,14904,7548,170
AKASH,26-AUG-2021,153.95,162.0,148.0,155.35,283274,201066,1495
AKG,26-AUG-2021,24.0,24.0,22.75,23.5,2678,1192,40
AKSHARCHEM,26-AUG-2021,412.5,428.0,408.55,413.45,15361,4170,2372
AKZOINDIA,26-AUG-2021,2217.2,2221.0,2199.0,2200.55,1940,1117,546
ALANKIT,26-AUG-2021,15.0,15.2,14.85,15.0,191055,130784,847
ALBERTDAVD,26-AUG-2021,581.0,597.5,573.05,578.65,29944,12737,3033
ALEMBICLTD,26-AUG-2021,105.05,105.9,103.0,103.5,175052,64969,5802
ALICON,26-AUG-2021,782.55,799.0,761.4,782.4,8533,6251,1007
ALKALI,26-AUG-2021,70.5,72.75,70.1,71.85,14129,6532,363
ALKEM,26-AUG-2021,3816.0,3880.0,3791.7,3862.8,138260,59143,10768
ALKYLAMINE,26-AUG-2021,3960.0,3985.0,3926.65,3954.6,139580,70684,16739
ALLCARGO,26-AUG-2021,220.0,228.35,217.5,225.9,1704715,414701,20708
ALLSEC,26-AUG-2021,412.0,423.9,412.0,420.5,11094,7881,443
ALMONDZ,26-AUG-2021,77.75,79.9,73.25,73.75,38475,22060,787
ALOKINDS,26-AUG-2021,21.25,21.45,21.0,21.15,3604603,1568458,5556
ALPA,26-AUG-2021,51.0,53.8,50.3,52.45,31933,20568,449
ALPHAGEO,26-AUG-2021,322.9,359.0,322.9,339.4,145958,40009,5136
AMARAJABAT,26-AUG-2021,676.0,680.0,665.0,666.3,1170802,472598,33482
AMBER,26-AUG-2021,2879.85,2970.0,2850.0,2876.8,39890,12267,7421
AMBICAAGAR,26-AUG-2021,17.2,17.2,15.8,16.3,22898,11259,104
AMBIKCO,26-AUG-2021,1502.1,1512.25,1450.0,1461.25,18483,8885,2711
AMBUJACEM,26-AUG-2021,398.0,400.9,391.15,398.35,3558058,1475532,37635
AMDIND,26-AUG-2021,28.95,28.95,28.3,28.65,20115,16597,105
AMJLAND,26-AUG-2021,28.35,29.8,27.65,29.25,58482,17468,670
AMRUTANJAN,26-AUG-2021,693.0,709.0,691.6,702.9,46236,31590,2992
ANDHRAPAP,26-AUG-2021,228.0,232.6,225.3,226.8,13943,8945,747
ANDHRSUGAR,26-AUG-2021,523.0,535.65,519.9,526.4,41655,16666,1874
ANDREWYU,26-AUG-2021,25.65,25.65,24.4,24.5,38962,24204,398
ANGELBRKG,26-AUG-2021,1141.0,1141.0,1096.25,1110.3,122061,54396,9038
ANIKINDS,26-AUG-2021,18.75,18.75,18.0,18.75,10600,7701,130
ANMOL,26-AUG-2021,173.5,173.8,163.2,168.35,4002,2633,203
ANSALAPI,26-AUG-2021,9.8,10.15,9.75,9.85,177247,104955,293
ANSALHSG,26-AUG-2021,7.0,7.05,6.7,6.8,81131,54676,128
ANUP,26-AUG-2021,969.95,981.05,944.6,951.2,24923,9009,3536
ANURAS,26-AUG-2021,728.0,745.35,724.85,738.2,62271,36815,3010
APARINDS,26-AUG-2021,617.0,626.4,611.05,618.2,29138,13946,2010
APCL,26-AUG-2021,416.5,424.95,404.3,409.65,32235,19294,2069
APCOTEXIND,26-AUG-2021,312.9,318.1,307.0,307.85,53549,38204,2093
APEX,26-AUG-2021,264.9,270.0,262.2,264.05,142326,58147,5467
APLAPOLLO,26-AUG-2021,1552.6,1630.0,1552.6,1617.85,208859,140433,13363
APLLTD,26-AUG-2021,750.7,754.3,733.4,735.85,215912,79230,9889
APOLLO,26-AUG-2021,105.9,108.95,103.5,107.3,126848,37255,6411
APOLLOHOSP,26-AUG-2021,4776.45,4780.0,4646.4,4700.4,800419,335601,46608
APOLLOPIPE,26-AUG-2021,1392.0,1510.0,1381.1,1497.75,495495,182121,36519
APOLLOTYRE,26-AUG-2021,208.8,210.0,206.1,208.85,2845221,734726,28653
APOLSINHOT,26-AUG-2021,819.7,849.0,786.55,821.15,3479,1441,716
APTECHT,26-AUG-2021,284.0,293.95,276.15,279.2,1588748,393319,36002
APTUS,26-AUG-2021,347.0,353.0,345.55,351.55,2794709,1764076,54219
ARCHIDPLY,26-AUG-2021,30.5,32.3,30.5,31.3,4713,2361,169
ARENTERP,26-AUG-2021,30.15,30.15,30.15,30.15,250,250,4
ARIES,26-AUG-2021,144.2,155.05,144.0,152.35,128079,43006,4131
ARIHANT,26-AUG-2021,23.25,25.7,23.15,25.0,9054,2231,260
ARIHANTCAP,26-AUG-2021,142.05,148.0,140.4,143.2,26101,14461,864
ARIHANTSUP,26-AUG-2021,109.45,112.85,108.15,110.05,103663,35324,665
ARMANFIN,26-AUG-2021,685.0,685.0,668.6,671.45,3004,2006,312
AROGRANITE,26-AUG-2021,71.6,72.3,70.05,70.35,41749,25128,1213
ARROWGREEN,26-AUG-2021,126.95,127.95,124.0,127.95,5368,4249,91
ARSHIYA,26-AUG-2021,28.4,28.4,26.6,27.45,122736,18311,1388
ARSSINFRA,26-AUG-2021,29.55,30.3,28.1,29.45,30619,16202,568
ARTEMISMED,26-AUG-2021,336.95,336.95,313.2,318.4,2523,1825,155
ARVIND,26-AUG-2021,91.65,93.45,90.5,91.05,520067,216370,4960
ARVINDFASN,26-AUG-2021,285.9,294.95,282.0,291.4,2299711,638015,33568
ARVSMART,26-AUG-2021,120.9,122.3,117.85,119.2,41904,22962,1020
ASAHIINDIA,26-AUG-2021,348.3,354.95,346.55,352.3,77603,56239,2297
ASAHISONG,26-AUG-2021,342.0,342.0,335.05,336.55,10027,6907,519
ASALCBR,26-AUG-2021,434.95,439.0,425.0,428.45,20768,9516,1744
ASHIANA,26-AUG-2021,152.4,152.4,148.1,149.3,37461,26053,992
ASHIMASYN,26-AUG-2021,17.4,17.7,17.0,17.2,18485,13783,82
ASHOKA,26-AUG-2021,98.3,99.9,97.5,98.4,515441,165772,6010
ASHOKLEY,26-AUG-2021,119.6,119.75,117.0,117.55,8872781,2455870,52372
ASIANHOTNR,26-AUG-2021,77.6,78.9,74.3,77.5,2263,1677,144
ASIANPAINT,26-AUG-2021,3064.0,3084.5,3026.2,3039.65,1319516,654672,71022
ASIANTILES,26-AUG-2021,165.5,167.25,160.0,161.15,427374,129503,4765
ASPINWALL,26-AUG-2021,195.0,199.0,191.05,193.65,5307,2621,264
ASTEC,26-AUG-2021,1308.0,1308.0,1270.0,1300.0,37799,33149,13635
ASTERDM,26-AUG-2021,198.0,198.0,192.05,194.25,2188041,583616,25738
ASTRAL,26-AUG-2021,1980.5,1994.75,1947.6,1971.5,210356,132009,21506
ASTRAMICRO,26-AUG-2021,155.5,161.3,153.0,153.55,334329,130472,5669
ASTRAZEN,26-AUG-2021,3099.0,3114.8,3061.0,3075.85,8826,4148,2616
ASTRON,26-AUG-2021,59.4,60.35,58.45,59.1,163824,59201,2712
ATFL,26-AUG-2021,968.3,987.95,955.0,979.45,11408,6555,1167
ATUL,26-AUG-2021,8940.0,8966.0,8852.5,8885.6,9576,6536,2325
ATULAUTO,26-AUG-2021,197.0,197.0,190.8,191.45,49874,25833,1684
AUBANK,26-AUG-2021,1350.6,1381.95,1335.0,1353.3,1502243,215955,52366
AUROPHARMA,26-AUG-2021,699.95,707.9,693.6,699.1,4731473,1283449,91967
AUTOAXLES,26-AUG-2021,1258.0,1258.0,1231.35,1240.95,7336,4587,1152
AUTOIND,26-AUG-2021,55.9,55.95,53.05,55.95,23799,15659,186
AVADHSUGAR,26-AUG-2021,433.95,451.0,433.95,439.75,114503,23153,4873
AVANTIFEED,26-AUG-2021,568.8,569.5,561.0,564.1,145326,37494,7983
AVTNPL,26-AUG-2021,69.8,71.45,69.0,69.9,96482,48189,1693
AWHCL,26-AUG-2021,343.5,345.0,340.0,340.65,61531,36024,2315
AXISBANK,26-AUG-2021,734.1,750.0,732.35,746.35,6492155,3398002,133607
AXISBNKETF,26-AUG-2021,356.8,358.18,355.16,358.17,240,225,25
AXISBPSETF,26-AUG-2021,10.28,10.29,10.28,10.28,57862,57629,78
AXISCADES,26-AUG-2021,77.8,77.8,72.0,72.45,82092,47202,1209
AXISGOLD,26-AUG-2021,41.05,41.05,40.76,40.81,66958,56958,3052
AXISHCETF,26-AUG-2021,88.0,88.0,86.45,87.84,18968,12738,341
AXISNIFTY,26-AUG-2021,174.0,174.98,173.19,173.83,7155,5486,128
AXISTECETF,26-AUG-2021,349.5,349.99,339.15,346.96,15523,14939,87
AYMSYNTEX,26-AUG-2021,87.0,89.2,87.0,88.5,12687,6470,301
BAFNAPH,26-AUG-2021,132.25,136.0,131.0,135.45,1163,860,60
BAGFILMS,26-AUG-2021,2.8,2.8,2.6,2.6,322567,256186,314
BAJAJ-AUTO,26-AUG-2021,3689.65,3719.65,3670.0,3691.4,283891,141266,23674
BAJAJCON,26-AUG-2021,250.95,257.3,247.0,249.25,774009,263434,15178
BAJAJELEC,26-AUG-2021,1180.0,1188.0,1139.6,1175.75,379915,111254,25349
BAJAJFINSV,26-AUG-2021,16000.5,16124.2,15678.3,15958.8,606882,100469,94129
BAJAJHLDNG,26-AUG-2021,4196.85,4196.85,4077.5,4142.2,36317,15329,5575
BAJFINANCE,26-AUG-2021,6900.0,6993.25,6855.0,6931.95,1234588,358648,109191
BALAJITELE,26-AUG-2021,59.4,63.5,58.7,62.8,511899,184334,6652
BALAMINES,26-AUG-2021,3488.0,3784.7,3475.1,3740.7,495369,129142,65168
BALAXI,26-AUG-2021,560.55,560.55,530.0,536.25,1465,933,221
BALKRISIND,26-AUG-2021,2279.95,2293.15,2245.6,2272.3,195573,95747,13325
BALMLAWRIE,26-AUG-2021,127.15,127.5,125.45,125.8,140017,68214,3262
BALPHARMA,26-AUG-2021,94.9,94.9,91.3,92.2,17134,10682,443
BALRAMCHIN,26-AUG-2021,372.5,378.95,363.75,367.9,2161183,595351,38674
BANARBEADS,26-AUG-2021,66.7,69.8,66.05,66.45,20011,9294,324
BANARISUG,26-AUG-2021,1800.05,1864.0,1785.55,1815.15,6606,3711,604
BANCOINDIA,26-AUG-2021,192.9,202.85,192.5,196.95,824488,234609,16194
BANDHANBNK,26-AUG-2021,265.25,270.0,263.25,265.05,12270555,6264798,68413
BANKA,26-AUG-2021,62.7,65.2,62.7,63.55,3109,1760,96
BANKBARODA,26-AUG-2021,75.1,75.65,73.95,74.1,16730240,2874636,38024
BANKBEES,26-AUG-2021,359.4,360.2,356.2,359.43,348877,205696,5392
BANKINDIA,26-AUG-2021,65.75,66.35,65.1,65.75,2186113,434496,11000
BANSWRAS,26-AUG-2021,164.1,169.0,158.25,160.0,30608,21102,860
BARBEQUE,26-AUG-2021,1085.4,1115.0,1072.0,1091.65,180230,29065,14212
BASF,26-AUG-2021,3499.9,3592.0,3422.25,3440.0,91426,28347,13814
BASML,26-AUG-2021,84.85,85.4,83.9,84.8,15582,12663,189
BATAINDIA,26-AUG-2021,1716.0,1732.55,1701.3,1707.25,288042,93182,14183
BAYERCROP,26-AUG-2021,5424.0,5435.65,5252.0,5282.15,25363,16885,4194
BBL,26-AUG-2021,1320.0,1330.4,1281.25,1298.7,8671,2974,2216
BBTC,26-AUG-2021,1181.4,1223.0,1172.85,1206.2,326441,51845,19393
BCLIND,26-AUG-2021,226.0,232.0,225.5,228.0,109708,54630,4864
BCP,26-AUG-2021,4.1,4.25,3.7,3.75,1751140,1116817,1372
BDL,26-AUG-2021,389.45,404.3,386.1,392.2,1226257,322745,32890
BEARDSELL,26-AUG-2021,13.7,14.55,13.6,13.9,51280,46172,99
BECTORFOOD,26-AUG-2021,403.8,403.8,393.0,394.4,135009,84140,8687
BEDMUTHA,26-AUG-2021,37.55,39.1,36.05,37.9,40025,11263,643
BEL,26-AUG-2021,180.35,182.2,179.4,181.3,7100495,3098415,46522
BEML,26-AUG-2021,1304.7,1317.8,1291.1,1297.95,97562,28624,5099
BEPL,26-AUG-2021,174.1,176.2,171.75,173.15,377991,134364,5639
BERGEPAINT,26-AUG-2021,787.5,798.0,782.85,786.55,1096367,353502,45011
BESTAGRO,26-AUG-2021,648.0,666.9,625.05,655.35,134312,102710,2694
BFINVEST,26-AUG-2021,328.7,333.9,327.0,328.5,22136,5683,1567
BFUTILITIE,26-AUG-2021,386.0,394.0,385.25,389.1,117234,50863,3630
BGRENERGY,26-AUG-2021,51.75,53.15,51.05,52.05,80654,33171,1211
BHAGERIA,26-AUG-2021,242.95,243.4,235.65,236.7,35295,20335,1642
BHAGYANGR,26-AUG-2021,49.75,50.0,48.0,48.2,32386,18102,762
BHAGYAPROP,26-AUG-2021,30.6,30.9,30.3,30.65,7854,6379,76
BHANDARI,26-AUG-2021,2.9,2.9,2.75,2.85,161230,124729,349
BHARATFORG,26-AUG-2021,731.1,735.65,724.0,727.1,878476,304286,23966
BHARATGEAR,26-AUG-2021,122.2,127.5,118.95,122.2,41708,11717,1342
BHARATRAS,26-AUG-2021,12235.15,12325.9,12024.0,12059.25,1212,560,555
BHARTIARTL,26-AUG-2021,610.0,611.5,584.3,586.9,25831904,9428740,309951
BHEL,26-AUG-2021,53.1,53.4,51.8,52.0,22209147,3557641,40020
BIGBLOC,26-AUG-2021,106.95,114.5,106.0,112.7,34188,8351,416
BIL,26-AUG-2021,207.85,211.15,201.7,203.55,1293,505,133
BINDALAGRO,26-AUG-2021,23.6,23.65,22.5,22.65,121554,67010,974
BIOCON,26-AUG-2021,347.65,349.5,340.0,341.0,1697599,287771,22549
BIOFILCHEM,26-AUG-2021,63.85,65.25,62.15,65.25,23392,17000,247
BIRLACORPN,26-AUG-2021,1276.5,1294.0,1260.0,1282.75,85292,59852,7595
BIRLAMONEY,26-AUG-2021,61.95,62.8,59.55,60.1,103978,71650,1209
BIRLATYRE,26-AUG-2021,24.0,24.5,23.75,23.95,137772,90450,1189
BLBLIMITED,26-AUG-2021,9.6,9.7,9.0,9.7,35347,24338,124
BLISSGVS,26-AUG-2021,102.05,103.0,101.6,102.25,192502,89196,3894
BLKASHYAP,26-AUG-2021,25.4,25.5,24.65,25.1,164080,130787,498
BLS,26-AUG-2021,200.0,208.8,196.0,200.7,2060305,489099,34268
BLUEDART,26-AUG-2021,5875.0,5875.0,5606.55,5694.35,51129,21986,6981
BLUESTARCO,26-AUG-2021,783.0,788.6,767.0,775.2,36529,14709,3592
BODALCHEM,26-AUG-2021,103.9,107.4,103.15,105.0,499794,189317,7217
BOMDYEING,26-AUG-2021,85.0,85.8,83.5,84.4,1874119,357739,10946
BOROLTD,26-AUG-2021,210.9,213.25,207.0,209.2,56748,31210,1992
BOSCHLTD,26-AUG-2021,13865.75,13891.35,13600.0,13648.4,22624,11715,7707
BPCL,26-AUG-2021,460.6,471.4,458.6,466.75,7423649,2312859,84496
BPL,26-AUG-2021,31.55,33.45,31.55,32.6,42483,16299,658
BRIGADE,26-AUG-2021,310.9,310.9,303.0,306.15,117061,38749,5506
BRITANNIA,26-AUG-2021,3825.2,3946.95,3825.2,3930.9,1114234,485856,74403
BRNL,26-AUG-2021,31.85,31.85,30.3,30.7,17986,11774,280
BROOKS,26-AUG-2021,126.5,134.7,125.2,126.7,165988,74489,5674
BSE,26-AUG-2021,1082.0,1113.85,1067.05,1101.6,478402,163608,25818
BSL,26-AUG-2021,58.35,58.35,56.25,57.5,9368,5015,262
BSLGOLDETF,26-AUG-2021,4302.05,4319.65,4302.0,4310.0,96,69,36
BSLNIFTY,26-AUG-2021,185.99,185.99,182.05,184.43,819,669,33
BSOFT,26-AUG-2021,410.0,416.0,403.0,405.1,1287968,528608,30072
BURGERKING,26-AUG-2021,169.1,171.3,167.2,170.05,1625352,462523,23903
BYKE,26-AUG-2021,28.0,28.65,27.55,27.65,30280,26835,193
CADILAHC,26-AUG-2021,543.8,547.0,538.65,540.6,2809344,1157949,35718
CAMLINFINE,26-AUG-2021,168.0,171.55,168.0,169.0,231259,87985,9878
CAMS,26-AUG-2021,3208.8,3270.0,3159.95,3243.3,250563,95536,32162
CANBK,26-AUG-2021,151.45,155.15,151.35,152.85,30156307,14816597,88871
CANFINHOME,26-AUG-2021,507.65,523.05,507.65,516.45,1392172,957101,17883
CANTABIL,26-AUG-2021,358.0,363.8,356.45,359.2,31486,29004,508
CAPACITE,26-AUG-2021,155.0,165.3,155.0,159.0,1281468,710378,16574
CAPLIPOINT,26-AUG-2021,743.1,746.8,712.8,717.6,317555,110283,15099
CAPTRUST,26-AUG-2021,89.75,89.75,85.05,88.0,4994,2667,165
CARBORUNIV,26-AUG-2021,742.0,775.0,736.95,760.25,474674,287457,51492
CAREERP,26-AUG-2021,151.8,158.8,147.0,156.15,104429,46561,2663
CARERATING,26-AUG-2021,664.0,680.0,657.0,665.4,145910,62705,10972
CARTRADE,26-AUG-2021,1476.25,1486.3,1425.0,1428.2,405762,220387,36033
CASTROLIND,26-AUG-2021,133.5,136.2,132.9,135.15,762156,418011,8510
CCL,26-AUG-2021,385.9,389.25,372.1,374.55,344563,125391,13752
CEATLTD,26-AUG-2021,1286.0,1286.8,1266.0,1276.2,111945,39272,7811
CELEBRITY,26-AUG-2021,9.9,9.9,9.5,9.6,31828,19560,157
CENTENKA,26-AUG-2021,426.8,426.8,412.8,421.1,28610,17970,1949
CENTEXT,26-AUG-2021,9.05,9.35,8.8,9.1,150240,103060,644
CENTRALBK,26-AUG-2021,20.4,20.55,20.1,20.15,2699449,813988,5395
CENTRUM,26-AUG-2021,34.8,35.4,34.15,35.05,784822,431810,3178
CENTUM,26-AUG-2021,476.0,491.75,474.35,482.35,2347,1056,399
CENTURYPLY,26-AUG-2021,392.5,396.6,388.25,393.6,113828,63698,6978
CENTURYTEX,26-AUG-2021,756.4,769.35,753.6,756.6,450417,179196,9839
CERA,26-AUG-2021,4697.0,4721.3,4550.0,4625.55,36872,28251,4149
CEREBRAINT,26-AUG-2021,55.05,57.9,54.85,57.45,1135905,467935,6494
CESC,26-AUG-2021,760.0,760.6,750.5,757.3,137605,62359,8311
CGCL,26-AUG-2021,521.8,526.9,508.05,514.65,62477,9944,7032
CHALET,26-AUG-2021,163.5,168.0,160.75,165.65,89416,39701,3115
CHAMBLFERT,26-AUG-2021,327.05,334.0,324.25,328.8,674676,212074,14482
CHEMBOND,26-AUG-2021,219.9,225.1,216.0,221.25,23732,12744,778
CHEMCON,26-AUG-2021,443.85,447.1,438.6,441.05,64468,24889,3270
CHEMFAB,26-AUG-2021,155.9,156.0,152.5,154.75,2489,1537,86
CHEMPLASTS,26-AUG-2021,537.0,543.0,528.9,535.35,1246235,675502,35360
CHENNPETRO,26-AUG-2021,104.0,105.05,102.2,102.95,199480,80343,3652
CHOLAFIN,26-AUG-2021,511.0,533.6,510.35,530.75,6374214,1658250,105759
CHOLAHLDNG,26-AUG-2021,645.35,655.0,642.5,650.5,355154,334448,3216
CIGNITITEC,26-AUG-2021,523.5,529.8,515.7,518.1,42305,18428,3400
CIPLA,26-AUG-2021,912.6,916.75,906.3,911.3,1522032,688032,32596
CLEAN,26-AUG-2021,1465.0,1465.0,1422.1,1429.45,315671,137980,25173
CLEDUCATE,26-AUG-2021,127.0,138.45,127.0,131.65,53885,35857,1849
CLNINDIA,26-AUG-2021,546.0,553.45,541.0,542.35,26925,11672,2035
CLSEL,26-AUG-2021,111.0,125.0,109.1,117.1,359738,107014,8811
CMICABLES,26-AUG-2021,49.35,49.9,48.1,48.35,45981,27710,930
COALINDIA,26-AUG-2021,138.85,139.4,136.35,137.3,6845692,2517263,32184
COCHINSHIP,26-AUG-2021,352.55,356.4,349.9,351.85,227465,93178,8384
COFFEEDAY,26-AUG-2021,29.5,29.95,27.5,27.5,974450,761510,4534
COFORGE,26-AUG-2021,5000.0,5125.0,4915.0,4968.75,510288,87681,48302
COLPAL,26-AUG-2021,1654.6,1668.0,1646.25,1654.4,335230,173014,17026
COMPINFO,26-AUG-2021,25.85,26.5,24.8,25.45,187616,109419,1249
COMPUSOFT,26-AUG-2021,13.7,13.95,13.5,13.75,78696,49739,440
CONCOR,26-AUG-2021,648.7,664.6,644.35,653.05,2850012,627012,51326
CONFIPET,26-AUG-2021,68.6,75.8,66.35,72.8,6870006,2383364,42905
CONSOFINVT,26-AUG-2021,125.95,125.95,122.2,123.6,6865,4929,107
CONTROLPR,26-AUG-2021,362.0,362.0,336.2,341.75,19610,9747,919
CORALFINAC,26-AUG-2021,40.5,41.3,39.0,39.8,14479,9859,245
CORDSCABLE,26-AUG-2021,53.5,54.1,51.4,52.15,62476,32696,1236
COROMANDEL,26-AUG-2021,773.7,783.6,764.95,767.8,468386,257566,21583
COSMOFILMS,26-AUG-2021,1264.9,1288.65,1242.1,1252.2,78110,40846,5798
COUNCODOS,26-AUG-2021,2.75,2.9,2.75,2.85,74918,58757,167
CPSEETF,26-AUG-2021,24.55,25.5,24.45,25.17,701002,640657,8088
CRAFTSMAN,26-AUG-2021,1905.0,1945.0,1905.0,1922.6,7926,4427,1480
CREATIVEYE,26-AUG-2021,2.7,2.7,2.7,2.7,3311,3311,5
CREDITACC,26-AUG-2021,605.3,666.45,592.95,658.3,705580,246117,27669
CRISIL,26-AUG-2021,2787.3,2860.0,2701.3,2736.5,120651,27192,14299
CROMPTON,26-AUG-2021,462.5,467.0,450.1,460.0,984236,650170,36030
CSBBANK,26-AUG-2021,299.0,304.0,297.85,299.2,244245,133430,4957
CTE,26-AUG-2021,52.5,53.25,51.05,53.25,45635,32044,383
CUB,26-AUG-2021,146.45,147.2,144.2,144.55,1113048,657251,18468
CUBEXTUB,26-AUG-2021,19.65,19.8,19.05,19.8,5519,3431,46
CUMMINSIND,26-AUG-2021,996.0,997.55,979.0,981.1,997156,411589,23399
CUPID,26-AUG-2021,232.7,233.8,227.65,228.5,23821,13881,890
CYBERTECH,26-AUG-2021,170.45,174.45,163.8,167.0,108468,48906,4436
CYIENT,26-AUG-2021,953.5,973.8,938.0,942.7,151853,68099,17766
DAAWAT,26-AUG-2021,68.85,69.3,66.55,67.25,712122,278441,7198
DABUR,26-AUG-2021,599.95,609.2,598.95,605.5,1793401,705570,30616
DALBHARAT,26-AUG-2021,2046.35,2051.65,1992.75,2042.7,370422,311063,9450
DALMIASUG,26-AUG-2021,430.95,446.9,429.8,442.4,354675,97351,14981
DANGEE,26-AUG-2021,187.45,187.45,183.5,185.1,3825,1157,242
DATAMATICS,26-AUG-2021,278.85,302.3,273.95,302.3,679476,395364,12688
DBCORP,26-AUG-2021,85.5,85.9,82.8,82.95,228309,130909,4729
DBL,26-AUG-2021,514.0,516.8,506.25,514.75,138098,33568,3900
DBREALTY,26-AUG-2021,23.5,23.5,20.45,20.75,699115,492168,2185
DCAL,26-AUG-2021,183.95,186.6,181.4,183.15,175364,89803,3898
DCBBANK,26-AUG-2021,87.4,87.55,83.55,83.95,812032,519465,8898
DCMNVL,26-AUG-2021,227.0,227.0,215.1,217.35,50057,33796,1247
DCMSHRIRAM,26-AUG-2021,870.0,899.0,869.65,877.65,120653,53659,12462
DCW,26-AUG-2021,33.8,34.9,33.6,34.3,584410,233122,2595
DECCANCE,26-AUG-2021,709.3,714.0,694.1,700.45,29713,15770,3335
DEEPAKNTR,26-AUG-2021,2095.0,2097.8,2068.9,2086.35,444663,137317,26995
DEEPINDS,26-AUG-2021,139.45,145.0,136.8,138.5,122848,45529,5480
DELTACORP,26-AUG-2021,176.5,176.85,172.55,173.85,1240932,492457,13447
DELTAMAGNT,26-AUG-2021,52.6,55.95,52.6,53.6,6307,4541,154
DEN,26-AUG-2021,46.9,47.65,46.0,46.5,531742,317604,4746
DENORA,26-AUG-2021,325.0,336.9,316.55,334.95,47658,15504,1867
DEVYANI,26-AUG-2021,113.5,114.75,111.6,112.1,3919088,1240545,28312
DFMFOODS,26-AUG-2021,342.75,342.75,335.2,336.4,20314,10534,1523
DHAMPURSUG,26-AUG-2021,318.8,327.8,316.0,317.95,375914,105383,9979
DHANBANK,26-AUG-2021,14.9,15.3,14.7,14.9,614494,223060,1393
DHANI,26-AUG-2021,186.0,191.5,185.7,186.7,731190,243759,7581
DHANUKA,26-AUG-2021,875.0,875.15,842.5,855.2,47357,24279,3283
DHUNINV,26-AUG-2021,635.7,635.7,603.3,611.7,1582,1023,148
DIAMONDYD,26-AUG-2021,684.0,687.85,675.0,678.95,7254,2039,1240
DICIND,26-AUG-2021,461.0,465.05,451.2,454.55,3107,2377,283
DISHTV,26-AUG-2021,13.05,13.15,12.55,12.75,6013603,4092832,6370
DIVISLAB,26-AUG-2021,4855.0,4877.2,4829.0,4846.7,281990,149802,28369
DIXON,26-AUG-2021,3871.0,4088.0,3841.45,4042.7,530804,203744,61782
DLF,26-AUG-2021,309.0,311.5,305.25,307.55,8282325,1336699,64330
DLINKINDIA,26-AUG-2021,128.95,129.0,126.0,128.35,169290,57675,6993
DMART,26-AUG-2021,3814.0,3889.8,3800.05,3847.8,532719,223055,48787
DNAMEDIA,26-AUG-2021,1.85,1.85,1.85,1.85,6962,6913,30
DODLA,26-AUG-2021,557.7,560.0,548.45,552.15,39001,10626,4535
DOLAT,26-AUG-2021,93.25,97.3,93.25,95.35,206348,102354,4036
DOLLAR,26-AUG-2021,354.7,355.05,347.0,348.2,73985,30966,3106
DONEAR,26-AUG-2021,52.15,55.9,52.15,54.95,199901,126911,1653
DPABHUSHAN,26-AUG-2021,209.4,209.4,200.35,202.75,8148,2005,1101
DPSCLTD,26-AUG-2021,14.5,14.85,14.4,14.45,20034,13751,209
DPWIRES,26-AUG-2021,216.0,218.95,210.65,215.65,15839,10652,581
DRCSYSTEMS,26-AUG-2021,295.0,299.0,273.15,283.65,2887,2369,197
DREDGECORP,26-AUG-2021,356.0,358.75,346.55,349.6,85600,18988,5214
DRREDDY,26-AUG-2021,4548.95,4554.9,4486.4,4503.5,481719,282100,49526
DSSL,26-AUG-2021,127.4,127.4,122.15,123.3,9288,5499,314
DTIL,26-AUG-2021,293.55,293.55,272.1,282.05,5055,2646,618
DVL,26-AUG-2021,272.8,274.9,267.5,268.6,34938,18362,1707
DWARKESH,26-AUG-2021,73.0,74.6,71.5,71.9,3239697,1045707,22142
DYNAMATECH,26-AUG-2021,2174.7,2444.0,2152.3,2392.95,155937,58990,20296
DYNPRO,26-AUG-2021,569.7,570.65,544.95,548.5,44207,27140,2330
EASEMYTRIP,26-AUG-2021,428.0,438.4,428.0,436.05,593212,240306,14646
EASTSILK,26-AUG-2021,3.9,4.1,3.9,4.0,87625,59040,116
EBANK,26-AUG-2021,3979.48,3979.48,3793.32,3907.11,69,6,15
EBBETF0423,26-AUG-2021,1145.08,1145.99,1144.05,1145.81,4191,3148,66
EBBETF0425,26-AUG-2021,1065.0,1066.99,1064.54,1065.77,1907,1819,236
EBBETF0430,26-AUG-2021,1165.0,1168.0,1164.0,1166.89,8509,6609,103
EBBETF0431,26-AUG-2021,1048.0,1049.0,1045.3,1046.36,14534,14230,104
EBIXFOREX,26-AUG-2021,582.0,599.0,530.3,555.7,5531,2461,667
EDELWEISS,26-AUG-2021,78.7,82.0,78.3,81.15,1527436,620715,10119
EICHERMOT,26-AUG-2021,2564.5,2585.0,2546.5,2578.75,440543,162915,28256
EIDPARRY,26-AUG-2021,420.7,423.75,410.25,414.55,356415,116314,12124
EIHAHOTELS,26-AUG-2021,310.0,312.0,304.85,306.95,2747,1312,297
EIHOTEL,26-AUG-2021,105.7,105.7,103.35,104.1,134295,81336,1625
EIMCOELECO,26-AUG-2021,420.75,428.3,416.65,420.0,3970,2067,345
ELECON,26-AUG-2021,160.0,168.2,159.1,164.6,1220602,368222,16024
ELECTCAST,26-AUG-2021,35.0,36.6,35.0,35.4,381464,202457,2298
ELECTHERM,26-AUG-2021,125.95,126.0,121.0,122.2,11062,4317,322
ELGIEQUIP,26-AUG-2021,195.15,200.05,192.0,193.35,131340,48041,3304
ELGIRUBCO,26-AUG-2021,35.6,37.5,34.05,36.6,84191,51635,412
EMAMILTD,26-AUG-2021,588.5,597.25,580.0,593.15,264865,102780,16173
EMAMIPAP,26-AUG-2021,174.8,177.55,171.0,172.55,89332,22293,4331
EMAMIREAL,26-AUG-2021,63.35,65.15,63.0,63.4,20975,13639,420
EMKAY,26-AUG-2021,120.7,122.85,120.0,120.55,52879,25895,2074
EMMBI,26-AUG-2021,101.4,104.95,100.55,103.4,52787,27677,1697
ENDURANCE,26-AUG-2021,1656.1,1717.0,1626.0,1691.5,52473,29305,8705
ENERGYDEV,26-AUG-2021,9.55,9.7,9.2,9.7,39767,31106,213
ENGINERSIN,26-AUG-2021,69.45,69.95,69.1,69.5,799944,392725,4417
ENIL,26-AUG-2021,180.15,182.9,177.25,178.6,27268,7234,2837
EPL,26-AUG-2021,228.0,231.4,227.5,230.05,411173,348400,5069
EQ30,26-AUG-2021,397.0,400.0,396.0,398.5,362,306,90
EQUITAS,26-AUG-2021,119.45,119.5,115.5,116.1,431159,256764,8464
EQUITASBNK,26-AUG-2021,58.5,59.25,58.1,58.65,302362,129922,2988
ERIS,26-AUG-2021,725.0,736.0,723.0,726.15,19248,7919,1912
EROSMEDIA,26-AUG-2021,18.05,18.35,17.65,17.9,239534,188863,952
ESABINDIA,26-AUG-2021,1969.0,2295.0,1940.0,2264.1,405446,63739,45008
ESCORTS,26-AUG-2021,1341.5,1352.1,1328.5,1343.15,1837948,490358,71392
ESSARSHPNG,26-AUG-2021,9.9,9.9,9.6,9.75,32747,23152,217
ESTER,26-AUG-2021,134.9,140.6,133.1,133.8,350684,99420,9727
EVEREADY,26-AUG-2021,345.2,348.35,331.75,333.3,224731,105282,5585
EVERESTIND,26-AUG-2021,436.9,454.5,432.35,445.9,85288,33265,4088
EXCELINDUS,26-AUG-2021,1058.7,1079.95,1048.2,1066.55,20449,5830,4429
EXIDEIND,26-AUG-2021,160.0,161.0,157.05,157.3,3605295,1725631,32951
FACT,26-AUG-2021,119.15,120.05,117.6,118.4,91486,30381,3508
FAIRCHEMOR,26-AUG-2021,1874.0,1874.0,1792.0,1811.85,12189,6739,2068
FCL,26-AUG-2021,99.65,101.4,97.25,97.8,587384,116475,9712
FCONSUMER,26-AUG-2021,6.9,6.95,6.8,6.8,2313862,1030025,2389
FDC,26-AUG-2021,335.95,339.0,329.55,336.25,86201,40503,3807
FEDERALBNK,26-AUG-2021,80.5,80.6,78.0,78.2,10575502,3967931,29066
FEL,26-AUG-2021,8.4,8.75,8.35,8.45,441965,199570,780
FELDVR,26-AUG-2021,11.4,11.95,11.25,11.95,84096,53976,231
FIEMIND,26-AUG-2021,956.6,969.8,941.15,961.35,48689,20798,4287
FILATEX,26-AUG-2021,90.1,95.8,90.1,94.0,747435,348846,6572
FINCABLES,26-AUG-2021,457.9,460.45,452.15,454.65,171690,111480,7495
FINEORG,26-AUG-2021,2827.95,2875.0,2800.0,2854.25,28966,21611,4482
FINPIPE,26-AUG-2021,168.95,170.15,167.8,169.15,575174,418662,16090
FLEXITUFF,26-AUG-2021,16.3,16.3,15.5,15.95,2682,2458,45
FLFL,26-AUG-2021,51.9,51.9,50.6,50.95,103139,57236,1086
FLUOROCHEM,26-AUG-2021,1727.65,1743.95,1685.25,1699.25,78582,45182,6681
FMGOETZE,26-AUG-2021,273.0,278.9,267.85,277.35,77463,28908,2692
FMNL,26-AUG-2021,7.8,8.1,7.75,7.8,438379,266860,696
FORCEMOT,26-AUG-2021,1290.0,1368.0,1290.0,1339.0,196700,20628,18027
FORTIS,26-AUG-2021,282.0,283.6,274.4,277.55,2438316,550517,28380
FOSECOIND,26-AUG-2021,1456.0,1498.95,1440.1,1446.15,3568,1740,377
FRETAIL,26-AUG-2021,44.9,46.25,44.65,45.45,1092162,563865,6675
FSC,26-AUG-2021,62.55,64.95,62.5,62.9,46934,23596,1262
FSL,26-AUG-2021,183.0,184.45,179.0,180.55,3476598,864328,31540
GABRIEL,26-AUG-2021,136.2,139.0,134.6,136.95,1065702,383457,13871
GAEL,26-AUG-2021,164.75,168.8,162.4,166.45,388339,163204,5732
GAIL,26-AUG-2021,144.9,145.3,141.4,142.65,9753061,4257891,49510
GAL,26-AUG-2021,2.85,3.1,2.75,3.1,1777397,1135335,720
GALAXYSURF,26-AUG-2021,3089.1,3120.0,3065.45,3093.65,23455,9144,4602
GALLANTT,26-AUG-2021,68.1,69.9,63.5,65.9,44357,21592,1020
GALLISPAT,26-AUG-2021,54.1,55.8,53.5,53.7,35169,16356,785
GANDHITUBE,26-AUG-2021,492.0,497.0,487.75,492.6,19800,13665,1207
GANECOS,26-AUG-2021,507.05,510.4,500.1,507.0,11132,8485,558
GANESHHOUC,26-AUG-2021,117.05,124.85,115.05,122.6,45026,26687,699
GANGAFORGE,26-AUG-2021,133.0,133.6,132.25,133.25,82396,40952,309
GANGESSECU,26-AUG-2021,83.75,84.5,81.0,83.15,3893,1835,265
GARFIBRES,26-AUG-2021,3155.0,3160.65,3102.15,3126.5,12618,8745,4364
GATI,26-AUG-2021,142.3,144.0,136.8,138.05,644161,204640,12229
GAYAPROJ,26-AUG-2021,41.55,43.3,41.3,42.55,1950617,1005681,4755
GEECEE,26-AUG-2021,142.85,142.85,138.15,139.75,23931,13338,913
GEEKAYWIRE,26-AUG-2021,90.5,90.5,84.2,86.5,23122,17778,232
GENCON,26-AUG-2021,42.7,43.6,42.0,42.25,7940,3215,151
GENESYS,26-AUG-2021,129.65,131.9,125.1,126.55,14288,8965,358
GENUSPOWER,26-AUG-2021,60.0,61.6,58.75,58.8,799222,350505,7924
GEOJITFSL,26-AUG-2021,80.8,81.6,78.65,79.7,296695,125651,5717
GEPIL,26-AUG-2021,301.0,321.4,301.0,316.8,141099,67618,5154
GESHIP,26-AUG-2021,342.7,352.0,334.8,346.95,1709010,469921,39576
GET&D,26-AUG-2021,135.35,152.9,134.2,145.7,3483075,546836,46169
GFLLIMITED,26-AUG-2021,68.75,70.45,67.05,67.4,51201,26704,1020
GHCL,26-AUG-2021,360.0,360.0,348.0,351.5,286878,186975,6750
GICHSGFIN,26-AUG-2021,145.0,145.5,141.5,142.5,349396,120622,6528
GICRE,26-AUG-2021,161.05,164.95,155.1,160.9,7969671,522123,79264
GILLETTE,26-AUG-2021,5815.15,5884.7,5786.0,5800.2,10061,6999,2144
GINNIFILA,26-AUG-2021,31.5,31.85,29.65,30.25,103127,69783,558
GIPCL,26-AUG-2021,83.45,83.6,81.45,81.7,245254,150833,3714
GKWLIMITED,26-AUG-2021,689.0,689.0,637.35,643.45,520,252,157
GLAND,26-AUG-2021,3858.6,3920.35,3841.0,3876.45,454556,339676,23828
GLAXO,26-AUG-2021,1530.4,1535.0,1512.5,1516.6,20132,9120,3193
GLENMARK,26-AUG-2021,519.8,524.3,511.05,512.85,1079304,412015,23434
GLFL,26-AUG-2021,2.4,2.5,2.4,2.4,33135,33135,17
GLOBAL,26-AUG-2021,48.4,48.4,45.1,46.1,2968,1671,67
GLOBALVECT,26-AUG-2021,49.95,51.25,47.5,47.9,22979,12574,440
GLS,26-AUG-2021,679.9,684.0,668.0,670.45,148919,78862,8321
GMBREW,26-AUG-2021,550.15,557.0,545.1,548.35,12124,5617,1159
GMDCLTD,26-AUG-2021,63.25,63.3,62.3,62.85,314414,149901,2521
GMMPFAUDLR,26-AUG-2021,4335.0,4425.0,4329.15,4365.2,34332,16266,6102
GMRINFRA,26-AUG-2021,28.85,29.1,28.6,28.75,6055787,845718,36689
GNA,26-AUG-2021,670.2,692.0,666.5,680.4,60354,30015,3229
GNFC,26-AUG-2021,319.15,327.5,318.0,319.1,474574,264448,16658
GOACARBON,26-AUG-2021,383.95,390.95,371.2,374.0,19407,7937,1113
GOCLCORP,26-AUG-2021,259.25,261.55,247.55,249.75,22495,14924,702
GODFRYPHLP,26-AUG-2021,986.0,997.45,977.0,984.45,16203,6233,1662
GODREJAGRO,26-AUG-2021,631.7,633.8,623.75,625.65,98804,28830,7815
GODREJCP,26-AUG-2021,1045.95,1074.85,1028.7,1042.65,4201220,1463597,101547
GODREJIND,26-AUG-2021,546.5,557.65,543.0,552.05,342821,156002,9826
GODREJPROP,26-AUG-2021,1440.0,1477.75,1433.3,1465.25,756332,247657,32439
GOKEX,26-AUG-2021,189.0,193.0,182.3,185.35,60136,34895,2167
GOKUL,26-AUG-2021,29.8,30.4,27.1,28.85,72467,36596,788
GOKULAGRO,26-AUG-2021,39.15,39.65,38.1,38.5,67658,41950,616
GOLDBEES,26-AUG-2021,44.4,44.4,40.68,40.8,1741050,1315332,16321
GOLDENTOBC,26-AUG-2021,69.2,76.4,69.2,76.4,255042,119582,2060
GOLDIAM,26-AUG-2021,691.05,695.0,661.05,668.2,43098,26169,2954
GOLDSHARE,26-AUG-2021,41.05,41.25,41.0,41.05,51204,43444,295
GOLDTECH,26-AUG-2021,15.1,15.25,14.8,15.25,132733,82486,502
GOODLUCK,26-AUG-2021,266.4,273.3,261.15,267.5,147483,54349,3130
GOODYEAR,26-AUG-2021,1015.2,1015.2,998.25,1008.35,17233,8554,1959
GPPL,26-AUG-2021,102.0,102.6,100.0,100.35,175371,94636,3820
GPTINFRA,26-AUG-2021,91.45,92.8,86.05,87.45,61740,19223,2367
GRANULES,26-AUG-2021,331.0,333.3,324.6,326.35,1672407,428878,20402
GRAPHITE,26-AUG-2021,633.15,646.0,605.2,614.8,533427,224284,17923
GRASIM,26-AUG-2021,1446.1,1459.75,1430.05,1439.05,936935,375176,39185
GRAUWEIL,26-AUG-2021,61.4,61.4,57.45,58.15,70272,47331,932
GRAVITA,26-AUG-2021,201.4,201.5,194.1,195.65,380358,180553,6071
GREAVESCOT,26-AUG-2021,133.3,133.9,130.7,131.2,848432,285024,12234
GREENLAM,26-AUG-2021,1350.0,1388.05,1350.0,1364.95,5410,2335,1122
GREENPLY,26-AUG-2021,174.95,189.15,174.6,186.75,940951,271920,16174
GREENPOWER,26-AUG-2021,3.0,3.05,2.95,3.0,1305910,607931,1427
GRINDWELL,26-AUG-2021,1260.45,1274.0,1226.25,1251.85,52443,28710,8148
GRINFRA,26-AUG-2021,1586.0,1594.95,1560.5,1579.45,27255,6713,3539
GROBTEA,26-AUG-2021,1015.5,1074.0,1005.5,1051.65,778,374,195
GRPLTD,26-AUG-2021,969.45,980.0,950.0,973.95,5383,503,1495
GRSE,26-AUG-2021,186.7,187.65,184.55,185.6,203003,134635,6477
GSCLCEMENT,26-AUG-2021,49.55,50.2,48.1,48.35,135657,80867,1847
GSFC,26-AUG-2021,100.35,101.45,99.4,99.8,733585,363380,6778
GSPL,26-AUG-2021,349.95,350.0,342.0,346.7,677640,390318,24212
GSS,26-AUG-2021,64.2,66.25,63.15,65.1,359784,137633,2323
GTNTEX,26-AUG-2021,7.55,7.55,7.55,7.55,228,228,5
GTPL,26-AUG-2021,225.05,228.7,222.65,223.5,71550,33623,1635
GUFICBIO,26-AUG-2021,189.8,190.0,183.3,185.2,147020,85533,3955
GUJALKALI,26-AUG-2021,436.5,445.7,435.55,437.3,92070,31417,3961
GUJAPOLLO,26-AUG-2021,211.0,220.0,211.0,215.85,7357,3459,219
GUJGASLTD,26-AUG-2021,714.8,718.8,704.0,708.75,1420984,377147,33075
GULFOILLUB,26-AUG-2021,599.0,600.0,585.15,593.85,49782,21690,4009
GULFPETRO,26-AUG-2021,52.45,53.4,50.4,51.4,42939,23066,691
HAL,26-AUG-2021,1256.95,1311.0,1251.0,1289.6,2687137,517187,112434
HAPPSTMNDS,26-AUG-2021,1438.9,1467.5,1426.05,1437.65,1008215,352773,44273
HARRMALAYA,26-AUG-2021,190.2,223.0,188.95,200.15,809245,102882,24854
HATHWAY,26-AUG-2021,23.3,23.45,23.0,23.2,1264583,465703,2835
HATSUN,26-AUG-2021,1019.0,1038.0,1008.6,1033.45,180230,73708,10517
HAVELLS,26-AUG-2021,1207.7,1220.85,1191.0,1215.0,1413269,389037,48413
HBANKETF,26-AUG-2021,361.0,361.0,350.0,357.55,2059,1562,96
HBLPOWER,26-AUG-2021,46.7,46.95,45.4,45.85,397350,172583,3646
HBSL,26-AUG-2021,37.1,39.0,37.1,39.0,26760,15752,112
HCC,26-AUG-2021,9.7,9.75,9.5,9.6,1198950,773252,3129
HCG,26-AUG-2021,225.95,226.0,220.55,221.45,72805,49680,2861
HCL-INSYS,26-AUG-2021,13.35,13.35,12.45,12.7,400634,227292,1728
HCLTECH,26-AUG-2021,1159.9,1172.0,1155.0,1167.45,4654833,2391178,100869
HDFC,26-AUG-2021,2711.25,2720.0,2682.2,2700.35,1855274,1136547,60397
HDFCAMC,26-AUG-2021,2965.0,2987.7,2956.95,2977.6,188007,91065,14682
HDFCBANK,26-AUG-2021,1550.0,1571.0,1543.45,1554.8,5559501,3023297,200243
HDFCLIFE,26-AUG-2021,693.4,702.0,690.0,698.85,7671524,3656266,159763
HDFCMFGETF,26-AUG-2021,42.1,42.1,41.85,41.86,127114,81391,641
HDFCNIFETF,26-AUG-2021,180.0,180.0,175.95,177.28,23178,14630,324
HDFCSENETF,26-AUG-2021,611.99,611.99,602.21,609.7,2207,1167,213
HEG,26-AUG-2021,2196.05,2242.75,2175.0,2204.3,115910,75694,10046
HEIDELBERG,26-AUG-2021,257.7,259.9,253.8,259.4,74695,38135,2735
HEMIPROP,26-AUG-2021,128.9,128.9,125.1,125.6,364425,139853,7231
HERANBA,26-AUG-2021,786.8,797.0,772.0,786.25,106363,43153,7187
HERCULES,26-AUG-2021,135.0,139.0,134.0,137.45,87715,32165,3748
HERITGFOOD,26-AUG-2021,453.9,457.1,445.0,447.1,93946,24412,5963
HEROMOTOCO,26-AUG-2021,2675.0,2680.0,2642.5,2647.55,445529,254785,33550
HESTERBIO,26-AUG-2021,2223.0,2360.0,2223.0,2306.1,14163,3808,3133
HGINFRA,26-AUG-2021,559.85,562.0,542.0,548.45,78377,44118,6050
HIKAL,26-AUG-2021,629.0,644.0,616.5,631.1,332967,114357,12964
HIL,26-AUG-2021,5382.5,5454.65,5300.0,5412.85,5141,2885,1696
HILTON,26-AUG-2021,11.35,11.7,10.7,11.45,12232,8386,132
HINDALCO,26-AUG-2021,431.5,432.3,420.8,424.1,7695674,2050288,67251
HINDCOMPOS,26-AUG-2021,293.55,329.0,293.55,309.45,42644,10028,1883
HINDCON,26-AUG-2021,67.2,67.2,62.0,63.8,21697,13543,460
HINDCOPPER,26-AUG-2021,117.15,117.15,114.25,115.4,2017377,688011,20205
HINDMOTORS,26-AUG-2021,7.95,7.95,7.75,7.8,73787,51000,435
HINDOILEXP,26-AUG-2021,166.45,169.7,161.55,164.1,666217,244594,9331
HINDPETRO,26-AUG-2021,258.25,258.45,253.65,255.5,2031157,784959,25817
HINDUNILVR,26-AUG-2021,2631.0,2697.8,2631.0,2666.4,2117291,776592,104569
HINDZINC,26-AUG-2021,315.0,317.0,312.0,315.3,641303,290418,11028
HIRECT,26-AUG-2021,200.0,209.9,195.5,198.55,1603957,285938,50506
HISARMETAL,26-AUG-2021,122.85,124.4,120.0,122.0,22044,6460,1295
HITECH,26-AUG-2021,563.4,578.0,561.0,569.5,97475,31434,6409
HITECHCORP,26-AUG-2021,202.0,208.5,200.05,205.4,1961,1091,142
HITECHGEAR,26-AUG-2021,257.7,264.0,252.0,257.95,6007,4240,301
HLEGLAS,26-AUG-2021,3510.0,4140.0,3510.0,3996.35,126263,36562,20916
HLVLTD,26-AUG-2021,8.05,8.35,7.6,8.1,146352,86578,493
HMVL,26-AUG-2021,78.0,78.5,77.0,77.4,119415,72937,2802
HNGSNGBEES,26-AUG-2021,333.0,336.55,327.0,328.09,10530,8157,348
HOMEFIRST,26-AUG-2021,569.05,580.85,548.8,559.85,278313,253124,7763
HONAUT,26-AUG-2021,39598.0,40299.95,39188.25,39882.5,1515,638,1027
HONDAPOWER,26-AUG-2021,1261.0,1267.05,1230.0,1238.55,5710,2703,1070
HPL,26-AUG-2021,66.1,68.2,66.1,67.1,82730,61170,949
HSCL,26-AUG-2021,45.25,45.55,44.25,44.45,2129695,764398,10418
HSIL,26-AUG-2021,219.45,222.0,209.3,216.55,210561,74501,7815
HTMEDIA,26-AUG-2021,23.85,23.95,23.3,23.5,228914,169689,901
HUDCO,26-AUG-2021,41.1,41.1,40.65,40.9,781362,466686,3685
HUHTAMAKI,26-AUG-2021,262.0,265.85,262.0,264.3,32688,16128,1517
IBMFNIFTY,26-AUG-2021,160.26,161.79,158.5,159.72,625,380,76
IBREALEST,26-AUG-2021,137.55,138.3,133.6,134.6,3986680,1580547,32314
IBULHSGFIN,26-AUG-2021,223.6,225.75,217.25,219.0,11691183,1961276,74753
ICEMAKE,26-AUG-2021,76.0,76.0,71.55,72.15,8193,6304,154
ICICI500,26-AUG-2021,234.45,234.45,232.0,233.1,2200,2056,127
ICICIALPLV,26-AUG-2021,170.0,172.0,169.7,169.81,7441,3391,199
ICICIB22,26-AUG-2021,39.32,39.94,39.32,39.61,171922,163999,1507
ICICIBANK,26-AUG-2021,692.05,701.55,690.0,698.8,10756731,5562153,172604
ICICIBANKN,26-AUG-2021,369.7,369.7,353.05,355.23,1591,879,150
ICICIBANKP,26-AUG-2021,185.94,185.94,180.0,181.2,28089,25312,86
ICICIFMCG,26-AUG-2021,419.0,419.0,380.0,389.68,6225,4868,194
ICICIGI,26-AUG-2021,1461.1,1485.0,1448.0,1471.15,777720,392161,38262
ICICIGOLD,26-AUG-2021,42.43,42.43,41.68,41.74,162067,124475,1837
ICICILIQ,26-AUG-2021,999.99,1000.0,999.99,1000.0,35851,19045,196
ICICILOVOL,26-AUG-2021,131.68,137.5,131.68,135.84,89582,85043,836
ICICIM150,26-AUG-2021,106.35,106.35,103.3,104.88,26437,23778,291
ICICIMCAP,26-AUG-2021,98.97,98.97,97.0,98.0,19175,16941,221
ICICINF100,26-AUG-2021,184.99,184.99,180.12,182.62,3964,1872,292
ICICINIFTY,26-AUG-2021,188.48,189.0,177.9,178.3,69409,58575,3442
ICICINV20,26-AUG-2021,92.19,92.19,85.7,91.32,9554,6112,1343
ICICINXT50,26-AUG-2021,40.99,40.99,40.28,40.68,20969,12664,886
ICICIPHARM,26-AUG-2021,88.0,89.3,87.3,88.29,6343,5872,111
ICICIPRULI,26-AUG-2021,651.1,656.75,645.3,651.85,2039779,1206164,39076
ICICISENSX,26-AUG-2021,610.0,610.99,600.1,608.37,712,680,79
ICICITECH,26-AUG-2021,367.3,367.3,345.0,346.27,576615,552629,1266
ICIL,26-AUG-2021,241.0,245.2,234.6,236.0,258331,102711,6845
ICRA,26-AUG-2021,3625.0,3730.0,3625.0,3636.4,10442,8888,660
IDBI,26-AUG-2021,37.7,38.1,37.55,37.95,5560474,2130788,33257
IDBIGOLD,26-AUG-2021,4339.0,4339.0,4310.0,4337.55,422,370,59
IDEA,26-AUG-2021,6.25,6.3,5.8,5.9,282965357,97710739,216225
IDFC,26-AUG-2021,47.15,47.75,46.5,47.35,12708267,7157920,21450
IDFCFIRSTB,26-AUG-2021,42.65,42.9,41.85,42.2,22442384,5340925,36402
IDFNIFTYET,26-AUG-2021,179.7,179.7,174.21,174.56,588,577,16
IEX,26-AUG-2021,431.35,443.7,431.05,440.75,5809193,3551927,51855
IFBAGRO,26-AUG-2021,545.7,551.4,541.0,548.75,7173,3931,702
IFBIND,26-AUG-2021,893.0,927.0,877.0,908.5,24477,8480,2776
IFCI,26-AUG-2021,11.7,11.75,11.2,11.25,1363062,720218,14030
IFGLEXPOR,26-AUG-2021,307.0,316.9,306.0,309.75,50899,35539,2356
IGARASHI,26-AUG-2021,486.5,531.8,485.0,517.4,728789,147285,27632
IGL,26-AUG-2021,524.85,528.6,521.4,524.35,840207,384618,14756
IGPL,26-AUG-2021,574.3,588.95,567.9,581.5,52167,32262,3521
IIFLSEC,26-AUG-2021,96.75,99.55,93.45,94.3,354161,181775,4403
IIFLWAM,26-AUG-2021,1500.0,1530.0,1493.25,1500.75,17213,7070,3755
IITL,26-AUG-2021,67.45,67.45,64.45,65.3,2762,1306,60
IMAGICAA,26-AUG-2021,8.25,8.25,7.9,7.95,66196,48505,213
IMPAL,26-AUG-2021,804.95,813.95,775.0,780.8,2232,1474,222
INDBANK,26-AUG-2021,22.6,23.45,22.35,23.05,82320,32558,547
INDHOTEL,26-AUG-2021,139.0,139.55,137.0,137.65,1013630,364083,7011
INDIACEM,26-AUG-2021,162.0,162.0,158.0,158.75,1172305,543842,11070
INDIAGLYCO,26-AUG-2021,707.0,716.8,689.0,705.45,311458,109910,10400
INDIAMART,26-AUG-2021,7062.0,7140.0,7020.2,7077.95,32923,12116,6020
INDIANB,26-AUG-2021,123.8,124.7,121.75,122.85,1189141,500948,11904
INDIANHUME,26-AUG-2021,204.7,208.9,201.0,202.65,23149,10928,867
INDIGO,26-AUG-2021,1729.45,1761.0,1718.0,1747.8,781715,121867,30404
INDIGOPNTS,26-AUG-2021,2618.0,2618.0,2492.55,2526.05,19185,9314,4026
INDLMETER,26-AUG-2021,11.25,11.25,10.9,11.05,15586,15200,139
INDNIPPON,26-AUG-2021,350.95,350.95,340.25,342.45,6193,2744,570
INDOCO,26-AUG-2021,452.9,460.0,447.25,447.95,137857,51614,6847
INDOSTAR,26-AUG-2021,291.9,292.2,287.05,288.25,95510,63124,2321
INDOTHAI,26-AUG-2021,81.05,82.0,79.0,79.1,13982,5825,417
INDRAMEDCO,26-AUG-2021,74.75,75.5,74.05,74.3,133236,54840,1870
INDSWFTLAB,26-AUG-2021,66.55,66.55,66.55,66.55,61155,61153,191
INDTERRAIN,26-AUG-2021,38.15,39.1,35.75,36.4,95122,55478,656
INDUSINDBK,26-AUG-2021,1000.0,1012.65,998.1,1001.5,1971408,876941,50094
INDUSTOWER,26-AUG-2021,220.4,220.4,214.15,215.2,1529070,476042,16014
INEOSSTYRO,26-AUG-2021,1240.0,1270.0,1235.25,1253.9,22328,9990,3522
INFIBEAM,26-AUG-2021,41.75,41.95,40.8,41.25,1542157,682134,5050
INFRABEES,26-AUG-2021,472.0,472.0,466.95,467.16,1969,1950,78
INFY,26-AUG-2021,1734.0,1746.0,1720.0,1727.7,5302248,3452873,114055
INGERRAND,26-AUG-2021,922.15,930.0,913.0,918.4,11754,4980,2202
INOXLEISUR,26-AUG-2021,310.0,313.7,305.0,305.6,147683,72544,4908
INOXWIND,26-AUG-2021,113.45,116.1,103.0,104.2,963409,489190,14912
INSECTICID,26-AUG-2021,706.05,730.0,706.05,723.95,40598,16573,5639
INTELLECT,26-AUG-2021,631.0,669.6,631.0,658.25,604793,164565,27378
INTENTECH,26-AUG-2021,70.8,74.35,70.2,74.35,92331,53231,1310
INVENTURE,26-AUG-2021,3.05,3.05,2.95,2.95,446090,373169,813
IOB,26-AUG-2021,19.5,19.5,19.1,19.3,2951066,832213,5362
IOC,26-AUG-2021,105.9,106.05,104.7,105.6,7953133,3069393,31877
IOLCP,26-AUG-2021,556.4,561.55,549.0,551.5,312213,108010,11699
IPCALAB,26-AUG-2021,2483.0,2542.6,2483.0,2512.95,201459,137580,13405
IPL,26-AUG-2021,311.0,314.15,308.0,308.85,230134,63035,8044
IRB,26-AUG-2021,162.0,164.25,161.0,162.7,1118990,260927,9656
IRCON,26-AUG-2021,43.85,43.85,42.55,42.95,2249367,725565,12303
IRCTC,26-AUG-2021,2647.95,2663.9,2615.0,2621.7,1401991,260177,63537
IRFC,26-AUG-2021,23.1,23.2,22.85,22.9,4388277,2276955,12547
ISEC,26-AUG-2021,693.95,703.85,687.0,699.9,371503,191451,9709
ISFT,26-AUG-2021,106.75,108.5,100.3,105.25,59307,33265,931
ISGEC,26-AUG-2021,700.0,706.15,680.0,698.2,127444,47362,6891
ITC,26-AUG-2021,206.4,206.85,204.35,204.6,14836173,8338144,84248
ITDC,26-AUG-2021,377.95,389.9,370.15,383.5,123739,16187,7620
ITDCEM,26-AUG-2021,75.05,77.45,73.9,75.65,684806,348426,10844
ITI,26-AUG-2021,113.75,115.0,112.4,113.35,141189,43129,2958
IVC,26-AUG-2021,6.4,6.65,6.3,6.65,302762,238200,502
IVP,26-AUG-2021,110.5,110.95,106.55,110.0,1628,970,66
IVZINGOLD,26-AUG-2021,4269.55,4269.55,4208.85,4247.55,55,35,29
IVZINNIFTY,26-AUG-2021,1817.15,1817.15,1817.15,1817.15,1,1,1
IZMO,26-AUG-2021,93.7,98.3,93.5,98.3,68368,36125,585
J&KBANK,26-AUG-2021,34.5,34.7,33.6,33.8,787976,343791,3505
JAGRAN,26-AUG-2021,56.55,57.85,55.85,57.35,148163,51243,2320
JAGSNPHARM,26-AUG-2021,155.0,157.5,153.5,153.9,52320,31012,1299
JAIBALAJI,26-AUG-2021,61.05,61.05,58.0,58.35,67748,49732,324
JAICORPLTD,26-AUG-2021,125.25,128.5,123.35,125.8,903165,208759,9333
JAMNAAUTO,26-AUG-2021,82.6,94.65,80.95,88.8,12445536,4977053,59646
JASH,26-AUG-2021,491.0,500.0,483.2,498.75,9243,5409,528
JAYAGROGN,26-AUG-2021,227.0,232.6,222.1,224.1,40308,18687,1644
JAYBARMARU,26-AUG-2021,181.6,183.0,177.45,179.0,27502,13502,901
JAYSREETEA,26-AUG-2021,108.35,112.0,107.8,109.3,212452,50897,4350
JBCHEPHARM,26-AUG-2021,1710.0,1728.95,1685.0,1706.4,64829,27055,9181
JBMA,26-AUG-2021,454.0,465.3,448.65,450.25,76585,11200,6010
JCHAC,26-AUG-2021,2134.0,2194.0,2126.05,2184.6,17110,7194,4157
JHS,26-AUG-2021,23.95,24.85,23.65,24.05,173989,122487,1050
JINDALPHOT,26-AUG-2021,83.75,83.75,80.7,81.2,6182,4909,235
JINDALPOLY,26-AUG-2021,951.0,959.6,941.0,945.2,53034,18571,3965
JINDALSAW,26-AUG-2021,120.0,120.85,116.6,118.05,1394778,349370,12773
JINDALSTEL,26-AUG-2021,375.95,377.3,369.0,371.25,7890653,1976065,63060
JINDRILL,26-AUG-2021,133.25,136.0,127.1,132.05,64456,32732,1391
JINDWORLD,26-AUG-2021,63.6,68.9,63.0,65.25,397917,76498,5786
JISLDVREQS,26-AUG-2021,18.7,18.7,18.05,18.7,58486,36699,144
JISLJALEQS,26-AUG-2021,30.65,31.1,29.0,29.15,3703130,1924334,7783
JKCEMENT,26-AUG-2021,3180.0,3180.0,3130.4,3154.45,16561,4800,3098
JKIL,26-AUG-2021,193.8,200.95,192.35,194.25,497521,115145,11846
JKLAKSHMI,26-AUG-2021,708.9,715.55,697.05,701.75,329943,106030,16475
JKPAPER,26-AUG-2021,241.0,247.6,238.0,239.9,1548838,255727,21398
JKTYRE,26-AUG-2021,144.35,148.0,143.5,144.25,1090615,223229,11327
JMA,26-AUG-2021,60.6,60.8,59.15,60.35,4359,2815,119
JMCPROJECT,26-AUG-2021,97.65,98.8,96.5,97.15,77571,25176,6487
JMFINANCIL,26-AUG-2021,90.2,93.85,86.8,90.25,2597243,1168496,15393
JMTAUTOLTD,26-AUG-2021,2.5,2.55,2.45,2.5,226530,141688,1050
JOCIL,26-AUG-2021,234.75,234.75,226.9,231.05,33044,17529,1156
JPINFRATEC,26-AUG-2021,1.9,1.9,1.9,1.9,460392,460392,196
JPPOWER,26-AUG-2021,3.95,3.95,3.9,3.95,25922357,17645350,4128
JSL,26-AUG-2021,148.45,149.55,144.05,144.55,1851078,557162,16259
JSLHISAR,26-AUG-2021,279.5,279.6,271.0,273.4,348051,236618,4190
JSWHL,26-AUG-2021,5050.0,5050.0,4899.55,4906.4,1123,732,434
JSWSTEEL,26-AUG-2021,683.0,685.0,669.3,672.0,5659963,1380419,85814
JTEKTINDIA,26-AUG-2021,102.95,103.95,100.4,101.1,319087,111117,7611
JUBLFOOD,26-AUG-2021,3836.0,3858.95,3752.05,3829.35,465122,88160,35188
JUBLINDS,26-AUG-2021,515.0,524.95,504.75,515.05,36577,16869,2463
JUBLINGREA,26-AUG-2021,678.0,716.9,670.0,707.8,1836620,655545,44282
JUBLPHARMA,26-AUG-2021,618.95,644.35,603.0,610.1,995779,333029,37632
JUMPNET,26-AUG-2021,8.05,8.2,8.0,8.05,181868,123939,453
JUNIORBEES,26-AUG-2021,419.4,419.74,377.65,417.73,84882,38755,5153
JUSTDIAL,26-AUG-2021,947.05,954.0,942.0,950.05,530639,352068,11608
JYOTHYLAB,26-AUG-2021,160.2,163.8,158.3,158.9,359235,143683,9977
KABRAEXTRU,26-AUG-2021,253.0,253.0,240.1,242.7,261358,107665,10110
KAJARIACER,26-AUG-2021,1095.25,1169.9,1095.25,1163.35,1090756,349004,45927
KAKATCEM,26-AUG-2021,251.95,256.15,248.5,250.6,8174,4012,762
KALPATPOWR,26-AUG-2021,395.0,396.9,390.65,392.35,85589,41901,3478
KALYANKJIL,26-AUG-2021,63.7,63.7,62.7,62.95,423669,215950,3700
KAMATHOTEL,26-AUG-2021,42.65,44.4,42.2,43.7,16973,10441,365
KAMDHENU,26-AUG-2021,160.95,165.85,157.5,159.05,41880,18534,2341
KANORICHEM,26-AUG-2021,147.35,150.7,146.4,148.9,57542,28489,752
KANPRPLA,26-AUG-2021,232.5,235.0,225.45,234.45,8462,4599,518
KANSAINER,26-AUG-2021,639.9,647.9,625.0,626.95,84846,47391,6022
KARURVYSYA,26-AUG-2021,41.2,41.35,40.7,40.8,977862,610556,7219
KAUSHALYA,26-AUG-2021,2.85,2.85,2.65,2.7,33788,28326,100
KAYA,26-AUG-2021,410.15,459.55,410.15,421.45,39002,13374,1294
KCP,26-AUG-2021,138.0,143.1,137.45,140.2,168168,96200,3169
KCPSUGIND,26-AUG-2021,23.2,23.9,22.7,22.95,300234,131477,1786
KDDL,26-AUG-2021,379.9,407.65,357.0,407.65,26140,14381,702
KEC,26-AUG-2021,390.0,397.45,389.1,392.55,117697,44057,4846
KECL,26-AUG-2021,17.9,17.9,17.1,17.35,44976,27152,319
KEERTI,26-AUG-2021,18.4,18.5,17.45,18.3,4388,2499,70
KEI,26-AUG-2021,716.45,732.0,716.15,725.65,204698,80172,10053
KELLTONTEC,26-AUG-2021,44.5,46.5,43.2,43.4,857408,512467,4930
KENNAMET,26-AUG-2021,1360.0,1487.0,1350.95,1444.55,94951,32395,10680
KESORAMIND,26-AUG-2021,79.3,79.7,76.2,77.0,620922,213363,5382
KEYFINSERV,26-AUG-2021,75.65,77.0,72.6,74.7,11920,1471,321
KHADIM,26-AUG-2021,239.95,246.6,237.05,246.6,19466,10957,621
KHAICHEM,26-AUG-2021,61.8,62.6,61.25,62.6,146898,120019,631
KHAITANLTD,26-AUG-2021,20.5,20.7,19.2,20.7,12522,12466,60
KHANDSE,26-AUG-2021,18.25,18.25,16.8,17.3,1523,1500,16
KICL,26-AUG-2021,2070.15,2070.15,1988.6,2000.4,743,550,125
KILITCH,26-AUG-2021,168.4,174.8,165.0,165.35,4977,3488,208
KIMS,26-AUG-2021,1282.3,1295.0,1256.0,1288.0,173384,80256,9128
KINGFA,26-AUG-2021,1061.3,1099.1,1059.15,1069.45,3988,1778,554
KIOCL,26-AUG-2021,255.35,255.35,248.5,250.35,20674,9775,893
KIRIINDUS,26-AUG-2021,480.2,491.9,476.05,478.8,166308,39838,7974
KIRLFER,26-AUG-2021,242.95,242.95,234.0,235.4,131577,54534,4940
KIRLOSENG,26-AUG-2021,207.8,212.4,207.8,209.65,123218,62282,3089
KIRLOSIND,26-AUG-2021,1398.3,1422.35,1382.0,1399.25,50377,42417,2057
KITEX,26-AUG-2021,148.8,151.95,148.05,148.65,82264,51883,2147
KKCL,26-AUG-2021,829.0,829.0,809.85,823.35,1375,850,257
KMSUGAR,26-AUG-2021,27.1,27.95,26.55,26.9,287628,127063,1642
KNRCON,26-AUG-2021,299.8,318.65,294.0,306.9,2423575,470717,52450
KOKUYOCMLN,26-AUG-2021,64.0,65.5,62.85,64.6,112385,61055,1465
KOLTEPATIL,26-AUG-2021,242.7,243.4,235.25,236.75,313680,80295,7685
KOTAKBANK,26-AUG-2021,1693.8,1716.5,1688.9,1697.5,4382577,2653634,97633
KOTAKBKETF,26-AUG-2021,360.0,361.47,357.87,359.95,101332,93222,465
KOTAKGOLD,26-AUG-2021,41.36,41.36,41.0,41.03,88432,60267,551
KOTAKIT,26-AUG-2021,34.08,34.48,33.55,34.0,161536,99651,200
KOTAKNIFTY,26-AUG-2021,174.55,176.4,174.55,175.25,45937,33139,370
KOTAKNV20,26-AUG-2021,94.2,94.2,92.35,92.86,35939,34976,218
KOTAKPSUBK,26-AUG-2021,222.95,223.95,221.0,222.7,6497,4485,208
KOTARISUG,26-AUG-2021,34.0,36.7,33.5,35.15,234110,105673,1675
KOTHARIPET,26-AUG-2021,49.65,49.65,48.0,48.25,41573,27333,780
KOVAI,26-AUG-2021,1741.0,1778.2,1666.1,1693.85,11638,2903,5362
KPIGLOBAL,26-AUG-2021,131.8,133.9,127.0,132.05,105917,55520,1396
KPITTECH,26-AUG-2021,321.3,323.8,315.0,318.55,885839,566877,22413
KPRMILL,26-AUG-2021,1775.0,1784.8,1730.0,1737.95,15004,10274,2602
KRBL,26-AUG-2021,237.6,242.4,236.7,239.75,353742,173608,5486
KREBSBIO,26-AUG-2021,138.0,144.0,135.25,141.2,45647,21886,1752
KRIDHANINF,26-AUG-2021,4.3,4.5,4.3,4.5,34388,25770,100
KRISHANA,26-AUG-2021,140.9,140.9,138.1,140.0,3091,2330,113
KRSNAA,26-AUG-2021,922.9,922.9,901.0,906.9,116326,64174,9420
KSB,26-AUG-2021,1189.0,1189.0,1145.5,1174.35,15949,6078,2183
KSCL,26-AUG-2021,589.5,597.5,581.3,591.95,1343359,273679,32626
KSL,26-AUG-2021,388.0,388.7,383.95,386.35,40465,15001,2262
KTKBANK,26-AUG-2021,52.25,52.75,51.9,52.15,627020,320233,4614
KUANTUM,26-AUG-2021,79.55,80.65,77.35,77.85,18841,10426,523
L&TFH,26-AUG-2021,80.05,81.8,80.0,81.2,9093421,1346559,28980
LALPATHLAB,26-AUG-2021,3820.0,3855.0,3793.8,3801.2,175725,58619,16582
LAOPALA,26-AUG-2021,271.35,274.05,270.0,270.5,64493,21742,2236
LASA,26-AUG-2021,83.3,83.3,79.65,81.4,264081,159333,3254
LAURUSLABS,26-AUG-2021,675.8,678.45,664.0,667.55,1993350,1070205,40542
LAXMIMACH,26-AUG-2021,7675.0,8164.05,7675.0,7867.4,20879,4323,5212
LCCINFOTEC,26-AUG-2021,1.9,1.95,1.8,1.95,662128,415742,417
LEMONTREE,26-AUG-2021,39.1,39.65,38.0,38.7,1296403,635801,9321
LFIC,26-AUG-2021,79.6,82.85,78.5,78.95,928,583,84
LGBBROSLTD,26-AUG-2021,410.0,420.9,406.9,409.95,212877,108834,9648
LIBAS,26-AUG-2021,61.9,65.95,60.5,63.3,1025346,218826,8360
LIBERTSHOE,26-AUG-2021,157.6,160.4,155.9,156.85,54046,13981,1875
LICHSGFIN,26-AUG-2021,386.85,391.65,382.35,386.25,5460351,1754241,58253
LICNETFGSC,26-AUG-2021,22.14,22.14,21.94,22.11,5019,4737,66
LICNETFN50,26-AUG-2021,175.0,178.95,175.0,176.01,521,340,73
LICNETFSEN,26-AUG-2021,604.35,604.35,595.01,595.8,284,151,70
LICNFNHGP,26-AUG-2021,164.0,164.0,162.05,162.99,972,787,114
LIKHITHA,26-AUG-2021,319.85,363.9,318.5,355.1,565598,128349,26475
LINCOLN,26-AUG-2021,324.0,332.7,323.5,326.0,59256,29083,2435
LINCPEN,26-AUG-2021,196.0,196.0,187.5,193.25,8825,2348,795
LINDEINDIA,26-AUG-2021,2524.0,2750.0,2331.1,2373.05,3425408,287247,273351
LIQUIDBEES,26-AUG-2021,999.99,1000.9,999.99,999.99,961245,738389,3926
LIQUIDETF,26-AUG-2021,999.99,1000.01,999.99,999.99,6392,5962,44
LODHA,26-AUG-2021,853.8,880.0,847.85,866.65,184376,89810,7793
LOKESHMACH,26-AUG-2021,48.75,49.9,47.25,48.1,286973,200673,2352
LOVABLE,26-AUG-2021,107.8,110.0,105.5,108.0,15738,8440,917
LT,26-AUG-2021,1593.8,1602.95,1585.0,1595.75,2051262,1445834,79090
LTI,26-AUG-2021,5108.3,5216.65,5051.05,5137.7,513667,109119,49057
LTTS,26-AUG-2021,3902.0,3974.25,3807.7,3854.8,554552,124664,41207
LUMAXIND,26-AUG-2021,1429.95,1432.95,1400.2,1423.5,2730,1279,510
LUMAXTECH,26-AUG-2021,142.65,143.5,140.7,141.85,61690,23979,3203
LUPIN,26-AUG-2021,944.75,944.75,934.05,937.45,1356807,561290,46488
LUXIND,26-AUG-2021,3960.05,4000.0,3883.15,3914.6,39235,18525,4745
LXCHEM,26-AUG-2021,365.45,385.0,363.05,382.35,7399931,1737593,100341
LYKALABS,26-AUG-2021,78.95,79.85,74.45,74.85,159490,94826,3393
LYPSAGEMS,26-AUG-2021,4.2,4.25,3.95,4.15,18283,13314,70
M&M,26-AUG-2021,771.0,782.9,767.25,781.4,2576883,1468002,63123
M&MFIN,26-AUG-2021,148.15,155.8,147.8,155.1,18403721,3974848,101292
MACPOWER,26-AUG-2021,175.3,183.55,171.35,175.7,26614,6885,298
MADHAV,26-AUG-2021,58.35,59.3,56.85,57.15,15338,8587,295
MADHUCON,26-AUG-2021,4.8,5.05,4.65,4.75,30589,23151,90
MADRASFERT,26-AUG-2021,29.2,29.2,28.15,28.3,65541,41977,677
MAESGETF,26-AUG-2021,28.53,28.6,28.4,28.45,19590,11713,164
MAFANG,26-AUG-2021,53.9,53.9,52.71,53.12,120505,95833,1723
MAFSETF,26-AUG-2021,17.4,17.9,17.35,17.48,91385,65805,146
MAGADSUGAR,26-AUG-2021,279.9,288.9,275.9,284.4,31100,13942,1159
MAHABANK,26-AUG-2021,18.15,18.15,17.8,17.85,3715471,2664424,6501
MAHASTEEL,26-AUG-2021,90.9,91.9,87.7,90.75,20705,7987,1330
MAHEPC,26-AUG-2021,131.1,133.55,130.15,130.95,38733,21675,895
MAHESHWARI,26-AUG-2021,105.65,111.95,103.1,110.25,208548,97262,4016
MAHINDCIE,26-AUG-2021,224.7,235.0,222.05,231.95,136747,49846,4501
MAHLIFE,26-AUG-2021,746.0,769.15,746.0,759.7,39582,20283,2515
MAHLOG,26-AUG-2021,739.5,739.9,717.3,732.7,122126,42360,9772
MAHSCOOTER,26-AUG-2021,4309.9,4364.0,4275.0,4295.8,6840,3278,1607
MAHSEAMLES,26-AUG-2021,316.8,318.35,313.25,314.75,53437,31076,2399
MAITHANALL,26-AUG-2021,964.2,970.95,928.55,933.45,61022,33394,4295
MAJESCO,26-AUG-2021,81.3,82.45,81.05,82.1,78270,47723,1748
MALUPAPER,26-AUG-2021,35.4,36.25,35.2,35.35,14594,7073,259
MAN50ETF,26-AUG-2021,177.35,177.35,170.74,170.82,5328,3493,66
MANAKALUCO,26-AUG-2021,16.35,16.65,16.0,16.2,31257,26166,157
MANAKCOAT,26-AUG-2021,12.55,12.55,11.7,12.1,28367,19663,189
MANAKSIA,26-AUG-2021,66.45,67.65,66.1,66.65,33166,20185,879
MANAKSTEEL,26-AUG-2021,37.0,37.0,37.0,37.0,60676,60676,128
MANAPPURAM,26-AUG-2021,162.45,164.75,160.75,161.4,4413363,873501,22857
MANGALAM,26-AUG-2021,141.0,141.0,137.6,138.45,42864,18813,1459
MANGCHEFER,26-AUG-2021,72.85,73.7,70.9,71.55,251007,75492,4357
MANGLMCEM,26-AUG-2021,462.2,469.7,441.25,451.6,237331,193331,5848
MANINDS,26-AUG-2021,117.7,117.7,114.0,114.55,108844,64744,2510
MANINFRA,26-AUG-2021,67.0,69.7,66.65,67.65,660603,308094,6536
MANUGRAPH,26-AUG-2021,14.1,14.7,13.9,13.9,18982,7676,257
MANXT50,26-AUG-2021,397.61,399.99,397.0,398.67,1365,1258,34
MARALOVER,26-AUG-2021,77.75,77.75,74.0,74.85,13063,8279,493
MARATHON,26-AUG-2021,80.3,80.95,78.0,78.8,33447,20500,553
MARICO,26-AUG-2021,514.0,528.7,513.5,522.1,5109949,1969785,59553
MARINE,26-AUG-2021,37.2,42.7,36.2,40.75,2111126,414802,12050
MARKSANS,26-AUG-2021,70.2,72.9,69.1,71.75,4469908,1132053,21822
MARUTI,26-AUG-2021,6700.0,6701.35,6591.0,6608.6,1199429,796214,93067
MASFIN,26-AUG-2021,736.0,760.0,730.05,749.75,32088,10839,3248
MASTEK,26-AUG-2021,2521.85,2644.0,2516.85,2583.25,112883,47396,12569
MATRIMONY,26-AUG-2021,1042.8,1042.8,1016.45,1022.45,12095,7616,3047
MAXHEALTH,26-AUG-2021,326.3,337.25,324.3,333.3,2176636,1691905,21305
MAXIND,26-AUG-2021,68.3,69.0,67.6,68.1,202368,125666,1057
MAXVIL,26-AUG-2021,90.1,93.9,90.1,91.3,196118,84294,2940
MAYURUNIQ,26-AUG-2021,473.95,474.8,463.55,472.7,28330,14392,1913
MAZDA,26-AUG-2021,562.95,636.0,562.85,598.4,140755,37134,11956
MAZDOCK,26-AUG-2021,233.95,236.6,231.55,233.55,276429,90699,5558
MBAPL,26-AUG-2021,144.9,144.9,135.8,139.25,6333,4116,86
MBLINFRA,26-AUG-2021,19.25,19.25,18.25,18.35,60600,51486,231
MCDHOLDING,26-AUG-2021,40.55,40.55,38.5,38.8,25008,17444,372
MCDOWELL-N,26-AUG-2021,682.1,692.85,675.55,684.4,2759111,1052477,46584
MCL,26-AUG-2021,37.0,37.0,35.7,36.3,31083,20769,345
MCLEODRUSS,26-AUG-2021,20.2,20.2,20.2,20.2,223594,223594,186
MCX,26-AUG-2021,1465.15,1524.0,1465.15,1498.6,893730,255911,72848
MENONBE,26-AUG-2021,73.45,73.55,71.05,71.65,10979,5661,424
MEP,26-AUG-2021,21.3,22.2,20.05,20.35,403339,239595,1046
METROPOLIS,26-AUG-2021,2704.6,2704.6,2653.55,2687.9,187975,109879,8378
MFSL,26-AUG-2021,1013.35,1038.7,1013.35,1024.45,490524,138040,25649
MGEL,26-AUG-2021,52.65,52.65,50.5,50.95,3276,2102,64
MGL,26-AUG-2021,1128.7,1132.0,1112.25,1118.05,258370,128661,10578
MHRIL,26-AUG-2021,317.8,319.0,305.3,306.65,297894,122776,8172
MIDHANI,26-AUG-2021,182.5,184.7,180.3,182.85,398218,125937,7761
MINDACORP,26-AUG-2021,122.6,122.85,117.6,119.65,316044,127802,6528
MINDAIND,26-AUG-2021,732.9,735.0,713.55,722.8,104901,41401,7235
MINDTECK,26-AUG-2021,95.75,97.1,94.0,97.1,56297,28216,804
MINDTREE,26-AUG-2021,3500.0,3556.4,3452.1,3494.95,1027431,226766,71020
MIRZAINT,26-AUG-2021,55.1,55.8,54.55,54.7,238106,97019,2929
MITTAL,26-AUG-2021,10.0,10.5,10.0,10.2,21922,14214,193
MMFL,26-AUG-2021,735.0,735.0,723.85,725.25,13237,10116,1095
MMP,26-AUG-2021,147.0,150.25,145.1,146.05,17201,9714,697
MMTC,26-AUG-2021,44.5,45.7,43.1,43.7,3476780,493172,12447
MODISNME,26-AUG-2021,74.35,74.35,72.0,72.65,34965,23648,763
MOGSEC,26-AUG-2021,48.57,48.62,48.57,48.62,93,53,7
MOIL,26-AUG-2021,163.95,164.6,160.55,161.35,152953,59035,4496
MOKSH,26-AUG-2021,32.05,32.05,30.55,31.55,1235479,632078,1006
MOLDTKPAC,26-AUG-2021,490.0,490.55,480.6,486.1,30950,19345,1359
MOM100,26-AUG-2021,28.61,28.99,28.41,28.71,76203,29603,919
MOM50,26-AUG-2021,167.35,167.35,165.0,165.4,449,438,39
MON100,26-AUG-2021,113.8,113.8,112.42,112.69,2118006,1949126,4596
MONTECARLO,26-AUG-2021,332.55,356.0,328.15,346.3,196189,43340,10958
MORARJEE,26-AUG-2021,15.65,15.9,14.95,15.3,7493,3378,88
MOREPENLAB,26-AUG-2021,51.55,52.85,51.0,51.95,1093893,435130,7577
MOTHERSUMI,26-AUG-2021,211.5,213.95,209.45,213.3,6346784,2519552,47454
MOTILALOFS,26-AUG-2021,800.0,811.0,794.6,803.5,305658,59301,11406
MOTOGENFIN,26-AUG-2021,26.75,26.75,24.7,25.2,18364,7843,265
MPHASIS,26-AUG-2021,2795.95,2824.0,2736.1,2743.25,650414,322042,41114
MPSLTD,26-AUG-2021,777.25,777.3,742.1,748.1,5516,3215,669
MRF,26-AUG-2021,77131.0,77265.0,76300.0,76564.55,8394,2758,4864
MRPL,26-AUG-2021,42.8,42.9,42.0,42.2,568162,194864,3107
MSPL,26-AUG-2021,9.4,9.7,9.25,9.3,165132,127139,292
MSTCLTD,26-AUG-2021,259.0,261.5,255.1,255.95,132516,64507,3945
MTARTECH,26-AUG-2021,1240.9,1275.0,1221.2,1266.45,159827,50982,11209
MTEDUCARE,26-AUG-2021,8.65,8.65,8.1,8.2,98714,58974,288
MTNL,26-AUG-2021,18.0,18.4,17.85,17.95,313103,193795,1288
MUKTAARTS,26-AUG-2021,35.5,37.1,35.5,36.6,1841,1501,44
MUNJALAU,26-AUG-2021,56.75,59.4,55.8,57.75,268402,78065,3151
MUNJALSHOW,26-AUG-2021,138.0,138.25,134.8,135.45,95492,13496,6153
MURUDCERA,26-AUG-2021,25.5,25.95,24.7,25.15,46979,24304,649
MUTHOOTCAP,26-AUG-2021,397.1,407.9,389.25,391.8,64347,9154,5363
MUTHOOTFIN,26-AUG-2021,1467.1,1499.9,1467.1,1485.4,595100,205976,27994
NACLIND,26-AUG-2021,62.0,62.0,60.25,62.0,70433,61466,346
NAGREEKCAP,26-AUG-2021,7.5,7.55,7.5,7.55,2001,2001,3
NAHARCAP,26-AUG-2021,269.55,269.55,269.55,269.55,9333,9333,89
NAHARPOLY,26-AUG-2021,242.0,255.0,234.25,235.5,164432,78623,7935
NAM-INDIA,26-AUG-2021,405.3,417.3,403.55,407.8,2342375,451014,34275
NATCOPHARM,26-AUG-2021,933.05,942.0,922.75,939.25,133833,80588,4651
NATHBIOGEN,26-AUG-2021,317.45,321.55,315.25,317.5,23631,13499,1366
NATIONALUM,26-AUG-2021,82.05,82.45,78.1,78.8,34231088,11773476,54798
NATNLSTEEL,26-AUG-2021,3.9,4.0,3.75,3.9,28161,23787,94
NAUKRI,26-AUG-2021,5795.95,5874.9,5742.0,5796.55,283878,86461,30457
NAVINFLUOR,26-AUG-2021,3606.7,3648.0,3580.3,3602.1,93072,24638,8380
NAVKARCORP,26-AUG-2021,41.95,42.0,41.25,41.4,224707,132981,1624
NAVNETEDUL,26-AUG-2021,99.0,100.0,98.9,99.15,197839,113107,2381
NAZARA,26-AUG-2021,1606.5,1705.0,1606.5,1687.9,351076,104248,24161
NBCC,26-AUG-2021,45.0,45.0,43.8,44.1,3571098,1151535,12301
NBIFIN,26-AUG-2021,2799.65,2970.0,2690.7,2858.05,43496,41161,556
NBVENTURES,26-AUG-2021,104.45,104.45,102.5,102.9,215160,104182,4008
NCC,26-AUG-2021,75.0,79.2,75.0,75.9,3205455,1200616,16304
NCLIND,26-AUG-2021,232.9,232.9,228.0,228.9,98799,63706,3487
NCPSESDL24,26-AUG-2021,106.26,106.26,106.14,106.21,10283,10010,16
NDL,26-AUG-2021,75.0,78.3,75.0,78.3,88524,53545,783
NDTV,26-AUG-2021,74.05,78.95,74.05,78.4,30323,21918,417
NECCLTD,26-AUG-2021,19.35,19.5,18.3,18.4,573367,337677,860
NECLIFE,26-AUG-2021,30.8,32.5,30.4,31.75,686199,351972,3896
NELCAST,26-AUG-2021,82.1,83.65,80.0,82.0,102243,41009,2748
NELCO,26-AUG-2021,477.0,490.75,453.0,474.6,437127,128084,18817
NEOGEN,26-AUG-2021,924.95,945.0,915.95,929.65,23229,11241,2702
NESCO,26-AUG-2021,580.3,588.1,572.0,574.9,21350,10892,2487
NESTLEIND,26-AUG-2021,19974.95,20119.7,19805.55,20052.7,63204,30267,17070
NETF,26-AUG-2021,205.77,205.77,205.77,205.77,446,445,50
NETFCONSUM,26-AUG-2021,73.75,73.75,71.47,71.84,13242,13046,158
NETFDIVOPP,26-AUG-2021,48.2,48.2,42.96,43.15,1628,1367,76
NETFGILT5Y,26-AUG-2021,48.61,48.61,48.59,48.6,236,236,9
NETFIT,26-AUG-2021,35.63,35.63,34.59,34.68,626016,392775,3253
NETFLTGILT,26-AUG-2021,22.5,22.5,22.4,22.4,10423,10132,66
NETFMID150,26-AUG-2021,109.72,109.72,104.2,104.35,67046,51900,769
NETFNIF100,26-AUG-2021,174.0,174.98,173.05,173.2,1205,956,49
NETFNV20,26-AUG-2021,94.32,94.62,93.73,94.17,2177,2044,104
NETFPHARMA,26-AUG-2021,13.91,14.2,13.8,13.82,140880,127540,577
NETFSDL26,26-AUG-2021,105.12,105.12,104.77,104.95,22078,20000,26
NETWORK18,26-AUG-2021,47.5,49.0,47.25,48.6,887935,423629,3357
NEXTMEDIA,26-AUG-2021,4.85,5.1,4.45,5.1,308914,16152,358
NFL,26-AUG-2021,52.9,53.1,52.0,52.4,321565,148577,2559
NGIL,26-AUG-2021,69.0,70.8,65.5,69.85,73754,12995,637
NH,26-AUG-2021,494.5,501.5,485.05,498.1,93089,28833,6615
NHPC,26-AUG-2021,26.4,26.55,26.3,26.4,2871355,1654208,5876
NIACL,26-AUG-2021,162.1,172.2,159.9,169.3,4135912,841182,51212
NIBL,26-AUG-2021,20.95,20.95,19.55,19.95,20618,13571,86
NIFTYBEES,26-AUG-2021,190.0,190.0,179.0,179.52,822706,579556,13115
NIFTYEES,26-AUG-2021,21655.0,21655.0,21655.0,21655.0,1,1,1
NIITLTD,26-AUG-2021,309.0,315.6,305.15,307.6,425200,135282,9907
NILAINFRA,26-AUG-2021,6.15,6.15,5.9,5.95,286637,124220,442
NILKAMAL,26-AUG-2021,2707.35,2788.0,2675.45,2734.6,20038,6830,4310
NIPPOBATRY,26-AUG-2021,957.45,985.0,944.0,951.0,7987,3934,1036
NIRAJ,26-AUG-2021,44.9,46.55,43.0,45.45,25311,9281,533
NITCO,26-AUG-2021,21.6,21.6,21.0,21.4,19003,10851,225
NITIRAJ,26-AUG-2021,45.05,46.8,41.25,45.0,856,423,81
NLCINDIA,26-AUG-2021,50.8,51.1,50.0,50.45,1092001,609256,5147
NMDC,26-AUG-2021,155.25,157.45,147.9,148.55,43757434,28487813,112596
NOCIL,26-AUG-2021,264.75,264.75,259.0,259.65,541580,193727,9587
NOIDATOLL,26-AUG-2021,5.5,5.7,5.4,5.45,91791,59219,111
NORBTEAEXP,26-AUG-2021,6.7,7.0,6.4,6.4,711,709,13
NOVARTIND,26-AUG-2021,795.0,821.95,788.05,797.4,21784,9168,2213
NPBET,26-AUG-2021,183.0,183.0,181.0,182.0,312,282,19
NRAIL,26-AUG-2021,303.0,321.9,303.0,314.4,73885,23646,4941
NRBBEARING,26-AUG-2021,124.4,128.0,121.5,127.1,200698,102991,5031
NSIL,26-AUG-2021,1672.6,1699.95,1670.0,1683.75,435,403,92
NTPC,26-AUG-2021,114.1,114.5,111.95,112.75,11668986,6583115,56736
NUCLEUS,26-AUG-2021,556.0,562.45,552.05,555.65,48294,20843,5104
NURECA,26-AUG-2021,1604.6,1615.15,1570.0,1587.35,5589,2934,990
NUVOCO,26-AUG-2021,532.9,538.8,522.4,528.55,1535636,996111,28259
NXTDIGITAL,26-AUG-2021,404.45,424.9,391.5,416.05,1709,917,262
OAL,26-AUG-2021,815.0,824.0,802.6,818.95,6318,3740,665
OBEROIRLTY,26-AUG-2021,675.8,676.55,662.1,665.75,169269,67481,11485
OCCL,26-AUG-2021,1051.7,1069.65,1036.7,1043.45,4618,3018,709
OFSS,26-AUG-2021,4708.2,4825.0,4655.1,4739.0,253529,85392,34473
OIL,26-AUG-2021,176.6,182.2,175.5,179.65,4703587,2520209,36567
OMAXE,26-AUG-2021,77.1,77.1,75.0,75.85,30466,17772,402
OMINFRAL,26-AUG-2021,29.9,29.9,28.6,28.85,50365,23691,636
OMKARCHEM,26-AUG-2021,15.25,15.3,15.0,15.3,69165,67183,172
ONGC,26-AUG-2021,115.6,116.25,114.4,115.55,8779246,2021886,37699
ONMOBILE,26-AUG-2021,114.8,116.7,113.0,113.9,198417,111510,4524
ONWARDTEC,26-AUG-2021,239.0,239.0,226.85,229.15,13438,8280,553
ORBTEXP,26-AUG-2021,73.0,74.65,73.0,73.35,9765,4989,331
ORICONENT,26-AUG-2021,34.5,34.6,32.95,33.25,91678,63891,312
ORIENTABRA,26-AUG-2021,27.85,29.4,27.2,28.0,122615,61338,1295
ORIENTALTL,26-AUG-2021,9.2,9.4,8.7,9.0,106813,52294,347
ORIENTBELL,26-AUG-2021,321.95,327.45,318.25,319.0,7438,5201,413
ORIENTCEM,26-AUG-2021,149.4,151.15,147.05,147.75,331804,203443,8984
ORIENTELEC,26-AUG-2021,320.3,323.75,318.05,322.15,359574,166881,8916
ORIENTHOT,26-AUG-2021,35.4,35.9,35.05,35.15,30928,18909,384
ORIENTLTD,26-AUG-2021,66.9,68.5,63.3,65.75,4053,1848,111
ORIENTPPR,26-AUG-2021,27.95,28.4,27.25,27.7,1142086,525718,3019
ORISSAMINE,26-AUG-2021,2800.1,2800.1,2725.0,2745.4,7300,3781,1377
ORTINLAB,26-AUG-2021,29.0,29.0,27.4,27.7,52804,37485,612
OSWALAGRO,26-AUG-2021,15.65,15.65,14.9,15.05,30753,18866,225
PAGEIND,26-AUG-2021,31000.0,31178.25,30312.65,30471.75,27379,13006,12228
PAISALO,26-AUG-2021,589.2,592.5,566.3,572.4,25375,16470,1680
PALASHSECU,26-AUG-2021,73.6,75.45,73.1,73.35,4154,1993,115
PALREDTEC,26-AUG-2021,107.95,107.95,103.5,104.75,23253,11432,1354
PANACEABIO,26-AUG-2021,313.5,313.7,303.0,305.05,42543,26683,1509
PANAMAPET,26-AUG-2021,259.4,263.7,254.75,257.25,81859,33502,2918
PARAGMILK,26-AUG-2021,117.5,121.2,116.1,117.4,383821,107706,6282
PARSVNATH,26-AUG-2021,12.45,13.0,12.1,12.1,237361,174441,416
PATELENG,26-AUG-2021,16.1,16.2,12.85,15.7,1731216,817410,3724
PATINTLOG,26-AUG-2021,21.4,21.75,20.95,21.45,12764,7109,244
PATSPINLTD,26-AUG-2021,8.7,8.7,8.05,8.7,16073,13956,53
PCJEWELLER,26-AUG-2021,23.0,23.5,22.5,22.85,1770769,699696,4865
PDMJEPAPER,26-AUG-2021,41.5,41.8,40.5,40.75,218899,81923,3470
PDSMFL,26-AUG-2021,1259.0,1303.0,1256.0,1269.8,2401,1146,391
PEARLPOLY,26-AUG-2021,15.5,16.2,15.25,16.2,15127,11197,178
PEL,26-AUG-2021,2567.5,2622.9,2550.1,2567.05,509589,104916,34184
PENIND,26-AUG-2021,29.9,30.55,29.3,29.8,407904,156830,2290
PERSISTENT,26-AUG-2021,3237.0,3244.4,3180.0,3214.35,133896,81354,15512
PETRONET,26-AUG-2021,228.85,230.75,225.45,227.6,3386874,1817536,30421
PFC,26-AUG-2021,125.85,126.8,124.1,124.65,2657392,791793,12954
PFIZER,26-AUG-2021,5749.95,5779.9,5683.0,5694.7,32901,13797,3994
PFOCUS,26-AUG-2021,67.8,72.35,67.65,71.2,683931,390353,3903
PFS,26-AUG-2021,17.55,17.8,17.35,17.65,534071,363125,1434
PGEL,26-AUG-2021,362.0,376.0,346.0,362.35,47862,29761,3461
PGHH,26-AUG-2021,12815.0,14087.9,12751.0,13589.95,71955,11103,20871
PGHL,26-AUG-2021,5422.0,5600.0,5402.35,5483.15,31216,15557,5416
PGIL,26-AUG-2021,312.65,320.5,308.75,311.3,10542,6390,306
PHILIPCARB,26-AUG-2021,236.5,245.95,234.65,242.05,1288428,260004,18887
PHOENIXLTD,26-AUG-2021,854.0,869.95,841.1,861.0,228915,202241,5582
PIDILITIND,26-AUG-2021,2223.8,2239.8,2207.0,2227.7,337985,188511,20271
PIIND,26-AUG-2021,3140.0,3168.3,3092.1,3138.65,212501,111133,15038
PILANIINVS,26-AUG-2021,1805.05,1817.35,1769.95,1780.3,16870,2266,1312
PILITA,26-AUG-2021,6.65,7.0,6.55,6.8,1176596,423669,1372
PIONDIST,26-AUG-2021,135.25,138.2,133.7,135.45,23202,11375,769
PIONEEREMB,26-AUG-2021,62.6,67.5,61.7,65.75,401979,111510,7883
PITTIENG,26-AUG-2021,146.35,152.5,142.0,144.1,200515,77344,3277
PLASTIBLEN,26-AUG-2021,262.0,273.4,262.0,263.45,76807,23890,5048
PNB,26-AUG-2021,36.4,36.65,35.7,35.8,35509249,8517351,39684
PNBGILTS,26-AUG-2021,65.9,66.25,65.0,65.85,106803,71844,1381
PNC,26-AUG-2021,34.0,36.65,33.15,33.85,14768,7101,206
PNCINFRA,26-AUG-2021,308.0,309.0,298.15,302.3,452163,263383,22122
PODDARHOUS,26-AUG-2021,165.1,172.0,165.1,170.0,2582,2324,68
PODDARMENT,26-AUG-2021,341.05,347.0,339.5,344.5,4407,2659,484
POKARNA,26-AUG-2021,470.0,495.0,466.0,474.85,146884,57136,6790
POLYCAB,26-AUG-2021,1880.75,1882.4,1832.05,1857.25,187893,86566,21364
POLYMED,26-AUG-2021,914.0,935.0,911.9,928.45,73742,35546,7756
POLYPLEX,26-AUG-2021,1502.0,1518.0,1474.0,1484.3,67604,27548,6361
POWERGRID,26-AUG-2021,175.4,175.4,171.6,173.1,9086435,4990381,60067
POWERINDIA,26-AUG-2021,1960.0,2220.0,1934.7,2159.4,552638,114584,57906
POWERMECH,26-AUG-2021,824.0,841.55,820.0,827.3,23411,15027,2227
PPAP,26-AUG-2021,241.65,249.6,236.3,247.15,30873,19857,1061
PPL,26-AUG-2021,159.9,159.9,155.05,157.45,74042,32613,2460
PRAKASH,26-AUG-2021,65.3,66.3,64.75,65.2,507177,278483,4949
PRAKASHSTL,26-AUG-2021,1.9,2.0,1.9,2.0,3111639,1501493,664
PRAXIS,26-AUG-2021,42.3,43.45,42.3,42.3,2443,1646,53
PRECAM,26-AUG-2021,83.3,87.8,82.55,85.85,134704,81485,2659
PRECOT,26-AUG-2021,241.0,241.9,233.0,233.1,5040,3971,177
PRECWIRE,26-AUG-2021,247.7,255.0,238.3,239.85,232594,95367,14115
PREMIERPOL,26-AUG-2021,76.7,79.85,75.9,77.2,20143,13130,273
PRESSMN,26-AUG-2021,28.7,28.95,27.6,28.45,29951,15329,431
PRESTIGE,26-AUG-2021,346.9,354.0,337.45,350.65,584030,296645,10963
PRICOLLTD,26-AUG-2021,84.4,84.8,82.9,84.1,622205,219161,6924
PRIMESECU,26-AUG-2021,89.95,91.55,86.55,89.9,78134,65873,536
PRINCEPIPE,26-AUG-2021,604.0,612.5,595.25,603.5,321375,161114,19150
PRITIKAUTO,26-AUG-2021,17.1,17.7,17.05,17.25,43989,20161,233
PRIVISCL,26-AUG-2021,1580.0,1650.7,1561.2,1597.25,23429,11041,5232
PROZONINTU,26-AUG-2021,28.4,28.9,28.15,28.9,218052,172163,601
PRSMJOHNSN,26-AUG-2021,125.9,126.95,125.0,125.1,92741,56768,2253
PSB,26-AUG-2021,16.3,16.75,16.2,16.55,235033,161242,958
PSPPROJECT,26-AUG-2021,423.9,423.9,410.3,416.8,22053,9910,2601
PSUBNKBEES,26-AUG-2021,25.0,25.5,24.5,24.7,269451,189807,1023
PTC,26-AUG-2021,95.1,96.3,94.4,95.6,428966,241290,4657
PTL,26-AUG-2021,47.7,47.7,46.55,46.95,30536,21459,500
PUNJABCHEM,26-AUG-2021,1646.95,1646.95,1575.15,1593.6,20729,9365,2405
PURVA,26-AUG-2021,97.0,97.25,94.0,94.65,146374,60098,3124
PVR,26-AUG-2021,1310.0,1326.3,1295.0,1300.1,386027,113614,18280
QGOLDHALF,26-AUG-2021,2038.65,2038.65,2031.0,2032.0,730,488,67
QNIFTY,26-AUG-2021,1734.0,1734.0,1730.0,1732.0,13,10,5
QUESS,26-AUG-2021,837.7,848.0,827.05,829.8,310121,250498,4695
QUICKHEAL,26-AUG-2021,223.15,224.0,218.25,219.6,133787,69580,4234
RADICO,26-AUG-2021,872.4,908.9,871.25,885.1,694907,367477,17271
RADIOCITY,26-AUG-2021,23.35,23.35,22.95,23.05,138184,103881,471
RAILTEL,26-AUG-2021,125.6,126.65,124.6,125.2,318321,156842,5489
RAIN,26-AUG-2021,211.1,215.0,206.7,211.1,2152069,438615,22300
RAJESHEXPO,26-AUG-2021,594.8,599.55,586.5,592.85,232616,142835,10840
RAJSREESUG,26-AUG-2021,26.4,26.6,25.2,26.2,20549,10932,225
RALLIS,26-AUG-2021,276.45,288.3,276.45,286.05,1033486,270486,18981
RAMANEWS,26-AUG-2021,19.75,20.3,19.5,19.55,76759,43883,378
RAMCOCEM,26-AUG-2021,976.9,980.65,956.6,968.6,511724,166583,13968
RAMCOIND,26-AUG-2021,286.85,296.05,285.0,288.6,59121,20208,3214
RAMCOSYS,26-AUG-2021,479.55,483.1,444.05,447.9,270001,116842,12111
RANEENGINE,26-AUG-2021,279.35,287.95,270.25,274.1,8430,4718,632
RANEHOLDIN,26-AUG-2021,648.8,657.05,635.0,638.8,13918,6658,1481
RATNAMANI,26-AUG-2021,2090.0,2135.25,2069.0,2075.9,9419,4701,1631
RAYMOND,26-AUG-2021,400.0,404.2,393.8,395.2,227577,87823,7282
RBL,26-AUG-2021,914.0,917.3,890.0,896.4,2655,1458,506
RBLBANK,26-AUG-2021,161.5,165.2,160.55,162.55,9071081,3489486,41855
RCF,26-AUG-2021,71.5,72.3,71.05,71.35,793382,244932,6103
RCOM,26-AUG-2021,2.75,2.75,2.7,2.75,6485824,1624488,1680
RECLTD,26-AUG-2021,145.0,146.05,143.5,144.1,2308357,1089315,11076
REDINGTON,26-AUG-2021,152.75,155.0,148.5,150.25,554984,330953,21095
REFEX,26-AUG-2021,153.5,172.7,146.0,157.7,3553355,676669,69839
RELAXO,26-AUG-2021,1173.8,1177.6,1165.0,1168.35,75913,42689,11936
RELCAPITAL,26-AUG-2021,14.9,15.25,14.4,15.15,3798961,1530850,6322
RELIANCE,26-AUG-2021,2208.0,2244.9,2205.0,2230.45,8579105,4241826,248660
RELIGARE,26-AUG-2021,151.0,155.0,145.1,146.15,842611,370766,10405
REPCOHOME,26-AUG-2021,297.9,297.9,289.0,293.0,43082,24404,2619
REPL,26-AUG-2021,220.2,229.0,216.0,218.25,9187,7311,304
REPRO,26-AUG-2021,430.05,437.35,423.05,430.4,7189,3607,736
RESPONIND,26-AUG-2021,120.0,125.0,119.9,123.5,61246,7853,644
REVATHI,26-AUG-2021,564.0,590.0,555.55,560.75,2215,1018,263
RGL,26-AUG-2021,704.5,749.0,704.5,719.35,49436,8221,5234
RHIM,26-AUG-2021,356.6,371.0,345.25,360.95,229905,82538,9998
RICOAUTO,26-AUG-2021,49.3,52.4,48.3,50.85,1753905,365055,14866
RIIL,26-AUG-2021,614.95,629.0,614.3,619.7,105078,25824,5090
RITES,26-AUG-2021,263.6,263.6,258.6,259.25,81884,39423,3508
RKEC,26-AUG-2021,78.4,80.0,77.45,78.85,15224,8761,395
RKFORGE,26-AUG-2021,929.85,934.35,916.0,929.15,82821,48420,2609
RML,26-AUG-2021,386.0,390.0,383.0,386.35,18317,6505,1263
ROHLTD,26-AUG-2021,71.1,74.5,71.1,73.4,17514,12670,230
ROLEXRINGS,26-AUG-2021,1075.25,1107.0,1075.25,1100.3,84419,40502,10201
ROLLT,26-AUG-2021,2.7,2.75,2.35,2.4,2495090,1456467,1224
ROML,26-AUG-2021,56.45,67.65,55.95,67.65,32417,22680,1048
ROSSARI,26-AUG-2021,1337.8,1347.3,1315.95,1322.7,32235,10712,2804
ROSSELLIND,26-AUG-2021,158.85,159.85,152.8,154.8,57321,29307,2176
ROUTE,26-AUG-2021,1934.0,1939.7,1893.95,1909.9,131625,35260,10387
RPGLIFE,26-AUG-2021,499.0,502.9,492.0,493.95,30034,12508,2056
RPPINFRA,26-AUG-2021,73.9,74.85,73.35,73.7,78101,33164,1651
RPSGVENT,26-AUG-2021,652.5,652.5,632.0,638.7,29387,14950,2101
RSSOFTWARE,26-AUG-2021,35.95,37.5,34.2,35.85,448454,165969,3091
RSWM,26-AUG-2021,311.0,319.5,306.2,308.7,20458,11278,947
RSYSTEMS,26-AUG-2021,197.0,198.0,193.25,197.0,109418,44180,8024
RUBYMILLS,26-AUG-2021,273.3,277.9,267.05,269.85,22545,6088,3882
RUCHI,26-AUG-2021,1105.0,1105.0,1075.0,1091.7,19439,11987,2070
RUCHIRA,26-AUG-2021,80.2,83.15,77.6,78.2,66198,42570,1181
RUPA,26-AUG-2021,427.25,434.9,425.15,431.75,160636,88318,4559
RUSHIL,26-AUG-2021,258.0,258.0,252.6,255.4,14518,10027,346
RVHL,26-AUG-2021,21.95,22.2,21.05,22.2,72816,61352,303
RVNL,26-AUG-2021,27.85,28.15,27.7,27.85,1207137,690244,4414
S&SPOWER,26-AUG-2021,32.35,32.35,32.35,32.35,1146,1146,14
SADBHAV,26-AUG-2021,50.4,50.5,47.65,48.1,991611,728398,5739
SADBHIN,26-AUG-2021,16.95,17.25,16.05,16.5,3682027,3147297,3803
SAFARI,26-AUG-2021,831.7,859.0,822.0,836.7,112707,53643,12131
SAGCEM,26-AUG-2021,282.55,289.1,278.0,280.35,45100,24837,2944
SAIL,26-AUG-2021,119.0,119.3,114.0,115.25,58381363,26831143,156837
SAKAR,26-AUG-2021,172.55,173.85,165.15,167.3,53979,14097,4201
SAKSOFT,26-AUG-2021,874.95,930.0,851.45,888.5,586774,89234,32632
SALASAR,26-AUG-2021,281.0,292.0,268.8,283.85,136361,76267,5535
SALONA,26-AUG-2021,210.05,210.05,205.1,205.7,7663,6390,204
SALZERELEC,26-AUG-2021,149.0,155.8,145.8,153.65,64579,31000,2245
SANCO,26-AUG-2021,8.35,8.85,8.05,8.4,18794,9628,71
SANDESH,26-AUG-2021,799.85,814.15,785.2,789.45,1733,693,189
SANDHAR,26-AUG-2021,266.95,266.95,255.0,258.1,27945,19537,1858
SANGAMIND,26-AUG-2021,141.0,141.0,132.0,132.45,17852,9668,645
SANGHIIND,26-AUG-2021,64.5,66.5,64.15,64.95,876786,472875,5323
SANGHVIMOV,26-AUG-2021,182.3,182.85,177.05,178.5,24544,10871,980
SANGINITA,26-AUG-2021,25.8,25.9,24.05,25.0,183069,20691,1563
SANOFI,26-AUG-2021,8849.9,8899.9,8670.0,8688.4,10971,6424,3011
SARLAPOLY,26-AUG-2021,42.9,46.25,42.4,42.8,658830,292839,5385
SASKEN,26-AUG-2021,1314.0,1364.0,1314.0,1326.4,48614,19019,5523
SATIA,26-AUG-2021,95.0,96.95,93.2,94.1,179236,51602,2676
SATIN,26-AUG-2021,79.8,79.8,77.65,78.15,52760,32487,1328
SBCL,26-AUG-2021,183.0,184.9,174.65,175.4,35313,23331,1456
SBICARD,26-AUG-2021,1067.0,1100.0,1053.45,1088.05,1971766,1071534,70942
SBIETFCON,26-AUG-2021,66.45,67.36,65.26,65.46,3977,3018,110
SBIETFIT,26-AUG-2021,378.1,378.1,342.6,346.25,5883,5448,146
SBIETFPB,26-AUG-2021,184.0,185.34,182.98,184.22,224,110,30
SBIETFQLTY,26-AUG-2021,147.5,148.8,146.5,147.05,809,413,75
SBILIFE,26-AUG-2021,1151.2,1164.5,1144.85,1151.8,823814,284126,33619
SBIN,26-AUG-2021,414.5,415.8,410.0,410.75,15897679,5637807,153279
SCHAEFFLER,26-AUG-2021,7178.0,7210.0,7050.0,7091.1,14328,5881,3362
SCHAND,26-AUG-2021,110.75,114.4,109.1,110.5,70834,38267,1501
SCHNEIDER,26-AUG-2021,116.15,119.95,115.0,117.3,992932,275204,10976
SCI,26-AUG-2021,101.9,111.25,100.8,108.15,7384057,1530401,41748
SDBL,26-AUG-2021,40.0,40.0,38.0,38.35,192051,150517,1251
SEAMECLTD,26-AUG-2021,730.0,749.05,730.0,731.95,32038,14752,1403
SECURKLOUD,26-AUG-2021,110.15,117.9,110.15,113.6,161526,95312,6003
SELAN,26-AUG-2021,136.0,145.0,134.55,141.75,87814,40860,1827
SEPOWER,26-AUG-2021,7.95,7.95,7.35,7.95,46595,35311,210
SEQUENT,26-AUG-2021,231.4,236.5,225.05,227.2,727605,300793,14414
SESHAPAPER,26-AUG-2021,175.3,177.85,172.2,172.85,42236,19053,1218
SETCO,26-AUG-2021,17.9,18.0,17.3,17.5,102545,51046,470
SETF10GILT,26-AUG-2021,204.99,204.99,203.82,204.0,188,146,9
SETFGOLD,26-AUG-2021,4208.05,4208.05,4177.5,4180.35,6733,4863,1400
SETFNIF50,26-AUG-2021,170.49,170.57,169.21,169.53,157495,113111,1098
SETFNIFBK,26-AUG-2021,355.0,357.27,354.0,355.88,25598,17950,347
SETFNN50,26-AUG-2021,414.99,415.99,409.18,414.17,7136,5422,300
SEYAIND,26-AUG-2021,55.6,58.6,54.55,54.95,27268,16745,308
SFL,26-AUG-2021,2351.0,2368.0,2278.8,2309.35,4765,1505,1248
SGIL,26-AUG-2021,158.0,158.0,151.3,153.2,2873,2579,79
SGL,26-AUG-2021,13.75,13.95,13.0,13.8,56564,41105,219
SHAKTIPUMP,26-AUG-2021,705.0,709.95,683.95,690.95,24279,13691,1822
SHALBY,26-AUG-2021,189.9,193.0,185.0,187.05,225482,114592,4081
SHALPAINTS,26-AUG-2021,95.0,95.05,92.3,93.8,81249,39937,1927
SHANKARA,26-AUG-2021,540.1,563.95,538.0,541.75,185998,36145,13502
SHANTIGEAR,26-AUG-2021,167.0,173.8,165.1,170.75,224252,42779,13002
SHARDACROP,26-AUG-2021,298.7,319.85,296.0,307.75,372982,91841,14156
SHAREINDIA,26-AUG-2021,527.8,527.8,516.1,517.3,16164,6954,1149
SHARIABEES,26-AUG-2021,449.0,449.0,437.1,438.77,994,945,46
SHEMAROO,26-AUG-2021,115.85,116.5,113.1,114.0,24304,13179,672
SHILPAMED,26-AUG-2021,580.0,592.0,567.15,574.15,343428,95807,9235
SHIVAMAUTO,26-AUG-2021,23.0,23.15,22.15,22.65,59455,32949,382
SHIVAMILLS,26-AUG-2021,81.9,82.2,75.9,77.65,23162,15111,502
SHIVATEX,26-AUG-2021,189.0,193.15,185.0,186.4,26477,12894,871
SHK,26-AUG-2021,145.6,147.15,143.8,145.35,77469,39985,2125
SHOPERSTOP,26-AUG-2021,236.6,257.8,236.6,245.75,1036663,145843,23189
SHRADHA,26-AUG-2021,47.6,51.05,41.05,44.6,7733,5446,144
SHREDIGCEM,26-AUG-2021,80.0,80.8,79.2,79.35,241487,118333,3138
SHREECEM,26-AUG-2021,26251.0,26630.0,26116.0,26556.05,49409,30271,14363
SHREEPUSHK,26-AUG-2021,174.0,174.0,166.7,169.0,33207,21991,834
SHREERAMA,26-AUG-2021,12.45,12.6,11.9,12.25,24232,14477,186
SHRENIK,26-AUG-2021,1.55,1.65,1.55,1.6,1842454,1231811,1385
SHREYANIND,26-AUG-2021,121.55,129.45,120.5,124.35,16314,9787,559
SHREYAS,26-AUG-2021,277.4,277.4,277.4,277.4,17731,17731,151
SHRIRAMCIT,26-AUG-2021,2054.0,2059.8,2025.0,2050.35,57054,25629,7634
SHRIRAMEPC,26-AUG-2021,4.45,4.65,4.4,4.55,168423,136019,300
SHYAMCENT,26-AUG-2021,12.0,12.35,11.5,12.3,187887,116018,609
SHYAMMETL,26-AUG-2021,390.6,394.35,381.1,384.85,357086,133721,10519
SICAL,26-AUG-2021,11.3,11.3,10.9,11.0,157507,97359,414
SIEMENS,26-AUG-2021,2190.7,2221.95,2181.0,2211.05,318002,153040,13811
SIGIND,26-AUG-2021,48.7,48.7,45.5,46.6,14311,9033,304
SILGO,26-AUG-2021,33.35,33.65,33.0,33.5,9001,5275,83
SILLYMONKS,26-AUG-2021,19.7,19.7,18.2,18.4,1875,909,42
SIMPLEXINF,26-AUG-2021,38.45,39.4,37.6,37.95,41536,31272,406
SINTERCOM,26-AUG-2021,85.9,88.5,84.2,84.95,10731,6057,89
SINTEX,26-AUG-2021,3.85,4.0,3.85,3.9,767476,460810,994
SIRCA,26-AUG-2021,322.0,327.0,315.65,324.45,22224,13615,852
SIS,26-AUG-2021,454.6,469.0,420.0,466.55,178760,69280,8067
SITINET,26-AUG-2021,1.45,1.45,1.4,1.45,2307677,1426217,520
SIYSIL,26-AUG-2021,360.0,366.25,357.2,361.55,17345,9297,1371
SJVN,26-AUG-2021,26.15,26.25,25.95,26.05,598763,268089,2081
SKFINDIA,26-AUG-2021,2818.0,2850.0,2771.1,2799.95,75974,52815,10895
SKIL,26-AUG-2021,3.9,3.9,3.85,3.9,16025,15225,47
SKIPPER,26-AUG-2021,80.2,81.75,79.8,80.1,112696,61735,1708
SKMEGGPROD,26-AUG-2021,85.85,89.4,84.15,85.6,464520,96974,8594
SMARTLINK,26-AUG-2021,102.0,102.9,100.9,101.35,12834,3726,587
SMCGLOBAL,26-AUG-2021,75.95,77.1,75.45,76.1,146344,74168,1513
SMLISUZU,26-AUG-2021,560.05,577.5,555.5,559.4,35012,7702,5747
SMSLIFE,26-AUG-2021,721.85,745.65,721.85,732.1,2337,1376,375
SMSPHARMA,26-AUG-2021,172.4,172.75,166.15,167.3,40784,21483,1462
SNOWMAN,26-AUG-2021,42.15,42.7,41.85,42.45,410205,179493,3062
SOBHA,26-AUG-2021,586.9,596.0,575.7,584.2,108027,73643,3579
SOLARA,26-AUG-2021,1689.9,1698.1,1618.05,1626.85,54865,30700,6261
SOLARINDS,26-AUG-2021,1723.0,1723.0,1675.0,1700.75,66137,34706,8810
SOMATEX,26-AUG-2021,6.9,6.95,6.9,6.95,36425,34772,42
SOMICONVEY,26-AUG-2021,50.05,50.8,46.6,49.6,5464,3026,219
SONACOMS,26-AUG-2021,475.0,484.0,466.15,471.5,2658679,816780,57216
SONATSOFTW,26-AUG-2021,884.55,884.55,799.2,869.95,236555,81317,12063
SORILINFRA,26-AUG-2021,107.0,110.0,106.5,107.4,16853,8793,499
SOTL,26-AUG-2021,1591.5,1598.15,1553.95,1566.75,14737,6478,2723
SOUTHBANK,26-AUG-2021,9.5,10.1,9.4,9.9,27160250,5162602,45206
SOUTHWEST,26-AUG-2021,89.85,89.85,87.25,88.0,136271,93569,223
SPAL,26-AUG-2021,307.75,314.75,293.25,295.85,48777,24338,2402
SPANDANA,26-AUG-2021,633.6,640.2,615.5,634.4,184294,160339,4594
SPARC,26-AUG-2021,290.0,294.55,286.3,288.7,662159,194309,9062
SPECIALITY,26-AUG-2021,69.2,71.2,67.1,67.4,144950,58805,2048
SPENCERS,26-AUG-2021,100.3,102.8,99.45,101.7,818215,184224,11112
SPIC,26-AUG-2021,52.3,52.9,51.0,51.5,353874,151880,3240
SPICEJET,26-AUG-2021,72.25,74.15,70.3,71.1,5937302,926600,29612
SPLIL,26-AUG-2021,53.4,53.4,51.55,52.35,27564,17376,775
SPTL,26-AUG-2021,4.2,4.25,4.0,4.1,887511,575550,1479
SREEL,26-AUG-2021,158.7,158.7,153.0,153.9,5212,3267,260
SRF,26-AUG-2021,8939.8,9150.0,8890.1,9063.15,132950,44425,18794
SRHHYPOLTD,26-AUG-2021,293.0,301.45,289.25,295.65,28123,22442,926
SRIPIPES,26-AUG-2021,207.85,213.75,207.85,213.0,85941,57880,2445
SRTRANSFIN,26-AUG-2021,1276.0,1297.15,1256.95,1265.45,1313532,384210,41374
SSWL,26-AUG-2021,1840.0,1880.05,1811.15,1880.05,78371,41643,4271
STAR,26-AUG-2021,584.75,592.35,579.5,581.75,488872,84567,14154
STARCEMENT,26-AUG-2021,109.7,112.2,107.5,108.3,676902,238357,10634
STARPAPER,26-AUG-2021,147.35,149.0,144.1,144.95,149584,40185,7475
STCINDIA,26-AUG-2021,107.6,107.6,102.0,102.45,72650,37744,2391
STEELCITY,26-AUG-2021,63.9,65.45,63.0,64.7,33954,21007,553
STEELXIND,26-AUG-2021,80.1,82.0,79.2,80.0,209071,129375,1429
STEL,26-AUG-2021,134.0,141.6,126.5,138.5,447676,195841,16964
STERTOOLS,26-AUG-2021,202.95,213.65,201.05,208.5,84396,35590,4286
STLTECH,26-AUG-2021,267.5,269.75,257.55,259.3,307441,139496,8166
STOVEKRAFT,26-AUG-2021,788.0,825.0,785.95,819.65,276367,77023,16846
STYLAMIND,26-AUG-2021,1089.95,1092.0,1045.0,1066.9,4565,3020,644
SUBEXLTD,26-AUG-2021,50.85,51.6,49.6,50.0,4775308,1633295,17084
SUBROS,26-AUG-2021,307.0,315.0,307.0,311.1,23777,10787,1232
SUDARSCHEM,26-AUG-2021,600.0,600.0,587.05,592.0,248063,63213,11066
SUMICHEM,26-AUG-2021,401.75,401.75,396.1,398.95,180162,92357,5376
SUMMITSEC,26-AUG-2021,663.0,663.0,645.9,651.3,13413,10109,564
SUNCLAYLTD,26-AUG-2021,3548.0,3629.55,3496.95,3517.45,3176,1012,980
SUNDARMFIN,26-AUG-2021,2600.0,2601.45,2559.05,2596.25,44944,26898,5786
SUNDARMHLD,26-AUG-2021,78.7,80.1,77.45,78.45,151409,90589,1529
SUNDRMBRAK,26-AUG-2021,414.5,430.0,410.0,420.95,7071,3427,224
SUNDRMFAST,26-AUG-2021,787.65,794.9,771.55,774.4,60149,25774,6929
SUNFLAG,26-AUG-2021,81.3,82.45,80.6,81.1,413799,54483,7214
SUNPHARMA,26-AUG-2021,765.15,771.1,759.25,760.55,1735864,622820,32929
SUNTECK,26-AUG-2021,354.0,359.0,347.0,350.3,335498,68597,13043
SUNTV,26-AUG-2021,481.5,488.75,473.15,475.55,1677941,612437,25042
SUPERHOUSE,26-AUG-2021,164.75,166.55,163.9,164.3,17608,10931,622
SUPRAJIT,26-AUG-2021,323.9,330.0,320.05,324.95,171255,49477,6380
SUPREMEENG,26-AUG-2021,29.15,29.9,28.65,29.25,2652,2149,70
SUPREMEIND,26-AUG-2021,2035.0,2050.0,2015.05,2032.6,64661,36171,14031
SURANASOL,26-AUG-2021,12.65,12.65,12.0,12.2,45648,28432,226
SURANAT&P,26-AUG-2021,6.45,6.45,6.1,6.1,66501,44155,203
SURYAROSNI,26-AUG-2021,512.1,523.0,495.3,499.8,138684,63570,9975
SURYODAY,26-AUG-2021,158.7,162.2,155.2,156.5,262236,75188,7717
SUTLEJTEX,26-AUG-2021,60.65,62.45,59.6,59.95,161211,71341,3583
SUULD,26-AUG-2021,553.6,553.6,520.0,525.6,47554,35980,1461
SUVEN,26-AUG-2021,82.1,85.0,81.9,82.5,181951,70518,2633
SUVENPHAR,26-AUG-2021,544.95,562.0,541.0,560.2,248155,167832,8645
SUVIDHAA,26-AUG-2021,21.95,21.95,19.55,21.35,30197,25007,246
SUZLON,26-AUG-2021,6.1,6.15,5.95,6.0,15813338,7198452,11557
SVPGLOB,26-AUG-2021,127.8,135.8,125.1,129.45,209856,137673,3782
SWANENERGY,26-AUG-2021,133.2,153.7,132.1,148.15,8259184,454556,92805
SWARAJENG,26-AUG-2021,1655.2,1669.1,1650.0,1659.85,3745,1890,855
SWELECTES,26-AUG-2021,215.1,224.35,215.1,218.75,11578,6614,484
SWSOLAR,26-AUG-2021,285.0,314.9,282.35,311.45,6918286,2274993,84101
SYMPHONY,26-AUG-2021,915.25,945.0,915.2,940.6,70204,26872,6524
SYNGENE,26-AUG-2021,596.35,623.9,595.55,615.25,743266,217588,21067
TAJGVK,26-AUG-2021,123.6,123.6,121.85,122.15,19093,10890,791
TAKE,26-AUG-2021,50.45,52.8,50.2,52.35,1315697,449629,7912
TALBROAUTO,26-AUG-2021,286.55,291.85,286.0,288.05,13958,6340,835
TARAPUR,26-AUG-2021,4.25,4.6,4.25,4.3,1791,1389,19
TARMAT,26-AUG-2021,69.8,71.45,60.1,62.8,503024,293670,3948
TASTYBITE,26-AUG-2021,18443.0,18490.0,18000.0,18065.35,1267,422,694
TATACHEM,26-AUG-2021,818.1,834.45,818.1,826.6,2292653,717867,39363
TATACOFFEE,26-AUG-2021,198.9,201.2,194.45,195.95,2091956,373569,21173
TATACOMM,26-AUG-2021,1407.0,1419.0,1387.6,1392.0,188373,125942,7396
TATACONSUM,26-AUG-2021,842.0,856.8,834.55,853.3,2464570,653840,56223
TATAELXSI,26-AUG-2021,4830.0,4924.0,4811.15,4861.6,136051,52081,17528
TATAINVEST,26-AUG-2021,1223.8,1265.8,1223.8,1251.1,89039,20347,7931
TATAMETALI,26-AUG-2021,1069.95,1074.0,1047.25,1055.45,99810,39936,6782
TATAMOTORS,26-AUG-2021,284.85,287.35,281.65,284.3,17864053,3419405,149256
TATAMTRDVR,26-AUG-2021,138.6,140.35,137.4,139.35,1506421,795155,32574
TATAPOWER,26-AUG-2021,126.45,126.6,124.55,125.65,16968193,6577003,66041
TATASTEEL,26-AUG-2021,1390.4,1394.75,1365.0,1375.05,9157898,1940585,181905
TATVA,26-AUG-2021,2181.0,2181.0,2111.0,2138.55,209220,92846,16680
TBZ,26-AUG-2021,72.1,73.5,72.1,72.55,99090,33341,1658
TCI,26-AUG-2021,416.0,417.5,410.6,415.35,15249,9619,854
TCIDEVELOP,26-AUG-2021,305.9,321.25,305.75,309.95,506,306,72
TCIEXP,26-AUG-2021,1395.1,1449.0,1390.5,1414.5,34065,8294,4208
TCIFINANCE,26-AUG-2021,4.9,4.9,4.9,4.9,200,200,3
TCNSBRANDS,26-AUG-2021,590.25,616.25,581.65,599.35,278371,34867,17160
TCPLPACK,26-AUG-2021,536.0,543.55,535.0,536.25,47235,25582,1010
TCS,26-AUG-2021,3660.0,3687.6,3647.9,3671.85,1902533,1154816,111272
TDPOWERSYS,26-AUG-2021,273.2,294.85,269.05,284.9,311546,126900,15190
TEAMLEASE,26-AUG-2021,3979.0,3979.0,3873.0,3919.15,6481,2168,2091
TECHIN,26-AUG-2021,5.7,6.15,5.7,6.15,22803,20399,66
TECHM,26-AUG-2021,1459.8,1466.75,1444.0,1449.5,1993944,985157,62041
TECHNOE,26-AUG-2021,277.9,292.0,273.05,282.15,299128,134185,15937
TEMBO,26-AUG-2021,256.05,264.5,252.0,262.85,72875,35838,992
TEXINFRA,26-AUG-2021,58.25,59.7,58.2,59.4,9835,7191,156
TEXMOPIPES,26-AUG-2021,49.2,49.85,46.5,46.95,102124,59906,1257
TEXRAIL,26-AUG-2021,32.35,33.45,32.35,33.1,475926,178443,2536
TFCILTD,26-AUG-2021,61.2,62.3,60.85,61.3,82117,39922,2683
TFL,26-AUG-2021,4.3,4.65,4.25,4.4,4827,2701,27
TGBHOTELS,26-AUG-2021,7.35,7.35,6.9,6.95,3529,2846,62
THANGAMAYL,26-AUG-2021,855.0,909.0,838.35,888.2,28424,18040,2126
THEINVEST,26-AUG-2021,121.35,133.0,117.55,128.5,56907,28507,963
THEMISMED,26-AUG-2021,1101.0,1133.7,1070.0,1081.15,14674,8143,1854
THERMAX,26-AUG-2021,1390.0,1419.8,1362.65,1374.8,194653,46362,17269
THOMASCOOK,26-AUG-2021,57.0,57.75,56.55,57.15,105051,60445,1335
THYROCARE,26-AUG-2021,1269.5,1282.05,1240.0,1244.3,171348,135034,5797
TIIL,26-AUG-2021,791.0,800.0,772.4,780.45,15938,6776,1743
TIINDIA,26-AUG-2021,1275.1,1288.0,1251.25,1267.2,382359,343858,5653
TIL,26-AUG-2021,152.0,164.2,149.85,160.95,49114,24780,1283
TIMESGTY,26-AUG-2021,43.55,45.7,42.95,43.95,9913,4706,329
TIMETECHNO,26-AUG-2021,72.15,74.45,71.25,72.15,564199,207606,6096
TIMKEN,26-AUG-2021,1580.0,1587.95,1563.0,1571.6,59992,33664,4478
TINPLATE,26-AUG-2021,228.5,228.5,222.25,223.7,183817,59021,5288
TIRUMALCHM,26-AUG-2021,182.0,182.1,175.25,176.15,408226,201661,7050
TITAN,26-AUG-2021,1822.65,1834.6,1805.25,1815.35,1059290,514994,50957
TMRVL,26-AUG-2021,17.2,17.2,16.3,16.45,29631,20196,260
TNPETRO,26-AUG-2021,118.0,119.95,114.4,115.1,223134,126750,4706
TNPL,26-AUG-2021,135.9,138.3,134.25,135.35,100337,40464,2435
TOKYOPLAST,26-AUG-2021,110.0,111.0,104.0,105.1,30470,17937,1399
TORNTPHARM,26-AUG-2021,3054.0,3087.05,3036.6,3052.75,120644,55941,11251
TORNTPOWER,26-AUG-2021,475.95,477.65,465.7,473.15,3057691,1171019,48936
TOTAL,26-AUG-2021,49.7,49.7,46.0,46.4,29274,22880,249
TPLPLASTEH,26-AUG-2021,302.4,307.65,300.85,303.5,6121,2758,626
TREJHARA,26-AUG-2021,59.55,62.05,58.7,60.85,28171,11925,834
TRENT,26-AUG-2021,920.0,964.15,919.95,941.35,3121784,356042,77236
TRF,26-AUG-2021,108.0,108.6,105.0,105.65,6439,3825,201
TRIDENT,26-AUG-2021,20.5,20.95,20.2,20.35,9232645,3460455,20692
TRIGYN,26-AUG-2021,117.45,121.4,114.9,118.2,113808,52667,2003
TRIL,26-AUG-2021,26.9,28.25,26.9,27.9,167554,109501,1021
TRITURBINE,26-AUG-2021,124.45,127.3,122.0,122.85,148894,69735,6892
TRIVENI,26-AUG-2021,174.75,177.95,171.25,172.2,449343,123874,7170
TTKHLTCARE,26-AUG-2021,717.0,717.0,685.0,688.8,4375,2107,669
TTKPRESTIG,26-AUG-2021,8885.0,8920.15,8825.0,8894.4,8238,7154,2074
TTL,26-AUG-2021,68.8,68.8,65.35,67.3,21973,11922,393
TV18BRDCST,26-AUG-2021,35.05,35.45,34.5,34.6,2519214,755042,6375
TVSELECT,26-AUG-2021,164.35,164.9,160.85,161.8,18875,12727,591
TVSMOTOR,26-AUG-2021,521.2,522.75,506.5,509.2,1187899,394300,19182
TVSSRICHAK,26-AUG-2021,2037.9,2099.0,2030.6,2073.25,7687,3419,1579
TVTODAY,26-AUG-2021,284.1,288.5,283.6,285.45,67973,49132,1712
TWL,26-AUG-2021,92.9,98.4,92.5,97.05,2442790,885342,22411
UBL,26-AUG-2021,1430.0,1449.65,1422.25,1435.75,345584,45379,17750
UCALFUEL,26-AUG-2021,147.1,152.45,144.0,148.0,67151,12870,1925
UCOBANK,26-AUG-2021,12.6,12.75,12.55,12.6,1805611,761586,13067
UFLEX,26-AUG-2021,491.9,491.9,480.0,481.75,276827,73680,8589
UFO,26-AUG-2021,91.4,92.8,90.5,90.95,89964,55172,2242
UGARSUGAR,26-AUG-2021,29.0,29.55,27.5,27.95,388015,177119,2025
UGROCAP,26-AUG-2021,118.0,118.0,112.25,114.35,27681,20914,292
UJAAS,26-AUG-2021,2.7,2.75,2.65,2.65,465960,322376,436
UJJIVAN,26-AUG-2021,165.35,165.35,159.1,160.15,538284,318071,7787
UJJIVANSFB,26-AUG-2021,20.0,20.05,19.45,19.7,3945102,2436053,9892
ULTRACEMCO,26-AUG-2021,7365.0,7418.9,7301.0,7307.1,183243,86997,30226
UMANGDAIRY,26-AUG-2021,75.05,76.4,73.2,74.95,11454,6755,319
UMESLTD,26-AUG-2021,3.3,3.65,3.3,3.4,36900,19852,95
UNICHEMLAB,26-AUG-2021,276.3,282.75,272.0,277.35,53351,15162,8968
UNIDT,26-AUG-2021,321.0,340.05,316.85,325.75,108754,17739,9975
UNIENTER,26-AUG-2021,119.8,126.8,119.8,125.4,21665,11710,491
UNIONBANK,26-AUG-2021,33.55,33.7,33.3,33.55,2850489,1058809,6757
UNITEDTEA,26-AUG-2021,407.15,409.9,401.0,404.8,2204,1525,152
UNIVASTU,26-AUG-2021,46.05,47.0,44.65,47.0,26855,12534,289
UNIVCABLES,26-AUG-2021,169.25,169.25,160.35,164.1,20419,11677,930
UNIVPHOTO,26-AUG-2021,290.1,313.9,290.0,307.7,26454,7752,1123
UPL,26-AUG-2021,725.0,729.8,717.0,719.65,1538567,542623,27070
URJA,26-AUG-2021,6.6,6.7,6.35,6.4,3052407,1340629,3782
USHAMART,26-AUG-2021,66.75,68.1,66.0,66.8,445611,237649,3502
UTIAMC,26-AUG-2021,1125.0,1165.0,1120.15,1145.45,511673,267237,37333
UTIBANKETF,26-AUG-2021,36.1,36.1,35.5,35.94,10459,9773,110
UTINEXT50,26-AUG-2021,40.95,41.59,40.6,40.81,18508,14949,272
UTINIFTETF,26-AUG-2021,1777.0,1777.0,1737.4,1741.33,2892,2843,54
UTISENSETF,26-AUG-2021,589.99,590.0,583.05,588.59,2407,2380,64
UTISXN50,26-AUG-2021,45.0,46.48,44.95,44.95,246,140,41
V2RETAIL,26-AUG-2021,108.9,110.25,106.55,108.45,11256,5690,316
VADILALIND,26-AUG-2021,1116.0,1154.95,1081.25,1095.1,20842,9017,3180
VAIBHAVGBL,26-AUG-2021,708.95,719.0,702.85,715.2,54838,29570,4955
VAISHALI,26-AUG-2021,39.1,40.15,38.75,39.0,68103,42135,972
VAKRANGEE,26-AUG-2021,41.0,41.35,39.55,40.4,7636569,2739671,13613
VALIANTORG,26-AUG-2021,1307.0,1319.3,1286.1,1288.65,29144,21986,2356
VARDHACRLC,26-AUG-2021,64.3,64.95,63.1,63.75,116145,58648,1757
VARROC,26-AUG-2021,290.0,297.5,289.0,296.1,93817,35320,3869
VASCONEQ,26-AUG-2021,26.4,26.75,24.6,25.95,1556748,828732,3002
VASWANI,26-AUG-2021,12.3,12.5,12.1,12.3,15746,12764,111
VBL,26-AUG-2021,829.95,854.0,829.05,849.65,1116542,694578,23280
VEDL,26-AUG-2021,290.25,293.4,283.4,287.55,15369839,3127690,94315
VENKEYS,26-AUG-2021,2942.65,3048.0,2920.0,2951.6,454093,77431,49451
VENUSREM,26-AUG-2021,479.0,495.05,471.0,472.35,44990,22977,2915
VERTOZ,26-AUG-2021,103.8,124.55,102.85,113.95,1358148,294005,24886
VESUVIUS,26-AUG-2021,1160.0,1197.0,1160.0,1175.1,8410,5182,1299
VETO,26-AUG-2021,112.0,116.85,108.5,109.65,774764,245518,20829
VGUARD,26-AUG-2021,237.2,241.2,237.2,239.25,355303,224435,5229
VHL,26-AUG-2021,2987.95,3008.95,2907.0,2963.4,343,181,158
VIDHIING,26-AUG-2021,330.25,343.6,330.25,333.95,94638,34064,4464
VIKASECO,26-AUG-2021,2.05,2.15,2.05,2.1,7299944,4726806,1235
VIKASPROP,26-AUG-2021,2.3,2.35,2.25,2.3,370090,258873,3648
VIKASWSP,26-AUG-2021,5.15,5.3,5.0,5.25,730717,578235,465
VIMTALABS,26-AUG-2021,304.9,309.6,298.7,301.55,43664,23518,2115
VINATIORGA,26-AUG-2021,1815.0,1834.7,1769.15,1780.8,165142,136909,6196
VINDHYATEL,26-AUG-2021,1089.95,1105.8,1070.0,1075.35,12141,3832,1975
VINEETLAB,26-AUG-2021,81.5,81.55,79.1,81.55,41523,27327,487
VINYLINDIA,26-AUG-2021,197.4,211.4,195.0,209.0,622692,192827,20182
VIPIND,26-AUG-2021,451.3,474.85,443.8,469.85,1619603,280007,44124
VIPULLTD,26-AUG-2021,29.6,29.6,27.55,29.45,9295,6547,132
VISAKAIND,26-AUG-2021,715.1,721.05,702.05,707.05,14535,9181,1277
VISASTEEL,26-AUG-2021,10.0,10.15,9.3,10.15,98113,29047,256
VISHAL,26-AUG-2021,113.85,113.85,111.85,112.65,162683,108495,1401
VISHNU,26-AUG-2021,604.4,605.95,587.35,590.3,6647,4948,381
VISHWARAJ,26-AUG-2021,160.9,163.65,155.05,155.8,167118,56888,4113
VIVIDHA,26-AUG-2021,0.85,0.85,0.75,0.8,3853792,3025062,1441
VIVIMEDLAB,26-AUG-2021,20.4,21.25,20.05,21.25,303559,212731,1133
VLSFINANCE,26-AUG-2021,193.0,197.65,189.8,190.9,35408,17693,1201
VMART,26-AUG-2021,3639.0,3660.0,3501.35,3538.75,11406,4165,3313
VOLTAMP,26-AUG-2021,1405.95,1440.0,1392.75,1399.3,8752,4677,1661
VOLTAS,26-AUG-2021,965.0,973.75,955.0,957.4,1303680,600107,27220
VRLLOG,26-AUG-2021,309.9,316.4,308.5,314.45,113102,43548,5237
VSSL,26-AUG-2021,252.4,252.55,242.2,250.15,212643,73288,6607
VSTIND,26-AUG-2021,3367.0,3370.0,3340.0,3354.6,3849,2920,526
VSTTILLERS,26-AUG-2021,2560.0,2590.05,2486.7,2527.9,10759,3552,2225
VTL,26-AUG-2021,1777.0,1777.0,1737.65,1750.5,53448,23783,5681
WABAG,26-AUG-2021,341.95,345.0,334.5,341.15,175332,97337,9873
WABCOINDIA,26-AUG-2021,7075.1,7116.0,7026.0,7053.6,22248,13260,3698
WALCHANNAG,26-AUG-2021,60.7,62.75,60.0,62.5,149838,65411,2570
WATERBASE,26-AUG-2021,116.5,118.35,114.0,114.5,114452,44263,3088
WEBELSOLAR,26-AUG-2021,66.0,67.05,65.0,66.45,86416,55535,785
WEIZMANIND,26-AUG-2021,47.65,47.7,45.55,47.7,4478,2828,97
WELCORP,26-AUG-2021,120.4,121.2,116.65,117.4,897184,328813,11322
WELENT,26-AUG-2021,96.8,96.8,93.05,93.55,71325,36198,2194
WELINV,26-AUG-2021,338.85,338.85,333.5,336.25,14,10,4
WELSPUNIND,26-AUG-2021,128.0,128.9,126.1,127.0,859292,281237,11629
WENDT,26-AUG-2021,4240.0,4267.15,4201.0,4207.2,628,519,132
WESTLIFE,26-AUG-2021,513.95,530.0,509.45,527.65,71659,37842,3816
WHEELS,26-AUG-2021,810.0,854.9,810.0,838.65,32402,17754,2746
WHIRLPOOL,26-AUG-2021,1992.05,2029.9,1980.0,2025.55,141321,95947,10066
WILLAMAGOR,26-AUG-2021,20.55,21.9,20.55,20.85,22780,12401,430
WINDLAS,26-AUG-2021,348.0,351.4,343.6,344.75,155491,45404,6061
WINDMACHIN,26-AUG-2021,30.05,30.5,29.6,30.0,36891,22256,330
WIPRO,26-AUG-2021,632.2,638.5,626.0,628.95,4208351,1186314,72896
WOCKPHARMA,26-AUG-2021,437.7,465.0,410.6,415.05,3295279,1136663,73306
WONDERLA,26-AUG-2021,234.8,237.0,232.05,233.25,44999,17654,3858
WORTH,26-AUG-2021,94.0,97.85,90.9,94.25,20678,10517,510
WSTCSTPAPR,26-AUG-2021,233.4,235.35,230.15,232.7,104842,35576,2635
XCHANGING,26-AUG-2021,111.95,116.4,109.1,112.7,725036,322477,10163
XPROINDIA,26-AUG-2021,333.4,333.4,333.4,333.4,17763,17763,166
YESBANK,26-AUG-2021,10.95,11.25,10.9,10.95,91932265,31567194,143414
ZEEL,26-AUG-2021,170.15,171.4,167.55,168.05,5813113,2193317,33871
ZEELEARN,26-AUG-2021,12.1,12.5,11.75,11.85,1129993,850133,2017
ZEEMEDIA,26-AUG-2021,9.0,9.1,8.85,9.0,965045,610676,2834
ZENITHEXPO,26-AUG-2021,81.0,87.0,78.55,82.85,4101,2378,145
ZENSARTECH,26-AUG-2021,436.1,448.9,435.05,446.4,788716,245762,25931
ZENTEC,26-AUG-2021,85.0,98.2,81.8,96.2,2982925,933284,31396
ZODIACLOTH,26-AUG-2021,108.95,109.45,104.75,106.15,29579,16269,794
ZODJRDMKJ,26-AUG-2021,28.5,30.45,28.5,30.45,8555,3878,189
ZOMATO,26-AUG-2021,125.25,127.15,124.35,125.85,20645403,6423467,104822
ZOTA,26-AUG-2021,334.7,345.0,326.7,342.65,73428,39418,1759
ZYDUSWELL,26-AUG-2021,2231.7,2396.1,2224.25,2284.95,369460,111339,34523
