20MICRONS,08-SEP-2021,53.25,58.4,52.55,54.7,142118,50925,1273
21STCENMGM,08-SEP-2021,34.8,36.2,34.8,36.2,31233,28629,166
3MINDIA,08-SEP-2021,24500.0,24624.95,24211.15,24341.75,3627,902,1180
5PAISA,08-SEP-2021,475.0,475.0,465.8,469.2,11435,4332,420
63MOONS,08-SEP-2021,94.9,96.0,93.25,94.0,37303,26014,717
A2ZINFRA,08-SEP-2021,4.25,4.4,4.15,4.3,317722,174689,267
AAKASH,08-SEP-2021,287.1,289.7,277.0,283.6,138902,56251,1005
AAREYDRUGS,08-SEP-2021,37.0,37.8,37.0,37.15,27718,24269,346
AARON,08-SEP-2021,102.65,102.8,98.5,100.15,8792,6218,213
AARTIDRUGS,08-SEP-2021,615.0,615.0,608.05,609.75,123559,57569,5227
AARTIIND,08-SEP-2021,908.4,913.5,884.0,910.3,1079692,418291,46008
AARTISURF,08-SEP-2021,1405.0,1416.55,1386.3,1402.55,9411,5265,1909
AARVEEDEN,08-SEP-2021,18.5,18.65,18.05,18.35,18714,13632,92
AARVI,08-SEP-2021,56.4,57.6,55.75,56.1,11555,6859,215
AAVAS,08-SEP-2021,2407.0,2443.0,2392.6,2421.4,92220,24304,7251
ABAN,08-SEP-2021,41.0,44.6,40.55,44.55,867110,294286,4578
ABB,08-SEP-2021,1860.0,1898.0,1858.65,1876.75,238158,161327,10524
ABBOTINDIA,08-SEP-2021,19700.0,20100.0,19657.35,19994.95,10007,4781,4179
ABCAPITAL,08-SEP-2021,113.35,115.7,112.95,114.7,4156326,1479048,42167
ABFRL,08-SEP-2021,217.0,218.9,212.55,214.5,1780625,489095,14620
ABSLBANETF,08-SEP-2021,365.44,365.5,364.0,365.5,41,25,6
ABSLNN50ET,08-SEP-2021,430.95,435.0,428.0,431.0,33,21,12
ACC,08-SEP-2021,2478.1,2486.9,2431.25,2448.95,312258,135753,20284
ACCELYA,08-SEP-2021,1296.55,1334.75,1276.25,1302.7,47201,18250,5079
ACCURACY,08-SEP-2021,140.0,145.85,140.0,141.15,99130,40922,3454
ACE,08-SEP-2021,234.5,236.5,230.35,232.9,314362,105271,7056
ACRYSIL,08-SEP-2021,628.0,636.55,624.25,628.25,35268,25581,1613
ADANIENT,08-SEP-2021,1559.9,1579.0,1538.25,1555.95,2084219,338951,42939
ADANIPORTS,08-SEP-2021,748.8,753.0,738.25,746.85,4036193,877308,56261
ADFFOODS,08-SEP-2021,888.0,919.95,888.0,912.15,15992,10324,1789
ADORWELD,08-SEP-2021,675.0,680.0,663.65,669.65,4282,2514,337
ADSL,08-SEP-2021,67.5,70.0,66.8,68.15,159041,76699,3163
ADVANIHOTR,08-SEP-2021,67.5,68.55,66.2,67.15,12719,8197,341
ADVENZYMES,08-SEP-2021,370.6,372.0,364.3,366.3,155455,75001,5702
AEGISCHEM,08-SEP-2021,253.5,267.9,249.25,259.65,1540352,708824,29731
AGARIND,08-SEP-2021,325.0,325.0,310.1,318.25,15481,12281,639
AGRITECH,08-SEP-2021,57.4,57.8,54.3,57.8,28045,22488,263
AGROPHOS,08-SEP-2021,14.35,15.3,14.35,15.0,36711,22790,173
AHLADA,08-SEP-2021,153.4,157.9,153.4,156.2,12130,8752,321
AHLEAST,08-SEP-2021,179.0,183.0,177.95,180.65,2204,1539,99
AHLUCONT,08-SEP-2021,391.0,395.0,386.15,392.7,27461,12369,3783
AHLWEST,08-SEP-2021,281.05,285.0,281.05,281.8,437,388,26
AIAENG,08-SEP-2021,2095.0,2095.0,2022.25,2040.25,13137,7680,2821
AJANTPHARM,08-SEP-2021,2190.0,2194.95,2137.1,2162.45,89458,43103,12477
AJOONI,08-SEP-2021,51.65,52.35,51.6,52.35,7196,5862,82
AKASH,08-SEP-2021,172.5,179.5,170.5,176.3,43346,18968,902
AKG,08-SEP-2021,25.25,25.25,23.5,24.8,4310,2254,54
AKSHARCHEM,08-SEP-2021,442.0,444.9,429.0,430.2,62713,21678,6341
AKZOINDIA,08-SEP-2021,2240.0,2244.4,2210.05,2225.05,19575,14821,7080
ALANKIT,08-SEP-2021,15.4,15.5,15.25,15.3,181112,129542,796
ALBERTDAVD,08-SEP-2021,594.0,611.0,592.85,597.4,11095,5890,1007
ALEMBICLTD,08-SEP-2021,110.9,121.0,110.6,117.0,6188257,582669,50707
ALICON,08-SEP-2021,829.95,837.0,811.75,825.0,22784,16429,2790
ALKALI,08-SEP-2021,69.55,71.95,69.0,70.4,28695,16954,510
ALKEM,08-SEP-2021,3770.0,3812.0,3684.05,3751.5,114731,42076,11972
ALKYLAMINE,08-SEP-2021,4090.0,4090.0,4011.7,4022.0,141635,91223,23003
ALLCARGO,08-SEP-2021,232.0,245.0,229.0,243.95,2612431,793436,29496
ALLSEC,08-SEP-2021,456.75,456.85,450.0,451.7,10978,8730,602
ALMONDZ,08-SEP-2021,77.0,80.0,72.7,74.2,19179,14575,247
ALOKINDS,08-SEP-2021,23.8,25.4,23.5,24.95,30781394,8632399,41317
ALPA,08-SEP-2021,52.0,53.7,46.75,52.15,86587,43893,1114
ALPHAGEO,08-SEP-2021,390.6,464.45,386.5,456.9,1893689,259390,56865
AMARAJABAT,08-SEP-2021,722.5,725.7,716.15,720.6,664405,190210,18432
AMBER,08-SEP-2021,3150.0,3205.0,3130.5,3148.0,45517,16898,7994
AMBICAAGAR,08-SEP-2021,14.65,15.9,14.65,15.6,9040,4593,165
AMBIKCO,08-SEP-2021,1616.0,1667.0,1610.55,1635.75,129053,44013,12589
AMBUJACEM,08-SEP-2021,441.45,441.45,433.5,435.95,3195625,1654921,49808
AMDIND,08-SEP-2021,29.5,29.5,28.55,28.85,4923,4041,76
AMJLAND,08-SEP-2021,30.95,33.6,30.1,33.2,115010,58642,1543
AMRUTANJAN,08-SEP-2021,720.95,724.0,715.0,716.0,14278,7234,1696
ANDHRAPAP,08-SEP-2021,227.95,237.5,227.1,232.75,54151,31592,1508
ANDHRSUGAR,08-SEP-2021,531.45,536.0,525.85,533.75,42696,20117,1301
ANDREWYU,08-SEP-2021,24.85,25.9,24.5,25.15,150176,79044,876
ANGELBRKG,08-SEP-2021,1210.75,1225.0,1175.05,1206.8,266205,124516,15253
ANIKINDS,08-SEP-2021,18.25,19.25,18.25,19.1,9622,9009,91
ANMOL,08-SEP-2021,229.0,237.8,201.0,201.9,924252,187561,22801
ANSALAPI,08-SEP-2021,9.45,9.5,9.25,9.45,75222,50740,168
ANSALHSG,08-SEP-2021,6.45,6.55,6.4,6.5,69939,64187,154
ANUP,08-SEP-2021,1015.0,1020.0,996.2,1008.0,22683,13445,2394
ANURAS,08-SEP-2021,744.9,755.0,737.2,742.9,51395,28652,3249
APARINDS,08-SEP-2021,648.1,671.1,644.15,666.85,138865,65470,10115
APCL,08-SEP-2021,425.0,428.45,416.1,417.85,21686,13314,1505
APCOTEXIND,08-SEP-2021,338.55,347.0,334.7,343.45,54782,34346,2817
APEX,08-SEP-2021,273.6,278.0,270.5,274.75,138115,44628,8646
APLAPOLLO,08-SEP-2021,1775.1,1875.0,1775.1,1839.8,471592,274523,40253
APLLTD,08-SEP-2021,767.2,771.95,760.15,765.45,133027,33710,5909
APOLLO,08-SEP-2021,113.4,115.4,112.65,114.15,56163,27813,1308
APOLLOHOSP,08-SEP-2021,4900.0,4901.45,4792.1,4811.4,642506,308304,54658
APOLLOPIPE,08-SEP-2021,1529.0,1571.95,1517.65,1549.75,45961,27200,3611
APOLLOTYRE,08-SEP-2021,218.0,218.25,214.0,214.8,2092709,629720,14795
APOLSINHOT,08-SEP-2021,798.35,822.8,796.6,810.65,753,361,106
APTECHT,08-SEP-2021,293.0,298.95,288.2,289.75,404855,96981,14594
APTUS,08-SEP-2021,371.0,371.25,359.05,360.45,714841,465499,15772
ARCHIDPLY,08-SEP-2021,30.7,31.0,30.05,30.9,16587,11623,116
ARENTERP,08-SEP-2021,34.55,38.15,34.55,34.55,120707,62379,1628
ARIES,08-SEP-2021,149.0,153.0,148.1,152.1,43965,22519,1076
ARIHANT,08-SEP-2021,24.6,25.85,24.5,25.1,9358,4668,144
ARIHANTCAP,08-SEP-2021,139.0,143.15,138.0,138.7,35530,22715,629
ARIHANTSUP,08-SEP-2021,129.5,133.9,118.0,124.2,355281,121341,6219
ARMANFIN,08-SEP-2021,856.9,1026.95,845.0,959.3,459999,84771,36414
AROGRANITE,08-SEP-2021,68.5,71.95,68.3,69.0,59667,36924,927
ARROWGREEN,08-SEP-2021,130.3,132.9,127.15,130.6,16706,7832,409
ARSHIYA,08-SEP-2021,28.4,30.95,27.8,29.9,191866,81810,1112
ARSSINFRA,08-SEP-2021,28.4,29.0,27.8,28.1,6674,4273,145
ARTEMISMED,08-SEP-2021,331.1,352.65,331.1,352.65,5993,4893,228
ARVIND,08-SEP-2021,95.0,101.0,95.0,98.2,6268442,2266388,43175
ARVINDFASN,08-SEP-2021,256.0,268.8,255.15,266.35,2133593,547800,36352
ARVSMART,08-SEP-2021,151.8,154.6,146.0,150.4,431006,239917,8578
ASAHIINDIA,08-SEP-2021,364.5,377.5,363.95,374.35,150233,41532,5574
ASAHISONG,08-SEP-2021,349.95,370.75,342.8,362.8,114398,34957,5328
ASALCBR,08-SEP-2021,442.0,443.95,436.0,437.4,28383,12859,2494
ASHIANA,08-SEP-2021,181.0,198.0,181.0,187.85,897889,411741,20085
ASHIMASYN,08-SEP-2021,17.95,18.45,17.55,17.9,42866,29746,185
ASHOKA,08-SEP-2021,103.5,103.7,102.15,102.45,770785,293494,6640
ASHOKLEY,08-SEP-2021,121.1,122.15,119.55,121.7,15467971,5446080,50081
ASIANHOTNR,08-SEP-2021,79.55,81.9,78.7,80.35,572,392,52
ASIANPAINT,08-SEP-2021,3345.0,3361.55,3297.0,3336.6,702598,330074,74948
ASIANTILES,08-SEP-2021,143.0,156.45,141.25,155.35,1833459,586801,23588
ASPINWALL,08-SEP-2021,189.0,192.0,188.0,188.6,4435,3048,133
ASTEC,08-SEP-2021,1318.0,1318.0,1283.0,1289.35,32291,27696,1579
ASTERDM,08-SEP-2021,219.9,222.4,216.25,219.75,1291565,308678,14937
ASTRAL,08-SEP-2021,2077.55,2112.6,2060.7,2073.65,169943,92985,25081
ASTRAMICRO,08-SEP-2021,166.2,172.9,165.7,167.5,565409,212182,6438
ASTRAZEN,08-SEP-2021,3224.95,3228.45,3150.0,3174.5,11194,5305,2755
ASTRON,08-SEP-2021,59.25,61.15,59.05,59.55,179797,57391,2634
ATFL,08-SEP-2021,1001.95,1030.85,984.8,1024.95,13335,7105,1155
ATUL,08-SEP-2021,9262.0,9339.0,9221.75,9277.15,11618,7878,2095
ATULAUTO,08-SEP-2021,195.6,195.7,190.0,194.1,82089,41254,2791
AUBANK,08-SEP-2021,1170.9,1188.95,1153.6,1181.0,1025722,252088,33986
AUROPHARMA,08-SEP-2021,748.0,748.15,737.0,743.25,1419668,518102,64558
AUTOAXLES,08-SEP-2021,1233.5,1250.0,1233.0,1245.6,4895,2407,868
AUTOIND,08-SEP-2021,53.9,55.75,53.8,54.4,27297,15585,418
AVADHSUGAR,08-SEP-2021,415.0,420.4,407.35,410.9,40192,15636,1888
AVANTIFEED,08-SEP-2021,559.75,560.35,552.3,555.6,123510,49947,8196
AVTNPL,08-SEP-2021,75.45,78.8,75.45,77.1,360931,180440,5602
AWHCL,08-SEP-2021,399.8,418.5,395.45,408.65,538370,189753,23368
AXISBANK,08-SEP-2021,790.0,797.35,783.0,794.7,5903035,3046430,105944
AXISBNKETF,08-SEP-2021,366.03,369.25,365.83,368.29,2662,2528,39
AXISBPSETF,08-SEP-2021,10.34,10.35,10.34,10.34,15406,14104,96
AXISCADES,08-SEP-2021,72.5,73.2,70.8,71.45,41015,29169,605
AXISGOLD,08-SEP-2021,40.96,40.99,40.8,40.85,137186,116457,2922
AXISHCETF,08-SEP-2021,89.8,90.6,88.45,89.42,20758,14864,338
AXISNIFTY,08-SEP-2021,183.9,183.9,180.41,180.96,5801,3759,109
AXISTECETF,08-SEP-2021,346.9,353.96,342.07,349.9,1739,1355,78
AYMSYNTEX,08-SEP-2021,100.0,104.4,98.5,102.1,183708,83381,3792
BAFNAPH,08-SEP-2021,131.0,132.0,128.45,130.25,3849,3063,103
BAGFILMS,08-SEP-2021,2.55,2.55,2.55,2.55,298504,298494,50
BAJAJ-AUTO,08-SEP-2021,3769.75,3769.75,3718.0,3725.35,396710,253183,28466
BAJAJCON,08-SEP-2021,256.0,260.4,250.0,251.4,704840,325986,17487
BAJAJELEC,08-SEP-2021,1351.0,1369.0,1330.1,1352.65,304514,61835,26158
BAJAJFINSV,08-SEP-2021,16760.0,16888.95,16529.0,16560.75,190932,74696,33517
BAJAJHLDNG,08-SEP-2021,4275.0,4365.0,4239.0,4322.35,30546,12565,6544
BAJFINANCE,08-SEP-2021,7457.0,7514.0,7411.05,7463.2,859256,321899,80729
BALAJITELE,08-SEP-2021,62.0,62.4,60.7,61.4,140932,57818,1602
BALAMINES,08-SEP-2021,4256.9,4410.0,4209.25,4242.3,187939,74953,23382
BALAXI,08-SEP-2021,566.9,566.9,549.05,553.65,1360,681,158
BALKRISIND,08-SEP-2021,2477.0,2484.0,2424.65,2476.7,300343,133501,19150
BALMLAWRIE,08-SEP-2021,133.4,134.0,131.5,132.6,216451,109614,3484
BALPHARMA,08-SEP-2021,98.8,98.8,94.5,95.15,57747,45884,937
BALRAMCHIN,08-SEP-2021,359.6,362.0,353.55,355.05,513848,182603,11702
BANARBEADS,08-SEP-2021,65.8,67.15,65.8,66.0,6577,4298,155
BANARISUG,08-SEP-2021,1760.0,1781.1,1752.15,1760.05,1812,939,177
BANCOINDIA,08-SEP-2021,208.0,213.0,205.5,209.3,260421,65018,8427
BANDHANBNK,08-SEP-2021,283.0,287.5,281.2,285.95,3136751,638091,38573
BANKA,08-SEP-2021,86.6,91.15,86.5,87.35,33854,18433,1315
BANKBARODA,08-SEP-2021,78.0,80.5,77.65,79.35,28788968,5693554,74714
BANKBEES,08-SEP-2021,370.0,370.9,366.47,370.24,326534,168204,4447
BANKINDIA,08-SEP-2021,57.95,58.85,57.3,57.5,7441491,2847075,21492
BANSWRAS,08-SEP-2021,174.0,181.9,172.9,181.9,41770,27051,672
BARBEQUE,08-SEP-2021,1120.1,1141.9,1105.0,1122.4,103524,27995,10888
BASF,08-SEP-2021,3529.35,3529.35,3385.8,3444.75,155655,32269,19038
BASML,08-SEP-2021,64.4,66.6,63.2,66.6,139841,106324,1192
BATAINDIA,08-SEP-2021,1749.0,1764.45,1725.55,1733.8,502830,205383,18691
BAYERCROP,08-SEP-2021,5390.15,5438.95,5351.0,5361.3,14167,8208,3999
BBL,08-SEP-2021,1398.6,1400.0,1379.75,1389.3,13847,5715,3517
BBTC,08-SEP-2021,1201.0,1219.0,1194.85,1201.15,68988,26765,5245
BCLIND,08-SEP-2021,230.45,238.5,223.4,232.2,69138,28366,6688
BCP,08-SEP-2021,3.7,3.8,3.7,3.75,62736,42431,147
BDL,08-SEP-2021,397.8,400.0,394.0,395.75,87098,41576,3659
BEARDSELL,08-SEP-2021,13.95,13.95,13.15,13.7,22966,14333,79
BECTORFOOD,08-SEP-2021,393.3,393.3,390.0,390.85,65110,38435,5114
BEDMUTHA,08-SEP-2021,37.15,37.3,36.5,37.3,1517,1325,37
BEL,08-SEP-2021,196.0,199.4,194.25,197.1,6428521,2060427,35570
BEML,08-SEP-2021,1344.9,1370.1,1335.1,1341.3,278389,50692,19052
BEPL,08-SEP-2021,178.3,181.5,177.1,179.0,458406,143441,6940
BERGEPAINT,08-SEP-2021,833.9,838.6,826.8,831.2,518223,139927,16664
BESTAGRO,08-SEP-2021,827.8,831.65,810.1,818.7,23521,14873,863
BFINVEST,08-SEP-2021,365.0,372.1,358.25,360.9,24551,6172,1641
BFUTILITIE,08-SEP-2021,421.45,429.35,415.5,419.1,92297,35407,3010
BGRENERGY,08-SEP-2021,56.8,58.85,56.1,58.1,285044,85653,3963
BHAGERIA,08-SEP-2021,246.65,250.2,245.0,247.85,29912,12630,1673
BHAGYANGR,08-SEP-2021,52.0,53.0,50.9,51.05,35799,23696,675
BHAGYAPROP,08-SEP-2021,30.25,30.25,29.3,29.5,8362,7513,68
BHANDARI,08-SEP-2021,2.75,2.8,2.7,2.8,207796,132726,271
BHARATFORG,08-SEP-2021,777.2,781.2,766.05,772.4,929880,343109,27826
BHARATGEAR,08-SEP-2021,153.7,155.55,148.0,148.6,269304,100413,10358
BHARATRAS,08-SEP-2021,12697.0,12788.35,12571.0,12730.4,1535,704,733
BHARTIARTL,08-SEP-2021,678.0,683.8,665.0,667.85,20492200,4586861,278450
BHEL,08-SEP-2021,55.3,56.3,55.05,55.7,24443457,3544884,42143
BIGBLOC,08-SEP-2021,103.65,106.4,103.05,104.2,3717,2127,96
BIL,08-SEP-2021,211.25,214.4,208.0,210.25,1284,731,87
BINDALAGRO,08-SEP-2021,23.15,23.45,22.75,22.9,81684,52167,1072
BIOCON,08-SEP-2021,362.0,362.1,353.8,355.45,1639254,502760,22872
BIOFILCHEM,08-SEP-2021,63.9,63.9,62.65,63.05,17079,10025,325
BIRLACORPN,08-SEP-2021,1320.0,1339.95,1284.0,1305.3,107732,45701,9713
BIRLAMONEY,08-SEP-2021,60.5,62.75,60.5,61.95,104710,62066,1157
BIRLATYRE,08-SEP-2021,25.4,25.4,24.55,24.8,146844,93726,1258
BLBLIMITED,08-SEP-2021,8.6,9.1,8.6,9.1,42766,25720,136
BLISSGVS,08-SEP-2021,111.2,111.3,110.0,110.6,150153,70730,2669
BLKASHYAP,08-SEP-2021,24.7,25.8,24.05,25.15,234204,180378,783
BLS,08-SEP-2021,220.0,242.0,217.0,237.0,1647361,642259,28252
BLUEDART,08-SEP-2021,6494.75,6495.0,6311.0,6380.45,44288,16542,7942
BLUESTARCO,08-SEP-2021,828.0,840.9,823.45,837.4,156684,95381,10596
BODALCHEM,08-SEP-2021,107.65,115.4,107.1,111.4,2439944,731697,26516
BOMDYEING,08-SEP-2021,99.2,102.8,97.85,98.55,8541218,1777049,50758
BOROLTD,08-SEP-2021,201.9,203.7,199.6,200.65,83899,57070,2044
BOSCHLTD,08-SEP-2021,14429.0,14429.0,14190.05,14272.0,18720,8288,5028
BPCL,08-SEP-2021,484.0,493.0,481.9,489.55,6804831,3200136,102492
BPL,08-SEP-2021,57.9,57.9,55.5,57.9,846218,493294,2323
BRIGADE,08-SEP-2021,399.0,413.0,393.1,401.6,1500582,436720,42528
BRITANNIA,08-SEP-2021,4079.8,4087.9,4015.7,4061.4,236283,116393,33640
BRNL,08-SEP-2021,30.25,30.9,30.25,30.35,18568,15159,279
BROOKS,08-SEP-2021,119.25,131.15,115.5,131.15,352699,158442,2215
BSE,08-SEP-2021,1160.0,1198.3,1160.0,1189.2,737005,245600,36397
BSL,08-SEP-2021,69.05,71.4,68.25,68.95,74459,40160,866
BSLGOLDETF,08-SEP-2021,4329.9,4338.0,4291.15,4292.9,297,195,82
BSLNIFTY,08-SEP-2021,190.16,193.99,190.16,192.42,69,40,33
BSOFT,08-SEP-2021,412.5,413.7,399.05,399.7,1928870,1135899,38848
BURGERKING,08-SEP-2021,158.0,159.85,156.8,158.25,1243048,448123,13611
BYKE,08-SEP-2021,26.65,27.7,26.55,27.0,29458,17469,249
CADILAHC,08-SEP-2021,554.0,558.3,551.05,555.35,1434803,500085,16632
CAMLINFINE,08-SEP-2021,168.65,175.7,168.65,171.7,608137,157627,9025
CAMS,08-SEP-2021,3745.0,3764.8,3680.0,3703.7,190577,85958,28826
CANBK,08-SEP-2021,156.1,161.15,155.7,157.75,17990305,4809668,69689
CANFINHOME,08-SEP-2021,620.1,651.35,616.0,639.9,6550645,1253945,106800
CANTABIL,08-SEP-2021,424.95,424.95,398.8,411.45,44094,27055,2115
CAPACITE,08-SEP-2021,161.4,162.6,155.55,158.3,343441,252887,3975
CAPLIPOINT,08-SEP-2021,825.25,855.0,816.1,839.9,854068,120749,32816
CAPTRUST,08-SEP-2021,89.55,94.0,88.15,92.2,18681,11850,258
CARBORUNIV,08-SEP-2021,813.35,848.0,808.3,840.05,901549,700226,50793
CAREERP,08-SEP-2021,162.9,164.9,159.3,160.85,52254,22581,1298
CARERATING,08-SEP-2021,693.9,714.85,680.1,708.45,262847,90078,12479
CARTRADE,08-SEP-2021,1459.6,1507.0,1455.05,1476.15,305059,93731,26660
CASTROLIND,08-SEP-2021,135.05,136.45,134.5,135.75,395473,217692,4805
CCL,08-SEP-2021,405.3,408.85,404.55,405.7,294033,100111,8989
CEATLTD,08-SEP-2021,1303.4,1315.0,1290.7,1297.85,87547,24435,7005
CELEBRITY,08-SEP-2021,8.95,9.15,8.9,9.1,53440,45243,204
CENTENKA,08-SEP-2021,437.5,454.0,437.45,445.6,120035,43706,5501
CENTEXT,08-SEP-2021,9.6,9.6,9.35,9.45,128651,75495,464
CENTRALBK,08-SEP-2021,20.5,20.65,20.35,20.45,2537059,862733,4200
CENTRUM,08-SEP-2021,34.25,34.65,33.75,34.25,305918,128062,1528
CENTUM,08-SEP-2021,465.0,475.0,462.0,465.45,2641,1864,269
CENTURYPLY,08-SEP-2021,418.5,425.8,408.0,419.7,605460,272145,17310
CENTURYTEX,08-SEP-2021,883.1,883.45,861.0,869.7,744779,204628,20660
CERA,08-SEP-2021,4290.0,4438.35,4290.0,4408.25,38628,25282,5451
CEREBRAINT,08-SEP-2021,57.95,60.45,57.7,58.55,251537,135719,3132
CESC,08-SEP-2021,837.9,840.05,827.5,829.95,196379,82708,7516
CGCL,08-SEP-2021,510.0,515.0,501.0,512.4,66003,41746,3603
CHALET,08-SEP-2021,173.35,179.4,173.05,175.3,88707,51347,1780
CHAMBLFERT,08-SEP-2021,313.25,315.0,309.65,312.9,663798,391326,22222
CHEMBOND,08-SEP-2021,220.0,226.8,219.0,219.8,21780,11560,590
CHEMCON,08-SEP-2021,458.35,458.35,448.0,450.25,98158,42199,4715
CHEMFAB,08-SEP-2021,155.05,157.45,152.95,157.0,9867,6543,200
CHEMPLASTS,08-SEP-2021,586.0,592.45,571.1,578.45,471547,180625,14671
CHENNPETRO,08-SEP-2021,110.75,113.4,109.6,111.45,280433,101371,4760
CHOLAFIN,08-SEP-2021,578.5,583.8,566.9,577.1,1467068,427165,39633
CHOLAHLDNG,08-SEP-2021,672.65,681.1,661.0,662.3,21663,8030,2400
CIGNITITEC,08-SEP-2021,571.7,584.85,563.9,571.3,171674,66175,8924
CIPLA,08-SEP-2021,948.0,953.15,940.0,951.8,1600457,783719,40859
CLEAN,08-SEP-2021,1627.0,1631.45,1592.1,1613.75,199817,83828,15861
CLEDUCATE,08-SEP-2021,148.95,148.95,142.1,143.95,32899,23556,564
CLNINDIA,08-SEP-2021,557.9,561.35,554.25,558.6,16145,7358,1510
CLSEL,08-SEP-2021,121.8,124.85,119.25,120.15,205663,77597,4372
CMICABLES,08-SEP-2021,46.6,47.4,45.0,45.4,112074,83384,1238
COALINDIA,08-SEP-2021,147.35,149.85,146.3,149.15,7873034,2919454,46965
COCHINSHIP,08-SEP-2021,372.75,374.65,366.0,371.35,165119,61475,5684
COFFEEDAY,08-SEP-2021,28.0,28.9,27.55,27.65,745097,444295,2616
COFORGE,08-SEP-2021,5199.95,5214.4,5082.05,5136.1,306059,94192,37669
COLPAL,08-SEP-2021,1731.65,1737.8,1700.05,1705.8,571056,379491,46378
COMPINFO,08-SEP-2021,24.7,26.45,24.4,25.7,362421,185330,1768
COMPUSOFT,08-SEP-2021,13.5,13.65,13.05,13.45,90019,55895,512
CONCOR,08-SEP-2021,724.0,742.0,718.0,735.85,2506155,1082228,57694
CONFIPET,08-SEP-2021,70.25,72.25,69.1,71.1,690394,386287,5311
CONSOFINVT,08-SEP-2021,144.0,148.4,137.0,143.6,41693,26770,1368
CONTROLPR,08-SEP-2021,341.0,341.0,335.0,337.0,11933,9260,589
CORALFINAC,08-SEP-2021,39.25,39.45,38.25,38.5,4225,3354,92
CORDSCABLE,08-SEP-2021,55.75,57.5,54.1,55.8,61367,26946,1030
COROMANDEL,08-SEP-2021,790.1,793.7,779.15,789.1,317531,93173,15129
COSMOFILMS,08-SEP-2021,1280.0,1349.0,1270.05,1316.55,93647,24163,9290
COUNCODOS,08-SEP-2021,2.9,3.1,2.85,2.9,83623,63525,122
CPSEETF,08-SEP-2021,26.18,26.42,25.92,26.38,5012861,3741277,13296
CRAFTSMAN,08-SEP-2021,1980.0,2010.0,1953.05,1977.3,9053,4990,1918
CREATIVEYE,08-SEP-2021,2.85,2.95,2.85,2.95,700,700,3
CREDITACC,08-SEP-2021,684.8,705.0,677.0,698.0,222778,119755,10612
CRISIL,08-SEP-2021,2805.25,2806.8,2763.75,2795.35,20978,6463,4509
CROMPTON,08-SEP-2021,478.2,489.4,475.0,485.85,1007349,575165,45246
CSBBANK,08-SEP-2021,301.0,303.1,296.4,299.6,109130,41830,2836
CTE,08-SEP-2021,50.5,50.75,48.45,50.5,21708,13796,317
CUB,08-SEP-2021,154.2,156.65,153.6,155.35,868818,338805,6345
CUBEXTUB,08-SEP-2021,22.25,23.0,22.25,23.0,11658,9826,71
CUMMINSIND,08-SEP-2021,1039.95,1057.45,1033.0,1041.55,643045,194879,25720
CUPID,08-SEP-2021,231.5,234.0,225.1,227.65,74400,51502,2116
CYBERTECH,08-SEP-2021,169.75,174.4,167.25,168.9,72858,46128,2548
CYIENT,08-SEP-2021,1020.2,1035.0,1016.35,1030.15,230722,139179,18242
DAAWAT,08-SEP-2021,66.85,67.55,66.05,66.25,893420,486673,9334
DABUR,08-SEP-2021,639.0,642.55,634.0,640.65,1262769,712041,34893
DALBHARAT,08-SEP-2021,2311.8,2333.0,2284.7,2297.0,227041,128314,15197
DALMIASUG,08-SEP-2021,415.35,423.0,412.4,417.65,78774,26274,4583
DANGEE,08-SEP-2021,196.95,196.95,195.0,195.0,1442,372,29
DATAMATICS,08-SEP-2021,309.6,325.0,305.15,321.7,382689,139429,10530
DBCORP,08-SEP-2021,90.9,90.9,88.9,89.15,148890,81992,2217
DBL,08-SEP-2021,524.95,525.9,505.1,514.75,176161,25786,5970
DBREALTY,08-SEP-2021,26.5,27.8,25.65,26.15,1127154,430101,3410
DCAL,08-SEP-2021,187.4,194.85,185.7,193.4,391561,168581,7407
DCBBANK,08-SEP-2021,96.5,97.05,94.0,94.7,488400,211075,5869
DCMNVL,08-SEP-2021,206.95,215.85,204.2,215.85,110957,80856,1318
DCMSHRIRAM,08-SEP-2021,921.05,933.25,915.0,921.45,47831,25086,2523
DCW,08-SEP-2021,36.3,36.8,35.55,35.7,792674,354391,3258
DECCANCE,08-SEP-2021,738.45,740.0,730.0,733.8,32886,18647,2875
DEEPAKNTR,08-SEP-2021,2372.0,2406.4,2337.65,2360.45,884043,169066,45802
DEEPINDS,08-SEP-2021,134.05,138.0,132.3,133.35,66712,38173,1714
DELPHIFX,08-SEP-2021,716.3,724.95,682.0,697.15,15853,10585,1117
DELTACORP,08-SEP-2021,225.4,229.5,220.05,222.55,9809041,2097462,81429
DELTAMAGNT,08-SEP-2021,54.3,54.85,53.4,53.95,3879,2784,108
DEN,08-SEP-2021,48.7,49.95,48.55,48.75,558680,203674,3078
DENORA,08-SEP-2021,330.0,344.65,325.3,340.25,17490,9770,1107
DEVYANI,08-SEP-2021,121.95,123.0,120.7,121.0,2062474,800550,18395
DFMFOODS,08-SEP-2021,340.0,344.85,336.1,337.55,39370,21702,2213
DHAMPURSUG,08-SEP-2021,300.65,304.15,298.0,300.25,217034,91384,4848
DHANBANK,08-SEP-2021,16.05,16.2,15.85,15.9,313682,208083,1181
DHANI,08-SEP-2021,200.1,204.05,198.0,199.25,839388,433398,7610
DHANUKA,08-SEP-2021,816.75,825.0,805.8,819.9,102755,52839,9279
DHUNINV,08-SEP-2021,645.05,647.45,632.7,636.85,3044,1896,309
DIAMONDYD,08-SEP-2021,650.0,663.05,648.1,658.65,6390,1974,808
DICIND,08-SEP-2021,488.0,488.0,461.2,470.0,12560,5069,634
DISHTV,08-SEP-2021,15.45,15.8,14.7,14.95,19084228,7711471,19855
DIVISLAB,08-SEP-2021,5223.0,5223.0,5048.05,5085.05,670825,328882,64711
DIXON,08-SEP-2021,4349.7,4399.9,4274.05,4310.35,378818,102258,41473
DLF,08-SEP-2021,336.85,337.5,329.6,334.7,5673475,1156087,58878
DLINKINDIA,08-SEP-2021,131.95,144.4,131.95,141.15,2809395,475624,46513
DMART,08-SEP-2021,3945.0,3977.0,3921.1,3932.95,462531,225778,32954
DNAMEDIA,08-SEP-2021,2.15,2.25,2.15,2.15,31932,20356,86
DODLA,08-SEP-2021,532.0,547.95,532.0,542.4,81138,46811,7072
DOLAT,08-SEP-2021,98.0,99.25,95.45,96.0,276159,182511,3862
DOLLAR,08-SEP-2021,399.7,407.5,390.0,393.5,501010,194673,19789
DONEAR,08-SEP-2021,58.85,60.35,57.6,58.6,107951,46581,1440
DPABHUSHAN,08-SEP-2021,196.4,199.95,193.1,198.1,4609,3941,62
DPSCLTD,08-SEP-2021,15.3,15.55,15.3,15.35,19451,14818,178
DPWIRES,08-SEP-2021,220.0,224.45,216.1,217.6,10889,5817,537
DRCSYSTEMS,08-SEP-2021,270.1,282.9,270.1,272.25,114,108,11
DREDGECORP,08-SEP-2021,350.05,374.8,350.05,362.7,291753,65024,14880
DRREDDY,08-SEP-2021,4915.0,4940.0,4861.3,4911.3,500029,281879,37695
DSSL,08-SEP-2021,123.5,125.9,122.5,123.8,5147,3223,228
DTIL,08-SEP-2021,278.65,282.55,278.65,280.0,3577,2177,374
DVL,08-SEP-2021,289.95,289.95,283.0,287.5,20636,10140,1106
DWARKESH,08-SEP-2021,67.2,68.7,66.5,67.15,941631,437761,6187
DYNAMATECH,08-SEP-2021,2319.8,2437.0,2280.0,2381.1,37125,16297,7128
DYNPRO,08-SEP-2021,554.1,578.0,552.0,574.4,69143,44595,4195
EASEMYTRIP,08-SEP-2021,511.55,525.0,498.2,510.1,3896247,957862,84087
EASTSILK,08-SEP-2021,3.8,3.85,3.65,3.65,52359,29528,115
EBBETF0423,08-SEP-2021,1152.0,1152.0,1150.07,1151.99,2894,2814,117
EBBETF0425,08-SEP-2021,1072.5,1072.5,1070.11,1072.35,2606,2242,93
EBBETF0430,08-SEP-2021,1176.5,1177.0,1173.06,1176.12,8405,5903,129
EBBETF0431,08-SEP-2021,1054.0,1055.78,1053.21,1055.3,14858,13884,175
EDELWEISS,08-SEP-2021,79.55,84.95,79.45,81.3,5239938,1742445,25192
EICHERMOT,08-SEP-2021,2803.1,2823.15,2762.25,2800.0,616049,183378,39470
EIDPARRY,08-SEP-2021,407.0,414.25,404.0,406.35,459389,149912,14044
EIHAHOTELS,08-SEP-2021,316.8,321.0,312.5,315.8,6514,3947,286
EIHOTEL,08-SEP-2021,106.0,108.25,104.95,106.05,516894,248041,13673
EIMCOELECO,08-SEP-2021,401.25,409.15,399.0,401.6,4248,2274,347
ELECON,08-SEP-2021,170.7,186.0,168.3,180.4,2922754,856021,29646
ELECTCAST,08-SEP-2021,35.7,39.0,35.7,38.7,3307258,2199856,7766
ELECTHERM,08-SEP-2021,126.55,127.35,124.1,126.4,16901,12393,368
ELGIEQUIP,08-SEP-2021,198.0,209.9,196.1,203.0,1271695,146819,14561
ELGIRUBCO,08-SEP-2021,38.5,39.75,37.35,39.2,64702,43026,414
EMAMILTD,08-SEP-2021,587.35,587.35,577.0,581.85,463001,375425,11741
EMAMIPAP,08-SEP-2021,169.05,174.5,164.3,168.9,222362,75675,6799
EMAMIREAL,08-SEP-2021,71.75,72.3,70.0,71.0,36857,18545,467
EMKAY,08-SEP-2021,118.85,120.65,118.0,118.8,53665,22422,1206
EMMBI,08-SEP-2021,101.0,104.45,100.15,103.15,45399,19529,1563
ENDURANCE,08-SEP-2021,1613.0,1619.9,1590.0,1601.35,43283,29264,4105
ENERGYDEV,08-SEP-2021,9.5,9.5,9.25,9.45,23960,15701,116
ENGINERSIN,08-SEP-2021,72.55,72.65,71.6,72.0,702868,345358,5145
ENIL,08-SEP-2021,214.4,221.95,207.55,217.0,191514,97671,8211
EPL,08-SEP-2021,233.0,238.95,233.0,237.75,85097,32376,5117
EQ30,08-SEP-2021,414.0,414.0,404.1,407.74,460,344,102
EQUITAS,08-SEP-2021,125.0,128.0,123.55,125.55,966665,755966,11460
EQUITASBNK,08-SEP-2021,59.0,59.0,58.1,58.75,871373,688354,4314
ERIS,08-SEP-2021,765.0,775.95,763.05,770.1,47046,18836,5799
EROSMEDIA,08-SEP-2021,17.45,17.9,17.25,17.45,531571,402991,1434
ESABINDIA,08-SEP-2021,2173.95,2183.75,2112.4,2128.25,5215,2255,959
ESCORTS,08-SEP-2021,1404.6,1408.0,1373.55,1383.25,1060529,202699,41420
ESSARSHPNG,08-SEP-2021,10.3,10.3,10.0,10.1,50037,39247,192
ESTER,08-SEP-2021,138.0,139.0,135.25,137.2,209112,70934,6965
EVEREADY,08-SEP-2021,331.0,332.85,325.7,327.1,110378,56386,3145
EVERESTIND,08-SEP-2021,439.65,447.0,432.3,442.65,35921,18687,1827
EXCELINDUS,08-SEP-2021,1074.0,1093.15,1066.1,1078.4,16644,4126,3437
EXIDEIND,08-SEP-2021,185.7,186.05,181.15,183.0,6885166,2893859,49996
EXXARO,08-SEP-2021,136.9,148.0,136.05,141.0,1857872,747820,25703
FACT,08-SEP-2021,126.1,131.0,125.65,126.85,297946,84977,7051
FAIRCHEMOR,08-SEP-2021,1818.0,1895.3,1809.0,1890.85,20309,14034,1956
FCL,08-SEP-2021,114.0,115.55,112.2,113.15,560691,212162,7702
FCONSUMER,08-SEP-2021,7.15,7.2,7.0,7.05,4181223,1996718,3533
FDC,08-SEP-2021,349.0,356.75,348.0,349.15,167938,54341,6059
FEDERALBNK,08-SEP-2021,81.8,83.45,81.25,83.1,9085081,3437788,38673
FEL,08-SEP-2021,8.6,8.85,8.5,8.6,368609,215948,731
FELDVR,08-SEP-2021,12.3,12.3,11.85,11.9,17808,10714,80
FIEMIND,08-SEP-2021,1138.0,1158.0,1116.0,1127.5,67679,28216,5851
FILATEX,08-SEP-2021,86.5,97.85,86.5,96.6,6054441,3036517,26142
FINCABLES,08-SEP-2021,472.65,480.8,470.55,478.3,262971,145837,8602
FINEORG,08-SEP-2021,3051.0,3190.0,3051.0,3106.85,119217,30608,16021
FINPIPE,08-SEP-2021,170.7,171.5,168.0,169.15,499984,354008,20417
FLEXITUFF,08-SEP-2021,17.6,17.65,16.2,16.3,25198,16684,165
FLFL,08-SEP-2021,51.05,52.5,51.05,51.35,85332,39444,970
FLUOROCHEM,08-SEP-2021,1658.25,1700.0,1655.0,1665.2,52853,37867,5077
FMGOETZE,08-SEP-2021,292.05,299.85,281.0,291.7,157492,79212,4334
FMNL,08-SEP-2021,8.8,8.8,8.3,8.35,228698,187842,497
FORCEMOT,08-SEP-2021,1387.0,1415.0,1373.1,1402.6,54694,20325,5029
FORTIS,08-SEP-2021,277.0,283.3,274.05,280.6,3702093,1133950,44688
FOSECOIND,08-SEP-2021,1515.0,1525.0,1490.45,1496.1,1320,665,195
FRETAIL,08-SEP-2021,45.85,46.5,45.55,45.95,867917,528314,5871
FSC,08-SEP-2021,64.85,66.0,64.2,65.55,35716,19874,522
FSL,08-SEP-2021,189.5,192.45,188.4,189.4,2132710,576518,16752
GABRIEL,08-SEP-2021,140.0,143.1,138.1,139.35,595828,212059,9709
GAEL,08-SEP-2021,173.85,177.9,173.25,174.2,200722,63792,4089
GAIL,08-SEP-2021,145.0,146.5,144.0,145.1,8478763,4383511,35451
GAL,08-SEP-2021,2.4,2.45,2.25,2.35,1590557,1125116,579
GALAXYSURF,08-SEP-2021,3147.4,3183.05,3127.0,3136.75,9646,4123,2678
GALLANTT,08-SEP-2021,69.35,71.4,69.05,69.2,42314,21524,663
GALLISPAT,08-SEP-2021,53.2,55.3,53.15,53.95,32841,13294,401
GANDHITUBE,08-SEP-2021,457.0,457.0,450.0,452.75,3468,1849,283
GANECOS,08-SEP-2021,514.0,517.0,504.0,510.3,17454,10866,897
GANESHHOUC,08-SEP-2021,144.0,156.7,141.5,153.65,205788,82269,5525
GANGAFORGE,08-SEP-2021,146.1,146.15,144.05,145.3,190064,95899,1091
GANGESSECU,08-SEP-2021,90.1,90.9,89.0,89.75,2660,1569,148
GARFIBRES,08-SEP-2021,3328.5,3484.4,3206.95,3405.05,29621,14900,7054
GATI,08-SEP-2021,140.0,143.4,139.2,140.1,476679,113159,8310
GAYAPROJ,08-SEP-2021,53.2,55.0,52.5,53.15,2990792,1225646,7086
GEECEE,08-SEP-2021,146.1,151.25,145.25,149.45,34393,20845,850
GEEKAYWIRE,08-SEP-2021,84.1,86.65,84.1,86.1,3725,2834,84
GENCON,08-SEP-2021,42.8,43.8,41.3,41.6,37682,22706,678
GENESYS,08-SEP-2021,141.25,143.5,138.05,140.25,17429,12765,322
GENUSPOWER,08-SEP-2021,63.5,65.5,62.1,64.85,401853,147152,4802
GEOJITFSL,08-SEP-2021,77.9,78.6,76.7,77.35,238836,84142,3556
GEPIL,08-SEP-2021,326.0,326.0,317.0,319.55,107293,68318,2996
GESHIP,08-SEP-2021,358.05,363.9,355.5,359.9,231025,73043,7320
GET&D,08-SEP-2021,135.9,135.9,132.0,133.55,158293,70660,3894
GFLLIMITED,08-SEP-2021,65.3,65.85,64.5,65.1,51435,35076,553
GHCL,08-SEP-2021,367.85,392.0,363.95,387.9,1475833,572236,25559
GICHSGFIN,08-SEP-2021,154.1,157.45,152.6,154.7,390627,109692,6343
GICRE,08-SEP-2021,147.2,147.8,144.6,144.95,590796,240634,12863
GILLETTE,08-SEP-2021,5990.0,6000.0,5950.0,5981.6,8093,6146,1308
GINNIFILA,08-SEP-2021,31.6,31.75,30.85,31.15,109840,60686,608
GIPCL,08-SEP-2021,82.35,83.2,81.85,81.95,451187,274793,2802
GKWLIMITED,08-SEP-2021,680.0,684.4,661.5,675.8,301,106,87
GLAND,08-SEP-2021,3986.7,4008.0,3938.05,3949.5,103435,61807,18317
GLAXO,08-SEP-2021,1498.0,1531.75,1487.0,1518.1,94824,71725,6095
GLENMARK,08-SEP-2021,530.0,530.0,518.3,520.15,1410873,412688,27672
GLFL,08-SEP-2021,3.1,3.25,3.1,3.25,11048,11048,18
GLOBAL,08-SEP-2021,44.9,44.9,40.55,42.8,5345,3344,149
GLOBALVECT,08-SEP-2021,52.0,52.55,50.15,51.55,16163,12055,236
GLS,08-SEP-2021,670.0,674.9,666.0,668.85,120635,77712,7774
GMBREW,08-SEP-2021,588.0,589.6,574.2,577.0,21183,8033,2058
GMDCLTD,08-SEP-2021,69.3,70.45,68.3,68.65,773881,252263,5529
GMMPFAUDLR,08-SEP-2021,4563.0,4600.0,4519.75,4566.15,27398,11715,4623
GMRINFRA,08-SEP-2021,30.6,30.8,30.1,30.5,5086075,969349,31630
GNA,08-SEP-2021,741.35,750.0,735.95,744.4,64762,32944,4425
GNFC,08-SEP-2021,339.75,341.1,331.0,332.65,278488,146423,7247
GOACARBON,08-SEP-2021,375.0,375.9,370.0,370.65,10304,4467,487
GOCLCORP,08-SEP-2021,266.9,271.4,260.6,265.55,26042,8264,3070
GODFRYPHLP,08-SEP-2021,983.0,984.95,973.0,977.25,12173,6676,1475
GODREJAGRO,08-SEP-2021,662.75,668.0,658.0,660.15,82383,24452,5295
GODREJCP,08-SEP-2021,1112.65,1126.9,1100.95,1109.15,1015437,507172,30787
GODREJIND,08-SEP-2021,565.0,571.6,560.0,562.2,570986,450828,7047
GODREJPROP,08-SEP-2021,1577.3,1595.0,1565.0,1583.15,332605,75866,16647
GOKEX,08-SEP-2021,206.0,211.35,202.25,205.75,458877,239032,7471
GOKUL,08-SEP-2021,28.0,28.0,27.4,27.85,24281,19978,270
GOKULAGRO,08-SEP-2021,38.7,39.05,38.1,38.8,33349,22964,428
GOLDBEES,08-SEP-2021,41.22,41.22,40.75,40.88,2457445,1702130,16152
GOLDENTOBC,08-SEP-2021,87.7,96.9,87.7,96.9,132537,61829,1437
GOLDIAM,08-SEP-2021,740.2,885.7,733.95,859.6,805265,179754,34094
GOLDSHARE,08-SEP-2021,41.85,41.85,41.4,41.55,68184,54367,455
GOLDTECH,08-SEP-2021,23.45,23.45,23.45,23.45,49859,49849,111
GOODLUCK,08-SEP-2021,301.7,310.95,298.05,308.0,502480,220758,5326
GOODYEAR,08-SEP-2021,1045.85,1045.85,1032.0,1038.7,13515,6361,1632
GPPL,08-SEP-2021,105.0,105.0,100.3,101.4,677959,358412,11463
GPTINFRA,08-SEP-2021,86.7,89.65,86.7,87.4,7121,4007,190
GRANULES,08-SEP-2021,328.0,332.75,326.25,329.05,1251984,359103,14288
GRAPHITE,08-SEP-2021,636.7,641.15,631.0,633.05,161029,70753,9292
GRASIM,08-SEP-2021,1562.0,1608.65,1552.4,1576.7,4078147,858423,131440
GRAUWEIL,08-SEP-2021,58.0,60.5,57.85,59.4,170257,105808,2249
GRAVITA,08-SEP-2021,200.5,200.5,197.45,197.9,190963,60134,5944
GREAVESCOT,08-SEP-2021,136.45,140.6,133.85,138.1,2267526,683935,32592
GREENLAM,08-SEP-2021,1365.0,1400.1,1355.15,1366.95,2817,1726,858
GREENPLY,08-SEP-2021,174.0,178.5,174.0,175.85,156854,80093,3163
GREENPOWER,08-SEP-2021,3.0,3.05,2.95,3.0,2497812,1177144,2515
GRINDWELL,08-SEP-2021,1404.0,1465.0,1380.45,1419.2,400354,140357,28068
GRINFRA,08-SEP-2021,1599.95,1612.55,1586.0,1591.15,14360,6278,1960
GROBTEA,08-SEP-2021,1058.9,1058.9,1015.0,1022.4,3582,200,1101
GRPLTD,08-SEP-2021,990.0,990.0,921.55,940.3,1455,967,161
GRSE,08-SEP-2021,197.25,198.5,194.0,194.95,76342,39433,1468
GSCLCEMENT,08-SEP-2021,51.5,52.65,50.95,51.75,116447,58411,1838
GSFC,08-SEP-2021,103.0,104.2,102.15,103.0,938307,452866,11177
GSPL,08-SEP-2021,347.35,349.9,343.0,348.15,262431,111292,6325
GSS,08-SEP-2021,76.95,80.8,76.95,78.25,390950,217420,3537
GTPL,08-SEP-2021,224.0,224.3,220.0,220.8,29483,13101,1522
GUFICBIO,08-SEP-2021,189.85,206.85,186.6,201.95,1107450,326480,17392
GUJALKALI,08-SEP-2021,451.1,455.9,448.5,449.5,115554,46897,4168
GUJAPOLLO,08-SEP-2021,224.85,238.0,219.5,222.55,47272,25698,1021
GUJGASLTD,08-SEP-2021,699.8,700.65,685.25,689.1,940085,338106,25062
GULFOILLUB,08-SEP-2021,613.95,619.95,605.0,613.6,33200,20355,1615
GULFPETRO,08-SEP-2021,54.65,55.85,54.3,54.7,58441,31505,1009
HAL,08-SEP-2021,1382.0,1392.45,1351.45,1367.95,667721,219776,28229
HAPPSTMNDS,08-SEP-2021,1477.0,1481.0,1445.0,1449.75,577237,324040,47121
HARRMALAYA,08-SEP-2021,202.3,203.9,198.0,200.35,74743,25613,3390
HATHWAY,08-SEP-2021,23.7,24.2,23.6,23.95,1832507,572179,3983
HATSUN,08-SEP-2021,1214.9,1224.4,1190.0,1198.45,239379,65298,18608
HAVELLS,08-SEP-2021,1444.8,1454.35,1417.95,1432.65,1078326,250873,41035
HBANKETF,08-SEP-2021,368.0,369.6,365.65,367.3,869,630,76
HBLPOWER,08-SEP-2021,48.75,50.15,48.7,49.25,633833,200618,4479
HBSL,08-SEP-2021,38.75,38.75,37.0,37.65,19763,16324,238
HCC,08-SEP-2021,9.7,9.8,9.55,9.6,2199561,1458153,3200
HCG,08-SEP-2021,243.5,243.5,237.0,239.5,67002,34113,2529
HCL-INSYS,08-SEP-2021,12.85,12.85,12.6,12.65,264407,178878,1375
HCLTECH,08-SEP-2021,1185.0,1191.15,1167.05,1188.8,3118518,1678071,99819
HDFC,08-SEP-2021,2838.25,2852.0,2802.25,2829.3,2274494,1298763,122209
HDFCAMC,08-SEP-2021,3139.4,3299.0,3125.75,3267.65,817014,307307,58135
HDFCBANK,08-SEP-2021,1571.95,1580.5,1565.6,1576.4,3362040,2005117,102369
HDFCLIFE,08-SEP-2021,739.0,747.0,733.85,743.65,3070612,1204349,67174
HDFCMFGETF,08-SEP-2021,42.02,42.04,41.9,41.92,266984,195160,820
HDFCNIFETF,08-SEP-2021,186.5,186.5,184.2,185.06,13418,9462,344
HDFCSENETF,08-SEP-2021,630.99,630.99,621.0,628.64,2700,1156,213
HEG,08-SEP-2021,2250.0,2274.45,2213.45,2237.5,70878,39635,8800
HEIDELBERG,08-SEP-2021,263.45,266.35,261.0,261.8,91997,48421,4731
HEMIPROP,08-SEP-2021,132.9,134.9,131.65,132.6,335768,125507,5188
HERANBA,08-SEP-2021,775.0,786.85,775.0,777.35,93014,42606,4167
HERCULES,08-SEP-2021,146.95,148.8,144.6,145.45,52171,17791,2763
HERITGFOOD,08-SEP-2021,435.25,453.85,428.5,448.9,379669,144864,15646
HEROMOTOCO,08-SEP-2021,2799.0,2809.8,2780.0,2798.35,341207,178854,26170
HESTERBIO,08-SEP-2021,2399.0,2524.85,2360.0,2480.0,43118,17479,7298
HGINFRA,08-SEP-2021,587.2,598.85,584.7,592.2,147630,72305,7905
HIKAL,08-SEP-2021,645.1,655.85,636.05,644.0,411623,150036,9913
HIL,08-SEP-2021,5399.8,5435.0,5280.0,5315.05,10628,6914,3510
HILTON,08-SEP-2021,13.65,14.3,13.65,14.0,27973,25061,112
HINDALCO,08-SEP-2021,464.85,465.85,455.2,456.3,6689343,1628573,81135
HINDCOMPOS,08-SEP-2021,307.0,308.35,302.1,302.75,2036,1192,207
HINDCON,08-SEP-2021,60.65,63.95,59.6,61.75,20385,9516,530
HINDCOPPER,08-SEP-2021,117.3,118.25,116.1,116.95,1399790,592674,15644
HINDMOTORS,08-SEP-2021,7.6,7.75,7.6,7.7,96301,82123,394
HINDOILEXP,08-SEP-2021,172.85,189.95,171.45,188.5,4172613,1521372,24170
HINDPETRO,08-SEP-2021,266.1,271.25,266.1,269.85,3351274,1425786,52045
HINDUNILVR,08-SEP-2021,2788.9,2810.0,2765.1,2800.9,946711,554668,68972
HINDZINC,08-SEP-2021,328.95,330.5,324.35,329.95,611443,362809,7702
HIRECT,08-SEP-2021,212.6,215.85,203.0,209.75,103563,46041,6214
HISARMETAL,08-SEP-2021,130.6,133.5,130.5,130.9,22123,10762,573
HITECH,08-SEP-2021,542.2,554.1,540.35,546.1,37241,6378,1295
HITECHCORP,08-SEP-2021,207.0,210.8,201.1,208.2,8759,3776,523
HITECHGEAR,08-SEP-2021,256.0,297.3,256.0,279.15,192856,43029,9298
HLEGLAS,08-SEP-2021,4500.0,4650.0,4451.05,4508.35,15595,7082,2633
HLVLTD,08-SEP-2021,8.15,8.45,8.15,8.4,147179,102355,348
HMVL,08-SEP-2021,75.7,77.5,75.05,75.7,111009,90026,1005
HNGSNGBEES,08-SEP-2021,337.99,337.99,325.64,329.67,14654,9008,284
HOMEFIRST,08-SEP-2021,577.05,585.95,575.05,581.55,50034,30307,4759
HONAUT,08-SEP-2021,40411.35,41699.0,39820.0,41510.2,4902,2056,2792
HONDAPOWER,08-SEP-2021,1211.0,1211.0,1190.0,1206.3,3904,2749,566
HPL,08-SEP-2021,70.6,71.05,68.1,68.9,89867,59571,1392
HSCL,08-SEP-2021,45.6,46.75,45.4,46.15,2368120,560843,10584
HSIL,08-SEP-2021,221.5,226.7,221.5,223.9,132337,43400,7146
HTMEDIA,08-SEP-2021,24.25,24.25,23.7,23.85,110335,85354,627
HUDCO,08-SEP-2021,42.6,43.05,42.45,42.7,707286,344898,3533
HUHTAMAKI,08-SEP-2021,263.1,266.0,263.1,264.6,41890,26365,1453
IBMFNIFTY,08-SEP-2021,168.0,168.0,165.1,166.39,262,145,86
IBREALEST,08-SEP-2021,143.7,150.5,141.75,148.5,11361503,4114905,70305
IBULHSGFIN,08-SEP-2021,227.0,231.0,226.6,229.75,5538355,1214380,42624
ICEMAKE,08-SEP-2021,76.0,81.25,74.75,80.15,195523,65933,1498
ICICI500,08-SEP-2021,247.85,247.85,245.0,246.05,1550,1004,143
ICICIALPLV,08-SEP-2021,182.98,182.98,178.1,178.91,15425,10864,382
ICICIB22,08-SEP-2021,42.0,42.35,41.52,42.12,598880,423738,2180
ICICIBANK,08-SEP-2021,716.5,722.75,715.0,720.95,7118011,3782144,141683
ICICIBANKN,08-SEP-2021,373.0,373.0,363.59,365.92,2535,566,243
ICICIBANKP,08-SEP-2021,189.88,189.88,185.2,187.55,3479,2667,73
ICICIFMCG,08-SEP-2021,411.0,411.0,401.0,402.67,939,683,125
ICICIGI,08-SEP-2021,1589.7,1617.25,1581.1,1610.75,752222,444755,27191
ICICIGOLD,08-SEP-2021,41.6,42.29,41.6,41.84,95826,74671,2405
ICICILIQ,08-SEP-2021,1005.0,1008.95,999.99,999.99,2696,1595,27
ICICILOVOL,08-SEP-2021,139.76,145.89,139.76,141.29,157934,151379,1412
ICICIM150,08-SEP-2021,111.65,111.78,110.4,110.74,5702,3953,379
ICICIMCAP,08-SEP-2021,103.95,103.95,102.3,103.59,5326,2669,253
ICICINF100,08-SEP-2021,192.69,192.69,190.09,190.79,4533,3614,277
ICICINIFTY,08-SEP-2021,199.8,199.8,185.16,186.16,113610,92070,4030
ICICINV20,08-SEP-2021,94.79,94.79,93.15,93.69,16459,11948,1550
ICICINXT50,08-SEP-2021,43.75,43.75,42.55,43.19,22955,18807,668
ICICIPHARM,08-SEP-2021,91.8,92.19,90.32,91.2,7953,6881,124
ICICIPRULI,08-SEP-2021,705.5,724.3,703.65,717.15,5081027,1839229,83138
ICICISENSX,08-SEP-2021,637.99,637.99,628.02,633.02,901,568,81
ICICITECH,08-SEP-2021,359.98,359.98,350.5,352.33,27193,18890,586
ICIL,08-SEP-2021,272.9,277.25,264.45,265.95,662080,287099,13863
ICRA,08-SEP-2021,3558.0,3600.0,3530.0,3550.75,14534,9190,1529
IDBI,08-SEP-2021,39.25,39.8,38.45,38.55,26827088,13197689,56751
IDBIGOLD,08-SEP-2021,4364.95,4364.95,4330.0,4350.0,122,104,24
IDEA,08-SEP-2021,8.8,9.05,7.8,8.05,1340495793,278008188,438497
IDFC,08-SEP-2021,51.5,53.15,50.5,52.5,6463701,3229735,14988
IDFCFIRSTB,08-SEP-2021,47.05,47.65,45.7,46.15,48977773,10505913,72649
IDFNIFTYET,08-SEP-2021,181.95,181.95,181.74,181.9,30,25,10
IEX,08-SEP-2021,570.5,595.5,565.1,591.0,12678838,1728622,197162
IFBAGRO,08-SEP-2021,566.0,574.3,560.05,563.05,6482,3604,638
IFBIND,08-SEP-2021,1118.0,1144.3,1091.0,1096.85,161706,30231,11883
IFCI,08-SEP-2021,11.2,11.7,11.1,11.3,3461806,1134898,3582
IFGLEXPOR,08-SEP-2021,336.05,338.0,327.25,330.0,26014,14559,1420
IGARASHI,08-SEP-2021,508.4,518.0,505.2,506.75,52354,15635,2897
IGL,08-SEP-2021,564.6,568.0,560.4,565.0,985014,550758,22770
IGPL,08-SEP-2021,625.0,635.5,609.1,625.05,64972,24138,4494
IIFLSEC,08-SEP-2021,91.0,95.7,90.55,94.2,412268,217146,7644
IIFLWAM,08-SEP-2021,1560.8,1605.0,1560.8,1600.15,31923,17335,5183
IITL,08-SEP-2021,73.5,73.5,67.25,69.2,9146,4442,318
IMAGICAA,08-SEP-2021,7.9,7.9,7.5,7.65,88244,54979,236
IMPAL,08-SEP-2021,760.15,770.0,759.0,760.05,1583,934,123
INDBANK,08-SEP-2021,22.9,23.7,22.5,23.15,163390,67219,678
INDHOTEL,08-SEP-2021,143.5,148.45,143.0,146.65,2239625,999966,19726
INDIACEM,08-SEP-2021,183.2,185.0,180.45,183.2,1715943,470501,16420
INDIAGLYCO,08-SEP-2021,690.5,703.9,687.5,692.3,114674,36237,5644
INDIAMART,08-SEP-2021,8767.0,9270.0,8734.0,8999.6,671313,86853,95622
INDIANB,08-SEP-2021,122.85,125.0,122.35,123.2,1033483,305643,9388
INDIANHUME,08-SEP-2021,201.35,203.05,199.0,200.75,32071,18045,1227
INDIGO,08-SEP-2021,1958.0,1959.45,1924.55,1950.65,367903,107846,19729
INDIGOPNTS,08-SEP-2021,2610.05,2619.9,2571.2,2589.25,47109,12158,10148
INDLMETER,08-SEP-2021,12.05,12.35,11.65,11.9,12534,10906,71
INDNIPPON,08-SEP-2021,359.55,363.95,357.25,359.45,8959,4931,549
INDOCO,08-SEP-2021,467.4,467.55,458.8,460.55,142530,61424,6827
INDOSTAR,08-SEP-2021,298.5,307.0,296.4,299.8,153643,64388,5104
INDOTHAI,08-SEP-2021,80.1,80.75,79.6,80.0,2974,2238,42
INDRAMEDCO,08-SEP-2021,80.2,80.8,78.55,78.8,141261,65432,2312
INDSWFTLAB,08-SEP-2021,67.7,68.75,67.5,67.8,44119,26084,870
INDTERRAIN,08-SEP-2021,44.1,45.35,44.0,44.7,365166,252472,2376
INDUSINDBK,08-SEP-2021,1013.2,1021.8,992.4,999.6,6385224,2940992,113974
INDUSTOWER,08-SEP-2021,244.0,247.9,231.2,235.85,17079606,1932668,135546
INEOSSTYRO,08-SEP-2021,1355.0,1390.3,1344.4,1367.5,19225,8474,2883
INFIBEAM,08-SEP-2021,44.65,44.7,43.6,43.8,2298075,1339039,6015
INFRABEES,08-SEP-2021,504.0,505.0,499.0,501.88,1714,1630,107
INFY,08-SEP-2021,1700.85,1700.85,1682.95,1693.25,4584896,2785831,153873
INGERRAND,08-SEP-2021,922.0,932.35,912.05,916.05,29298,22876,2470
INOXLEISUR,08-SEP-2021,307.9,308.75,304.45,306.0,411267,331351,5848
INOXWIND,08-SEP-2021,107.8,108.25,103.15,104.75,630022,375050,11614
INSECTICID,08-SEP-2021,728.95,735.45,720.0,724.25,10286,5148,1334
INTELLECT,08-SEP-2021,649.9,649.9,634.35,635.2,159200,109386,7958
INTENTECH,08-SEP-2021,76.95,76.95,73.0,73.8,41943,30506,560
INVENTURE,08-SEP-2021,3.0,3.0,2.9,3.0,1359325,852141,1075
IOB,08-SEP-2021,19.65,19.85,19.55,19.6,2462285,747830,4177
IOC,08-SEP-2021,111.1,112.9,111.1,112.6,8331481,3722306,45984
IOLCP,08-SEP-2021,556.0,561.5,549.05,553.9,266277,74451,8679
IPCALAB,08-SEP-2021,2507.35,2550.0,2473.2,2536.1,148830,57165,15795
IPL,08-SEP-2021,326.0,327.0,323.05,326.35,268684,152888,5302
IRB,08-SEP-2021,177.0,178.0,172.75,174.15,1478375,533865,14225
IRCON,08-SEP-2021,44.4,45.75,44.15,44.95,5844843,1293007,18358
IRCTC,08-SEP-2021,3330.0,3422.65,3265.55,3296.4,8872794,1167986,488020
IRFC,08-SEP-2021,23.05,23.15,23.0,23.0,3914433,2302416,11360
ISEC,08-SEP-2021,735.85,739.0,720.5,728.85,360619,169071,18734
ISFT,08-SEP-2021,124.5,129.9,119.05,126.95,647384,361042,12756
ISGEC,08-SEP-2021,722.2,736.0,720.0,727.8,60367,33947,4171
ITC,08-SEP-2021,212.25,213.0,209.7,211.25,17233315,9958470,100955
ITDC,08-SEP-2021,384.0,389.95,382.95,384.6,29603,9402,1880
ITDCEM,08-SEP-2021,82.4,83.4,79.25,79.85,895856,436534,15936
ITI,08-SEP-2021,117.4,122.45,117.05,118.95,1217337,196606,15711
IVC,08-SEP-2021,6.15,6.35,6.0,6.05,235820,178188,436
IVP,08-SEP-2021,117.75,117.75,113.75,114.25,1700,1551,23
IVZINGOLD,08-SEP-2021,4258.95,4271.9,4239.0,4252.0,11,9,7
IVZINNIFTY,08-SEP-2021,1895.75,1895.75,1892.0,1892.0,2,2,2
IZMO,08-SEP-2021,97.05,99.5,95.9,96.45,31630,20533,420
J&KBANK,08-SEP-2021,36.05,36.65,35.8,36.15,2021742,499581,5707
JAGRAN,08-SEP-2021,57.25,58.15,57.05,57.8,60110,23187,1086
JAGSNPHARM,08-SEP-2021,141.7,143.4,139.55,141.2,38331,23315,1148
JAIBALAJI,08-SEP-2021,57.0,57.0,55.05,55.45,40119,37025,293
JAICORPLTD,08-SEP-2021,139.4,140.85,135.65,137.0,2648930,505650,21518
JAIPURKURT,08-SEP-2021,60.0,60.0,59.3,59.3,7079,7078,209
JAMNAAUTO,08-SEP-2021,87.25,87.7,85.2,86.0,922951,653920,10265
JASH,08-SEP-2021,465.0,474.9,460.5,468.7,9026,5938,354
JAYAGROGN,08-SEP-2021,249.75,250.5,244.55,245.05,49533,19673,2745
JAYBARMARU,08-SEP-2021,185.95,186.95,182.8,184.8,14152,8132,829
JAYSREETEA,08-SEP-2021,111.75,112.35,110.0,110.8,119553,42064,2862
JBCHEPHARM,08-SEP-2021,1790.0,1795.0,1749.55,1785.6,170652,108593,16357
JBMA,08-SEP-2021,462.45,467.2,459.05,461.15,26000,9372,1645
JCHAC,08-SEP-2021,2240.05,2269.75,2232.05,2246.8,13265,6376,2508
JHS,08-SEP-2021,25.75,26.3,25.3,25.9,105620,63903,907
JINDALPHOT,08-SEP-2021,104.0,106.8,99.3,102.35,26406,18986,517
JINDALPOLY,08-SEP-2021,973.4,989.0,962.5,980.6,101723,32999,5509
JINDALSAW,08-SEP-2021,120.2,120.65,117.7,118.25,1176652,438603,11099
JINDALSTEL,08-SEP-2021,398.8,403.45,393.05,395.8,6035429,989958,59677
JINDRILL,08-SEP-2021,131.8,136.5,130.4,132.3,169062,58995,3401
JINDWORLD,08-SEP-2021,77.0,85.1,77.0,84.55,1950801,532403,23130
JISLDVREQS,08-SEP-2021,23.15,23.15,23.15,23.15,52430,52430,138
JISLJALEQS,08-SEP-2021,36.8,36.8,36.8,36.8,1843108,1843107,3570
JKCEMENT,08-SEP-2021,3575.0,3575.0,3439.0,3478.0,55560,27203,9776
JKIL,08-SEP-2021,201.9,203.6,199.15,200.05,86168,41151,4650
JKLAKSHMI,08-SEP-2021,738.1,747.6,725.4,731.15,557830,234471,25382
JKPAPER,08-SEP-2021,242.3,258.35,242.0,253.0,4956803,760653,51556
JKTYRE,08-SEP-2021,155.5,155.5,152.4,152.8,585759,181497,7752
JMA,08-SEP-2021,62.55,64.0,62.55,63.5,7062,5628,154
JMCPROJECT,08-SEP-2021,102.45,104.95,101.5,104.55,120926,64408,3639
JMFINANCIL,08-SEP-2021,89.5,90.7,88.9,89.55,1162686,365239,7646
JMTAUTOLTD,08-SEP-2021,2.75,2.8,2.65,2.7,186821,99344,2042
JOCIL,08-SEP-2021,240.0,243.9,235.5,236.2,13064,7527,499
JPINFRATEC,08-SEP-2021,1.85,1.9,1.8,1.85,2211471,1532600,1566
JPPOWER,08-SEP-2021,3.95,4.05,3.95,4.0,10706547,5399201,7776
JSL,08-SEP-2021,159.9,161.6,157.0,159.4,1598101,581716,13179
JSLHISAR,08-SEP-2021,291.4,294.8,288.5,289.85,259072,120639,5539
JSWHL,08-SEP-2021,4885.0,4885.95,4750.0,4772.9,644,429,196
JSWSTEEL,08-SEP-2021,684.0,691.5,681.7,687.05,3288571,953124,51658
JTEKTINDIA,08-SEP-2021,102.45,102.5,99.75,100.25,199497,114784,3796
JUBLFOOD,08-SEP-2021,4096.5,4096.5,4009.2,4050.8,359886,104118,32640
JUBLINDS,08-SEP-2021,514.9,517.95,506.15,512.75,17730,10454,809
JUBLINGREA,08-SEP-2021,716.0,731.75,710.0,714.7,1382832,664444,41432
JUBLPHARMA,08-SEP-2021,634.0,642.75,632.0,638.5,104101,52801,5437
JUMPNET,08-SEP-2021,9.25,9.25,9.0,9.15,331135,148667,574
JUNIORBEES,08-SEP-2021,416.9,447.8,416.9,444.72,84829,42033,6449
JUSTDIAL,08-SEP-2021,995.0,1008.0,989.9,998.35,985899,289946,28744
JYOTHYLAB,08-SEP-2021,177.5,182.95,175.0,177.5,2323333,1096880,20648
KABRAEXTRU,08-SEP-2021,238.5,242.8,234.0,237.05,103538,33417,7914
KAJARIACER,08-SEP-2021,1185.0,1210.0,1171.15,1196.45,137044,83536,8893
KAKATCEM,08-SEP-2021,245.95,249.75,244.0,245.6,9626,4451,547
KALPATPOWR,08-SEP-2021,415.45,415.45,409.05,412.95,159291,102843,5967
KALYANKJIL,08-SEP-2021,68.0,68.0,66.6,66.95,743322,410972,5579
KAMATHOTEL,08-SEP-2021,44.75,45.35,44.2,44.75,14235,7913,236
KAMDHENU,08-SEP-2021,176.0,206.5,175.85,200.85,1124059,468307,22250
KANORICHEM,08-SEP-2021,160.05,167.95,158.05,166.1,37442,30133,429
KANPRPLA,08-SEP-2021,260.0,261.8,247.05,253.4,14673,8650,1074
KANSAINER,08-SEP-2021,620.0,623.4,612.7,615.5,132124,82593,5790
KARURVYSYA,08-SEP-2021,42.75,43.35,42.25,42.5,1106092,600307,17421
KAUSHALYA,08-SEP-2021,2.6,2.7,2.6,2.6,9520,8122,42
KAYA,08-SEP-2021,436.0,455.3,418.35,443.6,49760,25060,1799
KCP,08-SEP-2021,138.0,139.35,135.25,136.3,120151,80842,2398
KCPSUGIND,08-SEP-2021,21.95,22.35,21.55,21.7,223206,81320,911
KDDL,08-SEP-2021,436.0,444.8,430.05,433.5,5600,2868,260
KEC,08-SEP-2021,429.1,433.35,422.8,431.7,257268,150162,10936
KECL,08-SEP-2021,17.9,17.9,17.05,17.3,73055,50530,462
KEERTI,08-SEP-2021,19.15,19.3,18.5,18.6,1531,1515,30
KEI,08-SEP-2021,780.8,841.0,775.0,825.9,2558679,552234,68669
KELLTONTEC,08-SEP-2021,48.4,50.0,47.75,49.1,495399,236130,5061
KENNAMET,08-SEP-2021,1448.0,1456.0,1395.1,1418.4,17635,7682,3398
KESORAMIND,08-SEP-2021,81.2,82.5,81.0,81.95,373807,121278,2775
KEYFINSERV,08-SEP-2021,84.25,84.25,78.55,80.85,13887,6595,362
KHADIM,08-SEP-2021,250.0,256.8,247.35,249.9,28091,17186,1031
KHAICHEM,08-SEP-2021,63.8,63.9,61.1,62.5,91233,60657,795
KHAITANLTD,08-SEP-2021,31.8,31.8,31.8,31.8,2678,2678,13
KHANDSE,08-SEP-2021,20.75,20.75,20.0,20.1,24897,21630,123
KICL,08-SEP-2021,2105.0,2141.1,2104.0,2114.55,497,415,75
KILITCH,08-SEP-2021,176.85,181.0,171.2,174.7,4213,2711,126
KIMS,08-SEP-2021,1263.1,1266.3,1223.2,1241.15,240010,167017,9831
KINGFA,08-SEP-2021,1116.5,1116.5,1081.55,1093.4,2187,1457,190
KIOCL,08-SEP-2021,276.4,282.0,264.0,266.6,94787,45312,5091
KIRIINDUS,08-SEP-2021,511.35,545.0,508.0,537.65,770914,214684,25004
KIRLFER,08-SEP-2021,237.5,238.3,232.45,233.2,103169,49340,4364
KIRLOSENG,08-SEP-2021,210.8,211.95,208.25,210.55,98334,71812,1850
KIRLOSIND,08-SEP-2021,1568.3,1598.0,1540.1,1549.95,16017,11020,1966
KITEX,08-SEP-2021,175.0,175.95,168.35,170.2,306088,163921,5024
KKCL,08-SEP-2021,828.55,836.0,810.6,819.3,3293,1997,339
KMSUGAR,08-SEP-2021,25.75,25.85,25.1,25.25,191257,86228,964
KNRCON,08-SEP-2021,324.7,324.7,316.05,317.1,396307,124046,10156
KOKUYOCMLN,08-SEP-2021,69.35,70.85,68.65,69.05,172560,84751,2584
KOLTEPATIL,08-SEP-2021,299.9,306.55,290.2,293.4,1595681,351070,26172
KOTAKBANK,08-SEP-2021,1760.1,1828.0,1755.0,1815.35,15249557,9533386,164175
KOTAKBKETF,08-SEP-2021,373.5,373.5,365.15,371.14,172101,134440,582
KOTAKGOLD,08-SEP-2021,41.4,41.55,40.91,41.24,130338,90035,684
KOTAKIT,08-SEP-2021,35.98,35.98,34.8,35.03,23757,20886,262
KOTAKNIFTY,08-SEP-2021,187.7,187.7,181.79,182.8,90509,85978,375
KOTAKNV20,08-SEP-2021,96.98,96.98,94.25,95.23,13713,10895,301
KOTAKPSUBK,08-SEP-2021,227.95,233.9,225.88,230.89,29607,13360,445
KOTARISUG,08-SEP-2021,32.05,33.0,31.9,32.25,108244,75305,837
KOTHARIPET,08-SEP-2021,55.4,55.65,54.0,54.7,93678,58741,1145
KOVAI,08-SEP-2021,1683.0,1721.2,1680.0,1715.45,10124,4047,3760
KPIGLOBAL,08-SEP-2021,122.75,122.95,120.0,121.9,28141,24837,383
KPITTECH,08-SEP-2021,337.8,337.8,326.45,329.8,711712,492184,26462
KPRMILL,08-SEP-2021,2010.0,2030.0,1981.05,2007.2,82007,45481,9247
KRBL,08-SEP-2021,253.85,259.9,249.35,258.25,844834,468015,10167
KREBSBIO,08-SEP-2021,152.35,155.35,151.1,152.55,25128,14279,709
KRIDHANINF,08-SEP-2021,4.95,4.95,4.65,4.8,79818,59083,177
KRISHANA,08-SEP-2021,176.0,176.4,171.7,172.8,11511,9719,245
KRSNAA,08-SEP-2021,919.1,923.9,904.0,905.85,43261,22474,3887
KSB,08-SEP-2021,1199.7,1205.6,1188.1,1194.8,16133,6585,3367
KSCL,08-SEP-2021,602.8,605.6,593.0,601.35,266203,153854,11274
KSL,08-SEP-2021,390.0,391.25,381.25,387.8,46974,20705,2657
KTKBANK,08-SEP-2021,62.8,64.65,61.5,63.3,3594798,1506978,12757
KUANTUM,08-SEP-2021,79.6,80.75,75.85,78.6,38750,16083,786
L&TFH,08-SEP-2021,84.4,85.5,84.0,84.7,5530193,1218985,18059
LALPATHLAB,08-SEP-2021,4084.8,4193.5,4050.05,4082.25,303748,62587,23520
LAOPALA,08-SEP-2021,302.0,305.25,295.55,297.65,194534,60321,6919
LASA,08-SEP-2021,75.5,75.5,73.05,74.0,53805,26050,1268
LAURUSLABS,08-SEP-2021,667.0,668.8,655.2,656.9,1666937,957310,33096
LAXMIMACH,08-SEP-2021,7950.0,8050.05,7784.9,7804.85,12158,3231,2986
LCCINFOTEC,08-SEP-2021,2.4,2.4,2.4,2.4,100594,100584,179
LEMONTREE,08-SEP-2021,38.8,39.3,38.65,38.85,527639,222368,2773
LFIC,08-SEP-2021,82.0,82.0,78.4,79.1,230,153,15
LGBBROSLTD,08-SEP-2021,412.55,418.45,411.0,412.95,51454,23454,3262
LIBAS,08-SEP-2021,62.8,63.0,60.35,60.85,347434,98469,4120
LIBERTSHOE,08-SEP-2021,199.0,206.8,194.1,195.4,725472,227037,17059
LICHSGFIN,08-SEP-2021,427.8,428.45,415.0,418.45,5299728,1633123,74683
LICNETFGSC,08-SEP-2021,22.7,22.86,22.25,22.55,15120,13133,118
LICNETFN50,08-SEP-2021,185.99,185.99,183.01,183.75,622,521,54
LICNETFSEN,08-SEP-2021,617.0,629.99,617.0,628.25,82,43,35
LICNFNHGP,08-SEP-2021,169.3,178.2,169.3,172.67,791,597,53
LIKHITHA,08-SEP-2021,408.95,418.0,397.45,404.35,139966,28842,8985
LINCOLN,08-SEP-2021,367.8,374.8,358.4,371.4,596268,205111,18511
LINCPEN,08-SEP-2021,220.55,222.0,217.05,219.4,24117,16351,325
LINDEINDIA,08-SEP-2021,2609.95,2657.0,2531.25,2550.75,374491,120067,33501
LIQUIDBEES,08-SEP-2021,1000.8,1000.8,999.99,1000.0,823310,721645,4725
LIQUIDETF,08-SEP-2021,1000.0,1000.01,999.99,1000.0,11517,7142,18
LODHA,08-SEP-2021,1040.0,1056.0,1025.5,1052.45,303203,124540,15137
LOKESHMACH,08-SEP-2021,45.6,46.4,45.4,45.65,11316,8297,132
LOVABLE,08-SEP-2021,118.25,120.0,115.75,116.4,72372,29023,2025
LT,08-SEP-2021,1682.0,1694.7,1658.0,1666.55,1644392,805986,96978
LTI,08-SEP-2021,5434.0,5449.0,5320.0,5398.3,188426,42203,20898
LTTS,08-SEP-2021,4329.0,4363.85,4265.25,4336.8,268213,68912,28652
LUMAXIND,08-SEP-2021,1459.5,1498.25,1450.0,1483.9,2272,1192,364
LUMAXTECH,08-SEP-2021,143.0,143.0,137.0,138.55,54330,34225,2080
LUPIN,08-SEP-2021,990.0,990.05,973.25,982.15,1616070,679536,42625
LUXIND,08-SEP-2021,4067.55,4073.25,3965.0,3982.75,42728,14790,9073
LXCHEM,08-SEP-2021,482.75,504.5,475.1,504.5,9112697,2433469,87920
LYKALABS,08-SEP-2021,72.5,73.4,71.0,71.85,129302,82383,1134
LYPSAGEMS,08-SEP-2021,4.65,4.8,4.5,4.55,27516,16333,120
M&M,08-SEP-2021,756.0,757.8,749.0,754.75,2380939,1335293,81127
M&MFIN,08-SEP-2021,169.0,170.85,165.55,168.1,4582201,1585311,26496
MACPOWER,08-SEP-2021,178.6,188.8,178.6,185.45,21868,5366,224
MADHAV,08-SEP-2021,56.5,57.5,54.6,56.25,13904,9503,349
MADHUCON,08-SEP-2021,5.35,5.35,5.1,5.15,55246,49897,138
MADRASFERT,08-SEP-2021,29.0,29.8,28.8,29.25,135974,49155,1027
MAESGETF,08-SEP-2021,29.86,29.93,29.66,29.85,11181,9723,118
MAFANG,08-SEP-2021,54.43,55.15,54.2,55.03,246219,202075,1804
MAFSETF,08-SEP-2021,18.35,18.35,18.05,18.18,504729,473223,245
MAGADSUGAR,08-SEP-2021,286.95,293.5,282.05,291.05,16483,9294,476
MAHABANK,08-SEP-2021,18.5,18.75,18.15,18.25,6440803,3248379,8837
MAHASTEEL,08-SEP-2021,93.8,94.7,92.2,93.1,36235,20424,1213
MAHEPC,08-SEP-2021,135.5,135.5,131.15,133.1,44748,28288,911
MAHESHWARI,08-SEP-2021,104.0,104.9,100.7,102.1,52594,30209,1219
MAHINDCIE,08-SEP-2021,226.0,226.0,219.05,219.8,765628,603827,5485
MAHLIFE,08-SEP-2021,845.0,882.45,835.0,838.2,148228,83728,11124
MAHLOG,08-SEP-2021,710.0,736.5,706.9,733.2,212738,53618,13341
MAHSCOOTER,08-SEP-2021,4558.9,4586.9,4535.0,4537.7,3930,1987,689
MAHSEAMLES,08-SEP-2021,310.2,316.4,310.1,310.6,122256,83917,5467
MAITHANALL,08-SEP-2021,972.7,979.0,965.0,970.75,69723,37240,4380
MAJESCO,08-SEP-2021,81.35,82.5,79.3,80.9,78912,49589,1743
MALUPAPER,08-SEP-2021,34.95,36.4,34.95,35.65,78373,26464,584
MAN50ETF,08-SEP-2021,175.4,180.66,175.4,178.98,5955,4053,102
MANAKALUCO,08-SEP-2021,16.65,17.7,16.65,16.8,15834,13218,209
MANAKCOAT,08-SEP-2021,12.35,12.65,12.05,12.3,18202,9847,114
MANAKSIA,08-SEP-2021,70.9,70.9,68.6,69.95,105056,75913,1230
MANAKSTEEL,08-SEP-2021,34.8,35.9,34.4,34.75,49646,22801,458
MANAPPURAM,08-SEP-2021,164.75,166.0,161.9,164.8,3281017,752605,25100
MANGALAM,08-SEP-2021,148.05,149.5,146.8,147.25,53618,25837,1056
MANGCHEFER,08-SEP-2021,74.8,76.4,72.9,74.35,180476,83899,3275
MANGLMCEM,08-SEP-2021,458.45,467.7,455.0,462.6,56851,25472,3401
MANINDS,08-SEP-2021,119.0,120.0,115.0,116.1,205526,114225,4345
MANINFRA,08-SEP-2021,70.1,70.9,67.5,70.0,924979,576136,6428
MANUGRAPH,08-SEP-2021,11.95,12.5,11.75,12.5,21342,14656,105
MANXT50,08-SEP-2021,422.1,424.67,421.84,423.44,32112,31783,54
MARALOVER,08-SEP-2021,76.05,81.15,76.0,81.15,53762,37242,596
MARATHON,08-SEP-2021,88.0,92.8,87.0,91.2,195700,99463,3254
MARICO,08-SEP-2021,559.6,562.75,550.85,560.95,2092387,1159318,47302
MARINE,08-SEP-2021,37.95,39.4,37.8,38.55,715977,146552,3438
MARKSANS,08-SEP-2021,72.55,72.55,70.55,71.3,1137438,572229,11342
MARUTI,08-SEP-2021,6852.1,6858.35,6756.0,6781.25,847767,460250,115677
MASFIN,08-SEP-2021,769.9,782.95,751.0,757.3,30589,11435,3182
MASTEK,08-SEP-2021,2834.35,2965.0,2797.65,2931.45,260672,90332,24784
MATRIMONY,08-SEP-2021,1020.95,1038.6,1005.0,1017.75,140358,120510,4889
MAXHEALTH,08-SEP-2021,382.0,386.6,377.8,384.95,578221,378089,14636
MAXIND,08-SEP-2021,72.75,73.7,72.5,73.25,176188,110935,1116
MAXVIL,08-SEP-2021,91.3,93.85,91.3,92.35,94504,47558,1680
MAYURUNIQ,08-SEP-2021,466.05,483.15,466.05,480.7,66031,37533,2907
MAZDA,08-SEP-2021,598.5,603.15,592.0,597.15,4548,3309,316
MAZDOCK,08-SEP-2021,245.9,249.0,241.85,242.85,321976,125262,7097
MBAPL,08-SEP-2021,202.0,202.0,189.5,190.45,29141,15065,1385
MBLINFRA,08-SEP-2021,18.9,19.9,18.8,19.15,27374,18156,153
MCDHOLDING,08-SEP-2021,49.95,49.95,49.95,49.95,89142,89142,151
MCDOWELL-N,08-SEP-2021,752.85,759.75,740.1,748.1,1380649,468569,34106
MCL,08-SEP-2021,37.15,38.6,37.15,38.05,21187,17314,257
MCLEODRUSS,08-SEP-2021,31.1,31.1,30.4,31.1,1555588,976089,1075
MCX,08-SEP-2021,1648.0,1666.9,1617.0,1627.8,582565,160406,46683
MENONBE,08-SEP-2021,75.6,75.6,73.1,73.55,26292,16517,1089
MEP,08-SEP-2021,20.5,20.95,20.2,20.75,75152,40275,353
METROPOLIS,08-SEP-2021,2884.8,2951.15,2863.0,2929.25,143590,38348,14006
MFL,08-SEP-2021,674.0,695.0,654.5,659.75,206623,107732,9115
MFSL,08-SEP-2021,1091.0,1105.0,1074.25,1089.6,833192,329232,28229
MGEL,08-SEP-2021,51.0,51.0,49.2,49.8,20899,19661,72
MGL,08-SEP-2021,1180.95,1189.45,1165.4,1176.9,200914,68769,12036
MHRIL,08-SEP-2021,240.5,254.75,232.6,237.6,2657848,661805,42881
MIDHANI,08-SEP-2021,184.4,185.6,183.5,183.8,126134,63857,2904
MINDACORP,08-SEP-2021,125.15,126.1,124.5,124.85,111217,62967,2119
MINDAIND,08-SEP-2021,704.3,705.55,691.0,695.65,138989,70873,13366
MINDTECK,08-SEP-2021,92.45,94.35,87.85,89.0,89339,47974,1908
MINDTREE,08-SEP-2021,3813.9,3816.6,3737.35,3750.1,722971,271711,47588
MIRZAINT,08-SEP-2021,61.25,61.9,59.75,60.1,673853,288614,5715
MITTAL,08-SEP-2021,10.55,10.9,10.5,10.7,28992,21857,178
MMFL,08-SEP-2021,825.0,833.7,806.0,813.85,10521,5723,1196
MMP,08-SEP-2021,159.4,172.3,155.1,163.05,149634,61521,3791
MMTC,08-SEP-2021,46.8,46.95,46.0,46.35,1418698,371492,6083
MODISNME,08-SEP-2021,71.4,75.25,71.4,74.4,49398,38871,870
MOGSEC,08-SEP-2021,54.0,54.0,48.62,48.84,5592,1000,58
MOIL,08-SEP-2021,173.9,173.9,169.0,169.35,546788,240476,15220
MOKSH,08-SEP-2021,36.05,36.15,35.5,35.85,899505,752230,588
MOL,08-SEP-2021,122.0,122.0,114.5,116.45,2255412,1279669,19614
MOLDTKPAC,08-SEP-2021,490.0,499.0,477.5,493.45,112555,72051,4201
MOM100,08-SEP-2021,31.04,31.04,30.52,30.92,79281,60304,928
MOM50,08-SEP-2021,174.3,174.3,171.0,171.33,438,395,61
MON100,08-SEP-2021,114.5,114.5,113.2,113.77,436749,302201,4540
MONTECARLO,08-SEP-2021,374.0,378.0,366.1,369.65,164189,64832,6405
MORARJEE,08-SEP-2021,15.3,16.0,15.3,15.4,12827,11428,130
MOREPENLAB,08-SEP-2021,53.5,54.75,53.4,54.3,827753,468997,5617
MOTHERSUMI,08-SEP-2021,211.5,212.5,208.2,211.05,8055738,4764494,110027
MOTILALOFS,08-SEP-2021,805.4,818.9,800.05,802.9,241170,62901,9966
MOTOGENFIN,08-SEP-2021,28.8,28.8,25.85,26.15,11989,7605,179
MPHASIS,08-SEP-2021,2997.0,2997.0,2933.0,2958.3,489569,218016,42735
MPSLTD,08-SEP-2021,709.0,714.55,694.1,699.95,12179,7053,984
MRF,08-SEP-2021,81380.0,81429.65,79810.0,80240.0,9413,3005,7264
MRPL,08-SEP-2021,42.7,43.35,42.55,42.8,539496,198763,2954
MSPL,08-SEP-2021,9.95,10.4,9.7,10.0,58830,42530,220
MSTCLTD,08-SEP-2021,279.45,284.0,276.8,280.6,344687,143150,8591
MTARTECH,08-SEP-2021,1390.0,1398.0,1360.25,1372.0,130885,60984,8050
MTEDUCARE,08-SEP-2021,7.8,8.0,7.65,7.8,104190,62875,288
MTNL,08-SEP-2021,18.55,19.6,18.4,18.7,2037907,966600,3867
MUKTAARTS,08-SEP-2021,38.05,38.5,37.05,37.85,10705,3901,156
MUNJALAU,08-SEP-2021,57.75,58.8,56.95,57.45,91975,49475,1208
MUNJALSHOW,08-SEP-2021,135.7,138.3,135.0,136.4,67771,14693,3332
MURUDCERA,08-SEP-2021,25.0,26.95,25.0,25.6,137892,55969,973
MUTHOOTCAP,08-SEP-2021,401.0,407.9,401.0,402.55,13637,4607,1134
MUTHOOTFIN,08-SEP-2021,1532.0,1564.95,1523.55,1544.95,738402,101772,26080
NACLIND,08-SEP-2021,69.05,70.9,67.2,69.95,65105,47497,760
NAGREEKCAP,08-SEP-2021,6.8,7.1,6.8,7.1,109,109,2
NAHARCAP,08-SEP-2021,274.5,278.0,266.8,273.5,11057,6793,657
NAHARPOLY,08-SEP-2021,226.7,234.0,226.7,229.95,30853,21052,1298
NAM-INDIA,08-SEP-2021,420.9,439.0,413.6,435.8,3205859,609666,45743
NATCOPHARM,08-SEP-2021,984.65,988.6,971.1,974.4,114906,64385,7498
NATHBIOGEN,08-SEP-2021,345.95,347.5,335.0,336.7,45403,25735,2205
NATIONALUM,08-SEP-2021,96.0,99.2,94.95,96.4,34369715,8167100,70302
NATNLSTEEL,08-SEP-2021,3.9,3.9,3.7,3.75,29197,18067,108
NAUKRI,08-SEP-2021,6200.0,6749.95,6200.0,6715.25,2748731,265198,232980
NAVINFLUOR,08-SEP-2021,4135.0,4135.0,3960.05,4008.05,423567,115953,27541
NAVKARCORP,08-SEP-2021,42.3,43.95,42.3,42.95,450571,229656,3428
NAVNETEDUL,08-SEP-2021,101.55,102.75,100.25,101.05,152874,72074,4095
NAZARA,08-SEP-2021,1827.0,1832.4,1798.0,1815.45,78352,35461,6931
NBCC,08-SEP-2021,44.05,44.4,43.75,43.85,2351703,912520,12001
NBIFIN,08-SEP-2021,2846.0,2846.0,2760.0,2795.05,78,58,29
NBVENTURES,08-SEP-2021,110.0,110.95,106.05,109.4,686408,340915,10542
NCC,08-SEP-2021,77.5,78.9,75.85,76.95,2448115,932015,10147
NCLIND,08-SEP-2021,243.3,245.2,238.0,238.55,87472,56166,2702
NCPSESDL24,08-SEP-2021,106.78,106.84,106.76,106.78,516,465,11
NDL,08-SEP-2021,76.75,79.9,75.8,79.1,31026,18743,390
NDTV,08-SEP-2021,74.5,75.9,73.5,73.95,15341,11264,341
NECCLTD,08-SEP-2021,19.0,19.25,18.25,18.35,127829,98407,407
NECLIFE,08-SEP-2021,29.75,30.15,29.2,29.45,216849,133104,1466
NELCAST,08-SEP-2021,92.4,94.95,90.75,92.5,346296,151545,6256
NELCO,08-SEP-2021,528.0,554.6,522.2,554.6,243038,110532,7303
NEOGEN,08-SEP-2021,1088.1,1224.0,1065.0,1198.7,1374880,104750,110738
NESCO,08-SEP-2021,582.45,597.95,582.45,594.2,21236,10072,2907
NESTLEIND,08-SEP-2021,20300.0,20530.0,19785.0,19839.6,172373,82463,31670
NETF,08-SEP-2021,215.05,215.05,215.05,215.05,222,222,32
NETFCONSUM,08-SEP-2021,77.89,77.89,75.25,76.25,6362,4409,147
NETFDIVOPP,08-SEP-2021,43.56,45.32,43.56,44.6,3185,2437,86
NETFGILT5Y,08-SEP-2021,48.81,48.83,48.81,48.83,94,94,6
NETFIT,08-SEP-2021,35.94,35.94,35.17,35.33,691218,547275,4941
NETFLTGILT,08-SEP-2021,22.69,22.74,22.67,22.74,7562,7145,69
NETFMID150,08-SEP-2021,111.67,111.7,110.22,110.67,101562,63796,1234
NETFNIF100,08-SEP-2021,183.59,185.0,179.95,181.69,14043,13715,122
NETFNV20,08-SEP-2021,95.22,98.4,95.22,96.5,6948,5412,159
NETFPHARMA,08-SEP-2021,14.6,14.68,14.35,14.41,120254,99245,563
NETFSDL26,08-SEP-2021,105.82,105.95,105.78,105.78,23992,23992,14
NETWORK18,08-SEP-2021,51.25,52.55,50.6,50.8,1000556,414619,3796
NEXTMEDIA,08-SEP-2021,4.5,4.6,4.3,4.55,13724,12606,30
NFL,08-SEP-2021,55.6,55.75,54.55,54.75,389753,136439,3600
NGIL,08-SEP-2021,83.0,88.8,83.0,88.8,724128,510834,2579
NH,08-SEP-2021,524.0,530.0,516.25,525.85,53582,17979,3982
NHPC,08-SEP-2021,27.4,27.6,27.25,27.5,2015915,1251668,5445
NIACL,08-SEP-2021,160.2,163.6,156.7,158.25,657088,291883,14270
NIBL,08-SEP-2021,19.05,19.65,18.6,19.15,13236,5454,101
NIFTYBEES,08-SEP-2021,188.44,188.44,186.35,187.14,1193553,787692,18431
NIFTYEES,08-SEP-2021,22505.0,22505.0,22499.99,22499.99,4,3,3
NIITLTD,08-SEP-2021,303.0,305.0,292.25,296.9,522853,198812,15393
NILAINFRA,08-SEP-2021,5.75,5.85,5.25,5.4,1966929,1270926,1254
NILKAMAL,08-SEP-2021,2819.25,2887.95,2795.0,2852.9,10410,4335,2244
NIPPOBATRY,08-SEP-2021,1052.0,1054.4,1029.7,1042.75,4209,2423,552
NIRAJ,08-SEP-2021,43.5,44.6,43.5,43.75,3522,1855,138
NITCO,08-SEP-2021,23.25,23.75,22.8,23.0,51371,41578,336
NITIRAJ,08-SEP-2021,45.0,47.5,45.0,46.0,2387,1241,118
NLCINDIA,08-SEP-2021,52.1,52.8,51.85,52.5,1240387,465701,5220
NMDC,08-SEP-2021,152.4,152.9,150.95,152.25,5531744,2215742,29071
NOCIL,08-SEP-2021,276.0,279.0,270.95,277.5,1134594,281535,15503
NOIDATOLL,08-SEP-2021,6.25,6.35,6.0,6.0,105571,62539,211
NORBTEAEXP,08-SEP-2021,6.95,6.95,6.95,6.95,10,10,2
NOVARTIND,08-SEP-2021,837.75,839.9,824.0,827.75,13847,5919,1496
NPBET,08-SEP-2021,189.76,189.76,185.07,187.72,244,189,17
NRAIL,08-SEP-2021,326.0,336.0,320.0,324.75,90731,29275,6437
NRBBEARING,08-SEP-2021,133.7,137.4,132.0,132.95,199088,98791,3423
NSIL,08-SEP-2021,1713.0,1721.0,1671.0,1683.8,844,501,189
NTPC,08-SEP-2021,113.85,114.6,112.4,114.05,10508654,4821153,76050
NUCLEUS,08-SEP-2021,540.6,546.75,536.5,538.2,36244,21040,3820
NURECA,08-SEP-2021,1647.9,1650.0,1613.85,1625.35,7596,4584,1021
NUVOCO,08-SEP-2021,563.5,563.9,552.0,553.4,331856,178740,11385
NXTDIGITAL,08-SEP-2021,415.0,418.4,411.0,414.95,1450,1071,105
OAL,08-SEP-2021,928.0,933.65,893.9,921.05,17025,9019,1951
OBEROIRLTY,08-SEP-2021,795.75,795.75,768.5,774.2,726451,228979,29044
OCCL,08-SEP-2021,1061.6,1076.35,1054.0,1069.05,7572,4326,814
OFSS,08-SEP-2021,4748.0,4792.5,4691.45,4711.2,138138,48863,18122
OIL,08-SEP-2021,181.0,191.0,181.0,189.65,3236901,1005935,31940
OMAXE,08-SEP-2021,82.5,82.8,80.0,80.25,103754,82704,2029
OMINFRAL,08-SEP-2021,28.3,28.6,28.05,28.3,52692,25464,408
OMKARCHEM,08-SEP-2021,18.8,18.8,17.5,17.9,149659,94023,744
ONGC,08-SEP-2021,119.0,119.5,117.5,118.95,7801721,2217561,44873
ONMOBILE,08-SEP-2021,120.0,121.5,118.0,119.1,249170,125971,5061
ONWARDTEC,08-SEP-2021,234.1,237.95,231.6,233.95,7416,4819,313
ORBTEXP,08-SEP-2021,73.0,73.2,72.0,72.3,8729,4999,211
ORICONENT,08-SEP-2021,32.0,32.0,31.0,31.15,46775,42230,243
ORIENTABRA,08-SEP-2021,28.75,29.45,28.55,28.75,43032,29763,655
ORIENTALTL,08-SEP-2021,8.4,8.6,8.35,8.45,14604,12093,75
ORIENTBELL,08-SEP-2021,352.9,352.9,333.55,335.4,11734,5869,743
ORIENTCEM,08-SEP-2021,162.2,167.0,160.4,161.3,1060033,517871,9759
ORIENTELEC,08-SEP-2021,332.1,348.85,330.0,344.2,1257356,351693,33650
ORIENTHOT,08-SEP-2021,35.3,35.9,34.8,35.4,66998,41739,594
ORIENTLTD,08-SEP-2021,66.25,67.0,65.35,66.45,3966,3492,59
ORIENTPPR,08-SEP-2021,30.25,31.8,30.25,30.95,1869601,556185,5689
ORISSAMINE,08-SEP-2021,2853.9,2956.0,2817.55,2825.15,24258,11068,4101
ORTINLAB,08-SEP-2021,29.15,29.55,28.75,28.9,21584,10932,234
OSWALAGRO,08-SEP-2021,16.7,17.65,16.65,17.05,142498,111160,475
PAGEIND,08-SEP-2021,32149.0,32248.9,31500.0,31900.7,43576,27490,11949
PAISALO,08-SEP-2021,721.0,765.0,720.0,756.35,134600,63053,6409
PALASHSECU,08-SEP-2021,72.5,74.0,71.5,73.2,8187,5151,177
PALREDTEC,08-SEP-2021,115.15,123.95,114.8,119.8,88358,26460,2893
PANACEABIO,08-SEP-2021,320.7,320.7,306.6,308.95,167974,87121,6572
PANAMAPET,08-SEP-2021,264.65,267.65,263.15,265.95,67115,32027,2507
PARAGMILK,08-SEP-2021,132.5,136.4,131.2,132.7,309799,120651,4007
PARSVNATH,08-SEP-2021,15.0,15.8,14.8,15.8,718588,520484,909
PATELENG,08-SEP-2021,15.95,16.35,15.65,16.05,1290061,553372,2331
PATINTLOG,08-SEP-2021,22.75,22.9,21.9,22.5,48371,32420,397
PATSPINLTD,08-SEP-2021,8.25,8.25,7.7,7.95,8645,7900,48
PCJEWELLER,08-SEP-2021,26.1,26.7,25.6,25.75,1477259,560673,3742
PDMJEPAPER,08-SEP-2021,40.1,41.45,40.1,40.45,214248,79965,1773
PDSMFL,08-SEP-2021,1201.0,1209.9,1184.45,1197.05,3254,2817,322
PEARLPOLY,08-SEP-2021,16.15,16.15,15.6,15.95,5091,3414,114
PEL,08-SEP-2021,2589.95,2607.9,2553.7,2579.45,731713,202461,36188
PENIND,08-SEP-2021,29.85,30.15,29.55,29.7,342644,193240,1625
PERSISTENT,08-SEP-2021,3522.0,3535.0,3452.0,3462.8,169039,95843,18507
PETRONET,08-SEP-2021,232.25,232.25,228.75,230.5,1720179,974187,22420
PFC,08-SEP-2021,127.7,132.95,126.85,132.2,7015784,2846931,31143
PFIZER,08-SEP-2021,6049.0,6169.0,5985.0,6098.2,105315,20452,13789
PFOCUS,08-SEP-2021,83.4,83.4,83.4,83.4,94373,94373,142
PFS,08-SEP-2021,17.75,18.05,17.55,17.8,642078,429359,1505
PGEL,08-SEP-2021,355.0,362.9,349.65,351.15,14074,10149,572
PGHH,08-SEP-2021,13951.0,14400.0,13651.35,13764.05,22907,6675,8412
PGHL,08-SEP-2021,5379.0,5396.3,5330.0,5344.7,18506,14882,2403
PGIL,08-SEP-2021,320.15,338.85,318.15,328.6,33448,13161,1675
PHILIPCARB,08-SEP-2021,241.7,245.25,240.3,241.6,372983,153549,6613
PHOENIXLTD,08-SEP-2021,869.8,884.0,861.0,871.8,401747,370980,4445
PIDILITIND,08-SEP-2021,2335.0,2336.15,2281.8,2313.3,535562,313939,50272
PIIND,08-SEP-2021,3390.4,3494.7,3356.55,3380.8,460399,121110,38975
PILANIINVS,08-SEP-2021,1818.5,1840.95,1818.5,1832.0,14299,1733,767
PILITA,08-SEP-2021,7.7,7.75,7.2,7.3,2651054,1522175,3586
PIONDIST,08-SEP-2021,149.65,152.45,147.6,149.1,13972,7142,414
PIONEEREMB,08-SEP-2021,66.05,70.6,65.5,69.5,504545,207767,7637
PITTIENG,08-SEP-2021,155.9,162.75,154.6,158.2,302601,133202,2344
PLASTIBLEN,08-SEP-2021,264.8,289.0,264.75,286.2,478068,118802,11041
PNB,08-SEP-2021,37.35,38.35,37.25,37.65,47139154,8203239,48020
PNBGILTS,08-SEP-2021,64.5,65.0,63.15,64.75,117383,70385,1435
PNC,08-SEP-2021,34.7,36.5,33.65,35.55,55502,29209,479
PNCINFRA,08-SEP-2021,375.0,375.8,365.0,367.55,408843,133600,12035
PODDARHOUS,08-SEP-2021,182.1,192.1,182.1,188.35,2403,1509,112
PODDARMENT,08-SEP-2021,332.95,353.95,328.85,343.05,24866,9846,1751
POKARNA,08-SEP-2021,488.45,493.85,485.0,486.55,34527,22270,1879
POLYCAB,08-SEP-2021,2405.0,2450.0,2385.05,2406.7,696056,144504,38471
POLYMED,08-SEP-2021,955.5,1000.0,954.95,982.05,169753,80179,13719
POLYPLEX,08-SEP-2021,1547.0,1549.95,1532.0,1543.75,62473,26094,4648
POWERGRID,08-SEP-2021,171.25,173.6,170.2,172.85,19027722,12597542,57310
POWERINDIA,08-SEP-2021,2360.95,2376.45,2307.05,2325.65,21200,9987,4045
POWERMECH,08-SEP-2021,825.0,839.0,817.0,828.35,22725,8497,1738
PPAP,08-SEP-2021,240.0,249.9,238.05,243.9,34988,21166,1183
PPL,08-SEP-2021,165.0,167.7,163.25,165.6,55372,30524,1855
PRAKASH,08-SEP-2021,66.55,67.7,66.55,66.95,280554,146142,2496
PRAKASHSTL,08-SEP-2021,2.25,2.25,2.25,2.25,257508,257508,503
PRAXIS,08-SEP-2021,32.2,32.85,31.95,32.85,58784,46207,222
PRECAM,08-SEP-2021,84.85,84.85,81.0,83.2,74427,45738,1448
PRECOT,08-SEP-2021,239.7,245.0,237.1,243.6,21130,9226,803
PRECWIRE,08-SEP-2021,239.95,246.9,239.95,243.85,49075,23648,1723
PREMIERPOL,08-SEP-2021,73.0,76.4,72.95,74.0,4511,3384,202
PRESSMN,08-SEP-2021,29.45,29.45,28.55,29.05,15714,12490,154
PRESTIGE,08-SEP-2021,453.0,455.5,434.0,442.75,1892022,787085,68859
PRICOLLTD,08-SEP-2021,82.9,82.9,81.55,81.7,230539,91983,2938
PRIMESECU,08-SEP-2021,83.6,84.8,80.65,81.35,6079,4117,133
PRINCEPIPE,08-SEP-2021,672.95,701.8,664.25,696.1,733696,236232,30812
PRITIKAUTO,08-SEP-2021,18.8,18.85,18.0,18.2,210549,127608,898
PRIVISCL,08-SEP-2021,1636.25,1695.0,1631.0,1668.85,23556,11054,4458
PROZONINTU,08-SEP-2021,28.9,29.15,28.6,28.95,161068,96109,1027
PRSMJOHNSN,08-SEP-2021,126.4,128.7,125.0,126.2,197332,103282,4054
PSB,08-SEP-2021,16.95,17.25,16.9,16.95,207433,135815,721
PSPPROJECT,08-SEP-2021,455.0,455.9,438.0,441.45,209930,44287,9835
PSUBNKBEES,08-SEP-2021,25.89,25.95,25.35,25.58,297767,149772,995
PTC,08-SEP-2021,101.85,103.15,101.0,102.65,1519372,693046,13075
PTL,08-SEP-2021,46.35,47.0,45.9,46.35,46477,31770,420
PUNJABCHEM,08-SEP-2021,1804.9,1864.95,1798.45,1816.65,24683,6866,4325
PURVA,08-SEP-2021,110.2,111.5,107.95,108.55,359241,93210,6556
PVR,08-SEP-2021,1365.0,1387.0,1340.45,1353.3,638732,128152,28392
QGOLDHALF,08-SEP-2021,2033.5,2033.5,2028.0,2030.95,1925,1676,74
QNIFTY,08-SEP-2021,1807.0,1809.0,1798.95,1801.0,7,3,7
QUESS,08-SEP-2021,834.0,866.4,833.2,862.1,531770,376141,20569
QUICKHEAL,08-SEP-2021,225.0,228.95,224.0,225.0,117427,37160,3097
RADICO,08-SEP-2021,897.7,909.6,886.0,893.15,287870,105848,18879
RADIOCITY,08-SEP-2021,24.15,24.85,23.75,23.9,334884,196174,2591
RAILTEL,08-SEP-2021,132.85,134.0,131.05,131.4,814819,284748,13879
RAIN,08-SEP-2021,232.0,235.9,228.0,229.25,1728648,468640,17381
RAJESHEXPO,08-SEP-2021,613.0,620.0,604.0,611.1,140052,59643,7649
RAJSREESUG,08-SEP-2021,28.0,28.55,27.15,27.7,17466,11052,190
RALLIS,08-SEP-2021,295.0,296.55,289.6,290.9,828810,306580,11848
RAMANEWS,08-SEP-2021,19.75,19.75,18.9,19.05,262661,145511,833
RAMCOCEM,08-SEP-2021,1050.0,1060.0,1033.05,1044.35,110899,29778,6807
RAMCOIND,08-SEP-2021,283.5,293.65,282.75,289.85,127876,71088,4574
RAMCOSYS,08-SEP-2021,464.15,467.8,458.0,459.75,74839,35314,3131
RANEENGINE,08-SEP-2021,291.0,292.5,287.55,289.65,6744,4085,232
RANEHOLDIN,08-SEP-2021,639.25,647.2,631.1,636.05,17237,9768,1118
RATNAMANI,08-SEP-2021,2140.6,2150.0,2116.85,2142.5,34106,15244,4295
RAYMOND,08-SEP-2021,436.25,443.65,430.55,433.45,1215141,255882,26358
RBL,08-SEP-2021,927.45,930.7,913.0,916.75,2958,1371,478
RBLBANK,08-SEP-2021,174.0,176.6,171.8,173.8,5640518,1676557,37656
RCF,08-SEP-2021,73.8,74.35,73.1,73.6,684167,220708,5334
RCOM,08-SEP-2021,2.85,2.9,2.75,2.85,16530737,9053740,19913
RECLTD,08-SEP-2021,150.7,158.25,150.4,157.55,6665496,2602032,35195
REDINGTON,08-SEP-2021,138.0,143.35,138.0,141.75,2322464,1695332,31368
REFEX,08-SEP-2021,161.95,165.0,157.15,160.1,381537,150885,9764
RELAXO,08-SEP-2021,1183.0,1196.55,1176.0,1180.75,157980,83418,12592
RELCAPITAL,08-SEP-2021,16.7,17.1,16.5,17.1,2860449,1259301,4413
RELIANCE,08-SEP-2021,2452.0,2454.0,2406.65,2431.35,6600210,3515264,213942
RELIGARE,08-SEP-2021,152.4,155.0,149.75,153.85,712134,277761,7088
REPCOHOME,08-SEP-2021,304.05,316.0,299.65,309.2,558461,175015,13519
REPL,08-SEP-2021,232.95,234.0,221.0,222.35,11009,7716,451
REPRO,08-SEP-2021,585.3,616.2,575.25,597.25,64501,39045,3348
RESPONIND,08-SEP-2021,126.8,128.05,126.1,126.3,49196,3422,484
REVATHI,08-SEP-2021,562.0,565.0,555.15,564.0,1064,851,53
RGL,08-SEP-2021,760.0,780.0,745.0,758.5,149922,52353,11069
RHIM,08-SEP-2021,364.9,366.0,357.65,361.95,53453,21941,4071
RICOAUTO,08-SEP-2021,49.0,50.65,48.85,49.1,559441,271911,3449
RIIL,08-SEP-2021,720.9,730.0,690.1,692.75,319232,117721,13684
RITES,08-SEP-2021,277.4,277.55,271.0,274.25,189320,77496,8115
RKEC,08-SEP-2021,85.0,85.0,82.8,83.6,35852,20732,1037
RKFORGE,08-SEP-2021,980.0,1023.7,980.0,994.15,206888,80764,11308
RML,08-SEP-2021,391.0,394.0,387.0,387.9,12397,7610,587
ROHLTD,08-SEP-2021,71.5,74.4,71.5,73.95,30132,20042,651
ROLEXRINGS,08-SEP-2021,1100.55,1104.3,1081.0,1092.9,40271,21938,4830
ROLLT,08-SEP-2021,2.3,2.35,2.2,2.25,1280845,1052687,749
ROML,08-SEP-2021,65.2,78.5,64.25,78.5,166579,89157,4438
ROSSARI,08-SEP-2021,1390.75,1418.8,1377.0,1395.0,57227,17839,6019
ROSSELLIND,08-SEP-2021,167.35,167.65,163.0,165.15,62395,34516,1588
ROUTE,08-SEP-2021,2008.0,2027.65,1990.05,2005.5,194871,56680,11668
RPGLIFE,08-SEP-2021,632.0,634.85,605.5,609.7,182231,60226,8258
RPPINFRA,08-SEP-2021,77.0,84.7,76.05,83.05,817169,322997,12570
RPSGVENT,08-SEP-2021,758.6,779.0,745.55,762.85,158722,80212,10575
RSSOFTWARE,08-SEP-2021,33.8,35.5,33.65,34.05,40218,18987,424
RSWM,08-SEP-2021,314.0,324.75,312.0,322.0,85784,47363,2412
RSYSTEMS,08-SEP-2021,196.9,203.0,195.15,197.75,78589,36050,2749
RUBYMILLS,08-SEP-2021,276.8,314.5,276.8,294.3,390974,68249,14341
RUCHI,08-SEP-2021,1037.65,1057.15,1037.65,1043.9,13873,8116,1605
RUCHIRA,08-SEP-2021,77.95,81.25,77.95,80.7,69834,36324,1388
RUPA,08-SEP-2021,464.0,469.8,453.45,456.95,242195,95726,8307
RUSHIL,08-SEP-2021,259.6,260.05,244.0,246.7,157411,82679,1433
RVHL,08-SEP-2021,21.4,21.75,20.4,21.35,11001,6468,48
RVNL,08-SEP-2021,31.7,31.8,30.8,31.0,8685558,2984691,22067
SADBHAV,08-SEP-2021,51.4,58.7,51.25,53.25,2671987,1406406,14632
SADBHIN,08-SEP-2021,16.8,17.0,16.35,16.55,1983424,1579199,4727
SAFARI,08-SEP-2021,878.0,886.85,855.15,862.25,43923,25709,9631
SAGCEM,08-SEP-2021,269.65,277.25,268.0,269.55,64309,37680,3184
SAIL,08-SEP-2021,120.9,121.85,119.15,120.0,20022364,4565160,54504
SAKAR,08-SEP-2021,160.15,165.0,160.15,163.35,17897,7635,470
SAKSOFT,08-SEP-2021,925.0,933.55,903.25,911.3,162927,40355,9627
SALASAR,08-SEP-2021,283.0,293.35,283.0,292.55,99976,65654,2470
SALONA,08-SEP-2021,195.0,213.9,194.15,202.6,26073,7509,1032
SALZERELEC,08-SEP-2021,166.95,166.95,162.4,163.85,44460,24569,2399
SANCO,08-SEP-2021,8.55,8.55,8.2,8.55,14049,10358,102
SANDESH,08-SEP-2021,789.6,796.05,767.75,773.7,3264,1894,166
SANDHAR,08-SEP-2021,281.3,282.95,277.8,279.15,43736,20951,2374
SANGAMIND,08-SEP-2021,135.95,141.8,135.1,139.55,28872,15636,438
SANGHIIND,08-SEP-2021,70.8,71.6,70.15,70.8,326829,154867,2229
SANGHVIMOV,08-SEP-2021,186.25,186.85,178.1,179.75,52439,28642,1400
SANGINITA,08-SEP-2021,27.75,27.75,27.0,27.1,321480,48390,2022
SANOFI,08-SEP-2021,8300.0,8317.65,8124.95,8203.4,39419,30725,4578
SARLAPOLY,08-SEP-2021,43.8,45.6,43.5,43.9,1101711,566828,5252
SASKEN,08-SEP-2021,1389.7,1394.75,1362.0,1368.65,18667,7348,3011
SATIA,08-SEP-2021,99.9,100.5,97.65,98.3,158127,75342,2337
SATIN,08-SEP-2021,78.25,79.9,77.65,77.85,48109,28863,853
SBCL,08-SEP-2021,203.0,203.0,190.8,195.15,42656,25613,1498
SBICARD,08-SEP-2021,1085.15,1123.3,1082.0,1108.4,1637527,580582,60389
SBIETFCON,08-SEP-2021,71.3,71.3,69.6,70.48,2882,1450,126
SBIETFIT,08-SEP-2021,359.99,359.99,351.0,353.47,7805,5826,227
SBIETFPB,08-SEP-2021,189.74,191.99,188.72,190.49,1587,1348,36
SBIETFQLTY,08-SEP-2021,159.78,159.78,152.5,153.77,2684,1723,101
SBILIFE,08-SEP-2021,1246.05,1246.95,1211.95,1220.05,1909087,981951,58231
SBIN,08-SEP-2021,429.0,435.4,427.35,431.35,22817464,9975593,306026
SCHAEFFLER,08-SEP-2021,7416.55,7573.85,7395.35,7528.0,25431,12726,7955
SCHAND,08-SEP-2021,118.4,119.9,114.5,115.3,27893,16313,553
SCHNEIDER,08-SEP-2021,115.4,116.5,114.05,114.9,431257,182326,4732
SCI,08-SEP-2021,106.95,110.4,106.35,108.7,3244068,1075925,20683
SDBL,08-SEP-2021,43.0,43.5,41.75,42.3,91441,77402,478
SEAMECLTD,08-SEP-2021,885.0,939.0,884.85,915.35,116633,50055,7108
SECURKLOUD,08-SEP-2021,160.0,164.3,151.65,152.9,154803,81692,3724
SELAN,08-SEP-2021,139.1,151.7,138.05,146.2,611964,116227,10906
SEPOWER,08-SEP-2021,8.4,8.9,8.3,8.45,35405,24173,158
SEQUENT,08-SEP-2021,228.9,231.1,227.05,227.9,429741,222915,9744
SERVOTECH,08-SEP-2021,28.5,28.5,26.4,27.2,35865,18711,358
SESHAPAPER,08-SEP-2021,175.4,181.3,174.35,179.2,45913,17787,1150
SETCO,08-SEP-2021,20.25,20.25,20.25,20.25,225481,225400,330
SETF10GILT,08-SEP-2021,206.48,206.48,204.15,205.5,160,101,7
SETFGOLD,08-SEP-2021,4204.45,4204.5,4181.5,4194.45,14057,11535,1429
SETFNIF50,08-SEP-2021,177.15,178.05,176.32,177.01,162456,94441,1317
SETFNIFBK,08-SEP-2021,365.0,368.19,363.87,367.41,255608,195953,698
SETFNN50,08-SEP-2021,440.0,440.0,438.0,439.95,7251,6372,341
SEYAIND,08-SEP-2021,55.4,58.3,55.4,56.55,9564,6846,219
SFL,08-SEP-2021,2310.05,2325.0,2288.9,2300.2,29240,18404,11620
SGIL,08-SEP-2021,155.45,159.55,152.25,155.1,3015,2165,139
SGL,08-SEP-2021,12.8,13.35,12.75,13.2,9069,6443,83
SHAKTIPUMP,08-SEP-2021,742.0,746.45,722.05,724.1,28704,18074,2456
SHALBY,08-SEP-2021,191.0,194.85,189.85,193.1,111644,37018,2465
SHALPAINTS,08-SEP-2021,100.3,101.25,98.4,99.05,64842,32763,1721
SHANKARA,08-SEP-2021,568.5,576.9,564.35,568.6,82598,19839,5132
SHANTIGEAR,08-SEP-2021,178.6,182.75,177.75,179.3,139711,44927,7885
SHARDACROP,08-SEP-2021,328.0,329.5,322.1,325.45,428115,376225,4530
SHAREINDIA,08-SEP-2021,532.25,538.0,525.05,526.8,21364,13751,1141
SHARIABEES,08-SEP-2021,493.0,493.0,446.5,451.56,770,758,60
SHEMAROO,08-SEP-2021,112.3,124.75,112.3,124.75,446180,231350,2732
SHILPAMED,08-SEP-2021,625.0,631.7,608.4,616.15,529141,175544,12202
SHIVAMAUTO,08-SEP-2021,22.0,22.9,22.0,22.15,47495,32546,326
SHIVAMILLS,08-SEP-2021,89.8,90.3,87.05,89.35,10317,5313,180
SHIVATEX,08-SEP-2021,202.0,205.0,197.0,199.25,32022,12568,933
SHK,08-SEP-2021,156.25,170.4,156.05,168.15,1266651,428538,18918
SHOPERSTOP,08-SEP-2021,249.7,259.4,245.85,251.85,503376,157492,11784
SHRADHA,08-SEP-2021,59.25,64.15,57.95,60.9,15276,9721,335
SHREDIGCEM,08-SEP-2021,81.85,82.1,79.8,80.05,321389,184828,3238
SHREECEM,08-SEP-2021,30734.5,30930.3,30300.0,30794.8,45814,18743,17031
SHREEPUSHK,08-SEP-2021,221.8,225.9,217.0,222.25,386211,138451,12223
SHREERAMA,08-SEP-2021,11.65,12.15,11.65,12.0,83717,72684,275
SHRENIK,08-SEP-2021,1.6,1.65,1.55,1.6,2045297,1229484,1033
SHREYANIND,08-SEP-2021,118.0,124.65,118.0,120.7,38824,18282,998
SHREYAS,08-SEP-2021,350.6,364.8,347.5,364.8,184470,90949,2470
SHRIRAMCIT,08-SEP-2021,2380.25,2397.0,2317.1,2355.15,64171,28028,11207
SHRIRAMEPC,08-SEP-2021,4.8,4.8,4.75,4.8,251792,188790,107
SHYAMCENT,08-SEP-2021,11.15,11.4,11.1,11.4,308039,243544,560
SHYAMMETL,08-SEP-2021,391.7,392.6,384.55,386.2,254600,122892,6396
SICAL,08-SEP-2021,11.3,11.4,11.2,11.3,85580,58919,359
SIEMENS,08-SEP-2021,2213.0,2219.45,2173.0,2210.4,353890,127104,21837
SIGIND,08-SEP-2021,49.75,49.75,48.05,48.4,7854,3858,189
SILGO,08-SEP-2021,33.45,35.0,33.45,33.9,3878,2926,60
SILLYMONKS,08-SEP-2021,21.9,21.9,20.3,21.2,2958,2267,57
SIMPLEXINF,08-SEP-2021,38.0,39.25,37.65,38.4,59711,44092,680
SINTERCOM,08-SEP-2021,82.65,84.95,82.65,84.7,6910,6425,36
SINTEX,08-SEP-2021,3.7,3.75,3.5,3.65,2688217,1948050,1603
SIRCA,08-SEP-2021,338.0,338.8,332.55,333.2,24555,16784,896
SIS,08-SEP-2021,485.3,486.95,481.25,482.7,92801,49139,5595
SITINET,08-SEP-2021,1.5,1.55,1.45,1.5,1984015,1163922,660
SIYSIL,08-SEP-2021,390.7,410.0,388.0,394.55,339873,139339,15781
SJVN,08-SEP-2021,26.8,26.95,26.6,26.6,1033183,528230,3394
SKFINDIA,08-SEP-2021,3165.0,3199.1,3105.1,3164.4,51657,26553,9213
SKIL,08-SEP-2021,4.0,4.0,3.8,3.85,131928,112760,101
SKIPPER,08-SEP-2021,79.7,81.4,79.05,79.8,145877,55267,3129
SKMEGGPROD,08-SEP-2021,84.9,86.25,83.35,83.75,62637,32783,1448
SMARTLINK,08-SEP-2021,102.5,123.35,102.25,123.35,814344,179082,14700
SMCGLOBAL,08-SEP-2021,74.05,75.85,74.05,74.9,86360,49686,1229
SMLISUZU,08-SEP-2021,563.0,566.9,554.4,556.25,16679,7862,2008
SMSLIFE,08-SEP-2021,736.45,742.85,722.5,728.85,6689,5209,350
SMSPHARMA,08-SEP-2021,166.05,168.0,163.3,164.15,119948,67521,2191
SNOWMAN,08-SEP-2021,43.95,46.45,43.9,44.55,1661178,466769,11124
SOBHA,08-SEP-2021,770.0,814.4,742.0,785.4,714544,236895,37222
SOLARA,08-SEP-2021,1710.0,1719.0,1680.0,1699.9,41909,21534,3392
SOLARINDS,08-SEP-2021,1726.8,1755.0,1700.7,1743.35,73470,37080,10944
SOMATEX,08-SEP-2021,8.05,8.25,7.8,8.15,37292,24477,217
SOMICONVEY,08-SEP-2021,60.0,62.35,58.4,58.4,41443,29906,1154
SONACOMS,08-SEP-2021,551.9,551.9,526.1,544.85,3217349,1028558,71027
SONATSOFTW,08-SEP-2021,845.0,855.25,836.1,843.9,119538,46835,11799
SORILINFRA,08-SEP-2021,115.95,126.95,114.4,126.95,79915,53343,1473
SOTL,08-SEP-2021,1596.3,1635.0,1580.7,1612.55,15719,6459,2638
SOUTHBANK,08-SEP-2021,9.85,10.0,9.8,9.85,4513492,1905607,21490
SOUTHWEST,08-SEP-2021,97.55,102.4,97.55,100.3,63926,55677,514
SPAL,08-SEP-2021,333.8,353.9,332.0,336.4,328377,140101,15299
SPANDANA,08-SEP-2021,635.0,641.3,626.65,637.25,30477,16675,1800
SPARC,08-SEP-2021,294.0,297.55,289.3,291.1,514401,106705,8205
SPECIALITY,08-SEP-2021,69.8,71.65,69.65,71.0,65334,33816,1276
SPENCERS,08-SEP-2021,118.0,121.0,115.25,116.3,2132269,587807,26438
SPIC,08-SEP-2021,51.05,51.65,50.7,51.0,325663,190530,2589
SPICEJET,08-SEP-2021,70.6,71.0,69.0,69.6,3003280,1092516,14219
SPLIL,08-SEP-2021,50.45,50.5,49.25,49.5,25158,13335,415
SPTL,08-SEP-2021,4.25,4.35,4.05,4.1,1706316,1310853,1922
SREEL,08-SEP-2021,181.05,186.0,180.0,185.0,31683,21090,801
SRF,08-SEP-2021,10213.9,10244.0,10001.0,10171.9,186443,69423,31428
SRHHYPOLTD,08-SEP-2021,315.0,317.4,311.15,312.7,16352,13675,606
SRIPIPES,08-SEP-2021,207.35,222.7,207.35,221.4,210917,110715,5914
SRTRANSFIN,08-SEP-2021,1343.9,1381.4,1338.35,1365.05,1709285,363565,49731
STAR,08-SEP-2021,599.0,608.15,588.25,596.15,361430,74327,11545
STARCEMENT,08-SEP-2021,106.55,107.4,106.45,106.65,91817,54520,2117
STARPAPER,08-SEP-2021,147.0,152.5,146.9,149.75,218081,56500,5569
STCINDIA,08-SEP-2021,103.3,105.9,102.6,103.1,59095,22136,1371
STEELCITY,08-SEP-2021,59.5,59.65,58.8,59.5,20058,9206,356
STEELXIND,08-SEP-2021,80.9,81.3,79.3,80.8,380550,257773,1729
STEL,08-SEP-2021,173.9,181.0,172.1,176.6,245665,91762,8547
STERTOOLS,08-SEP-2021,201.4,204.6,197.65,200.3,54798,32929,1389
STLTECH,08-SEP-2021,272.6,285.0,272.6,279.25,1411648,314643,27278
STOVEKRAFT,08-SEP-2021,945.0,950.0,915.0,923.45,143756,66793,6662
STYLAMIND,08-SEP-2021,1061.0,1061.0,1020.55,1032.05,7146,2588,2210
SUBEXLTD,08-SEP-2021,50.75,51.6,50.3,50.5,3751697,1221252,12967
SUBROS,08-SEP-2021,307.0,307.0,302.25,303.95,24257,16561,1233
SUDARSCHEM,08-SEP-2021,653.0,683.8,645.1,670.25,1166281,257632,33128
SUMICHEM,08-SEP-2021,413.55,417.8,406.25,407.45,354284,177512,10439
SUMMITSEC,08-SEP-2021,711.15,725.9,709.5,714.35,3754,1823,511
SUNCLAYLTD,08-SEP-2021,3482.35,3597.7,3482.35,3543.75,6364,4462,1301
SUNDARMFIN,08-SEP-2021,2575.5,2587.75,2503.5,2540.1,60703,35185,9915
SUNDARMHLD,08-SEP-2021,78.6,78.6,76.5,76.8,119757,83679,1185
SUNDRMBRAK,08-SEP-2021,418.0,424.0,409.8,410.8,3484,2608,179
SUNDRMFAST,08-SEP-2021,882.5,904.7,853.7,861.35,492424,126837,32309
SUNFLAG,08-SEP-2021,83.4,83.65,82.5,82.85,457386,125347,6959
SUNPHARMA,08-SEP-2021,767.3,778.95,763.55,777.45,2548562,1131963,52905
SUNTECK,08-SEP-2021,386.0,393.4,382.55,385.95,2401502,619771,53429
SUNTV,08-SEP-2021,488.0,488.0,479.3,482.8,1126733,469417,13247
SUPERHOUSE,08-SEP-2021,166.3,185.5,166.3,183.1,307835,122050,6946
SUPRAJIT,08-SEP-2021,316.95,318.7,311.0,312.65,232158,160415,5221
SUPREMEENG,08-SEP-2021,27.8,27.95,26.1,26.8,115529,87225,743
SUPREMEIND,08-SEP-2021,2128.25,2150.0,2103.45,2141.05,58645,34019,11704
SURANASOL,08-SEP-2021,12.4,12.7,12.25,12.45,37810,30188,234
SURANAT&P,08-SEP-2021,6.3,6.4,6.2,6.25,56717,41937,216
SURYAROSNI,08-SEP-2021,512.4,527.2,511.15,521.25,166291,51214,7158
SURYODAY,08-SEP-2021,149.55,151.35,148.25,149.2,67726,35267,3413
SUTLEJTEX,08-SEP-2021,66.45,73.9,66.2,69.9,2848464,734667,28595
SUULD,08-SEP-2021,528.95,537.55,520.0,530.1,22518,20551,547
SUVEN,08-SEP-2021,84.0,86.35,83.8,84.2,334562,116599,5874
SUVENPHAR,08-SEP-2021,542.95,544.4,529.05,533.3,276649,211530,6900
SUVIDHAA,08-SEP-2021,18.5,19.0,18.5,18.9,60158,44824,353
SUZLON,08-SEP-2021,6.1,6.2,6.05,6.1,18517149,9538602,24540
SVPGLOB,08-SEP-2021,133.9,136.5,130.95,133.25,347068,243058,4705
SWANENERGY,08-SEP-2021,131.2,133.95,130.75,132.05,65100,20733,2026
SWARAJENG,08-SEP-2021,1718.9,1750.0,1702.55,1724.1,15066,7817,2206
SWELECTES,08-SEP-2021,220.05,221.1,217.1,217.95,9266,5711,482
SWSOLAR,08-SEP-2021,355.7,364.4,341.6,348.65,4322819,1167013,64494
SYMPHONY,08-SEP-2021,1001.9,1035.9,982.0,1010.35,539027,412709,16088
SYNGENE,08-SEP-2021,620.85,622.95,612.25,613.9,315846,136061,10203
TAJGVK,08-SEP-2021,126.95,127.9,124.3,126.25,54903,23323,1253
TAKE,08-SEP-2021,53.35,55.6,53.0,53.85,1691955,543659,9744
TALBROAUTO,08-SEP-2021,287.7,287.7,273.8,275.0,77221,47682,3626
TARAPUR,08-SEP-2021,4.5,4.5,4.35,4.35,17306,17306,27
TARMAT,08-SEP-2021,62.4,65.5,61.3,63.8,126699,53055,2109
TASTYBITE,08-SEP-2021,18799.0,18900.0,18350.05,18391.45,891,471,548
TATACHEM,08-SEP-2021,825.0,835.5,813.25,832.3,1726690,356574,35264
TATACOFFEE,08-SEP-2021,213.0,214.2,210.05,211.9,1877968,399498,18805
TATACOMM,08-SEP-2021,1386.35,1394.4,1365.0,1370.2,287976,195814,13031
TATACONSUM,08-SEP-2021,874.3,881.35,855.55,879.8,1601842,637509,44255
TATAELXSI,08-SEP-2021,4920.0,4920.0,4821.15,4864.6,122544,65981,20823
TATAINVEST,08-SEP-2021,1262.95,1266.0,1255.1,1263.8,17379,8431,1450
TATAMETALI,08-SEP-2021,1026.1,1036.9,1023.05,1026.75,100993,56046,7766
TATAMOTORS,08-SEP-2021,293.5,298.8,291.6,295.25,14920479,4668379,106657
TATAMTRDVR,08-SEP-2021,138.6,140.1,137.5,138.55,1930190,1015885,25148
TATAPOWER,08-SEP-2021,130.6,133.5,129.5,133.25,16351745,4495298,78103
TATASTEEL,08-SEP-2021,1426.0,1442.65,1418.6,1429.85,4676224,916268,114775
TATVA,08-SEP-2021,2073.0,2073.0,2042.5,2056.4,32946,11276,4434
TBZ,08-SEP-2021,76.95,77.4,76.1,76.75,118381,50893,2229
TCI,08-SEP-2021,406.15,448.0,406.15,430.0,138778,47383,5409
TCIDEVELOP,08-SEP-2021,319.5,334.5,319.5,324.15,1373,1044,114
TCIEXP,08-SEP-2021,1441.0,1464.0,1439.7,1444.25,22283,6517,3107
TCIFINANCE,08-SEP-2021,6.45,6.45,6.2,6.2,4596,4471,40
TCNSBRANDS,08-SEP-2021,656.25,675.0,656.0,663.4,80953,13843,5070
TCPLPACK,08-SEP-2021,523.8,532.15,523.6,525.3,2044,1337,246
TCS,08-SEP-2021,3810.0,3815.0,3756.0,3774.15,4147175,3355232,122519
TDPOWERSYS,08-SEP-2021,326.0,337.0,322.0,330.65,95164,47539,3970
TEAMLEASE,08-SEP-2021,4428.8,4540.0,4368.35,4444.3,29847,7608,8024
TECHIN,08-SEP-2021,5.85,6.1,5.65,6.1,48760,38152,76
TECHM,08-SEP-2021,1440.2,1442.35,1419.85,1427.85,2256454,1354666,70302
TECHNOE,08-SEP-2021,289.0,291.55,279.0,279.9,93185,57854,3955
TEMBO,08-SEP-2021,252.25,259.0,247.15,258.65,220908,54837,1969
TEXINFRA,08-SEP-2021,60.4,60.4,59.9,60.0,10384,9244,111
TEXMOPIPES,08-SEP-2021,47.75,49.4,46.9,48.1,229622,128412,1597
TEXRAIL,08-SEP-2021,34.2,34.2,33.0,33.3,306381,162606,2059
TFCILTD,08-SEP-2021,71.15,73.5,70.35,70.75,390118,206743,2978
TFL,08-SEP-2021,4.95,4.95,4.95,4.95,1405,1405,9
TGBHOTELS,08-SEP-2021,7.5,7.6,7.1,7.25,31201,21034,152
THANGAMAYL,08-SEP-2021,1062.0,1070.0,1032.45,1047.4,8458,4447,1121
THEINVEST,08-SEP-2021,117.65,122.9,117.35,119.75,10132,5598,312
THERMAX,08-SEP-2021,1408.05,1433.65,1400.4,1401.85,60739,38389,8612
THOMASCOOK,08-SEP-2021,63.0,63.8,60.55,61.2,590220,290949,8222
THYROCARE,08-SEP-2021,1249.25,1259.9,1228.15,1241.15,63167,32126,3817
TIIL,08-SEP-2021,776.2,815.0,776.2,800.05,29205,17053,3953
TIINDIA,08-SEP-2021,1401.7,1429.65,1371.0,1383.2,163889,79077,13354
TIL,08-SEP-2021,150.2,154.25,148.85,153.4,3413,2030,192
TIMESGTY,08-SEP-2021,43.05,44.4,41.55,41.85,8704,4020,301
TIMETECHNO,08-SEP-2021,72.0,72.5,71.25,71.7,337673,134470,2719
TIMKEN,08-SEP-2021,1650.55,1710.05,1643.9,1691.65,40028,18835,5565
TINPLATE,08-SEP-2021,282.7,286.2,275.0,279.9,638395,291893,11608
TIRUMALCHM,08-SEP-2021,190.0,205.0,189.5,198.35,1551127,505423,22868
TITAN,08-SEP-2021,2033.95,2067.0,2015.05,2055.95,796813,312274,51282
TMRVL,08-SEP-2021,16.0,16.0,15.1,15.15,58326,43119,301
TNPETRO,08-SEP-2021,113.85,115.0,113.2,113.5,156668,85263,3182
TNPL,08-SEP-2021,135.2,137.9,135.0,135.75,385290,214723,3553
TOKYOPLAST,08-SEP-2021,104.25,105.4,102.7,103.05,8292,5338,221
TORNTPHARM,08-SEP-2021,3104.0,3111.0,3049.65,3100.55,82154,27840,9789
TORNTPOWER,08-SEP-2021,472.05,485.2,464.9,482.55,1025584,267995,17851
TOTAL,08-SEP-2021,51.45,56.85,50.9,53.05,185113,51120,1546
TPLPLASTEH,08-SEP-2021,351.8,353.3,330.1,339.15,17486,10204,1385
TREJHARA,08-SEP-2021,59.0,59.0,56.75,57.75,34514,21405,472
TRENT,08-SEP-2021,1001.0,1050.0,995.0,1033.85,2226426,617556,114719
TRF,08-SEP-2021,130.0,130.0,125.05,125.75,13761,10250,273
TRIDENT,08-SEP-2021,23.75,24.75,23.75,24.75,39542752,20260464,47555
TRIGYN,08-SEP-2021,117.0,117.0,112.6,115.0,113241,71263,1878
TRIL,08-SEP-2021,28.65,28.8,28.1,28.3,73338,41457,558
TRITURBINE,08-SEP-2021,138.95,142.9,138.25,141.75,332899,113300,5406
TRIVENI,08-SEP-2021,166.6,171.3,166.55,169.1,210627,82022,4312
TTKHLTCARE,08-SEP-2021,695.0,707.6,675.0,701.9,6307,3816,692
TTKPRESTIG,08-SEP-2021,8798.0,8798.0,8641.0,8669.05,3439,1651,1442
TTL,08-SEP-2021,66.45,69.5,66.25,67.8,41631,18464,927
TV18BRDCST,08-SEP-2021,36.0,36.15,35.65,35.75,2150869,927816,4377
TVSELECT,08-SEP-2021,171.45,172.5,167.55,171.2,19391,12591,597
TVSMOTOR,08-SEP-2021,559.0,559.0,544.0,546.6,1941273,766024,37326
TVSSRICHAK,08-SEP-2021,2151.9,2160.0,2120.05,2138.5,6248,4030,968
TVTODAY,08-SEP-2021,314.85,314.85,306.0,307.4,93279,40350,3899
TWL,08-SEP-2021,94.9,95.5,92.5,94.0,599813,218429,6766
UBL,08-SEP-2021,1575.0,1616.8,1571.8,1592.6,727287,182139,45841
UCALFUEL,08-SEP-2021,151.9,152.65,150.0,150.8,13282,5823,658
UCOBANK,08-SEP-2021,12.85,12.95,12.75,12.8,1362143,652671,19661
UFLEX,08-SEP-2021,485.9,496.45,481.0,494.15,225196,90261,6812
UFO,08-SEP-2021,90.0,94.8,89.9,91.55,364868,107827,6093
UGARSUGAR,08-SEP-2021,27.0,27.65,26.85,27.25,102430,48697,635
UGROCAP,08-SEP-2021,121.8,122.5,118.85,119.5,26292,19155,338
UJAAS,08-SEP-2021,2.75,2.85,2.7,2.8,766493,416651,458
UJJIVAN,08-SEP-2021,131.5,144.45,126.05,143.15,10004798,3212091,75955
UJJIVANSFB,08-SEP-2021,18.75,19.15,18.7,18.9,6137985,2748643,15927
ULTRACEMCO,08-SEP-2021,8029.0,8073.3,7945.25,7992.9,198064,77665,31043
UMANGDAIRY,08-SEP-2021,77.1,80.2,76.1,77.05,30960,16559,475
UMESLTD,08-SEP-2021,4.35,4.4,4.05,4.1,75317,45611,951
UNICHEMLAB,08-SEP-2021,276.8,281.95,271.55,274.8,64820,17451,9204
UNIDT,08-SEP-2021,347.5,349.0,344.1,344.6,7247,4343,441
UNIENTER,08-SEP-2021,138.0,144.5,132.55,142.4,183611,65752,5213
UNIONBANK,08-SEP-2021,34.8,35.3,34.7,34.85,5438691,1509611,8224
UNITEDTEA,08-SEP-2021,409.8,409.8,402.0,404.8,1683,841,143
UNIVASTU,08-SEP-2021,49.55,49.9,48.75,49.1,2176,1905,52
UNIVCABLES,08-SEP-2021,167.5,182.0,167.5,179.25,163348,64024,3838
UNIVPHOTO,08-SEP-2021,377.9,377.9,343.05,346.6,6938,4319,401
UPL,08-SEP-2021,753.5,772.5,747.4,762.0,4079877,1156567,83654
URJA,08-SEP-2021,6.15,6.3,6.1,6.15,2012401,817823,3136
USHAMART,08-SEP-2021,67.35,67.7,66.35,66.5,478924,340564,2810
UTIAMC,08-SEP-2021,1163.5,1216.2,1160.25,1175.75,419493,156608,24540
UTIBANKETF,08-SEP-2021,36.92,36.92,36.51,36.79,4339,3267,74
UTINEXT50,08-SEP-2021,44.95,44.95,43.64,44.04,13172,7443,209
UTINIFTETF,08-SEP-2021,1862.0,1862.0,1800.0,1827.34,571,313,83
UTISENSETF,08-SEP-2021,617.99,617.99,608.44,612.29,1730,1711,68
UTISXN50,08-SEP-2021,47.8,48.94,47.0,47.93,1122,1028,37
V2RETAIL,08-SEP-2021,125.3,129.3,124.25,127.5,117107,72752,2745
VADILALIND,08-SEP-2021,1077.2,1096.75,1059.4,1076.45,11479,6614,1376
VAIBHAVGBL,08-SEP-2021,778.4,795.0,778.2,782.9,82980,39535,5711
VAISHALI,08-SEP-2021,37.55,40.4,37.4,38.35,235985,90834,1270
VAKRANGEE,08-SEP-2021,43.7,45.0,43.35,44.55,13368307,4924666,21578
VALIANTORG,08-SEP-2021,1406.9,1417.45,1365.8,1396.95,39325,21701,3608
VARDHACRLC,08-SEP-2021,65.9,71.1,65.9,69.35,852887,324231,10510
VARROC,08-SEP-2021,281.95,287.0,271.8,273.35,392704,206914,14974
VASCONEQ,08-SEP-2021,26.35,26.35,25.3,26.05,376369,228353,1072
VASWANI,08-SEP-2021,12.35,12.35,11.55,12.0,23828,9070,169
VBL,08-SEP-2021,933.45,938.3,923.2,927.8,457045,243002,21157
VEDL,08-SEP-2021,294.95,301.75,294.0,298.95,13318639,4010401,111339
VENKEYS,08-SEP-2021,2897.6,2937.6,2870.65,2901.1,49152,17981,7370
VENUSREM,08-SEP-2021,463.25,504.85,463.15,492.2,189432,51232,12101
VERTOZ,08-SEP-2021,98.35,105.0,98.05,101.9,298781,80402,5009
VESUVIUS,08-SEP-2021,1164.2,1173.85,1152.2,1163.8,2813,1583,340
VETO,08-SEP-2021,101.0,108.0,100.2,104.45,128602,44605,3353
VGUARD,08-SEP-2021,265.0,265.5,260.2,261.75,893961,354664,13093
VHL,08-SEP-2021,3191.0,3258.0,3106.0,3180.2,612,354,218
VIDHIING,08-SEP-2021,339.0,375.0,337.5,370.75,1187303,335332,31388
VIKASECO,08-SEP-2021,2.2,2.25,2.1,2.15,5682133,3239841,1331
VIKASPROP,08-SEP-2021,2.2,2.25,2.15,2.2,1089298,972491,3385
VIKASWSP,08-SEP-2021,4.75,5.0,4.75,4.95,266464,191599,315
VIMTALABS,08-SEP-2021,292.0,292.0,285.8,286.35,15588,10180,632
VINATIORGA,08-SEP-2021,1849.6,1910.0,1841.25,1899.2,115990,46977,9265
VINDHYATEL,08-SEP-2021,1129.95,1286.0,1129.95,1189.9,215776,42545,24413
VINEETLAB,08-SEP-2021,79.15,81.0,76.9,77.9,11534,7538,350
VINYLINDIA,08-SEP-2021,221.7,228.0,221.7,224.7,90867,44510,3276
VIPIND,08-SEP-2021,486.25,491.0,472.4,482.2,664334,164114,18354
VIPULLTD,08-SEP-2021,33.55,36.6,33.55,34.15,16942,13255,104
VISAKAIND,08-SEP-2021,693.1,706.15,693.0,696.75,18894,10414,2209
VISASTEEL,08-SEP-2021,10.8,10.8,10.05,10.4,25860,15756,141
VISHAL,08-SEP-2021,122.3,122.3,120.5,120.5,127436,75230,1135
VISHNU,08-SEP-2021,618.0,636.0,605.75,631.25,19070,15080,647
VISHWARAJ,08-SEP-2021,149.1,150.25,145.3,147.4,30508,13372,893
VIVIDHA,08-SEP-2021,0.75,0.8,0.75,0.75,1492962,807748,807
VIVIMEDLAB,08-SEP-2021,23.8,23.95,22.35,22.5,473629,287492,1927
VLSFINANCE,08-SEP-2021,197.7,206.6,196.4,202.4,82603,45832,2027
VMART,08-SEP-2021,3560.0,3590.95,3487.55,3534.95,23645,12131,7038
VOLTAMP,08-SEP-2021,1386.0,1428.0,1381.6,1390.0,12710,7344,3117
VOLTAS,08-SEP-2021,1194.65,1217.9,1178.0,1206.6,4224233,1356865,134413
VRLLOG,08-SEP-2021,323.5,354.0,318.0,349.6,891210,180621,28916
VSSL,08-SEP-2021,275.4,278.8,265.0,266.8,237094,118432,7348
VSTIND,08-SEP-2021,3400.0,3400.0,3360.05,3363.3,6451,4459,970
VSTTILLERS,08-SEP-2021,2844.0,2895.0,2763.8,2835.6,70649,29973,10116
VTL,08-SEP-2021,2001.0,2024.0,1980.0,1988.05,150903,67251,9396
WABAG,08-SEP-2021,336.0,339.5,331.2,332.5,137232,87164,6665
WABCOINDIA,08-SEP-2021,7395.0,7439.0,7249.0,7375.6,55319,7541,1984
WALCHANNAG,08-SEP-2021,70.5,70.85,68.15,68.5,187615,86949,3080
WATERBASE,08-SEP-2021,115.75,115.75,114.25,114.6,56140,22948,1367
WEBELSOLAR,08-SEP-2021,66.5,68.3,65.4,66.05,222983,136328,2364
WEIZMANIND,08-SEP-2021,50.8,50.8,46.85,47.45,28435,12245,639
WELCORP,08-SEP-2021,118.15,119.15,117.4,118.35,643199,234518,7045
WELENT,08-SEP-2021,96.5,101.0,96.4,97.4,198798,92409,4793
WELINV,08-SEP-2021,331.0,335.0,322.7,333.45,677,489,61
WELSPUNIND,08-SEP-2021,141.8,144.0,135.1,137.4,12557190,3962302,110609
WENDT,08-SEP-2021,4257.45,4283.35,4208.0,4219.9,262,162,117
WESTLIFE,08-SEP-2021,538.0,538.0,522.0,524.35,28842,14725,2284
WHEELS,08-SEP-2021,831.2,831.2,815.05,819.45,8101,4296,700
WHIRLPOOL,08-SEP-2021,2285.8,2322.0,2244.0,2293.4,259621,93784,23295
WILLAMAGOR,08-SEP-2021,20.1,20.8,19.75,20.15,12236,8470,126
WINDLAS,08-SEP-2021,404.0,411.1,392.0,396.65,430392,125829,20855
WINDMACHIN,08-SEP-2021,30.0,30.45,29.6,29.65,28702,22873,175
WIPRO,08-SEP-2021,675.4,675.4,660.0,662.2,6716231,3235033,168232
WOCKPHARMA,08-SEP-2021,412.9,425.0,410.65,416.6,418174,128011,11272
WONDERLA,08-SEP-2021,236.8,236.8,232.5,234.5,90813,34382,7311
WORTH,08-SEP-2021,91.35,91.75,89.0,89.65,37548,28906,621
WSTCSTPAPR,08-SEP-2021,231.0,237.95,230.5,235.45,406687,203073,6493
XCHANGING,08-SEP-2021,106.4,109.9,105.8,107.95,379454,183064,4267
XPROINDIA,08-SEP-2021,401.65,420.0,391.05,404.45,51122,28388,2524
YESBANK,08-SEP-2021,10.95,11.4,10.9,10.9,146456916,49663857,108493
YUKEN,08-SEP-2021,618.0,618.0,586.3,592.55,2536,1940,170
ZEEL,08-SEP-2021,178.8,179.95,176.6,177.4,5332714,1535548,36725
ZEELEARN,08-SEP-2021,12.6,12.9,12.6,12.7,2203292,1898855,1441
ZEEMEDIA,08-SEP-2021,9.5,9.95,9.5,9.9,2059942,1256886,2880
ZENITHEXPO,08-SEP-2021,86.25,86.25,81.45,84.85,1514,931,62
ZENSARTECH,08-SEP-2021,436.4,458.9,428.15,450.3,1484518,328926,37608
ZENTEC,08-SEP-2021,191.7,195.35,190.0,195.35,1047749,804599,6059
ZODIACLOTH,08-SEP-2021,116.75,117.9,114.6,115.25,38452,17482,950
ZODJRDMKJ,08-SEP-2021,31.75,33.9,30.2,31.95,10916,4147,682
ZOMATO,08-SEP-2021,141.0,143.6,139.05,141.25,28133284,7718618,153564
ZOTA,08-SEP-2021,373.9,373.9,364.05,367.05,17674,12058,826
ZYDUSWELL,08-SEP-2021,2359.0,2392.0,2330.0,2340.6,40170,18227,5948
