20MICRONS,21-SEP-2021,57.1,57.35,55.2,56.6,85691,39746,1942
21STCENMGM,21-SEP-2021,42.2,42.2,40.6,42.2,46536,31892,352
3MINDIA,21-SEP-2021,25088.7,25300.0,24870.0,25088.35,9008,7932,1626
5PAISA,21-SEP-2021,452.0,461.4,438.05,454.2,37575,14715,1531
63MOONS,21-SEP-2021,93.5,94.2,91.5,92.3,32137,20307,866
A2ZINFRA,21-SEP-2021,4.4,4.45,4.3,4.3,298676,186234,264
AAKASH,21-SEP-2021,271.95,275.0,259.0,267.35,181814,112713,1084
AAREYDRUGS,21-SEP-2021,37.0,37.0,35.2,35.85,36159,24601,433
AARON,21-SEP-2021,97.8,103.05,95.2,101.05,8307,4393,295
AARTIDRUGS,21-SEP-2021,633.4,633.4,613.3,619.45,188130,63987,8752
AARTIIND,21-SEP-2021,897.0,908.0,880.5,905.95,774193,335342,43929
AARTISURF,21-SEP-2021,1445.0,1488.0,1427.0,1439.95,22684,12394,3712
AARVEEDEN,21-SEP-2021,17.75,18.5,17.5,17.75,11940,8271,167
AARVI,21-SEP-2021,56.7,58.25,54.35,57.9,21101,12757,338
AAVAS,21-SEP-2021,2455.0,2499.55,2427.8,2475.8,29946,12139,7725
ABAN,21-SEP-2021,42.15,43.8,41.7,42.45,136210,77229,1633
ABB,21-SEP-2021,1871.0,1905.0,1854.15,1875.0,118562,69337,14836
ABBOTINDIA,21-SEP-2021,20486.5,20850.0,20300.0,20786.45,6756,2378,3337
ABCAPITAL,21-SEP-2021,107.5,109.0,106.1,108.25,1643924,556403,11759
ABFRL,21-SEP-2021,202.0,203.2,198.0,201.55,2230529,661313,22603
ABSLBANETF,21-SEP-2021,375.0,375.0,364.0,370.76,60889,60186,97
ABSLNN50ET,21-SEP-2021,434.0,435.99,428.01,434.04,772,530,30
ACC,21-SEP-2021,2325.95,2339.9,2284.0,2332.3,567297,241874,24749
ACCELYA,21-SEP-2021,1256.15,1329.75,1242.35,1319.3,72154,34225,7030
ACCURACY,21-SEP-2021,125.25,134.55,120.45,129.95,120435,39796,5468
ACE,21-SEP-2021,248.0,254.7,242.6,252.2,1289580,312782,22973
ACRYSIL,21-SEP-2021,610.2,659.7,603.05,644.4,120629,49768,7057
ADANIENT,21-SEP-2021,1420.0,1446.95,1381.35,1441.45,2682157,390245,54416
ADANIGREEN,21-SEP-2021,1115.0,1127.0,1097.25,1120.7,1798120,1228772,21168
ADANIPORTS,21-SEP-2021,754.0,758.8,734.05,749.6,7766479,2611503,82405
ADANIPOWER,21-SEP-2021,93.6,96.4,91.05,94.55,3703371,1938229,43222
ADFFOODS,21-SEP-2021,903.8,930.1,882.0,919.2,26224,14366,2008
ADORWELD,21-SEP-2021,656.2,674.9,632.0,666.85,17261,11818,1078
ADSL,21-SEP-2021,67.05,69.2,66.6,68.4,140332,72371,1729
ADVANIHOTR,21-SEP-2021,79.5,81.95,77.0,79.0,100985,53012,1449
ADVENZYMES,21-SEP-2021,392.7,392.7,380.3,384.8,375378,208590,10623
AEGISCHEM,21-SEP-2021,240.1,246.0,234.65,244.55,690298,308900,13835
AFFLE,21-SEP-2021,4705.0,4950.8,4681.0,4950.8,78905,52879,14290
AGARIND,21-SEP-2021,289.0,298.35,282.1,292.6,19524,15564,510
AGRITECH,21-SEP-2021,70.75,72.2,69.45,70.05,39874,25769,717
AGROPHOS,21-SEP-2021,15.1,16.2,14.55,16.2,223395,129108,780
AHLADA,21-SEP-2021,131.0,142.0,129.15,138.7,39518,26903,1572
AHLEAST,21-SEP-2021,189.8,189.8,180.65,182.0,27301,18650,270
AHLUCONT,21-SEP-2021,370.1,386.6,370.0,378.0,16257,8770,1076
AHLWEST,21-SEP-2021,278.7,278.7,270.1,271.1,1158,662,99
AIAENG,21-SEP-2021,2079.0,2088.95,2039.0,2049.15,15353,8751,3576
AJANTPHARM,21-SEP-2021,2228.0,2258.0,2161.1,2178.8,96302,45538,13220
AJOONI,21-SEP-2021,52.85,52.9,51.0,51.65,6212,4738,114
AKASH,21-SEP-2021,175.0,184.8,171.25,184.05,103010,53300,1011
AKG,21-SEP-2021,23.5,25.4,23.0,24.3,12673,9636,110
AKSHARCHEM,21-SEP-2021,405.35,409.9,399.1,405.15,14460,5552,1420
AKZOINDIA,21-SEP-2021,2196.0,2229.0,2178.95,2218.6,12887,7352,2165
ALANKIT,21-SEP-2021,15.7,15.7,14.8,15.2,343347,209810,1362
ALBERTDAVD,21-SEP-2021,580.55,592.9,578.3,588.25,14322,6603,1794
ALEMBICLTD,21-SEP-2021,116.5,116.85,113.35,114.65,203394,68288,5863
ALICON,21-SEP-2021,785.0,794.9,775.0,791.6,19349,11488,2185
ALKALI,21-SEP-2021,70.0,70.15,69.4,69.95,11915,8545,183
ALKEM,21-SEP-2021,3784.7,3869.0,3758.45,3858.8,83455,26421,10908
ALKYLAMINE,21-SEP-2021,3723.75,3994.0,3650.0,3971.0,313716,111941,52374
ALLCARGO,21-SEP-2021,247.0,257.0,239.75,255.2,2028426,635782,23889
ALLSEC,21-SEP-2021,449.0,449.0,431.05,444.45,10490,5303,692
ALMONDZ,21-SEP-2021,85.15,90.5,85.15,88.7,55540,27825,1210
ALOKINDS,21-SEP-2021,23.1,23.2,22.6,22.95,4742229,1911412,8338
ALPA,21-SEP-2021,52.2,53.0,50.6,52.8,39479,21072,652
ALPHAGEO,21-SEP-2021,396.9,414.7,385.1,407.3,107788,34794,7837
AMARAJABAT,21-SEP-2021,729.2,729.2,710.95,727.55,885247,240013,27079
AMBER,21-SEP-2021,3113.3,3141.85,3040.9,3093.7,69452,38366,11376
AMBICAAGAR,21-SEP-2021,15.55,16.15,15.4,15.8,24711,20920,99
AMBIKCO,21-SEP-2021,1585.0,1594.65,1555.45,1567.5,17534,10270,2455
AMBUJACEM,21-SEP-2021,407.75,414.0,402.4,413.2,4386443,2136494,55405
AMDIND,21-SEP-2021,27.65,27.65,26.6,27.15,4555,3081,80
AMIORG,21-SEP-2021,1200.0,1224.8,1172.5,1210.3,720368,178790,35975
AMJLAND,21-SEP-2021,33.9,36.95,32.7,36.35,347510,165925,3009
AMRUTANJAN,21-SEP-2021,785.5,883.0,770.3,849.85,1637420,188658,90880
ANANTRAJ,21-SEP-2021,63.3,65.7,60.75,65.65,959465,449073,3625
ANDHRAPAP,21-SEP-2021,225.1,227.5,217.2,225.8,35464,13605,1217
ANDHRSUGAR,21-SEP-2021,536.2,562.4,536.2,559.0,52577,28184,2240
ANDREWYU,21-SEP-2021,23.8,25.3,23.75,24.95,149719,110106,916
ANGELBRKG,21-SEP-2021,1240.0,1240.0,1188.0,1215.35,275607,91255,21263
ANIKINDS,21-SEP-2021,18.45,18.45,17.7,18.15,9140,6993,171
ANMOL,21-SEP-2021,173.6,181.4,168.05,175.45,283301,28038,5664
ANSALAPI,21-SEP-2021,8.95,9.0,8.85,8.9,32186,23060,153
ANSALHSG,21-SEP-2021,6.45,6.55,6.35,6.4,42602,33076,115
ANUP,21-SEP-2021,964.25,984.95,927.2,970.25,37836,17118,4433
ANURAS,21-SEP-2021,754.9,766.05,740.1,756.6,78060,34804,4234
APARINDS,21-SEP-2021,638.7,644.9,615.0,633.25,69622,25309,5882
APCL,21-SEP-2021,393.45,395.75,378.05,388.6,40331,26801,2170
APCOTEXIND,21-SEP-2021,387.0,418.35,375.0,413.35,343626,109144,17349
APEX,21-SEP-2021,291.5,305.0,284.0,297.95,168159,66106,6440
APLAPOLLO,21-SEP-2021,924.0,924.0,869.1,882.6,431413,285110,24089
APLLTD,21-SEP-2021,782.5,791.9,768.05,781.4,219767,46719,8829
APOLLO,21-SEP-2021,114.1,116.1,112.05,114.7,108023,47189,3054
APOLLOHOSP,21-SEP-2021,4858.0,4918.95,4790.15,4891.6,462221,243537,37220
APOLLOPIPE,21-SEP-2021,1664.95,1709.95,1622.95,1666.9,118194,52002,9024
APOLLOTYRE,21-SEP-2021,218.0,220.5,214.25,219.55,3012522,880506,25638
APOLSINHOT,21-SEP-2021,819.95,819.95,761.35,771.4,8371,4897,719
APTECHT,21-SEP-2021,277.45,278.85,269.2,274.45,304607,93479,8408
APTUS,21-SEP-2021,334.0,348.4,319.25,344.75,761629,419956,31886
ARCHIDPLY,21-SEP-2021,31.0,31.65,30.55,30.65,11993,8432,123
ARENTERP,21-SEP-2021,34.15,34.15,30.95,30.95,34732,21551,356
ARIES,21-SEP-2021,144.8,148.5,141.55,144.15,31843,16150,999
ARIHANT,21-SEP-2021,26.85,27.5,25.15,26.3,123093,1518,2830
ARIHANTCAP,21-SEP-2021,138.0,140.0,135.05,139.55,29044,16909,690
ARIHANTSUP,21-SEP-2021,136.0,139.4,135.25,138.35,104777,46866,2365
ARMANFIN,21-SEP-2021,864.8,864.8,791.5,822.75,41586,14280,3936
AROGRANITE,21-SEP-2021,65.2,67.4,65.1,65.95,32225,16980,666
ARROWGREEN,21-SEP-2021,125.95,125.95,116.0,118.25,7840,4201,304
ARSHIYA,21-SEP-2021,29.45,29.45,27.25,28.55,32011,17046,244
ARSSINFRA,21-SEP-2021,27.85,28.45,27.8,28.3,10233,6180,141
ARTEMISMED,21-SEP-2021,393.75,395.1,387.4,393.15,33106,25124,945
ARVIND,21-SEP-2021,94.2,98.0,92.75,95.2,1524040,612911,11716
ARVINDFASN,21-SEP-2021,258.7,259.45,250.0,253.4,319951,106898,7090
ARVSMART,21-SEP-2021,135.0,143.95,135.0,141.95,241986,118851,4529
ASAHIINDIA,21-SEP-2021,360.0,362.3,355.3,357.3,29924,13296,1621
ASAHISONG,21-SEP-2021,349.0,357.85,340.1,354.1,16913,8293,1200
ASALCBR,21-SEP-2021,426.5,427.0,416.3,423.45,45075,20878,3995
ASHAPURMIN,21-SEP-2021,124.8,128.3,116.1,125.25,212749,150230,3127
ASHIANA,21-SEP-2021,187.7,190.2,180.05,188.05,192141,77560,3907
ASHIMASYN,21-SEP-2021,17.7,17.7,16.5,16.85,24912,17359,154
ASHOKA,21-SEP-2021,97.8,97.85,95.5,96.05,931648,533794,11303
ASHOKLEY,21-SEP-2021,125.0,127.25,123.7,126.9,10341959,3345127,93880
ASIANHOTNR,21-SEP-2021,92.1,92.9,88.45,90.35,52016,19543,2378
ASIANPAINT,21-SEP-2021,3271.55,3335.0,3271.0,3309.2,922057,386413,58167
ASIANTILES,21-SEP-2021,152.0,161.25,145.65,157.6,1766642,628825,17642
ASPINWALL,21-SEP-2021,178.0,184.7,176.0,178.95,5920,4127,205
ASTEC,21-SEP-2021,1316.7,1343.3,1302.05,1323.55,9750,4417,1585
ASTERDM,21-SEP-2021,214.0,218.95,211.95,217.75,1303781,371331,21951
ASTRAL,21-SEP-2021,2050.0,2090.0,1913.0,2073.8,390343,161459,41248
ASTRAMICRO,21-SEP-2021,171.0,178.45,170.7,175.0,473410,170933,7280
ASTRAZEN,21-SEP-2021,3133.0,3185.0,3085.05,3098.3,20429,8863,5060
ASTRON,21-SEP-2021,57.0,58.0,55.65,56.65,151844,114172,1285
ATFL,21-SEP-2021,1012.35,1031.4,1001.1,1012.55,7770,2754,1697
ATUL,21-SEP-2021,9580.1,9664.4,9246.0,9410.65,34627,21353,7866
ATULAUTO,21-SEP-2021,193.0,197.05,191.0,194.55,60024,25796,2564
AUBANK,21-SEP-2021,1105.0,1120.0,1071.85,1084.85,1930133,1108258,42923
AUROPHARMA,21-SEP-2021,713.0,729.6,707.1,726.4,2664801,802251,82943
AUTOAXLES,21-SEP-2021,1206.0,1216.4,1170.2,1205.25,10108,5209,1799
AUTOIND,21-SEP-2021,54.05,57.7,54.05,56.1,21147,12130,436
AVADHSUGAR,21-SEP-2021,405.0,413.2,400.8,409.9,41099,17016,2039
AVANTIFEED,21-SEP-2021,555.0,558.0,548.0,555.4,212851,111216,12713
AVTNPL,21-SEP-2021,80.0,80.75,77.4,80.1,219773,100280,4090
AWHCL,21-SEP-2021,390.5,398.0,381.5,391.15,179030,54900,9169
AXISBANK,21-SEP-2021,795.25,799.0,772.3,795.35,7833561,3018650,174973
AXISBNKETF,21-SEP-2021,373.37,374.35,369.4,373.78,6405,2785,69
AXISBPSETF,21-SEP-2021,10.36,10.37,10.33,10.34,1161632,1159458,147
AXISCADES,21-SEP-2021,72.05,72.05,69.05,70.9,40201,26661,533
AXISGOLD,21-SEP-2021,40.11,40.35,40.11,40.26,57479,42851,3353
AXISHCETF,21-SEP-2021,86.0,90.9,86.0,90.33,5950,3381,188
AXISNIFTY,21-SEP-2021,182.9,182.95,180.5,182.43,2752,1943,129
AXISTECETF,21-SEP-2021,371.99,379.0,364.77,375.42,2427,1652,167
AYMSYNTEX,21-SEP-2021,101.75,101.75,96.0,98.65,81543,49280,1275
BAFNAPH,21-SEP-2021,129.55,130.4,128.0,129.35,1065,730,138
BAGFILMS,21-SEP-2021,3.5,3.5,3.5,3.5,96079,96079,68
BAJAJ-AUTO,21-SEP-2021,3777.0,3793.85,3696.0,3728.8,354217,146656,37438
BAJAJCON,21-SEP-2021,255.0,258.5,250.05,256.8,349991,133585,9679
BAJAJELEC,21-SEP-2021,1531.0,1539.8,1491.15,1519.1,196894,45469,16334
BAJAJFINSV,21-SEP-2021,17100.0,17655.0,16814.05,17587.25,384694,56060,68602
BAJAJHLDNG,21-SEP-2021,4546.85,4739.95,4411.85,4681.85,343062,105463,41257
BAJFINANCE,21-SEP-2021,7481.15,7847.1,7401.0,7813.85,1993133,545472,155330
BALAJITELE,21-SEP-2021,60.7,66.45,60.0,64.0,1228351,438518,14217
BALAMINES,21-SEP-2021,4550.0,4684.7,4352.0,4652.15,179390,64922,24199
BALAXI,21-SEP-2021,574.0,585.4,547.25,570.0,3330,913,719
BALKRISIND,21-SEP-2021,2465.0,2549.5,2250.0,2535.4,376048,159916,22071
BALMLAWRIE,21-SEP-2021,133.5,133.5,128.05,129.65,381101,146238,5655
BALPHARMA,21-SEP-2021,102.6,112.0,101.7,106.45,778994,235785,18263
BALRAMCHIN,21-SEP-2021,345.2,348.5,339.5,343.5,1019606,576406,16358
BANARBEADS,21-SEP-2021,64.2,65.6,63.0,63.15,15383,8006,518
BANARISUG,21-SEP-2021,2075.0,2223.8,2075.0,2200.5,17351,9279,2821
BANCOINDIA,21-SEP-2021,201.0,202.85,192.85,198.5,283918,110251,12524
BANDHANBNK,21-SEP-2021,281.6,283.35,274.45,280.4,4293229,1278695,48346
BANKBARODA,21-SEP-2021,78.5,79.1,76.9,78.65,24543270,4986798,67381
BANKBEES,21-SEP-2021,378.9,378.9,368.61,374.98,692127,287430,11811
BANKINDIA,21-SEP-2021,55.95,56.25,54.45,54.7,8907778,4582944,37081
BANSWRAS,21-SEP-2021,167.0,167.0,160.0,161.9,5032,3420,175
BARBEQUE,21-SEP-2021,1120.0,1138.25,1104.05,1114.3,45908,24133,6861
BASF,21-SEP-2021,3374.7,3419.0,3330.9,3345.6,42834,17575,6190
BASML,21-SEP-2021,59.15,60.35,57.25,58.25,92211,68668,1147
BATAINDIA,21-SEP-2021,1773.2,1780.0,1736.4,1771.6,495472,247762,18461
BAYERCROP,21-SEP-2021,5326.0,5398.0,5326.0,5362.75,9591,5257,4330
BBL,21-SEP-2021,1360.85,1367.25,1322.05,1325.95,14921,9698,1816
BBTC,21-SEP-2021,1140.2,1153.9,1130.3,1148.75,41826,14369,4090
BCLIND,21-SEP-2021,230.0,230.35,219.1,225.7,69773,28574,7748
BCP,21-SEP-2021,3.95,4.2,3.8,3.95,1388146,1009073,820
BDL,21-SEP-2021,387.0,390.15,378.0,379.8,138767,64477,5672
BEARDSELL,21-SEP-2021,13.25,13.65,12.9,13.2,13716,10081,79
BECTORFOOD,21-SEP-2021,410.45,412.95,395.0,404.75,124576,49510,6589
BEDMUTHA,21-SEP-2021,36.25,36.85,35.3,36.4,11879,6404,67
BEL,21-SEP-2021,201.6,207.25,201.6,204.45,6925971,1663281,44829
BEML,21-SEP-2021,1399.0,1406.9,1377.0,1390.55,180958,59558,9339
BEPL,21-SEP-2021,177.0,178.8,173.8,176.05,645821,260516,9155
BERGEPAINT,21-SEP-2021,813.55,817.8,806.4,815.3,595224,345194,25862
BESTAGRO,21-SEP-2021,730.0,768.6,716.45,757.95,36220,15603,1500
BFINVEST,21-SEP-2021,361.65,366.0,352.4,356.85,32663,11932,1937
BFUTILITIE,21-SEP-2021,422.0,427.8,411.0,418.2,149050,64465,4423
BGRENERGY,21-SEP-2021,58.45,58.45,55.3,57.5,141449,64907,2440
BHAGERIA,21-SEP-2021,247.2,253.9,244.0,249.1,41270,21621,2226
BHAGYANGR,21-SEP-2021,48.0,49.45,47.5,48.3,35402,23517,468
BHAGYAPROP,21-SEP-2021,29.4,30.5,29.0,30.25,22426,12905,232
BHANDARI,21-SEP-2021,3.35,3.35,3.15,3.25,384555,224557,668
BHARATFORG,21-SEP-2021,739.5,749.7,727.2,739.0,1884073,972306,40241
BHARATGEAR,21-SEP-2021,144.25,146.8,138.05,144.6,42724,24422,1093
BHARATRAS,21-SEP-2021,12349.9,12349.9,12011.0,12198.6,2463,919,1179
BHARTIARTL,21-SEP-2021,722.9,740.75,722.0,726.65,13954874,5393263,186316
BHEL,21-SEP-2021,54.05,54.65,53.05,54.4,25946767,3402968,43504
BIGBLOC,21-SEP-2021,123.0,123.0,116.0,117.85,29341,14382,944
BIL,21-SEP-2021,206.5,207.0,185.85,189.4,49720,22035,696
BINDALAGRO,21-SEP-2021,24.05,24.8,23.25,23.85,102481,57125,1638
BIOCON,21-SEP-2021,364.0,369.15,356.0,367.25,2727117,469544,36914
BIOFILCHEM,21-SEP-2021,62.5,63.45,62.0,62.6,19826,13626,379
BIRLACORPN,21-SEP-2021,1325.35,1325.35,1276.15,1309.65,85128,51409,8706
BIRLAMONEY,21-SEP-2021,60.0,61.0,59.35,60.35,117629,51250,1381
BIRLATYRE,21-SEP-2021,24.55,24.8,23.85,24.0,269073,211900,1973
BLBLIMITED,21-SEP-2021,9.85,9.95,9.25,9.85,61996,37271,248
BLISSGVS,21-SEP-2021,112.1,112.9,108.85,111.85,367321,136994,4953
BLKASHYAP,21-SEP-2021,23.8,23.8,22.7,23.45,139227,91367,371
BLS,21-SEP-2021,268.75,268.75,247.0,247.75,1262323,530516,21207
BLUEDART,21-SEP-2021,6324.45,6348.0,6176.0,6198.8,16285,7997,3739
BLUESTARCO,21-SEP-2021,842.0,852.25,816.9,833.05,101891,51766,11711
BODALCHEM,21-SEP-2021,106.6,107.8,104.0,107.25,522031,199362,5186
BOMDYEING,21-SEP-2021,90.3,92.25,88.75,90.8,2807453,449254,16925
BOROLTD,21-SEP-2021,225.95,225.95,217.05,218.55,201374,96282,9926
BORORENEW,21-SEP-2021,295.0,312.0,293.0,307.45,328122,153360,8475
BOSCHLTD,21-SEP-2021,15120.0,15275.0,14859.0,15173.9,47581,20202,9172
BPCL,21-SEP-2021,419.9,423.9,412.8,413.8,11481738,6597393,137634
BRIGADE,21-SEP-2021,368.0,406.9,358.35,401.2,1571127,311747,42419
BRITANNIA,21-SEP-2021,4062.2,4111.55,4053.0,4075.55,424258,313376,24140
BRNL,21-SEP-2021,29.0,29.75,27.2,28.25,127615,91745,747
BROOKS,21-SEP-2021,135.25,138.05,129.25,130.8,181529,80647,2014
BSE,21-SEP-2021,1152.0,1175.0,1132.3,1166.65,335127,135393,21996
BSL,21-SEP-2021,61.5,62.7,60.0,60.65,17353,6661,498
BSLGOLDETF,21-SEP-2021,4250.05,4250.05,4223.6,4229.85,135,116,52
BSLNIFTY,21-SEP-2021,196.98,196.98,192.51,194.66,1086,981,39
BSOFT,21-SEP-2021,412.35,415.15,403.0,410.3,1148123,403799,21224
BURGERKING,21-SEP-2021,161.4,162.65,157.15,160.45,1261818,499517,17366
BUTTERFLY,21-SEP-2021,912.3,931.0,878.35,927.7,142905,73648,5031
BYKE,21-SEP-2021,31.5,32.9,29.25,31.0,437559,190911,2652
CADILAHC,21-SEP-2021,546.0,552.85,533.55,550.8,1946973,547089,28669
CALSOFT,21-SEP-2021,27.35,27.35,27.35,27.35,234416,198346,166
CAMLINFINE,21-SEP-2021,169.0,172.35,167.1,171.2,379067,148673,6141
CAMS,21-SEP-2021,3559.6,3570.0,3392.85,3431.1,389416,184425,63592
CANBK,21-SEP-2021,156.3,157.4,152.05,154.95,14323425,3939354,55366
CANFINHOME,21-SEP-2021,601.2,627.95,588.15,625.45,2325089,662262,55901
CANTABIL,21-SEP-2021,479.05,483.95,458.9,474.5,52670,41892,2083
CAPACITE,21-SEP-2021,160.0,164.1,158.8,162.7,506384,410370,4752
CAPLIPOINT,21-SEP-2021,871.8,875.0,850.4,873.55,169201,65233,7642
CAPTRUST,21-SEP-2021,97.0,97.0,92.6,93.75,10051,7428,266
CARBORUNIV,21-SEP-2021,840.0,865.85,818.0,855.6,211559,133759,32867
CAREERP,21-SEP-2021,154.0,155.95,150.7,154.65,25054,12416,1016
CARERATING,21-SEP-2021,685.1,694.75,675.75,688.7,93404,48563,3959
CARTRADE,21-SEP-2021,1436.0,1436.0,1365.0,1385.2,361454,173847,34092
CASTROLIND,21-SEP-2021,137.95,138.8,135.8,137.45,515563,226852,7715
CCL,21-SEP-2021,392.0,398.05,384.4,386.3,471912,246656,17703
CEATLTD,21-SEP-2021,1313.0,1315.0,1287.45,1309.75,80305,24253,7607
CELEBRITY,21-SEP-2021,9.45,10.0,9.25,9.75,34150,22581,116
CENTENKA,21-SEP-2021,438.0,445.7,430.0,438.7,48074,27872,2732
CENTEXT,21-SEP-2021,9.3,9.4,9.15,9.25,240776,158836,518
CENTRALBK,21-SEP-2021,21.6,21.7,20.75,21.4,5541486,1639805,7886
CENTRUM,21-SEP-2021,33.0,34.25,32.5,33.85,502446,232686,2608
CENTUM,21-SEP-2021,482.95,540.0,467.1,509.65,127191,31386,12611
CENTURYPLY,21-SEP-2021,417.55,417.55,407.65,414.7,209203,126216,17805
CENTURYTEX,21-SEP-2021,841.0,851.0,821.0,842.9,321137,98692,10855
CERA,21-SEP-2021,4417.75,4520.0,4385.0,4465.0,14903,5740,4729
CEREBRAINT,21-SEP-2021,57.3,57.3,56.0,56.35,168127,134543,882
CESC,21-SEP-2021,92.5,92.85,87.6,88.85,5191014,2331454,39505
CGCL,21-SEP-2021,500.0,509.0,495.85,503.3,58925,22467,3251
CHALET,21-SEP-2021,187.9,190.5,184.0,188.1,904651,391938,14426
CHAMBLFERT,21-SEP-2021,307.6,310.75,302.15,303.7,597683,191658,14885
CHEMBOND,21-SEP-2021,223.4,232.95,220.4,229.45,20687,11561,1077
CHEMCON,21-SEP-2021,444.0,444.9,436.05,438.8,115857,53726,6157
CHEMFAB,21-SEP-2021,156.45,157.8,150.55,155.05,5560,4100,259
CHEMPLASTS,21-SEP-2021,540.0,553.0,532.05,546.4,887685,495689,30552
CHENNPETRO,21-SEP-2021,113.6,113.85,109.45,111.85,441965,175046,6018
CHOLAFIN,21-SEP-2021,584.0,591.15,564.6,578.35,2632441,881334,55862
CHOLAHLDNG,21-SEP-2021,690.0,694.35,680.0,689.35,55889,37730,5771
CIGNITITEC,21-SEP-2021,559.9,559.9,537.95,546.95,32598,13921,2585
CIPLA,21-SEP-2021,935.0,959.0,933.0,956.1,2438464,1265090,45331
CLEAN,21-SEP-2021,1935.0,2129.9,1881.0,2097.85,1891176,501397,113009
CLEDUCATE,21-SEP-2021,134.9,134.9,126.0,130.95,35725,16796,877
CLNINDIA,21-SEP-2021,550.0,554.35,540.0,550.7,35634,16774,3290
CLSEL,21-SEP-2021,122.0,125.4,121.0,122.45,45860,30724,2156
CMICABLES,21-SEP-2021,46.9,46.9,43.3,43.95,142686,96327,1731
COALINDIA,21-SEP-2021,155.7,158.0,153.45,156.4,13645046,3071680,72221
COCHINSHIP,21-SEP-2021,367.0,369.75,357.8,362.95,160530,80351,5580
COFFEEDAY,21-SEP-2021,33.4,33.4,30.6,31.0,4047704,2303836,10941
COFORGE,21-SEP-2021,5372.0,5557.75,5314.95,5531.5,395641,72466,44614
COLPAL,21-SEP-2021,1722.0,1738.8,1714.05,1732.45,349084,157685,18412
COMPINFO,21-SEP-2021,24.5,27.1,23.8,25.95,621453,238834,2359
COMPUSOFT,21-SEP-2021,13.4,13.7,13.2,13.5,49693,36211,313
CONCOR,21-SEP-2021,705.9,708.7,686.0,703.3,1409360,435999,42810
CONFIPET,21-SEP-2021,76.2,77.65,74.0,76.45,1281444,559951,9784
CONSOFINVT,21-SEP-2021,137.4,139.35,131.85,134.05,26299,21083,295
CONTROLPR,21-SEP-2021,341.0,341.0,315.6,329.55,13878,7746,929
CORALFINAC,21-SEP-2021,37.8,39.5,37.2,37.95,8232,5690,132
CORDSCABLE,21-SEP-2021,53.9,53.9,52.1,52.85,15629,8444,257
COROMANDEL,21-SEP-2021,787.0,808.55,782.0,806.3,480093,115740,29833
COSMOFILMS,21-SEP-2021,1491.0,1519.8,1437.6,1475.65,113609,46470,9463
COUNCODOS,21-SEP-2021,2.8,2.9,2.8,2.85,26118,23695,81
CPSEETF,21-SEP-2021,27.54,27.85,27.31,27.79,2283294,1831712,117815
CRAFTSMAN,21-SEP-2021,1941.0,1989.95,1929.0,1964.35,12374,7916,2036
CREATIVEYE,21-SEP-2021,3.2,3.35,3.2,3.35,101,101,3
CREDITACC,21-SEP-2021,641.8,644.95,628.1,630.8,71053,35991,9159
CRISIL,21-SEP-2021,2920.0,2920.0,2808.75,2877.2,27604,7416,5949
CROMPTON,21-SEP-2021,481.8,482.55,469.1,477.75,847249,464908,41478
CSBBANK,21-SEP-2021,300.0,311.75,293.65,298.0,322535,83241,10865
CTE,21-SEP-2021,58.0,58.3,55.45,55.6,59511,27210,487
CUB,21-SEP-2021,150.0,150.5,147.0,149.95,1197247,405828,8477
CUBEXTUB,21-SEP-2021,22.4,22.7,21.55,21.75,6260,2789,171
CUMMINSIND,21-SEP-2021,992.5,1007.1,968.65,990.65,600629,170556,22136
CUPID,21-SEP-2021,227.0,230.7,225.0,228.15,26351,17338,1431
CYBERTECH,21-SEP-2021,160.6,162.25,153.0,158.5,80115,38897,2877
CYIENT,21-SEP-2021,1080.65,1087.1,1048.45,1073.4,441724,253434,22719
DAAWAT,21-SEP-2021,70.6,71.3,68.1,69.15,1602654,707385,10008
DABUR,21-SEP-2021,647.95,652.15,645.0,651.3,785138,244736,28040
DALBHARAT,21-SEP-2021,2223.0,2254.8,2124.0,2157.05,235885,124677,17164
DALMIASUG,21-SEP-2021,404.0,416.8,392.85,408.8,123230,51501,5738
DANGEE,21-SEP-2021,198.25,198.25,190.5,191.25,1492,386,94
DATAMATICS,21-SEP-2021,305.0,308.65,294.0,300.6,231433,130600,6159
DBCORP,21-SEP-2021,100.9,100.9,97.0,98.0,398537,156790,6797
DBL,21-SEP-2021,510.6,521.3,509.3,514.35,226752,30726,9809
DBREALTY,21-SEP-2021,25.6,26.8,25.25,25.8,445031,271838,1502
DCAL,21-SEP-2021,205.0,205.8,197.1,200.6,980545,527557,13926
DCBBANK,21-SEP-2021,89.8,90.65,88.7,89.45,582294,259361,7630
DCMNVL,21-SEP-2021,205.0,213.8,203.0,211.05,34401,20855,706
DCMSHRIRAM,21-SEP-2021,1020.0,1026.9,961.65,1005.25,71929,32854,5486
DCW,21-SEP-2021,38.0,38.4,36.3,38.1,1465750,596216,5855
DECCANCE,21-SEP-2021,705.0,712.0,680.25,696.7,59373,28620,5644
DEEPAKFERT,21-SEP-2021,408.0,408.0,393.0,405.5,209657,156904,6082
DEEPAKNTR,21-SEP-2021,2373.0,2446.95,2314.0,2434.15,1005310,276021,61015
DEEPINDS,21-SEP-2021,143.15,153.0,141.65,148.65,139418,45459,5234
DELPHIFX,21-SEP-2021,719.95,744.8,667.0,682.15,13792,3371,465
DELTACORP,21-SEP-2021,223.8,232.9,220.1,231.7,6653398,1342830,61835
DELTAMAGNT,21-SEP-2021,54.0,55.5,51.6,51.85,9035,6662,176
DEN,21-SEP-2021,47.65,48.0,47.0,47.75,474098,236121,2776
DENORA,21-SEP-2021,332.0,332.0,322.0,323.1,11192,6846,724
DEVYANI,21-SEP-2021,117.5,118.6,115.1,116.3,1959505,803991,24844
DFMFOODS,21-SEP-2021,345.2,347.6,338.85,346.3,52073,25925,2831
DHAMPURSUG,21-SEP-2021,292.65,296.35,286.5,292.3,243813,90149,4870
DHANBANK,21-SEP-2021,16.6,16.6,16.0,16.3,824040,497361,2043
DHANI,21-SEP-2021,185.0,185.0,176.4,180.2,1170002,680545,18878
DHANUKA,21-SEP-2021,821.0,829.85,794.1,813.45,91617,45956,7363
DHUNINV,21-SEP-2021,616.2,633.0,603.35,627.6,3406,2172,332
DIAMONDYD,21-SEP-2021,671.0,674.95,649.65,656.1,16039,8537,1241
DICIND,21-SEP-2021,488.0,488.0,466.5,476.9,4916,2570,307
DISHTV,21-SEP-2021,19.5,19.95,18.5,19.55,14854319,8392319,21982
DIVISLAB,21-SEP-2021,5119.5,5188.45,5080.0,5179.45,340766,156925,37270
DIXON,21-SEP-2021,4150.55,4154.85,3992.65,4107.45,320353,116726,44556
DLF,21-SEP-2021,324.35,333.6,319.55,330.7,12090071,3093265,101821
DLINKINDIA,21-SEP-2021,137.15,138.85,135.35,138.1,223669,95774,5975
DMART,21-SEP-2021,4415.1,4450.0,4305.05,4361.95,437837,157827,64647
DODLA,21-SEP-2021,613.75,626.95,594.0,609.3,165070,33700,10693
DOLAT,21-SEP-2021,88.25,89.85,86.0,88.0,414169,222505,6765
DOLLAR,21-SEP-2021,364.2,376.4,358.0,368.25,117974,51454,5046
DONEAR,21-SEP-2021,58.2,60.0,57.6,59.5,130447,90708,1091
DPABHUSHAN,21-SEP-2021,209.95,213.85,205.0,213.2,7169,2825,708
DPSCLTD,21-SEP-2021,14.8,15.15,14.5,15.05,63650,47273,294
DPWIRES,21-SEP-2021,223.0,223.95,211.6,221.4,22551,13152,694
DRCSYSTEMS,21-SEP-2021,262.1,265.5,261.0,264.65,451,439,24
DREDGECORP,21-SEP-2021,353.0,356.7,348.95,352.0,51858,14213,2819
DRREDDY,21-SEP-2021,4768.75,4864.0,4745.25,4853.65,340390,176730,38723
DSSL,21-SEP-2021,145.5,145.5,138.05,140.7,22637,10584,1088
DTIL,21-SEP-2021,281.05,284.5,271.2,275.55,4719,2759,403
DVL,21-SEP-2021,283.45,285.0,275.0,282.85,54023,28701,2846
DWARKESH,21-SEP-2021,68.1,69.65,67.1,68.85,893210,423464,7924
DYNAMATECH,21-SEP-2021,2860.0,2947.65,2751.5,2845.05,44311,17842,6304
DYNPRO,21-SEP-2021,525.0,538.4,522.0,531.35,49668,22432,4442
EASEMYTRIP,21-SEP-2021,581.55,609.0,566.05,602.05,2209342,528988,57651
EASTSILK,21-SEP-2021,3.5,3.7,3.45,3.45,32501,26352,89
EBANK,21-SEP-2021,4090.0,4100.0,4090.0,4100.0,15,12,4
EBBETF0423,21-SEP-2021,1148.0,1148.0,1144.65,1145.0,59615,59609,98
EBBETF0425,21-SEP-2021,1072.0,1072.0,1069.56,1071.23,3302,2667,91
EBBETF0430,21-SEP-2021,1181.1,1185.0,1180.11,1184.82,6167,5438,137
EBBETF0431,21-SEP-2021,1059.21,1062.98,1058.5,1061.38,16790,15478,183
ECLERX,21-SEP-2021,2310.0,2344.4,2250.0,2288.9,41418,32392,6476
EDELWEISS,21-SEP-2021,80.0,80.75,76.7,78.75,2212397,834577,13562
EICHERMOT,21-SEP-2021,2810.0,2859.9,2788.8,2854.4,595121,225379,37851
EIDPARRY,21-SEP-2021,417.75,427.8,411.3,425.25,179275,88885,6719
EIHAHOTELS,21-SEP-2021,355.0,355.0,334.55,343.9,53033,17809,3019
EIHOTEL,21-SEP-2021,111.2,113.0,109.0,112.05,990271,299758,11866
EIMCOELECO,21-SEP-2021,392.0,398.45,390.0,394.45,3834,2610,341
EKC,21-SEP-2021,121.3,122.0,114.05,117.1,288324,187605,2701
ELECON,21-SEP-2021,168.15,169.4,158.1,165.85,674097,217419,10452
ELECTCAST,21-SEP-2021,36.7,37.5,36.4,37.25,326046,181971,1665
ELECTHERM,21-SEP-2021,126.15,127.25,123.0,124.35,29343,20969,355
ELGIEQUIP,21-SEP-2021,205.0,209.0,200.1,203.45,161277,67081,5655
ELGIRUBCO,21-SEP-2021,38.4,38.95,37.25,38.0,98017,79743,550
EMAMILTD,21-SEP-2021,580.0,585.8,568.05,581.1,470027,314973,16399
EMAMIPAP,21-SEP-2021,162.9,163.0,158.0,159.9,41160,22643,1443
EMAMIREAL,21-SEP-2021,70.8,70.8,69.0,69.6,25497,13559,366
EMKAY,21-SEP-2021,116.6,118.2,111.0,115.75,87915,45008,3294
EMMBI,21-SEP-2021,103.05,108.15,101.95,106.85,54952,32653,2118
ENDURANCE,21-SEP-2021,1560.9,1615.0,1540.0,1608.2,50294,20320,7079
ENERGYDEV,21-SEP-2021,9.5,9.5,9.15,9.4,44005,25676,142
ENGINERSIN,21-SEP-2021,73.15,73.4,71.75,72.4,919062,385319,6737
ENIL,21-SEP-2021,190.9,190.9,183.1,187.2,52151,32883,1057
EPL,21-SEP-2021,248.0,252.0,242.55,250.1,354412,155011,11315
EQ30,21-SEP-2021,426.01,431.99,415.0,428.24,1160,754,234
EQUITAS,21-SEP-2021,120.2,121.15,117.0,119.55,503395,300077,8846
EQUITASBNK,21-SEP-2021,59.0,60.1,58.6,59.7,483349,275845,3722
ERIS,21-SEP-2021,750.05,776.95,746.0,757.55,82185,25278,8924
EROSMEDIA,21-SEP-2021,19.4,19.4,18.55,19.15,299100,176680,1217
ESABINDIA,21-SEP-2021,2202.0,2280.0,2125.0,2264.2,47243,32186,4314
ESCORTS,21-SEP-2021,1457.5,1492.0,1434.05,1474.85,3448518,974252,112221
ESSARSHPNG,21-SEP-2021,10.1,10.1,9.75,9.9,48802,32477,216
ESTER,21-SEP-2021,146.0,146.05,138.7,139.65,142561,61513,3921
EVEREADY,21-SEP-2021,338.0,355.7,335.15,353.25,483269,224608,8535
EVERESTIND,21-SEP-2021,416.4,432.8,412.1,426.8,92552,46865,10533
EXCELINDUS,21-SEP-2021,1023.0,1040.05,1000.0,1026.3,28468,13718,4615
EXIDEIND,21-SEP-2021,180.2,180.7,175.0,178.4,6620417,2811695,45769
EXXARO,21-SEP-2021,150.0,153.9,146.75,150.4,567972,214648,8948
FACT,21-SEP-2021,120.3,122.0,117.3,119.8,140299,29393,5235
FAIRCHEMOR,21-SEP-2021,1886.1,1906.2,1812.0,1829.0,27179,12650,4519
FCL,21-SEP-2021,127.55,136.25,121.05,133.8,1991258,479463,28134
FCONSUMER,21-SEP-2021,7.45,7.55,7.2,7.35,6582297,1899948,3659
FDC,21-SEP-2021,353.9,356.75,345.3,352.3,91840,35289,4274
FEDERALBNK,21-SEP-2021,79.5,80.5,78.15,80.05,15056016,5121050,42990
FEL,21-SEP-2021,8.95,9.05,8.4,8.85,346003,206334,751
FELDVR,21-SEP-2021,12.3,12.3,11.65,11.95,23350,14562,89
FIEMIND,21-SEP-2021,1054.0,1128.0,1040.0,1116.45,158092,48103,11746
FILATEX,21-SEP-2021,102.0,103.3,100.0,101.85,206157,119704,2594
FINCABLES,21-SEP-2021,497.2,504.95,476.25,497.75,193977,75377,8556
FINEORG,21-SEP-2021,3090.5,3170.0,3034.35,3135.45,26665,11409,7732
FINPIPE,21-SEP-2021,186.9,191.0,180.6,188.75,860099,428039,18829
FLEXITUFF,21-SEP-2021,15.3,15.3,14.5,14.65,12812,7175,97
FLFL,21-SEP-2021,55.35,56.8,54.3,56.2,231618,150320,3842
FLUOROCHEM,21-SEP-2021,1700.0,1719.75,1670.6,1704.2,60912,34729,5891
FMGOETZE,21-SEP-2021,272.55,277.4,270.25,275.25,40522,20723,1760
FMNL,21-SEP-2021,9.0,9.0,8.6,8.8,107503,86681,301
FORCEMOT,21-SEP-2021,1474.0,1481.0,1432.25,1459.1,48768,10628,5598
FORTIS,21-SEP-2021,261.9,267.9,255.05,266.45,3247277,1314239,34807
FOSECOIND,21-SEP-2021,1463.8,1465.7,1432.05,1444.2,962,574,239
FRETAIL,21-SEP-2021,48.0,48.1,46.65,47.1,997778,578746,5662
FSC,21-SEP-2021,72.1,77.0,69.7,72.55,60824,24647,1626
FSL,21-SEP-2021,204.6,207.4,193.35,196.45,6586813,2070733,51439
GABRIEL,21-SEP-2021,142.8,144.1,140.1,143.4,724811,241502,10876
GAEL,21-SEP-2021,175.35,175.95,171.15,173.15,215477,78856,6011
GAIL,21-SEP-2021,149.8,152.0,145.0,150.0,8663366,3191195,49448
GAL,21-SEP-2021,2.3,2.3,2.2,2.2,445978,396433,296
GALAXYSURF,21-SEP-2021,3300.0,3335.0,3250.05,3305.75,25407,10003,5996
GALLANTT,21-SEP-2021,69.65,76.2,66.4,72.85,141064,57500,1416
GALLISPAT,21-SEP-2021,53.05,57.1,52.5,54.35,79119,50599,670
GANDHITUBE,21-SEP-2021,440.0,454.95,421.3,449.2,17159,8994,1116
GANECOS,21-SEP-2021,489.0,516.2,474.05,509.25,64489,37628,3504
GANESHBE,21-SEP-2021,84.9,89.6,83.05,84.2,105499,50443,1400
GANESHHOUC,21-SEP-2021,158.75,158.75,151.15,153.0,72327,46627,1052
GANGAFORGE,21-SEP-2021,13.7,14.35,13.7,14.25,988593,617610,3157
GANGESSECU,21-SEP-2021,90.3,93.0,86.55,92.25,33118,20355,373
GARFIBRES,21-SEP-2021,3382.25,3421.05,3325.0,3395.55,16964,7552,3928
GATI,21-SEP-2021,136.6,138.85,132.3,137.45,329479,135925,6169
GAYAPROJ,21-SEP-2021,50.3,52.5,49.55,52.15,1815561,883245,7075
GDL,21-SEP-2021,248.05,250.0,238.0,243.7,326960,263173,6381
GEECEE,21-SEP-2021,146.45,146.45,141.4,145.25,11722,8213,539
GEEKAYWIRE,21-SEP-2021,85.9,85.9,80.45,82.35,5351,3132,184
GENCON,21-SEP-2021,44.0,44.0,40.0,42.65,28405,16016,354
GENESYS,21-SEP-2021,145.75,147.7,139.1,147.7,43478,34218,389
GENUSPOWER,21-SEP-2021,60.5,62.7,59.3,61.6,502596,206100,4769
GEOJITFSL,21-SEP-2021,77.8,78.5,73.6,76.85,376422,167708,4965
GEPIL,21-SEP-2021,306.0,314.8,302.0,308.15,246319,171546,4493
GESHIP,21-SEP-2021,363.95,367.9,351.2,365.9,326387,132060,13470
GET&D,21-SEP-2021,130.75,132.85,128.25,131.75,132524,74786,2953
GFLLIMITED,21-SEP-2021,69.75,72.9,69.75,72.1,108452,55399,2371
GFSTEELS,21-SEP-2021,2.0,2.0,2.0,2.0,2494,2494,7
GHCL,21-SEP-2021,381.2,384.4,367.05,379.15,570695,213515,13311
GICHSGFIN,21-SEP-2021,145.0,148.2,142.2,146.35,172113,57617,3683
GICRE,21-SEP-2021,144.5,146.2,143.55,144.75,514251,251863,8998
GILLETTE,21-SEP-2021,5903.15,5964.0,5850.0,5894.8,10688,5917,2447
GINNIFILA,21-SEP-2021,32.05,33.9,30.55,32.7,214424,131355,1052
GIPCL,21-SEP-2021,81.4,81.8,79.1,79.9,416793,258894,4175
GISOLUTION,21-SEP-2021,2.9,2.9,2.7,2.8,16036,15836,26
GKWLIMITED,21-SEP-2021,668.2,668.2,636.1,640.1,422,302,69
GLAND,21-SEP-2021,3901.15,3936.85,3769.55,3864.85,102715,50799,17500
GLAXO,21-SEP-2021,1515.0,1519.95,1501.0,1504.95,35744,24931,3688
GLENMARK,21-SEP-2021,496.0,508.0,489.15,506.2,1918932,353258,42823
GLFL,21-SEP-2021,3.0,3.25,3.0,3.25,816,816,5
GLOBAL,21-SEP-2021,49.6,49.6,44.1,45.0,5109,2103,91
GLOBALVECT,21-SEP-2021,53.7,53.9,50.5,52.05,7545,4085,179
GLS,21-SEP-2021,675.0,682.75,665.85,678.9,176199,90236,9760
GMBREW,21-SEP-2021,564.0,570.0,558.75,567.4,36002,14310,2955
GMDCLTD,21-SEP-2021,66.65,66.65,65.0,66.0,602850,258550,4102
GMMPFAUDLR,21-SEP-2021,4365.0,4419.95,4287.75,4390.5,18960,8841,4771
GMRINFRA,21-SEP-2021,34.3,35.65,33.45,35.3,50711004,10887307,85104
GNA,21-SEP-2021,825.0,846.0,779.55,837.55,116354,52374,7499
GNFC,21-SEP-2021,355.4,386.15,349.25,383.0,6860951,1821377,93788
GOACARBON,21-SEP-2021,357.0,362.95,351.65,358.5,11674,6504,749
GOCLCORP,21-SEP-2021,263.0,263.0,251.65,260.2,27001,10266,1723
GODFRYPHLP,21-SEP-2021,1040.0,1060.6,1032.6,1044.65,51169,15566,4844
GODREJAGRO,21-SEP-2021,652.55,659.0,629.6,645.85,167125,37814,9434
GODREJCP,21-SEP-2021,1076.55,1086.9,1067.05,1080.45,938081,500573,30966
GODREJIND,21-SEP-2021,555.0,560.0,551.0,554.85,189539,66355,5926
GODREJPROP,21-SEP-2021,1655.0,1758.6,1651.0,1723.65,4137923,426407,162663
GOKEX,21-SEP-2021,189.7,192.0,185.0,188.05,121998,84430,1905
GOKUL,21-SEP-2021,27.55,28.0,27.0,27.35,19893,14887,271
GOKULAGRO,21-SEP-2021,38.5,40.9,38.5,38.95,122966,93661,707
GOLDBEES,21-SEP-2021,43.6,43.6,40.12,40.23,4222239,3680155,19450
GOLDENTOBC,21-SEP-2021,105.5,106.5,100.3,106.45,119970,72767,2763
GOLDIAM,21-SEP-2021,905.25,989.05,879.9,979.1,415413,114907,27326
GOLDSHARE,21-SEP-2021,42.45,42.45,41.05,41.1,90916,69190,583
GOODLUCK,21-SEP-2021,298.45,309.75,283.55,286.15,181123,105882,3603
GOODYEAR,21-SEP-2021,1023.0,1034.45,1006.0,1022.55,35411,14450,3719
GPPL,21-SEP-2021,100.0,102.6,98.3,101.95,469720,262625,5770
GPTINFRA,21-SEP-2021,86.9,86.9,83.5,85.25,10993,8223,236
GRANULES,21-SEP-2021,320.25,323.7,314.6,321.55,1748293,452611,24847
GRAPHITE,21-SEP-2021,608.0,617.0,592.25,600.1,379960,225556,17359
GRASIM,21-SEP-2021,1535.0,1565.0,1526.7,1557.15,768602,190728,36752
GRAUWEIL,21-SEP-2021,60.3,61.0,58.5,60.3,125205,77798,2277
GRAVITA,21-SEP-2021,190.0,194.5,187.1,192.65,360569,134734,6834
GREAVESCOT,21-SEP-2021,136.0,137.4,132.1,134.85,1278310,430613,18624
GREENLAM,21-SEP-2021,1380.0,1389.65,1370.15,1380.45,5164,3472,733
GREENPLY,21-SEP-2021,173.7,173.7,168.8,172.35,150836,49658,3728
GREENPOWER,21-SEP-2021,3.0,3.15,2.95,3.15,2436273,1699943,1767
GRINDWELL,21-SEP-2021,1382.2,1395.0,1362.0,1384.0,33432,18720,4988
GRINFRA,21-SEP-2021,1597.9,1811.0,1589.75,1769.45,335157,151427,26567
GROBTEA,21-SEP-2021,1003.5,1030.0,990.1,999.95,1695,273,710
GRPLTD,21-SEP-2021,990.0,998.0,952.5,972.8,970,708,107
GRSE,21-SEP-2021,188.25,192.75,188.05,191.4,74342,27439,2328
GSCLCEMENT,21-SEP-2021,49.0,49.5,47.85,49.25,172063,103783,1802
GSFC,21-SEP-2021,111.95,115.45,109.5,112.3,3697936,1348238,26942
GSPL,21-SEP-2021,316.4,318.5,304.6,315.0,1839006,1237853,36877
GSS,21-SEP-2021,82.85,86.2,82.1,85.8,214471,94120,3101
GTNTEX,21-SEP-2021,7.1,7.2,7.1,7.2,1155,1155,6
GTPL,21-SEP-2021,221.95,229.7,216.1,228.25,120692,46861,4464
GUFICBIO,21-SEP-2021,195.2,197.0,188.45,195.95,189814,77187,5791
GUJALKALI,21-SEP-2021,477.75,494.0,467.5,487.3,546307,141932,15847
GUJAPOLLO,21-SEP-2021,219.0,219.0,214.95,216.45,5969,4379,118
GUJGASLTD,21-SEP-2021,633.0,638.85,608.65,632.75,3760977,1833998,68464
GULFOILLUB,21-SEP-2021,611.2,611.2,600.0,603.2,25424,11415,2070
GULFPETRO,21-SEP-2021,54.0,55.2,53.0,54.3,51587,34428,819
HAL,21-SEP-2021,1388.85,1425.2,1340.0,1359.25,1805104,437122,72035
HAPPSTMNDS,21-SEP-2021,1472.0,1479.4,1400.95,1450.7,1229270,655742,89332
HARRMALAYA,21-SEP-2021,194.6,196.0,190.05,193.1,72208,22107,4510
HATHWAY,21-SEP-2021,23.8,24.2,23.65,23.85,2401653,1435761,2797
HATSUN,21-SEP-2021,1399.8,1414.65,1321.25,1404.05,47275,17853,7235
HAVELLS,21-SEP-2021,1410.1,1427.75,1392.05,1411.1,1677219,917544,45561
HBANKETF,21-SEP-2021,371.17,372.0,364.33,371.18,4860,1962,144
HBLPOWER,21-SEP-2021,47.0,47.9,45.9,47.2,398974,160516,3814
HBSL,21-SEP-2021,38.3,39.3,35.7,38.45,17051,9504,211
HCC,21-SEP-2021,9.95,10.0,9.6,9.75,1649314,966088,2405
HCG,21-SEP-2021,250.0,255.85,242.2,243.5,209426,124030,6090
HCL-INSYS,21-SEP-2021,13.6,13.9,13.0,13.4,606470,299512,2905
HCLTECH,21-SEP-2021,1289.0,1315.0,1277.0,1299.5,4645597,1664606,167229
HDFC,21-SEP-2021,2760.0,2780.7,2724.75,2774.35,2119275,1318742,100753
HDFCAMC,21-SEP-2021,3210.0,3233.0,3151.9,3203.95,219468,72495,19269
HDFCBANK,21-SEP-2021,1562.0,1568.65,1528.95,1551.95,7387498,4642760,162406
HDFCLIFE,21-SEP-2021,729.7,737.7,724.25,735.8,1850978,1018795,59178
HDFCMFGETF,21-SEP-2021,41.41,41.54,41.2,41.3,437959,310105,898
HDFCNIFETF,21-SEP-2021,185.4,187.8,184.95,186.35,15823,10181,430
HDFCSENETF,21-SEP-2021,639.99,639.99,630.25,634.56,2485,1668,207
HEG,21-SEP-2021,2160.0,2187.6,2125.0,2146.7,112356,71739,9672
HEIDELBERG,21-SEP-2021,258.05,261.4,256.35,259.5,301422,231071,7207
HEMIPROP,21-SEP-2021,131.0,135.4,130.0,132.05,574635,240519,7037
HERANBA,21-SEP-2021,752.0,764.5,739.25,761.0,115113,54130,4999
HERCULES,21-SEP-2021,139.5,141.45,136.2,138.35,59153,16034,4333
HERITGFOOD,21-SEP-2021,461.0,475.0,455.15,471.1,97899,47908,3625
HEROMOTOCO,21-SEP-2021,2890.0,2895.0,2814.4,2850.45,580932,286552,40946
HESTERBIO,21-SEP-2021,2522.0,2578.0,2487.6,2534.45,14993,3897,3042
HGINFRA,21-SEP-2021,626.0,630.5,601.15,618.15,187066,105873,10546
HIKAL,21-SEP-2021,638.3,658.3,617.0,641.4,223292,85495,12116
HIL,21-SEP-2021,5165.0,5250.05,5054.3,5161.55,11327,6084,2963
HILTON,21-SEP-2021,13.7,14.4,13.35,13.9,10865,7787,98
HINDALCO,21-SEP-2021,445.0,452.45,438.8,451.0,18750888,9149788,160155
HINDCOMPOS,21-SEP-2021,324.1,362.0,320.0,341.8,401712,82512,16692
HINDCON,21-SEP-2021,62.5,63.8,60.7,61.5,17437,12907,401
HINDCOPPER,21-SEP-2021,111.95,112.8,108.2,109.1,6059082,2434565,43906
HINDMOTORS,21-SEP-2021,7.6,7.65,7.4,7.5,130273,103251,526
HINDOILEXP,21-SEP-2021,194.0,209.5,186.2,206.8,1858427,591469,22929
HINDPETRO,21-SEP-2021,271.5,273.3,266.5,271.75,3413821,1454581,47408
HINDUNILVR,21-SEP-2021,2810.0,2859.3,2796.65,2812.45,2277437,905879,107609
HINDZINC,21-SEP-2021,324.1,324.4,312.3,318.6,855536,364668,17386
HIRECT,21-SEP-2021,191.0,196.8,187.9,189.3,17838,9960,1002
HISARMETAL,21-SEP-2021,124.3,128.7,124.2,127.2,8461,3411,304
HITECH,21-SEP-2021,585.5,608.85,576.0,598.35,30139,12736,2105
HITECHCORP,21-SEP-2021,216.15,225.0,213.0,219.65,7137,4564,380
HITECHGEAR,21-SEP-2021,261.95,265.25,252.15,257.4,11181,6439,745
HLEGLAS,21-SEP-2021,6273.0,6500.0,5778.6,6047.55,131304,25909,33615
HLVLTD,21-SEP-2021,9.45,9.5,8.95,9.1,262953,148652,576
HMVL,21-SEP-2021,75.4,76.15,73.35,74.75,110977,72971,1474
HNDFDS,21-SEP-2021,1950.0,2000.0,1921.0,1958.7,4821,3121,1616
HNGSNGBEES,21-SEP-2021,313.99,325.9,307.95,319.29,31601,21079,1394
HOMEFIRST,21-SEP-2021,552.1,560.45,535.3,556.3,44831,18746,6378
HONAUT,21-SEP-2021,42550.0,43500.0,41700.0,43231.8,3187,1345,2193
HONDAPOWER,21-SEP-2021,1176.0,1189.95,1172.1,1177.3,4552,3337,588
HPL,21-SEP-2021,68.5,69.7,66.5,69.15,117226,64441,2356
HSCL,21-SEP-2021,48.4,53.8,48.3,53.0,28870392,9424661,93412
HSIL,21-SEP-2021,222.25,225.7,219.0,222.65,136627,55540,4538
HTMEDIA,21-SEP-2021,25.55,26.05,24.3,25.05,721152,380814,4773
HUDCO,21-SEP-2021,43.25,43.65,42.4,42.85,1399710,565176,5501
HUHTAMAKI,21-SEP-2021,266.1,270.15,264.2,268.25,32696,15496,1801
IBMFNIFTY,21-SEP-2021,176.6,176.99,173.1,173.51,432,274,63
IBREALEST,21-SEP-2021,128.0,134.3,125.8,133.5,9192166,3588585,64241
IBULHSGFIN,21-SEP-2021,216.5,218.0,207.05,208.45,16813773,6877218,137271
ICEMAKE,21-SEP-2021,73.8,77.0,73.1,74.9,12256,7786,135
ICICI500,21-SEP-2021,249.0,249.0,242.5,246.07,3169,2660,210
ICICIALPLV,21-SEP-2021,183.98,183.98,180.0,181.89,1249460,1244358,649
ICICIB22,21-SEP-2021,43.25,43.75,42.75,43.57,325036,211984,2232
ICICIBANK,21-SEP-2021,711.15,714.5,694.4,711.85,10009615,5258825,216828
ICICIBANKN,21-SEP-2021,370.05,384.7,364.45,371.07,17072,3706,265
ICICIBANKP,21-SEP-2021,190.03,194.83,188.1,192.41,8899,3698,132
ICICIFMCG,21-SEP-2021,416.55,417.0,403.63,415.95,1909,1193,157
ICICIGI,21-SEP-2021,1624.0,1642.0,1605.2,1638.05,528009,320134,21183
ICICIGOLD,21-SEP-2021,40.8,41.79,40.8,41.28,332341,304523,2990
ICICILIQ,21-SEP-2021,999.99,1000.01,991.05,999.99,117618,113279,82
ICICILOVOL,21-SEP-2021,145.45,145.45,140.45,144.32,108125,102944,1245
ICICIM150,21-SEP-2021,114.7,116.7,110.1,111.58,182880,91448,723
ICICIMCAP,21-SEP-2021,105.6,105.6,103.1,103.99,11648,8079,376
ICICINF100,21-SEP-2021,193.48,193.48,190.05,192.71,3279,2397,343
ICICINIFTY,21-SEP-2021,218.0,218.0,186.0,188.29,87960,52302,4364
ICICINV20,21-SEP-2021,90.2,97.0,90.2,96.75,12754,7895,1431
ICICINXT50,21-SEP-2021,43.4,43.85,42.8,43.26,51955,20953,1014
ICICIPHARM,21-SEP-2021,90.05,90.6,89.55,90.52,5765,4955,124
ICICIPRULI,21-SEP-2021,677.0,696.6,670.4,692.3,1011972,529360,22636
ICICISENSX,21-SEP-2021,639.99,641.0,630.5,637.84,2557,1686,177
ICICITECH,21-SEP-2021,364.98,365.99,359.1,365.57,64206,58761,492
ICIL,21-SEP-2021,257.2,259.45,245.75,253.45,507826,187315,11006
ICRA,21-SEP-2021,3527.0,3550.0,3471.0,3536.8,2505,1101,714
IDBI,21-SEP-2021,37.2,39.55,36.6,39.15,32412713,8013529,42163
IDBIGOLD,21-SEP-2021,4269.3,4274.0,4252.0,4268.75,323,290,42
IDEA,21-SEP-2021,10.85,11.0,10.1,10.8,642657663,131619155,248574
IDFC,21-SEP-2021,55.0,55.2,53.0,54.5,7915331,3309424,21010
IDFCFIRSTB,21-SEP-2021,48.0,48.75,47.0,48.5,28439822,7731912,40547
IDFNIFTYET,21-SEP-2021,182.95,184.07,182.06,183.76,229,145,14
IEX,21-SEP-2021,583.4,593.35,566.85,583.75,4853370,778050,91170
IFBAGRO,21-SEP-2021,563.65,575.0,547.95,557.45,21011,10116,1345
IFBIND,21-SEP-2021,1190.0,1237.0,1151.55,1180.5,106542,20108,8930
IFCI,21-SEP-2021,12.2,12.4,11.85,12.2,2957996,1318542,14762
IFGLEXPOR,21-SEP-2021,307.95,310.85,283.55,300.45,110496,54392,5052
IGARASHI,21-SEP-2021,525.0,525.2,511.9,513.65,62291,33297,2840
IGL,21-SEP-2021,540.0,551.4,535.2,549.4,2536603,1448343,63963
IGPL,21-SEP-2021,701.0,720.0,675.05,714.0,159848,62794,9307
IIFL,21-SEP-2021,266.0,275.0,260.2,273.7,705736,323459,7588
IIFLSEC,21-SEP-2021,91.95,93.5,90.0,91.35,244041,150440,2749
IIFLWAM,21-SEP-2021,1575.0,1585.0,1531.85,1542.75,49182,30210,8939
IITL,21-SEP-2021,67.0,70.0,66.0,69.0,1252,847,55
IMAGICAA,21-SEP-2021,7.75,7.9,7.6,7.75,92662,49904,190
IMPAL,21-SEP-2021,757.75,768.6,756.0,760.9,1086,854,87
INDBANK,21-SEP-2021,23.3,23.95,22.65,23.15,56200,29828,439
INDHOTEL,21-SEP-2021,161.05,167.3,155.3,164.4,21720031,3346798,106613
INDIACEM,21-SEP-2021,176.9,178.3,171.9,175.45,1678733,633553,15344
INDIAGLYCO,21-SEP-2021,651.95,696.0,634.9,686.5,389943,144251,17152
INDIAMART,21-SEP-2021,8077.9,8256.25,7972.15,8224.6,205936,56861,37387
INDIANB,21-SEP-2021,133.5,134.3,128.15,129.85,2427547,1098127,19855
INDIANHUME,21-SEP-2021,195.5,197.9,192.25,196.35,29329,12829,1263
INDIGO,21-SEP-2021,2175.0,2249.55,2140.2,2236.25,2496310,1053856,68717
INDIGOPNTS,21-SEP-2021,2569.0,2598.95,2541.0,2561.45,12517,4783,3272
INDLMETER,21-SEP-2021,12.2,12.2,11.7,12.0,12454,8170,298
INDNIPPON,21-SEP-2021,352.2,352.6,338.15,344.8,24460,12390,1528
INDOCO,21-SEP-2021,477.7,477.7,457.5,462.3,147904,53197,6377
INDORAMA,21-SEP-2021,51.05,51.15,48.45,50.7,115682,76166,780
INDOSTAR,21-SEP-2021,280.95,287.5,278.15,284.7,73654,31610,3808
INDOTHAI,21-SEP-2021,88.0,90.0,86.25,88.5,14267,11296,112
INDRAMEDCO,21-SEP-2021,77.55,78.5,76.4,77.35,124817,63548,2117
INDSWFTLAB,21-SEP-2021,65.5,67.05,63.6,64.0,141224,103356,1362
INDTERRAIN,21-SEP-2021,41.45,41.45,38.2,39.3,298830,178975,1361
INDUSINDBK,21-SEP-2021,1091.0,1143.15,1085.0,1137.55,6332732,1774924,144065
INDUSTOWER,21-SEP-2021,268.0,274.55,263.75,270.85,9607647,1033266,84666
INEOSSTYRO,21-SEP-2021,1317.25,1352.0,1307.3,1337.55,14063,7893,1770
INFIBEAM,21-SEP-2021,42.35,42.75,40.95,41.1,3587722,2120438,13360
INFRABEES,21-SEP-2021,549.98,549.98,503.51,510.61,1711,1216,127
INFY,21-SEP-2021,1700.0,1726.75,1684.65,1718.45,4672222,2854317,138846
INGERRAND,21-SEP-2021,973.0,985.0,952.1,978.9,32962,15911,2374
INOXLEISUR,21-SEP-2021,315.9,331.8,313.35,323.1,3393120,1450931,55499
INOXWIND,21-SEP-2021,101.3,103.75,100.2,102.85,742355,407005,5958
INSECTICID,21-SEP-2021,705.0,709.55,692.0,700.65,22963,8016,4130
INTELLECT,21-SEP-2021,650.0,681.7,642.65,678.85,266573,144868,10884
INTENTECH,21-SEP-2021,67.0,67.8,64.1,66.9,36699,20129,576
INTLCONV,21-SEP-2021,71.2,72.05,65.3,69.65,81369,44864,1498
INVENTURE,21-SEP-2021,3.05,3.1,2.95,3.0,3777836,1957291,2887
IOB,21-SEP-2021,20.7,21.2,20.2,20.8,5325583,1118291,7330
IOC,21-SEP-2021,114.55,115.65,113.35,115.0,9380594,3366623,44478
IOLCP,21-SEP-2021,572.0,579.45,557.25,569.35,266855,67598,9893
IPCALAB,21-SEP-2021,2411.0,2447.1,2317.25,2432.4,255678,54483,26300
IPL,21-SEP-2021,317.2,317.2,306.5,309.95,418284,251845,14420
IRB,21-SEP-2021,176.95,176.95,165.1,171.7,2502218,793371,22703
IRCON,21-SEP-2021,43.7,43.9,42.8,43.1,2046907,1338593,10418
IRCTC,21-SEP-2021,3728.65,3849.8,3550.0,3624.55,5303431,918276,391297
IRFC,21-SEP-2021,22.7,22.75,22.35,22.4,10140120,7458302,28549
ISEC,21-SEP-2021,745.0,754.45,713.05,728.95,646723,324451,25746
ISFT,21-SEP-2021,131.25,131.25,125.0,130.15,58459,37112,1462
ISGEC,21-SEP-2021,755.0,761.9,728.0,749.9,77992,35224,6354
ITC,21-SEP-2021,234.95,242.45,231.7,241.5,56671832,19197880,327928
ITDC,21-SEP-2021,407.4,434.0,402.4,422.35,914281,92602,31338
ITDCEM,21-SEP-2021,76.8,77.8,74.5,76.25,685423,286024,7189
ITI,21-SEP-2021,120.0,120.0,116.5,118.15,305625,63125,5905
IVC,21-SEP-2021,5.9,5.95,5.8,5.95,147685,114626,327
IVP,21-SEP-2021,115.0,121.1,112.0,121.1,7607,6189,285
IVZINGOLD,21-SEP-2021,4265.95,4265.95,4154.1,4184.4,33,16,27
IVZINNIFTY,21-SEP-2021,1903.55,1919.95,1901.3,1919.95,23,3,4
IZMO,21-SEP-2021,92.0,95.0,89.45,90.9,70383,41885,902
J&KBANK,21-SEP-2021,36.75,37.6,36.1,37.0,2880752,759480,8748
JAGRAN,21-SEP-2021,61.1,61.8,59.25,60.45,173304,99524,1622
JAGSNPHARM,21-SEP-2021,157.5,157.8,148.25,152.6,71134,48084,1742
JAIBALAJI,21-SEP-2021,52.85,52.85,49.05,50.35,87718,67839,705
JAICORPLTD,21-SEP-2021,124.45,127.5,121.8,122.8,1631375,416253,18769
JAIPURKURT,21-SEP-2021,65.4,65.4,63.35,65.4,15372,14206,138
JAMNAAUTO,21-SEP-2021,91.0,91.75,88.4,90.25,1044511,423140,9150
JASH,21-SEP-2021,497.0,535.0,497.0,522.45,22845,12446,1031
JAYAGROGN,21-SEP-2021,241.1,250.5,240.0,248.45,34033,12992,1551
JAYBARMARU,21-SEP-2021,184.0,186.0,180.0,180.6,27134,11891,4119
JAYSREETEA,21-SEP-2021,103.9,106.2,103.1,105.6,101423,36500,2565
JBCHEPHARM,21-SEP-2021,1748.0,1764.0,1715.55,1756.25,180597,131233,17388
JBMA,21-SEP-2021,464.0,464.45,450.0,459.75,50687,20130,3287
JCHAC,21-SEP-2021,2210.0,2224.95,2165.2,2188.5,11751,4731,2537
JHS,21-SEP-2021,24.2,25.65,23.45,24.15,156218,101314,1151
JINDALPHOT,21-SEP-2021,115.75,118.5,109.25,113.15,13229,9787,512
JINDALPOLY,21-SEP-2021,1001.9,1014.25,985.0,1006.1,69985,24019,4483
JINDALSAW,21-SEP-2021,115.5,116.75,111.0,113.9,1472377,428974,13189
JINDALSTEL,21-SEP-2021,352.5,363.7,347.1,361.6,12597294,1608587,116718
JINDRILL,21-SEP-2021,138.0,139.35,131.2,137.75,99358,38414,1756
JINDWORLD,21-SEP-2021,87.7,90.0,86.5,87.45,841100,646941,6285
JISLDVREQS,21-SEP-2021,22.0,22.8,21.2,21.95,42930,26529,274
JISLJALEQS,21-SEP-2021,35.0,35.65,33.95,35.35,2521302,1729962,4843
JKCEMENT,21-SEP-2021,3274.0,3284.0,3131.3,3229.1,100245,57140,23105
JKIL,21-SEP-2021,184.95,190.4,182.2,185.05,179358,97903,6602
JKLAKSHMI,21-SEP-2021,679.95,684.1,653.65,675.75,244196,90680,16231
JKPAPER,21-SEP-2021,233.5,236.8,228.0,230.75,1207130,363082,17098
JKTYRE,21-SEP-2021,149.7,150.9,146.55,149.0,553327,150434,9030
JMA,21-SEP-2021,63.0,65.75,62.4,62.75,13177,8697,216
JMCPROJECT,21-SEP-2021,98.95,101.95,97.0,100.65,107914,44024,2533
JMFINANCIL,21-SEP-2021,89.85,90.7,88.5,89.8,1357971,629942,10450
JMTAUTOLTD,21-SEP-2021,2.7,2.75,2.65,2.7,450266,282373,941
JOCIL,21-SEP-2021,231.0,233.65,225.4,229.65,19791,9641,1136
JPASSOCIAT,21-SEP-2021,9.0,9.15,9.0,9.0,2133289,1657032,2433
JPINFRATEC,21-SEP-2021,1.95,2.0,1.9,1.95,1266192,739750,1129
JPOLYINVST,21-SEP-2021,54.85,54.85,54.85,54.85,4049,4049,18
JPPOWER,21-SEP-2021,4.25,4.45,4.05,4.35,31213813,14684893,16166
JSL,21-SEP-2021,155.15,158.9,149.0,157.85,2598647,685601,24375
JSLHISAR,21-SEP-2021,274.8,282.5,265.0,279.7,568627,214820,12145
JSWHL,21-SEP-2021,4855.0,5200.0,4550.0,4784.55,18455,2612,4656
JSWISPL,21-SEP-2021,32.0,33.2,30.75,32.85,2585389,1487294,6245
JSWSTEEL,21-SEP-2021,633.25,672.0,628.7,668.95,14289169,3143129,175629
JTEKTINDIA,21-SEP-2021,105.4,105.9,102.0,104.25,225773,90262,4039
JUBLFOOD,21-SEP-2021,4101.35,4151.8,3993.05,4135.35,612101,190298,55441
JUBLINDS,21-SEP-2021,490.0,504.0,466.0,493.7,54117,22948,3200
JUBLINGREA,21-SEP-2021,748.0,779.9,730.2,772.7,1969508,700670,45774
JUBLPHARMA,21-SEP-2021,609.75,619.9,596.05,617.2,173709,80974,7512
JUMPNET,21-SEP-2021,9.0,9.1,8.65,8.7,517620,410437,815
JUNIORBEES,21-SEP-2021,386.5,501.95,386.5,448.01,89566,41491,7387
JUSTDIAL,21-SEP-2021,983.55,986.0,975.65,979.7,235696,126532,7447
JYOTHYLAB,21-SEP-2021,166.0,167.0,163.0,164.95,914295,724096,16721
KABRAEXTRU,21-SEP-2021,234.65,239.25,229.95,234.9,75001,33304,2634
KAJARIACER,21-SEP-2021,1140.0,1152.2,1116.1,1123.85,169846,110646,8586
KAKATCEM,21-SEP-2021,238.0,241.1,229.0,237.05,13991,5575,785
KALPATPOWR,21-SEP-2021,408.0,408.0,388.5,394.3,268166,170160,9139
KALYANKJIL,21-SEP-2021,69.65,69.65,67.0,67.9,1366605,926249,9745
KAMATHOTEL,21-SEP-2021,49.9,51.0,47.25,48.9,133918,32941,2478
KAMDHENU,21-SEP-2021,192.1,196.95,182.1,184.65,124218,66469,3377
KANORICHEM,21-SEP-2021,207.95,211.25,197.25,211.0,187829,138614,1368
KANPRPLA,21-SEP-2021,173.7,175.0,160.2,173.65,28931,16206,878
KANSAINER,21-SEP-2021,613.85,624.8,609.25,619.9,201670,137781,7874
KARDA,21-SEP-2021,16.5,17.0,15.9,16.95,3286169,2488363,2393
KARURVYSYA,21-SEP-2021,48.4,49.05,46.3,48.45,4593376,1305800,26397
KAUSHALYA,21-SEP-2021,2.55,2.65,2.5,2.55,9868,6281,44
KAYA,21-SEP-2021,421.0,433.95,412.05,422.6,52279,26675,2392
KCP,21-SEP-2021,140.1,141.75,137.7,138.9,163042,108609,3253
KCPSUGIND,21-SEP-2021,21.6,21.6,20.9,21.25,197469,101752,898
KDDL,21-SEP-2021,439.0,444.0,411.0,433.85,9622,6671,506
KEC,21-SEP-2021,431.95,468.0,431.95,454.85,3222440,850513,86416
KECL,21-SEP-2021,16.7,17.45,16.7,16.9,97677,71914,386
KEERTI,21-SEP-2021,19.1,19.8,19.1,19.3,11086,8633,92
KEI,21-SEP-2021,873.85,873.85,833.9,855.9,622734,190428,29807
KELLTONTEC,21-SEP-2021,51.05,51.45,49.0,50.7,485956,217604,4018
KENNAMET,21-SEP-2021,1380.0,1450.0,1370.0,1432.4,13663,4717,3434
KESORAMIND,21-SEP-2021,71.8,73.8,70.55,73.45,556549,201172,5108
KEYFINSERV,21-SEP-2021,79.7,81.15,77.2,79.0,2224,1342,82
KHADIM,21-SEP-2021,235.9,239.75,230.25,233.55,23686,10516,1836
KHAICHEM,21-SEP-2021,58.2,59.4,54.1,57.3,92920,47688,911
KHANDSE,21-SEP-2021,16.6,17.95,16.6,17.85,1172,574,24
KICL,21-SEP-2021,2099.8,2150.0,2080.0,2117.3,747,583,134
KILITCH,21-SEP-2021,173.2,177.55,167.05,170.0,8989,6974,194
KIMS,21-SEP-2021,1217.0,1254.8,1209.5,1250.75,168115,112711,10745
KINGFA,21-SEP-2021,1021.0,1035.0,982.65,1011.0,7593,5247,659
KIOCL,21-SEP-2021,247.0,254.4,242.85,249.35,72526,23048,9780
KIRIINDUS,21-SEP-2021,508.8,512.3,495.1,504.7,104128,41077,4466
KIRLFER,21-SEP-2021,224.45,229.9,224.0,229.2,137735,57489,5051
KIRLOSBROS,21-SEP-2021,369.0,369.0,350.4,359.55,29328,25515,727
KIRLOSENG,21-SEP-2021,210.0,210.6,204.95,209.4,80021,41832,2683
KIRLOSIND,21-SEP-2021,1610.0,1668.4,1579.3,1638.9,13682,5261,2340
KITEX,21-SEP-2021,178.7,178.7,169.75,173.0,419174,159107,7452
KKCL,21-SEP-2021,876.0,899.0,872.15,882.6,1890,996,294
KMSUGAR,21-SEP-2021,25.05,25.8,24.6,25.25,195252,96192,978
KNRCON,21-SEP-2021,292.3,301.5,289.2,289.95,882897,369607,20468
KOKUYOCMLN,21-SEP-2021,65.3,66.9,65.15,66.45,87602,43734,1303
KOLTEPATIL,21-SEP-2021,324.9,331.0,313.35,321.85,4477377,643423,75613
KOTAKBANK,21-SEP-2021,2017.0,2027.65,1996.1,2010.95,3866888,2179400,101763
KOTAKBKETF,21-SEP-2021,373.5,377.04,369.5,375.82,133144,48736,731
KOTAKGOLD,21-SEP-2021,40.32,40.8,40.32,40.6,585566,534775,997
KOTAKIT,21-SEP-2021,36.0,36.3,35.08,36.18,35613,25184,245
KOTAKNIFTY,21-SEP-2021,184.0,185.16,181.55,184.92,23866,13461,475
KOTAKNV20,21-SEP-2021,97.6,99.7,97.05,98.06,9817,7944,370
KOTAKPSUBK,21-SEP-2021,233.0,233.89,226.95,231.55,14364,6264,369
KOTARISUG,21-SEP-2021,31.85,32.4,30.9,31.05,173486,126199,999
KOTHARIPET,21-SEP-2021,51.4,52.65,49.1,51.1,81356,60439,1048
KOVAI,21-SEP-2021,1650.0,1674.0,1618.95,1644.15,9513,3752,3417
KPIGLOBAL,21-SEP-2021,140.0,140.0,130.35,130.8,83267,73753,822
KPITTECH,21-SEP-2021,314.3,320.7,306.25,318.95,736528,349055,22173
KPRMILL,21-SEP-2021,2170.0,2181.0,2055.05,2098.05,95922,56141,14932
KRBL,21-SEP-2021,266.0,269.7,258.8,262.8,306767,120090,5777
KREBSBIO,21-SEP-2021,186.85,199.5,176.1,196.4,519607,129097,17365
KRIDHANINF,21-SEP-2021,4.35,4.35,4.05,4.1,291805,257477,246
KRISHANA,21-SEP-2021,168.05,171.95,168.0,169.6,16227,11449,260
KRSNAA,21-SEP-2021,806.0,806.0,767.85,785.4,111177,43385,7308
KSB,21-SEP-2021,1214.0,1259.95,1212.1,1253.75,68949,19556,9991
KSCL,21-SEP-2021,600.1,601.0,583.05,593.05,225628,126109,9683
KSL,21-SEP-2021,389.1,393.95,363.5,380.05,93460,38057,5543
KTKBANK,21-SEP-2021,68.1,69.9,64.5,69.5,5607513,1956282,17662
KUANTUM,21-SEP-2021,73.9,74.95,72.0,72.75,14855,7874,246
L&TFH,21-SEP-2021,83.25,84.5,81.25,83.9,9329591,1755876,41465
LALPATHLAB,21-SEP-2021,3945.0,3980.0,3861.3,3959.8,234443,111973,22802
LAOPALA,21-SEP-2021,286.0,293.9,281.1,291.8,113663,41059,5583
LASA,21-SEP-2021,72.25,73.6,70.0,71.1,212004,38700,2877
LAURUSLABS,21-SEP-2021,628.0,629.95,605.0,624.15,3559102,1413661,76698
LAXMIMACH,21-SEP-2021,8001.0,8073.6,7815.1,7867.7,6205,2836,2183
LEMONTREE,21-SEP-2021,39.4,40.3,38.85,39.9,2884892,1230423,8905
LFIC,21-SEP-2021,82.9,82.9,75.55,77.3,2362,1189,129
LGBBROSLTD,21-SEP-2021,407.0,412.35,402.0,405.2,79124,50005,5612
LIBAS,21-SEP-2021,52.4,54.0,49.5,52.25,1014311,360159,6831
LIBERTSHOE,21-SEP-2021,168.45,170.9,166.5,168.9,199248,76338,3429
LICHSGFIN,21-SEP-2021,403.95,409.8,395.6,407.45,3332459,1169728,47615
LICNETFGSC,21-SEP-2021,22.8,26.48,22.64,23.22,28241,26703,154
LICNETFN50,21-SEP-2021,189.15,189.15,184.1,186.02,738,608,77
LICNETFSEN,21-SEP-2021,631.0,639.6,620.01,625.21,52,22,41
LICNFNHGP,21-SEP-2021,173.1,178.48,171.0,177.77,779,533,109
LIKHITHA,21-SEP-2021,361.05,370.0,354.25,366.55,113427,45329,6454
LINCOLN,21-SEP-2021,384.45,394.8,379.5,390.05,286076,89145,11930
LINCPEN,21-SEP-2021,209.05,221.5,206.1,210.0,4916,3104,188
LINDEINDIA,21-SEP-2021,2578.0,2660.0,2530.0,2610.8,229994,57992,19727
LIQUIDBEES,21-SEP-2021,1002.0,1002.0,999.51,999.99,1614201,1408635,4957
LIQUIDETF,21-SEP-2021,1000.01,1000.01,999.99,1000.0,18843,9680,102
LODHA,21-SEP-2021,973.1,1025.0,936.15,1018.15,338546,107952,14748
LOKESHMACH,21-SEP-2021,54.5,56.9,52.65,54.45,56748,47584,556
LOVABLE,21-SEP-2021,111.0,115.0,111.0,112.55,38983,17219,1442
LT,21-SEP-2021,1698.6,1730.75,1692.4,1720.9,2029747,1208878,104138
LTI,21-SEP-2021,5600.0,5767.0,5514.7,5739.75,313977,87559,34320
LTTS,21-SEP-2021,4455.0,4598.85,4445.0,4574.8,294054,72356,28858
LUMAXIND,21-SEP-2021,1460.0,1467.75,1450.0,1454.25,2782,1774,528
LUMAXTECH,21-SEP-2021,136.0,136.85,130.2,134.9,125197,57267,4245
LUPIN,21-SEP-2021,930.0,936.95,914.3,930.1,1707370,902384,39546
LUXIND,21-SEP-2021,3865.25,3895.0,3698.9,3797.35,44506,14384,9566
LXCHEM,21-SEP-2021,512.4,538.45,496.6,538.45,7824750,2237117,169888
LYKALABS,21-SEP-2021,88.95,89.35,84.0,87.65,362309,264527,3126
LYPSAGEMS,21-SEP-2021,4.55,4.7,4.35,4.45,39377,31676,97
M&M,21-SEP-2021,740.1,740.9,729.55,738.45,2380834,1340612,84934
M&MFIN,21-SEP-2021,176.5,182.0,173.7,180.85,6074735,2060060,37960
MACPOWER,21-SEP-2021,172.5,181.7,170.0,175.0,5413,3121,128
MADHAV,21-SEP-2021,54.3,54.95,53.1,54.45,8021,4196,110
MADHUCON,21-SEP-2021,4.9,4.9,4.65,4.65,36122,31447,167
MADRASFERT,21-SEP-2021,29.1,29.55,28.65,29.15,160999,53575,1076
MAESGETF,21-SEP-2021,30.7,30.7,29.13,30.05,8069,6117,130
MAFANG,21-SEP-2021,54.75,54.75,52.21,52.79,344626,301201,3526
MAFSETF,21-SEP-2021,18.25,18.3,17.94,18.25,138739,105031,358
MAGADSUGAR,21-SEP-2021,292.9,292.9,278.4,284.75,23795,16799,509
MAHABANK,21-SEP-2021,18.55,18.65,18.0,18.35,6317607,2686110,8755
MAHASTEEL,21-SEP-2021,90.4,93.0,89.6,91.4,14941,9193,604
MAHEPC,21-SEP-2021,134.25,136.95,133.8,135.15,33406,19659,1251
MAHESHWARI,21-SEP-2021,104.45,104.95,101.0,102.2,32415,20612,534
MAHINDCIE,21-SEP-2021,226.0,239.0,222.65,224.25,159883,59509,5483
MAHLIFE,21-SEP-2021,272.0,276.0,268.3,270.4,113222,84392,4286
MAHLOG,21-SEP-2021,714.9,728.95,710.6,720.7,57707,17113,4925
MAHSCOOTER,21-SEP-2021,4455.05,4680.0,4455.05,4651.1,22250,13101,3641
MAHSEAMLES,21-SEP-2021,311.55,315.25,309.25,311.65,60484,32981,2712
MAITHANALL,21-SEP-2021,965.0,968.0,911.0,937.15,186577,69674,14115
MAJESCO,21-SEP-2021,85.0,88.15,83.75,86.35,206398,121918,3759
MALUPAPER,21-SEP-2021,33.05,33.4,32.0,32.55,41154,29409,331
MAN50ETF,21-SEP-2021,182.9,182.9,175.7,180.67,4302,2665,121
MANAKALUCO,21-SEP-2021,19.9,19.9,19.9,19.9,52815,47320,171
MANAKCOAT,21-SEP-2021,14.25,14.7,13.05,14.05,38739,21234,281
MANAKSIA,21-SEP-2021,64.95,65.75,63.1,64.7,58686,38258,1182
MANAKSTEEL,21-SEP-2021,34.4,34.95,32.7,32.7,129108,98624,472
MANALIPETC,21-SEP-2021,105.95,107.8,100.1,104.4,1372740,673195,9804
MANAPPURAM,21-SEP-2021,161.0,167.0,160.8,166.35,9767673,2997996,41212
MANGALAM,21-SEP-2021,146.4,146.45,144.0,145.1,35045,19437,1050
MANGCHEFER,21-SEP-2021,72.95,73.7,71.45,72.45,313988,183232,4100
MANGLMCEM,21-SEP-2021,456.05,463.85,445.0,460.45,52941,22567,3514
MANINDS,21-SEP-2021,104.0,108.55,100.25,108.05,295243,134525,5477
MANINFRA,21-SEP-2021,82.0,84.05,81.05,83.1,890983,348213,7330
MANUGRAPH,21-SEP-2021,12.3,12.6,11.45,11.8,8391,5357,80
MANXT50,21-SEP-2021,431.1,431.1,414.95,425.87,3885,2753,90
MARALOVER,21-SEP-2021,74.3,75.15,70.55,72.5,31656,22523,379
MARATHON,21-SEP-2021,81.25,83.9,80.6,83.15,50629,20668,878
MARICO,21-SEP-2021,568.95,570.0,556.95,560.7,2368098,1322553,55883
MARINE,21-SEP-2021,38.3,38.3,36.9,37.3,723984,314914,3000
MARKSANS,21-SEP-2021,69.1,70.15,67.85,69.6,1366807,495021,9690
MARUTI,21-SEP-2021,6912.5,6939.7,6741.0,6777.0,1085249,694586,135019
MASFIN,21-SEP-2021,818.0,818.0,775.0,780.8,29047,16498,3138
MASTEK,21-SEP-2021,2959.95,2990.65,2820.0,2963.5,156668,71649,16964
MATRIMONY,21-SEP-2021,1009.0,1013.45,985.1,999.9,31341,18161,4631
MAXHEALTH,21-SEP-2021,373.25,375.0,354.05,365.45,1377842,983851,24728
MAXIND,21-SEP-2021,72.0,72.0,70.55,71.3,119245,91425,615
MAXVIL,21-SEP-2021,93.0,93.75,89.6,92.95,232102,137962,2915
MAYURUNIQ,21-SEP-2021,475.1,485.5,475.0,476.7,39655,24523,2032
MAZDA,21-SEP-2021,640.0,667.05,621.0,656.0,26617,12666,2330
MAZDOCK,21-SEP-2021,258.0,258.5,248.7,251.2,426678,169083,8873
MBAPL,21-SEP-2021,186.4,186.4,180.0,181.1,7067,4878,312
MBLINFRA,21-SEP-2021,18.5,18.9,17.8,18.55,101266,66781,368
MCDHOLDING,21-SEP-2021,72.9,73.5,66.55,66.8,468427,267636,5536
MCDOWELL-N,21-SEP-2021,739.95,750.65,728.5,746.85,1035741,228953,27533
MCL,21-SEP-2021,40.95,41.0,39.7,40.1,45421,33083,430
MCX,21-SEP-2021,1585.0,1643.0,1578.05,1637.45,791205,341437,36395
MENONBE,21-SEP-2021,71.45,72.95,70.3,71.4,61393,37313,851
MEP,21-SEP-2021,20.45,21.4,20.0,21.0,225315,135467,758
METROPOLIS,21-SEP-2021,3026.0,3087.9,3000.65,3070.55,70706,16114,8169
MFL,21-SEP-2021,699.0,724.9,666.9,711.85,155299,64400,6532
MFSL,21-SEP-2021,1050.0,1056.9,1028.75,1046.35,536055,225993,19041
MGEL,21-SEP-2021,50.2,51.9,50.2,51.65,13255,7467,89
MGL,21-SEP-2021,1105.0,1113.0,1083.1,1102.3,408836,172402,22651
MHRIL,21-SEP-2021,238.95,243.5,232.3,236.8,382374,123893,8783
MIDHANI,21-SEP-2021,184.1,185.9,181.0,184.85,209396,78851,4173
MINDACORP,21-SEP-2021,128.7,133.5,125.25,132.25,737811,191970,10195
MINDAIND,21-SEP-2021,710.0,744.0,704.0,741.5,556797,313716,25771
MINDTECK,21-SEP-2021,88.55,90.0,83.25,83.95,44987,21211,855
MINDTREE,21-SEP-2021,4137.0,4390.0,4134.35,4353.8,1615920,277258,103979
MIRZAINT,21-SEP-2021,58.55,59.15,57.0,58.3,433553,171397,3938
MITTAL,21-SEP-2021,10.45,10.45,10.15,10.25,14182,13633,109
MMFL,21-SEP-2021,816.0,843.95,815.05,830.0,18917,13123,2376
MMP,21-SEP-2021,153.15,157.6,148.1,154.05,36776,20281,738
MMTC,21-SEP-2021,43.45,43.8,42.5,43.2,1052383,246268,4430
MODISNME,21-SEP-2021,72.0,72.8,66.8,69.6,62491,41412,1119
MOGSEC,21-SEP-2021,49.03,49.03,48.94,49.0,3073,2921,31
MOIL,21-SEP-2021,158.7,159.8,156.15,156.9,331876,164054,8913
MOKSH,21-SEP-2021,38.55,38.55,37.5,37.95,317599,189230,495
MOL,21-SEP-2021,117.0,117.5,113.05,115.6,850094,446190,10043
MOLDTKPAC,21-SEP-2021,540.0,559.85,510.0,547.1,204412,103591,13663
MOM100,21-SEP-2021,31.29,31.29,30.26,30.72,737862,658794,1438
MOM50,21-SEP-2021,172.51,174.0,172.0,173.99,581,381,49
MON100,21-SEP-2021,95.9,124.6,95.9,109.23,1233823,922904,10112
MONTECARLO,21-SEP-2021,330.0,340.0,329.85,339.35,27016,12406,2061
MORARJEE,21-SEP-2021,16.1,16.1,15.25,15.85,3301,2371,40
MOREPENLAB,21-SEP-2021,58.25,59.15,56.35,58.55,1934950,599821,10074
MOTHERSUMI,21-SEP-2021,216.4,220.65,211.05,220.1,6203747,2080087,67065
MOTILALOFS,21-SEP-2021,814.9,824.9,796.0,821.8,395255,113756,13921
MOTOGENFIN,21-SEP-2021,25.5,26.2,24.75,25.7,6841,6437,43
MPHASIS,21-SEP-2021,3102.0,3217.8,3073.1,3196.95,849978,358032,61217
MPSLTD,21-SEP-2021,688.0,697.85,675.0,687.05,10534,4731,1654
MRF,21-SEP-2021,78870.0,79031.3,78050.0,78373.75,10584,3058,7642
MRO-TEK,21-SEP-2021,67.85,67.85,65.1,67.85,39367,26376,433
MRPL,21-SEP-2021,43.4,43.5,42.2,42.9,764693,278132,4254
MSPL,21-SEP-2021,10.05,10.05,9.25,9.55,281465,162413,347
MSTCLTD,21-SEP-2021,317.4,320.5,303.0,310.05,898207,380675,18098
MTARTECH,21-SEP-2021,1365.0,1405.45,1312.0,1401.75,136341,50962,12648
MTEDUCARE,21-SEP-2021,8.1,8.7,8.1,8.45,111563,56976,278
MTNL,21-SEP-2021,18.15,19.9,17.85,18.55,2793382,660794,4831
MUKTAARTS,21-SEP-2021,38.3,39.25,36.2,39.25,29579,18652,231
MUNJALAU,21-SEP-2021,57.2,57.4,55.6,56.55,76145,36242,1274
MUNJALSHOW,21-SEP-2021,135.3,135.3,130.3,134.45,35174,18035,1162
MURUDCERA,21-SEP-2021,24.55,25.25,24.2,24.35,67615,36391,323
MUTHOOTCAP,21-SEP-2021,393.8,398.25,385.05,394.35,49062,20673,4220
MUTHOOTFIN,21-SEP-2021,1478.0,1483.0,1432.0,1479.1,1093338,530853,58345
NACLIND,21-SEP-2021,76.7,76.7,70.9,74.15,218863,159343,1242
NAHARCAP,21-SEP-2021,260.7,260.7,250.35,255.35,10018,6227,388
NAHARPOLY,21-SEP-2021,225.0,231.95,220.45,228.75,61783,34041,1732
NAM-INDIA,21-SEP-2021,430.6,434.25,420.05,429.55,1045547,309661,16793
NATCOPHARM,21-SEP-2021,920.15,925.85,896.1,899.8,303558,243040,8185
NATHBIOGEN,21-SEP-2021,325.2,330.0,322.4,325.9,20398,9905,1696
NATIONALUM,21-SEP-2021,86.1,89.0,85.5,88.6,33668308,7555620,92639
NATNLSTEEL,21-SEP-2021,4.05,4.05,3.85,3.85,14986,11962,93
NAUKRI,21-SEP-2021,6601.0,6770.0,6595.6,6727.0,452843,93752,50093
NAVINFLUOR,21-SEP-2021,3730.0,3890.0,3652.45,3858.95,344752,68896,39121
NAVKARCORP,21-SEP-2021,41.6,41.7,33.0,40.4,816430,361803,5284
NAVNETEDUL,21-SEP-2021,100.05,101.65,99.0,100.1,317571,207443,4931
NAZARA,21-SEP-2021,2100.8,2138.2,2019.5,2119.6,310449,90650,23648
NBCC,21-SEP-2021,43.2,44.25,42.2,43.1,6197206,1841055,18086
NBIFIN,21-SEP-2021,2787.0,2787.0,2651.0,2702.1,158,80,43
NBVENTURES,21-SEP-2021,113.5,116.2,111.0,114.5,497798,207156,8122
NCC,21-SEP-2021,78.1,81.0,77.15,79.95,4911072,1290657,22658
NCLIND,21-SEP-2021,231.0,234.85,220.2,225.4,217767,132848,6700
NCPSESDL24,21-SEP-2021,106.96,106.96,106.88,106.91,6068,5068,24
NDL,21-SEP-2021,72.95,72.95,69.0,70.45,34035,23951,859
NDTV,21-SEP-2021,87.8,87.8,82.45,87.8,452000,247956,1898
NECCLTD,21-SEP-2021,18.8,19.4,18.55,18.75,860041,606877,1084
NECLIFE,21-SEP-2021,29.1,29.45,28.25,28.6,381451,248507,2138
NELCAST,21-SEP-2021,84.4,84.85,81.75,83.95,142535,66892,2770
NELCO,21-SEP-2021,557.8,562.4,528.0,562.4,686312,294382,14800
NEOGEN,21-SEP-2021,1260.0,1379.9,1200.0,1324.5,685141,80995,71079
NESCO,21-SEP-2021,582.05,592.0,574.0,585.95,47464,17256,3787
NESTLEIND,21-SEP-2021,20200.0,20330.0,20002.15,20189.55,108411,70346,18866
NETF,21-SEP-2021,217.68,217.68,217.68,217.68,148,148,21
NETFCONSUM,21-SEP-2021,79.85,79.85,78.2,79.16,9886,4797,244
NETFDIVOPP,21-SEP-2021,46.97,46.97,44.55,45.2,1913,1309,113
NETFGILT5Y,21-SEP-2021,49.02,49.02,48.93,49.02,418,285,12
NETFIT,21-SEP-2021,36.38,36.77,36.01,36.66,851205,368428,3739
NETFLTGILT,21-SEP-2021,22.86,22.94,22.77,22.92,21449,20645,73
NETFMID150,21-SEP-2021,114.88,114.88,110.11,111.8,144152,42753,1726
NETFNIF100,21-SEP-2021,179.2,183.96,179.2,181.46,4373,4182,75
NETFNV20,21-SEP-2021,101.7,101.7,98.0,100.09,5589,4117,158
NETFPHARMA,21-SEP-2021,14.4,14.4,14.0,14.15,250597,103815,788
NETFSDL26,21-SEP-2021,106.3,106.35,106.0,106.23,37704,37611,37
NETWORK18,21-SEP-2021,50.45,52.4,49.8,51.0,1076367,426059,4414
NEULANDLAB,21-SEP-2021,1576.0,1600.1,1556.8,1573.05,29339,24463,2781
NEXTMEDIA,21-SEP-2021,6.45,6.45,6.45,6.45,21055,21055,39
NFL,21-SEP-2021,55.55,56.5,54.9,55.85,717302,241023,5585
NGIL,21-SEP-2021,109.05,113.2,108.0,110.3,519216,361016,1466
NH,21-SEP-2021,522.15,537.3,517.75,531.2,85488,34726,7667
NHPC,21-SEP-2021,28.1,28.1,27.25,27.45,3057872,1470471,7680
NIACL,21-SEP-2021,169.35,170.6,161.85,163.6,497824,183173,10792
NIBL,21-SEP-2021,18.4,19.5,18.35,19.05,8326,3399,125
NIFTYBEES,21-SEP-2021,199.65,199.65,187.12,189.66,4120688,3434431,20886
NIFTYEES,21-SEP-2021,22605.0,22605.0,22605.0,22605.0,1,1,1
NIITLTD,21-SEP-2021,316.5,327.85,311.8,324.8,587329,219341,13376
NILAINFRA,21-SEP-2021,5.25,5.3,5.2,5.3,167609,126475,348
NILKAMAL,21-SEP-2021,2835.8,2845.8,2802.0,2812.3,10452,8010,1360
NIPPOBATRY,21-SEP-2021,1012.7,1019.0,990.0,1009.25,4885,2797,697
NIRAJ,21-SEP-2021,43.0,43.3,41.2,42.85,5631,4200,115
NITCO,21-SEP-2021,23.45,23.45,22.5,22.6,24370,16455,172
NITIRAJ,21-SEP-2021,44.75,45.0,44.5,45.0,117,108,9
NLCINDIA,21-SEP-2021,54.25,54.6,53.55,54.15,1463404,618702,6942
NMDC,21-SEP-2021,136.0,138.75,133.55,138.1,15301311,5309473,70335
NOCIL,21-SEP-2021,296.45,297.65,285.0,293.45,1405399,378128,21030
NOIDATOLL,21-SEP-2021,5.75,5.8,5.6,5.75,35574,26975,128
NORBTEAEXP,21-SEP-2021,6.8,6.8,6.8,6.8,204,204,4
NOVARTIND,21-SEP-2021,825.7,825.7,802.85,813.7,8415,4050,1269
NPBET,21-SEP-2021,187.5,189.86,185.51,185.56,164,116,19
NRAIL,21-SEP-2021,313.9,313.9,305.4,309.65,25338,12886,1507
NRBBEARING,21-SEP-2021,138.0,139.6,135.6,137.9,183188,107256,2739
NSIL,21-SEP-2021,1720.0,1748.95,1667.3,1701.8,809,469,170
NTPC,21-SEP-2021,122.3,125.4,122.1,124.1,8629222,3401018,62492
NUCLEUS,21-SEP-2021,528.0,535.1,514.15,528.9,92200,44683,7449
NURECA,21-SEP-2021,1631.1,1645.0,1600.0,1633.95,7818,4674,1285
NUVOCO,21-SEP-2021,540.0,544.85,532.0,536.3,419127,321293,14582
NXTDIGITAL,21-SEP-2021,420.6,422.15,408.0,418.05,2972,1979,159
OAL,21-SEP-2021,991.65,995.6,917.0,958.25,43390,20818,6308
OBEROIRLTY,21-SEP-2021,718.2,736.0,705.55,724.75,1065170,535855,20314
OCCL,21-SEP-2021,1080.0,1100.0,1065.9,1086.0,9311,4438,1609
OFSS,21-SEP-2021,4694.65,4713.0,4606.6,4668.9,99480,47300,14737
OIL,21-SEP-2021,198.9,210.85,198.3,208.9,3430744,860566,49210
OMAXE,21-SEP-2021,72.45,73.5,72.0,72.75,97454,74954,1402
OMINFRAL,21-SEP-2021,27.0,28.2,26.95,27.95,73021,50954,477
OMKARCHEM,21-SEP-2021,16.4,16.75,15.65,16.05,80449,51162,461
ONGC,21-SEP-2021,129.6,136.0,129.1,135.2,51537119,13943655,222218
ONMOBILE,21-SEP-2021,114.15,115.0,109.0,114.25,637101,351102,8933
ONWARDTEC,21-SEP-2021,221.35,233.75,220.55,224.4,19581,15154,481
ORBTEXP,21-SEP-2021,72.5,74.0,70.8,72.8,16539,10770,378
ORICONENT,21-SEP-2021,32.0,32.85,30.65,32.1,102546,68947,533
ORIENTABRA,21-SEP-2021,32.0,32.0,29.5,29.9,176246,92209,1160
ORIENTALTL,21-SEP-2021,8.75,8.75,8.3,8.45,49438,38453,164
ORIENTBELL,21-SEP-2021,338.1,340.0,328.05,335.1,20200,11556,1272
ORIENTCEM,21-SEP-2021,152.45,158.3,151.5,157.15,628989,343153,9871
ORIENTELEC,21-SEP-2021,344.9,347.85,328.3,343.7,230857,88315,9067
ORIENTHOT,21-SEP-2021,34.95,37.15,34.6,36.65,291857,175963,1823
ORIENTLTD,21-SEP-2021,69.15,71.25,68.35,70.95,46548,45392,109
ORIENTPPR,21-SEP-2021,29.75,30.2,29.3,29.55,762066,309133,2396
ORISSAMINE,21-SEP-2021,3079.85,3119.95,2980.1,3009.0,25873,10855,4485
ORTINLAB,21-SEP-2021,27.25,27.4,25.05,26.2,59405,30601,458
OSWALAGRO,21-SEP-2021,18.35,18.45,17.1,17.3,78684,54443,381
PAGEIND,21-SEP-2021,32705.0,32899.2,32070.0,32479.1,13141,3879,7432
PAISALO,21-SEP-2021,775.55,796.0,763.0,787.1,83346,48452,1349
PALASHSECU,21-SEP-2021,70.0,74.0,70.0,73.75,1087,620,24
PALREDTEC,21-SEP-2021,122.5,125.0,116.3,122.65,72663,25828,2012
PANACEABIO,21-SEP-2021,293.05,296.7,290.0,292.05,95644,70316,2117
PANAMAPET,21-SEP-2021,270.15,272.1,260.0,267.2,119155,55076,4184
PAR,21-SEP-2021,162.9,163.95,149.35,149.7,131619,102148,739
PARAGMILK,21-SEP-2021,127.35,130.2,124.9,126.2,331375,150037,5657
PARSVNATH,21-SEP-2021,15.5,15.75,15.2,15.4,776428,421155,1150
PATELENG,21-SEP-2021,16.8,17.15,16.25,16.7,1129523,520505,2451
PATINTLOG,21-SEP-2021,22.95,23.4,22.25,22.65,22824,12333,280
PATSPINLTD,21-SEP-2021,10.35,10.85,9.85,9.85,30150,22355,144
PCJEWELLER,21-SEP-2021,24.6,25.45,24.15,25.0,842241,454982,2497
PDMJEPAPER,21-SEP-2021,37.75,38.9,36.85,38.3,165113,86165,1784
PDSMFL,21-SEP-2021,1299.0,1299.9,1231.5,1251.3,3270,2218,443
PEARLPOLY,21-SEP-2021,15.8,16.0,15.5,15.85,6515,6375,45
PEL,21-SEP-2021,2506.5,2624.95,2461.05,2612.5,1228687,409339,62173
PENIND,21-SEP-2021,29.0,29.15,27.8,28.2,557379,333316,2862
PERSISTENT,21-SEP-2021,3532.0,3620.0,3520.0,3580.35,207233,108351,21551
PETRONET,21-SEP-2021,227.0,232.65,226.8,231.75,1414526,619083,23400
PFC,21-SEP-2021,133.45,134.5,130.85,133.4,3808229,857105,24976
PFIZER,21-SEP-2021,5770.0,5855.55,5684.9,5785.25,40321,13553,5944
PFOCUS,21-SEP-2021,82.0,82.4,78.45,79.85,138579,93897,799
PFS,21-SEP-2021,17.7,17.9,17.3,17.55,590799,345768,1959
PGEL,21-SEP-2021,400.0,433.4,393.35,420.75,69795,36552,2505
PGHH,21-SEP-2021,13862.75,14150.0,13751.0,14066.8,4136,1669,1960
PGHL,21-SEP-2021,5366.65,5411.0,5309.0,5324.7,9614,7145,2837
PGIL,21-SEP-2021,302.25,319.4,297.15,305.45,17791,9081,1039
PHILIPCARB,21-SEP-2021,245.0,247.0,238.85,244.55,681023,228360,10531
PHOENIXLTD,21-SEP-2021,844.7,865.55,844.7,854.65,142360,88673,7687
PIDILITIND,21-SEP-2021,2370.0,2440.0,2351.05,2430.75,596902,154293,40952
PIIND,21-SEP-2021,3276.0,3350.0,3179.25,3299.85,314109,140429,38721
PILANIINVS,21-SEP-2021,1879.85,1897.9,1820.05,1876.8,16594,2570,1230
PILITA,21-SEP-2021,7.35,7.6,7.2,7.35,672193,354433,1212
PIONDIST,21-SEP-2021,145.05,149.75,143.55,146.25,11789,9288,178
PIONEEREMB,21-SEP-2021,63.0,63.0,60.4,62.2,61400,26505,1236
PITTIENG,21-SEP-2021,145.8,150.95,138.5,145.0,188703,60506,2874
PLASTIBLEN,21-SEP-2021,267.3,277.6,265.25,272.7,53550,19739,2767
PNB,21-SEP-2021,38.2,38.45,37.35,38.1,45279748,11539864,52616
PNBGILTS,21-SEP-2021,65.7,66.6,64.3,65.8,145512,65402,1909
PNBHOUSING,21-SEP-2021,639.0,654.8,630.0,643.8,35826,21039,1955
PNC,21-SEP-2021,37.1,37.95,36.7,37.55,6567,4572,135
PNCINFRA,21-SEP-2021,353.4,357.9,347.0,355.2,289048,160980,11320
PODDARHOUS,21-SEP-2021,178.9,179.0,171.0,174.85,4492,3161,113
PODDARMENT,21-SEP-2021,356.85,359.1,343.0,349.7,15326,7006,1133
POKARNA,21-SEP-2021,475.0,484.9,456.0,469.45,74445,48959,5318
POLYCAB,21-SEP-2021,2503.6,2533.5,2352.0,2413.5,1181038,261547,74507
POLYMED,21-SEP-2021,947.95,947.95,925.05,932.15,78281,45380,6651
POLYPLEX,21-SEP-2021,1693.65,1735.05,1660.0,1722.55,200573,64705,18918
POWERGRID,21-SEP-2021,176.05,178.4,175.45,175.9,7110756,4118170,64819
POWERINDIA,21-SEP-2021,2307.5,2363.3,2265.45,2350.75,33542,10278,5787
POWERMECH,21-SEP-2021,856.0,869.95,846.0,858.15,49222,25164,3797
PPAP,21-SEP-2021,240.2,240.2,232.45,236.55,48651,38467,1199
PPL,21-SEP-2021,163.8,168.0,158.2,165.7,116809,65426,3609
PRAKASH,21-SEP-2021,67.1,67.7,64.95,66.9,672123,403808,5186
PRAKASHSTL,21-SEP-2021,2.1,2.15,2.05,2.1,1061530,553920,667
PRAXIS,21-SEP-2021,30.25,31.75,29.8,30.65,39322,26557,340
PRECAM,21-SEP-2021,99.5,99.95,90.2,93.05,835252,377345,17482
PRECOT,21-SEP-2021,220.55,226.9,215.3,216.65,19083,5072,1030
PRECWIRE,21-SEP-2021,237.9,238.6,231.35,235.25,57660,24769,2306
PREMIERPOL,21-SEP-2021,67.8,69.1,66.55,68.35,5783,3861,139
PRESSMN,21-SEP-2021,28.7,28.7,26.85,27.6,45562,30450,293
PRESTIGE,21-SEP-2021,396.4,427.8,394.0,418.85,5774056,1367339,121097
PRICOLLTD,21-SEP-2021,87.0,90.9,84.9,89.7,995234,311123,9991
PRIMESECU,21-SEP-2021,80.4,83.85,80.0,82.5,6851,5915,142
PRINCEPIPE,21-SEP-2021,685.05,692.9,665.0,672.5,282807,128447,18495
PRITIKAUTO,21-SEP-2021,16.95,17.4,16.3,17.2,151439,79989,876
PRIVISCL,21-SEP-2021,1808.0,1900.0,1735.1,1878.1,55480,26475,7683
PROZONINTU,21-SEP-2021,27.1,27.85,26.5,26.8,212911,146469,1648
PRSMJOHNSN,21-SEP-2021,121.1,123.5,120.0,122.4,236038,154185,4055
PSB,21-SEP-2021,17.3,17.6,16.65,17.1,443963,224930,1519
PSPPROJECT,21-SEP-2021,425.0,428.2,416.1,422.65,32612,16185,2279
PSUBNKBEES,21-SEP-2021,26.0,26.0,25.36,25.85,463662,319175,1764
PTC,21-SEP-2021,96.35,97.25,94.45,95.75,730502,385110,6745
PTL,21-SEP-2021,47.0,47.15,46.2,46.5,20130,14929,302
PUNJABCHEM,21-SEP-2021,1695.0,1716.85,1631.1,1657.6,25660,13739,4748
PURVA,21-SEP-2021,102.5,108.9,98.0,106.2,1383287,287157,19439
PVR,21-SEP-2021,1423.0,1518.0,1405.0,1508.5,3633517,622629,144386
QGOLDHALF,21-SEP-2021,1996.0,2000.0,1991.0,2000.0,484,403,63
QNIFTY,21-SEP-2021,1819.0,1831.0,1807.0,1831.0,129,100,18
QUESS,21-SEP-2021,945.0,979.0,942.25,960.9,371280,82418,26602
QUICKHEAL,21-SEP-2021,226.9,228.0,222.4,224.55,141169,67894,3326
RADICO,21-SEP-2021,923.1,929.0,882.25,887.3,1384369,925589,27969
RADIOCITY,21-SEP-2021,23.65,24.75,23.1,24.5,1217651,823691,1781
RAILTEL,21-SEP-2021,133.75,134.7,130.0,131.05,939739,426357,14536
RAIN,21-SEP-2021,223.0,225.95,217.05,223.0,2739103,924949,28715
RAJESHEXPO,21-SEP-2021,582.0,590.0,575.0,580.2,137846,73631,8563
RAJSREESUG,21-SEP-2021,26.3,26.3,24.6,25.5,10327,8002,180
RALLIS,21-SEP-2021,285.0,289.0,281.35,287.15,358363,165502,7029
RAMANEWS,21-SEP-2021,18.35,18.65,18.35,18.45,26516,18054,135
RAMCOCEM,21-SEP-2021,985.8,986.95,962.9,979.55,323160,159579,13058
RAMCOIND,21-SEP-2021,292.0,296.9,286.0,292.9,95701,38879,3130
RAMCOSYS,21-SEP-2021,492.4,492.4,475.1,482.6,83394,34014,4851
RANEENGINE,21-SEP-2021,297.55,307.95,294.0,304.85,7540,3128,664
RANEHOLDIN,21-SEP-2021,603.0,616.95,583.05,609.65,44065,21253,3302
RATNAMANI,21-SEP-2021,2177.0,2177.0,2130.1,2163.55,10308,4956,2040
RAYMOND,21-SEP-2021,411.15,416.75,405.2,413.35,254576,106918,10401
RBL,21-SEP-2021,922.4,922.4,884.0,903.05,5048,2116,938
RBLBANK,21-SEP-2021,175.0,176.55,170.15,175.85,6245447,1246459,37140
RCF,21-SEP-2021,73.0,74.35,72.5,73.65,1171538,349014,8039
RCOM,21-SEP-2021,3.1,3.15,3.0,3.05,32185058,12836935,25572
RECLTD,21-SEP-2021,151.4,153.25,149.6,151.9,1388218,287031,11280
REDINGTON,21-SEP-2021,138.8,141.45,137.5,140.6,827770,506687,17512
REFEX,21-SEP-2021,145.2,151.3,145.2,149.85,171493,50566,9233
RELAXO,21-SEP-2021,1170.0,1175.5,1150.55,1154.15,288389,145298,30122
RELCAPITAL,21-SEP-2021,20.7,20.85,19.6,19.9,4590078,1969812,8462
RELIANCE,21-SEP-2021,2405.0,2416.6,2384.0,2404.7,4576111,2365643,149803
RELIGARE,21-SEP-2021,168.0,173.45,160.9,170.4,1868243,840054,14216
RELINFRA,21-SEP-2021,98.7,98.7,93.1,93.1,7766227,3194151,18210
REPCOHOME,21-SEP-2021,298.0,302.8,290.8,294.3,164490,79450,4898
REPL,21-SEP-2021,204.9,214.7,200.0,206.1,22889,13499,1126
REPRO,21-SEP-2021,499.0,540.0,488.05,531.35,35136,12176,3751
RESPONIND,21-SEP-2021,123.4,128.0,121.0,126.9,58243,6023,1586
REVATHI,21-SEP-2021,568.2,623.95,568.2,576.05,2000,1095,148
RGL,21-SEP-2021,720.0,736.95,715.0,727.7,40815,6083,1324
RHIM,21-SEP-2021,364.0,368.95,348.0,355.9,117411,63332,6968
RICOAUTO,21-SEP-2021,46.95,47.5,45.9,47.25,346118,158288,2655
RIIL,21-SEP-2021,659.15,678.1,648.0,663.15,115460,30307,5237
RITES,21-SEP-2021,277.0,277.0,270.25,275.3,168058,105773,13268
RKEC,21-SEP-2021,78.4,78.4,74.15,75.05,26397,19393,401
RKFORGE,21-SEP-2021,991.0,1025.0,970.0,1017.7,87995,35119,3917
RML,21-SEP-2021,378.2,398.4,375.0,395.55,44367,22234,2311
ROHITFERRO,21-SEP-2021,5.1,5.1,5.1,5.1,127,127,5
ROHLTD,21-SEP-2021,91.7,92.9,85.55,90.25,496655,133619,12769
ROLEXRINGS,21-SEP-2021,1055.25,1063.75,1026.9,1045.9,65968,34904,9632
ROLLT,21-SEP-2021,2.3,2.3,2.25,2.25,442872,300581,535
ROML,21-SEP-2021,113.15,116.5,101.1,107.7,171998,47119,8833
ROSSARI,21-SEP-2021,1407.0,1454.45,1407.0,1421.55,133225,45872,13717
ROSSELLIND,21-SEP-2021,158.0,159.8,154.15,158.85,135870,58225,3184
ROUTE,21-SEP-2021,1968.9,1988.8,1916.0,1949.65,197565,61641,18278
RPGLIFE,21-SEP-2021,706.0,752.45,706.0,712.55,1271624,153667,74883
RPPINFRA,21-SEP-2021,75.35,76.5,71.6,73.55,156566,85984,2871
RPSGVENT,21-SEP-2021,1099.45,1122.65,993.1,1040.75,229640,81284,19642
RSSOFTWARE,21-SEP-2021,32.5,33.2,31.5,31.95,67903,36164,592
RSWM,21-SEP-2021,300.05,301.85,285.2,287.0,54004,34143,1498
RSYSTEMS,21-SEP-2021,206.0,210.0,197.3,204.25,105664,51040,6094
RUBYMILLS,21-SEP-2021,276.05,283.8,271.75,280.45,30457,7528,4055
RUCHI,21-SEP-2021,1047.7,1054.95,1036.6,1040.1,16083,9230,1708
RUCHIRA,21-SEP-2021,78.0,82.75,76.05,79.65,99343,46554,1835
RUPA,21-SEP-2021,477.8,479.0,460.7,471.9,142464,65796,5703
RUSHIL,21-SEP-2021,257.5,262.95,250.0,256.6,38028,31660,486
RVHL,21-SEP-2021,24.35,25.0,23.6,24.2,32803,21107,284
RVNL,21-SEP-2021,30.7,30.8,30.0,30.2,3455508,1376590,10850
SADBHAV,21-SEP-2021,49.85,50.25,43.4,48.5,901847,394436,5417
SADBHIN,21-SEP-2021,16.4,16.7,16.15,16.3,943142,574927,1972
SAFARI,21-SEP-2021,834.0,848.15,810.0,829.35,19726,10715,4137
SAGCEM,21-SEP-2021,289.0,289.9,270.55,282.55,120306,70566,4242
SAIL,21-SEP-2021,106.0,111.7,105.3,111.2,65576034,16361367,196607
SAKAR,21-SEP-2021,160.3,169.0,156.6,164.75,73745,20867,1642
SAKSOFT,21-SEP-2021,957.0,979.9,931.0,968.6,82658,24089,6274
SALASAR,21-SEP-2021,275.0,276.0,267.25,273.75,30428,18562,1537
SALONA,21-SEP-2021,195.35,199.0,190.95,198.85,2480,1839,74
SALZERELEC,21-SEP-2021,155.0,156.25,150.0,153.6,36437,21068,1206
SANCO,21-SEP-2021,9.35,9.35,8.7,9.0,28478,21166,156
SANDESH,21-SEP-2021,777.65,799.95,770.1,772.7,1419,946,120
SANDHAR,21-SEP-2021,282.4,284.55,267.0,280.05,84300,37507,5897
SANGAMIND,21-SEP-2021,154.95,154.95,147.8,150.35,33769,28775,351
SANGHIIND,21-SEP-2021,64.1,68.8,64.1,67.3,1637020,356003,15517
SANGHVIMOV,21-SEP-2021,170.5,176.45,170.5,174.6,103591,83069,1838
SANGINITA,21-SEP-2021,26.5,27.35,26.15,26.95,84308,27836,503
SANOFI,21-SEP-2021,7831.0,7919.0,7707.0,7804.0,39128,29897,5572
SARDAEN,21-SEP-2021,651.25,668.65,638.5,638.65,190472,142248,2466
SARLAPOLY,21-SEP-2021,47.2,48.35,45.75,47.0,375133,140095,2792
SASKEN,21-SEP-2021,1375.1,1397.0,1346.5,1371.75,26394,12005,2666
SATIA,21-SEP-2021,92.5,97.5,92.4,96.0,147300,64912,2376
SATIN,21-SEP-2021,75.75,76.75,74.5,75.15,90969,54300,1211
SBCL,21-SEP-2021,260.0,269.9,244.7,269.2,187576,111320,7523
SBICARD,21-SEP-2021,1030.9,1079.9,1012.0,1069.9,39774519,32714241,160386
SBIETFCON,21-SEP-2021,73.0,73.0,71.51,72.62,4744,3193,157
SBIETFIT,21-SEP-2021,359.98,367.99,359.15,366.26,1757,1167,130
SBIETFPB,21-SEP-2021,196.0,196.5,191.8,195.15,1984,1318,47
SBIETFQLTY,21-SEP-2021,159.0,159.0,155.0,157.58,22911,19410,139
SBILIFE,21-SEP-2021,1189.0,1195.95,1170.9,1184.6,2117913,1366583,88147
SBIN,21-SEP-2021,440.15,441.35,432.65,438.8,17279588,5134035,187042
SCHAEFFLER,21-SEP-2021,7360.0,7380.55,7134.4,7277.35,12078,7512,3491
SCHAND,21-SEP-2021,112.0,113.95,110.05,111.95,35431,19667,684
SCHNEIDER,21-SEP-2021,115.5,117.55,114.0,114.95,427707,214036,4781
SCI,21-SEP-2021,115.0,116.2,112.15,115.85,1986209,844693,12238
SDBL,21-SEP-2021,40.0,40.45,38.75,39.6,64266,51177,506
SEAMECLTD,21-SEP-2021,1139.95,1200.0,1102.0,1192.85,152754,101593,5500
SECURKLOUD,21-SEP-2021,163.9,164.2,157.05,163.2,82054,46650,1632
SELAN,21-SEP-2021,139.9,144.45,137.35,143.3,100976,28322,2462
SEPOWER,21-SEP-2021,8.35,8.35,7.8,7.85,26543,18424,131
SEQUENT,21-SEP-2021,214.0,218.55,206.5,208.55,997772,430666,16548
SERVOTECH,21-SEP-2021,26.45,26.45,24.65,24.65,26757,16941,155
SESHAPAPER,21-SEP-2021,170.5,175.0,170.5,174.65,17976,6626,529
SETCO,21-SEP-2021,20.4,21.2,19.9,20.25,262859,159337,885
SETF10GILT,21-SEP-2021,206.3,208.22,204.53,204.53,661,581,18
SETFGOLD,21-SEP-2021,4128.55,4132.0,4120.0,4129.35,5881,3730,1116
SETFNIF50,21-SEP-2021,178.9,179.35,177.0,179.13,136932,86731,1590
SETFNIFBK,21-SEP-2021,372.0,373.08,365.78,372.27,193068,165288,1011
SETFNN50,21-SEP-2021,440.99,444.99,433.95,443.98,11201,7334,468
SEYAIND,21-SEP-2021,52.65,53.0,51.55,52.25,15097,11178,193
SFL,21-SEP-2021,2310.0,2384.0,2260.1,2358.9,25916,12830,10957
SGIL,21-SEP-2021,145.0,152.8,143.0,150.0,17074,11663,692
SGL,21-SEP-2021,13.45,13.45,12.9,13.0,22034,16655,133
SHAKTIPUMP,21-SEP-2021,705.05,709.1,683.0,704.7,71464,35345,5002
SHALBY,21-SEP-2021,180.25,185.4,178.5,179.45,160637,63016,4365
SHALPAINTS,21-SEP-2021,94.5,94.75,89.45,90.35,417580,229650,5656
SHANKARA,21-SEP-2021,538.0,547.0,525.25,537.65,91511,18484,8963
SHANTI,21-SEP-2021,21.3,21.6,19.7,19.9,3749,2349,33
SHANTIGEAR,21-SEP-2021,169.0,169.0,162.25,165.3,116800,28166,11733
SHARDACROP,21-SEP-2021,331.2,332.7,318.65,327.55,440975,381783,4848
SHAREINDIA,21-SEP-2021,566.5,600.0,566.5,589.5,282787,146902,12800
SHARIABEES,21-SEP-2021,462.2,462.2,452.73,458.59,926,892,37
SHEMAROO,21-SEP-2021,151.05,161.25,151.05,161.25,252147,180721,2710
SHILPAMED,21-SEP-2021,557.4,561.75,547.0,553.9,139981,49456,4437
SHIVAMAUTO,21-SEP-2021,22.3,22.7,21.8,22.2,40044,32660,224
SHIVAMILLS,21-SEP-2021,85.75,85.75,79.4,80.0,10812,8106,258
SHIVATEX,21-SEP-2021,186.0,187.95,180.55,184.25,7582,3984,392
SHK,21-SEP-2021,160.7,162.9,158.5,159.85,201192,91524,4852
SHOPERSTOP,21-SEP-2021,249.0,250.85,241.2,243.5,166598,66798,4119
SHRADHA,21-SEP-2021,58.7,61.2,53.35,53.7,20215,9827,477
SHREDIGCEM,21-SEP-2021,76.0,77.8,75.6,76.85,224128,119800,3440
SHREECEM,21-SEP-2021,30250.0,30354.65,29486.25,30059.9,66855,24438,20699
SHREEPUSHK,21-SEP-2021,210.0,219.9,201.7,216.35,251805,81229,7879
SHREERAMA,21-SEP-2021,11.95,11.95,11.65,11.85,43620,38954,124
SHRENIK,21-SEP-2021,1.6,1.6,1.5,1.5,2232092,1226282,1073
SHREYANIND,21-SEP-2021,114.0,119.95,114.0,116.95,38799,21843,1318
SHREYAS,21-SEP-2021,399.95,404.9,386.05,399.45,124365,80963,2911
SHRIRAMCIT,21-SEP-2021,2335.1,2359.3,2269.25,2296.1,47567,29972,3640
SHRIRAMEPC,21-SEP-2021,5.2,5.3,5.05,5.15,599669,408035,533
SHYAMCENT,21-SEP-2021,10.85,10.95,10.3,10.45,206987,149577,589
SHYAMMETL,21-SEP-2021,375.1,383.9,367.4,375.3,807594,412684,20970
SICAL,21-SEP-2021,13.3,13.5,12.1,12.75,1153948,470545,2391
SIEMENS,21-SEP-2021,2123.15,2176.9,2116.05,2169.55,172748,32833,15465
SIGIND,21-SEP-2021,45.55,47.0,44.5,45.05,40201,29947,383
SILGO,21-SEP-2021,34.5,35.8,33.3,33.6,4822,2799,126
SILLYMONKS,21-SEP-2021,19.15,19.9,18.5,19.85,1400,894,25
SIMPLEXINF,21-SEP-2021,45.0,45.9,42.3,42.3,245846,159068,667
SINTERCOM,21-SEP-2021,84.0,84.9,83.0,84.05,27675,25954,75
SINTEX,21-SEP-2021,3.8,3.8,3.7,3.75,894406,566972,841
SIRCA,21-SEP-2021,337.4,337.4,326.55,331.7,15988,12102,742
SIS,21-SEP-2021,457.0,479.0,454.5,470.1,111589,61440,7408
SITINET,21-SEP-2021,1.55,1.6,1.55,1.55,1429480,1009806,452
SIYSIL,21-SEP-2021,365.0,375.0,362.35,371.95,33813,20194,2754
SJVN,21-SEP-2021,27.0,27.15,26.8,26.95,722408,424317,3668
SKFINDIA,21-SEP-2021,2978.0,2978.0,2855.35,2927.7,82345,47544,11713
SKIL,21-SEP-2021,3.8,3.85,3.65,3.8,74477,54107,91
SKIPPER,21-SEP-2021,81.9,81.9,79.05,80.6,90570,49402,1564
SKMEGGPROD,21-SEP-2021,83.9,84.05,82.15,83.15,60348,28598,1507
SMARTLINK,21-SEP-2021,110.1,114.0,109.2,110.1,34842,13173,710
SMCGLOBAL,21-SEP-2021,77.4,77.4,74.15,76.0,124582,81138,1560
SMLISUZU,21-SEP-2021,539.85,539.85,521.8,527.25,16829,8323,2443
SMSLIFE,21-SEP-2021,730.0,734.85,725.8,728.8,4401,3828,127
SMSPHARMA,21-SEP-2021,156.7,159.0,152.8,153.2,80161,50505,1790
SNOWMAN,21-SEP-2021,43.0,43.15,41.6,42.3,555106,253478,4047
SOBHA,21-SEP-2021,693.1,738.1,685.8,707.8,565902,219664,33214
SOLARA,21-SEP-2021,1660.6,1670.45,1650.0,1656.9,91591,74141,3474
SOLARINDS,21-SEP-2021,1943.5,1968.95,1903.55,1952.75,35869,12763,5887
SOMATEX,21-SEP-2021,8.15,8.55,8.0,8.2,31956,18711,150
SONACOMS,21-SEP-2021,569.8,572.7,547.15,562.8,2457993,1003556,59105
SONATSOFTW,21-SEP-2021,878.0,890.0,861.05,870.3,243386,88595,12835
SORILINFRA,21-SEP-2021,113.0,114.1,103.3,105.95,289049,119294,3937
SOTL,21-SEP-2021,1590.0,1603.6,1542.6,1574.75,15196,7771,2191
SOUTHBANK,21-SEP-2021,10.1,10.2,9.9,10.05,10077981,3136996,26344
SOUTHWEST,21-SEP-2021,90.3,95.8,90.3,94.3,20650,12110,248
SPAL,21-SEP-2021,306.35,318.15,297.7,313.6,94477,50959,3312
SPANDANA,21-SEP-2021,606.0,615.0,585.0,592.0,91187,46471,7124
SPARC,21-SEP-2021,286.85,286.85,275.05,285.65,575198,204348,7930
SPECIALITY,21-SEP-2021,73.7,75.45,72.55,74.2,129845,64358,1618
SPENCERS,21-SEP-2021,105.15,108.0,102.5,106.1,1088898,392662,14507
SPIC,21-SEP-2021,52.0,52.0,50.0,51.5,366926,193317,3577
SPICEJET,21-SEP-2021,78.5,81.0,77.05,79.75,10876955,2079041,45788
SPLIL,21-SEP-2021,47.2,48.3,45.65,46.3,44026,24479,553
SPTL,21-SEP-2021,4.15,4.2,4.05,4.1,1607743,1186224,666
SREEL,21-SEP-2021,175.0,187.05,174.5,185.25,37757,20813,1134
SRF,21-SEP-2021,10610.35,10830.25,10533.0,10664.25,295200,124805,45164
SRHHYPOLTD,21-SEP-2021,325.15,329.5,318.0,321.2,20107,14519,991
SRIPIPES,21-SEP-2021,211.9,212.55,206.3,207.8,50639,27958,1428
SRTRANSFIN,21-SEP-2021,1330.0,1335.9,1285.75,1323.75,917028,162570,35540
STAR,21-SEP-2021,587.95,593.0,571.5,586.7,547951,113624,16185
STARCEMENT,21-SEP-2021,111.0,111.0,106.1,106.85,417702,205981,8447
STARPAPER,21-SEP-2021,146.7,146.7,141.25,143.6,74499,24557,2336
STCINDIA,21-SEP-2021,102.95,102.95,100.05,101.35,29119,14059,559
STEELCITY,21-SEP-2021,57.25,61.65,56.2,60.4,103398,54585,689
STEELXIND,21-SEP-2021,73.7,74.0,71.0,71.9,135237,90257,987
STEL,21-SEP-2021,170.9,178.9,170.8,176.25,133786,78493,2663
STERTOOLS,21-SEP-2021,190.35,193.75,190.1,191.75,58478,29268,2669
STLTECH,21-SEP-2021,270.0,276.55,265.05,271.65,596888,290395,22721
STOVEKRAFT,21-SEP-2021,932.05,978.0,932.05,963.65,357154,160455,15155
STYLAMIND,21-SEP-2021,1082.0,1120.0,1055.0,1112.0,12552,4123,4495
SUBEXLTD,21-SEP-2021,51.8,52.2,50.25,51.8,5111754,1531954,17562
SUBROS,21-SEP-2021,305.45,307.8,299.5,303.95,28495,15794,1197
SUDARSCHEM,21-SEP-2021,646.45,653.5,630.0,645.75,183890,68904,7965
SUMICHEM,21-SEP-2021,400.05,403.95,392.5,399.05,308720,131950,11385
SUMMITSEC,21-SEP-2021,829.0,849.0,798.0,811.45,23318,9255,2373
SUNCLAYLTD,21-SEP-2021,3470.0,3470.0,3382.45,3428.6,13384,11861,1742
SUNDARMFIN,21-SEP-2021,2444.0,2447.95,2402.5,2438.35,15950,6352,3185
SUNDARMHLD,21-SEP-2021,77.7,78.85,77.6,78.3,54881,29323,718
SUNDRMBRAK,21-SEP-2021,398.0,400.0,386.3,389.8,5798,3500,463
SUNDRMFAST,21-SEP-2021,916.3,938.5,905.05,920.5,288566,124599,21408
SUNFLAG,21-SEP-2021,80.0,80.25,76.55,78.75,651863,245881,8309
SUNPHARMA,21-SEP-2021,756.5,766.35,751.05,764.5,2123997,996836,56579
SUNTECK,21-SEP-2021,437.6,453.5,427.25,448.45,3259363,793007,66518
SUNTV,21-SEP-2021,488.45,492.95,478.6,484.25,737125,326269,10795
SUPERHOUSE,21-SEP-2021,172.0,172.0,162.4,169.6,35994,19001,1359
SUPPETRO,21-SEP-2021,700.0,704.45,684.25,691.15,39966,27674,1614
SUPRAJIT,21-SEP-2021,318.3,322.0,310.55,320.45,159158,65751,7090
SUPREMEENG,21-SEP-2021,27.5,28.5,27.05,28.3,119463,50876,312
SUPREMEIND,21-SEP-2021,2221.0,2249.05,2151.3,2228.75,89728,43313,17140
SURANASOL,21-SEP-2021,12.3,12.3,12.0,12.25,40570,32483,227
SURANAT&P,21-SEP-2021,6.8,7.35,6.6,6.75,138072,68448,390
SURYAROSNI,21-SEP-2021,792.75,793.9,706.65,752.05,315098,108296,14685
SURYODAY,21-SEP-2021,182.75,186.9,180.0,182.4,159543,53001,4352
SUTLEJTEX,21-SEP-2021,61.1,62.0,57.6,61.35,329461,152855,4192
SUULD,21-SEP-2021,609.0,616.95,561.55,579.0,105849,76721,4061
SUVEN,21-SEP-2021,84.05,93.15,84.05,91.7,1820273,839319,19563
SUVENPHAR,21-SEP-2021,521.0,528.6,512.65,522.3,164139,95901,14163
SUVIDHAA,21-SEP-2021,18.65,19.0,17.35,17.45,253166,139658,756
SUZLON,21-SEP-2021,6.5,6.6,6.25,6.4,22679099,10716113,38314
SVPGLOB,21-SEP-2021,129.9,132.0,126.35,128.65,122843,81502,2343
SWANENERGY,21-SEP-2021,128.9,129.95,126.8,129.6,24684,10928,754
SWARAJENG,21-SEP-2021,1618.0,1622.2,1585.0,1598.85,10608,6362,1795
SWELECTES,21-SEP-2021,219.9,222.0,213.55,216.65,19036,11075,615
SWSOLAR,21-SEP-2021,359.55,365.1,352.55,362.7,1155019,316657,19211
SYMPHONY,21-SEP-2021,1002.1,1023.7,992.3,1011.3,67267,35834,6348
SYNGENE,21-SEP-2021,645.0,669.0,634.85,656.7,1057842,269157,32518
TAJGVK,21-SEP-2021,138.2,143.65,137.2,139.45,600326,216517,15222
TAKE,21-SEP-2021,51.05,51.35,48.5,49.9,1165274,481938,8650
TALBROAUTO,21-SEP-2021,275.0,279.3,267.4,277.45,22612,9644,1106
TARAPUR,21-SEP-2021,4.3,4.3,4.1,4.2,3223,2919,32
TARMAT,21-SEP-2021,61.6,62.7,60.5,61.3,43960,23865,679
TASTYBITE,21-SEP-2021,18581.45,18825.35,18010.0,18383.9,2124,1048,1053
TATACHEM,21-SEP-2021,799.8,809.85,780.05,801.95,2838627,547271,66329
TATACOFFEE,21-SEP-2021,202.0,204.75,197.3,202.65,1483020,382585,17335
TATACOMM,21-SEP-2021,1405.0,1429.0,1380.45,1423.15,169057,60349,10669
TATACONSUM,21-SEP-2021,855.0,864.45,851.0,858.9,1478291,747102,33920
TATAELXSI,21-SEP-2021,5889.95,5949.0,5461.65,5619.95,614214,230444,97784
TATAINVEST,21-SEP-2021,1255.2,1274.0,1250.25,1268.95,30025,12340,3477
TATAMETALI,21-SEP-2021,979.35,1007.55,963.0,965.65,267840,125841,19760
TATAMOTORS,21-SEP-2021,298.6,302.7,293.1,301.95,19439330,3576840,170991
TATAMTRDVR,21-SEP-2021,146.75,150.9,143.6,149.65,3624980,1098728,28500
TATAPOWER,21-SEP-2021,134.75,136.3,131.2,135.85,22526116,5743909,116253
TATASTEEL,21-SEP-2021,1258.0,1296.9,1232.9,1292.2,25593540,6186655,467449
TATASTLLP,21-SEP-2021,868.0,868.0,830.25,846.95,62945,38054,4484
TATVA,21-SEP-2021,2083.0,2146.5,2062.55,2135.6,54112,19569,6985
TBZ,21-SEP-2021,74.9,76.35,73.6,74.8,241210,81820,4747
TCI,21-SEP-2021,412.95,412.95,404.85,409.45,24686,9705,1485
TCIDEVELOP,21-SEP-2021,419.0,433.05,419.0,433.05,18831,8875,779
TCIEXP,21-SEP-2021,1490.1,1549.15,1436.4,1505.55,41164,12749,6668
TCIFINANCE,21-SEP-2021,5.35,5.6,5.35,5.6,309,309,5
TCNSBRANDS,21-SEP-2021,629.1,635.85,613.3,618.3,28805,16801,1888
TCPLPACK,21-SEP-2021,516.55,531.8,516.55,527.5,6181,4830,413
TCS,21-SEP-2021,3858.0,3871.55,3821.65,3862.95,1568129,851956,99059
TDPOWERSYS,21-SEP-2021,311.1,316.0,303.3,314.6,29424,12871,1715
TEAMLEASE,21-SEP-2021,4445.0,4445.0,4242.9,4359.6,21331,9693,5345
TECHIN,21-SEP-2021,7.1,7.15,6.8,6.95,10613,6912,91
TECHM,21-SEP-2021,1439.0,1466.45,1420.4,1461.7,1713705,486727,55189
TECHNOE,21-SEP-2021,272.5,278.4,265.85,270.2,81178,47909,9302
TEMBO,21-SEP-2021,293.0,293.0,279.0,289.25,332479,115097,4561
TEXINFRA,21-SEP-2021,58.1,58.5,56.5,56.9,71127,53253,429
TEXMOPIPES,21-SEP-2021,49.7,50.75,48.65,50.1,119592,55730,1470
TEXRAIL,21-SEP-2021,34.6,34.85,33.6,34.15,407662,184926,1907
TFCILTD,21-SEP-2021,69.1,70.3,67.3,69.65,261679,126411,2933
TFL,21-SEP-2021,5.95,5.95,5.5,5.55,10776,4296,37
TGBHOTELS,21-SEP-2021,9.1,9.1,8.55,8.65,48933,38623,163
THANGAMAYL,21-SEP-2021,1090.0,1118.0,1055.0,1094.2,10072,4963,1614
THEINVEST,21-SEP-2021,113.0,116.0,111.05,112.7,5753,2846,237
THERMAX,21-SEP-2021,1471.2,1472.45,1421.0,1449.8,52393,28585,11291
THOMASCOOK,21-SEP-2021,66.05,66.95,63.5,65.25,726958,338311,5173
THYROCARE,21-SEP-2021,1254.0,1283.4,1237.85,1269.4,83376,26377,7623
TIIL,21-SEP-2021,802.85,828.0,773.25,818.7,35401,19518,3242
TIINDIA,21-SEP-2021,1544.95,1544.95,1463.75,1502.55,115057,38242,12984
TIL,21-SEP-2021,155.6,159.5,155.0,156.95,5706,3292,304
TIMESGTY,21-SEP-2021,43.95,44.4,41.7,42.9,3875,2740,103
TIMETECHNO,21-SEP-2021,71.05,72.1,69.7,70.5,404102,237408,4954
TIMKEN,21-SEP-2021,1825.25,1859.9,1795.0,1826.15,267513,62118,24724
TINPLATE,21-SEP-2021,275.9,278.5,267.0,272.05,515369,176505,14450
TIRUMALCHM,21-SEP-2021,271.75,276.95,258.35,272.75,2302212,647692,35362
TITAN,21-SEP-2021,2075.0,2097.5,2062.1,2085.85,539788,279725,32786
TMRVL,21-SEP-2021,16.1,16.1,14.9,15.3,683665,388208,2787
TNPETRO,21-SEP-2021,119.0,119.5,114.55,116.9,266714,131677,5408
TNPL,21-SEP-2021,129.0,130.3,127.6,129.1,151558,67760,3348
TOKYOPLAST,21-SEP-2021,103.4,105.0,102.15,103.95,11178,7539,517
TORNTPHARM,21-SEP-2021,3047.5,3090.0,3019.25,3043.6,77270,15204,8175
TORNTPOWER,21-SEP-2021,486.0,491.95,477.1,491.0,673106,159397,17792
TOTAL,21-SEP-2021,54.1,54.5,51.0,52.7,34048,24995,403
TPLPLASTEH,21-SEP-2021,200.0,204.05,192.3,201.25,60263,17619,3391
TREJHARA,21-SEP-2021,61.2,66.9,61.2,62.95,172379,64534,2894
TRENT,21-SEP-2021,981.5,991.15,956.25,987.15,432370,111783,26103
TRF,21-SEP-2021,121.3,121.3,116.45,118.95,7063,4943,151
TRIDENT,21-SEP-2021,24.2,24.45,23.1,23.9,17826931,6979387,41466
TRIGYN,21-SEP-2021,110.25,112.7,105.65,108.9,199044,121948,3641
TRIL,21-SEP-2021,27.3,27.75,26.2,27.1,100045,68072,622
TRITURBINE,21-SEP-2021,136.0,137.4,131.7,132.6,87115,38771,2834
TRIVENI,21-SEP-2021,169.0,170.7,166.55,168.1,358101,172095,5855
TTKHLTCARE,21-SEP-2021,688.0,690.25,671.0,681.85,5201,2353,730
TTKPRESTIG,21-SEP-2021,9065.0,9122.05,8950.0,8983.85,3543,1202,1544
TTL,21-SEP-2021,63.1,64.55,60.6,61.7,17057,9960,429
TV18BRDCST,21-SEP-2021,36.9,37.2,35.9,36.6,4017915,1733154,7612
TVSELECT,21-SEP-2021,167.0,174.0,163.25,171.2,43253,22660,1274
TVSMOTOR,21-SEP-2021,545.4,547.65,520.0,533.15,2119176,761350,45122
TVSSRICHAK,21-SEP-2021,2142.0,2156.95,2102.3,2137.15,6279,3914,971
TVTODAY,21-SEP-2021,303.45,305.45,298.5,302.25,42637,19606,1919
TWL,21-SEP-2021,90.0,92.45,87.2,91.35,614136,201672,7678
UBL,21-SEP-2021,1560.65,1608.0,1535.2,1601.3,733260,161168,40570
UCALFUEL,21-SEP-2021,146.2,147.25,143.0,145.45,38164,17697,1728
UCOBANK,21-SEP-2021,13.65,13.75,13.15,13.45,8325301,2403591,30180
UFLEX,21-SEP-2021,533.9,538.35,518.65,532.8,216875,77519,8583
UFO,21-SEP-2021,98.3,108.0,95.8,103.55,1965817,706704,27331
UGARSUGAR,21-SEP-2021,26.75,27.15,25.6,26.45,118522,59883,803
UGROCAP,21-SEP-2021,126.1,130.0,120.5,128.35,136931,102440,1614
UJAAS,21-SEP-2021,2.75,3.0,2.7,3.0,3387129,2524007,1521
UJJIVAN,21-SEP-2021,154.95,159.0,150.9,153.05,741278,320485,12127
UJJIVANSFB,21-SEP-2021,20.15,20.35,19.55,20.0,3381970,1405294,6741
ULTRACEMCO,21-SEP-2021,7535.0,7688.0,7514.5,7592.7,214916,95992,31522
UMANGDAIRY,21-SEP-2021,76.7,76.7,73.1,74.45,10149,7580,274
UMESLTD,21-SEP-2021,4.0,4.2,3.9,4.0,44233,23285,359
UNICHEMLAB,21-SEP-2021,271.0,272.95,264.5,266.45,67279,27609,7924
UNIDT,21-SEP-2021,331.15,351.95,328.7,347.15,20357,6804,1282
UNIENTER,21-SEP-2021,127.9,130.45,126.4,129.6,15458,6928,486
UNIONBANK,21-SEP-2021,34.8,35.25,34.0,34.95,6614416,2328431,12437
UNITEDTEA,21-SEP-2021,393.3,407.3,393.3,395.45,3089,1886,119
UNIVASTU,21-SEP-2021,47.9,48.4,45.65,46.25,3536,2075,139
UNIVCABLES,21-SEP-2021,164.9,166.4,155.0,164.75,19731,8594,789
UNIVPHOTO,21-SEP-2021,340.3,350.0,340.0,345.0,2890,1722,101
UPL,21-SEP-2021,705.6,727.9,700.0,721.85,4222370,976392,72373
URJA,21-SEP-2021,6.25,6.3,6.1,6.2,1782697,732387,3534
USHAMART,21-SEP-2021,71.9,74.8,68.5,73.8,1930329,1020492,10762
UTIAMC,21-SEP-2021,1133.0,1145.0,1075.95,1084.2,154899,61903,14327
UTIBANKETF,21-SEP-2021,38.19,38.19,36.71,37.28,26457,14746,190
UTINEXT50,21-SEP-2021,45.2,45.2,43.91,44.68,319901,312648,225
UTINIFTETF,21-SEP-2021,1894.89,1953.7,1789.4,1874.74,2393,2152,93
UTISENSETF,21-SEP-2021,670.8,670.8,607.6,614.48,1145,1029,89
UTISXN50,21-SEP-2021,50.0,50.8,47.5,48.45,2819,2549,99
V2RETAIL,21-SEP-2021,123.0,125.65,120.2,125.0,88547,72064,1016
VADILALIND,21-SEP-2021,1042.85,1070.0,1027.05,1049.8,9814,5599,1524
VAIBHAVGBL,21-SEP-2021,740.0,740.2,710.0,723.25,134767,46121,12887
VAISHALI,21-SEP-2021,37.5,37.95,36.85,37.65,65687,45660,701
VAKRANGEE,21-SEP-2021,40.8,41.0,39.1,39.75,7697027,4488661,10257
VALIANTORG,21-SEP-2021,1394.25,1410.0,1348.9,1392.9,48662,25299,4527
VARDHACRLC,21-SEP-2021,63.3,64.0,60.1,62.9,159583,85531,2867
VARROC,21-SEP-2021,302.1,302.4,293.2,296.75,221509,80733,7732
VASCONEQ,21-SEP-2021,24.05,24.8,23.1,24.3,734225,388666,1863
VASWANI,21-SEP-2021,11.9,11.9,11.3,11.6,17869,7628,63
VBL,21-SEP-2021,876.3,942.0,875.0,918.3,2566696,1565995,44749
VEDL,21-SEP-2021,286.0,293.75,282.95,292.9,10413898,3012690,75226
VENKEYS,21-SEP-2021,3054.05,3093.0,2900.05,3009.9,121216,42396,14202
VENUSREM,21-SEP-2021,464.0,464.7,451.9,458.9,35933,14793,3698
VERTOZ,21-SEP-2021,99.0,99.75,96.6,99.1,80058,31498,2162
VESUVIUS,21-SEP-2021,1139.75,1147.4,1118.95,1136.8,4135,2288,534
VETO,21-SEP-2021,102.7,103.0,100.05,100.85,51801,28076,1474
VGUARD,21-SEP-2021,257.0,257.0,249.3,252.95,429852,132343,7704
VHL,21-SEP-2021,3203.95,3203.95,3006.0,3071.1,576,404,174
VIDHIING,21-SEP-2021,353.0,380.0,346.0,375.5,315021,96282,13291
VIJAYA,21-SEP-2021,583.5,594.1,535.1,575.4,1333438,447457,46040
VIKASECO,21-SEP-2021,2.05,2.1,2.0,2.0,2981272,1827888,821
VIKASPROP,21-SEP-2021,2.2,2.2,2.15,2.2,460810,297383,688
VIKASWSP,21-SEP-2021,4.85,5.05,4.7,5.0,709153,478042,474
VIMTALABS,21-SEP-2021,280.0,285.6,269.6,282.95,67876,38237,3501
VINATIORGA,21-SEP-2021,1800.0,1850.0,1766.45,1826.05,95618,47678,10843
VINDHYATEL,21-SEP-2021,1120.0,1133.2,1083.85,1119.0,12084,5122,2173
VINEETLAB,21-SEP-2021,82.5,82.5,76.65,77.5,19292,11783,284
VINYLINDIA,21-SEP-2021,220.6,222.95,211.1,217.35,173102,53843,8697
VIPIND,21-SEP-2021,490.6,496.75,483.75,487.1,387450,126196,16159
VIPULLTD,21-SEP-2021,31.4,31.4,29.0,29.2,17519,12498,130
VISAKAIND,21-SEP-2021,675.0,694.7,654.9,679.5,30448,16679,2855
VISASTEEL,21-SEP-2021,10.75,10.75,10.75,10.75,51745,51230,124
VISHAL,21-SEP-2021,118.0,127.4,117.25,121.8,400251,149968,4026
VISHNU,21-SEP-2021,697.35,740.4,694.65,740.4,21699,14887,949
VISHWARAJ,21-SEP-2021,138.0,141.3,134.05,140.15,96669,56927,1908
VIVIDHA,21-SEP-2021,0.85,0.85,0.75,0.8,2772389,1649168,1025
VIVIMEDLAB,21-SEP-2021,21.05,21.6,20.75,21.15,146054,84570,691
VLSFINANCE,21-SEP-2021,197.2,197.2,188.5,191.85,51498,27702,1222
VMART,21-SEP-2021,3419.0,3449.0,3307.15,3426.45,18020,7702,5408
VOLTAMP,21-SEP-2021,1449.0,1456.7,1415.0,1442.0,19183,12991,3904
VOLTAS,21-SEP-2021,1229.0,1235.95,1211.65,1224.9,836075,313360,32225
VRLLOG,21-SEP-2021,331.2,343.8,327.0,335.5,113590,48369,5863
VSSL,21-SEP-2021,241.5,245.0,231.55,241.1,244755,95944,9473
VSTIND,21-SEP-2021,3474.0,3474.0,3326.45,3374.65,16759,7538,3716
VSTTILLERS,21-SEP-2021,2555.0,2594.75,2481.2,2561.6,16107,8080,3256
VTL,21-SEP-2021,1847.0,1859.0,1752.45,1801.9,103190,46920,13242
WABAG,21-SEP-2021,346.0,350.4,336.15,340.75,161377,91444,6074
WABCOINDIA,21-SEP-2021,6965.0,7100.0,6965.0,7062.25,3475,1637,705
WALCHANNAG,21-SEP-2021,55.1,56.6,54.55,55.95,261982,103941,3687
WATERBASE,21-SEP-2021,115.15,115.3,111.45,113.8,78731,38953,2146
WEBELSOLAR,21-SEP-2021,65.65,66.0,63.0,65.1,493929,421718,1981
WEIZMANIND,21-SEP-2021,49.3,49.3,46.05,46.9,7027,2622,370
WELCORP,21-SEP-2021,125.0,127.0,122.55,125.75,1622789,899407,17895
WELENT,21-SEP-2021,99.05,107.0,97.8,103.95,1262253,1013220,8971
WELINV,21-SEP-2021,323.45,325.0,321.05,322.55,153,77,29
WELSPUNIND,21-SEP-2021,129.1,136.9,126.1,135.25,4698116,1875776,36362
WENDT,21-SEP-2021,4396.45,4424.9,4325.0,4403.4,900,664,294
WESTLIFE,21-SEP-2021,545.0,557.55,525.4,538.5,86846,35543,5350
WHEELS,21-SEP-2021,786.6,786.65,756.05,774.2,12543,6946,1233
WHIRLPOOL,21-SEP-2021,2298.0,2309.75,2243.8,2251.5,63555,28919,9834
WILLAMAGOR,21-SEP-2021,20.2,20.2,19.65,19.8,3239,1784,39
WINDLAS,21-SEP-2021,370.75,375.6,365.8,371.45,54108,23122,5825
WINDMACHIN,21-SEP-2021,28.85,29.8,28.05,28.45,53279,40671,267
WIPRO,21-SEP-2021,660.5,669.0,657.1,667.6,3683551,1221378,73613
WOCKPHARMA,21-SEP-2021,431.7,435.35,419.5,424.55,466385,159806,12207
WONDERLA,21-SEP-2021,225.5,228.95,221.25,225.6,90337,45710,5284
WORTH,21-SEP-2021,88.95,88.95,86.55,88.2,12516,6706,298
WSTCSTPAPR,21-SEP-2021,233.2,239.0,227.1,236.3,236152,109018,4911
XCHANGING,21-SEP-2021,107.2,109.25,105.0,107.7,380029,197531,5451
XPROINDIA,21-SEP-2021,500.25,500.25,476.45,500.25,88500,60677,743
YAARII,21-SEP-2021,98.0,100.9,96.75,99.25,149712,87498,1884
YESBANK,21-SEP-2021,12.9,13.05,12.55,13.0,110549666,38582501,109298
YUKEN,21-SEP-2021,591.0,598.0,569.75,583.0,6248,1543,1074
ZEEL,21-SEP-2021,257.95,261.15,248.05,255.7,23976844,2902708,139279
ZEELEARN,21-SEP-2021,14.7,14.9,13.45,13.95,2417428,1527180,4584
ZEEMEDIA,21-SEP-2021,12.15,12.2,11.25,11.75,4648559,2794516,3890
ZENITHEXPO,21-SEP-2021,87.3,87.3,83.45,83.8,814,422,44
ZENSARTECH,21-SEP-2021,513.7,522.0,500.05,514.25,763600,323489,28893
ZENTEC,21-SEP-2021,181.55,193.45,175.05,177.5,6596636,1958359,114399
ZODIACLOTH,21-SEP-2021,119.0,119.0,112.3,115.4,85711,32436,3151
ZOMATO,21-SEP-2021,137.2,138.0,131.0,133.45,19330196,6608863,129235
ZOTA,21-SEP-2021,356.0,374.8,345.05,367.45,41377,22531,2173
ZYDUSWELL,21-SEP-2021,2412.0,2476.85,2377.6,2418.0,57181,26355,7120
