20MICRONS,22-SEP-2021,57.0,58.6,57.0,57.85,86139,40130,1825
21STCENMGM,22-SEP-2021,43.0,43.0,41.45,43.0,27603,22872,249
3MINDIA,22-SEP-2021,25250.0,25319.5,24651.25,24724.35,7146,4828,3658
5PAISA,22-SEP-2021,458.0,464.0,443.55,448.45,29940,11150,1109
63MOONS,22-SEP-2021,92.45,95.4,92.0,94.1,48756,28936,844
A2ZINFRA,22-SEP-2021,4.3,4.4,4.25,4.4,237460,148331,339
AAKASH,22-SEP-2021,279.0,279.0,255.35,258.25,117378,67902,742
AAREYDRUGS,22-SEP-2021,36.8,36.8,35.3,36.25,26275,20918,256
AARON,22-SEP-2021,99.0,102.0,96.0,101.0,11876,6957,291
AARTIDRUGS,22-SEP-2021,627.0,627.0,617.15,621.6,117397,47245,5448
AARTIIND,22-SEP-2021,908.0,923.55,903.55,915.3,756083,370745,21342
AARTISURF,22-SEP-2021,1449.0,1544.9,1442.0,1488.25,44229,14825,7545
AARVEEDEN,22-SEP-2021,18.0,18.35,17.65,18.1,5445,5058,82
AARVI,22-SEP-2021,58.9,58.9,55.85,56.1,22803,17057,258
AAVAS,22-SEP-2021,2485.0,2498.45,2402.5,2414.0,110041,61841,17447
ABAN,22-SEP-2021,42.2,43.25,42.2,42.55,72963,51475,851
ABB,22-SEP-2021,1870.0,1904.0,1865.1,1869.15,138187,102421,9270
ABBOTINDIA,22-SEP-2021,20800.0,21500.05,20800.0,21464.95,17468,7231,6657
ABCAPITAL,22-SEP-2021,109.0,111.9,108.25,109.95,3349117,1238959,26699
ABFRL,22-SEP-2021,203.0,216.0,201.3,214.6,3983094,1271484,28500
ABSLBANETF,22-SEP-2021,376.0,376.0,367.44,368.32,199,156,20
ABSLNN50ET,22-SEP-2021,436.75,439.0,433.25,433.3,1011,106,11
ACC,22-SEP-2021,2339.3,2379.0,2331.1,2365.55,308803,94533,26657
ACCELYA,22-SEP-2021,1328.25,1362.45,1299.0,1342.35,100729,34167,11205
ACCURACY,22-SEP-2021,133.95,133.95,129.15,131.05,68787,16271,7245
ACE,22-SEP-2021,253.75,274.1,249.05,267.15,2140804,507449,38489
ACRYSIL,22-SEP-2021,649.0,708.7,637.8,700.95,368929,223938,12751
ADANIENT,22-SEP-2021,1435.0,1462.65,1424.35,1437.75,1663858,329266,35961
ADANIGREEN,22-SEP-2021,1147.4,1163.5,1127.05,1141.55,2248068,1616164,36809
ADANIPORTS,22-SEP-2021,750.0,759.6,742.0,745.3,4343365,1329060,60376
ADANIPOWER,22-SEP-2021,95.0,97.5,94.85,95.9,2908802,1585108,31371
ADFFOODS,22-SEP-2021,919.0,929.0,900.0,923.7,7936,4687,1239
ADORWELD,22-SEP-2021,672.0,678.0,663.0,669.15,5836,4196,336
ADSL,22-SEP-2021,68.4,70.5,68.1,68.55,134269,69906,3457
ADVANIHOTR,22-SEP-2021,79.75,92.25,79.0,87.3,545436,193744,8586
ADVENZYMES,22-SEP-2021,387.0,396.85,384.6,390.6,253441,83836,9964
AEGISCHEM,22-SEP-2021,246.0,249.65,238.2,239.05,1013388,571885,14401
AFFLE,22-SEP-2021,5040.0,5085.0,4966.25,5048.5,79316,51469,12346
AGARIND,22-SEP-2021,303.9,305.3,290.4,304.4,15254,12562,405
AGRITECH,22-SEP-2021,67.45,73.55,67.45,73.55,34857,25745,635
AGROPHOS,22-SEP-2021,16.75,17.3,16.25,16.45,215910,123339,789
AHLADA,22-SEP-2021,141.9,144.0,138.0,140.4,27808,21735,559
AHLEAST,22-SEP-2021,181.25,188.0,181.2,185.45,18693,13331,442
AHLUCONT,22-SEP-2021,384.8,388.0,361.1,364.35,2268801,1804518,6266
AHLWEST,22-SEP-2021,273.1,278.35,273.1,277.15,827,694,92
AIAENG,22-SEP-2021,2054.3,2079.85,2010.0,2025.8,38291,28598,5214
AJANTPHARM,22-SEP-2021,2187.9,2188.0,2168.8,2177.55,30803,17533,5296
AJOONI,22-SEP-2021,52.55,52.55,50.1,51.6,32695,20063,267
AKASH,22-SEP-2021,186.75,190.0,181.0,183.75,108639,67884,1020
AKG,22-SEP-2021,25.25,25.25,24.05,24.65,2236,1719,43
AKSHARCHEM,22-SEP-2021,407.0,422.95,404.95,410.55,24763,9244,1557
AKZOINDIA,22-SEP-2021,2224.95,2224.95,2195.0,2201.85,4874,3325,1199
ALANKIT,22-SEP-2021,15.4,15.65,15.1,15.45,1288881,1148444,1132
ALBERTDAVD,22-SEP-2021,588.25,599.7,586.0,589.25,12359,4890,1408
ALEMBICLTD,22-SEP-2021,114.7,118.7,114.55,115.95,646772,181560,9038
ALICON,22-SEP-2021,792.0,800.0,777.7,785.05,13918,8029,1438
ALKALI,22-SEP-2021,69.55,69.95,63.95,68.6,33426,17907,729
ALKEM,22-SEP-2021,3858.8,3946.7,3827.65,3894.6,131433,41809,14662
ALKYLAMINE,22-SEP-2021,3972.25,3972.25,3852.65,3903.25,91186,44893,18085
ALLCARGO,22-SEP-2021,256.8,264.0,253.3,262.85,1918772,717665,26614
ALLSEC,22-SEP-2021,445.0,457.0,433.85,436.65,9611,7382,373
ALMONDZ,22-SEP-2021,89.95,90.95,86.1,88.25,25248,17511,581
ALOKINDS,22-SEP-2021,23.0,23.5,22.9,23.1,5597172,2074410,10344
ALPA,22-SEP-2021,52.0,54.0,51.7,51.9,32201,18996,515
ALPHAGEO,22-SEP-2021,410.0,414.5,402.35,404.8,47728,22007,3552
AMARAJABAT,22-SEP-2021,727.55,742.95,725.2,735.75,887731,278484,24413
AMBER,22-SEP-2021,3090.0,3120.0,3060.0,3093.1,24047,11598,4819
AMBICAAGAR,22-SEP-2021,16.2,16.2,15.8,15.8,16435,13217,80
AMBIKCO,22-SEP-2021,1570.0,1634.0,1557.0,1601.25,16008,7944,2717
AMBUJACEM,22-SEP-2021,414.65,422.85,413.05,419.5,3233311,1523735,44108
AMDIND,22-SEP-2021,28.4,28.4,27.1,27.25,9018,4758,148
AMIORG,22-SEP-2021,1221.0,1434.45,1212.0,1345.75,4114967,791669,191435
AMJLAND,22-SEP-2021,38.0,40.2,36.8,38.25,944833,381930,6185
AMRUTANJAN,22-SEP-2021,859.95,865.0,831.0,835.25,415615,149797,26689
ANANTRAJ,22-SEP-2021,66.9,68.8,65.7,68.75,1176311,853881,3637
ANDHRAPAP,22-SEP-2021,225.8,230.0,225.8,226.8,12915,8127,527
ANDHRSUGAR,22-SEP-2021,561.0,583.95,559.0,572.4,115442,74613,4401
ANDREWYU,22-SEP-2021,25.3,25.3,24.0,24.7,129887,75404,970
ANGELBRKG,22-SEP-2021,1222.0,1250.95,1200.0,1225.95,301267,92504,18460
ANIKINDS,22-SEP-2021,18.5,18.9,17.7,18.15,17027,10680,97
ANMOL,22-SEP-2021,177.1,177.4,168.8,169.45,435259,140213,5086
ANSALAPI,22-SEP-2021,9.0,9.25,8.8,9.05,179745,140678,248
ANSALHSG,22-SEP-2021,6.45,6.6,6.2,6.55,125981,64758,234
ANUP,22-SEP-2021,970.0,1013.6,970.0,983.5,18744,7095,2547
ANURAS,22-SEP-2021,759.9,769.9,754.1,756.45,44130,19644,3004
APARINDS,22-SEP-2021,639.9,658.0,633.25,647.45,43066,16849,3878
APCL,22-SEP-2021,385.0,400.0,385.0,389.85,29280,17870,1581
APCOTEXIND,22-SEP-2021,415.4,420.0,405.8,411.7,187302,89169,8375
APEX,22-SEP-2021,299.45,306.0,298.0,305.3,111119,32050,6351
APLAPOLLO,22-SEP-2021,891.25,904.4,875.0,879.35,190284,122143,10681
APLLTD,22-SEP-2021,781.0,821.55,776.2,813.35,1143768,323560,32982
APOLLO,22-SEP-2021,115.2,117.95,115.2,116.4,99243,41037,3492
APOLLOHOSP,22-SEP-2021,4925.0,5010.0,4869.9,4904.9,562041,224678,39215
APOLLOPIPE,22-SEP-2021,1665.0,1695.55,1622.65,1654.7,30878,14619,3546
APOLLOTYRE,22-SEP-2021,220.5,234.5,220.5,232.55,15453714,4317308,112557
APOLSINHOT,22-SEP-2021,816.0,816.0,771.0,775.2,5145,2992,417
APTECHT,22-SEP-2021,275.95,283.35,273.55,279.95,381924,109800,9703
APTUS,22-SEP-2021,347.0,351.5,336.6,343.05,444049,272600,14885
ARCHIDPLY,22-SEP-2021,30.6,31.75,30.55,31.0,10607,5448,185
ARENTERP,22-SEP-2021,30.95,30.95,29.45,29.45,4470,4344,89
ARIES,22-SEP-2021,144.15,150.3,144.1,146.35,43994,20062,1134
ARIHANT,22-SEP-2021,25.6,28.0,25.25,25.65,90220,6856,2199
ARIHANTCAP,22-SEP-2021,140.3,141.25,137.5,137.75,15423,9319,460
ARIHANTSUP,22-SEP-2021,140.5,152.15,140.5,147.35,507749,275470,7070
ARMANFIN,22-SEP-2021,828.8,828.9,805.05,813.35,8542,3808,1447
AROGRANITE,22-SEP-2021,67.3,67.3,65.8,66.05,20239,12338,288
ARROWGREEN,22-SEP-2021,121.85,124.15,119.2,124.15,4683,3135,225
ARSHIYA,22-SEP-2021,28.55,30.5,27.75,29.85,103645,64713,592
ARSSINFRA,22-SEP-2021,27.8,28.7,27.8,28.15,9244,6761,185
ARTEMISMED,22-SEP-2021,398.9,412.8,394.0,412.8,95481,75112,1889
ARVIND,22-SEP-2021,95.3,98.75,94.7,97.1,2835383,972660,20894
ARVINDFASN,22-SEP-2021,253.4,268.35,252.0,266.45,691071,306058,16446
ARVSMART,22-SEP-2021,144.7,158.7,141.35,156.05,846441,389060,12970
ASAHIINDIA,22-SEP-2021,362.9,365.75,356.95,358.2,50378,24982,2111
ASAHISONG,22-SEP-2021,362.95,362.95,354.1,357.35,8964,5207,668
ASALCBR,22-SEP-2021,426.05,439.0,425.1,433.65,79815,40042,3772
ASHAPURMIN,22-SEP-2021,127.8,127.8,122.55,125.45,73278,47103,1556
ASHIANA,22-SEP-2021,187.1,202.05,187.0,197.2,997134,653095,14566
ASHIMASYN,22-SEP-2021,16.9,17.25,16.7,16.8,37621,35078,148
ASHOKA,22-SEP-2021,96.7,98.5,94.65,94.9,1811016,982470,14513
ASHOKLEY,22-SEP-2021,127.5,130.85,127.2,128.3,15880190,4868536,81053
ASIANHOTNR,22-SEP-2021,92.5,93.45,86.3,89.35,31147,10946,2134
ASIANPAINT,22-SEP-2021,3328.5,3329.95,3288.25,3317.5,825945,518547,58258
ASIANTILES,22-SEP-2021,157.6,164.9,155.7,158.35,1180961,447418,12622
ASPINWALL,22-SEP-2021,183.85,184.4,178.0,178.65,5426,3794,244
ASTEC,22-SEP-2021,1336.6,1349.8,1320.0,1330.1,9521,5262,1487
ASTERDM,22-SEP-2021,217.75,218.75,208.35,209.2,1014058,564538,12209
ASTRAL,22-SEP-2021,2084.7,2173.95,2066.5,2130.0,606168,274035,35024
ASTRAMICRO,22-SEP-2021,173.5,194.5,173.5,192.3,4928314,1766024,59632
ASTRAZEN,22-SEP-2021,3100.05,3134.85,3091.35,3097.1,13502,5988,3071
ASTRON,22-SEP-2021,56.75,58.0,56.75,57.4,240174,127674,1656
ATFL,22-SEP-2021,1012.55,1039.8,1009.0,1011.7,7453,4611,1183
ATUL,22-SEP-2021,9448.0,9535.25,9339.75,9459.7,21961,14442,4578
ATULAUTO,22-SEP-2021,197.0,197.3,194.2,195.15,48755,22405,1974
AUBANK,22-SEP-2021,1092.75,1102.6,1080.0,1085.0,1436192,796773,29413
AUROPHARMA,22-SEP-2021,723.6,733.95,719.8,731.1,1674667,577774,55693
AUTOAXLES,22-SEP-2021,1211.3,1230.0,1201.0,1209.9,5307,3184,822
AUTOIND,22-SEP-2021,58.2,58.2,55.0,55.2,26461,13770,364
AVADHSUGAR,22-SEP-2021,411.7,416.9,406.5,409.55,54131,23941,1683
AVANTIFEED,22-SEP-2021,555.4,564.0,547.0,548.85,225218,114523,11538
AVTNPL,22-SEP-2021,79.45,81.45,79.45,79.95,88113,47516,1943
AWHCL,22-SEP-2021,390.8,412.35,390.0,402.55,268107,81811,13381
AXISBANK,22-SEP-2021,792.5,796.8,786.0,788.35,4359142,1748883,111001
AXISBNKETF,22-SEP-2021,375.46,375.46,372.0,373.05,452,448,27
AXISBPSETF,22-SEP-2021,10.35,10.37,10.32,10.32,851564,834450,122
AXISCADES,22-SEP-2021,70.9,71.9,68.6,68.95,102701,78120,702
AXISGOLD,22-SEP-2021,40.83,40.83,40.26,40.69,53484,38111,3765
AXISHCETF,22-SEP-2021,89.06,91.87,88.07,90.8,12282,8960,383
AXISNIFTY,22-SEP-2021,183.0,183.84,182.34,183.17,2543,1457,125
AXISTECETF,22-SEP-2021,379.99,385.0,362.95,375.1,1632,1360,124
AYMSYNTEX,22-SEP-2021,99.9,107.8,98.55,104.55,228620,137677,3856
BAFNAPH,22-SEP-2021,128.0,131.0,128.0,130.35,2168,1355,149
BAGFILMS,22-SEP-2021,3.65,3.65,3.65,3.65,38240,38240,42
BAJAJ-AUTO,22-SEP-2021,3732.0,3770.0,3722.05,3757.15,245919,98989,25843
BAJAJCON,22-SEP-2021,256.8,260.0,255.35,257.05,368739,155938,7883
BAJAJELEC,22-SEP-2021,1528.4,1562.0,1500.4,1513.45,180229,47852,15234
BAJAJFINSV,22-SEP-2021,17589.05,17780.0,17505.0,17614.75,256982,61853,42390
BAJAJHLDNG,22-SEP-2021,4730.5,4799.0,4648.0,4719.2,144092,39256,21045
BAJFINANCE,22-SEP-2021,7850.0,7895.0,7771.0,7793.65,1500541,573337,114708
BALAJITELE,22-SEP-2021,64.65,70.05,64.65,67.9,1961644,742074,15622
BALAMINES,22-SEP-2021,4680.0,4748.0,4635.5,4650.3,64668,31844,8914
BALAXI,22-SEP-2021,580.0,583.9,572.0,579.55,2204,1111,524
BALKRISIND,22-SEP-2021,2543.0,2710.0,2529.3,2692.2,1389658,357195,88647
BALMLAWRIE,22-SEP-2021,129.65,131.0,129.0,129.55,227959,117150,3517
BALPHARMA,22-SEP-2021,107.1,110.45,105.2,108.1,252817,127132,6843
BALRAMCHIN,22-SEP-2021,346.5,349.45,343.45,345.75,501876,232085,9914
BANARBEADS,22-SEP-2021,63.5,64.6,63.15,63.3,5944,4639,97
BANARISUG,22-SEP-2021,2200.5,2246.3,2157.0,2231.6,13505,8351,2155
BANCOINDIA,22-SEP-2021,198.5,205.0,196.65,203.75,202798,56311,8989
BANDHANBNK,22-SEP-2021,281.5,286.0,280.1,284.0,3479110,1146109,30672
BANKBARODA,22-SEP-2021,79.1,80.15,78.55,79.7,20402969,5303225,43441
BANKBEES,22-SEP-2021,408.7,408.7,371.8,372.75,265355,132233,6398
BANKINDIA,22-SEP-2021,55.2,56.1,54.35,54.5,6817850,3372119,25716
BANSWRAS,22-SEP-2021,165.9,165.9,157.0,159.1,15733,10917,571
BARBEQUE,22-SEP-2021,1123.95,1135.0,1097.5,1101.65,49003,22872,4636
BASF,22-SEP-2021,3369.4,3455.7,3360.0,3396.1,45283,28130,5278
BASML,22-SEP-2021,58.8,60.9,57.7,58.65,57432,43631,748
BATAINDIA,22-SEP-2021,1763.0,1808.85,1763.0,1798.85,517890,256286,21973
BAYERCROP,22-SEP-2021,5362.75,5415.0,5315.0,5342.6,10799,6526,3700
BBL,22-SEP-2021,1331.4,1374.85,1323.0,1354.55,20030,11465,3899
BBTC,22-SEP-2021,1152.0,1176.0,1148.75,1159.75,56008,22743,4624
BCLIND,22-SEP-2021,226.0,234.9,225.0,232.35,39693,20011,3801
BCP,22-SEP-2021,4.05,4.1,3.9,3.95,403845,342623,382
BDL,22-SEP-2021,382.9,387.45,378.8,382.5,159667,106850,9233
BEARDSELL,22-SEP-2021,13.4,13.5,12.95,12.95,4879,3154,39
BECTORFOOD,22-SEP-2021,404.5,411.0,393.05,398.3,126291,69673,4792
BEDMUTHA,22-SEP-2021,36.1,37.1,36.1,36.55,17865,14859,102
BEL,22-SEP-2021,204.4,206.85,203.8,205.95,3224214,963471,25195
BEML,22-SEP-2021,1390.0,1430.0,1383.8,1407.6,195620,61027,10947
BEPL,22-SEP-2021,182.95,193.0,179.25,190.75,4182282,1514414,41310
BERGEPAINT,22-SEP-2021,818.0,823.95,810.1,812.0,472605,246375,27135
BESTAGRO,22-SEP-2021,755.0,786.05,746.15,767.9,58031,29684,1872
BFINVEST,22-SEP-2021,358.0,370.9,356.85,365.8,56987,11914,3991
BFUTILITIE,22-SEP-2021,419.85,439.0,415.65,427.2,287848,90152,6754
BGRENERGY,22-SEP-2021,58.25,59.0,57.5,58.45,51221,24532,810
BHAGERIA,22-SEP-2021,250.0,254.95,250.0,251.1,33450,16104,2523
BHAGYANGR,22-SEP-2021,48.85,49.9,47.5,48.05,20343,13608,250
BHAGYAPROP,22-SEP-2021,29.7,30.8,29.4,29.9,15734,10070,207
BHANDARI,22-SEP-2021,3.25,3.35,3.2,3.3,411036,240020,401
BHARATFORG,22-SEP-2021,739.0,750.85,730.6,740.85,2727267,1697136,38363
BHARATGEAR,22-SEP-2021,146.15,147.3,142.85,144.4,24369,16334,580
BHARATRAS,22-SEP-2021,12199.0,12387.35,12149.85,12228.45,1678,635,907
BHARTIARTL,22-SEP-2021,727.0,732.05,724.1,726.75,16047334,9401649,105371
BHEL,22-SEP-2021,54.3,57.4,54.25,57.05,33744100,6082065,54729
BIGBLOC,22-SEP-2021,118.0,118.3,113.25,115.9,18035,12243,358
BIL,22-SEP-2021,195.95,208.3,195.95,208.3,32193,19515,519
BINDALAGRO,22-SEP-2021,24.45,24.45,23.6,23.7,134984,82178,1623
BIOCON,22-SEP-2021,365.2,368.5,363.25,367.55,2107108,884062,23000
BIOFILCHEM,22-SEP-2021,62.0,63.7,61.8,63.35,14344,11185,259
BIRLACORPN,22-SEP-2021,1305.15,1338.0,1304.2,1321.5,182691,118356,24869
BIRLAMONEY,22-SEP-2021,60.75,62.9,59.75,61.55,136908,72363,2439
BIRLATYRE,22-SEP-2021,24.8,24.9,23.85,24.0,381361,264346,1848
BLBLIMITED,22-SEP-2021,9.85,10.05,9.5,9.55,47666,31830,147
BLISSGVS,22-SEP-2021,111.85,113.2,111.5,111.8,178006,94493,2787
BLKASHYAP,22-SEP-2021,23.95,24.7,23.6,24.35,76419,48339,396
BLS,22-SEP-2021,251.4,271.7,250.25,254.15,655661,267944,13114
BLUEDART,22-SEP-2021,6227.95,6495.0,6196.1,6421.2,50498,28543,8674
BLUESTARCO,22-SEP-2021,837.0,855.0,832.75,849.95,65356,35261,7217
BODALCHEM,22-SEP-2021,107.7,111.7,107.3,109.75,701846,254152,7409
BOMDYEING,22-SEP-2021,90.55,95.6,90.55,93.9,3895838,793878,22113
BOROLTD,22-SEP-2021,220.0,223.1,218.55,221.7,104477,40170,4116
BORORENEW,22-SEP-2021,309.0,312.0,304.0,305.4,190537,135202,4521
BOSCHLTD,22-SEP-2021,15173.9,15344.95,15150.0,15301.5,37973,20256,6887
BPCL,22-SEP-2021,414.5,421.5,414.5,420.15,4820035,1880120,74752
BRIGADE,22-SEP-2021,413.0,421.65,398.55,407.15,2910873,395419,70619
BRITANNIA,22-SEP-2021,4082.0,4105.0,4049.1,4058.5,259937,166891,17603
BRNL,22-SEP-2021,29.1,29.2,28.45,29.05,50339,38724,752
BROOKS,22-SEP-2021,133.55,137.3,131.05,137.3,66658,41746,498
BSE,22-SEP-2021,1182.0,1191.0,1162.6,1170.2,223906,105597,13472
BSL,22-SEP-2021,62.5,62.65,60.05,61.6,17883,6829,426
BSLGOLDETF,22-SEP-2021,4269.95,4284.7,4266.0,4278.45,92,60,47
BSLNIFTY,22-SEP-2021,196.39,196.39,194.38,195.22,460,349,36
BSOFT,22-SEP-2021,412.7,442.0,411.0,434.85,4337194,1585312,66368
BURGERKING,22-SEP-2021,160.3,162.75,159.15,159.75,1010099,501987,13340
BUTTERFLY,22-SEP-2021,934.9,974.05,931.0,971.25,109629,65898,4081
BYKE,22-SEP-2021,30.95,33.75,30.5,32.45,393327,213504,2745
CADILAHC,22-SEP-2021,551.1,563.55,551.1,561.15,1468830,437306,27724
CALSOFT,22-SEP-2021,28.7,28.7,26.0,26.0,1708520,1129681,1873
CAMLINFINE,22-SEP-2021,173.0,175.2,171.2,172.25,280155,109618,5017
CAMS,22-SEP-2021,3464.0,3487.65,3400.55,3433.15,247761,152375,39922
CANBK,22-SEP-2021,155.8,159.1,155.0,156.85,11331789,3223138,48061
CANFINHOME,22-SEP-2021,628.0,664.85,627.3,653.6,4338651,1171196,79087
CANTABIL,22-SEP-2021,480.0,543.0,480.0,524.7,181042,88280,7853
CAPACITE,22-SEP-2021,163.2,171.3,163.0,166.1,585818,403848,6091
CAPLIPOINT,22-SEP-2021,880.8,932.0,874.35,899.25,656913,162753,31148
CAPTRUST,22-SEP-2021,94.0,96.0,93.45,94.3,6669,4156,141
CARBORUNIV,22-SEP-2021,867.9,875.0,845.95,850.05,68263,36080,6652
CAREERP,22-SEP-2021,152.5,160.0,152.5,156.4,18636,11832,625
CARERATING,22-SEP-2021,675.0,704.9,675.0,684.55,114857,44368,6246
CARTRADE,22-SEP-2021,1390.95,1409.6,1386.05,1396.05,142820,68794,14450
CASTROLIND,22-SEP-2021,138.0,139.75,137.8,139.2,587978,299440,6948
CCL,22-SEP-2021,389.6,399.75,387.0,389.3,315293,115822,11970
CEATLTD,22-SEP-2021,1314.0,1373.0,1314.0,1361.4,434849,158504,22923
CELEBRITY,22-SEP-2021,9.9,9.9,9.3,9.4,46549,25161,145
CENTENKA,22-SEP-2021,443.7,456.0,438.05,447.05,53829,29576,3893
CENTEXT,22-SEP-2021,9.35,9.4,9.2,9.25,165979,100323,474
CENTRALBK,22-SEP-2021,21.4,21.7,21.15,21.2,3829734,1293764,5976
CENTRUM,22-SEP-2021,34.0,34.0,32.3,32.7,916753,524006,4019
CENTUM,22-SEP-2021,507.0,532.0,500.0,514.5,28334,11608,2589
CENTURYPLY,22-SEP-2021,417.0,431.0,414.7,429.95,316079,188009,12079
CENTURYTEX,22-SEP-2021,843.1,924.0,839.8,911.55,2283584,643285,65400
CERA,22-SEP-2021,4475.0,4600.0,4425.0,4584.9,11515,5734,4198
CEREBRAINT,22-SEP-2021,57.0,57.0,56.3,56.55,64823,39928,991
CESC,22-SEP-2021,90.0,90.0,85.75,85.95,5932959,3134616,59318
CGCL,22-SEP-2021,507.75,510.2,500.0,502.2,50048,12695,3361
CHALET,22-SEP-2021,191.0,203.0,186.8,200.25,4499682,2111521,48276
CHAMBLFERT,22-SEP-2021,305.55,313.0,304.5,305.95,605655,321920,14514
CHEMBOND,22-SEP-2021,233.15,236.65,227.2,228.3,21910,13966,966
CHEMCON,22-SEP-2021,441.0,446.95,436.8,437.35,181219,97868,8127
CHEMFAB,22-SEP-2021,156.95,166.75,155.3,164.25,30672,19524,598
CHEMPLASTS,22-SEP-2021,548.0,564.4,544.0,552.15,1506950,1237403,19607
CHENNPETRO,22-SEP-2021,112.25,114.85,111.65,114.3,217064,85567,3703
CHOLAFIN,22-SEP-2021,577.0,586.0,568.85,571.05,2939574,1312181,55515
CHOLAHLDNG,22-SEP-2021,700.0,702.45,685.05,700.15,24141,12919,4071
CIGNITITEC,22-SEP-2021,548.2,564.85,546.3,561.05,61968,36413,2808
CIPLA,22-SEP-2021,952.25,974.25,951.65,963.5,2267730,1226519,56697
CLEAN,22-SEP-2021,2124.0,2182.0,2082.1,2122.6,1220096,327481,80096
CLEDUCATE,22-SEP-2021,133.95,137.4,130.95,136.55,37009,15637,823
CLNINDIA,22-SEP-2021,554.0,574.4,554.0,565.25,47459,23890,5037
CLSEL,22-SEP-2021,122.4,124.55,121.05,122.15,58608,25777,3418
CMICABLES,22-SEP-2021,45.0,45.5,43.6,44.15,74126,47469,953
COALINDIA,22-SEP-2021,157.25,162.5,155.0,162.1,18861877,5574049,100042
COCHINSHIP,22-SEP-2021,364.4,368.15,362.3,363.15,84698,41335,3649
COFFEEDAY,22-SEP-2021,31.75,32.55,31.1,32.55,3765311,2092771,6960
COFORGE,22-SEP-2021,5570.0,5649.0,5500.35,5560.35,348470,98247,42093
COLPAL,22-SEP-2021,1732.45,1735.9,1715.65,1720.4,198413,92767,13960
COMPINFO,22-SEP-2021,25.75,26.1,25.35,25.5,142057,81162,1158
COMPUSOFT,22-SEP-2021,13.7,13.75,13.35,13.5,52083,39620,309
CONCOR,22-SEP-2021,708.0,713.9,695.05,696.8,1019415,503751,22589
CONFIPET,22-SEP-2021,77.0,78.8,76.25,77.25,843477,318614,5654
CONSOFINVT,22-SEP-2021,131.5,139.15,131.5,135.4,22271,15966,287
CONTROLPR,22-SEP-2021,334.0,349.0,328.0,338.4,29149,17928,1705
CORALFINAC,22-SEP-2021,39.65,42.1,37.25,38.55,35566,23846,345
CORDSCABLE,22-SEP-2021,52.6,56.0,52.6,54.25,66093,31054,689
COROMANDEL,22-SEP-2021,806.1,825.6,806.1,818.75,376351,127502,21601
COSMOFILMS,22-SEP-2021,1493.9,1539.0,1477.8,1509.6,101932,37755,7600
COUNCODOS,22-SEP-2021,2.9,2.9,2.75,2.8,43525,27747,81
CPSEETF,22-SEP-2021,27.94,28.1,27.71,28.0,4410391,4030372,81453
CRAFTSMAN,22-SEP-2021,1982.25,1982.25,1962.0,1970.15,5994,3733,1122
CREATIVEYE,22-SEP-2021,3.2,3.2,3.2,3.2,100,100,2
CREDITACC,22-SEP-2021,642.8,650.25,631.35,648.4,100641,67665,7806
CRISIL,22-SEP-2021,2897.25,2950.0,2840.05,2915.75,29755,12363,5277
CROMPTON,22-SEP-2021,479.4,481.5,464.0,466.65,1875886,1276110,42084
CSBBANK,22-SEP-2021,299.5,307.0,299.0,301.8,173752,48505,6530
CTE,22-SEP-2021,57.55,58.35,53.5,58.35,45417,28272,342
CUB,22-SEP-2021,151.3,151.45,148.3,149.85,1020114,405215,11865
CUBEXTUB,22-SEP-2021,22.5,22.75,21.4,21.55,15991,10705,215
CUMMINSIND,22-SEP-2021,993.1,1026.35,987.55,1022.2,710873,227229,19619
CUPID,22-SEP-2021,229.35,232.25,227.2,228.25,22497,13512,1237
CYBERTECH,22-SEP-2021,158.55,163.4,158.0,159.1,62712,37279,2133
CYIENT,22-SEP-2021,1073.0,1111.5,1063.95,1090.9,427169,174171,34281
DAAWAT,22-SEP-2021,69.6,72.45,68.0,72.1,4815715,1982631,23832
DABUR,22-SEP-2021,654.0,654.0,647.55,648.4,877503,379379,25254
DALBHARAT,22-SEP-2021,2161.0,2221.5,2101.5,2127.3,237107,131106,22943
DALMIASUG,22-SEP-2021,412.0,416.0,407.95,410.85,41094,16216,2462
DANGEE,22-SEP-2021,197.45,197.45,189.5,191.5,9790,9559,52
DATAMATICS,22-SEP-2021,303.4,307.0,302.05,303.3,123896,74938,3902
DBCORP,22-SEP-2021,97.75,100.1,97.7,98.45,350899,169793,4823
DBL,22-SEP-2021,518.45,529.0,513.0,518.95,208435,36991,9651
DBREALTY,22-SEP-2021,26.05,27.05,25.6,27.05,952989,536228,1828
DCAL,22-SEP-2021,202.0,211.65,200.6,210.0,2051439,1113586,21962
DCBBANK,22-SEP-2021,90.5,91.55,89.6,90.7,2299039,904636,22905
DCMNVL,22-SEP-2021,214.9,216.4,208.0,209.7,29138,17058,567
DCMSHRIRAM,22-SEP-2021,1009.9,1047.0,986.65,1035.25,134000,74546,9156
DCW,22-SEP-2021,38.5,40.3,38.2,39.3,1436170,606194,5777
DECCANCE,22-SEP-2021,698.0,718.9,696.2,708.75,35877,16720,3114
DEEPAKFERT,22-SEP-2021,402.0,419.5,402.0,409.5,159349,107406,4092
DEEPAKNTR,22-SEP-2021,2446.35,2458.3,2409.4,2416.85,607772,196910,35816
DEEPINDS,22-SEP-2021,150.0,157.0,148.15,153.35,167418,81243,6304
DELPHIFX,22-SEP-2021,693.0,706.2,686.0,697.6,3740,2400,209
DELTACORP,22-SEP-2021,231.9,236.4,229.55,231.25,4471650,1179091,37299
DELTAMAGNT,22-SEP-2021,51.35,54.4,51.25,54.4,7564,5022,281
DEN,22-SEP-2021,48.3,50.1,48.3,48.65,1745532,546689,6032
DENORA,22-SEP-2021,325.15,330.0,323.2,324.7,10550,5536,585
DEVYANI,22-SEP-2021,117.0,120.35,115.9,119.65,5552538,3794552,23262
DFMFOODS,22-SEP-2021,347.95,357.0,344.1,352.45,34661,14189,2181
DHAMPURSUG,22-SEP-2021,293.25,304.0,293.25,300.1,254155,93476,6721
DHANBANK,22-SEP-2021,16.3,16.5,16.15,16.15,440142,225833,1305
DHANI,22-SEP-2021,181.7,187.5,179.55,181.4,1158192,582912,15840
DHANUKA,22-SEP-2021,813.45,834.8,809.5,825.85,80671,46267,5825
DHUNINV,22-SEP-2021,626.4,654.45,617.3,643.3,5953,4293,348
DIAMONDYD,22-SEP-2021,669.0,678.8,661.1,668.55,6201,2844,847
DICIND,22-SEP-2021,479.0,479.0,470.0,472.2,2319,1661,145
DISHTV,22-SEP-2021,21.05,21.5,19.5,19.75,56724405,20003079,49162
DIVISLAB,22-SEP-2021,5178.4,5187.15,5125.9,5139.9,199338,101875,27472
DIXON,22-SEP-2021,4051.1,4200.25,4025.65,4163.15,256361,107410,28093
DLF,22-SEP-2021,332.85,373.75,331.05,369.05,42525950,4451429,311908
DLINKINDIA,22-SEP-2021,139.2,141.3,137.5,138.15,160937,71916,4624
DMART,22-SEP-2021,4373.0,4420.0,4331.2,4378.65,243996,93493,32324
DODLA,22-SEP-2021,610.0,653.0,610.0,628.8,265973,65094,16634
DOLAT,22-SEP-2021,88.1,92.1,88.1,90.95,369132,222602,4763
DOLLAR,22-SEP-2021,368.25,377.8,368.25,374.9,91310,39011,3518
DONEAR,22-SEP-2021,59.5,60.35,59.5,59.85,55391,30130,623
DPABHUSHAN,22-SEP-2021,218.0,218.0,209.05,211.35,7780,4088,415
DPSCLTD,22-SEP-2021,15.0,15.2,14.8,14.95,28683,26942,237
DPWIRES,22-SEP-2021,220.05,224.8,215.05,219.25,15889,9231,521
DRCSYSTEMS,22-SEP-2021,256.1,275.0,252.25,269.0,404,265,77
DREDGECORP,22-SEP-2021,353.4,358.7,351.5,352.6,34446,11324,2122
DRREDDY,22-SEP-2021,4854.2,4878.8,4812.05,4846.35,250729,129978,25563
DSSL,22-SEP-2021,144.5,154.7,141.6,150.05,108295,57038,3439
DTIL,22-SEP-2021,277.3,282.0,275.1,276.9,5045,2880,460
DVL,22-SEP-2021,284.8,290.0,282.0,283.55,34927,22281,1430
DWARKESH,22-SEP-2021,69.0,70.45,68.25,68.6,843243,317308,6747
DYNAMATECH,22-SEP-2021,2870.0,3090.0,2851.0,2994.4,55709,18405,9625
DYNPRO,22-SEP-2021,528.15,544.0,525.05,530.1,45771,26508,3074
EASEMYTRIP,22-SEP-2021,607.5,648.9,603.7,620.7,1405701,572743,39434
EASTSILK,22-SEP-2021,3.5,3.55,3.4,3.5,52154,38051,86
EBANK,22-SEP-2021,4136.0,4136.0,3870.0,4134.77,17,8,12
EBBETF0423,22-SEP-2021,1145.58,1147.0,1145.58,1146.21,2232,2095,42
EBBETF0425,22-SEP-2021,1072.5,1072.5,1070.08,1071.39,1102,894,59
EBBETF0430,22-SEP-2021,1184.9,1186.97,1182.35,1185.44,5872,5270,103
EBBETF0431,22-SEP-2021,1061.38,1070.0,1059.04,1062.07,3283,2538,83
ECLERX,22-SEP-2021,2291.0,2311.8,2262.2,2287.85,112513,104211,5199
EDELWEISS,22-SEP-2021,78.8,80.95,78.8,79.8,1332303,552092,7531
EICHERMOT,22-SEP-2021,2860.0,2879.5,2825.0,2842.85,424342,140749,24871
EIDPARRY,22-SEP-2021,424.75,444.0,423.0,442.5,346777,197143,14383
EIHAHOTELS,22-SEP-2021,344.0,369.0,334.95,359.05,106998,22560,5573
EIHOTEL,22-SEP-2021,112.25,117.45,112.1,115.35,2002753,754602,23242
EIMCOELECO,22-SEP-2021,396.95,408.0,395.3,400.15,5651,2662,391
EKC,22-SEP-2021,117.0,122.95,115.4,122.95,253230,194306,1976
ELECON,22-SEP-2021,165.85,171.6,163.2,167.5,787201,261172,11530
ELECTCAST,22-SEP-2021,37.3,38.3,36.8,37.0,456688,214137,2103
ELECTHERM,22-SEP-2021,126.0,126.0,122.5,122.95,13371,9262,366
ELGIEQUIP,22-SEP-2021,204.0,211.7,203.95,208.0,108368,59439,4971
ELGIRUBCO,22-SEP-2021,38.0,39.35,37.35,38.25,31726,15667,618
EMAMILTD,22-SEP-2021,583.7,593.0,579.35,584.6,324129,196593,21445
EMAMIPAP,22-SEP-2021,162.85,162.85,159.5,160.05,54334,28178,1696
EMAMIREAL,22-SEP-2021,69.55,73.05,69.5,73.0,160315,77664,1009
EMKAY,22-SEP-2021,115.75,118.95,115.75,117.1,30382,16345,1510
EMMBI,22-SEP-2021,106.6,109.1,104.15,105.75,44466,24610,1174
ENDURANCE,22-SEP-2021,1610.0,1615.95,1579.95,1601.0,19511,9375,2968
ENERGYDEV,22-SEP-2021,9.45,9.45,9.1,9.15,69789,58873,222
ENGINERSIN,22-SEP-2021,72.9,74.8,72.5,73.9,1792316,810884,10377
ENIL,22-SEP-2021,190.0,200.0,187.4,190.5,146094,78882,3312
EPL,22-SEP-2021,252.2,259.15,249.65,256.7,592221,225245,16260
EQ30,22-SEP-2021,433.0,433.38,427.01,431.4,617,256,91
EQUITAS,22-SEP-2021,120.0,121.3,117.8,118.0,353155,231493,7134
EQUITASBNK,22-SEP-2021,60.0,60.0,59.1,59.55,364408,199558,3354
ERIS,22-SEP-2021,760.0,766.9,745.0,750.25,50623,22262,3079
EROSMEDIA,22-SEP-2021,19.5,20.1,19.2,20.1,946585,551916,2035
ESABINDIA,22-SEP-2021,2282.0,2282.0,2210.0,2216.5,4381,2247,1051
ESCORTS,22-SEP-2021,1475.05,1542.0,1455.0,1520.15,2890213,616799,98117
ESSARSHPNG,22-SEP-2021,9.85,10.05,9.45,9.75,182007,130671,498
ESTER,22-SEP-2021,141.0,143.5,138.1,140.75,118265,50594,4810
EVEREADY,22-SEP-2021,350.2,355.45,345.1,347.75,258981,146138,6548
EVERESTIND,22-SEP-2021,429.85,435.75,422.1,430.85,42107,14340,7088
EXCELINDUS,22-SEP-2021,1031.45,1060.0,997.05,1007.05,42557,23093,5848
EXIDEIND,22-SEP-2021,179.1,184.0,178.95,182.5,7150556,3276779,66952
EXXARO,22-SEP-2021,150.9,154.8,149.75,151.0,363552,144562,6563
FACT,22-SEP-2021,119.8,124.85,119.8,122.85,170956,42296,6064
FAIRCHEMOR,22-SEP-2021,1830.0,1884.0,1812.4,1861.85,32031,16250,3929
FCL,22-SEP-2021,133.8,141.5,132.15,138.05,1834229,745227,19494
FCONSUMER,22-SEP-2021,7.35,7.45,7.3,7.35,3132336,1484591,2139
FDC,22-SEP-2021,354.1,358.0,345.5,353.5,151470,61178,6584
FEDERALBNK,22-SEP-2021,80.4,81.65,79.9,81.1,10697315,3926180,28847
FEL,22-SEP-2021,8.85,9.0,8.45,8.7,1164570,706898,1446
FELDVR,22-SEP-2021,11.95,12.1,11.85,12.0,16255,8606,103
FIEMIND,22-SEP-2021,1121.9,1144.6,1114.5,1142.35,75467,47915,7396
FILATEX,22-SEP-2021,103.0,103.55,100.7,101.0,247328,132511,3217
FINCABLES,22-SEP-2021,497.0,497.0,477.15,490.55,181950,60908,8147
FINEORG,22-SEP-2021,3156.0,3211.2,3110.0,3164.9,41998,23517,14292
FINPIPE,22-SEP-2021,189.7,196.0,187.35,194.7,987136,582732,21710
FLEXITUFF,22-SEP-2021,14.65,15.35,14.6,15.35,55987,53575,114
FLFL,22-SEP-2021,56.2,56.9,55.0,55.55,94361,48338,1634
FLUOROCHEM,22-SEP-2021,1705.0,1749.9,1704.2,1729.15,140159,94374,8738
FMGOETZE,22-SEP-2021,277.9,279.5,269.3,271.05,90336,46849,2701
FMNL,22-SEP-2021,8.85,9.2,8.75,8.9,140782,93550,441
FORCEMOT,22-SEP-2021,1467.0,1495.55,1450.1,1460.1,57809,15365,5345
FORTIS,22-SEP-2021,267.4,269.8,263.25,265.25,2020872,843160,29162
FOSECOIND,22-SEP-2021,1451.45,1495.0,1451.45,1482.55,1247,897,173
FRETAIL,22-SEP-2021,47.15,48.05,47.15,47.65,885924,526629,5090
FSC,22-SEP-2021,72.55,74.1,71.55,72.4,28721,14071,660
FSL,22-SEP-2021,197.6,204.3,197.45,201.0,3716672,883420,28718
GABRIEL,22-SEP-2021,143.4,149.0,142.55,146.35,877182,333965,12165
GAEL,22-SEP-2021,173.25,175.8,172.45,173.75,189498,92122,3980
GAIL,22-SEP-2021,150.9,152.15,149.4,150.0,11442500,6133947,51449
GAL,22-SEP-2021,2.25,2.3,2.2,2.3,557877,269068,368
GALAXYSURF,22-SEP-2021,3360.9,3441.05,3328.1,3418.0,38884,13617,7040
GALLANTT,22-SEP-2021,75.8,77.0,71.75,74.1,99052,50442,1366
GALLISPAT,22-SEP-2021,54.0,55.95,53.5,54.0,61381,28086,574
GANDHITUBE,22-SEP-2021,450.6,463.95,450.05,456.1,8531,4981,671
GANECOS,22-SEP-2021,512.0,524.55,507.7,511.6,34052,22051,1919
GANESHBE,22-SEP-2021,85.3,86.0,84.1,84.85,81318,54556,1071
GANESHHOUC,22-SEP-2021,149.0,160.0,149.0,150.4,63138,33952,1030
GANGAFORGE,22-SEP-2021,14.45,14.75,13.9,14.45,1066283,583971,2827
GANGESSECU,22-SEP-2021,91.5,91.5,88.2,88.85,15100,11106,389
GARFIBRES,22-SEP-2021,3421.1,3445.55,3370.0,3382.6,10965,6127,2445
GATI,22-SEP-2021,138.4,144.4,138.0,141.2,925318,306406,11405
GAYAPROJ,22-SEP-2021,52.65,54.3,52.25,53.4,1229723,805757,4525
GDL,22-SEP-2021,243.05,245.0,238.0,239.1,96379,62955,3786
GEECEE,22-SEP-2021,142.25,147.55,142.25,144.45,12141,6651,559
GEEKAYWIRE,22-SEP-2021,81.5,84.85,81.5,83.0,4548,3291,88
GENCON,22-SEP-2021,43.9,44.1,42.45,43.1,27371,14034,289
GENESYS,22-SEP-2021,155.05,155.05,155.05,155.05,10033,10033,87
GENUSPOWER,22-SEP-2021,61.6,63.45,61.3,62.65,428379,204159,3239
GEOJITFSL,22-SEP-2021,78.9,78.9,76.4,76.7,219572,111701,2835
GEPIL,22-SEP-2021,309.7,315.0,308.4,311.3,134162,114334,3730
GESHIP,22-SEP-2021,374.0,374.0,365.25,367.95,336733,222833,7221
GET&D,22-SEP-2021,131.85,132.4,130.15,131.25,105631,50050,2743
GFLLIMITED,22-SEP-2021,76.7,82.0,76.0,78.45,1876332,687153,19789
GHCL,22-SEP-2021,384.5,404.0,381.7,396.2,807835,245071,18979
GICHSGFIN,22-SEP-2021,146.0,153.25,145.15,150.35,387228,124930,6803
GICRE,22-SEP-2021,145.45,145.65,143.5,143.9,503125,293571,9030
GILLETTE,22-SEP-2021,5970.0,6040.6,5910.0,5927.4,8124,3408,2432
GINNIFILA,22-SEP-2021,33.2,33.4,32.65,33.05,61746,43538,438
GIPCL,22-SEP-2021,80.05,81.4,79.8,80.45,276662,120794,3297
GISOLUTION,22-SEP-2021,2.9,2.9,2.7,2.9,6443,5743,36
GKWLIMITED,22-SEP-2021,650.0,660.0,645.6,655.0,332,201,102
GLAND,22-SEP-2021,3900.1,3933.0,3863.05,3877.15,39787,17768,7397
GLAXO,22-SEP-2021,1505.0,1518.2,1498.1,1500.75,35381,24374,3329
GLENMARK,22-SEP-2021,507.9,514.55,507.35,511.95,999987,230373,23272
GLFL,22-SEP-2021,3.25,3.25,3.15,3.25,3658,3658,14
GLOBAL,22-SEP-2021,45.1,46.85,44.6,46.25,4706,2814,190
GLOBALVECT,22-SEP-2021,52.05,52.85,50.1,51.6,8469,5964,158
GLS,22-SEP-2021,679.5,699.9,678.9,691.15,169208,74450,8482
GMBREW,22-SEP-2021,573.65,589.45,570.65,576.15,41602,13556,2877
GMDCLTD,22-SEP-2021,66.45,70.45,66.45,69.85,1659079,447753,9423
GMMPFAUDLR,22-SEP-2021,4370.25,4573.85,4370.25,4501.1,43293,18500,7619
GMRINFRA,22-SEP-2021,35.5,36.45,34.6,36.25,48916676,9393071,90483
GNA,22-SEP-2021,845.9,851.1,834.0,848.55,79763,47176,4322
GNFC,22-SEP-2021,386.2,401.5,384.0,388.15,4359640,1394880,64746
GOACARBON,22-SEP-2021,359.7,364.2,352.25,353.5,20797,11308,943
GOCLCORP,22-SEP-2021,259.0,286.0,259.0,279.25,84653,56577,2763
GODFRYPHLP,22-SEP-2021,1046.35,1084.0,1041.7,1063.1,133622,42601,10656
GODREJAGRO,22-SEP-2021,645.85,659.3,645.85,650.65,80031,38941,5083
GODREJCP,22-SEP-2021,1081.25,1082.0,1050.0,1054.45,1596402,1006315,45371
GODREJIND,22-SEP-2021,558.7,570.0,550.0,567.3,490081,189110,14746
GODREJPROP,22-SEP-2021,1738.95,1973.0,1726.7,1951.1,5971823,685864,209433
GOKEX,22-SEP-2021,189.0,197.45,188.95,196.7,144694,67784,2234
GOKUL,22-SEP-2021,27.35,27.85,27.1,27.25,17373,12819,230
GOKULAGRO,22-SEP-2021,38.6,40.8,38.6,38.85,75855,54884,550
GOLDBEES,22-SEP-2021,40.64,40.67,40.41,40.6,3523204,2865252,17640
GOLDENTOBC,22-SEP-2021,109.0,111.75,106.3,111.75,93226,72897,1583
GOLDIAM,22-SEP-2021,980.0,995.0,946.65,960.3,199814,65423,13777
GOLDSHARE,22-SEP-2021,41.45,41.6,41.15,41.4,47678,34096,332
GOODLUCK,22-SEP-2021,288.6,300.45,282.0,283.85,147287,100137,2874
GOODYEAR,22-SEP-2021,1025.0,1048.0,1025.0,1040.2,43879,17085,3554
GPPL,22-SEP-2021,102.0,103.2,101.5,102.0,324213,198874,5857
GPTINFRA,22-SEP-2021,85.0,91.85,85.0,89.85,196383,138578,1146
GRANULES,22-SEP-2021,321.0,327.95,319.55,323.45,1371447,457153,16986
GRAPHITE,22-SEP-2021,607.95,607.95,595.35,599.7,360390,225223,19649
GRASIM,22-SEP-2021,1551.3,1582.65,1546.95,1574.65,916746,442387,32892
GRAUWEIL,22-SEP-2021,60.3,64.5,59.55,62.8,203400,122283,3207
GRAVITA,22-SEP-2021,193.6,199.0,191.1,194.25,387991,132893,7460
GREAVESCOT,22-SEP-2021,135.9,138.9,135.3,136.5,1289645,447765,15084
GREENLAM,22-SEP-2021,1371.8,1401.0,1371.8,1383.45,3026,2058,338
GREENPLY,22-SEP-2021,172.9,176.0,171.95,174.3,99006,49740,2225
GREENPOWER,22-SEP-2021,3.15,3.2,3.05,3.1,1587024,859571,1496
GRINDWELL,22-SEP-2021,1384.0,1392.05,1369.25,1374.95,30322,15180,3712
GRINFRA,22-SEP-2021,1800.0,2047.0,1781.0,1948.05,1191254,195179,106067
GROBTEA,22-SEP-2021,1028.55,1030.0,1006.05,1016.2,156,119,42
GRPLTD,22-SEP-2021,969.45,984.95,963.95,965.55,1162,830,143
GRSE,22-SEP-2021,191.95,193.35,189.6,190.8,55544,27556,1785
GSCLCEMENT,22-SEP-2021,49.5,50.2,49.0,49.3,158034,78219,1688
GSFC,22-SEP-2021,113.5,117.0,113.3,114.65,2889472,1238757,19437
GSPL,22-SEP-2021,317.0,320.5,311.6,313.35,1382399,886256,43843
GSS,22-SEP-2021,85.5,86.3,83.15,83.45,56771,29433,1313
GTNTEX,22-SEP-2021,7.1,7.3,7.1,7.3,1698,1698,4
GTPL,22-SEP-2021,229.0,234.15,223.0,225.8,79778,21568,4608
GUFICBIO,22-SEP-2021,196.9,201.1,196.3,197.55,94330,42068,2708
GUJALKALI,22-SEP-2021,487.8,562.0,485.05,540.5,6216163,978067,124338
GUJAPOLLO,22-SEP-2021,219.5,219.5,212.75,214.65,6756,4617,195
GUJGASLTD,22-SEP-2021,634.1,641.2,623.0,624.5,1303524,605475,69976
GULFOILLUB,22-SEP-2021,608.9,614.95,592.0,596.3,39007,21305,3095
GULFPETRO,22-SEP-2021,54.3,55.25,53.55,54.55,39473,25402,607
HAL,22-SEP-2021,1355.1,1374.8,1340.05,1356.85,616549,126669,26132
HAPPSTMNDS,22-SEP-2021,1450.0,1475.85,1430.0,1444.8,647588,335709,42287
HARRMALAYA,22-SEP-2021,194.0,199.95,193.5,196.2,96818,28251,4627
HATHWAY,22-SEP-2021,24.7,25.7,24.7,25.0,11585856,6888341,10593
HATSUN,22-SEP-2021,1405.0,1424.0,1380.25,1405.9,29981,16201,3232
HAVELLS,22-SEP-2021,1411.1,1443.4,1409.0,1420.45,1337462,588158,43391
HBANKETF,22-SEP-2021,377.61,377.61,368.02,369.15,1454,1223,87
HBLPOWER,22-SEP-2021,47.9,50.75,47.45,49.3,1304397,477262,7677
HBSL,22-SEP-2021,38.8,39.7,37.6,38.95,7862,6091,163
HCC,22-SEP-2021,9.8,10.0,9.65,9.7,3237306,1777326,2632
HCG,22-SEP-2021,244.95,252.0,242.3,243.9,355482,205020,9756
HCL-INSYS,22-SEP-2021,13.65,13.95,13.3,13.6,666451,412507,3024
HCLTECH,22-SEP-2021,1300.0,1328.65,1299.6,1315.5,5367303,2673325,161948
HDFC,22-SEP-2021,2765.0,2773.95,2717.7,2734.7,3054547,2087590,119928
HDFCAMC,22-SEP-2021,3201.0,3240.0,3163.0,3213.1,301230,143284,28410
HDFCBANK,22-SEP-2021,1549.0,1550.15,1530.0,1533.7,5291101,3043041,204046
HDFCLIFE,22-SEP-2021,733.4,740.05,731.0,733.05,1150957,604275,50907
HDFCMFGETF,22-SEP-2021,41.85,41.85,41.47,41.67,223884,138022,943
HDFCNIFETF,22-SEP-2021,187.8,188.89,186.5,187.55,12251,8769,325
HDFCSENETF,22-SEP-2021,630.0,641.99,630.0,633.89,2029,1381,212
HEG,22-SEP-2021,2160.0,2183.35,2160.0,2168.9,43871,22479,5332
HEIDELBERG,22-SEP-2021,261.0,261.0,256.25,256.65,673103,589845,7966
HEMIPROP,22-SEP-2021,132.75,142.15,132.6,137.6,2253314,802018,24010
HERANBA,22-SEP-2021,772.4,824.0,772.4,810.8,985093,368590,39918
HERCULES,22-SEP-2021,139.55,143.9,138.75,139.85,81984,23625,5018
HERITGFOOD,22-SEP-2021,473.9,480.35,460.35,467.6,79632,36689,5009
HEROMOTOCO,22-SEP-2021,2850.0,2860.0,2825.1,2847.2,561230,373345,32564
HESTERBIO,22-SEP-2021,2547.15,2590.0,2529.8,2542.55,11788,5148,2507
HGINFRA,22-SEP-2021,621.1,646.35,620.8,626.1,175502,92667,8925
HIKAL,22-SEP-2021,650.4,668.55,638.0,641.95,189609,80791,8794
HIL,22-SEP-2021,5160.95,5350.0,5129.0,5290.35,16789,9587,3367
HILTON,22-SEP-2021,13.65,14.5,13.25,13.4,21721,13291,119
HINDALCO,22-SEP-2021,452.9,464.4,452.2,463.0,13613171,6263306,150989
HINDCOMPOS,22-SEP-2021,338.0,341.0,326.1,328.9,53590,20528,3006
HINDCON,22-SEP-2021,62.75,63.45,61.65,62.15,15688,11834,217
HINDCOPPER,22-SEP-2021,110.05,112.7,110.0,111.4,3862683,1648957,23719
HINDMOTORS,22-SEP-2021,7.5,7.7,7.1,7.25,420942,277063,917
HINDOILEXP,22-SEP-2021,207.9,211.4,200.7,202.5,1024112,385513,13125
HINDPETRO,22-SEP-2021,271.5,278.4,270.8,276.6,2202641,774605,33998
HINDUNILVR,22-SEP-2021,2827.9,2839.9,2774.0,2784.5,1580594,1056755,84942
HINDZINC,22-SEP-2021,319.5,319.85,314.4,317.8,975106,454466,15633
HIRECT,22-SEP-2021,189.3,193.85,188.65,189.55,18794,10201,905
HISARMETAL,22-SEP-2021,129.85,129.85,125.35,126.2,8973,5727,232
HITECH,22-SEP-2021,597.15,607.2,590.85,603.05,35422,18554,2114
HITECHCORP,22-SEP-2021,226.45,226.45,215.0,220.75,11748,5425,954
HITECHGEAR,22-SEP-2021,263.0,271.5,259.95,266.15,9990,6181,344
HLEGLAS,22-SEP-2021,6088.0,6750.0,5771.75,6480.95,129684,27160,30715
HLVLTD,22-SEP-2021,9.1,9.7,9.1,9.35,408231,219055,643
HMVL,22-SEP-2021,77.0,78.4,75.5,77.1,146749,74281,2236
HNDFDS,22-SEP-2021,1946.3,2035.0,1945.0,2011.65,7063,4420,1412
HNGSNGBEES,22-SEP-2021,324.61,324.99,310.1,316.08,10792,6416,315
HOMEFIRST,22-SEP-2021,548.5,569.9,544.0,564.25,82737,40764,6163
HONAUT,22-SEP-2021,43448.9,44180.8,42939.7,43646.35,4693,3212,2394
HONDAPOWER,22-SEP-2021,1175.0,1197.95,1165.2,1171.45,7767,5069,853
HPL,22-SEP-2021,70.9,70.9,69.0,69.3,73508,50543,1353
HSCL,22-SEP-2021,53.7,55.65,52.35,53.8,19475161,5238358,62979
HSIL,22-SEP-2021,223.7,228.8,219.2,223.1,82535,31780,2495
HTMEDIA,22-SEP-2021,25.5,25.75,24.65,24.9,517535,273910,3391
HUDCO,22-SEP-2021,43.05,43.85,42.9,43.35,1551755,477586,5940
HUHTAMAKI,22-SEP-2021,274.5,274.5,268.0,270.15,57167,28056,2144
IBMFNIFTY,22-SEP-2021,176.6,176.86,173.65,174.9,252,150,40
IBREALEST,22-SEP-2021,134.2,148.35,133.05,145.2,23878994,9532468,124559
IBULHSGFIN,22-SEP-2021,209.75,224.6,209.75,220.9,22508959,6831057,161486
ICEMAKE,22-SEP-2021,75.0,75.1,73.25,74.45,11093,9939,105
ICICI500,22-SEP-2021,249.54,249.54,246.4,247.89,1359,1305,166
ICICIALPLV,22-SEP-2021,187.7,187.7,180.52,182.85,207000,203601,263
ICICIB22,22-SEP-2021,43.99,44.45,43.28,44.01,2569223,2400940,4324
ICICIBANK,22-SEP-2021,715.0,715.0,702.25,703.35,9740470,5715053,209079
ICICIBANKN,22-SEP-2021,384.7,384.7,368.0,368.2,4193,2931,241
ICICIBANKP,22-SEP-2021,192.24,193.1,190.77,192.02,12326,7836,193
ICICIFMCG,22-SEP-2021,416.0,417.5,415.0,416.8,1507,1423,82
ICICIGI,22-SEP-2021,1640.9,1675.0,1618.0,1627.7,776299,283182,33158
ICICIGOLD,22-SEP-2021,41.23,42.03,41.23,41.64,456319,437473,2496
ICICILIQ,22-SEP-2021,1000.0,1000.01,999.99,999.99,43494,40588,63
ICICILOVOL,22-SEP-2021,146.35,146.35,142.55,144.75,343038,336909,1090
ICICIM150,22-SEP-2021,113.87,116.7,111.77,113.69,9879,6937,376
ICICIMCAP,22-SEP-2021,104.9,106.49,103.9,106.22,6265,2581,373
ICICINF100,22-SEP-2021,193.99,193.99,191.2,193.26,3621,2600,308
ICICINIFTY,22-SEP-2021,198.86,198.86,186.05,188.38,77619,58432,3949
ICICINV20,22-SEP-2021,97.49,97.6,96.0,97.29,12921,8126,1165
ICICINXT50,22-SEP-2021,43.87,43.89,43.05,43.79,19968,13442,841
ICICIPHARM,22-SEP-2021,90.8,91.0,90.5,90.81,3653,2574,81
ICICIPRULI,22-SEP-2021,694.95,698.55,685.8,687.85,836209,495899,31665
ICICISENSX,22-SEP-2021,641.99,642.2,638.6,641.01,576,447,99
ICICITECH,22-SEP-2021,362.6,387.5,362.6,371.59,215991,206942,680
ICIL,22-SEP-2021,253.45,265.5,253.45,263.45,326396,106400,8082
ICRA,22-SEP-2021,3526.3,3595.6,3525.0,3581.75,2531,1454,500
IDBI,22-SEP-2021,39.1,39.35,38.25,38.45,11835011,4396745,14037
IDBIGOLD,22-SEP-2021,4289.15,4332.2,4279.0,4300.8,61,41,36
IDEA,22-SEP-2021,10.7,10.7,10.3,10.4,332186145,93397737,183300
IDFC,22-SEP-2021,55.0,57.9,54.25,55.65,10877390,3869021,18090
IDFCFIRSTB,22-SEP-2021,48.6,48.9,48.15,48.5,16221167,3223548,25052
IDFNIFTYET,22-SEP-2021,184.17,184.28,184.17,184.28,30,30,2
IEX,22-SEP-2021,586.9,604.8,586.0,600.65,4052288,889717,80156
IFBAGRO,22-SEP-2021,559.05,572.0,556.85,562.45,8646,4431,565
IFBIND,22-SEP-2021,1198.7,1225.0,1184.8,1205.6,91676,34190,6617
IFCI,22-SEP-2021,12.2,12.35,12.0,12.05,2389403,1210059,16769
IFGLEXPOR,22-SEP-2021,302.05,316.0,301.65,310.15,87872,35746,4519
IGARASHI,22-SEP-2021,515.15,523.0,510.1,513.45,38035,18101,2506
IGL,22-SEP-2021,550.2,553.85,536.15,537.65,2102574,1152526,40340
IGPL,22-SEP-2021,721.05,764.7,721.05,744.0,415827,165318,20386
IIFL,22-SEP-2021,274.0,284.5,271.3,277.35,578507,347709,5147
IIFLSEC,22-SEP-2021,92.45,95.0,91.95,92.9,193456,120095,1979
IIFLWAM,22-SEP-2021,1542.75,1600.0,1542.75,1590.2,57538,47320,2935
IITL,22-SEP-2021,69.0,69.95,66.9,68.4,4242,1762,227
IMAGICAA,22-SEP-2021,7.85,7.95,7.5,7.7,82719,47176,195
IMPAL,22-SEP-2021,775.0,775.0,756.75,760.25,965,684,94
INDBANK,22-SEP-2021,23.75,23.75,22.6,22.95,80642,41673,461
INDHOTEL,22-SEP-2021,165.0,176.95,163.3,173.1,24926771,5475253,137313
INDIACEM,22-SEP-2021,175.95,181.35,175.8,179.75,1478348,434158,13621
INDIAGLYCO,22-SEP-2021,689.9,695.7,675.0,678.1,150402,60008,6434
INDIAMART,22-SEP-2021,8224.0,8800.0,8200.5,8614.0,362230,70922,61050
INDIANB,22-SEP-2021,130.7,135.9,130.05,132.0,2542358,1050069,20907
INDIANHUME,22-SEP-2021,197.0,204.8,195.85,198.9,71705,18431,2608
INDIGO,22-SEP-2021,2255.0,2307.15,2180.1,2188.3,2111974,348792,97760
INDIGOPNTS,22-SEP-2021,2556.0,2603.0,2535.0,2593.5,46460,38652,3959
INDLMETER,22-SEP-2021,12.2,12.2,11.8,11.85,12578,7518,93
INDNIPPON,22-SEP-2021,344.8,350.0,339.2,341.05,25061,16303,1453
INDOCO,22-SEP-2021,463.0,473.1,455.55,465.05,167472,83778,6896
INDORAMA,22-SEP-2021,50.7,50.85,49.25,49.95,75532,60545,431
INDOSTAR,22-SEP-2021,285.65,290.0,282.25,288.6,106797,67042,3613
INDOTHAI,22-SEP-2021,90.25,90.3,88.05,89.7,14926,10571,288
INDRAMEDCO,22-SEP-2021,77.95,83.0,77.0,82.45,849604,475993,8205
INDSWFTLAB,22-SEP-2021,64.0,65.6,63.7,64.1,100197,76762,955
INDTERRAIN,22-SEP-2021,40.0,40.75,39.1,39.8,243330,151694,840
INDUSINDBK,22-SEP-2021,1145.0,1157.85,1128.2,1141.4,5587136,2077292,112854
INDUSTOWER,22-SEP-2021,271.45,275.65,269.55,273.35,5998444,1148502,41450
INEOSSTYRO,22-SEP-2021,1338.5,1382.5,1334.25,1367.9,16670,8727,2400
INFIBEAM,22-SEP-2021,41.5,42.55,41.4,41.55,2576487,1232465,8052
INFRABEES,22-SEP-2021,549.98,549.98,500.16,514.63,581,407,97
INFY,22-SEP-2021,1717.0,1738.9,1713.05,1716.9,4553892,2565643,162450
INGERRAND,22-SEP-2021,983.8,998.9,975.65,979.1,13243,6001,1747
INOXLEISUR,22-SEP-2021,324.5,384.0,324.5,359.75,7166595,1333176,130290
INOXWIND,22-SEP-2021,103.0,105.2,102.5,104.05,1397956,395845,7989
INSECTICID,22-SEP-2021,710.0,718.9,697.65,701.8,30098,12217,6769
INTELLECT,22-SEP-2021,681.8,696.5,674.85,686.55,358623,204877,12865
INTENTECH,22-SEP-2021,67.45,67.9,65.5,66.5,39708,30351,525
INTLCONV,22-SEP-2021,68.05,71.25,68.05,70.25,68563,47583,2472
INVENTURE,22-SEP-2021,3.05,3.05,2.85,2.9,6635385,5053268,4615
IOB,22-SEP-2021,20.8,21.1,20.35,20.6,4944739,1456984,7461
IOC,22-SEP-2021,115.05,116.8,115.05,116.45,7834585,2738885,42434
IOLCP,22-SEP-2021,571.9,577.0,560.0,564.7,259093,127324,10340
IPCALAB,22-SEP-2021,2450.0,2456.0,2411.1,2429.55,71891,19179,8963
IPL,22-SEP-2021,311.65,315.0,310.3,312.5,174575,81057,4896
IRB,22-SEP-2021,173.0,176.45,170.3,171.45,1720019,466810,11379
IRCON,22-SEP-2021,43.7,43.8,43.25,43.6,862713,508501,5422
IRCTC,22-SEP-2021,3674.0,3750.0,3640.5,3671.3,2908094,510572,215225
IRFC,22-SEP-2021,22.45,22.6,22.3,22.35,9723023,5692432,21666
ISEC,22-SEP-2021,729.95,748.75,729.95,744.35,247540,117168,14280
ISFT,22-SEP-2021,130.15,131.85,125.0,125.3,113784,85690,2210
ISGEC,22-SEP-2021,757.5,766.0,742.55,752.15,53290,28385,5855
ITC,22-SEP-2021,243.5,245.8,240.7,243.5,52621868,22171661,309101
ITDC,22-SEP-2021,422.5,434.35,418.15,424.45,273820,67632,10314
ITDCEM,22-SEP-2021,77.0,78.5,76.7,77.0,489341,247326,4638
ITI,22-SEP-2021,118.7,119.8,117.45,118.35,181537,72244,3346
IVC,22-SEP-2021,6.15,6.15,5.7,5.9,414133,315609,497
IVP,22-SEP-2021,121.1,121.95,115.05,116.35,6327,4887,111
IVZINGOLD,22-SEP-2021,4265.9,4265.9,4172.0,4187.75,83,70,32
IVZINNIFTY,22-SEP-2021,1922.95,1922.95,1922.95,1922.95,1,1,1
IZMO,22-SEP-2021,91.7,95.4,90.9,95.25,51726,31384,631
J&KBANK,22-SEP-2021,37.35,38.0,37.05,37.2,1765213,465779,5456
JAGRAN,22-SEP-2021,60.2,64.2,60.2,62.5,302008,107281,3811
JAGSNPHARM,22-SEP-2021,154.1,156.35,152.0,154.2,30778,16476,1114
JAIBALAJI,22-SEP-2021,51.5,52.85,50.4,52.75,68056,53322,586
JAICORPLTD,22-SEP-2021,123.5,133.95,123.1,130.95,8964201,1866270,58899
JAIPURKURT,22-SEP-2021,68.65,68.65,62.15,62.4,185549,126572,538
JAMNAAUTO,22-SEP-2021,90.55,95.3,90.3,91.8,1002877,339988,9253
JASH,22-SEP-2021,534.5,534.5,506.0,518.75,6733,4696,273
JAYAGROGN,22-SEP-2021,244.7,250.0,242.4,244.35,34614,20587,1029
JAYBARMARU,22-SEP-2021,181.6,188.5,181.25,186.3,34380,19622,1048
JAYSREETEA,22-SEP-2021,106.25,107.55,105.3,106.25,51814,25611,1520
JBCHEPHARM,22-SEP-2021,1756.0,1775.0,1727.35,1734.4,104671,71177,9542
JBMA,22-SEP-2021,462.45,466.0,455.45,460.3,33252,13353,2655
JCHAC,22-SEP-2021,2190.0,2219.0,2168.0,2174.65,12948,7722,2142
JHS,22-SEP-2021,24.45,24.75,24.05,24.3,65161,42433,495
JINDALPHOT,22-SEP-2021,113.95,114.0,111.2,112.2,9411,6538,490
JINDALPOLY,22-SEP-2021,1012.0,1022.65,1003.0,1007.35,40209,16551,3059
JINDALSAW,22-SEP-2021,114.8,118.8,113.7,116.75,1894250,663656,18804
JINDALSTEL,22-SEP-2021,363.0,371.7,358.85,365.95,7224345,1109037,70368
JINDRILL,22-SEP-2021,138.75,140.0,133.5,136.35,84080,42869,2311
JINDWORLD,22-SEP-2021,87.9,89.95,87.0,87.5,265337,87972,4671
JISLDVREQS,22-SEP-2021,22.2,23.0,21.75,23.0,156333,97701,406
JISLJALEQS,22-SEP-2021,35.75,37.1,35.35,37.1,5047379,2535151,6835
JKCEMENT,22-SEP-2021,3257.15,3289.0,3205.65,3215.45,30141,16359,4904
JKIL,22-SEP-2021,187.9,188.9,184.0,186.35,130012,67528,5929
JKLAKSHMI,22-SEP-2021,671.1,689.5,671.1,674.1,171010,84582,10556
JKPAPER,22-SEP-2021,232.75,240.3,232.05,235.8,1000593,208831,12769
JKTYRE,22-SEP-2021,150.2,156.95,150.2,155.4,2001517,452697,25821
JMA,22-SEP-2021,62.15,62.85,60.9,61.4,12098,9815,320
JMCPROJECT,22-SEP-2021,100.95,102.5,98.85,100.7,191896,106238,4769
JMFINANCIL,22-SEP-2021,90.2,91.5,89.65,90.05,1070192,494970,8754
JMTAUTOLTD,22-SEP-2021,2.7,2.8,2.65,2.7,341982,268684,424
JOCIL,22-SEP-2021,229.9,232.15,226.5,229.9,17898,9997,1086
JPASSOCIAT,22-SEP-2021,8.8,9.3,8.6,8.8,10509447,7295984,11502
JPINFRATEC,22-SEP-2021,2.0,2.0,1.95,2.0,1182337,987967,5845
JPOLYINVST,22-SEP-2021,57.55,57.55,57.55,57.55,9753,9753,13
JPPOWER,22-SEP-2021,4.4,4.45,4.3,4.35,6831460,5030074,10979
JSL,22-SEP-2021,158.0,161.95,156.9,161.15,1585585,592350,15256
JSLHISAR,22-SEP-2021,283.35,286.0,277.7,280.6,243517,106047,5412
JSWHL,22-SEP-2021,4784.55,4799.95,4680.35,4751.3,1564,745,595
JSWISPL,22-SEP-2021,32.85,33.45,32.05,32.6,1355952,734028,3228
JSWSTEEL,22-SEP-2021,671.8,683.4,666.2,678.55,8147214,2290310,97390
JTEKTINDIA,22-SEP-2021,105.25,108.9,104.5,106.05,265644,84338,5421
JUBLFOOD,22-SEP-2021,4155.55,4185.0,4097.45,4109.2,316466,138607,24716
JUBLINDS,22-SEP-2021,503.85,506.0,488.95,494.55,28451,14381,1816
JUBLINGREA,22-SEP-2021,774.0,787.8,755.0,761.1,1580448,720122,35068
JUBLPHARMA,22-SEP-2021,617.3,624.25,613.15,620.3,114013,65788,4788
JUMPNET,22-SEP-2021,9.1,9.1,8.5,8.55,913318,602500,1274
JUNIORBEES,22-SEP-2021,451.95,452.94,421.1,450.22,74592,49493,5241
JUSTDIAL,22-SEP-2021,979.7,990.0,975.6,986.55,421390,196387,9800
JYOTHYLAB,22-SEP-2021,166.0,168.55,165.1,166.2,285956,144185,6251
KABRAEXTRU,22-SEP-2021,235.95,245.9,235.95,243.25,89044,49238,3938
KAJARIACER,22-SEP-2021,1125.0,1182.9,1125.0,1178.95,210381,123617,10118
KAKATCEM,22-SEP-2021,238.4,241.9,237.25,239.65,8564,3449,556
KALPATPOWR,22-SEP-2021,394.3,399.55,386.0,397.05,566720,338652,16907
KALYANKJIL,22-SEP-2021,68.05,72.0,68.05,70.65,1579783,867076,11645
KAMATHOTEL,22-SEP-2021,48.1,53.75,48.1,52.5,650947,272778,6632
KAMDHENU,22-SEP-2021,190.85,192.3,186.9,190.0,55381,33252,1570
KANORICHEM,22-SEP-2021,214.0,221.55,203.45,213.3,149287,77150,2190
KANPRPLA,22-SEP-2021,174.9,174.9,170.05,171.35,9014,6418,340
KANSAINER,22-SEP-2021,622.7,622.7,614.1,618.8,237455,198224,9678
KARDA,22-SEP-2021,16.95,17.45,16.45,16.8,3243512,2122770,1850
KARURVYSYA,22-SEP-2021,48.4,49.75,48.0,48.6,3869133,1323413,23472
KAUSHALYA,22-SEP-2021,2.6,2.6,2.5,2.5,18164,15870,60
KAYA,22-SEP-2021,429.0,441.55,428.1,432.7,17505,8046,1015
KCP,22-SEP-2021,138.2,141.0,138.2,139.6,114667,69626,2459
KCPSUGIND,22-SEP-2021,21.5,21.85,21.3,21.45,145081,72279,583
KDDL,22-SEP-2021,443.65,443.65,416.0,420.8,4940,3217,279
KEC,22-SEP-2021,468.5,474.8,437.6,441.7,2424442,691021,59680
KECL,22-SEP-2021,17.0,17.45,16.55,16.75,88220,69770,382
KEERTI,22-SEP-2021,19.3,22.7,19.3,21.3,52933,34889,309
KEI,22-SEP-2021,857.0,871.1,842.4,850.2,415050,121989,14950
KELLTONTEC,22-SEP-2021,51.1,51.55,50.1,50.95,403691,203940,4023
KENNAMET,22-SEP-2021,1430.0,1459.0,1407.05,1419.0,10700,3511,2877
KESORAMIND,22-SEP-2021,73.65,74.0,72.0,72.65,433479,159345,4512
KEYFINSERV,22-SEP-2021,81.95,81.95,76.3,78.7,2420,1269,132
KHADIM,22-SEP-2021,234.25,234.35,230.9,231.6,42431,20646,4288
KHAICHEM,22-SEP-2021,56.3,59.55,56.3,58.65,50570,34294,627
KHANDSE,22-SEP-2021,17.9,17.9,17.0,17.15,4595,3035,66
KICL,22-SEP-2021,2215.5,2215.5,2101.0,2133.6,450,309,105
KILITCH,22-SEP-2021,174.0,174.0,164.15,168.1,10399,8285,220
KIMS,22-SEP-2021,1254.7,1260.0,1216.0,1224.45,96944,54720,6966
KINGFA,22-SEP-2021,1004.4,1059.0,999.8,1027.3,8392,6011,515
KIOCL,22-SEP-2021,250.0,253.3,247.25,251.2,40437,16614,4823
KIRIINDUS,22-SEP-2021,507.0,538.95,505.0,533.3,370033,128472,13424
KIRLFER,22-SEP-2021,230.0,238.55,230.0,235.05,151164,77044,5661
KIRLOSBROS,22-SEP-2021,359.1,362.75,347.2,351.05,64792,56626,1183
KIRLOSENG,22-SEP-2021,209.3,218.5,209.3,213.1,204468,135567,5100
KIRLOSIND,22-SEP-2021,1631.35,1713.8,1631.35,1691.5,20446,14310,2913
KITEX,22-SEP-2021,173.0,173.0,170.0,170.95,182321,102816,2974
KKCL,22-SEP-2021,882.55,900.2,862.6,875.0,2563,1219,357
KMSUGAR,22-SEP-2021,25.3,25.75,25.1,25.35,121024,54551,700
KNRCON,22-SEP-2021,290.7,299.0,287.7,288.6,849600,350101,14917
KOKUYOCMLN,22-SEP-2021,66.3,68.0,66.3,67.0,114218,54523,1121
KOLTEPATIL,22-SEP-2021,325.0,341.0,323.65,331.55,2761518,517905,44753
KOTAKBANK,22-SEP-2021,2016.5,2022.4,1978.8,1985.55,1911809,604977,77186
KOTAKBKETF,22-SEP-2021,380.0,380.0,372.98,373.52,17517,8647,478
KOTAKGOLD,22-SEP-2021,40.6,41.05,40.6,40.97,143842,101096,725
KOTAKIT,22-SEP-2021,36.5,36.9,35.76,36.69,40528,16282,241
KOTAKNIFTY,22-SEP-2021,183.0,187.35,183.0,185.04,27482,5932,389
KOTAKNV20,22-SEP-2021,97.2,99.5,97.2,99.23,15918,14245,261
KOTAKPSUBK,22-SEP-2021,233.1,236.98,231.5,232.47,12382,5818,251
KOTARISUG,22-SEP-2021,31.15,31.95,30.9,31.15,197675,121192,1591
KOTHARIPET,22-SEP-2021,51.85,56.15,51.15,54.5,258201,148224,2153
KOVAI,22-SEP-2021,1624.15,1675.0,1624.15,1667.7,4443,1619,1728
KPIGLOBAL,22-SEP-2021,134.75,134.75,125.15,126.85,68667,50397,750
KPITTECH,22-SEP-2021,321.9,343.9,316.95,338.1,4529467,2029774,65597
KPRMILL,22-SEP-2021,2109.85,2176.0,2082.35,2118.8,55151,27177,8213
KRBL,22-SEP-2021,264.0,275.0,261.25,272.75,1006977,306211,15182
KREBSBIO,22-SEP-2021,200.0,207.0,192.5,195.0,352415,126626,12402
KRIDHANINF,22-SEP-2021,4.1,4.15,3.9,4.05,201915,141016,235
KRISHANA,22-SEP-2021,170.95,171.5,168.05,171.0,14678,11599,232
KRSNAA,22-SEP-2021,791.0,820.9,775.05,793.2,285428,192627,12369
KSB,22-SEP-2021,1249.95,1293.7,1235.8,1274.6,78534,50237,6312
KSCL,22-SEP-2021,593.05,597.1,591.75,594.45,160459,98303,5666
KSL,22-SEP-2021,381.75,389.75,381.7,384.3,33778,11780,2573
KTKBANK,22-SEP-2021,69.1,71.9,68.65,70.4,3382779,1434141,13054
KUANTUM,22-SEP-2021,74.75,74.75,72.4,73.05,22669,15630,234
L&TFH,22-SEP-2021,84.0,86.95,83.9,86.3,8197808,2558855,30373
LALPATHLAB,22-SEP-2021,3989.9,4012.0,3962.3,3985.6,102578,42858,16495
LAOPALA,22-SEP-2021,293.3,302.0,290.1,294.6,151079,49773,5555
LASA,22-SEP-2021,71.2,85.2,71.2,76.45,424869,185668,5712
LAURUSLABS,22-SEP-2021,625.0,630.0,618.0,620.9,1628104,714421,39718
LAXMIMACH,22-SEP-2021,7900.0,8037.65,7833.7,7940.7,3719,1830,1260
LEMONTREE,22-SEP-2021,40.35,42.8,39.85,41.5,16282143,8318800,39601
LFIC,22-SEP-2021,78.95,79.7,78.95,79.05,418,396,49
LGBBROSLTD,22-SEP-2021,408.0,424.4,405.75,413.85,145382,72099,7552
LIBAS,22-SEP-2021,52.85,53.85,51.7,52.05,651823,235371,3489
LIBERTSHOE,22-SEP-2021,169.65,174.2,168.8,170.65,464527,133544,6428
LICHSGFIN,22-SEP-2021,409.5,435.9,408.7,430.7,9562593,3700700,113392
LICNETFGSC,22-SEP-2021,24.49,24.49,22.6,23.05,7419,4561,183
LICNETFN50,22-SEP-2021,184.5,188.75,184.5,185.21,690,471,89
LICNETFSEN,22-SEP-2021,637.75,637.75,627.0,633.52,551,91,143
LICNFNHGP,22-SEP-2021,177.77,179.99,173.6,178.01,709,442,79
LIKHITHA,22-SEP-2021,367.0,391.35,367.0,385.8,115542,30876,5768
LINCOLN,22-SEP-2021,397.0,405.9,394.2,396.6,595564,221924,13888
LINCPEN,22-SEP-2021,218.7,218.7,209.1,212.05,5634,2873,278
LINDEINDIA,22-SEP-2021,2616.0,2855.0,2600.0,2832.0,806936,189139,58826
LIQUIDBEES,22-SEP-2021,1002.4,1002.4,998.4,999.99,1762954,1566161,4681
LIQUIDETF,22-SEP-2021,999.99,1000.01,999.99,1000.0,5987,2051,55
LODHA,22-SEP-2021,1028.7,1074.5,1016.25,1054.8,524776,233776,22777
LOKESHMACH,22-SEP-2021,56.85,56.85,52.3,53.15,27128,19389,875
LOVABLE,22-SEP-2021,113.5,116.0,112.2,113.25,33581,16001,1041
LT,22-SEP-2021,1720.9,1730.0,1706.0,1710.9,1487933,910453,69608
LTI,22-SEP-2021,5770.1,5880.0,5722.8,5848.3,269591,80655,27603
LTTS,22-SEP-2021,4607.3,4746.8,4603.0,4682.3,485646,83513,41541
LUMAXIND,22-SEP-2021,1445.0,1479.0,1445.0,1453.55,1534,1045,261
LUMAXTECH,22-SEP-2021,136.75,137.95,135.6,136.45,55590,29807,2469
LUPIN,22-SEP-2021,930.1,944.0,929.7,940.0,1577549,951784,46808
LUXIND,22-SEP-2021,3839.95,3840.0,3711.0,3721.75,48843,24959,9952
LXCHEM,22-SEP-2021,550.0,565.35,545.0,564.7,6215882,1669536,101187
LYKALABS,22-SEP-2021,87.55,88.0,85.5,87.7,100770,81048,820
LYPSAGEMS,22-SEP-2021,4.45,4.6,4.3,4.5,25931,15517,101
M&M,22-SEP-2021,738.9,759.0,738.45,752.5,2287017,978650,65420
M&MFIN,22-SEP-2021,182.0,184.6,179.6,180.85,5658901,1889757,33048
MACPOWER,22-SEP-2021,184.7,184.7,171.6,177.2,2009,1131,87
MADHAV,22-SEP-2021,56.5,56.5,54.0,55.2,10186,6478,159
MADHUCON,22-SEP-2021,4.5,4.85,4.5,4.75,75705,40008,221
MADRASFERT,22-SEP-2021,29.0,29.7,29.0,29.1,121583,59562,760
MAESGETF,22-SEP-2021,30.98,30.98,29.36,30.09,5481,3152,70
MAFANG,22-SEP-2021,53.29,53.49,52.12,53.07,227934,168672,1982
MAFSETF,22-SEP-2021,18.34,18.34,18.11,18.15,154502,145724,227
MAGADSUGAR,22-SEP-2021,291.55,297.0,280.9,285.55,44684,25936,944
MAHABANK,22-SEP-2021,18.5,18.7,18.25,18.3,4796782,2494298,6851
MAHASTEEL,22-SEP-2021,91.0,92.15,90.6,91.3,15829,10662,582
MAHEPC,22-SEP-2021,136.5,139.3,132.5,133.8,117331,63699,2321
MAHESHWARI,22-SEP-2021,102.05,105.75,100.8,102.65,67327,46281,726
MAHINDCIE,22-SEP-2021,226.75,229.75,224.0,227.0,158156,55059,4529
MAHLIFE,22-SEP-2021,275.0,291.5,270.5,273.75,439610,225658,11291
MAHLOG,22-SEP-2021,724.4,765.0,720.05,741.7,315122,66124,19140
MAHSCOOTER,22-SEP-2021,4675.0,4802.45,4561.55,4600.6,24241,7671,4467
MAHSEAMLES,22-SEP-2021,312.85,318.8,312.55,316.7,45413,19262,2359
MAITHANALL,22-SEP-2021,955.25,987.05,955.25,973.7,129546,45116,8687
MAJESCO,22-SEP-2021,86.7,88.3,86.4,86.75,109727,61044,2366
MALUPAPER,22-SEP-2021,32.65,33.75,32.65,33.15,25508,12378,237
MAN50ETF,22-SEP-2021,182.0,182.0,180.28,180.99,3294,2903,91
MANAKALUCO,22-SEP-2021,19.25,20.8,19.0,19.5,158082,107613,830
MANAKCOAT,22-SEP-2021,14.35,14.95,13.65,14.75,303485,69268,466
MANAKSIA,22-SEP-2021,67.0,67.0,64.55,65.5,46131,24927,1315
MANAKSTEEL,22-SEP-2021,32.25,33.35,31.8,32.0,95442,77347,668
MANALIPETC,22-SEP-2021,106.5,106.8,103.15,104.65,690483,491280,7049
MANAPPURAM,22-SEP-2021,167.15,174.35,165.0,171.35,9197054,2917896,52174
MANGALAM,22-SEP-2021,145.6,147.0,143.35,145.65,40226,23245,1348
MANGCHEFER,22-SEP-2021,73.7,75.0,72.35,73.2,295187,157650,3972
MANGLMCEM,22-SEP-2021,463.85,468.05,454.55,457.45,35103,16886,2488
MANINDS,22-SEP-2021,108.0,109.95,107.15,108.85,199174,71021,4179
MANINFRA,22-SEP-2021,84.25,91.4,83.75,89.95,7399732,3545931,31738
MANUGRAPH,22-SEP-2021,12.0,12.1,11.5,11.9,6858,6128,55
MANXT50,22-SEP-2021,438.64,438.64,426.23,427.85,16355,15913,186
MARALOVER,22-SEP-2021,71.55,75.2,71.55,73.7,14757,9080,255
MARATHON,22-SEP-2021,83.6,91.4,82.0,88.45,323898,109782,5456
MARICO,22-SEP-2021,560.7,567.7,560.7,565.2,1763460,1216221,39371
MARINE,22-SEP-2021,37.4,38.0,36.8,36.95,1494811,434226,4293
MARKSANS,22-SEP-2021,69.1,70.15,69.0,69.15,935362,488424,8579
MARUTI,22-SEP-2021,6820.0,6846.0,6785.0,6831.0,548623,310469,51499
MASFIN,22-SEP-2021,779.0,792.55,773.9,785.3,16433,6089,2370
MASTEK,22-SEP-2021,2975.0,3165.0,2975.0,3138.8,246271,110160,20744
MATRIMONY,22-SEP-2021,1003.9,1013.5,998.4,1003.95,16512,9851,3002
MAXHEALTH,22-SEP-2021,365.45,375.0,365.4,371.9,808433,573675,21014
MAXIND,22-SEP-2021,71.15,72.9,71.15,72.35,165704,108610,1012
MAXVIL,22-SEP-2021,93.3,98.75,92.8,97.25,503081,346068,4832
MAYURUNIQ,22-SEP-2021,479.1,484.95,469.0,472.75,31648,17421,2125
MAZDA,22-SEP-2021,664.3,665.5,643.0,655.65,15410,6804,1400
MAZDOCK,22-SEP-2021,252.7,255.0,251.0,251.55,267989,110325,5266
MBAPL,22-SEP-2021,185.0,185.0,180.0,180.9,7939,5302,257
MBLINFRA,22-SEP-2021,18.85,18.9,17.95,18.1,62103,39787,265
MCDHOLDING,22-SEP-2021,65.05,66.8,63.5,63.5,228816,173093,883
MCDOWELL-N,22-SEP-2021,745.0,781.95,745.0,773.5,3854537,1074818,74362
MCL,22-SEP-2021,40.9,40.95,39.35,39.8,43064,28728,398
MCX,22-SEP-2021,1637.0,1644.8,1614.0,1618.9,270592,97793,19316
MENONBE,22-SEP-2021,72.8,72.9,71.4,72.3,23106,14907,417
MEP,22-SEP-2021,21.25,21.25,20.5,20.8,148878,90031,570
METROPOLIS,22-SEP-2021,3081.7,3081.9,2974.0,3000.7,315140,183476,27792
MFL,22-SEP-2021,715.0,730.0,696.1,699.25,89676,55852,3358
MFSL,22-SEP-2021,1050.0,1066.0,1035.1,1039.2,270710,108130,11256
MGEL,22-SEP-2021,52.0,52.0,51.1,51.15,10351,2113,86
MGL,22-SEP-2021,1104.9,1106.9,1090.0,1094.3,388010,216734,20560
MHRIL,22-SEP-2021,237.0,243.5,232.85,240.35,795555,212443,17314
MIDHANI,22-SEP-2021,184.8,186.15,183.0,185.45,245272,90612,4426
MINDACORP,22-SEP-2021,133.8,134.4,127.0,127.9,619205,326875,7527
MINDAIND,22-SEP-2021,745.15,745.5,724.7,739.6,227449,97779,9996
MINDTECK,22-SEP-2021,85.65,85.7,82.9,83.7,51924,22893,1000
MINDTREE,22-SEP-2021,4382.6,4569.9,4375.0,4523.0,2352893,253944,144598
MIRZAINT,22-SEP-2021,58.85,60.0,58.35,59.25,513436,274537,3946
MITTAL,22-SEP-2021,10.15,10.4,10.1,10.2,35913,27122,153
MMFL,22-SEP-2021,843.9,843.9,818.0,829.35,8481,5286,2349
MMP,22-SEP-2021,151.0,157.9,151.0,154.55,24357,14207,489
MMTC,22-SEP-2021,43.55,44.15,42.75,43.4,1521658,291286,5882
MODISNME,22-SEP-2021,69.6,72.0,69.25,71.0,44794,24094,1221
MOGSEC,22-SEP-2021,50.47,54.0,48.96,49.02,3628,3514,57
MOIL,22-SEP-2021,156.5,163.25,156.5,162.25,507626,183962,11627
MOKSH,22-SEP-2021,37.95,38.55,37.5,38.15,1011350,558053,1350
MOL,22-SEP-2021,116.5,120.0,115.0,118.6,731976,369959,6768
MOLDTKPAC,22-SEP-2021,570.95,570.95,537.9,550.75,118042,35924,11531
MOM100,22-SEP-2021,30.72,31.56,30.7,31.34,91705,60337,1731
MOM50,22-SEP-2021,175.95,175.95,174.0,174.47,2981,2908,57
MON100,22-SEP-2021,108.1,109.7,108.1,109.28,404324,273374,5053
MONTECARLO,22-SEP-2021,343.4,349.25,339.5,342.45,100405,28813,6871
MORARJEE,22-SEP-2021,15.9,16.1,15.5,15.8,6461,5717,28
MOREPENLAB,22-SEP-2021,58.9,59.65,57.5,57.9,1253072,524230,7907
MOTHERSUMI,22-SEP-2021,220.0,226.0,219.15,224.8,5062162,2001966,52897
MOTILALOFS,22-SEP-2021,822.0,849.0,815.15,839.85,423051,160107,14464
MOTOGENFIN,22-SEP-2021,26.55,26.55,25.6,25.7,2183,2028,24
MPHASIS,22-SEP-2021,3230.0,3302.7,3181.7,3251.05,998609,258144,65028
MPSLTD,22-SEP-2021,678.0,724.8,675.15,720.2,41853,22823,3229
MRF,22-SEP-2021,78500.0,80550.0,78500.0,79993.8,16457,4126,10189
MRO-TEK,22-SEP-2021,71.0,71.2,64.5,65.65,170974,59523,1960
MRPL,22-SEP-2021,43.2,43.65,42.75,42.95,725179,345528,4449
MSPL,22-SEP-2021,9.75,9.75,9.4,9.65,67156,45586,179
MSTCLTD,22-SEP-2021,311.0,321.5,311.0,318.4,1173216,349713,20391
MTARTECH,22-SEP-2021,1450.0,1470.0,1413.05,1419.1,192558,69400,16676
MTEDUCARE,22-SEP-2021,8.55,9.1,8.5,8.75,424199,203602,831
MTNL,22-SEP-2021,18.75,18.85,18.45,18.55,625493,322003,1747
MUKTAARTS,22-SEP-2021,39.9,41.2,39.4,41.2,18096,17143,130
MUNJALAU,22-SEP-2021,56.7,57.45,56.25,57.15,102105,53768,1138
MUNJALSHOW,22-SEP-2021,134.1,135.45,133.3,134.45,18938,11806,698
MURUDCERA,22-SEP-2021,24.55,25.35,24.55,25.1,51655,27646,274
MUTHOOTCAP,22-SEP-2021,394.5,402.0,393.15,400.8,15948,7286,1498
MUTHOOTFIN,22-SEP-2021,1486.0,1547.5,1473.9,1543.5,1126487,304560,49499
NACLIND,22-SEP-2021,73.0,76.0,73.0,75.2,96759,69410,867
NAGREEKCAP,22-SEP-2021,8.0,8.0,7.65,7.65,2371,1870,10
NAHARCAP,22-SEP-2021,261.95,268.1,255.6,263.4,17186,11767,709
NAHARPOLY,22-SEP-2021,234.9,247.35,228.0,244.25,63324,40579,1949
NAM-INDIA,22-SEP-2021,433.3,437.85,429.55,435.2,498248,166506,8661
NATCOPHARM,22-SEP-2021,905.0,908.7,892.0,893.95,201988,145154,7367
NATHBIOGEN,22-SEP-2021,328.0,334.0,327.05,328.45,23020,10253,1342
NATIONALUM,22-SEP-2021,88.95,91.6,88.55,90.75,42911705,11515214,81658
NATNLSTEEL,22-SEP-2021,4.0,4.0,3.85,3.9,26856,16248,118
NAUKRI,22-SEP-2021,6800.0,6870.0,6750.0,6797.65,284589,72022,34410
NAVINFLUOR,22-SEP-2021,3880.0,3923.0,3853.55,3881.55,154757,58277,16159
NAVKARCORP,22-SEP-2021,40.7,43.2,40.7,42.75,726053,329053,4773
NAVNETEDUL,22-SEP-2021,99.75,103.95,99.75,100.85,1031686,436233,13852
NAZARA,22-SEP-2021,2135.0,2160.0,2102.0,2149.1,284910,103687,20169
NBCC,22-SEP-2021,42.95,44.85,42.85,44.0,5854472,1730441,16251
NBIFIN,22-SEP-2021,2686.0,2724.0,2601.0,2695.45,2634,2256,123
NBVENTURES,22-SEP-2021,115.4,118.4,114.15,116.75,418198,252665,5646
NCC,22-SEP-2021,80.5,81.75,79.0,81.05,4755688,1779218,16664
NCLIND,22-SEP-2021,226.05,234.0,225.0,228.55,198641,111737,4455
NCPSESDL24,22-SEP-2021,107.0,107.0,106.96,106.97,2244,2244,5
NDL,22-SEP-2021,70.5,72.75,69.45,71.4,43195,31918,805
NDTV,22-SEP-2021,94.1,96.55,92.15,96.55,420949,283364,3321
NECCLTD,22-SEP-2021,19.15,19.25,18.25,19.0,653004,482922,1119
NECLIFE,22-SEP-2021,28.6,30.0,28.5,29.15,400205,191004,2016
NELCAST,22-SEP-2021,84.8,86.5,83.9,85.0,127354,79479,2102
NELCO,22-SEP-2021,563.0,574.8,542.0,551.05,288493,138713,9842
NEOGEN,22-SEP-2021,1327.0,1343.1,1203.0,1226.1,478445,177316,31630
NESCO,22-SEP-2021,583.5,627.55,583.5,619.0,434239,110882,24140
NESTLEIND,22-SEP-2021,20173.85,20173.85,19810.1,19925.2,107523,67440,24079
NETF,22-SEP-2021,215.36,215.36,215.36,215.36,99,99,17
NETFCONSUM,22-SEP-2021,79.16,80.87,78.45,78.94,4990,4054,245
NETFDIVOPP,22-SEP-2021,47.75,50.5,45.0,46.36,7861,6093,171
NETFGILT5Y,22-SEP-2021,49.02,49.02,48.95,48.95,4,3,2
NETFIT,22-SEP-2021,36.85,37.29,36.7,37.15,971786,475525,3732
NETFLTGILT,22-SEP-2021,22.88,22.9,22.81,22.88,4009,3212,63
NETFMID150,22-SEP-2021,113.76,114.67,111.23,114.0,89467,63656,1143
NETFNIF100,22-SEP-2021,183.49,186.87,181.49,184.4,1302,982,105
NETFNV20,22-SEP-2021,100.6,100.78,98.3,100.12,5028,3659,143
NETFPHARMA,22-SEP-2021,14.3,14.8,14.15,14.44,236666,194438,594
NETFSDL26,22-SEP-2021,105.7,106.28,105.7,106.27,10565,10538,19
NETWORK18,22-SEP-2021,53.0,55.9,52.25,52.6,8128024,1960960,20785
NEULANDLAB,22-SEP-2021,1600.0,1610.0,1563.05,1570.0,18773,14173,2521
NEXTMEDIA,22-SEP-2021,6.75,6.75,6.75,6.75,14003,14003,27
NFL,22-SEP-2021,56.45,56.65,55.55,55.85,578801,179999,3631
NGIL,22-SEP-2021,112.2,114.0,107.0,112.85,69073,39963,834
NH,22-SEP-2021,533.0,542.95,526.35,530.8,70351,30293,5895
NHPC,22-SEP-2021,27.7,27.7,27.2,27.3,2010083,1045208,6391
NIACL,22-SEP-2021,164.95,166.15,161.5,161.7,375324,190733,10189
NIBL,22-SEP-2021,19.2,20.0,19.0,19.1,6735,1966,44
NIFTYBEES,22-SEP-2021,192.84,192.84,189.06,189.69,4307400,3967474,14729
NIFTYEES,22-SEP-2021,22830.0,22830.0,22830.0,22830.0,1,1,1
NIITLTD,22-SEP-2021,324.0,339.85,324.0,329.8,1427900,539338,27499
NILAINFRA,22-SEP-2021,5.35,5.35,5.2,5.3,218860,147388,392
NILKAMAL,22-SEP-2021,2825.0,2909.0,2814.85,2844.85,7185,2241,1997
NIPPOBATRY,22-SEP-2021,1013.5,1030.45,992.15,1002.5,6205,2986,769
NIRAJ,22-SEP-2021,42.4,44.0,41.6,41.9,24111,13676,740
NITCO,22-SEP-2021,22.7,23.6,22.7,23.15,30560,19507,223
NITIRAJ,22-SEP-2021,45.15,45.5,41.35,45.25,1164,626,108
NLCINDIA,22-SEP-2021,54.0,56.85,53.7,56.3,3517418,1024470,15332
NMDC,22-SEP-2021,139.0,145.7,137.35,144.6,20171139,7121756,94024
NOCIL,22-SEP-2021,294.9,302.5,293.55,298.1,1272549,328147,19318
NOIDATOLL,22-SEP-2021,5.65,5.75,5.55,5.6,168802,137834,180
NORBTEAEXP,22-SEP-2021,6.8,7.1,6.8,7.1,762,762,8
NOVARTIND,22-SEP-2021,816.0,844.5,816.0,823.4,13376,6398,1498
NPBET,22-SEP-2021,191.7,191.7,185.13,188.35,192,172,25
NRAIL,22-SEP-2021,311.9,318.0,308.5,312.45,21884,10160,1527
NRBBEARING,22-SEP-2021,139.5,142.8,138.6,140.65,230463,130850,4374
NSIL,22-SEP-2021,1729.8,1729.8,1693.25,1699.8,429,214,136
NTPC,22-SEP-2021,124.6,127.0,124.0,124.4,11698183,4298027,88112
NUCLEUS,22-SEP-2021,614.0,614.0,572.6,593.8,1189823,296116,67812
NURECA,22-SEP-2021,1631.0,1676.95,1570.0,1621.6,8576,5010,1601
NUVOCO,22-SEP-2021,536.3,552.5,536.1,545.0,835616,645546,16564
NXTDIGITAL,22-SEP-2021,412.65,458.6,412.65,427.15,926,528,105
OAL,22-SEP-2021,962.0,984.15,962.0,965.15,19191,10909,1805
OBEROIRLTY,22-SEP-2021,729.95,779.0,726.75,750.7,3025955,1438419,55693
OCCL,22-SEP-2021,1060.1,1124.0,1060.1,1104.7,12003,5228,1780
OFSS,22-SEP-2021,4700.0,4733.0,4633.1,4672.9,114862,54066,17296
OIL,22-SEP-2021,210.0,219.8,209.2,217.0,2820662,767854,29159
OMAXE,22-SEP-2021,74.5,77.85,71.0,75.4,338532,140115,4123
OMINFRAL,22-SEP-2021,27.95,28.4,26.8,27.15,190567,98512,792
OMKARCHEM,22-SEP-2021,16.5,16.85,16.2,16.85,43185,31098,192
ONGC,22-SEP-2021,134.5,135.25,132.45,133.65,16424387,4608428,95055
ONMOBILE,22-SEP-2021,114.8,117.0,110.0,114.8,369352,185184,5988
ONWARDTEC,22-SEP-2021,229.0,238.0,226.0,233.65,17934,14105,447
ORBTEXP,22-SEP-2021,72.85,72.95,69.2,70.7,136294,78706,997
ORICONENT,22-SEP-2021,32.0,32.5,31.6,31.75,66636,41940,383
ORIENTABRA,22-SEP-2021,29.8,30.8,29.3,29.5,113102,61474,1104
ORIENTALTL,22-SEP-2021,8.4,8.75,8.4,8.45,20031,15611,83
ORIENTBELL,22-SEP-2021,338.0,343.55,334.3,340.6,11873,4776,914
ORIENTCEM,22-SEP-2021,158.9,161.8,158.5,160.85,582826,359906,10267
ORIENTELEC,22-SEP-2021,348.95,351.7,342.7,348.1,197599,84880,8261
ORIENTHOT,22-SEP-2021,37.8,39.1,36.55,37.75,734736,397235,3980
ORIENTLTD,22-SEP-2021,70.05,71.15,70.05,70.9,18847,18168,63
ORIENTPPR,22-SEP-2021,29.75,30.4,29.6,29.65,848236,226237,2878
ORISSAMINE,22-SEP-2021,3021.0,3054.15,2929.0,2971.7,23041,12021,4008
ORTINLAB,22-SEP-2021,26.95,27.4,26.2,26.7,37536,15857,279
OSWALAGRO,22-SEP-2021,17.45,18.15,17.1,17.85,102041,71040,425
PAGEIND,22-SEP-2021,32550.0,33600.0,32380.4,33348.85,24864,8997,10568
PAISALO,22-SEP-2021,783.6,797.5,776.05,791.6,54594,31694,1379
PALASHSECU,22-SEP-2021,72.1,77.75,71.0,74.65,71261,49060,225
PALREDTEC,22-SEP-2021,123.75,131.0,121.6,126.5,141163,71527,3888
PANACEABIO,22-SEP-2021,292.2,296.05,290.8,291.3,60045,31520,2217
PANAMAPET,22-SEP-2021,269.0,279.0,268.25,269.6,157473,86261,5135
PAR,22-SEP-2021,155.0,157.15,147.0,157.15,156897,116147,1527
PARAGMILK,22-SEP-2021,126.45,127.5,123.5,124.5,571551,311646,7505
PARSVNATH,22-SEP-2021,15.1,16.1,15.1,15.75,492218,250463,1110
PATELENG,22-SEP-2021,16.95,16.95,16.5,16.65,1207938,664587,2019
PATINTLOG,22-SEP-2021,22.9,23.1,22.25,22.65,21647,10409,195
PATSPINLTD,22-SEP-2021,9.4,10.15,9.4,9.55,20255,11400,91
PCJEWELLER,22-SEP-2021,25.2,25.75,25.0,25.55,1032727,566883,2858
PDMJEPAPER,22-SEP-2021,38.85,39.85,38.05,38.8,104703,51334,1144
PDSMFL,22-SEP-2021,1287.95,1315.6,1225.1,1258.4,9717,4135,891
PEARLPOLY,22-SEP-2021,16.15,16.2,15.7,15.9,3039,2334,34
PEL,22-SEP-2021,2612.0,2670.0,2586.1,2638.1,1323228,602914,62560
PENIND,22-SEP-2021,28.5,29.35,28.3,29.0,480129,265976,2108
PERSISTENT,22-SEP-2021,3605.0,3810.0,3600.05,3717.05,367873,166346,28772
PETRONET,22-SEP-2021,232.5,234.6,231.75,233.15,2195681,1104855,41312
PFC,22-SEP-2021,133.4,136.45,133.4,135.0,2867668,843884,18949
PFIZER,22-SEP-2021,5785.25,5836.55,5721.0,5794.65,21260,7986,3459
PFOCUS,22-SEP-2021,81.0,83.5,76.9,82.3,185467,93744,2015
PFS,22-SEP-2021,17.6,17.85,17.6,17.65,408481,245113,1174
PGEL,22-SEP-2021,425.9,434.0,416.9,424.2,45506,24145,2430
PGHH,22-SEP-2021,14079.0,14160.0,13950.35,14072.55,2859,1593,1265
PGHL,22-SEP-2021,5340.0,5399.0,5339.6,5371.5,5321,3351,2090
PGIL,22-SEP-2021,316.95,319.95,297.55,301.8,29371,16253,1481
PHILIPCARB,22-SEP-2021,245.0,252.95,244.4,250.75,806649,336712,11855
PHOENIXLTD,22-SEP-2021,858.95,919.0,853.05,909.2,1107842,831580,27478
PIDILITIND,22-SEP-2021,2446.75,2472.0,2412.1,2418.0,374862,142057,28662
PIIND,22-SEP-2021,3300.0,3300.0,3208.95,3271.65,382368,206750,44988
PILANIINVS,22-SEP-2021,1882.35,1883.0,1860.2,1872.05,14060,1135,1015
PILITA,22-SEP-2021,7.4,8.8,7.2,7.85,10798539,3233565,4824
PIONDIST,22-SEP-2021,146.3,155.85,146.3,153.45,56496,28632,775
PIONEEREMB,22-SEP-2021,63.0,63.8,62.2,62.55,56080,15548,1252
PITTIENG,22-SEP-2021,147.9,150.3,145.05,145.7,191886,45127,1407
PLASTIBLEN,22-SEP-2021,273.0,283.95,272.5,274.75,107430,28518,6317
PNB,22-SEP-2021,38.15,38.55,38.0,38.15,27417221,5923303,39323
PNBGILTS,22-SEP-2021,66.0,66.8,65.5,65.75,112387,61100,1194
PNBHOUSING,22-SEP-2021,651.0,675.95,636.2,659.6,284790,175270,5009
PNC,22-SEP-2021,38.25,41.3,38.25,41.3,94980,58777,785
PNCINFRA,22-SEP-2021,351.0,364.05,351.0,359.55,860377,710563,9065
PODDARHOUS,22-SEP-2021,177.6,181.9,172.25,175.8,3572,2526,176
PODDARMENT,22-SEP-2021,343.25,369.35,343.25,356.05,18946,6615,1211
POKARNA,22-SEP-2021,470.6,483.5,461.65,475.9,52088,27637,2384
POLYCAB,22-SEP-2021,2449.7,2475.65,2370.0,2401.95,705246,175646,52111
POLYMED,22-SEP-2021,934.95,960.1,922.0,951.2,72105,32882,8372
POLYPLEX,22-SEP-2021,1730.0,1748.0,1713.05,1726.75,78791,28783,8309
POWERGRID,22-SEP-2021,175.8,177.45,175.8,176.75,6874226,4856489,38081
POWERINDIA,22-SEP-2021,2350.0,2385.0,2316.0,2329.3,14702,7039,2692
POWERMECH,22-SEP-2021,861.1,878.5,857.2,864.65,31426,16642,2901
PPAP,22-SEP-2021,240.0,247.5,237.0,241.05,22513,9414,829
PPL,22-SEP-2021,166.0,170.5,163.25,164.95,137399,64854,4188
PRAKASH,22-SEP-2021,66.9,68.3,66.65,67.1,655717,403990,3808
PRAKASHSTL,22-SEP-2021,2.05,2.2,2.05,2.15,880519,459734,744
PRAXIS,22-SEP-2021,31.5,32.15,30.0,32.15,51409,31662,428
PRECAM,22-SEP-2021,93.7,103.4,93.15,98.6,993970,476465,17700
PRECOT,22-SEP-2021,224.0,227.45,217.85,226.95,22571,8593,1049
PRECWIRE,22-SEP-2021,234.0,241.3,234.0,240.05,30693,13679,1399
PREMIERPOL,22-SEP-2021,68.35,71.0,68.0,68.95,9473,7167,172
PRESSMN,22-SEP-2021,27.85,28.5,27.2,27.95,18014,11637,161
PRESTIGE,22-SEP-2021,426.0,446.5,419.0,430.9,4488132,1505759,81792
PRICOLLTD,22-SEP-2021,90.4,91.9,88.85,89.3,431171,209847,3911
PRIMESECU,22-SEP-2021,83.3,86.4,79.1,83.7,42877,32798,383
PRINCEPIPE,22-SEP-2021,683.0,710.0,678.0,700.1,309924,133395,15474
PRITIKAUTO,22-SEP-2021,17.35,17.85,17.15,17.75,149468,113026,636
PRIVISCL,22-SEP-2021,1890.0,1899.95,1827.0,1839.55,27923,17919,4111
PROZONINTU,22-SEP-2021,27.35,27.45,26.75,26.85,249149,131491,1432
PRSMJOHNSN,22-SEP-2021,123.4,124.0,121.05,122.9,133876,73893,3064
PSB,22-SEP-2021,17.1,17.4,17.05,17.1,273104,166522,909
PSPPROJECT,22-SEP-2021,424.8,452.0,423.8,436.05,139550,47766,7482
PSUBNKBEES,22-SEP-2021,25.4,26.14,25.4,25.8,812671,604746,1367
PTC,22-SEP-2021,98.7,98.7,95.5,96.3,581119,292126,9154
PTL,22-SEP-2021,46.5,47.6,46.05,46.6,53250,31927,501
PUNJABCHEM,22-SEP-2021,1688.0,1744.2,1647.0,1658.2,28987,11048,5309
PURVA,22-SEP-2021,110.7,124.8,108.0,116.55,4607377,1176905,51916
PVR,22-SEP-2021,1518.9,1632.0,1499.7,1568.35,4153658,688667,151013
QGOLDHALF,22-SEP-2021,2006.05,2021.0,2006.05,2019.0,602,402,87
QNIFTY,22-SEP-2021,1838.0,1838.0,1830.0,1830.0,20,20,6
QUESS,22-SEP-2021,965.9,981.8,953.35,959.65,136288,48237,12047
QUICKHEAL,22-SEP-2021,224.9,244.0,224.9,237.55,817965,199698,17693
RADICO,22-SEP-2021,895.0,919.75,884.2,888.3,2018678,1487208,23110
RADIOCITY,22-SEP-2021,24.3,25.25,24.2,24.65,1283121,944930,2279
RAILTEL,22-SEP-2021,131.7,132.6,129.1,129.75,820479,502590,11932
RAIN,22-SEP-2021,224.0,232.95,224.0,229.75,2291176,706572,24600
RAJESHEXPO,22-SEP-2021,581.95,584.0,577.0,579.95,547157,257198,5507
RAJSREESUG,22-SEP-2021,25.85,26.25,25.05,25.65,30084,16173,230
RALLIS,22-SEP-2021,288.0,293.85,288.0,290.95,195064,91589,4754
RAMANEWS,22-SEP-2021,18.7,19.0,18.5,18.6,44778,20186,366
RAMCOCEM,22-SEP-2021,981.0,994.95,967.3,977.9,346288,160192,15151
RAMCOIND,22-SEP-2021,294.4,309.4,293.8,305.4,173880,78551,4802
RAMCOSYS,22-SEP-2021,483.5,496.75,483.5,486.35,75037,31365,4666
RANEENGINE,22-SEP-2021,305.65,306.55,298.25,301.4,2286,1379,243
RANEHOLDIN,22-SEP-2021,609.65,616.0,601.3,605.75,23783,13497,2026
RATNAMANI,22-SEP-2021,2195.0,2195.2,2152.0,2175.35,13946,8037,1886
RAYMOND,22-SEP-2021,416.0,439.5,414.15,435.45,2156851,628910,40701
RBL,22-SEP-2021,909.8,915.0,896.7,909.05,2724,1535,531
RBLBANK,22-SEP-2021,176.45,179.8,175.5,179.1,5911159,1375774,38841
RCF,22-SEP-2021,74.2,75.3,73.75,74.1,958295,290333,6008
RCOM,22-SEP-2021,3.05,3.2,3.0,3.1,14855237,5684456,23976
RECLTD,22-SEP-2021,152.05,154.4,151.7,152.6,1362072,298837,13280
REDINGTON,22-SEP-2021,141.5,145.0,139.0,143.65,970584,573609,20147
REFEX,22-SEP-2021,151.8,158.15,150.05,154.0,357381,84130,10861
RELAXO,22-SEP-2021,1164.0,1181.85,1149.9,1161.0,344494,164311,22460
RELCAPITAL,22-SEP-2021,20.1,20.85,19.65,20.75,3345668,1846939,6487
RELIANCE,22-SEP-2021,2408.0,2442.0,2398.25,2430.5,5074612,2811116,179090
RELIGARE,22-SEP-2021,171.0,177.0,169.65,174.7,2338635,1347533,14424
RELINFRA,22-SEP-2021,93.0,97.75,91.5,97.45,4340649,2537122,21295
REPCOHOME,22-SEP-2021,295.5,309.9,295.5,304.3,199592,104588,4598
REPL,22-SEP-2021,212.0,212.35,206.3,210.2,12058,9719,479
REPRO,22-SEP-2021,548.0,548.0,525.5,527.95,6436,3141,836
RESPONIND,22-SEP-2021,127.55,127.55,122.05,124.9,66057,8923,1975
REVATHI,22-SEP-2021,633.0,633.0,572.0,601.6,1775,1119,331
RGL,22-SEP-2021,736.8,738.7,715.1,721.3,49016,9363,1700
RHIM,22-SEP-2021,356.0,369.0,354.0,361.85,111222,51151,6465
RICOAUTO,22-SEP-2021,47.5,48.05,47.3,47.45,201231,89893,1695
RIIL,22-SEP-2021,664.9,717.3,654.15,699.05,388281,107347,15613
RITES,22-SEP-2021,275.35,279.9,273.5,275.9,173032,111302,7992
RKEC,22-SEP-2021,75.2,81.35,75.2,78.65,36195,15744,454
RKFORGE,22-SEP-2021,1020.0,1054.65,1019.4,1039.9,138464,52980,11212
RML,22-SEP-2021,396.0,404.8,392.0,393.3,29498,13305,1473
ROHITFERRO,22-SEP-2021,5.35,5.35,5.35,5.35,2166,2166,7
ROHLTD,22-SEP-2021,88.5,101.7,88.5,97.65,1260715,378563,22952
ROLEXRINGS,22-SEP-2021,1047.0,1095.0,1039.0,1059.85,65314,21151,6392
ROLLT,22-SEP-2021,2.3,2.3,2.25,2.25,180227,102163,295
ROML,22-SEP-2021,110.9,113.95,107.5,109.45,75112,45879,4370
ROSSARI,22-SEP-2021,1430.0,1521.95,1418.35,1497.0,277927,63789,22779
ROSSELLIND,22-SEP-2021,160.45,163.95,158.3,162.05,101490,45227,2212
ROUTE,22-SEP-2021,1962.8,2000.0,1948.1,1981.35,364841,115909,25091
RPGLIFE,22-SEP-2021,716.1,723.25,694.0,701.05,180543,53451,10003
RPPINFRA,22-SEP-2021,74.75,74.75,72.55,72.95,92438,45375,1852
RPSGVENT,22-SEP-2021,1034.0,1056.55,995.0,1001.05,88713,46010,6053
RSSOFTWARE,22-SEP-2021,31.9,33.1,31.85,32.15,45428,13885,490
RSWM,22-SEP-2021,296.4,301.35,287.15,299.1,63084,42244,1241
RSYSTEMS,22-SEP-2021,207.6,209.75,204.45,206.25,49299,25636,3258
RUBYMILLS,22-SEP-2021,283.0,302.8,277.5,291.9,89572,25285,7113
RUCHI,22-SEP-2021,1030.0,1049.0,1030.0,1040.8,11459,5660,1373
RUCHIRA,22-SEP-2021,80.9,81.75,78.3,79.15,26429,14844,734
RUPA,22-SEP-2021,474.0,484.0,472.4,479.85,90147,51497,3235
RUSHIL,22-SEP-2021,256.5,264.25,254.0,259.25,20784,16382,553
RVHL,22-SEP-2021,24.1,24.65,23.75,24.15,36870,20983,298
RVNL,22-SEP-2021,30.2,30.7,30.2,30.4,2510051,1142199,8184
SADBHAV,22-SEP-2021,48.1,51.55,48.1,49.6,935949,334798,6473
SADBHIN,22-SEP-2021,16.3,16.6,16.3,16.45,926464,813105,1112
SAFARI,22-SEP-2021,858.0,873.85,815.15,827.3,43188,19783,7181
SAGCEM,22-SEP-2021,282.55,282.55,275.0,276.85,63530,33836,2792
SAIL,22-SEP-2021,111.8,113.6,109.1,111.3,55010096,13643419,141040
SAKAR,22-SEP-2021,168.45,168.45,163.6,166.5,34869,21124,540
SAKSOFT,22-SEP-2021,975.8,994.65,968.0,980.8,80818,33675,3590
SALASAR,22-SEP-2021,271.0,283.0,270.45,277.1,47990,22920,1916
SALONA,22-SEP-2021,209.85,209.85,199.35,204.05,1664,1153,58
SALZERELEC,22-SEP-2021,155.5,168.4,150.3,164.85,224850,124090,5475
SANCO,22-SEP-2021,8.7,9.2,8.7,8.9,9865,8769,83
SANDESH,22-SEP-2021,808.0,808.0,771.0,789.85,1264,604,172
SANDHAR,22-SEP-2021,283.95,292.85,280.0,286.25,64576,23971,3771
SANGAMIND,22-SEP-2021,150.35,157.85,148.15,157.7,550430,545769,549
SANGHIIND,22-SEP-2021,67.8,68.65,67.35,67.55,355576,179559,3270
SANGHVIMOV,22-SEP-2021,175.7,176.95,172.0,173.2,49185,32454,1458
SANGINITA,22-SEP-2021,27.15,27.4,26.7,26.85,116931,32650,678
SANOFI,22-SEP-2021,7849.0,8088.0,7819.95,8035.15,42742,32197,6199
SARDAEN,22-SEP-2021,641.8,670.55,625.0,670.55,50501,35404,2158
SARLAPOLY,22-SEP-2021,47.55,48.7,46.95,47.45,427301,319275,1970
SASKEN,22-SEP-2021,1372.0,1397.9,1368.0,1370.9,23948,11752,2357
SATIA,22-SEP-2021,96.8,103.65,94.3,95.45,961967,144739,6786
SATIN,22-SEP-2021,75.8,77.4,74.8,75.7,93180,50901,1176
SBCL,22-SEP-2021,270.0,282.65,261.0,282.1,203356,132810,4510
SBICARD,22-SEP-2021,1064.0,1074.8,1054.15,1062.55,782140,337794,25562
SBIETFCON,22-SEP-2021,73.75,73.75,72.41,72.56,3048,2518,132
SBIETFIT,22-SEP-2021,366.26,372.99,365.0,369.35,5250,3712,149
SBIETFPB,22-SEP-2021,197.86,197.86,194.0,194.11,1762,954,39
SBIETFQLTY,22-SEP-2021,160.99,160.99,156.51,159.34,3959,3371,92
SBILIFE,22-SEP-2021,1184.6,1203.55,1177.75,1191.3,1399326,683935,51212
SBIN,22-SEP-2021,438.9,442.8,436.1,438.85,14321143,5430263,163766
SCHAEFFLER,22-SEP-2021,7380.0,7394.95,7235.3,7300.65,5124,2514,2389
SCHAND,22-SEP-2021,113.4,114.35,112.0,112.5,42050,28349,791
SCHNEIDER,22-SEP-2021,115.4,117.25,115.4,115.85,245600,114300,3445
SCI,22-SEP-2021,116.9,117.4,115.2,115.75,1509803,799568,9989
SDBL,22-SEP-2021,39.75,40.45,38.5,40.0,108472,73284,785
SEAMECLTD,22-SEP-2021,1204.35,1240.0,1185.7,1217.75,113928,65348,4600
SECURKLOUD,22-SEP-2021,164.6,170.0,164.05,166.65,116860,71179,2301
SELAN,22-SEP-2021,143.0,144.2,140.05,140.85,56898,27016,1567
SEPOWER,22-SEP-2021,8.05,8.1,7.7,7.95,17892,12892,126
SEQUENT,22-SEP-2021,210.0,222.8,208.1,213.6,1663255,630445,25070
SERVOTECH,22-SEP-2021,24.5,25.85,23.7,25.8,15627,7894,133
SESHAPAPER,22-SEP-2021,173.0,177.15,173.0,176.5,25412,12257,642
SETCO,22-SEP-2021,20.3,21.2,20.3,20.65,172277,123590,608
SETF10GILT,22-SEP-2021,205.1,205.1,205.1,205.1,35,35,2
SETFGOLD,22-SEP-2021,4169.9,4173.9,4145.0,4165.25,10666,6812,1404
SETFNIF50,22-SEP-2021,179.0,179.85,178.7,179.24,127249,76893,1316
SETFNIFBK,22-SEP-2021,373.0,374.98,368.31,369.42,27802,14840,594
SETFNN50,22-SEP-2021,446.99,447.9,443.05,445.96,9214,6107,365
SEYAIND,22-SEP-2021,53.8,54.85,53.3,54.85,17884,15200,254
SFL,22-SEP-2021,2384.0,2385.0,2325.65,2357.65,14530,7891,3327
SGIL,22-SEP-2021,150.0,153.0,143.15,148.4,8657,5830,301
SGL,22-SEP-2021,13.5,13.5,12.9,13.05,38413,31496,123
SHAKTIPUMP,22-SEP-2021,704.7,719.85,701.85,706.35,28673,14035,2265
SHALBY,22-SEP-2021,180.0,187.05,178.95,181.75,298050,102574,5890
SHALPAINTS,22-SEP-2021,90.8,93.5,90.8,92.95,147255,64976,2922
SHANKARA,22-SEP-2021,539.7,563.95,536.0,545.1,161948,33801,9652
SHANTI,22-SEP-2021,20.5,20.85,19.9,20.45,8926,3996,61
SHANTIGEAR,22-SEP-2021,166.2,170.4,165.15,168.65,113501,15513,14087
SHARDACROP,22-SEP-2021,328.0,339.9,328.0,334.55,124530,60439,5338
SHAREINDIA,22-SEP-2021,599.0,650.0,594.0,645.35,362155,167185,16238
SHARIABEES,22-SEP-2021,457.0,467.9,456.5,459.1,535,477,62
SHEMAROO,22-SEP-2021,167.4,169.3,166.55,169.3,86600,75029,508
SHILPAMED,22-SEP-2021,556.7,577.0,554.55,565.2,189499,53444,6733
SHIVAMAUTO,22-SEP-2021,22.5,22.7,21.75,22.4,57737,38950,242
SHIVAMILLS,22-SEP-2021,80.5,81.85,77.5,81.0,9796,6024,221
SHIVATEX,22-SEP-2021,184.0,188.3,184.0,185.75,3807,1998,233
SHK,22-SEP-2021,160.65,164.9,160.4,162.2,155571,59065,3605
SHOPERSTOP,22-SEP-2021,244.9,255.95,244.9,250.1,185385,50055,5170
SHRADHA,22-SEP-2021,53.5,56.85,53.1,54.05,15036,6093,486
SHREDIGCEM,22-SEP-2021,77.5,78.95,77.05,77.35,215191,105426,2878
SHREECEM,22-SEP-2021,30100.0,30247.3,29575.05,29792.5,44040,16326,15569
SHREEPUSHK,22-SEP-2021,219.9,225.0,214.3,222.4,222783,113015,5627
SHREERAMA,22-SEP-2021,11.95,12.1,11.65,11.7,48989,32495,211
SHRENIK,22-SEP-2021,1.55,1.55,1.5,1.55,1714195,1083860,853
SHREYANIND,22-SEP-2021,116.95,122.2,116.0,119.65,20838,12236,820
SHREYAS,22-SEP-2021,406.0,419.4,382.0,399.65,185488,88189,6140
SHRIRAMCIT,22-SEP-2021,2316.05,2316.05,2165.65,2193.1,116164,42864,14317
SHRIRAMEPC,22-SEP-2021,5.1,5.4,5.1,5.4,924938,685462,563
SHYAMCENT,22-SEP-2021,10.05,10.95,10.05,10.95,159641,121142,362
SHYAMMETL,22-SEP-2021,379.9,382.95,373.5,376.6,366822,164754,8616
SICAL,22-SEP-2021,13.25,14.0,12.8,14.0,1091959,618801,1974
SIEMENS,22-SEP-2021,2178.0,2197.6,2144.15,2161.95,286758,144719,20129
SIGIND,22-SEP-2021,46.2,46.95,45.3,46.25,24971,15648,292
SILGO,22-SEP-2021,33.5,34.3,33.25,33.8,4807,3958,86
SILLYMONKS,22-SEP-2021,19.85,20.45,19.3,20.15,4419,987,23
SIMPLEXINF,22-SEP-2021,42.3,44.4,41.7,44.3,161940,92548,722
SINTERCOM,22-SEP-2021,83.2,85.45,83.2,84.3,3700,2382,58
SINTEX,22-SEP-2021,3.75,3.75,3.65,3.7,1242411,888055,1495
SIRCA,22-SEP-2021,335.0,339.0,333.05,335.65,16983,11154,831
SIS,22-SEP-2021,477.0,500.8,469.1,475.45,427605,159143,18190
SITINET,22-SEP-2021,1.6,1.6,1.6,1.6,1139702,1139702,323
SIYSIL,22-SEP-2021,372.75,381.0,372.75,376.7,47335,25513,4593
SJVN,22-SEP-2021,26.9,27.0,26.8,26.85,658613,438920,3856
SKFINDIA,22-SEP-2021,2925.0,3015.0,2925.0,2997.35,27818,15522,5370
SKIL,22-SEP-2021,3.8,3.8,3.65,3.7,143688,93012,130
SKIPPER,22-SEP-2021,81.4,85.0,80.5,82.3,474901,134493,8477
SKMEGGPROD,22-SEP-2021,83.0,84.85,83.0,83.3,61095,28680,1268
SMARTLINK,22-SEP-2021,113.9,113.9,110.3,111.9,29799,12708,620
SMCGLOBAL,22-SEP-2021,77.4,77.4,75.4,76.5,68813,40630,997
SMLISUZU,22-SEP-2021,533.0,546.0,528.25,541.6,25256,10547,3522
SMSLIFE,22-SEP-2021,720.8,736.0,720.8,723.7,1482,1159,110
SMSPHARMA,22-SEP-2021,153.0,157.95,153.0,156.7,56838,25108,1535
SNOWMAN,22-SEP-2021,42.7,44.6,42.45,43.3,1102802,353790,6858
SOBHA,22-SEP-2021,730.1,774.15,720.0,751.1,1113581,367623,45130
SOLARA,22-SEP-2021,1658.0,1669.3,1631.0,1642.7,55002,28879,4639
SOLARINDS,22-SEP-2021,1965.0,1995.05,1954.1,1978.35,30576,12426,4832
SOMATEX,22-SEP-2021,8.05,8.4,8.05,8.15,34581,24543,166
SONACOMS,22-SEP-2021,565.6,584.0,561.05,574.8,1786786,532846,40526
SONATSOFTW,22-SEP-2021,872.8,945.0,868.45,929.9,1380076,438855,50792
SORILINFRA,22-SEP-2021,108.1,116.5,106.0,115.75,179487,81736,2686
SOTL,22-SEP-2021,1570.5,1613.95,1570.5,1608.35,10254,5763,1256
SOUTHBANK,22-SEP-2021,10.05,10.15,10.0,10.0,5753872,2111127,21852
SOUTHWEST,22-SEP-2021,94.45,95.9,93.25,93.95,32053,14858,121
SPAL,22-SEP-2021,315.0,320.05,308.35,311.8,46545,27161,2665
SPANDANA,22-SEP-2021,601.0,621.6,586.0,589.7,132195,55539,9197
SPARC,22-SEP-2021,287.0,292.0,285.15,288.9,464392,87982,8298
SPECIALITY,22-SEP-2021,74.5,76.35,73.2,74.05,156096,67202,2339
SPENCERS,22-SEP-2021,105.55,109.3,105.55,108.2,396280,152279,8066
SPIC,22-SEP-2021,51.95,54.4,51.85,53.8,594723,362705,4466
SPICEJET,22-SEP-2021,80.25,80.45,77.7,78.2,6723826,2208661,27731
SPLIL,22-SEP-2021,46.3,47.4,46.1,47.05,28371,16114,318
SPTL,22-SEP-2021,4.15,4.15,4.05,4.1,672545,462967,658
SREEL,22-SEP-2021,184.85,187.0,182.15,185.15,20486,14173,592
SRF,22-SEP-2021,10742.05,10907.9,10695.05,10730.7,230838,113712,41554
SRHHYPOLTD,22-SEP-2021,324.0,342.35,324.0,338.95,53669,35368,2193
SRIPIPES,22-SEP-2021,212.8,215.8,208.75,212.85,55603,26278,2175
SRTRANSFIN,22-SEP-2021,1327.0,1353.9,1327.0,1346.5,689948,118596,25158
STAR,22-SEP-2021,588.5,637.0,587.15,624.45,2437578,507769,55786
STARCEMENT,22-SEP-2021,107.9,110.0,106.55,107.45,422840,250526,5506
STARPAPER,22-SEP-2021,144.9,147.25,143.8,145.2,82419,18788,2930
STCINDIA,22-SEP-2021,101.8,103.8,101.4,101.8,26638,10395,756
STEELCITY,22-SEP-2021,61.0,62.1,59.25,59.95,51838,33562,465
STEELXIND,22-SEP-2021,71.0,73.3,71.0,72.45,318651,267272,948
STEL,22-SEP-2021,176.7,181.0,173.25,176.05,87937,43764,2466
STERTOOLS,22-SEP-2021,193.8,199.0,192.15,197.65,27000,13272,1254
STLTECH,22-SEP-2021,271.7,275.6,269.25,272.5,726112,309563,19434
STOVEKRAFT,22-SEP-2021,969.0,995.0,959.5,970.3,149708,58226,8222
STYLAMIND,22-SEP-2021,1120.0,1163.85,1080.1,1111.9,17221,4552,5854
SUBEXLTD,22-SEP-2021,51.85,52.7,51.0,51.15,4602420,1848225,15675
SUBROS,22-SEP-2021,305.5,306.85,301.0,303.4,17380,10203,804
SUDARSCHEM,22-SEP-2021,651.4,657.95,647.35,651.2,156630,61564,5451
SUMICHEM,22-SEP-2021,399.2,406.0,397.55,398.9,359804,170688,10920
SUMMITSEC,22-SEP-2021,811.5,830.15,789.95,801.95,14324,7032,1251
SUNCLAYLTD,22-SEP-2021,3448.0,3484.75,3423.65,3436.3,2125,1241,626
SUNDARMFIN,22-SEP-2021,2448.0,2448.0,2391.2,2420.35,36641,20233,5340
SUNDARMHLD,22-SEP-2021,78.35,79.2,77.95,78.15,51538,34154,913
SUNDRMBRAK,22-SEP-2021,390.65,409.4,390.65,402.3,5741,3270,315
SUNDRMFAST,22-SEP-2021,928.5,959.0,915.6,922.8,156838,40175,10111
SUNFLAG,22-SEP-2021,79.0,82.25,78.75,80.75,578159,154109,7799
SUNPHARMA,22-SEP-2021,765.0,774.0,764.5,770.1,1817865,900786,68004
SUNTECK,22-SEP-2021,448.9,473.9,443.15,464.5,3246397,757386,70965
SUNTV,22-SEP-2021,500.6,519.8,500.0,506.45,5057913,1030340,63741
SUPERHOUSE,22-SEP-2021,172.0,181.0,168.75,175.8,80040,25326,2757
SUPPETRO,22-SEP-2021,698.8,716.0,683.2,697.45,80699,63045,2684
SUPRAJIT,22-SEP-2021,320.0,320.15,313.0,314.3,184681,94392,6802
SUPREMEENG,22-SEP-2021,28.25,29.9,25.5,25.85,908934,489773,2117
SUPREMEIND,22-SEP-2021,2248.1,2248.1,2171.6,2230.1,144641,97178,23489
SURANASOL,22-SEP-2021,12.75,12.75,12.1,12.35,14393,9420,204
SURANAT&P,22-SEP-2021,6.9,7.4,6.55,7.15,535421,359340,634
SURYAROSNI,22-SEP-2021,766.0,819.8,765.95,779.6,544983,151587,20562
SURYODAY,22-SEP-2021,182.0,192.4,182.0,185.4,335567,154101,7173
SUTLEJTEX,22-SEP-2021,61.5,62.8,60.6,61.75,169281,79811,3349
SUULD,22-SEP-2021,594.8,605.0,570.5,579.1,43629,31493,1875
SUVEN,22-SEP-2021,92.9,103.0,92.5,98.25,6131154,2447486,56575
SUVENPHAR,22-SEP-2021,520.1,539.95,520.0,537.85,270604,129223,14894
SUVIDHAA,22-SEP-2021,17.45,19.0,17.45,17.75,319156,57526,724
SUZLON,22-SEP-2021,6.45,6.55,6.4,6.4,13636819,6510526,20704
SVPGLOB,22-SEP-2021,129.75,135.05,127.9,131.65,149657,97536,2044
SWANENERGY,22-SEP-2021,130.45,132.6,129.3,130.45,62377,23382,2292
SWARAJENG,22-SEP-2021,1628.7,1631.0,1605.0,1622.7,5241,3096,1192
SWELECTES,22-SEP-2021,216.0,222.5,216.0,217.9,8399,4598,300
SWSOLAR,22-SEP-2021,364.05,375.0,361.05,370.55,1848145,605191,27869
SYMPHONY,22-SEP-2021,1019.9,1049.95,1006.8,1039.95,190868,77114,13850
SYNGENE,22-SEP-2021,656.0,667.25,651.1,662.4,827463,406876,24674
TAJGVK,22-SEP-2021,141.0,148.0,139.15,144.15,991494,443803,19843
TAKE,22-SEP-2021,50.1,51.35,49.8,50.1,753485,303253,5269
TALBROAUTO,22-SEP-2021,280.0,284.3,275.1,277.7,15123,6025,1003
TARAPUR,22-SEP-2021,4.2,4.35,4.05,4.05,17059,15657,82
TARMAT,22-SEP-2021,62.8,62.8,61.1,61.35,32091,18203,562
TASTYBITE,22-SEP-2021,18445.65,18518.6,18212.1,18344.65,800,383,478
TATACHEM,22-SEP-2021,805.3,828.7,802.25,825.3,3326873,731658,50678
TATACOFFEE,22-SEP-2021,205.9,208.45,204.55,205.8,1104626,266270,13776
TATACOMM,22-SEP-2021,1430.0,1460.0,1425.05,1450.4,333691,151225,21303
TATACONSUM,22-SEP-2021,862.0,863.35,851.9,854.15,982114,562018,27948
TATAELXSI,22-SEP-2021,5668.8,5699.0,5553.05,5580.15,246188,121037,37899
TATAINVEST,22-SEP-2021,1270.0,1291.0,1269.5,1280.05,23402,9933,3034
TATAMETALI,22-SEP-2021,974.0,1014.0,972.0,998.55,231830,76313,14334
TATAMOTORS,22-SEP-2021,303.15,313.8,303.0,310.1,29545253,7652282,242987
TATAMTRDVR,22-SEP-2021,150.0,156.2,148.75,153.3,5088931,1974974,37164
TATAPOWER,22-SEP-2021,136.95,139.65,136.4,137.85,21321952,6667243,96390
TATASTEEL,22-SEP-2021,1299.4,1318.0,1283.1,1305.8,11124247,2114995,263880
TATASTLLP,22-SEP-2021,852.0,875.55,835.0,854.0,48046,30828,2918
TATVA,22-SEP-2021,2181.6,2316.6,2152.15,2265.35,444739,129830,39639
TBZ,22-SEP-2021,76.3,76.8,74.8,75.25,156826,65061,2881
TCI,22-SEP-2021,410.0,427.0,409.95,423.6,60350,22927,3489
TCIDEVELOP,22-SEP-2021,451.7,454.7,411.4,411.4,36498,13844,2465
TCIEXP,22-SEP-2021,1505.55,1589.7,1479.55,1565.75,101561,36727,9972
TCIFINANCE,22-SEP-2021,5.6,5.7,5.5,5.7,2554,2444,16
TCNSBRANDS,22-SEP-2021,624.9,648.7,615.8,635.3,42820,12017,4267
TCPLPACK,22-SEP-2021,538.0,538.9,522.55,526.05,6870,4364,622
TCS,22-SEP-2021,3862.5,3896.85,3852.45,3862.15,1744067,1015045,93000
TDPOWERSYS,22-SEP-2021,320.0,324.0,315.2,318.8,22489,13297,1094
TEAMLEASE,22-SEP-2021,4383.0,4520.0,4267.95,4320.2,22330,10704,4768
TECHIN,22-SEP-2021,7.2,7.2,6.8,7.05,27537,20206,90
TECHM,22-SEP-2021,1464.0,1527.9,1456.5,1513.6,5145820,1262454,161502
TECHNOE,22-SEP-2021,272.0,273.45,267.35,268.25,132438,101287,4173
TEMBO,22-SEP-2021,290.0,297.0,285.0,294.65,172024,51634,1855
TEXINFRA,22-SEP-2021,57.4,57.85,56.45,57.5,27034,15890,432
TEXMOPIPES,22-SEP-2021,51.0,51.45,49.55,50.7,98004,59983,1271
TEXRAIL,22-SEP-2021,34.4,34.95,34.0,34.45,481194,236456,2515
TFCILTD,22-SEP-2021,70.4,71.85,69.35,69.65,292602,133711,2963
TFL,22-SEP-2021,5.8,5.8,5.45,5.65,8194,7630,41
TGBHOTELS,22-SEP-2021,8.8,8.95,8.55,8.65,17475,14564,101
THANGAMAYL,22-SEP-2021,1080.0,1125.8,1060.0,1065.05,23873,12158,3982
THEINVEST,22-SEP-2021,114.95,115.75,112.55,113.8,6107,3504,204
THERMAX,22-SEP-2021,1456.0,1456.0,1393.4,1406.7,67071,42984,8771
THOMASCOOK,22-SEP-2021,65.75,68.5,65.4,65.9,983848,407098,7442
THYROCARE,22-SEP-2021,1275.75,1275.8,1259.0,1270.3,40482,19479,2970
TIIL,22-SEP-2021,821.65,826.0,808.2,813.1,13091,7109,1340
TIINDIA,22-SEP-2021,1492.0,1513.95,1480.0,1488.5,56441,24133,6680
TIL,22-SEP-2021,155.55,160.95,155.35,157.25,4033,2444,296
TIMESGTY,22-SEP-2021,42.05,44.75,41.65,43.6,13269,10034,160
TIMETECHNO,22-SEP-2021,71.8,72.45,71.0,71.2,306022,200465,5412
TIMKEN,22-SEP-2021,1839.0,1859.0,1770.0,1776.75,45240,15781,6884
TINPLATE,22-SEP-2021,274.2,282.0,274.15,279.85,453316,196345,11733
TIRUMALCHM,22-SEP-2021,274.15,297.9,272.2,293.05,3128135,1031967,42613
TITAN,22-SEP-2021,2096.8,2110.95,2073.4,2081.05,1057480,564526,55217
TMRVL,22-SEP-2021,15.4,15.45,14.7,14.8,206483,133636,1017
TNPETRO,22-SEP-2021,117.35,123.0,116.8,119.6,396870,171941,7420
TNPL,22-SEP-2021,129.8,130.9,128.05,128.45,160475,81017,3482
TOKYOPLAST,22-SEP-2021,104.0,104.75,102.2,103.15,13302,7958,419
TORNTPHARM,22-SEP-2021,3047.5,3099.9,3043.6,3085.5,63049,21944,5626
TORNTPOWER,22-SEP-2021,500.0,503.8,485.2,492.95,1966270,386318,38798
TOTAL,22-SEP-2021,55.5,55.5,52.1,54.05,19095,10923,217
TPLPLASTEH,22-SEP-2021,201.0,208.9,200.05,202.75,54299,14550,1565
TREJHARA,22-SEP-2021,63.5,65.95,62.6,64.15,108820,50261,2554
TRENT,22-SEP-2021,985.0,995.0,975.95,983.7,252879,81126,13124
TRF,22-SEP-2021,117.0,122.0,117.0,119.65,10344,7064,195
TRIDENT,22-SEP-2021,23.9,24.45,23.85,23.95,11885362,5087205,27397
TRIGYN,22-SEP-2021,108.0,113.75,108.0,110.65,77319,50405,1650
TRIL,22-SEP-2021,27.5,27.7,27.0,27.4,89741,54622,500
TRITURBINE,22-SEP-2021,132.7,135.9,131.0,132.15,112942,44082,3800
TRIVENI,22-SEP-2021,168.9,172.9,168.9,170.6,267179,123529,5726
TTKHLTCARE,22-SEP-2021,686.0,700.0,680.0,687.2,4059,2503,384
TTKPRESTIG,22-SEP-2021,8986.0,9092.25,8942.0,9010.45,1598,778,910
TTL,22-SEP-2021,61.95,64.45,61.35,64.2,5800,3758,232
TV18BRDCST,22-SEP-2021,38.45,40.35,37.8,39.1,26417095,8181281,40119
TVSELECT,22-SEP-2021,173.3,173.95,168.15,170.2,26308,17942,786
TVSMOTOR,22-SEP-2021,535.1,541.0,531.0,540.1,789554,202923,14787
TVSSRICHAK,22-SEP-2021,2128.0,2220.0,2121.25,2189.95,10919,5408,1999
TVTODAY,22-SEP-2021,306.0,312.0,300.1,303.8,264900,99719,8433
TWL,22-SEP-2021,92.3,94.3,90.85,92.2,551864,223282,5612
UBL,22-SEP-2021,1602.95,1649.9,1589.6,1638.95,737379,192021,33649
UCALFUEL,22-SEP-2021,144.65,148.8,144.0,147.65,28332,11353,1442
UCOBANK,22-SEP-2021,13.4,13.55,13.3,13.4,2749803,962943,28262
UFLEX,22-SEP-2021,532.8,543.65,532.8,536.75,171754,73113,7397
UFO,22-SEP-2021,105.1,115.65,103.35,109.85,5237046,1257511,58226
UGARSUGAR,22-SEP-2021,26.6,26.95,26.35,26.55,85349,35451,621
UGROCAP,22-SEP-2021,127.05,133.7,127.05,128.8,49741,42616,723
UJAAS,22-SEP-2021,3.05,3.1,2.8,2.9,2500017,1738284,1676
UJJIVAN,22-SEP-2021,153.45,155.0,151.5,152.25,543992,228481,5841
UJJIVANSFB,22-SEP-2021,20.05,20.25,19.8,19.9,2133650,1180082,5184
ULTRACEMCO,22-SEP-2021,7599.9,7670.0,7576.9,7625.6,206063,103215,26200
UMANGDAIRY,22-SEP-2021,73.3,76.2,73.3,74.5,19479,6113,619
UMESLTD,22-SEP-2021,4.15,4.15,3.8,3.9,74800,59444,364
UNICHEMLAB,22-SEP-2021,267.8,275.95,258.9,259.8,96061,54764,6531
UNIDT,22-SEP-2021,350.5,350.5,341.0,342.45,7787,4926,526
UNIENTER,22-SEP-2021,130.25,130.25,128.05,129.0,5963,4565,198
UNIONBANK,22-SEP-2021,35.0,35.25,34.8,35.05,3956706,1563148,7787
UNITEDTEA,22-SEP-2021,397.2,404.85,395.0,396.0,1710,1033,90
UNIVASTU,22-SEP-2021,45.65,50.85,45.5,48.9,28359,10457,325
UNIVCABLES,22-SEP-2021,165.1,175.5,164.6,172.45,48174,29297,1082
UNIVPHOTO,22-SEP-2021,354.95,370.85,342.0,345.9,3427,1652,195
UPL,22-SEP-2021,721.0,726.15,713.75,724.9,1913723,850832,47699
URJA,22-SEP-2021,6.2,6.45,6.2,6.35,1695391,755733,3293
USHAMART,22-SEP-2021,74.0,79.9,73.65,79.4,6546396,3069731,27166
UTIAMC,22-SEP-2021,1090.0,1112.75,1068.0,1072.65,170544,108261,20294
UTIBANKETF,22-SEP-2021,37.78,37.78,37.01,37.19,2697,2136,90
UTINEXT50,22-SEP-2021,45.57,45.57,44.47,44.48,7818,7304,104
UTINIFTETF,22-SEP-2021,1912.25,1912.25,1840.0,1848.91,370,335,99
UTISENSETF,22-SEP-2021,620.0,620.99,614.27,615.08,572,454,81
UTISXN50,22-SEP-2021,48.64,49.3,48.64,48.89,510,478,23
V2RETAIL,22-SEP-2021,125.6,127.5,123.85,127.1,75461,60976,1007
VADILALIND,22-SEP-2021,1040.5,1061.9,1038.1,1047.6,5507,3184,759
VAIBHAVGBL,22-SEP-2021,733.9,739.1,718.2,719.85,133585,63316,9905
VAISHALI,22-SEP-2021,37.3,38.1,37.0,37.55,49399,32361,509
VAKRANGEE,22-SEP-2021,39.85,40.5,39.4,39.65,6154395,3826164,9596
VALIANTORG,22-SEP-2021,1389.0,1405.0,1360.0,1370.9,50503,34850,3704
VARDHACRLC,22-SEP-2021,63.0,65.1,62.9,64.0,113791,58189,2393
VARROC,22-SEP-2021,300.1,300.1,293.5,294.75,116931,57600,4252
VASCONEQ,22-SEP-2021,24.3,25.5,24.2,25.5,470736,340002,1126
VASWANI,22-SEP-2021,11.75,11.85,11.45,11.6,48859,30202,164
VBL,22-SEP-2021,925.0,938.75,907.25,915.95,2547276,1897787,25307
VEDL,22-SEP-2021,294.0,298.0,290.65,294.9,7386307,2949105,61287
VENKEYS,22-SEP-2021,3015.0,3063.9,2991.0,3013.4,50773,17985,6567
VENUSREM,22-SEP-2021,458.1,469.7,453.0,456.05,51040,18455,4595
VERTOZ,22-SEP-2021,99.85,104.4,99.0,103.25,262338,98106,5464
VESUVIUS,22-SEP-2021,1136.8,1173.95,1130.0,1149.7,7929,4699,763
VETO,22-SEP-2021,101.75,103.95,100.65,102.45,41851,21374,900
VGUARD,22-SEP-2021,254.0,256.75,252.0,254.7,280880,91200,7572
VHL,22-SEP-2021,3141.0,3200.0,3052.5,3070.9,314,151,133
VIDHIING,22-SEP-2021,379.9,386.7,370.1,374.95,267230,65588,11728
VIJAYA,22-SEP-2021,580.0,614.9,574.3,578.7,1007133,391197,48851
VIKASECO,22-SEP-2021,2.05,2.1,2.0,2.1,4301381,3323460,365
VIKASPROP,22-SEP-2021,2.2,2.2,2.15,2.15,547899,434169,685
VIKASWSP,22-SEP-2021,5.05,5.05,4.75,4.95,1042395,627857,817
VIMTALABS,22-SEP-2021,282.95,289.0,282.95,286.0,24587,14537,1185
VINATIORGA,22-SEP-2021,1826.0,1919.3,1826.0,1899.4,91771,43429,9518
VINDHYATEL,22-SEP-2021,1133.0,1135.3,1114.0,1120.3,9084,5785,1287
VINEETLAB,22-SEP-2021,77.65,78.65,74.35,75.7,27426,21446,377
VINYLINDIA,22-SEP-2021,218.0,228.0,218.0,222.0,197153,56228,8396
VIPIND,22-SEP-2021,490.4,498.5,487.0,488.9,374265,87149,12289
VIPULLTD,22-SEP-2021,30.25,30.65,28.2,30.65,8708,6099,118
VISAKAIND,22-SEP-2021,680.0,689.8,677.15,689.05,13676,9782,1197
VISASTEEL,22-SEP-2021,11.25,11.25,11.25,11.25,76937,50330,126
VISHAL,22-SEP-2021,122.8,122.95,119.85,119.95,79486,42315,1056
VISHNU,22-SEP-2021,757.8,777.4,742.0,760.7,29612,16388,1112
VISHWARAJ,22-SEP-2021,140.05,142.4,137.8,141.2,92064,38309,1611
VIVIDHA,22-SEP-2021,0.8,0.8,0.75,0.8,1097610,1063098,723
VIVIMEDLAB,22-SEP-2021,21.1,21.5,20.8,21.1,98819,65630,986
VLSFINANCE,22-SEP-2021,192.35,198.5,191.95,194.25,37604,23321,1480
VMART,22-SEP-2021,3426.45,3497.0,3388.85,3461.05,44006,26459,8957
VOLTAMP,22-SEP-2021,1446.0,1446.0,1422.05,1438.55,17107,13540,1062
VOLTAS,22-SEP-2021,1225.0,1245.0,1225.0,1238.6,861920,311413,25344
VRLLOG,22-SEP-2021,337.0,402.6,335.0,399.4,2987439,523487,84098
VSSL,22-SEP-2021,237.45,252.8,237.45,250.7,142938,55894,6115
VSTIND,22-SEP-2021,3352.0,3480.0,3352.0,3412.0,10104,4859,2902
VSTTILLERS,22-SEP-2021,2600.0,2719.9,2575.0,2706.1,30295,14126,5458
VTL,22-SEP-2021,1805.0,1837.95,1780.0,1808.05,67649,26106,6429
WABAG,22-SEP-2021,342.8,353.9,337.0,346.95,306912,138316,8894
WABCOINDIA,22-SEP-2021,7061.0,7165.0,7010.5,7049.7,7035,5607,769
WALCHANNAG,22-SEP-2021,56.4,59.7,56.0,58.45,586624,251971,7201
WATERBASE,22-SEP-2021,113.85,115.4,113.5,114.4,78266,40387,1691
WEBELSOLAR,22-SEP-2021,66.25,67.5,64.8,65.4,166035,102916,1573
WEIZMANIND,22-SEP-2021,45.4,48.2,45.4,46.6,13010,6373,326
WELCORP,22-SEP-2021,126.9,128.9,125.0,125.35,1517068,731923,12534
WELENT,22-SEP-2021,107.5,108.8,105.4,106.75,754453,298998,11167
WELINV,22-SEP-2021,323.15,329.9,320.4,322.4,266,230,26
WELSPUNIND,22-SEP-2021,136.9,141.2,135.6,139.2,3677397,1603039,33590
WENDT,22-SEP-2021,4398.7,4493.1,4370.0,4397.65,849,514,302
WESTLIFE,22-SEP-2021,540.0,543.4,533.1,538.15,24691,12321,2270
WHEELS,22-SEP-2021,790.8,809.0,786.95,801.7,47688,31594,2130
WHIRLPOOL,22-SEP-2021,2247.0,2283.0,2211.5,2256.4,58053,24052,6921
WILLAMAGOR,22-SEP-2021,20.4,20.4,19.6,20.15,4042,2089,49
WINDLAS,22-SEP-2021,376.75,378.05,371.05,372.3,47626,21480,4134
WINDMACHIN,22-SEP-2021,29.0,29.1,28.5,28.9,28450,18532,196
WIPRO,22-SEP-2021,669.0,674.5,663.0,668.15,4791652,1960337,89301
WOCKPHARMA,22-SEP-2021,426.4,435.95,423.5,430.15,347007,111321,9560
WONDERLA,22-SEP-2021,226.7,239.2,226.15,229.85,288185,97819,9561
WORTH,22-SEP-2021,89.8,89.8,86.5,87.7,24037,11710,348
WSTCSTPAPR,22-SEP-2021,238.5,239.0,234.4,235.55,244045,101210,4776
XCHANGING,22-SEP-2021,108.95,113.6,108.5,108.95,359054,175684,5024
XPROINDIA,22-SEP-2021,525.25,525.25,502.05,513.75,157619,85644,3513
YAARII,22-SEP-2021,99.3,103.0,97.05,99.05,152536,103087,1697
YESBANK,22-SEP-2021,13.1,13.4,13.05,13.15,90746640,36937232,87437
YUKEN,22-SEP-2021,610.0,610.0,575.25,594.85,2403,494,458
ZEEL,22-SEP-2021,281.25,355.35,281.25,336.8,191544190,33663250,1226291
ZEELEARN,22-SEP-2021,15.9,16.7,15.55,15.9,26369390,8418606,27770
ZEEMEDIA,22-SEP-2021,12.3,12.3,12.3,12.3,993041,993041,971
ZENITHEXPO,22-SEP-2021,84.15,86.85,84.05,85.1,620,356,29
ZENSARTECH,22-SEP-2021,516.3,530.5,511.25,514.45,748246,386880,17563
ZENTEC,22-SEP-2021,180.0,186.35,180.0,186.35,413825,294106,4035
ZODIACLOTH,22-SEP-2021,115.4,118.45,112.85,117.15,43742,26240,1845
ZOMATO,22-SEP-2021,135.4,135.4,131.3,132.1,16923375,9077487,92803
ZOTA,22-SEP-2021,365.05,392.0,365.05,382.25,99773,49672,3150
ZYDUSWELL,22-SEP-2021,2428.0,2430.05,2362.0,2369.85,31009,19358,4078
