20MICRONS,29-SEP-2021,58.25,59.7,57.6,58.55,99139,65285,1402
21STCENMGM,29-SEP-2021,47.35,47.35,47.0,47.35,33832,31760,128
3MINDIA,29-SEP-2021,24750.0,24795.35,24500.0,24685.65,1158,627,840
5PAISA,29-SEP-2021,451.9,470.0,445.65,459.4,26323,10854,1207
63MOONS,29-SEP-2021,93.8,93.8,91.0,93.0,43820,25570,823
A2ZINFRA,29-SEP-2021,4.15,4.3,4.1,4.3,299435,231289,281
AAKASH,29-SEP-2021,243.1,251.5,243.1,245.55,117437,32658,553
AAREYDRUGS,29-SEP-2021,35.2,37.75,35.2,37.2,28582,19006,521
AARON,29-SEP-2021,101.9,101.9,98.0,98.4,4455,2769,143
AARTIDRUGS,29-SEP-2021,605.5,614.0,605.5,608.8,118604,51318,6265
AARTIIND,29-SEP-2021,925.9,942.0,916.35,937.65,980092,454883,29963
AARTISURF,29-SEP-2021,1455.0,1479.75,1455.0,1470.8,12647,4447,5007
AARVEEDEN,29-SEP-2021,22.15,22.2,21.25,22.2,37163,25373,135
AARVI,29-SEP-2021,57.0,57.9,56.3,57.5,10067,4330,169
AAVAS,29-SEP-2021,2609.2,2647.1,2575.0,2612.45,51188,22966,10432
ABAN,29-SEP-2021,43.0,43.45,42.7,42.9,111161,54326,1112
ABB,29-SEP-2021,1800.9,1838.8,1797.1,1820.55,152524,51788,17806
ABBOTINDIA,29-SEP-2021,21010.8,21010.8,19201.0,19555.8,65120,30452,18664
ABCAPITAL,29-SEP-2021,114.0,115.7,113.3,114.15,2555754,809960,16959
ABFRL,29-SEP-2021,221.0,233.5,219.25,231.65,4515673,1135352,48377
ABMINTLLTD,29-SEP-2021,113.85,113.85,113.85,113.85,2604,2494,48
ABSLBANETF,29-SEP-2021,378.0,378.0,372.22,376.72,170,135,54
ABSLNN50ET,29-SEP-2021,435.0,437.0,432.0,432.94,1167,1029,36
ACC,29-SEP-2021,2290.0,2293.35,2245.1,2271.1,518866,214877,31621
ACCELYA,29-SEP-2021,1288.0,1297.8,1256.0,1276.6,24163,12571,3628
ACCURACY,29-SEP-2021,129.55,134.35,129.55,132.25,54055,15248,4190
ACE,29-SEP-2021,253.75,260.9,250.1,254.4,550308,166564,13652
ACRYSIL,29-SEP-2021,766.95,785.05,745.0,756.6,89294,45825,9315
ADANIENT,29-SEP-2021,1466.3,1498.0,1464.3,1485.65,1764350,166064,48250
ADANIGREEN,29-SEP-2021,1130.0,1149.8,1111.25,1138.65,3694509,2231164,45831
ADANIPORTS,29-SEP-2021,737.65,747.85,736.0,742.0,2734053,528295,45107
ADANIPOWER,29-SEP-2021,95.7,100.8,94.4,98.3,12121578,5447520,69681
ADFFOODS,29-SEP-2021,900.0,900.0,880.0,886.05,9947,6418,1405
ADORWELD,29-SEP-2021,687.0,690.45,680.0,683.0,3006,2415,250
ADSL,29-SEP-2021,69.8,73.5,69.5,71.6,281461,158414,3130
ADVANIHOTR,29-SEP-2021,85.6,86.1,77.6,82.1,77334,38670,1619
ADVENZYMES,29-SEP-2021,383.75,396.9,383.0,390.9,321684,140290,10164
AEGISCHEM,29-SEP-2021,236.0,236.0,229.0,229.4,873009,553697,19504
AFFLE,29-SEP-2021,5261.0,5350.0,5203.15,5291.75,62522,38352,11167
AGARIND,29-SEP-2021,340.45,348.6,334.15,347.3,114826,86377,1691
AGROPHOS,29-SEP-2021,16.7,16.7,15.55,15.7,26686,13967,176
AHLADA,29-SEP-2021,133.0,135.0,132.5,134.55,52233,50239,401
AHLEAST,29-SEP-2021,185.0,192.5,185.0,186.3,4541,2276,281
AHLUCONT,29-SEP-2021,360.1,365.6,357.05,358.3,33347,18927,1508
AHLWEST,29-SEP-2021,282.0,285.95,275.05,276.85,1822,1370,100
AIAENG,29-SEP-2021,1937.35,1959.95,1916.0,1921.0,18358,9299,4732
AJANTPHARM,29-SEP-2021,2182.0,2320.0,2170.3,2301.2,112425,46651,22708
AJOONI,29-SEP-2021,51.75,55.75,49.7,54.1,241894,90540,1499
AKASH,29-SEP-2021,185.45,186.6,180.95,183.1,68263,56626,1062
AKG,29-SEP-2021,23.95,25.0,23.5,23.9,4216,3591,36
AKSHARCHEM,29-SEP-2021,417.0,417.0,409.0,412.35,9108,4486,1067
AKZOINDIA,29-SEP-2021,2200.0,2274.4,2190.8,2258.3,39119,20685,7120
ALANKIT,29-SEP-2021,16.65,17.8,16.5,17.7,5104670,1336710,5998
ALBERTDAVD,29-SEP-2021,585.6,593.5,585.6,590.1,4820,2402,398
ALEMBICLTD,29-SEP-2021,114.95,117.15,114.6,115.65,338804,102016,7233
ALICON,29-SEP-2021,769.5,781.0,760.0,770.0,134813,131423,1024
ALKALI,29-SEP-2021,71.9,71.9,69.55,70.3,22089,14606,529
ALKEM,29-SEP-2021,3939.0,4042.0,3904.6,3936.05,662987,452827,35265
ALKYLAMINE,29-SEP-2021,3800.0,3930.0,3795.15,3825.45,66685,45635,14642
ALLCARGO,29-SEP-2021,261.55,267.5,260.0,266.15,822357,285704,13021
ALLSEC,29-SEP-2021,415.0,422.0,413.0,414.65,8883,6250,454
ALMONDZ,29-SEP-2021,100.0,105.3,96.55,101.6,59278,31298,666
ALOKINDS,29-SEP-2021,23.8,24.05,23.7,23.8,3746870,1864405,6896
ALPA,29-SEP-2021,51.2,52.85,51.2,52.0,26997,15707,341
ALPHAGEO,29-SEP-2021,425.6,444.0,425.6,432.05,133497,40948,6955
AMARAJABAT,29-SEP-2021,750.0,761.55,744.0,756.55,1165596,299250,30444
AMBER,29-SEP-2021,3100.0,3106.7,3046.0,3086.65,24711,12577,5035
AMBICAAGAR,29-SEP-2021,17.8,17.8,16.8,17.15,23757,19076,104
AMBIKCO,29-SEP-2021,1665.65,1705.0,1644.9,1682.85,22094,10001,3527
AMBUJACEM,29-SEP-2021,410.0,410.0,401.15,406.45,5728780,3230150,73585
AMDIND,29-SEP-2021,27.0,27.25,26.05,26.6,9936,2758,221
AMIORG,29-SEP-2021,1300.0,1308.0,1271.2,1281.65,273888,81040,14781
AMJLAND,29-SEP-2021,38.85,39.65,37.6,38.15,167461,63648,2155
AMRUTANJAN,29-SEP-2021,831.0,839.7,820.1,826.5,85818,35090,8484
ANANTRAJ,29-SEP-2021,77.2,81.15,76.0,77.6,1769390,904486,7869
ANDHRAPAP,29-SEP-2021,224.2,230.4,224.2,229.2,18924,9232,1049
ANDHRSUGAR,29-SEP-2021,611.05,641.0,598.0,628.5,205961,90169,8146
ANDREWYU,29-SEP-2021,24.0,25.15,24.0,24.65,165642,97816,1297
ANGELBRKG,29-SEP-2021,1277.0,1298.0,1260.0,1278.55,222939,76927,13421
ANIKINDS,29-SEP-2021,17.65,18.45,17.5,17.7,103250,81896,208
ANMOL,29-SEP-2021,159.75,165.5,157.85,160.0,201165,41702,4238
ANSALAPI,29-SEP-2021,9.5,9.9,8.9,9.05,687331,375202,967
ANSALHSG,29-SEP-2021,6.65,6.65,6.4,6.4,99093,71091,165
ANUP,29-SEP-2021,950.0,954.0,933.0,948.1,16800,9919,1747
ANURAS,29-SEP-2021,806.0,829.0,801.05,811.35,175340,68790,11368
APARINDS,29-SEP-2021,642.2,649.9,641.0,644.05,28562,13568,3387
APCL,29-SEP-2021,393.8,397.45,388.0,392.95,15066,8180,1191
APCOTEXIND,29-SEP-2021,401.05,418.0,401.05,409.25,115652,50692,6465
APEX,29-SEP-2021,289.0,298.7,285.8,295.65,99732,41734,4573
APLAPOLLO,29-SEP-2021,845.0,845.0,820.0,829.45,880113,693456,33397
APLLTD,29-SEP-2021,780.0,798.0,775.25,794.75,175883,56228,7197
APOLLO,29-SEP-2021,115.8,119.6,114.2,116.6,95132,39268,3349
APOLLOHOSP,29-SEP-2021,4420.0,4507.1,4400.0,4423.5,571896,140625,50200
APOLLOPIPE,29-SEP-2021,1684.0,1684.0,1650.05,1665.25,82025,73789,1970
APOLLOTYRE,29-SEP-2021,226.2,229.3,220.85,224.7,4045085,1115701,34093
APOLSINHOT,29-SEP-2021,795.2,827.0,795.2,806.9,1058,632,144
APTECHT,29-SEP-2021,300.0,318.8,296.1,310.9,547823,124005,15681
APTUS,29-SEP-2021,330.45,336.55,330.05,332.65,181597,70861,8843
ARCHIDPLY,29-SEP-2021,31.0,31.2,31.0,31.15,6670,6044,56
ARENTERP,29-SEP-2021,27.7,27.85,25.8,26.1,8094,4661,122
ARIES,29-SEP-2021,143.35,151.15,142.95,146.15,38055,15667,1117
ARIHANT,29-SEP-2021,26.55,27.8,25.3,26.05,31533,12321,629
ARIHANTCAP,29-SEP-2021,142.45,142.45,139.5,140.55,18716,12611,563
ARIHANTSUP,29-SEP-2021,151.25,154.05,146.5,149.2,206425,72189,3375
ARMANFIN,29-SEP-2021,830.0,835.0,802.55,808.55,23036,5204,5776
AROGRANITE,29-SEP-2021,63.0,66.7,62.45,63.8,78390,38618,570
ARROWGREEN,29-SEP-2021,127.0,127.05,120.35,122.7,6827,3248,254
ARSHIYA,29-SEP-2021,29.6,29.6,27.45,28.1,57588,43308,309
ARSSINFRA,29-SEP-2021,27.9,28.3,26.85,27.9,11461,8161,246
ARTEMISMED,29-SEP-2021,36.0,36.95,35.0,35.95,184460,130505,2072
ARVIND,29-SEP-2021,94.65,96.7,94.4,94.7,861992,258562,7586
ARVINDFASN,29-SEP-2021,266.3,285.95,266.3,274.15,1025335,346053,19721
ARVSMART,29-SEP-2021,162.8,181.5,162.35,177.85,1107213,470912,19310
ASAHIINDIA,29-SEP-2021,368.2,370.25,356.05,358.95,117085,89691,3289
ASAHISONG,29-SEP-2021,354.0,358.9,347.0,349.4,14504,8415,913
ASALCBR,29-SEP-2021,424.8,432.5,413.95,430.8,46634,23267,3191
ASHAPURMIN,29-SEP-2021,116.05,121.8,116.0,121.8,67444,53665,923
ASHIANA,29-SEP-2021,205.0,209.5,199.35,200.15,309559,198538,7043
ASHIMASYN,29-SEP-2021,18.1,19.0,17.75,18.0,115278,78535,494
ASHOKA,29-SEP-2021,97.25,98.0,96.65,97.4,603320,271370,5372
ASHOKLEY,29-SEP-2021,130.0,130.95,126.2,129.35,18991879,6025746,102142
ASIANHOTNR,29-SEP-2021,89.0,95.35,88.05,91.65,43362,17752,1499
ASIANPAINT,29-SEP-2021,3365.0,3381.7,3310.0,3323.05,973387,606740,87400
ASIANTILES,29-SEP-2021,151.25,157.0,151.25,153.95,1339395,629119,8096
ASPINWALL,29-SEP-2021,176.1,181.7,176.0,179.8,8801,2215,681
ASTEC,29-SEP-2021,1299.95,1312.85,1282.55,1288.75,6183,3094,1147
ASTERDM,29-SEP-2021,212.25,214.45,209.6,210.55,450278,189388,13597
ASTRAL,29-SEP-2021,2089.8,2158.2,2041.5,2143.35,912677,527658,44710
ASTRAMICRO,29-SEP-2021,189.0,199.75,189.0,197.05,1066078,583893,10268
ASTRAZEN,29-SEP-2021,3105.0,3200.0,3100.05,3146.7,49874,12569,9967
ASTRON,29-SEP-2021,56.9,57.8,56.5,56.8,76505,40714,945
ATFL,29-SEP-2021,1003.4,1032.15,995.0,1026.65,7553,5510,720
ATUL,29-SEP-2021,9360.0,9440.0,9321.0,9382.25,3924,1824,1709
ATULAUTO,29-SEP-2021,223.0,225.55,219.15,221.0,545616,148931,15915
AUBANK,29-SEP-2021,1125.0,1179.0,1112.5,1158.9,3826430,1555369,77611
AUROPHARMA,29-SEP-2021,721.4,736.9,718.9,727.95,2240377,864642,79774
AUTOAXLES,29-SEP-2021,1260.0,1280.0,1254.45,1264.5,12310,5863,2216
AUTOIND,29-SEP-2021,57.5,58.3,55.65,57.2,21871,15608,381
AVADHSUGAR,29-SEP-2021,405.1,418.65,405.1,414.3,26145,10428,1396
AVANTIFEED,29-SEP-2021,542.95,546.2,538.35,539.75,125315,61060,8160
AVTNPL,29-SEP-2021,78.8,81.45,78.45,81.0,211802,106975,3331
AWHCL,29-SEP-2021,365.0,374.4,362.0,367.1,1278218,575973,21538
AXISBANK,29-SEP-2021,783.0,789.5,778.5,782.15,14241004,10315275,237067
AXISBNKETF,29-SEP-2021,378.95,382.5,376.0,380.3,672,621,49
AXISBPSETF,29-SEP-2021,10.37,10.38,10.36,10.36,14009,8922,115
AXISCADES,29-SEP-2021,76.65,76.65,74.2,76.65,118324,96646,512
AXISCETF,29-SEP-2021,72.95,72.95,69.45,70.43,5985,3338,174
AXISGOLD,29-SEP-2021,39.96,40.19,39.94,40.07,101122,78551,5784
AXISHCETF,29-SEP-2021,88.9,90.18,86.5,89.9,13517,10537,357
AXISNIFTY,29-SEP-2021,192.2,194.84,183.4,184.89,5876,3063,130
AXISTECETF,29-SEP-2021,361.99,361.99,345.0,357.51,14087,11718,752
AYMSYNTEX,29-SEP-2021,103.0,104.2,99.95,103.1,53080,30069,1063
BAFNAPH,29-SEP-2021,128.5,131.25,127.0,128.7,2047,1210,97
BAJAJ-AUTO,29-SEP-2021,3900.0,3935.9,3850.0,3899.25,379896,107732,36113
BAJAJCON,29-SEP-2021,256.0,257.9,254.1,256.5,245801,105326,7849
BAJAJELEC,29-SEP-2021,1371.0,1388.15,1340.0,1343.7,137265,51605,13332
BAJAJFINSV,29-SEP-2021,17498.8,17647.9,17307.8,17433.75,309712,98449,71576
BAJAJHLDNG,29-SEP-2021,4802.0,4816.4,4650.0,4712.55,79366,47721,14142
BAJFINANCE,29-SEP-2021,7529.0,7635.85,7456.15,7515.4,945879,331880,109016
BALAJITELE,29-SEP-2021,66.0,66.85,65.75,65.9,116090,54196,2381
BALAMINES,29-SEP-2021,4480.0,4675.0,4451.7,4602.6,61462,26890,11080
BALAXI,29-SEP-2021,553.6,581.95,553.6,574.7,2624,1533,251
BALKRISIND,29-SEP-2021,2544.85,2568.0,2489.65,2504.95,441157,255593,25761
BALMLAWRIE,29-SEP-2021,125.95,130.65,125.65,127.3,845158,353109,8936
BALPHARMA,29-SEP-2021,103.9,104.6,102.4,103.15,37229,21095,1691
BALRAMCHIN,29-SEP-2021,350.1,359.7,349.1,356.5,578639,219828,16900
BANARBEADS,29-SEP-2021,64.15,65.5,60.4,63.2,15146,7136,328
BANARISUG,29-SEP-2021,2145.0,2180.0,2093.95,2118.05,5087,3356,693
BANCOINDIA,29-SEP-2021,197.0,204.4,195.1,200.45,143008,45911,7831
BANDHANBNK,29-SEP-2021,285.6,290.0,279.85,284.4,6625067,2867385,70038
BANKBARODA,29-SEP-2021,78.95,82.0,78.15,81.7,53912004,20130334,92773
BANKBEES,29-SEP-2021,382.8,382.8,376.4,381.1,586786,316597,8314
BANKINDIA,29-SEP-2021,52.9,55.75,52.7,55.1,19661029,8363027,48417
BANSWRAS,29-SEP-2021,146.7,148.85,142.1,146.85,34512,24443,567
BARBEQUE,29-SEP-2021,1140.4,1150.05,1104.0,1123.25,112261,41370,14136
BASF,29-SEP-2021,3355.0,3393.35,3351.0,3368.45,68439,58218,3720
BASML,29-SEP-2021,57.0,58.95,55.2,58.95,59071,48457,507
BATAINDIA,29-SEP-2021,1767.0,1780.15,1740.25,1763.45,454672,198825,16441
BAYERCROP,29-SEP-2021,5289.95,5341.0,5276.05,5289.6,10229,6663,2316
BBL,29-SEP-2021,1319.0,1397.0,1308.95,1340.9,79232,32325,8731
BBTC,29-SEP-2021,1150.0,1159.0,1133.35,1146.5,42062,24305,4338
BCLIND,29-SEP-2021,232.85,236.9,231.0,232.05,39420,13186,5146
BCP,29-SEP-2021,3.95,3.95,3.85,3.85,180578,98837,200
BDL,29-SEP-2021,377.9,382.3,376.2,378.8,134088,96143,5041
BEARDSELL,29-SEP-2021,13.1,13.4,12.75,12.9,12699,9817,50
BECTORFOOD,29-SEP-2021,413.45,417.0,409.55,412.35,99997,52317,4424
BEDMUTHA,29-SEP-2021,35.8,36.3,35.5,35.55,5317,4505,58
BEL,29-SEP-2021,210.9,212.4,203.7,205.15,9126075,3402808,80544
BEML,29-SEP-2021,1399.8,1457.0,1390.15,1434.4,589823,208367,26587
BEPL,29-SEP-2021,181.2,188.0,181.2,184.3,768124,333423,10118
BERGEPAINT,29-SEP-2021,820.95,821.2,809.95,817.15,494533,213277,22576
BESTAGRO,29-SEP-2021,759.0,800.95,725.0,768.5,32825,18720,1937
BFINVEST,29-SEP-2021,359.5,367.95,355.0,361.5,37840,10294,2547
BFUTILITIE,29-SEP-2021,429.3,448.7,426.0,436.55,220034,61775,6395
BGRENERGY,29-SEP-2021,59.25,68.4,58.4,66.1,2466144,626678,22567
BHAGERIA,29-SEP-2021,250.8,277.75,250.8,264.65,386261,118902,16069
BHAGYANGR,29-SEP-2021,49.05,49.45,48.4,49.05,22720,14433,238
BHAGYAPROP,29-SEP-2021,29.7,30.35,29.5,29.75,10995,7506,85
BHANDARI,29-SEP-2021,3.2,3.2,3.1,3.15,147807,90958,1114
BHARATFORG,29-SEP-2021,752.7,752.7,736.9,744.2,3149740,1839273,78999
BHARATGEAR,29-SEP-2021,140.65,142.9,138.85,141.6,18434,12649,550
BHARATRAS,29-SEP-2021,12240.0,12498.8,11999.0,12097.9,2857,923,1310
BHARTIARTL,29-SEP-2021,697.0,702.0,689.15,694.1,16729859,9013506,163654
BHEL,29-SEP-2021,60.9,63.95,60.4,62.8,130367062,22024396,235993
BIGBLOC,29-SEP-2021,112.0,114.0,110.15,113.8,4889,3899,112
BIL,29-SEP-2021,216.4,224.45,216.4,218.0,6572,4450,201
BINDALAGRO,29-SEP-2021,23.15,23.7,22.85,23.0,118620,59633,1162
BIOCON,29-SEP-2021,361.85,366.6,359.1,362.6,1385922,441182,24326
BIOFILCHEM,29-SEP-2021,63.85,63.85,62.05,63.05,20324,16276,440
BIRLACORPN,29-SEP-2021,1306.55,1378.0,1288.85,1362.9,323551,202577,20616
BIRLAMONEY,29-SEP-2021,63.25,63.7,62.5,62.8,61347,40536,1009
BIRLATYRE,29-SEP-2021,23.6,24.15,23.4,24.0,171973,131272,1285
BLBLIMITED,29-SEP-2021,9.65,9.9,9.35,9.9,52962,39841,177
BLISSGVS,29-SEP-2021,111.45,111.85,109.1,110.0,221526,124653,3175
BLKASHYAP,29-SEP-2021,26.8,29.25,26.3,28.75,1960761,1165089,3597
BLS,29-SEP-2021,258.0,266.0,248.4,260.9,823941,377661,13562
BLUEDART,29-SEP-2021,6344.0,6499.25,6338.7,6399.6,13082,6273,4035
BLUESTARCO,29-SEP-2021,911.0,939.2,877.0,888.3,422125,78795,22940
BODALCHEM,29-SEP-2021,112.7,118.5,111.85,117.0,2376746,713742,22306
BOMDYEING,29-SEP-2021,93.15,95.0,92.75,93.8,2339475,493259,13731
BOROLTD,29-SEP-2021,213.6,223.65,211.5,218.25,129302,56415,3867
BORORENEW,29-SEP-2021,297.0,304.9,297.0,303.7,118654,69796,3278
BOSCHLTD,29-SEP-2021,15650.0,15934.2,15520.0,15638.2,42636,12125,12841
BPCL,29-SEP-2021,429.5,438.0,426.0,436.9,7625857,4096152,115069
BRIGADE,29-SEP-2021,400.0,407.5,390.25,393.6,891721,293372,22049
BRITANNIA,29-SEP-2021,3982.0,4019.9,3959.15,3972.75,332446,209012,23823
BRNL,29-SEP-2021,28.85,29.25,28.3,28.5,52736,29664,487
BROOKS,29-SEP-2021,135.5,137.0,130.1,131.05,42156,30125,1000
BSE,29-SEP-2021,1255.0,1256.0,1230.25,1241.3,466919,193269,26015
BSL,29-SEP-2021,63.75,63.85,62.0,62.25,12267,5681,310
BSLGOLDETF,29-SEP-2021,4209.25,4228.9,4209.0,4216.15,306,213,92
BSLNIFTY,29-SEP-2021,195.79,202.0,194.1,196.64,1947,1191,59
BSOFT,29-SEP-2021,415.0,417.3,408.35,410.05,1830811,979204,38620
BURGERKING,29-SEP-2021,163.6,165.4,162.35,163.4,1046478,332915,12546
BUTTERFLY,29-SEP-2021,933.0,971.35,914.5,968.35,48297,34204,2666
BYKE,29-SEP-2021,32.4,33.15,31.5,32.65,82398,52834,675
CADILAHC,29-SEP-2021,535.0,556.2,535.0,547.6,2403708,867808,37051
CALSOFT,29-SEP-2021,29.4,29.85,28.45,29.85,151208,108670,435
CAMLINFINE,29-SEP-2021,182.25,188.0,182.25,183.85,250185,88987,6923
CAMS,29-SEP-2021,3400.0,3400.0,3111.0,3134.65,1938275,1021975,334449
CANBK,29-SEP-2021,161.8,172.0,161.7,168.15,35308289,11454694,130086
CANFINHOME,29-SEP-2021,646.7,667.6,642.05,652.45,1440451,340872,35612
CANTABIL,29-SEP-2021,599.9,630.0,586.0,620.85,30039,16493,1109
CAPACITE,29-SEP-2021,165.0,167.15,163.0,163.35,159002,93040,3758
CAPLIPOINT,29-SEP-2021,875.55,897.5,874.05,890.15,177233,49795,11649
CAPTRUST,29-SEP-2021,90.0,92.0,88.65,91.5,12464,7059,201
CARBORUNIV,29-SEP-2021,863.4,880.0,857.25,869.9,107697,77184,6233
CAREERP,29-SEP-2021,161.45,166.95,161.05,163.8,61761,37242,1935
CARERATING,29-SEP-2021,689.9,689.9,678.0,679.7,46652,23681,3677
CARTRADE,29-SEP-2021,1265.2,1290.0,1214.2,1234.7,383189,240143,37976
CASTROLIND,29-SEP-2021,138.5,140.1,138.05,139.45,464232,249488,10444
CCL,29-SEP-2021,382.8,391.6,382.0,385.55,211611,83241,10936
CEATLTD,29-SEP-2021,1327.95,1327.95,1315.0,1322.55,61988,25004,4723
CELEBRITY,29-SEP-2021,9.5,9.5,9.05,9.2,18019,11711,106
CENTENKA,29-SEP-2021,444.25,451.2,442.2,445.6,16234,9174,1306
CENTEXT,29-SEP-2021,8.95,9.05,8.85,8.95,152389,111041,531
CENTRALBK,29-SEP-2021,20.9,21.7,20.75,21.2,7617331,2400402,9946
CENTRUM,29-SEP-2021,31.8,33.25,31.5,32.05,940985,468793,3282
CENTUM,29-SEP-2021,483.25,500.0,483.25,488.9,3157,1456,446
CENTURYPLY,29-SEP-2021,464.8,470.0,452.5,466.7,243663,97451,12916
CENTURYTEX,29-SEP-2021,916.5,937.0,911.65,924.15,285324,83185,9556
CERA,29-SEP-2021,5368.95,5585.0,5310.0,5452.75,62698,11364,11179
CEREBRAINT,29-SEP-2021,56.05,56.75,55.35,55.9,395478,207682,2819
CESC,29-SEP-2021,81.9,88.2,81.5,86.65,19006357,6479187,87486
CGCL,29-SEP-2021,495.0,504.3,495.0,501.35,16844,8947,2017
CHALET,29-SEP-2021,232.0,244.9,230.15,238.2,494176,179659,19363
CHAMBLFERT,29-SEP-2021,331.0,341.0,328.05,334.9,1290781,508020,37776
CHEMBOND,29-SEP-2021,229.0,233.0,220.0,228.4,16471,9493,834
CHEMCON,29-SEP-2021,439.6,442.25,431.75,435.8,124839,70806,6094
CHEMFAB,29-SEP-2021,173.8,184.7,173.8,183.2,39368,23223,1123
CHEMPLASTS,29-SEP-2021,609.0,616.0,597.6,610.25,666830,373081,19836
CHENNPETRO,29-SEP-2021,119.85,127.4,117.9,124.0,1194328,508404,15799
CHOLAFIN,29-SEP-2021,554.0,577.85,544.1,573.45,4750941,2722092,56040
CHOLAHLDNG,29-SEP-2021,710.0,710.0,686.3,688.8,15317,5748,2718
CIGNITITEC,29-SEP-2021,599.0,615.0,585.0,609.7,275301,123111,13174
CIPLA,29-SEP-2021,970.5,1005.0,965.15,987.6,4052980,1216272,91334
CLEAN,29-SEP-2021,2000.05,2059.0,1997.8,2004.7,338614,121129,24497
CLEDUCATE,29-SEP-2021,142.5,142.5,139.25,140.15,38720,29651,768
CLNINDIA,29-SEP-2021,572.5,578.5,564.05,566.25,38017,21981,2361
CLSEL,29-SEP-2021,123.15,126.45,122.0,123.75,29695,14494,1835
CMICABLES,29-SEP-2021,42.55,43.15,42.1,42.25,68154,45102,738
COALINDIA,29-SEP-2021,174.5,197.0,172.8,185.7,100988643,19129908,475984
COCHINSHIP,29-SEP-2021,358.75,374.5,358.1,360.3,361116,174116,11990
COFFEEDAY,29-SEP-2021,29.95,30.9,29.7,30.1,510395,344453,2275
COFORGE,29-SEP-2021,5175.0,5299.9,5001.0,5260.7,580822,220797,63322
COLPAL,29-SEP-2021,1678.0,1695.0,1672.05,1678.45,284053,145674,21965
COMPINFO,29-SEP-2021,26.95,27.1,25.75,26.2,540713,201803,3095
COMPUSOFT,29-SEP-2021,13.85,13.85,13.8,13.85,78879,62111,150
CONCOR,29-SEP-2021,705.7,712.8,697.0,703.7,1044662,321306,26509
CONFIPET,29-SEP-2021,84.7,87.3,82.55,83.1,3284726,1215863,27438
CONSOFINVT,29-SEP-2021,151.1,151.1,143.0,143.35,22038,13445,528
CONTROLPR,29-SEP-2021,328.0,335.5,322.0,334.1,18741,10626,778
CORALFINAC,29-SEP-2021,48.0,48.0,45.5,45.7,80476,48348,1009
CORDSCABLE,29-SEP-2021,53.5,54.65,52.55,53.65,35505,20486,440
COROMANDEL,29-SEP-2021,791.6,814.95,788.0,797.15,856874,457265,26757
COSMOFILMS,29-SEP-2021,1412.0,1527.95,1376.15,1517.15,182510,62151,15576
COUNCODOS,29-SEP-2021,2.8,2.95,2.8,2.85,84950,73958,98
CPSEETF,29-SEP-2021,29.4,30.78,29.01,30.71,16443657,12336425,94244
CRAFTSMAN,29-SEP-2021,2120.95,2160.0,2091.15,2121.9,20996,11125,4716
CREATIVEYE,29-SEP-2021,3.25,3.4,3.25,3.4,5120,5120,3
CREDITACC,29-SEP-2021,638.0,641.85,621.0,623.2,193592,144858,8897
CRISIL,29-SEP-2021,2710.0,2749.0,2703.45,2713.05,14328,5803,3517
CROMPTON,29-SEP-2021,470.9,473.4,463.3,470.0,953160,572144,67716
CSBBANK,29-SEP-2021,305.65,321.6,302.95,319.55,475442,188745,13886
CTE,29-SEP-2021,61.0,61.0,57.4,57.65,99608,54410,820
CUB,29-SEP-2021,151.3,161.0,149.0,159.4,8355078,5018466,50262
CUBEXTUB,29-SEP-2021,21.8,21.8,20.5,21.45,6915,3564,73
CUMMINSIND,29-SEP-2021,1003.75,1011.95,993.0,996.95,270602,77472,12701
CUPID,29-SEP-2021,225.1,228.5,222.6,227.4,41111,20888,1494
CYBERTECH,29-SEP-2021,158.0,164.55,156.0,161.8,50781,25802,2038
CYIENT,29-SEP-2021,997.95,1060.0,975.25,1053.05,930732,460098,53843
DAAWAT,29-SEP-2021,70.25,72.45,70.1,71.85,1170186,399154,8624
DABUR,29-SEP-2021,627.0,628.3,620.25,623.15,1827330,1191308,34363
DALBHARAT,29-SEP-2021,2017.7,2160.0,1995.25,2052.45,240923,138016,27903
DALMIASUG,29-SEP-2021,400.0,414.9,400.0,405.0,84712,29319,4976
DANGEE,29-SEP-2021,194.95,194.95,190.0,190.9,1294,242,27
DATAMATICS,29-SEP-2021,301.45,309.85,298.0,304.35,152561,53650,4249
DBCORP,29-SEP-2021,98.05,98.3,96.05,96.7,176988,72812,3143
DBL,29-SEP-2021,542.3,546.1,537.25,538.95,154977,74719,6322
DBREALTY,29-SEP-2021,27.15,27.8,25.7,26.05,791167,440344,2580
DCAL,29-SEP-2021,195.6,205.0,194.3,198.15,1085111,211538,13436
DCBBANK,29-SEP-2021,92.0,92.95,91.5,91.8,2211501,1606801,8548
DCMNVL,29-SEP-2021,203.1,205.0,200.05,202.55,33465,28119,428
DCMSHRIRAM,29-SEP-2021,995.4,1006.45,980.0,987.25,52373,28881,3881
DCW,29-SEP-2021,42.6,45.5,42.6,44.45,4787677,1676717,13111
DECCANCE,29-SEP-2021,695.1,709.85,692.0,707.05,31621,17096,3715
DEEPAKFERT,29-SEP-2021,408.7,415.3,403.5,408.35,240925,121279,4840
DEEPAKNTR,29-SEP-2021,2373.65,2397.0,2333.8,2374.05,812697,336560,49452
DEEPINDS,29-SEP-2021,148.0,161.4,147.5,150.6,267415,76980,11434
DELPHIFX,29-SEP-2021,698.0,698.0,660.1,673.7,3057,1509,365
DELTACORP,29-SEP-2021,255.05,264.8,251.55,253.3,11029696,3582592,98487
DELTAMAGNT,29-SEP-2021,52.35,53.25,51.0,51.35,6129,4044,218
DEN,29-SEP-2021,47.35,49.2,47.0,48.75,1342856,743726,4680
DENORA,29-SEP-2021,321.15,330.0,321.0,322.5,11250,6215,625
DEVYANI,29-SEP-2021,116.0,117.45,115.55,116.4,1724216,899711,25984
DFMFOODS,29-SEP-2021,352.15,365.0,351.1,356.45,74545,27531,4115
DHAMPURSUG,29-SEP-2021,287.0,293.2,285.0,286.05,460675,221162,7310
DHANBANK,29-SEP-2021,15.9,16.4,15.75,15.95,951157,523274,2028
DHANI,29-SEP-2021,181.85,185.3,180.0,182.1,899763,405684,21515
DHANUKA,29-SEP-2021,825.0,836.45,811.05,817.3,46061,27911,4000
DHUNINV,29-SEP-2021,622.0,629.5,612.0,624.75,1983,1039,346
DIAMONDYD,29-SEP-2021,681.0,690.0,676.1,679.1,9085,5210,811
DICIND,29-SEP-2021,455.5,468.0,455.3,457.95,5186,1822,781
DISHTV,29-SEP-2021,21.1,21.5,20.4,20.7,10687407,4969760,15742
DIVISLAB,29-SEP-2021,4789.0,4914.3,4752.1,4806.45,877223,364142,89266
DIXON,29-SEP-2021,4360.0,4488.0,4325.0,4465.4,210299,83359,25096
DLF,29-SEP-2021,405.2,420.9,405.0,410.85,17273596,1523593,151926
DLINKINDIA,29-SEP-2021,145.55,155.9,143.1,152.35,753436,352973,12277
DMART,29-SEP-2021,4316.0,4395.95,4202.0,4251.2,377254,217966,53398
DODLA,29-SEP-2021,592.55,609.55,592.55,598.8,97220,16653,7083
DOLAT,29-SEP-2021,89.0,89.0,87.2,87.5,302895,181808,3411
DOLLAR,29-SEP-2021,361.0,369.0,361.0,364.6,41397,20007,3248
DONEAR,29-SEP-2021,56.4,58.35,56.4,57.4,32782,18312,693
DPABHUSHAN,29-SEP-2021,212.95,212.95,205.5,212.05,7699,4638,352
DPSCLTD,29-SEP-2021,14.9,16.0,14.2,15.45,293689,174762,604
DPWIRES,29-SEP-2021,209.0,218.0,209.0,214.85,9783,5631,681
DRCSYSTEMS,29-SEP-2021,261.3,278.9,261.2,269.0,212,168,41
DREDGECORP,29-SEP-2021,343.95,355.65,343.0,350.15,113577,26656,5262
DRREDDY,29-SEP-2021,4833.0,4922.9,4791.65,4881.0,655070,229297,72250
DSSL,29-SEP-2021,149.85,153.0,144.3,152.3,80989,29280,2621
DTIL,29-SEP-2021,263.95,265.0,260.0,261.1,8083,5182,676
DVL,29-SEP-2021,272.0,282.0,272.0,277.25,20264,10302,1307
DWARKESH,29-SEP-2021,68.0,71.6,68.0,69.65,1141937,462177,7934
DYNAMATECH,29-SEP-2021,2969.4,3060.0,2920.0,2978.9,22065,6196,4782
DYNPRO,29-SEP-2021,524.7,531.05,518.0,528.75,26656,16802,2004
EASEMYTRIP,29-SEP-2021,608.7,623.7,605.2,607.4,563849,220136,21297
EASTSILK,29-SEP-2021,3.6,3.65,3.55,3.6,41996,29516,129
EBANK,29-SEP-2021,4056.0,4190.0,4056.0,4190.0,6,5,4
EBBETF0423,29-SEP-2021,1149.75,1149.75,1147.54,1148.9,2829,2819,44
EBBETF0425,29-SEP-2021,1070.0,1070.0,1067.95,1068.14,3618,2194,95
EBBETF0430,29-SEP-2021,1185.0,1185.0,1180.95,1182.16,6907,6580,93
EBBETF0431,29-SEP-2021,1062.5,1062.5,1060.01,1060.52,7303,6569,125
ECLERX,29-SEP-2021,2179.0,2205.0,2174.0,2195.7,41090,32022,3678
EDELWEISS,29-SEP-2021,78.9,80.2,78.45,79.55,1086444,495207,17142
EICHERMOT,29-SEP-2021,2870.0,2890.0,2835.0,2843.25,386614,110442,26291
EIDPARRY,29-SEP-2021,413.9,422.9,413.9,415.45,113464,46246,5028
EIHAHOTELS,29-SEP-2021,405.2,425.8,401.0,407.85,72729,22305,4439
EIHOTEL,29-SEP-2021,127.3,135.0,126.1,128.95,1930227,681594,23248
EIMCOELECO,29-SEP-2021,386.15,410.0,374.95,402.1,42482,27141,1432
EKC,29-SEP-2021,117.65,121.0,116.0,116.65,134116,68268,1871
ELECON,29-SEP-2021,167.4,167.95,161.1,164.4,450532,162455,10250
ELECTCAST,29-SEP-2021,36.95,38.0,36.25,37.75,445451,256832,1919
ELECTHERM,29-SEP-2021,117.45,118.7,116.15,117.65,14634,9627,476
ELGIEQUIP,29-SEP-2021,203.0,208.1,201.9,203.5,119401,42291,3665
ELGIRUBCO,29-SEP-2021,38.35,38.35,36.75,38.05,53366,39334,389
EMAMILTD,29-SEP-2021,577.4,590.0,574.3,586.55,405323,270450,18658
EMAMIPAP,29-SEP-2021,163.9,169.75,161.75,167.75,86434,44388,2510
EMAMIREAL,29-SEP-2021,75.0,75.0,71.9,72.35,70643,48474,915
EMKAY,29-SEP-2021,114.2,115.85,112.75,114.0,48507,27445,1571
EMMBI,29-SEP-2021,105.0,111.0,104.3,107.1,50774,29940,1931
ENDURANCE,29-SEP-2021,1592.0,1619.05,1570.0,1601.15,118916,94398,6152
ENERGYDEV,29-SEP-2021,8.8,9.35,8.8,9.35,157509,119007,326
ENGINERSIN,29-SEP-2021,73.3,76.5,73.3,75.3,3910206,1450311,20781
ENIL,29-SEP-2021,185.0,186.8,179.15,184.1,67799,36746,1101
EPL,29-SEP-2021,243.4,248.0,239.9,242.2,107589,38218,8216
EQ30,29-SEP-2021,436.57,436.57,423.95,434.94,993,710,112
EQUITAS,29-SEP-2021,121.1,124.4,120.7,122.9,588481,377029,17420
EQUITASBNK,29-SEP-2021,60.95,63.1,60.65,62.75,770977,475046,6598
ERIS,29-SEP-2021,733.0,752.15,733.0,748.95,34053,14701,3074
EROSMEDIA,29-SEP-2021,21.7,22.0,21.1,21.8,523277,375685,1712
ESABINDIA,29-SEP-2021,2211.0,2220.0,2176.7,2197.55,2566,1405,824
ESCORTS,29-SEP-2021,1479.1,1505.15,1470.2,1488.6,1232093,311811,31180
ESSARSHPNG,29-SEP-2021,9.95,9.95,9.6,9.85,85105,49130,339
ESTER,29-SEP-2021,144.5,149.0,144.5,146.55,132067,41206,6249
EVEREADY,29-SEP-2021,380.25,400.0,379.7,389.55,1360637,588572,19642
EVERESTIND,29-SEP-2021,433.6,438.95,430.1,433.45,30722,8759,5094
EXCELINDUS,29-SEP-2021,1021.5,1022.0,1002.15,1012.6,10676,5302,2151
EXIDEIND,29-SEP-2021,178.0,182.35,178.0,180.4,3367588,970735,24045
EXXARO,29-SEP-2021,152.55,156.55,152.55,154.75,268376,118378,3526
FACT,29-SEP-2021,126.85,130.4,125.3,128.5,339606,78817,7278
FAIRCHEMOR,29-SEP-2021,1803.05,1849.0,1780.0,1817.35,18285,5445,5657
FCL,29-SEP-2021,127.0,129.75,125.65,127.3,493986,170330,7826
FCONSUMER,29-SEP-2021,8.2,8.75,7.8,7.9,35349019,14177838,20907
FDC,29-SEP-2021,348.0,357.1,345.3,351.35,95369,38472,4483
FEDERALBNK,29-SEP-2021,80.7,82.25,79.5,81.35,23686048,9989446,43539
FEL,29-SEP-2021,9.6,9.6,9.05,9.2,4019970,2629376,3621
FELDVR,29-SEP-2021,12.3,12.3,11.65,11.85,146265,77106,411
FIEMIND,29-SEP-2021,1078.8,1110.0,1065.45,1094.95,23183,11532,3753
FILATEX,29-SEP-2021,100.0,103.0,99.4,100.1,531857,230975,5679
FINCABLES,29-SEP-2021,483.5,495.25,477.7,487.45,113155,40214,6977
FINEORG,29-SEP-2021,3030.0,3097.95,2984.35,3078.15,24528,11747,8592
FINPIPE,29-SEP-2021,208.5,209.5,204.5,207.85,1907167,832661,27665
FLEXITUFF,29-SEP-2021,15.2,15.35,14.8,14.95,14767,11063,80
FLFL,29-SEP-2021,61.0,61.0,60.5,61.0,165059,143655,646
FLUOROCHEM,29-SEP-2021,1840.0,1874.0,1814.0,1856.05,226278,149810,11760
FMGOETZE,29-SEP-2021,285.0,288.0,281.15,282.9,123436,90962,3202
FMNL,29-SEP-2021,9.3,9.55,9.2,9.5,690692,443148,1115
FORCEMOT,29-SEP-2021,1469.7,1493.55,1463.35,1482.45,30846,9519,3344
FORTIS,29-SEP-2021,262.8,268.6,260.15,263.2,1967271,891818,26392
FOSECOIND,29-SEP-2021,1488.0,1488.0,1442.25,1453.35,551,386,131
FRETAIL,29-SEP-2021,56.9,56.9,53.5,54.0,9025538,4141134,46451
FSC,29-SEP-2021,84.0,85.35,77.3,79.3,336015,150858,4899
FSL,29-SEP-2021,193.5,197.0,192.05,195.45,1752343,497647,17589
GABRIEL,29-SEP-2021,144.0,149.4,143.15,147.65,761654,287943,14892
GAEL,29-SEP-2021,171.0,176.75,171.0,174.25,197811,84854,5176
GAIL,29-SEP-2021,157.95,161.5,154.25,156.3,21640237,9468389,109058
GAL,29-SEP-2021,2.25,2.3,2.2,2.25,457884,202283,404
GALAXYSURF,29-SEP-2021,3192.65,3224.2,3170.5,3183.75,17874,11057,3593
GALLANTT,29-SEP-2021,77.0,81.5,74.1,77.4,1072822,308309,16130
GALLISPAT,29-SEP-2021,53.95,57.9,53.95,56.8,283584,104114,3224
GANDHITUBE,29-SEP-2021,455.95,461.2,450.25,455.4,4581,3613,304
GANECOS,29-SEP-2021,492.0,496.0,486.6,489.0,6661,5070,540
GANESHBE,29-SEP-2021,86.9,88.5,85.25,87.0,65018,40277,1283
GANESHHOUC,29-SEP-2021,153.0,160.5,152.5,159.2,39704,27290,733
GANGAFORGE,29-SEP-2021,14.85,15.0,14.35,14.6,1156865,613533,2184
GANGESSECU,29-SEP-2021,91.85,92.05,89.0,89.25,7415,6002,210
GARFIBRES,29-SEP-2021,3328.7,3397.95,3242.55,3378.75,15470,7669,3737
GATI,29-SEP-2021,136.0,139.0,135.9,136.6,236700,94477,5072
GAYAPROJ,29-SEP-2021,51.6,53.0,51.05,51.7,922888,478905,3604
GDL,29-SEP-2021,237.5,238.3,224.2,228.7,1661649,1126686,8373
GEECEE,29-SEP-2021,153.05,163.7,153.05,159.35,130026,54941,4477
GEEKAYWIRE,29-SEP-2021,86.0,86.0,79.35,82.0,4336,2967,125
GENCON,29-SEP-2021,42.95,43.0,41.85,42.65,26904,13639,415
GENESYS,29-SEP-2021,197.75,197.75,197.75,197.75,38305,38305,141
GENUSPOWER,29-SEP-2021,68.0,73.6,67.25,71.7,2334759,1022285,15574
GEOJITFSL,29-SEP-2021,76.9,77.95,76.25,77.1,264377,122622,3340
GEPIL,29-SEP-2021,301.75,315.6,299.1,303.3,180594,71561,7491
GESHIP,29-SEP-2021,356.0,372.0,353.4,364.9,361229,137759,9792
GET&D,29-SEP-2021,126.1,131.5,125.55,127.0,268625,139935,4896
GFLLIMITED,29-SEP-2021,74.3,76.0,74.05,75.15,106729,63518,2235
GFSTEELS,29-SEP-2021,2.5,2.5,2.5,2.5,4900,4900,1
GHCL,29-SEP-2021,427.05,449.9,423.6,445.0,720186,332070,13629
GICHSGFIN,29-SEP-2021,144.6,153.1,144.0,150.1,399092,147575,9615
GICRE,29-SEP-2021,142.0,143.6,135.9,137.6,2080255,1392266,24808
GILLETTE,29-SEP-2021,5992.55,5992.55,5915.0,5940.25,2086,1040,801
GINNIFILA,29-SEP-2021,31.15,34.3,31.15,33.4,126978,79247,820
GIPCL,29-SEP-2021,81.85,88.9,81.6,85.45,3390795,1090302,26921
GISOLUTION,29-SEP-2021,2.65,2.65,2.65,2.65,39,39,7
GKWLIMITED,29-SEP-2021,649.0,669.0,635.3,667.15,433,204,66
GLAND,29-SEP-2021,3677.6,3765.2,3604.3,3714.75,203786,98320,29994
GLAXO,29-SEP-2021,1490.0,1502.2,1483.05,1484.25,28792,18750,3531
GLENMARK,29-SEP-2021,498.0,514.75,492.6,509.1,1869419,629010,39376
GLFL,29-SEP-2021,2.95,3.05,2.85,3.0,1242,1242,5
GLOBAL,29-SEP-2021,45.5,45.5,44.6,44.75,2444,2024,82
GLOBALVECT,29-SEP-2021,50.0,51.6,49.95,50.55,8802,5809,199
GLS,29-SEP-2021,667.25,680.0,667.25,675.1,90332,49132,7425
GMBREW,29-SEP-2021,588.85,592.7,584.0,586.1,27993,12333,3542
GMDCLTD,29-SEP-2021,69.95,76.2,69.5,73.65,7475239,2655680,33064
GMMPFAUDLR,29-SEP-2021,4401.0,4495.0,4365.0,4398.9,12456,6467,3831
GMRINFRA,29-SEP-2021,35.6,39.4,35.5,38.0,66470480,10117690,103594
GNA,29-SEP-2021,936.9,958.15,916.5,941.3,86563,40868,6627
GNFC,29-SEP-2021,444.0,448.65,433.4,438.1,1582532,451043,26229
GOACARBON,29-SEP-2021,360.4,371.9,357.85,369.2,39252,11552,1418
GOCLCORP,29-SEP-2021,265.1,274.0,261.95,270.6,28438,12642,2153
GODFRYPHLP,29-SEP-2021,1062.0,1185.0,1050.1,1167.3,1061414,214708,70647
GODREJAGRO,29-SEP-2021,636.8,644.05,633.25,633.85,128293,91422,5468
GODREJCP,29-SEP-2021,1057.7,1058.65,1015.2,1022.35,1558499,745320,55211
GODREJIND,29-SEP-2021,566.0,579.0,562.95,574.0,160916,61414,6471
GODREJPROP,29-SEP-2021,2229.7,2410.0,2198.0,2309.5,5653173,551273,221133
GOKEX,29-SEP-2021,189.75,193.25,188.8,190.7,65644,44860,1084
GOKUL,29-SEP-2021,27.6,28.3,27.6,27.95,46067,23015,411
GOKULAGRO,29-SEP-2021,44.35,45.45,43.0,44.3,673355,572805,2965
GOLDBEES,29-SEP-2021,40.32,40.32,39.92,40.02,4920311,4074636,14634
GOLDENTOBC,29-SEP-2021,142.5,142.5,141.45,142.5,97856,76839,819
GOLDIAM,29-SEP-2021,930.0,937.0,920.0,927.75,26300,13025,2986
GOLDSHARE,29-SEP-2021,41.45,41.45,41.2,41.25,24416,21384,268
GOODLUCK,29-SEP-2021,299.5,315.0,293.25,311.0,182710,92422,4222
GOODYEAR,29-SEP-2021,1043.9,1043.9,1030.2,1039.35,11845,8509,1239
GPIL,29-SEP-2021,1161.0,1229.2,1150.0,1229.2,89466,63713,4120
GPPL,29-SEP-2021,103.4,106.5,102.15,105.05,674469,377882,9559
GPTINFRA,29-SEP-2021,86.0,86.0,82.05,83.05,35311,24652,581
GRANULES,29-SEP-2021,318.05,325.85,318.0,322.65,1701165,490958,21838
GRAPHITE,29-SEP-2021,596.0,629.8,593.0,624.3,1020112,442226,25622
GRASIM,29-SEP-2021,1642.0,1678.5,1635.05,1669.9,818653,362539,45508
GRAUWEIL,29-SEP-2021,59.75,61.5,59.75,60.95,64152,46587,1363
GRAVITA,29-SEP-2021,196.15,198.0,194.45,196.15,177460,57214,7782
GREAVESCOT,29-SEP-2021,135.3,138.75,134.6,136.45,809080,289044,14416
GREENLAM,29-SEP-2021,1371.0,1433.0,1371.0,1399.7,112284,109412,895
GREENPANEL,29-SEP-2021,314.95,319.95,303.2,308.45,314307,177236,5384
GREENPLY,29-SEP-2021,180.0,182.4,179.55,181.5,250174,169015,4354
GREENPOWER,29-SEP-2021,3.1,3.2,3.05,3.15,4188805,2146798,4390
GRINDWELL,29-SEP-2021,1376.1,1420.2,1360.0,1367.7,38440,16815,7109
GRINFRA,29-SEP-2021,1858.0,1950.85,1858.0,1897.7,113650,40200,13036
GROBTEA,29-SEP-2021,1000.5,1001.0,915.55,990.8,402,275,98
GRPLTD,29-SEP-2021,930.45,958.0,930.45,937.9,1836,1355,206
GRSE,29-SEP-2021,189.9,193.45,189.4,190.7,81883,39361,2568
GSCLCEMENT,29-SEP-2021,48.6,49.55,47.55,48.9,173562,94382,1525
GSFC,29-SEP-2021,125.75,130.9,125.1,128.05,5497215,1510873,33036
GSPL,29-SEP-2021,309.85,323.0,302.4,322.6,1860212,1100327,37965
GSS,29-SEP-2021,73.45,82.3,73.4,78.65,397391,132386,6215
GTNTEX,29-SEP-2021,7.0,7.0,7.0,7.0,705,705,4
GTPL,29-SEP-2021,237.0,243.4,233.0,241.7,256061,148471,5987
GUFICBIO,29-SEP-2021,192.0,197.7,191.95,193.05,100858,53418,2716
GUJALKALI,29-SEP-2021,634.0,685.0,620.5,670.55,2328591,490416,64362
GUJAPOLLO,29-SEP-2021,213.0,217.0,212.9,213.1,11347,8218,244
GUJGASLTD,29-SEP-2021,619.95,634.1,618.25,625.5,4077657,1131549,116159
GULFOILLUB,29-SEP-2021,584.5,595.0,581.1,584.75,39770,24229,2946
GULFPETRO,29-SEP-2021,54.6,57.45,54.6,55.85,102562,62332,1375
HAL,29-SEP-2021,1349.0,1373.8,1327.05,1339.2,1240587,674208,44602
HARRMALAYA,29-SEP-2021,184.2,187.0,177.35,183.45,109425,32267,6421
HATHWAY,29-SEP-2021,23.95,24.25,23.85,24.05,2911552,1183600,8398
HATSUN,29-SEP-2021,1421.0,1440.0,1405.25,1415.8,108969,41263,10935
HAVELLS,29-SEP-2021,1364.0,1377.45,1351.0,1367.85,869402,465519,43040
HBANKETF,29-SEP-2021,374.2,378.74,372.95,377.58,1795,679,100
HBLPOWER,29-SEP-2021,47.4,49.9,47.2,48.55,964734,336673,6705
HBSL,29-SEP-2021,38.1,38.4,36.5,37.25,16879,6079,422
HCC,29-SEP-2021,9.4,9.95,9.4,9.7,4872373,2904036,3230
HCG,29-SEP-2021,242.0,244.4,237.05,238.2,109539,72414,6726
HCL-INSYS,29-SEP-2021,13.9,14.05,13.55,13.9,738081,453413,2442
HCLTECH,29-SEP-2021,1270.0,1301.45,1258.8,1281.2,4639821,2295061,169421
HDFC,29-SEP-2021,2786.5,2792.95,2739.1,2746.45,3333322,2493615,146771
HDFCAMC,29-SEP-2021,2910.0,2936.8,2875.65,2905.15,7338287,2980652,201399
HDFCBANK,29-SEP-2021,1597.0,1606.6,1585.15,1593.85,8131518,5400885,180383
HDFCLIFE,29-SEP-2021,724.7,738.0,721.0,734.75,5200234,3878728,84253
HDFCMFGETF,29-SEP-2021,41.19,41.19,40.95,41.07,336854,261221,847
HDFCNIFETF,29-SEP-2021,189.9,190.48,188.0,189.91,11002,8071,351
HDFCSENETF,29-SEP-2021,642.89,642.89,634.0,639.01,1745,1468,152
HEG,29-SEP-2021,2156.65,2342.35,2156.65,2312.7,286312,150262,22566
HEIDELBERG,29-SEP-2021,257.7,258.8,254.1,254.7,125937,84803,4809
HEMIPROP,29-SEP-2021,139.4,142.65,138.5,139.85,713930,268574,8948
HERANBA,29-SEP-2021,778.0,812.1,778.0,806.45,153772,76754,6010
HERCULES,29-SEP-2021,141.0,141.8,139.25,140.65,40708,17634,2179
HERITGFOOD,29-SEP-2021,465.0,469.0,456.85,459.1,103329,64792,3486
HEROMOTOCO,29-SEP-2021,2915.0,2920.55,2865.5,2886.15,613787,333212,33640
HESTERBIO,29-SEP-2021,2470.0,2500.0,2464.4,2481.45,5231,2159,1413
HGINFRA,29-SEP-2021,625.0,650.0,614.9,641.75,123246,63596,8584
HIKAL,29-SEP-2021,606.8,622.2,595.0,618.1,200658,96718,8576
HIL,29-SEP-2021,5084.0,5170.0,5053.0,5156.95,9182,5567,3235
HILTON,29-SEP-2021,14.4,14.4,13.25,13.5,24463,18505,110
HINDALCO,29-SEP-2021,475.0,496.9,473.4,494.15,9508220,2281168,104842
HINDCOMPOS,29-SEP-2021,333.9,333.9,325.05,328.35,3428,2487,369
HINDCON,29-SEP-2021,60.5,65.4,60.5,63.3,26580,20094,315
HINDCOPPER,29-SEP-2021,109.8,114.8,109.0,112.85,4176884,1663497,27238
HINDMOTORS,29-SEP-2021,7.4,7.4,7.3,7.4,149210,116081,582
HINDOILEXP,29-SEP-2021,216.0,218.6,210.75,212.35,1718565,645497,27862
HINDPETRO,29-SEP-2021,292.4,300.9,289.0,299.6,11927055,6347676,164415
HINDUNILVR,29-SEP-2021,2714.95,2744.45,2677.0,2685.3,1503894,998751,102368
HINDZINC,29-SEP-2021,320.0,324.65,318.0,321.85,1613303,1260602,17686
HIRECT,29-SEP-2021,193.75,197.8,190.0,192.15,15764,8007,791
HISARMETAL,29-SEP-2021,125.0,131.45,125.0,129.45,40903,14167,765
HITECH,29-SEP-2021,584.0,586.0,563.6,581.9,28255,11092,3481
HITECHCORP,29-SEP-2021,218.05,218.05,210.05,214.3,2032,1184,169
HITECHGEAR,29-SEP-2021,270.0,274.0,265.0,266.8,8912,5703,391
HLEGLAS,29-SEP-2021,6080.0,6498.95,5858.9,6390.3,55861,12037,13850
HLVLTD,29-SEP-2021,10.0,10.7,10.0,10.4,669575,391883,1008
HMVL,29-SEP-2021,74.6,75.2,73.4,74.3,87132,62086,1521
HNDFDS,29-SEP-2021,1997.0,1998.95,1955.0,1960.65,4087,2558,1040
HNGSNGBEES,29-SEP-2021,316.8,324.0,311.0,319.02,2798,2378,151
HOMEFIRST,29-SEP-2021,585.95,599.7,579.3,594.5,67346,24425,6919
HONAUT,29-SEP-2021,44300.0,45700.0,44001.0,44504.65,4634,1986,3633
HONDAPOWER,29-SEP-2021,1165.4,1280.0,1165.4,1252.85,83902,18972,6382
HPL,29-SEP-2021,67.9,70.9,67.2,70.0,141696,85767,3020
HSCL,29-SEP-2021,53.25,53.75,51.9,52.2,5012165,1796620,17401
HSIL,29-SEP-2021,228.15,239.0,227.45,233.7,115502,36534,5141
HTMEDIA,29-SEP-2021,25.35,25.55,25.0,25.05,191800,109525,1068
HUDCO,29-SEP-2021,44.45,46.25,44.35,45.1,2878227,1108192,11254
HUHTAMAKI,29-SEP-2021,270.0,270.0,265.0,265.85,69261,46462,2733
IBMFNIFTY,29-SEP-2021,175.95,177.9,173.11,175.86,587,328,98
IBREALEST,29-SEP-2021,142.5,148.7,142.1,145.6,7721276,2590535,49468
IBULHSGFIN,29-SEP-2021,224.5,233.3,222.55,228.55,13968909,4358030,74428
ICEMAKE,29-SEP-2021,72.0,74.75,72.0,73.65,18387,6583,730
ICICI500,29-SEP-2021,251.5,252.3,247.16,249.0,1624,1408,143
ICICIALPLV,29-SEP-2021,180.99,182.0,178.01,179.67,46367,31597,279
ICICIB22,29-SEP-2021,45.13,45.84,44.47,45.65,523245,448400,3632
ICICIBANK,29-SEP-2021,707.35,711.95,701.3,709.5,11453404,6662029,219084
ICICIBANKN,29-SEP-2021,377.78,378.38,372.49,376.97,6263,865,251
ICICIBANKP,29-SEP-2021,194.95,194.95,192.5,193.69,5908,1183,107
ICICIFMCG,29-SEP-2021,414.95,414.95,403.31,404.9,2909,2308,157
ICICIGI,29-SEP-2021,1540.05,1605.05,1540.05,1600.4,779976,430019,42240
ICICIGOLD,29-SEP-2021,40.61,41.38,40.61,40.97,117951,79370,2743
ICICILIQ,29-SEP-2021,1000.0,1000.0,999.51,999.99,20048,19282,43
ICICILOVOL,29-SEP-2021,146.7,146.7,141.9,145.29,290875,275740,974
ICICIM150,29-SEP-2021,114.48,114.69,113.01,114.25,25259,22881,297
ICICIMCAP,29-SEP-2021,106.05,106.05,103.4,104.8,4501,3127,377
ICICINF100,29-SEP-2021,195.99,195.99,192.66,193.95,2803,1709,250
ICICINIFTY,29-SEP-2021,194.8,194.8,188.7,189.89,115175,62420,3004
ICICINV20,29-SEP-2021,96.99,97.4,95.1,97.2,13690,7090,1174
ICICINXT50,29-SEP-2021,43.89,43.89,43.11,43.31,36952,25021,812
ICICIPHARM,29-SEP-2021,89.68,90.0,88.7,89.56,8763,5154,229
ICICIPRULI,29-SEP-2021,663.0,678.5,659.8,673.0,809602,193464,68808
ICICISENSX,29-SEP-2021,634.8,649.99,634.8,645.3,1591,692,108
ICICITECH,29-SEP-2021,360.99,361.37,353.5,358.47,275721,254376,1030
ICIL,29-SEP-2021,298.0,304.9,295.35,298.65,1012416,316581,22529
ICRA,29-SEP-2021,3595.0,3630.0,3559.0,3582.2,1085,695,471
IDBI,29-SEP-2021,44.6,46.1,44.1,44.95,57415678,20843376,84255
IDBIGOLD,29-SEP-2021,4374.6,4374.6,4221.1,4261.35,126,103,45
IDEA,29-SEP-2021,10.95,11.45,10.9,11.25,323684354,94045183,202238
IDFC,29-SEP-2021,53.75,55.5,53.75,54.7,4360065,2139391,17110
IDFCFIRSTB,29-SEP-2021,46.25,48.65,45.75,48.3,35169381,10781051,56603
IDFNIFTYET,29-SEP-2021,184.92,189.0,184.15,185.54,7269,3526,97
IEX,29-SEP-2021,593.5,643.8,590.0,637.25,21858322,2549049,348894
IFBAGRO,29-SEP-2021,567.25,576.85,562.45,567.95,6103,3603,422
IFBIND,29-SEP-2021,1173.85,1178.0,1150.0,1156.85,22838,9076,2914
IFCI,29-SEP-2021,13.15,14.15,13.15,13.3,15281795,6062723,26518
IFGLEXPOR,29-SEP-2021,306.55,315.0,304.55,311.4,23857,10176,2112
IGARASHI,29-SEP-2021,531.8,536.6,520.0,521.4,91570,44026,6467
IGL,29-SEP-2021,516.0,520.65,510.3,518.65,4947601,3394648,81527
IGPL,29-SEP-2021,723.95,763.05,721.0,747.0,109787,40551,8390
IIFL,29-SEP-2021,269.65,279.0,265.65,277.0,298923,187628,5733
IIFLSEC,29-SEP-2021,103.4,104.95,98.55,99.8,996534,513523,9435
IIFLWAM,29-SEP-2021,1570.1,1619.95,1558.4,1584.0,56961,36219,8535
IITL,29-SEP-2021,70.0,71.85,67.5,71.85,9279,5960,143
IMAGICAA,29-SEP-2021,9.5,10.05,9.45,10.05,427757,289244,566
IMPAL,29-SEP-2021,755.7,770.0,755.3,765.6,3333,2346,187
INDBANK,29-SEP-2021,23.05,23.7,22.75,23.25,98197,60033,430
INDHOTEL,29-SEP-2021,185.0,190.65,184.0,185.3,9496831,1540734,54401
INDIACEM,29-SEP-2021,188.15,194.8,188.15,192.45,2169425,591169,15189
INDIAGLYCO,29-SEP-2021,787.0,795.95,771.95,777.4,483787,146991,20523
INDIAMART,29-SEP-2021,8315.0,8345.0,8175.55,8249.6,73859,17839,15335
INDIANB,29-SEP-2021,129.95,137.8,128.1,134.2,5492241,2131483,37124
INDIANHUME,29-SEP-2021,203.0,203.65,200.2,201.25,36576,20577,1243
INDIGO,29-SEP-2021,2023.05,2057.9,2000.05,2009.3,693658,141662,40890
INDIGOPNTS,29-SEP-2021,2520.0,2595.0,2500.05,2558.55,23308,11421,3678
INDLMETER,29-SEP-2021,11.8,11.8,11.55,11.8,26774,22292,124
INDNIPPON,29-SEP-2021,356.95,359.5,348.4,350.5,27871,17615,1232
INDOCO,29-SEP-2021,438.0,449.9,438.0,444.65,147860,93413,4687
INDORAMA,29-SEP-2021,49.0,50.4,49.0,49.7,46412,38932,329
INDOSTAR,29-SEP-2021,285.0,289.95,281.65,284.8,33357,19579,1828
INDOTHAI,29-SEP-2021,85.05,88.0,85.0,87.35,8780,3182,312
INDRAMEDCO,29-SEP-2021,79.05,81.0,78.75,79.45,153241,77421,3155
INDSWFTLAB,29-SEP-2021,62.5,65.8,62.5,64.65,131243,79261,1318
INDTERRAIN,29-SEP-2021,38.95,39.65,38.8,39.2,141176,86486,720
INDUSINDBK,29-SEP-2021,1127.1,1136.9,1114.1,1123.2,5574048,3280298,83655
INDUSTOWER,29-SEP-2021,317.0,327.6,312.45,318.0,9690718,2790893,72481
INEOSSTYRO,29-SEP-2021,1399.0,1425.05,1380.0,1387.7,9247,5630,1415
INFIBEAM,29-SEP-2021,42.3,42.85,41.5,41.9,7315944,5237984,14524
INFRABEES,29-SEP-2021,518.95,528.0,516.0,524.38,2405,1686,173
INFY,29-SEP-2021,1659.25,1701.4,1655.0,1692.25,7792548,5097015,252164
INGERRAND,29-SEP-2021,980.0,983.95,962.0,967.75,15726,6646,1627
INOXLEISUR,29-SEP-2021,381.0,395.0,367.0,387.8,1849177,373049,36165
INOXWIND,29-SEP-2021,99.65,102.15,98.2,99.1,3161425,1974303,12598
INSECTICID,29-SEP-2021,682.5,687.85,674.15,682.7,17533,3768,1608
INTELLECT,29-SEP-2021,708.0,716.1,701.0,707.2,259155,111005,15346
INTENTECH,29-SEP-2021,66.2,67.25,64.9,65.5,33012,24645,488
INTLCONV,29-SEP-2021,68.25,70.5,67.35,69.9,50118,39870,785
INVENTURE,29-SEP-2021,2.8,2.9,2.75,2.85,2327278,1528333,2095
IOB,29-SEP-2021,20.3,21.3,20.15,20.45,9039717,2737743,11642
IOC,29-SEP-2021,122.25,128.0,122.0,127.45,19848536,5794190,99284
IOLCP,29-SEP-2021,557.0,569.0,556.0,564.15,172612,59388,7042
IPCALAB,29-SEP-2021,2342.0,2410.0,2323.3,2357.25,165599,42435,20726
IPL,29-SEP-2021,310.0,313.65,309.3,309.85,280143,173904,6591
IRB,29-SEP-2021,176.15,191.8,174.05,189.55,10643154,4247642,66999
IRCON,29-SEP-2021,45.7,45.95,45.05,45.5,1727378,706347,7403
IRCTC,29-SEP-2021,3858.9,3858.9,3755.55,3770.15,2579151,657443,197330
IRFC,29-SEP-2021,22.5,22.9,22.35,22.65,22206444,11763121,23280
ISEC,29-SEP-2021,746.0,764.0,720.0,759.1,404784,211400,14725
ISFT,29-SEP-2021,125.15,127.7,125.0,125.35,23036,9793,817
ISGEC,29-SEP-2021,739.9,747.45,718.0,725.5,47517,29523,3475
ITC,29-SEP-2021,236.0,241.4,235.7,238.1,15450046,6183100,125680
ITDC,29-SEP-2021,425.0,432.9,424.7,425.75,58989,21986,3059
ITDCEM,29-SEP-2021,75.65,77.25,75.3,76.3,692694,400350,7402
ITI,29-SEP-2021,117.5,119.8,117.5,118.2,172809,51997,3402
IVC,29-SEP-2021,5.95,5.95,5.8,5.9,197957,158059,402
IVP,29-SEP-2021,121.1,128.1,117.4,122.2,12432,6760,675
IVZINGOLD,29-SEP-2021,4001.25,4187.9,3400.25,4170.15,137,121,27
IVZINNIFTY,29-SEP-2021,1895.6,1938.95,1895.6,1916.82,15,3,12
IZMO,29-SEP-2021,92.6,95.0,89.5,92.1,42762,22190,813
J&KBANK,29-SEP-2021,36.4,38.5,36.25,37.2,4632832,1670952,12146
JAGRAN,29-SEP-2021,59.65,60.5,58.8,59.1,90246,54722,1078
JAGSNPHARM,29-SEP-2021,158.0,159.9,155.25,158.45,60961,32939,1534
JAIBALAJI,29-SEP-2021,51.9,53.55,51.0,53.5,97903,72690,507
JAICORPLTD,29-SEP-2021,129.2,132.65,129.0,130.4,2006159,528638,16757
JAIPURKURT,29-SEP-2021,57.2,61.4,55.75,58.25,8722,6200,97
JAMNAAUTO,29-SEP-2021,90.4,91.0,89.1,89.55,527413,283701,6360
JASH,29-SEP-2021,501.35,515.0,501.25,512.3,2840,1920,139
JAYAGROGN,29-SEP-2021,244.9,255.05,244.9,252.85,57181,28525,1638
JAYBARMARU,29-SEP-2021,209.8,216.0,206.05,211.1,138376,54044,5807
JAYSREETEA,29-SEP-2021,102.0,105.5,102.0,104.9,52990,23548,1579
JBCHEPHARM,29-SEP-2021,1973.0,1973.0,1876.0,1891.15,226706,97604,23590
JBMA,29-SEP-2021,525.9,534.4,519.65,527.25,78225,32890,5373
JCHAC,29-SEP-2021,2165.0,2178.55,2147.1,2160.05,7184,3938,1745
JHS,29-SEP-2021,23.9,24.9,23.85,24.6,79883,64138,405
JINDALPHOT,29-SEP-2021,123.0,125.3,118.1,120.9,44151,27287,969
JINDALPOLY,29-SEP-2021,999.9,1032.8,995.3,1017.55,76403,31979,5267
JINDALSAW,29-SEP-2021,111.35,115.3,110.45,113.05,1314208,458182,12180
JINDALSTEL,29-SEP-2021,358.95,386.8,358.4,382.5,18537905,5765848,135232
JINDRILL,29-SEP-2021,141.0,143.65,136.85,138.1,93166,48679,2222
JINDWORLD,29-SEP-2021,90.5,97.7,90.05,94.35,845786,301843,10097
JISLDVREQS,29-SEP-2021,22.95,22.95,21.35,22.3,59607,35643,329
JISLJALEQS,29-SEP-2021,35.1,37.0,35.05,36.6,2294025,1471707,4639
JKCEMENT,29-SEP-2021,3089.25,3119.7,3048.3,3058.65,76061,44277,8003
JKIL,29-SEP-2021,185.6,190.0,184.6,187.05,99688,55449,3935
JKLAKSHMI,29-SEP-2021,626.65,631.0,613.8,618.75,300057,174249,14149
JKPAPER,29-SEP-2021,226.0,227.6,218.8,222.1,1782185,897752,16961
JKTYRE,29-SEP-2021,148.95,150.85,145.65,149.9,961197,352549,12739
JMA,29-SEP-2021,58.6,62.5,58.6,60.1,10041,5953,277
JMCPROJECT,29-SEP-2021,99.25,101.0,98.55,99.7,56801,28154,1438
JMFINANCIL,29-SEP-2021,92.8,93.4,91.4,92.0,1349908,722876,9627
JMTAUTOLTD,29-SEP-2021,2.75,2.75,2.7,2.75,220800,152791,576
JOCIL,29-SEP-2021,229.15,235.0,229.15,229.75,31217,23140,605
JPASSOCIAT,29-SEP-2021,8.2,8.5,8.2,8.5,2827885,2452611,2643
JPINFRATEC,29-SEP-2021,1.9,1.95,1.85,1.9,1469715,913372,9796
JPOLYINVST,29-SEP-2021,73.3,73.3,73.3,73.3,1007,1007,24
JPPOWER,29-SEP-2021,4.2,4.4,4.15,4.4,39432827,23877862,10034
JSL,29-SEP-2021,156.8,165.8,155.0,160.25,2859680,796718,22916
JSLHISAR,29-SEP-2021,282.0,293.65,280.0,288.3,336339,147704,6986
JSWHL,29-SEP-2021,4680.0,4740.0,4649.45,4677.6,716,446,313
JSWISPL,29-SEP-2021,32.3,33.85,31.8,33.3,2777028,1780631,6710
JSWSTEEL,29-SEP-2021,658.9,684.3,653.6,679.8,7345149,2963610,81793
JTEKTINDIA,29-SEP-2021,105.9,108.5,105.0,105.7,202268,99119,3955
JUBLFOOD,29-SEP-2021,3990.0,4125.5,3941.8,4070.5,531589,151860,46850
JUBLINDS,29-SEP-2021,499.8,508.75,492.0,497.45,13854,7378,1081
JUBLINGREA,29-SEP-2021,727.0,734.15,715.25,725.8,1031031,464088,28634
JUBLPHARMA,29-SEP-2021,615.0,639.6,606.9,633.05,291372,155566,11054
JUMPNET,29-SEP-2021,8.45,8.45,8.2,8.3,568920,495241,720
JUNIORBEES,29-SEP-2021,514.6,514.6,441.05,444.74,61979,42291,5109
JUSTDIAL,29-SEP-2021,987.2,990.5,986.15,989.8,1365831,1177974,8612
JYOTHYLAB,29-SEP-2021,167.5,167.5,165.6,166.7,682578,589384,6345
KABRAEXTRU,29-SEP-2021,243.9,246.75,241.0,243.25,43704,19011,2045
KAJARIACER,29-SEP-2021,1199.5,1205.0,1169.0,1187.8,363065,203867,25405
KAKATCEM,29-SEP-2021,238.05,243.4,237.25,238.65,21554,9870,545
KALPATPOWR,29-SEP-2021,393.0,422.4,390.0,404.35,565252,194239,17939
KALYANKJIL,29-SEP-2021,68.95,70.5,68.1,70.05,604182,377481,6111
KAMATHOTEL,29-SEP-2021,52.9,54.7,52.2,53.35,99150,42046,1644
KAMDHENU,29-SEP-2021,202.4,212.7,201.95,206.85,104951,57952,2845
KANORICHEM,29-SEP-2021,197.8,199.05,188.0,199.05,44648,29900,673
KANPRPLA,29-SEP-2021,160.0,160.0,155.0,156.25,11171,7063,520
KANSAINER,29-SEP-2021,635.0,636.5,630.0,634.45,132746,91392,9802
KARDA,29-SEP-2021,16.75,16.75,16.3,16.4,4516596,3244879,1210
KARURVYSYA,29-SEP-2021,47.0,50.4,46.55,49.55,51266261,18565041,66524
KAUSHALYA,29-SEP-2021,2.5,2.5,2.35,2.5,32066,28578,45
KAYA,29-SEP-2021,431.4,440.0,420.35,428.95,17118,9391,904
KCP,29-SEP-2021,134.9,136.85,134.0,135.2,145753,101698,2926
KCPSUGIND,29-SEP-2021,20.95,21.6,20.65,21.4,186498,82305,807
KDDL,29-SEP-2021,452.1,464.95,440.15,444.85,7855,2562,1060
KEC,29-SEP-2021,440.7,454.7,437.0,440.95,281259,116865,12923
KECL,29-SEP-2021,17.25,17.25,16.8,16.95,51366,38145,347
KEERTI,29-SEP-2021,21.1,21.5,20.35,20.65,11377,9426,90
KEI,29-SEP-2021,915.0,944.2,898.0,918.45,554001,151535,33528
KELLTONTEC,29-SEP-2021,50.7,52.05,50.0,50.45,425729,226210,3584
KENNAMET,29-SEP-2021,1380.0,1407.0,1366.9,1383.1,3347,1649,923
KESORAMIND,29-SEP-2021,65.0,65.7,63.25,63.45,1182045,624209,9202
KEYFINSERV,29-SEP-2021,79.9,80.9,78.1,80.2,4861,2406,163
KHADIM,29-SEP-2021,230.25,234.8,222.3,224.3,79057,53119,5899
KHAICHEM,29-SEP-2021,58.85,59.8,57.0,58.8,53368,34564,602
KHANDSE,29-SEP-2021,16.75,16.75,15.65,16.35,1699,1295,28
KICL,29-SEP-2021,2087.4,2119.9,2054.0,2103.5,2148,1532,283
KILITCH,29-SEP-2021,170.95,170.95,159.5,168.25,15770,12877,213
KIMS,29-SEP-2021,1225.05,1227.75,1212.1,1214.45,53789,31777,3307
KINGFA,29-SEP-2021,991.3,1004.95,957.0,1000.05,4035,2435,391
KIOCL,29-SEP-2021,241.3,253.95,239.75,242.95,74079,37655,6149
KIRIINDUS,29-SEP-2021,512.0,523.0,509.45,515.0,103758,34523,5086
KIRLFER,29-SEP-2021,232.9,244.85,232.4,242.5,121138,78576,4929
KIRLOSBROS,29-SEP-2021,361.0,378.7,361.0,375.95,342889,303933,3459
KIRLOSENG,29-SEP-2021,207.0,208.05,203.0,204.8,89667,55212,2813
KIRLOSIND,29-SEP-2021,1639.0,1645.0,1560.0,1612.0,5812,2484,1688
KITEX,29-SEP-2021,165.0,169.35,163.2,166.6,96669,49965,2692
KKCL,29-SEP-2021,915.0,915.0,890.5,908.2,5746,4095,553
KMSUGAR,29-SEP-2021,24.9,25.7,24.65,25.2,223494,90335,911
KNRCON,29-SEP-2021,287.0,289.5,285.0,287.95,310102,129529,7825
KOKUYOCMLN,29-SEP-2021,69.1,70.8,69.1,69.7,205197,83919,2783
KOLTEPATIL,29-SEP-2021,325.0,337.95,319.4,332.7,1222216,183886,20875
KOTAKBANK,29-SEP-2021,2059.9,2060.0,2020.15,2030.45,3420314,1856690,141811
KOTAKBKETF,29-SEP-2021,385.0,385.0,377.5,381.6,63274,42301,482
KOTAKGOLD,29-SEP-2021,40.03,40.9,40.03,40.35,627919,552992,8125
KOTAKIT,29-SEP-2021,35.65,36.24,35.0,35.57,47947,26364,363
KOTAKNIFTY,29-SEP-2021,186.98,187.19,185.25,186.36,32512,15853,443
KOTAKNV20,29-SEP-2021,95.45,99.7,95.45,98.75,6583,4308,217
KOTAKPSUBK,29-SEP-2021,234.99,242.69,233.5,241.42,27839,13355,477
KOTARISUG,29-SEP-2021,30.5,31.4,30.4,31.0,99449,59015,576
KOTHARIPET,29-SEP-2021,52.0,54.0,51.55,53.25,95001,59670,683
KOVAI,29-SEP-2021,1701.0,1701.0,1607.95,1686.4,6353,2163,2533
KPIGLOBAL,29-SEP-2021,134.95,138.75,128.05,131.05,33341,22854,566
KPITTECH,29-SEP-2021,335.0,353.8,330.2,349.0,1628189,912783,37444
KPRMILL,29-SEP-2021,442.0,445.0,424.0,427.7,569967,337676,26647
KRBL,29-SEP-2021,295.0,308.0,292.2,306.0,1529776,584356,22279
KREBSBIO,29-SEP-2021,176.65,182.3,175.0,177.45,53794,35043,1597
KRIDHANINF,29-SEP-2021,4.4,4.4,4.1,4.25,77972,43983,159
KRISHANA,29-SEP-2021,194.65,194.65,188.1,189.7,10220,7939,364
KRSNAA,29-SEP-2021,767.0,785.0,767.0,773.2,101408,70109,5314
KSB,29-SEP-2021,1215.0,1267.9,1207.3,1244.55,17597,7795,3070
KSCL,29-SEP-2021,569.0,588.8,564.8,579.5,276130,101148,13274
KSL,29-SEP-2021,381.6,390.95,371.0,387.9,45125,15465,2362
KTKBANK,29-SEP-2021,66.45,68.45,66.1,67.45,2072800,836883,7737
KUANTUM,29-SEP-2021,75.4,81.5,74.05,79.0,118595,44844,1494
L&TFH,29-SEP-2021,87.5,90.3,86.9,89.9,12817821,3610520,48521
LALPATHLAB,29-SEP-2021,3600.0,3732.55,3573.2,3723.7,211623,58930,26899
LAOPALA,29-SEP-2021,300.0,320.0,299.95,318.05,1213665,384829,30797
LASA,29-SEP-2021,73.5,75.0,73.05,73.55,65228,27520,2713
LAURUSLABS,29-SEP-2021,589.95,602.0,587.25,599.7,1941262,995714,38781
LAXMIMACH,29-SEP-2021,8217.0,8249.0,7919.9,8183.6,4469,2684,1582
LEMONTREE,29-SEP-2021,43.05,47.0,42.8,45.7,17293026,5977250,38281
LFIC,29-SEP-2021,78.15,80.85,78.15,78.95,1077,400,46
LGBBROSLTD,29-SEP-2021,417.9,443.4,411.7,435.55,266617,142618,12206
LIBAS,29-SEP-2021,50.0,51.35,49.85,50.45,188016,68596,1847
LIBERTSHOE,29-SEP-2021,167.15,172.85,167.15,169.45,174708,57268,3682
LICHSGFIN,29-SEP-2021,435.95,440.5,428.7,434.95,2625582,903240,37219
LICNETFGSC,29-SEP-2021,23.2,23.34,22.64,23.29,13328,11856,161
LICNETFN50,29-SEP-2021,189.49,189.92,188.0,188.18,598,486,76
LICNETFSEN,29-SEP-2021,642.18,642.18,631.0,636.84,48,33,31
LICNFNHGP,29-SEP-2021,179.74,179.74,178.01,179.4,235,168,33
LIKHITHA,29-SEP-2021,375.0,383.95,375.0,378.8,30185,11423,2044
LINCOLN,29-SEP-2021,383.0,399.0,381.2,389.0,180366,66851,8288
LINCPEN,29-SEP-2021,228.5,228.5,220.05,223.8,12305,5357,813
LINDEINDIA,29-SEP-2021,2590.0,2699.0,2556.5,2668.0,186914,56095,16708
LIQUIDBEES,29-SEP-2021,1000.0,1000.01,998.9,999.97,2005690,1782169,5563
LIQUIDETF,29-SEP-2021,996.5,1000.01,990.0,1000.0,37232,25293,168
LODHA,29-SEP-2021,1048.0,1084.0,1040.0,1069.6,228205,115396,23303
LOKESHMACH,29-SEP-2021,52.35,53.35,50.15,51.5,129477,120018,691
LOVABLE,29-SEP-2021,113.3,114.8,112.6,113.65,16972,10092,529
LT,29-SEP-2021,1732.0,1742.0,1716.6,1721.0,1698747,1030722,86217
LTI,29-SEP-2021,5655.0,5919.95,5635.55,5744.6,783825,293451,69176
LTTS,29-SEP-2021,4570.0,4898.0,4511.2,4785.8,931712,321480,65708
LUMAXIND,29-SEP-2021,1480.75,1484.0,1454.65,1463.9,2756,1691,752
LUMAXTECH,29-SEP-2021,140.1,144.8,136.1,142.8,162506,63205,3981
LUPIN,29-SEP-2021,955.0,964.05,945.0,947.55,3389317,693883,79570
LUXIND,29-SEP-2021,3484.0,3675.0,3430.05,3533.05,79525,33777,13258
LXCHEM,29-SEP-2021,528.9,532.0,519.0,520.8,1628552,746740,57268
LYKALABS,29-SEP-2021,78.95,80.8,77.55,78.6,100676,77382,916
LYPSAGEMS,29-SEP-2021,4.3,4.45,4.2,4.45,35478,25458,98
M&M,29-SEP-2021,800.0,815.7,799.0,812.1,2291977,1005771,75191
M&MFIN,29-SEP-2021,178.0,185.45,175.45,183.5,5621283,1592315,35057
MACPOWER,29-SEP-2021,173.4,174.0,167.05,170.9,4862,4363,131
MADHAV,29-SEP-2021,54.75,55.5,54.65,54.85,7524,5692,95
MADHUCON,29-SEP-2021,4.75,4.8,4.6,4.65,21019,15952,72
MADRASFERT,29-SEP-2021,31.2,31.8,30.45,31.15,355494,95044,2660
MAESGETF,29-SEP-2021,30.15,30.31,30.05,30.1,5934,4399,117
MAFANG,29-SEP-2021,53.19,53.19,52.25,52.91,139606,95740,2585
MAFSETF,29-SEP-2021,18.54,18.7,18.29,18.38,100863,97311,267
MAGADSUGAR,29-SEP-2021,291.5,299.9,284.5,295.65,35857,27520,872
MAHABANK,29-SEP-2021,18.2,19.25,18.1,18.85,8468954,3669077,11376
MAHASTEEL,29-SEP-2021,91.35,93.5,89.8,92.2,69460,45861,670
MAHEPC,29-SEP-2021,133.8,137.9,131.2,136.0,52917,32205,1610
MAHESHWARI,29-SEP-2021,101.0,101.65,99.6,100.75,21469,15499,410
MAHINDCIE,29-SEP-2021,229.65,234.0,226.15,230.95,76734,26912,3623
MAHLIFE,29-SEP-2021,274.5,284.4,269.4,280.35,301692,142620,8688
MAHLOG,29-SEP-2021,724.85,729.15,715.65,724.9,55909,29243,4836
MAHSCOOTER,29-SEP-2021,4753.0,4753.0,4526.0,4598.3,10698,5565,2603
MAHSEAMLES,29-SEP-2021,314.0,319.5,312.65,314.6,92207,53671,3842
MAITHANALL,29-SEP-2021,1064.95,1140.0,1064.95,1096.5,643197,185612,40509
MAJESCO,29-SEP-2021,85.5,86.9,84.8,85.75,99222,58398,2013
MALUPAPER,29-SEP-2021,32.95,33.8,32.95,33.45,20478,11189,312
MAN50ETF,29-SEP-2021,204.0,206.2,181.1,182.56,2115,1697,78
MANAKALUCO,29-SEP-2021,19.2,20.6,19.2,20.6,74680,61664,554
MANAKCOAT,29-SEP-2021,13.5,14.35,13.5,14.1,228748,16248,239
MANAKSIA,29-SEP-2021,64.0,66.2,63.95,65.8,33282,22968,535
MANAKSTEEL,29-SEP-2021,31.0,32.0,30.7,31.95,56800,35468,416
MANALIPETC,29-SEP-2021,121.5,123.35,117.5,123.35,1088263,854017,6206
MANAPPURAM,29-SEP-2021,167.5,175.25,166.8,173.25,5549571,1629276,52597
MANGALAM,29-SEP-2021,147.85,154.3,144.95,151.75,102107,61337,2422
MANGCHEFER,29-SEP-2021,75.5,78.5,74.95,76.1,451651,197469,6034
MANGLMCEM,29-SEP-2021,444.8,451.35,435.55,449.0,23317,9881,2465
MANINDS,29-SEP-2021,109.0,112.75,108.0,111.5,139637,73206,3835
MANINFRA,29-SEP-2021,101.45,108.85,101.0,108.3,4093034,2028660,25365
MANUGRAPH,29-SEP-2021,11.7,12.3,11.7,12.05,2256,1895,36
MANXT50,29-SEP-2021,423.29,425.89,422.8,423.01,942,684,48
MARALOVER,29-SEP-2021,79.2,79.95,75.0,78.05,37937,23739,484
MARATHON,29-SEP-2021,105.0,108.95,103.7,107.9,160022,73689,3182
MARICO,29-SEP-2021,557.0,559.2,547.25,553.45,2090106,968150,43548
MARINE,29-SEP-2021,35.15,37.0,35.15,36.6,909637,279561,4005
MARKSANS,29-SEP-2021,67.7,69.95,67.7,68.35,2199166,865021,12506
MARUTI,29-SEP-2021,7390.5,7465.0,7291.0,7384.05,643556,245736,81531
MASFIN,29-SEP-2021,777.0,793.95,761.05,767.6,24568,13205,2769
MASPTOP50,29-SEP-2021,28.94,28.94,27.3,27.72,134730,117680,708
MASTEK,29-SEP-2021,3060.0,3093.0,2998.65,3030.3,93984,57457,10872
MATRIMONY,29-SEP-2021,984.0,1008.85,956.0,985.4,33406,13991,9306
MAXHEALTH,29-SEP-2021,354.0,357.0,345.85,355.05,96097669,87955605,68161
MAXIND,29-SEP-2021,72.05,73.9,72.05,73.5,274988,203533,1240
MAXVIL,29-SEP-2021,110.0,126.5,108.2,122.65,4000020,1099534,69744
MAYURUNIQ,29-SEP-2021,462.0,477.0,459.9,465.2,70136,33309,3926
MAZDA,29-SEP-2021,660.0,671.9,653.1,668.85,12492,9160,978
MAZDOCK,29-SEP-2021,249.0,255.9,248.75,252.25,336308,121409,6350
MBAPL,29-SEP-2021,209.9,212.45,196.35,199.9,47835,29803,3280
MBLINFRA,29-SEP-2021,18.8,18.8,18.0,18.45,25873,19127,138
MCDOWELL-N,29-SEP-2021,819.0,835.3,817.05,827.15,1606839,531119,46335
MCL,29-SEP-2021,39.35,39.35,37.5,38.75,33848,22420,378
MCX,29-SEP-2021,1656.0,1682.3,1647.95,1665.75,294001,86275,15112
MENONBE,29-SEP-2021,72.0,72.25,70.05,70.8,28902,17371,538
MEP,29-SEP-2021,20.0,20.85,19.95,20.2,194151,115451,615
METROPOLIS,29-SEP-2021,2799.75,2802.4,2693.15,2707.55,244595,94819,20348
MFL,29-SEP-2021,692.0,714.95,692.0,709.45,41662,23996,1852
MFSL,29-SEP-2021,986.0,1008.65,982.05,1004.3,1336616,712643,41552
MGEL,29-SEP-2021,51.6,52.75,50.6,50.75,38113,26711,178
MGL,29-SEP-2021,1075.0,1080.55,1058.75,1075.1,558127,242125,30829
MHRIL,29-SEP-2021,240.3,251.35,238.95,245.4,391917,148996,9002
MIDHANI,29-SEP-2021,183.5,189.75,183.1,189.0,502539,252016,8315
MINDACORP,29-SEP-2021,121.0,131.0,120.5,129.4,1137617,499415,15028
MINDAIND,29-SEP-2021,736.0,743.9,726.35,738.35,118737,56707,9734
MINDTECK,29-SEP-2021,88.0,88.0,83.65,85.85,46271,21604,826
MINDTREE,29-SEP-2021,4184.95,4335.0,4118.45,4231.9,2064426,612484,157497
MIRZAINT,29-SEP-2021,57.75,61.25,57.5,59.15,618798,227394,5321
MITTAL,29-SEP-2021,10.1,10.25,9.9,9.95,41319,27488,196
MMFL,29-SEP-2021,810.35,841.0,797.7,805.45,13223,5905,2118
MMP,29-SEP-2021,147.95,152.0,146.25,150.2,59258,39011,777
MMTC,29-SEP-2021,43.85,48.25,43.75,45.25,9729067,2257393,30027
MODISNME,29-SEP-2021,69.4,71.0,69.4,70.7,32818,20819,631
MOGSEC,29-SEP-2021,48.9,48.93,48.64,48.92,26684,16762,63
MOIL,29-SEP-2021,158.0,164.95,157.9,162.95,1068062,257465,23935
MOKSH,29-SEP-2021,41.0,41.0,39.5,39.95,336212,215791,707
MOL,29-SEP-2021,118.5,118.95,116.85,117.8,496848,283476,5999
MOLDTKPAC,29-SEP-2021,581.95,587.0,572.05,583.9,68646,37823,3433
MOM100,29-SEP-2021,31.79,31.85,31.21,31.76,115527,65373,1350
MOM50,29-SEP-2021,178.4,178.4,173.71,175.49,2859,2784,78
MON100,29-SEP-2021,107.95,108.78,107.1,108.52,943712,757147,6884
MONTECARLO,29-SEP-2021,345.0,356.0,342.4,346.15,48637,19446,3066
MORARJEE,29-SEP-2021,16.4,16.45,15.5,15.8,9923,7706,99
MOREPENLAB,29-SEP-2021,56.35,57.9,56.25,56.7,1527795,540168,8951
MOTHERSUMI,29-SEP-2021,229.0,231.8,223.65,229.85,7217313,3331936,63960
MOTILALOFS,29-SEP-2021,833.4,850.85,832.0,845.65,205243,65350,10446
MOTOGENFIN,29-SEP-2021,25.3,25.45,24.25,24.55,5924,3190,133
MPHASIS,29-SEP-2021,3130.0,3226.0,3071.95,3145.15,1177475,557478,85884
MPSLTD,29-SEP-2021,671.0,686.0,662.3,684.1,12860,6739,1937
MRF,29-SEP-2021,80306.1,80431.5,78901.05,79056.7,25732,14813,11096
MRO-TEK,29-SEP-2021,55.15,56.95,55.15,55.8,30484,19940,354
MRPL,29-SEP-2021,44.45,46.45,44.25,45.8,2747325,909286,12222
MSPL,29-SEP-2021,9.45,9.6,9.25,9.5,126453,97400,238
MSTCLTD,29-SEP-2021,302.95,312.2,300.3,307.55,1010493,360527,21274
MTARTECH,29-SEP-2021,1391.0,1417.0,1391.0,1399.9,69577,25678,6785
MTEDUCARE,29-SEP-2021,8.4,8.65,7.8,8.45,177634,101545,421
MTNL,29-SEP-2021,18.55,19.1,18.45,18.75,1021166,422258,1986
MUKTAARTS,29-SEP-2021,42.65,43.1,41.5,42.65,7122,4151,255
MUNJALAU,29-SEP-2021,58.4,59.7,58.4,58.65,100967,52802,1539
MUNJALSHOW,29-SEP-2021,141.95,144.3,141.0,142.8,46164,29260,1521
MURUDCERA,29-SEP-2021,25.5,25.9,25.4,25.6,51150,31060,520
MUTHOOTCAP,29-SEP-2021,396.0,401.1,396.0,397.8,13706,6608,949
MUTHOOTFIN,29-SEP-2021,1459.0,1485.1,1447.0,1469.5,544221,193388,31488
NACLIND,29-SEP-2021,78.0,79.15,75.55,78.05,103097,60607,1355
NAGREEKCAP,29-SEP-2021,8.6,8.6,7.85,7.95,553,502,9
NAHARCAP,29-SEP-2021,260.0,264.2,258.1,262.7,10302,7596,257
NAHARPOLY,29-SEP-2021,235.0,247.5,232.25,240.4,22750,11775,1085
NAM-INDIA,29-SEP-2021,425.0,434.0,421.55,431.6,614132,254293,11358
NATCOPHARM,29-SEP-2021,884.5,894.5,878.6,886.0,139999,64000,9423
NATHBIOGEN,29-SEP-2021,323.0,337.95,320.95,326.75,104929,36222,5175
NATIONALUM,29-SEP-2021,88.1,95.6,88.1,94.4,44321078,11358428,105223
NATNLSTEEL,29-SEP-2021,3.9,4.0,3.85,4.0,21241,12113,238
NAUKRI,29-SEP-2021,6675.0,6676.8,6411.0,6441.8,644462,297974,79692
NAVINFLUOR,29-SEP-2021,3720.0,3735.0,3645.0,3665.15,245965,139762,24623
NAVKARCORP,29-SEP-2021,41.4,42.2,41.0,41.75,352677,153852,2751
NAVNETEDUL,29-SEP-2021,111.2,116.7,111.0,112.95,917455,206017,19049
NAZARA,29-SEP-2021,2300.0,2318.0,2255.0,2290.55,306654,68784,25177
NBCC,29-SEP-2021,47.3,51.0,47.2,48.15,28398671,7000291,67710
NBIFIN,29-SEP-2021,2746.0,2746.0,2657.15,2690.75,141,67,63
NBVENTURES,29-SEP-2021,114.0,123.5,114.0,120.3,926813,461602,14168
NCC,29-SEP-2021,80.0,82.4,79.6,81.9,3861971,2045606,16004
NCLIND,29-SEP-2021,219.5,223.5,215.0,220.15,281670,165226,5734
NCPSESDL24,29-SEP-2021,106.83,106.83,106.52,106.52,505,388,15
NDL,29-SEP-2021,64.95,67.4,64.95,67.15,29081,18852,782
NDTV,29-SEP-2021,84.1,89.9,83.1,86.1,211344,104874,3298
NECCLTD,29-SEP-2021,19.0,19.4,18.4,18.55,207897,152594,451
NECLIFE,29-SEP-2021,29.6,29.8,29.25,29.4,234158,126474,1699
NELCAST,29-SEP-2021,82.0,86.0,82.0,85.3,107977,56704,1803
NELCO,29-SEP-2021,675.0,685.85,662.0,685.85,507893,238724,8646
NEOGEN,29-SEP-2021,1224.95,1280.0,1221.9,1245.3,96680,22465,10818
NESCO,29-SEP-2021,613.7,614.55,608.0,610.95,31236,15878,2191
NESTLEIND,29-SEP-2021,19544.75,19700.0,19421.65,19506.75,46295,23543,12856
NETF,29-SEP-2021,221.0,221.0,213.01,216.84,2526,1598,108
NETFCONSUM,29-SEP-2021,78.01,79.97,77.4,78.44,11352,6315,276
NETFDIVOPP,29-SEP-2021,46.85,46.85,45.0,45.74,3746,1982,109
NETFGILT5Y,29-SEP-2021,48.89,48.89,48.83,48.87,271,265,7
NETFIT,29-SEP-2021,36.8,36.8,35.3,36.05,1320636,809706,6708
NETFLTGILT,29-SEP-2021,23.37,23.37,22.7,22.74,10637,8506,92
NETFMID150,29-SEP-2021,118.0,118.0,113.01,114.22,100910,47827,1122
NETFNIF100,29-SEP-2021,185.89,188.45,184.0,184.41,1497,1248,76
NETFNV20,29-SEP-2021,99.0,99.4,97.56,99.09,6120,5613,124
NETFPHARMA,29-SEP-2021,14.05,14.59,14.05,14.45,457195,336700,732
NETFSDL26,29-SEP-2021,106.26,106.26,106.19,106.19,1052,1000,14
NETWORK18,29-SEP-2021,51.0,53.5,50.8,52.7,2080440,761717,6809
NEULANDLAB,29-SEP-2021,1495.0,1572.9,1490.15,1569.1,19335,10459,2532
NEXTMEDIA,29-SEP-2021,5.35,5.75,5.35,5.6,42351,26371,169
NFL,29-SEP-2021,59.85,61.0,59.6,60.1,1676554,495309,10969
NH,29-SEP-2021,502.5,509.0,498.05,505.15,133114,82328,6766
NHPC,29-SEP-2021,28.9,29.55,28.4,29.3,49407780,22639725,39477
NIACL,29-SEP-2021,163.2,164.25,161.4,162.25,336477,153906,8283
NIBL,29-SEP-2021,18.6,19.2,18.15,18.45,3738,2272,47
NIFTYBEES,29-SEP-2021,174.2,209.0,174.2,191.15,947847,551870,16857
NIFTYEES,29-SEP-2021,22505.0,22705.0,22505.0,22705.0,2,2,2
NIITLTD,29-SEP-2021,355.0,377.8,355.0,361.25,1218919,363145,30456
NILAINFRA,29-SEP-2021,5.3,5.3,5.15,5.2,112125,68256,231
NILKAMAL,29-SEP-2021,2844.0,2875.0,2735.1,2818.1,11966,3965,3109
NIPPOBATRY,29-SEP-2021,970.0,994.45,970.0,976.45,6143,4066,689
NIRAJ,29-SEP-2021,41.6,42.8,40.4,42.55,2410,1542,89
NITCO,29-SEP-2021,22.95,23.25,22.75,22.95,38955,30648,271
NITIRAJ,29-SEP-2021,44.45,44.45,41.45,43.9,906,414,67
NLCINDIA,29-SEP-2021,57.5,62.4,57.15,61.05,20148719,5437946,67482
NMDC,29-SEP-2021,139.05,144.85,139.05,142.9,13337719,5074298,66034
NOCIL,29-SEP-2021,291.0,293.4,287.2,288.45,635589,224602,11295
NOIDATOLL,29-SEP-2021,6.0,6.1,5.85,6.0,122039,76943,214
NORBTEAEXP,29-SEP-2021,6.75,7.25,6.75,6.8,3905,3896,20
NOVARTIND,29-SEP-2021,815.45,838.75,805.0,817.05,12989,5778,1669
NPBET,29-SEP-2021,190.9,190.9,186.2,190.09,123,116,19
NRAIL,29-SEP-2021,320.0,325.9,313.0,315.05,27502,13371,2019
NRBBEARING,29-SEP-2021,139.7,144.9,138.3,141.35,261670,129014,4815
NSIL,29-SEP-2021,1725.0,1731.0,1686.0,1710.45,365,231,172
NTPC,29-SEP-2021,131.4,144.25,130.6,140.65,75859390,29257264,355026
NUCLEUS,29-SEP-2021,580.0,609.7,575.3,589.4,281158,96876,18386
NURECA,29-SEP-2021,1631.55,1649.9,1619.6,1631.3,5872,4051,838
NUVOCO,29-SEP-2021,545.05,547.9,542.3,545.15,337031,265926,6986
NXTDIGITAL,29-SEP-2021,429.0,434.9,422.2,431.05,2245,1615,173
OAL,29-SEP-2021,891.1,927.0,891.1,902.9,16721,10054,3061
OBEROIRLTY,29-SEP-2021,881.0,949.0,881.0,934.6,2206118,737834,65519
OCCL,29-SEP-2021,1080.0,1111.15,1067.7,1087.75,5729,2911,1237
OFSS,29-SEP-2021,4550.0,4591.55,4427.9,4533.65,647138,345812,45064
OIL,29-SEP-2021,232.4,265.0,229.0,254.45,10418003,1699638,124282
OMAXE,29-SEP-2021,76.0,77.85,76.0,76.75,50980,36640,766
OMINFRAL,29-SEP-2021,27.95,29.0,27.55,28.35,240950,116036,928
OMKARCHEM,29-SEP-2021,17.0,17.0,16.4,16.6,41158,30481,224
ONGC,29-SEP-2021,140.85,148.8,139.35,144.75,68003697,29686746,201937
ONMOBILE,29-SEP-2021,113.75,116.0,113.1,113.4,236468,140895,3647
ONWARDTEC,29-SEP-2021,234.35,234.35,223.4,226.1,6288,3644,252
ORBTEXP,29-SEP-2021,73.2,85.5,70.05,80.1,349800,92774,6319
ORICONENT,29-SEP-2021,31.15,31.35,30.05,31.0,81618,50885,364
ORIENTABRA,29-SEP-2021,28.25,29.0,28.05,28.6,75233,41924,884
ORIENTALTL,29-SEP-2021,8.5,8.75,7.8,8.3,59360,41861,254
ORIENTBELL,29-SEP-2021,346.55,352.9,341.65,350.2,12249,7821,674
ORIENTCEM,29-SEP-2021,161.6,164.45,159.0,161.1,992689,438233,13153
ORIENTELEC,29-SEP-2021,333.5,333.5,326.1,328.35,186676,101965,12410
ORIENTHOT,29-SEP-2021,39.35,40.7,38.9,39.45,359930,164207,2934
ORIENTLTD,29-SEP-2021,68.45,70.0,66.45,69.3,13805,12113,170
ORIENTPPR,29-SEP-2021,29.25,30.45,29.15,30.25,1435509,739028,3587
ORISSAMINE,29-SEP-2021,2828.0,2930.0,2812.0,2886.25,23104,8616,5212
ORTINLAB,29-SEP-2021,26.8,27.4,26.7,27.0,33258,25482,307
OSWALAGRO,29-SEP-2021,17.25,17.45,16.9,17.15,45886,30137,255
PAGEIND,29-SEP-2021,32650.0,32899.9,32009.4,32338.6,12605,3182,6243
PAISALO,29-SEP-2021,909.85,915.0,881.0,913.3,66907,27552,2736
PALASHSECU,29-SEP-2021,86.9,87.9,83.0,86.35,28516,21506,632
PALREDTEC,29-SEP-2021,119.1,125.65,116.1,120.05,95530,42194,2942
PANACEABIO,29-SEP-2021,273.5,299.65,271.25,288.35,760544,188278,17199
PANAMAPET,29-SEP-2021,260.0,268.0,260.0,265.45,69563,33722,3126
PAR,29-SEP-2021,193.0,200.45,191.75,200.45,114031,86142,1768
PARAGMILK,29-SEP-2021,125.6,127.45,123.5,126.5,467784,188691,7997
PARSVNATH,29-SEP-2021,15.25,15.25,14.65,14.8,212172,105100,545
PATELENG,29-SEP-2021,18.6,18.95,18.35,18.75,3694342,2016255,6231
PATINTLOG,29-SEP-2021,22.4,22.4,21.55,21.85,19146,13059,254
PATSPINLTD,29-SEP-2021,8.7,9.15,8.45,8.7,6243,4990,83
PCJEWELLER,29-SEP-2021,26.8,27.4,26.45,27.15,2548078,1534759,6098
PDMJEPAPER,29-SEP-2021,38.15,40.5,38.1,39.85,473879,151777,2676
PDSMFL,29-SEP-2021,1215.0,1234.25,1162.65,1224.55,4211,2675,433
PEARLPOLY,29-SEP-2021,14.8,15.2,14.5,14.75,8803,7736,152
PEL,29-SEP-2021,2680.0,2703.3,2626.0,2642.15,1002614,354550,40896
PENIND,29-SEP-2021,28.15,29.7,28.1,29.15,473177,220620,2213
PERSISTENT,29-SEP-2021,3499.0,3575.0,3429.4,3542.75,279216,154311,34646
PETRONET,29-SEP-2021,239.0,242.9,236.55,239.5,10762782,6591115,63977
PFC,29-SEP-2021,143.45,148.15,140.35,144.25,14522007,3563933,79376
PFIZER,29-SEP-2021,5629.0,5633.6,5555.5,5613.15,22583,10564,3481
PFOCUS,29-SEP-2021,70.2,74.2,70.2,74.2,61067,35971,468
PFS,29-SEP-2021,17.45,19.65,17.1,18.65,6522626,2263413,11880
PGEL,29-SEP-2021,395.5,416.8,395.5,410.9,56232,49185,1035
PGHH,29-SEP-2021,13838.5,13974.45,13630.2,13697.35,10065,4577,4360
PGHL,29-SEP-2021,5396.6,5480.0,5380.0,5453.05,16204,10347,4056
PGIL,29-SEP-2021,303.95,318.0,298.05,315.0,19302,13164,715
PHILIPCARB,29-SEP-2021,269.45,269.5,262.2,263.15,2174189,1064376,29693
PHOENIXLTD,29-SEP-2021,966.25,972.95,934.6,938.5,251824,94312,21842
PIDILITIND,29-SEP-2021,2399.0,2417.0,2384.55,2402.25,223281,101344,17465
PIIND,29-SEP-2021,3110.0,3268.95,3105.0,3243.55,979437,587013,50711
PILANIINVS,29-SEP-2021,1906.8,1906.8,1869.0,1885.95,23450,11204,805
PILITA,29-SEP-2021,7.1,7.35,7.05,7.15,682286,436123,1289
PIONDIST,29-SEP-2021,166.45,168.3,162.5,165.25,34487,18765,2043
PIONEEREMB,29-SEP-2021,65.25,65.65,63.9,64.55,35612,19228,632
PITTIENG,29-SEP-2021,143.85,147.65,143.0,146.9,159249,20713,1476
PLASTIBLEN,29-SEP-2021,272.05,282.95,271.55,272.7,36637,16548,2265
PNB,29-SEP-2021,38.8,41.0,38.5,39.65,103695312,26532334,106703
PNBGILTS,29-SEP-2021,65.35,67.55,64.8,67.25,261066,169277,3081
PNBHOUSING,29-SEP-2021,631.9,637.9,615.0,622.6,137315,100336,5352
PNC,29-SEP-2021,36.2,38.75,36.2,37.55,13058,7852,248
PNCINFRA,29-SEP-2021,351.0,357.65,349.85,355.25,75492,26127,3626
PODDARHOUS,29-SEP-2021,208.35,208.35,195.5,195.65,10669,6867,556
PODDARMENT,29-SEP-2021,344.3,361.2,344.3,350.9,12559,6617,742
POKARNA,29-SEP-2021,470.4,512.8,465.8,491.7,170651,103746,5712
POLYCAB,29-SEP-2021,2339.9,2355.0,2305.0,2338.05,328673,102422,25616
POLYMED,29-SEP-2021,926.95,939.0,925.0,928.75,22594,11200,4339
POLYPLEX,29-SEP-2021,1710.0,1764.8,1697.0,1743.7,172984,62406,13608
POONAWALLA,29-SEP-2021,160.5,164.8,160.15,163.6,474549,332153,5519
POWERGRID,29-SEP-2021,183.5,196.3,182.45,195.05,40264997,15728942,186057
POWERINDIA,29-SEP-2021,2295.0,2575.0,2275.15,2410.35,425566,63870,49602
POWERMECH,29-SEP-2021,890.0,952.0,872.05,932.95,168906,73615,9030
PPAP,29-SEP-2021,243.5,248.25,242.0,244.45,12641,7959,660
PPL,29-SEP-2021,160.0,160.2,157.5,158.65,41709,18491,3647
PRAKASH,29-SEP-2021,65.4,68.0,65.0,67.2,619917,267343,5672
PRAKASHSTL,29-SEP-2021,2.05,2.15,1.95,2.1,1009827,566765,654
PRAXIS,29-SEP-2021,32.4,32.45,30.0,30.55,42702,33848,329
PRECAM,29-SEP-2021,93.1,99.3,92.35,95.9,311812,173806,7779
PRECOT,29-SEP-2021,244.0,244.0,227.1,237.7,4699,2423,211
PRECWIRE,29-SEP-2021,239.0,242.5,233.05,233.65,124309,81089,2851
PREMIERPOL,29-SEP-2021,67.95,69.0,65.85,67.7,5210,4176,226
PRESSMN,29-SEP-2021,27.9,28.2,27.05,27.35,43784,39094,458
PRESTIGE,29-SEP-2021,465.0,482.75,460.15,478.15,2037043,400932,59883
PRICOLLTD,29-SEP-2021,99.6,101.0,98.05,98.85,1345789,746067,8772
PRIMESECU,29-SEP-2021,88.0,88.0,85.1,85.5,8999,3378,175
PRINCEPIPE,29-SEP-2021,696.0,704.15,688.25,691.1,156286,65446,8214
PRITIKAUTO,29-SEP-2021,17.15,17.5,17.15,17.3,47025,32394,282
PRIVISCL,29-SEP-2021,1810.0,1814.25,1765.05,1787.05,12747,6826,2455
PROZONINTU,29-SEP-2021,27.5,28.35,27.05,27.9,220584,132086,1262
PRSMJOHNSN,29-SEP-2021,121.6,128.0,121.25,124.55,860107,322257,11621
PSB,29-SEP-2021,16.8,17.6,16.8,17.1,972041,429292,1975
PSPPROJECT,29-SEP-2021,480.0,500.8,476.1,488.2,795416,342932,18400
PSUBNKBEES,29-SEP-2021,26.3,27.0,25.51,26.88,3946113,3478539,2565
PTC,29-SEP-2021,99.55,115.95,99.5,111.55,21882348,7253521,128740
PTL,29-SEP-2021,46.95,47.5,46.05,46.9,40026,24261,621
PUNJABCHEM,29-SEP-2021,1595.0,1619.9,1562.15,1573.4,19617,10560,3463
PURVA,29-SEP-2021,130.55,133.5,127.15,128.0,664100,196139,11141
PVR,29-SEP-2021,1590.0,1648.0,1577.05,1612.5,2081846,396710,86208
QGOLDHALF,29-SEP-2021,1993.1,1993.1,1986.0,1990.0,508,452,43
QNIFTY,29-SEP-2021,1838.95,1846.0,1838.0,1843.62,42,37,8
QUESS,29-SEP-2021,910.1,914.0,894.1,906.5,145024,97914,15546
QUICKHEAL,29-SEP-2021,226.2,232.0,226.0,230.5,109395,35504,3544
RADICO,29-SEP-2021,903.5,903.5,882.5,885.75,247573,118349,9240
RADIOCITY,29-SEP-2021,24.15,24.5,24.0,24.2,197386,158597,563
RAILTEL,29-SEP-2021,127.4,129.4,126.8,128.6,508911,266080,6352
RAIN,29-SEP-2021,233.7,240.0,232.45,236.05,1932387,662732,20554
RAJESHEXPO,29-SEP-2021,591.0,591.3,586.0,586.6,83625,46300,6297
RAJSREESUG,29-SEP-2021,26.15,26.25,25.35,25.55,11527,7692,188
RALLIS,29-SEP-2021,283.65,288.8,283.1,285.35,309133,130703,5994
RAMANEWS,29-SEP-2021,19.7,19.95,19.35,19.65,71978,45955,427
RAMCOCEM,29-SEP-2021,982.0,997.0,974.4,992.45,409438,219351,12910
RAMCOIND,29-SEP-2021,296.0,316.0,296.0,304.4,128447,63075,5070
RAMCOSYS,29-SEP-2021,491.0,491.0,477.5,481.7,53837,25705,3939
RANEENGINE,29-SEP-2021,297.75,305.0,296.1,297.9,7546,4738,450
RANEHOLDIN,29-SEP-2021,609.0,618.1,600.05,603.65,16450,8336,1880
RATNAMANI,29-SEP-2021,2199.5,2220.0,2142.35,2199.4,95552,48365,5335
RAYMOND,29-SEP-2021,457.0,464.75,449.9,452.55,1147468,311087,24697
RBL,29-SEP-2021,869.45,879.95,845.15,869.85,4915,2798,927
RBLBANK,29-SEP-2021,185.6,190.15,183.55,188.15,6060888,2125302,36605
RCF,29-SEP-2021,83.8,85.95,83.05,83.6,4329673,872386,20082
RCOM,29-SEP-2021,3.05,3.2,3.0,3.1,36464117,14148725,32830
RECLTD,29-SEP-2021,159.6,166.0,156.8,162.35,9432123,2998466,71300
REDINGTON,29-SEP-2021,144.9,145.45,143.5,144.3,866527,435425,9902
REFEX,29-SEP-2021,143.1,149.7,136.85,147.85,168628,53976,8621
RELAXO,29-SEP-2021,1156.85,1161.7,1138.0,1141.0,299850,174072,23411
RELCAPITAL,29-SEP-2021,20.9,22.2,20.7,22.2,6025126,2758860,8308
RELIANCE,29-SEP-2021,2570.0,2570.0,2520.05,2527.85,4485721,2223603,166259
RELIGARE,29-SEP-2021,179.6,186.0,179.05,183.85,1575211,709795,10007
REPCOHOME,29-SEP-2021,318.0,323.8,315.05,319.55,166426,109297,12038
REPL,29-SEP-2021,213.7,215.95,211.1,214.2,14115,12025,252
REPRO,29-SEP-2021,550.0,559.95,542.05,545.55,7851,4119,1140
RESPONIND,29-SEP-2021,121.5,124.9,119.0,120.9,72783,21127,1147
REVATHI,29-SEP-2021,584.55,601.0,584.55,597.15,783,505,118
RGL,29-SEP-2021,779.4,782.0,755.0,767.3,43517,10180,1954
RHIM,29-SEP-2021,350.45,366.0,350.0,356.35,153362,70707,6996
RICOAUTO,29-SEP-2021,47.0,48.2,47.0,47.55,321552,146550,2290
RIIL,29-SEP-2021,695.6,712.0,693.25,698.15,152544,38458,5871
RITES,29-SEP-2021,270.0,274.8,270.0,273.45,184189,109650,8900
RKEC,29-SEP-2021,77.0,77.0,74.0,75.1,13327,9407,217
RKFORGE,29-SEP-2021,1044.0,1069.0,1034.8,1062.65,179080,63684,5064
RML,29-SEP-2021,384.0,394.8,384.0,389.6,12325,6523,528
ROHLTD,29-SEP-2021,100.4,104.45,99.15,99.9,142766,62005,3354
ROLEXRINGS,29-SEP-2021,1020.25,1055.0,1008.0,1023.55,32176,10712,3410
ROLLT,29-SEP-2021,2.8,2.85,2.4,2.85,39853850,20678600,4630
ROSSARI,29-SEP-2021,1454.35,1475.0,1441.75,1458.0,41007,11222,5162
ROSSELLIND,29-SEP-2021,157.15,159.7,156.0,156.7,48292,19844,1791
ROUTE,29-SEP-2021,1931.7,1980.05,1915.0,1965.05,96634,39932,9847
RPGLIFE,29-SEP-2021,675.0,722.0,673.0,700.55,265787,69960,16862
RPPINFRA,29-SEP-2021,65.8,67.9,65.0,66.6,158454,96196,3132
RPSGVENT,29-SEP-2021,961.9,982.9,938.05,960.45,27138,11731,2825
RSSOFTWARE,29-SEP-2021,31.7,33.0,31.4,32.5,37340,24223,404
RSWM,29-SEP-2021,302.75,308.2,298.2,303.25,18450,11124,683
RSYSTEMS,29-SEP-2021,214.0,218.0,211.05,216.4,79882,45463,3714
RUBYMILLS,29-SEP-2021,282.0,285.45,277.1,278.2,13397,5402,1356
RUCHI,29-SEP-2021,1072.6,1072.6,1050.9,1055.15,14121,8617,1696
RUCHIRA,29-SEP-2021,85.15,85.6,82.65,84.15,52939,24505,1293
RUPA,29-SEP-2021,447.5,458.0,447.5,453.95,127038,76139,4314
RUSHIL,29-SEP-2021,253.15,259.0,246.3,248.3,34998,28323,936
RVHL,29-SEP-2021,24.7,25.8,24.7,25.25,34307,19776,158
RVNL,29-SEP-2021,30.45,30.7,30.05,30.4,3511475,1413946,10388
SADBHAV,29-SEP-2021,47.8,48.5,47.25,48.2,480114,241381,5501
SADBHIN,29-SEP-2021,16.05,16.2,15.6,15.95,384149,217823,1086
SAFARI,29-SEP-2021,880.0,882.65,862.0,867.4,9793,5351,1709
SAGCEM,29-SEP-2021,302.0,302.0,292.55,300.1,338725,255083,5898
SAIL,29-SEP-2021,112.4,115.4,110.6,114.4,79833166,30409206,178566
SAKAR,29-SEP-2021,161.0,161.0,158.0,159.9,18044,9079,347
SAKSOFT,29-SEP-2021,1080.0,1115.0,1070.0,1098.0,107465,31804,6929
SALASAR,29-SEP-2021,285.0,293.55,283.9,287.85,46700,32290,1503
SALONA,29-SEP-2021,204.0,204.0,198.0,199.25,3450,1831,149
SALZERELEC,29-SEP-2021,156.0,159.0,154.3,158.0,15414,10226,483
SANCO,29-SEP-2021,9.0,9.0,8.55,8.85,23119,18144,112
SANDESH,29-SEP-2021,774.35,787.7,774.0,782.0,1136,872,93
SANDHAR,29-SEP-2021,282.7,282.7,276.25,278.0,33425,16236,2114
SANGAMIND,29-SEP-2021,162.9,163.7,156.0,158.7,15628,10406,321
SANGHIIND,29-SEP-2021,65.25,67.8,65.25,67.25,505485,242876,3608
SANGHVIMOV,29-SEP-2021,171.4,179.75,170.25,176.95,74706,58372,1509
SANGINITA,29-SEP-2021,26.1,26.1,25.65,25.75,58772,40398,282
SANOFI,29-SEP-2021,7781.0,7929.7,7775.0,7785.25,26860,21088,8490
SANSERA,29-SEP-2021,814.85,814.85,795.1,802.3,489332,287771,28927
SARDAEN,29-SEP-2021,656.1,697.4,656.1,696.35,188645,163434,4064
SARLAPOLY,29-SEP-2021,48.1,49.1,47.5,47.65,246349,128278,1963
SASKEN,29-SEP-2021,1365.0,1374.35,1333.0,1345.35,24053,13050,2830
SATIA,29-SEP-2021,94.7,100.35,94.5,98.0,312462,123888,3166
SATIN,29-SEP-2021,74.0,77.05,73.5,76.3,127873,95658,1241
SBCL,29-SEP-2021,279.0,288.8,273.0,275.1,53917,35733,1943
SBICARD,29-SEP-2021,1010.0,1027.0,1010.0,1020.1,3168484,2498527,77702
SBIETFCON,29-SEP-2021,73.85,73.85,72.4,72.85,7373,6835,130
SBIETFIT,29-SEP-2021,358.5,361.8,352.1,359.01,10032,6172,298
SBIETFPB,29-SEP-2021,199.0,199.0,194.27,196.72,1196,1045,62
SBIETFQLTY,29-SEP-2021,155.6,159.9,154.1,157.33,924,709,113
SBILIFE,29-SEP-2021,1206.0,1214.8,1196.8,1205.95,1623118,1063891,70117
SBIN,29-SEP-2021,441.85,462.3,439.1,460.0,38635938,17529709,276232
SCHAEFFLER,29-SEP-2021,7325.0,7498.3,7325.0,7435.05,4370,1744,2397
SCHAND,29-SEP-2021,114.9,116.05,112.5,112.85,69278,53241,732
SCHNEIDER,29-SEP-2021,114.5,117.8,113.55,114.85,781252,327058,7842
SCI,29-SEP-2021,113.3,118.4,112.65,117.45,4423208,2105708,25553
SDBL,29-SEP-2021,39.0,40.9,39.0,39.8,88644,65181,605
SEAMECLTD,29-SEP-2021,1184.0,1224.25,1167.9,1200.85,40995,16582,1903
SECURKLOUD,29-SEP-2021,187.0,200.55,185.0,200.55,395176,219269,13677
SELAN,29-SEP-2021,157.05,159.45,154.25,155.5,226933,75290,7085
SEPOWER,29-SEP-2021,7.85,7.95,7.6,7.95,12447,10203,83
SEQUENT,29-SEP-2021,203.0,207.7,198.0,203.3,1382887,585485,26200
SERVOTECH,29-SEP-2021,25.0,26.2,23.95,24.25,61169,46567,226
SESHAPAPER,29-SEP-2021,178.5,183.4,172.05,181.65,40298,22713,950
SETCO,29-SEP-2021,19.85,20.25,19.2,19.95,202145,154596,549
SETF10GILT,29-SEP-2021,205.11,205.24,205.11,205.22,121,121,5
SETFGOLD,29-SEP-2021,4112.35,4115.0,4101.0,4110.9,15909,13543,1115
SETFNIF50,29-SEP-2021,180.0,181.53,179.4,180.79,135348,99442,1415
SETFNIFBK,29-SEP-2021,378.0,379.52,373.3,377.82,161978,146428,713
SETFNN50,29-SEP-2021,445.99,445.99,437.63,439.84,21489,17384,367
SEYAIND,29-SEP-2021,54.0,54.85,52.1,53.75,15247,11649,240
SFL,29-SEP-2021,2357.0,2387.95,2323.5,2346.9,6113,2719,1315
SGIL,29-SEP-2021,148.0,148.0,141.05,144.55,1869,889,164
SGL,29-SEP-2021,13.2,13.2,12.6,12.75,40331,32661,147
SHAKTIPUMP,29-SEP-2021,711.0,714.4,699.9,710.7,38742,21455,2977
SHALBY,29-SEP-2021,177.0,182.0,176.05,177.05,105505,34719,2518
SHALPAINTS,29-SEP-2021,93.9,95.65,92.0,93.15,147788,90712,1932
SHANKARA,29-SEP-2021,597.75,620.3,593.05,603.6,106623,29891,7261
SHANTI,29-SEP-2021,21.3,21.35,19.55,20.0,41768,12471,449
SHANTIGEAR,29-SEP-2021,166.0,166.7,164.6,165.55,72778,42307,3027
SHARDACROP,29-SEP-2021,323.0,334.0,323.0,327.5,41891,17013,2890
SHAREINDIA,29-SEP-2021,636.3,644.9,630.0,641.95,22266,13928,1813
SHARIABEES,29-SEP-2021,478.9,500.0,445.0,451.64,5152,1473,228
SHILPAMED,29-SEP-2021,545.0,562.95,544.2,549.4,147639,34117,5831
SHIVAMAUTO,29-SEP-2021,22.6,22.65,22.05,22.25,54979,40478,387
SHIVAMILLS,29-SEP-2021,86.8,86.8,82.5,85.1,7329,5394,99
SHIVATEX,29-SEP-2021,180.0,183.35,177.9,179.5,10442,5667,384
SHK,29-SEP-2021,158.25,162.5,158.25,161.1,92564,44627,2412
SHOPERSTOP,29-SEP-2021,260.0,271.9,256.0,263.95,322937,119096,8356
SHRADHA,29-SEP-2021,55.25,58.0,55.0,56.7,4954,3220,171
SHREDIGCEM,29-SEP-2021,75.8,76.9,75.5,76.05,213043,126115,2283
SHREECEM,29-SEP-2021,29220.0,29525.1,29168.0,29382.4,20612,5942,7692
SHREEPUSHK,29-SEP-2021,219.5,226.45,217.1,219.3,89749,32701,3603
SHREERAMA,29-SEP-2021,13.95,13.95,12.85,13.95,264947,235067,503
SHRENIK,29-SEP-2021,1.55,1.6,1.5,1.55,2046781,981107,773
SHREYANIND,29-SEP-2021,124.55,124.55,119.3,120.45,23215,13258,670
SHREYAS,29-SEP-2021,380.05,387.9,370.0,378.15,92723,42315,3076
SHRIRAMCIT,29-SEP-2021,2128.5,2138.6,2062.0,2086.2,45326,28097,8402
SHRIRAMEPC,29-SEP-2021,5.75,5.8,5.75,5.8,1393317,983698,571
SHYAMCENT,29-SEP-2021,13.75,13.75,13.75,13.75,97670,97670,126
SHYAMMETL,29-SEP-2021,368.0,372.0,362.0,364.65,620744,380532,14895
SICAL,29-SEP-2021,12.2,12.9,12.0,12.4,485158,187891,1155
SIEMENS,29-SEP-2021,2099.8,2145.0,2072.0,2127.55,260703,92837,18517
SIGIND,29-SEP-2021,44.2,45.0,43.05,44.05,23996,16256,443
SILGO,29-SEP-2021,33.8,33.8,32.4,32.5,10833,6507,119
SILLYMONKS,29-SEP-2021,21.4,21.4,19.8,21.1,5774,2514,67
SIMPLEXINF,29-SEP-2021,42.4,44.15,42.4,42.95,34347,23379,447
SINTERCOM,29-SEP-2021,84.1,85.3,84.1,84.55,1482,1157,32
SINTEX,29-SEP-2021,3.8,4.1,3.75,4.1,5186447,3202010,2841
SIRCA,29-SEP-2021,335.0,341.5,335.0,339.4,16359,11315,949
SIS,29-SEP-2021,482.0,503.35,473.3,500.2,624194,276715,18293
SITINET,29-SEP-2021,1.85,1.85,1.8,1.85,4248722,1903927,903
SIYSIL,29-SEP-2021,371.0,375.55,366.0,373.6,24779,16393,1610
SJVN,29-SEP-2021,27.2,29.3,27.2,28.35,22430813,6415705,31401
SKFINDIA,29-SEP-2021,3085.0,3138.25,3050.05,3091.1,66418,56457,3321
SKIL,29-SEP-2021,3.6,3.7,3.55,3.7,58133,56580,87
SKIPPER,29-SEP-2021,82.0,83.35,81.1,81.55,181801,56932,4019
SKMEGGPROD,29-SEP-2021,82.0,82.9,79.5,81.65,59238,31474,1380
SMARTLINK,29-SEP-2021,114.0,120.7,113.0,116.8,67347,21601,1928
SMCGLOBAL,29-SEP-2021,74.6,76.4,73.25,75.65,131730,78190,1080
SMLISUZU,29-SEP-2021,564.0,572.5,555.5,563.2,32918,11436,2905
SMSLIFE,29-SEP-2021,720.7,752.0,720.7,741.25,4040,3008,367
SMSPHARMA,29-SEP-2021,148.0,158.15,147.35,157.0,155945,69569,4169
SNOWMAN,29-SEP-2021,42.0,43.0,41.95,42.75,354412,163160,3041
SOBHA,29-SEP-2021,770.0,815.0,763.0,803.1,602845,245972,23764
SOLARA,29-SEP-2021,1643.0,1643.0,1614.0,1627.85,50991,34443,3382
SOLARINDS,29-SEP-2021,2008.0,2037.0,1990.0,2015.0,45318,19132,8701
SOMANYCERA,29-SEP-2021,740.0,776.0,740.0,766.45,55089,39021,2504
SOMATEX,29-SEP-2021,8.25,8.35,7.7,8.0,31400,20378,188
SONACOMS,29-SEP-2021,553.0,573.8,551.0,563.25,1092189,295636,27899
SONATSOFTW,29-SEP-2021,905.0,921.9,884.0,892.5,222279,86195,15560
SORILINFRA,29-SEP-2021,108.0,111.8,107.85,108.3,68483,44062,1116
SOTL,29-SEP-2021,1535.0,1559.0,1520.8,1532.3,14383,7239,2222
SOUTHBANK,29-SEP-2021,9.95,10.45,9.95,10.1,16270524,4562139,23185
SOUTHWEST,29-SEP-2021,96.5,103.55,96.5,102.35,12347,7176,507
SPAL,29-SEP-2021,333.0,334.2,322.55,330.9,16447,8632,1341
SPANDANA,29-SEP-2021,580.0,588.05,570.0,572.45,52074,24215,4772
SPARC,29-SEP-2021,294.35,305.0,293.35,294.9,1883767,362186,27480
SPECIALITY,29-SEP-2021,74.85,75.8,73.15,73.8,124684,63268,1548
SPENCERS,29-SEP-2021,112.0,116.2,112.0,113.5,540017,191143,7424
SPIC,29-SEP-2021,52.7,54.7,52.5,53.9,537937,241826,4235
SPICEJET,29-SEP-2021,75.7,76.75,75.0,75.8,2621414,748464,14913
SPLIL,29-SEP-2021,46.4,48.4,45.0,47.65,66582,38663,766
SPTL,29-SEP-2021,4.35,4.45,4.2,4.45,1079481,670011,689
SREEL,29-SEP-2021,185.9,186.0,184.2,185.2,10697,5535,599
SRF,29-SEP-2021,11030.0,11255.0,10880.15,11195.45,316140,123113,47893
SRHHYPOLTD,29-SEP-2021,330.95,337.0,329.85,332.1,12716,5698,922
SRIPIPES,29-SEP-2021,211.0,213.6,207.75,209.5,52879,23179,1698
SRTRANSFIN,29-SEP-2021,1300.0,1311.2,1286.0,1300.35,906441,432138,28714
STAR,29-SEP-2021,584.75,601.5,578.05,594.6,675148,129915,17758
STARCEMENT,29-SEP-2021,107.75,108.5,106.7,106.95,278610,182012,3298
STARPAPER,29-SEP-2021,149.9,154.2,148.35,153.15,107527,56208,2517
STCINDIA,29-SEP-2021,101.0,106.1,100.15,103.35,133709,34292,2033
STEELCITY,29-SEP-2021,57.45,58.85,56.5,58.0,80502,47916,636
STEELXIND,29-SEP-2021,70.8,75.0,67.5,73.0,691001,380190,4821
STEL,29-SEP-2021,191.95,195.7,190.05,190.9,50712,24405,1769
STERTOOLS,29-SEP-2021,196.2,198.5,195.05,197.8,16779,9284,817
STLTECH,29-SEP-2021,289.0,290.9,285.6,286.95,259961,108736,6111
STOVEKRAFT,29-SEP-2021,1033.0,1067.7,1014.1,1049.2,798983,143881,52413
STYLAMIND,29-SEP-2021,1102.6,1113.55,1040.0,1056.1,17180,10088,4579
SUBEXLTD,29-SEP-2021,51.5,53.0,51.15,51.55,4280473,1535062,15055
SUBROS,29-SEP-2021,343.0,346.4,333.55,337.7,40525,16961,3828
SUDARSCHEM,29-SEP-2021,668.0,669.25,661.0,665.6,113276,58261,3600
SUMICHEM,29-SEP-2021,404.7,409.7,403.6,405.85,218932,100060,8924
SUMMITSEC,29-SEP-2021,775.35,782.2,768.0,771.3,5648,3778,582
SUNCLAYLTD,29-SEP-2021,3450.6,3463.25,3312.0,3348.65,28250,25427,2063
SUNDARMFIN,29-SEP-2021,2335.2,2459.85,2305.8,2439.75,82076,47594,14078
SUNDARMHLD,29-SEP-2021,76.0,77.7,76.0,77.0,64666,44701,836
SUNDRMBRAK,29-SEP-2021,395.0,401.05,394.45,397.25,1024,692,98
SUNDRMFAST,29-SEP-2021,907.0,911.85,891.5,903.4,94603,40805,7398
SUNFLAG,29-SEP-2021,79.35,83.8,78.9,82.05,970268,331876,8278
SUNPHARMA,29-SEP-2021,784.0,819.75,771.35,811.3,18565413,7483512,252659
SUNTECK,29-SEP-2021,479.6,480.9,465.0,467.95,4294204,1686894,30006
SUNTV,29-SEP-2021,498.6,506.4,494.0,500.7,1071000,309736,14574
SUPERHOUSE,29-SEP-2021,167.7,172.7,163.95,171.3,21061,13471,889
SUPPETRO,29-SEP-2021,695.0,700.0,679.1,686.1,61891,54861,1478
SUPRAJIT,29-SEP-2021,331.15,334.8,325.35,331.75,160890,70927,8622
SUPREMEENG,29-SEP-2021,23.25,24.95,23.15,24.2,78736,54792,464
SUPREMEIND,29-SEP-2021,2276.05,2327.8,2265.0,2317.5,32289,17406,5244
SURANASOL,29-SEP-2021,13.0,13.35,12.65,13.1,81912,56253,421
SURANAT&P,29-SEP-2021,9.5,9.65,9.4,9.65,556730,379052,1192
SURYAROSNI,29-SEP-2021,760.25,788.9,755.55,760.2,75321,35189,4404
SURYODAY,29-SEP-2021,179.0,182.0,177.05,178.4,89057,28342,2230
SUTLEJTEX,29-SEP-2021,63.5,69.8,63.0,69.0,1269827,398627,10208
SUULD,29-SEP-2021,524.95,530.55,512.95,523.65,39438,25698,791
SUVEN,29-SEP-2021,95.0,95.0,92.45,92.55,404498,235293,4184
SUVENPHAR,29-SEP-2021,524.7,527.35,520.0,522.05,156909,94600,15625
SUVIDHAA,29-SEP-2021,16.85,17.1,16.45,16.55,109871,87426,395
SUZLON,29-SEP-2021,6.2,6.5,6.1,6.45,46956893,21858202,32367
SVPGLOB,29-SEP-2021,123.6,127.15,119.0,121.5,194100,112532,3963
SWANENERGY,29-SEP-2021,127.3,133.75,125.15,127.2,117873,52587,3217
SWARAJENG,29-SEP-2021,1633.95,1633.95,1603.35,1613.8,7828,5217,1458
SWELECTES,29-SEP-2021,214.25,223.65,214.2,222.1,12676,6563,507
SWSOLAR,29-SEP-2021,384.0,426.3,381.05,414.35,8123628,1652089,127588
SYMPHONY,29-SEP-2021,1045.0,1057.85,1035.5,1050.6,36648,17017,3945
SYNGENE,29-SEP-2021,616.4,627.95,607.15,612.05,880533,287538,24589
TAJGVK,29-SEP-2021,147.0,152.25,146.25,147.05,567469,183733,12682
TAKE,29-SEP-2021,50.0,51.4,49.85,50.2,719894,358752,4980
TALBROAUTO,29-SEP-2021,289.0,292.55,284.0,286.75,28576,16022,1577
TANLA,29-SEP-2021,825.05,842.35,825.0,830.85,51498,37513,3009
TARAPUR,29-SEP-2021,4.2,4.2,4.0,4.1,10427,9095,43
TARMAT,29-SEP-2021,60.95,62.1,60.55,61.55,19668,8891,307
TASTYBITE,29-SEP-2021,18099.7,18214.0,17907.85,17994.35,1055,436,643
TATACHEM,29-SEP-2021,905.0,937.6,895.2,933.1,3724758,907741,71012
TATACOFFEE,29-SEP-2021,200.55,207.3,200.2,203.2,1777850,355224,22549
TATACOMM,29-SEP-2021,1400.1,1420.05,1396.15,1409.8,189896,141260,9262
TATACONSUM,29-SEP-2021,824.5,829.4,811.0,823.45,2156442,928307,57577
TATAELXSI,29-SEP-2021,5645.0,5684.0,5563.75,5597.75,132221,66086,25488
TATAINVEST,29-SEP-2021,1300.0,1301.0,1275.0,1280.85,26807,16695,2457
TATAMETALI,29-SEP-2021,1007.0,1043.9,1003.95,1034.95,124787,52821,8369
TATAMOTORS,29-SEP-2021,325.0,333.0,324.0,330.25,19740150,3950402,169614
TATAMTRDVR,29-SEP-2021,170.55,183.3,169.1,180.3,8856345,2621013,59498
TATAPOWER,29-SEP-2021,139.8,158.75,138.9,151.6,126746990,23711119,455642
TATASTEEL,29-SEP-2021,1270.0,1309.8,1267.2,1295.55,9494577,2365838,200121
TATASTLLP,29-SEP-2021,852.7,900.15,847.05,891.4,84532,52973,2650
TATVA,29-SEP-2021,2209.7,2295.0,2193.35,2244.45,95251,33945,9585
TBZ,29-SEP-2021,76.1,78.3,73.6,77.2,287084,127105,3664
TCI,29-SEP-2021,417.6,423.45,414.05,416.6,10929,5063,775
TCIDEVELOP,29-SEP-2021,352.35,377.75,348.3,377.75,3453,2074,185
TCIEXP,29-SEP-2021,1485.0,1489.0,1457.4,1476.35,19460,9665,4197
TCIFINANCE,29-SEP-2021,6.2,6.2,5.9,5.9,6720,5869,49
TCNSBRANDS,29-SEP-2021,649.0,668.9,636.6,653.95,27863,7063,3216
TCPLPACK,29-SEP-2021,526.85,539.95,521.1,531.75,11995,7010,1008
TCS,29-SEP-2021,3759.8,3806.0,3722.15,3791.9,2489161,1548275,138418
TDPOWERSYS,29-SEP-2021,313.0,317.95,306.55,309.45,57062,31763,2451
TEAMLEASE,29-SEP-2021,4442.0,4554.0,4355.0,4464.2,23057,13725,5775
TECHM,29-SEP-2021,1400.0,1408.95,1372.75,1395.35,7948104,5548492,174181
TECHNOE,29-SEP-2021,270.0,284.4,267.0,277.05,127521,72342,7470
TEJASNET,29-SEP-2021,490.0,494.0,461.3,469.45,772695,464763,21845
TEMBO,29-SEP-2021,303.0,328.0,303.0,324.75,125714,20924,1721
TEXINFRA,29-SEP-2021,59.0,59.9,57.45,59.0,44314,24546,757
TEXMOPIPES,29-SEP-2021,50.0,51.75,49.4,51.75,177391,133583,1290
TEXRAIL,29-SEP-2021,33.8,34.6,33.6,34.05,380470,212004,1787
TFCILTD,29-SEP-2021,72.3,73.5,71.65,71.85,245974,152167,2457
TGBHOTELS,29-SEP-2021,8.4,8.9,8.35,8.75,29892,24424,119
THANGAMAYL,29-SEP-2021,1071.5,1093.65,1070.05,1075.3,9541,2280,3955
THEINVEST,29-SEP-2021,110.0,111.5,107.1,108.75,65395,63091,224
THERMAX,29-SEP-2021,1371.2,1383.1,1360.0,1362.4,23581,11347,4410
THOMASCOOK,29-SEP-2021,65.0,66.35,65.0,65.45,307091,165938,2263
THYROCARE,29-SEP-2021,1228.0,1228.0,1161.4,1178.5,308628,163200,24283
TIIL,29-SEP-2021,831.3,836.0,815.0,818.2,3761,1925,609
TIINDIA,29-SEP-2021,1363.9,1390.25,1329.35,1381.05,73333,23178,9222
TIL,29-SEP-2021,152.0,156.55,150.5,153.9,3736,1981,221
TIMESGTY,29-SEP-2021,42.65,44.75,41.55,42.25,6733,3414,345
TIMETECHNO,29-SEP-2021,69.95,71.05,69.8,69.95,454028,313034,6577
TIMKEN,29-SEP-2021,1720.9,1760.0,1696.3,1700.9,101047,84256,4371
TINPLATE,29-SEP-2021,286.0,294.6,285.15,290.4,351106,109668,8557
TIRUMALCHM,29-SEP-2021,284.0,304.6,282.9,302.0,2099053,772740,32908
TITAN,29-SEP-2021,2129.0,2167.9,2110.05,2147.5,912912,289901,57601
TMRVL,29-SEP-2021,13.3,13.3,12.85,12.95,105872,82817,549
TNPETRO,29-SEP-2021,131.8,136.8,128.55,131.25,2537904,861112,29797
TNPL,29-SEP-2021,129.65,130.5,128.4,130.15,270227,159990,4421
TOKYOPLAST,29-SEP-2021,103.9,103.9,101.9,102.15,5625,3210,117
TORNTPHARM,29-SEP-2021,3107.8,3185.05,3082.1,3134.85,242772,50576,19724
TORNTPOWER,29-SEP-2021,505.85,527.35,498.4,516.4,4894804,892637,84014
TOTAL,29-SEP-2021,54.4,54.4,53.5,53.7,3236,2354,70
TPLPLASTEH,29-SEP-2021,192.9,194.8,187.1,191.3,39665,6192,862
TREJHARA,29-SEP-2021,61.0,63.45,60.7,63.0,50830,31669,572
TRENT,29-SEP-2021,1013.95,1013.95,970.0,1009.6,415354,136857,14576
TRF,29-SEP-2021,117.1,124.35,116.0,124.35,17927,14805,223
TRIDENT,29-SEP-2021,25.75,27.0,25.35,26.75,56542648,23990202,63961
TRIGYN,29-SEP-2021,108.75,110.4,105.35,108.7,42902,28486,1129
TRIL,29-SEP-2021,26.8,28.6,26.7,27.35,287826,109892,1446
TRITURBINE,29-SEP-2021,138.85,148.6,137.95,144.6,1058183,241011,22723
TRIVENI,29-SEP-2021,177.4,187.0,177.4,185.1,1758045,731217,27986
TTKHLTCARE,29-SEP-2021,669.8,670.0,656.2,665.4,6816,2774,818
TTKPRESTIG,29-SEP-2021,8860.0,9000.0,8765.0,8827.25,3120,1128,1775
TTL,29-SEP-2021,67.95,68.1,66.5,67.8,14544,10446,312
TV18BRDCST,29-SEP-2021,37.65,39.4,37.65,38.55,5910891,2004587,10857
TVSELECT,29-SEP-2021,166.3,170.6,160.25,166.55,32510,23333,748
TVSMOTOR,29-SEP-2021,550.2,557.35,543.05,550.75,966528,223942,33407
TVSSRICHAK,29-SEP-2021,2140.0,2184.2,2117.35,2160.4,5428,3349,1214
TVTODAY,29-SEP-2021,289.0,291.4,286.0,287.3,108830,72641,2790
TWL,29-SEP-2021,95.0,96.3,94.0,94.65,495054,212946,4496
UBL,29-SEP-2021,1557.1,1588.45,1540.35,1557.05,1053883,598032,34452
UCALFUEL,29-SEP-2021,152.9,156.4,150.35,152.55,40537,18815,2208
UCOBANK,29-SEP-2021,13.1,13.85,13.05,13.35,8088568,3109767,18032
UFLEX,29-SEP-2021,531.0,546.55,527.15,539.4,190618,70613,8287
UFO,29-SEP-2021,104.0,112.9,103.6,108.8,1522598,669435,21578
UGARSUGAR,29-SEP-2021,26.95,28.1,26.9,27.65,146577,93303,726
UGROCAP,29-SEP-2021,127.0,129.85,122.1,124.2,26532,20267,597
UJAAS,29-SEP-2021,2.85,3.0,2.85,2.95,1704219,1205717,777
UJJIVAN,29-SEP-2021,151.9,153.95,151.45,152.85,326705,152232,4002
UJJIVANSFB,29-SEP-2021,20.15,20.5,19.95,20.4,2741472,1429388,5751
ULTRACEMCO,29-SEP-2021,7550.0,7661.35,7440.0,7464.55,490626,300217,68822
UMANGDAIRY,29-SEP-2021,73.7,75.1,72.8,74.15,17284,8433,431
UMESLTD,29-SEP-2021,3.9,3.95,3.7,3.95,107254,82375,124
UNICHEMLAB,29-SEP-2021,271.0,275.1,266.5,273.7,148759,103510,7110
UNIDT,29-SEP-2021,336.0,348.5,330.5,344.0,25936,16405,866
UNIENTER,29-SEP-2021,125.9,127.5,125.0,126.1,4800,2795,217
UNIONBANK,29-SEP-2021,34.85,36.8,34.75,36.4,22449251,8466561,24740
UNITEDTEA,29-SEP-2021,394.6,394.6,389.0,390.45,1086,692,119
UNIVASTU,29-SEP-2021,45.5,47.9,45.5,46.3,3371,1563,112
UNIVCABLES,29-SEP-2021,166.65,167.95,162.5,164.45,41980,26326,975
UNIVPHOTO,29-SEP-2021,382.0,383.0,356.0,360.4,10113,6421,430
UPL,29-SEP-2021,711.9,722.9,709.0,717.15,2160616,1165535,53418
URJA,29-SEP-2021,6.2,6.3,6.15,6.25,1282902,763185,3360
USHAMART,29-SEP-2021,80.3,84.85,79.55,83.0,3189012,1254071,16576
UTIAMC,29-SEP-2021,1066.9,1075.0,1040.95,1047.65,309900,214118,19179
UTIBANKETF,29-SEP-2021,38.21,38.21,37.5,37.75,11606,7982,130
UTINEXT50,29-SEP-2021,44.98,44.98,43.9,44.19,3246,2300,160
UTINIFTETF,29-SEP-2021,1875.5,2084.96,1829.95,1859.55,3746,2733,443
UTISENSETF,29-SEP-2021,629.99,629.99,620.0,624.33,727,668,92
UTISXN50,29-SEP-2021,51.13,51.13,48.0,48.95,1966,929,88
V2RETAIL,29-SEP-2021,147.0,151.9,145.7,147.55,220185,143775,2319
VADILALIND,29-SEP-2021,1054.15,1057.3,1039.15,1042.55,5206,3490,561
VAIBHAVGBL,29-SEP-2021,704.0,713.25,694.05,700.6,156265,98902,10332
VAISHALI,29-SEP-2021,37.0,37.5,36.9,37.1,82133,43794,416
VAKRANGEE,29-SEP-2021,41.0,41.95,40.3,41.35,5411489,2296876,9816
VALIANTORG,29-SEP-2021,1370.7,1400.0,1370.0,1392.35,15954,8855,1929
VARDHACRLC,29-SEP-2021,62.15,63.45,61.5,62.8,85128,45008,1526
VARROC,29-SEP-2021,291.05,301.25,291.05,294.8,183434,57951,6615
VASCONEQ,29-SEP-2021,25.35,25.95,24.6,25.45,968831,442764,3490
VASWANI,29-SEP-2021,11.65,11.65,11.05,11.45,38171,27127,98
VBL,29-SEP-2021,906.65,917.95,895.1,900.1,320497,192700,21811
VEDL,29-SEP-2021,288.9,295.15,287.0,292.15,7701691,2404238,45418
VENKEYS,29-SEP-2021,2920.1,2948.75,2880.0,2896.0,51042,18437,7267
VENUSREM,29-SEP-2021,449.0,459.0,447.05,452.95,49269,17095,4374
VERTOZ,29-SEP-2021,98.95,102.5,97.2,100.8,125240,57656,2983
VESUVIUS,29-SEP-2021,1133.25,1157.05,1120.1,1152.05,7742,4081,2115
VETO,29-SEP-2021,100.1,109.15,100.1,104.05,201330,58434,5285
VGUARD,29-SEP-2021,259.0,263.95,255.5,257.4,714255,282854,12995
VHL,29-SEP-2021,3076.0,3089.9,3000.0,3042.2,566,420,143
VIDHIING,29-SEP-2021,364.0,375.65,360.2,365.2,82982,28647,3610
VIJAYA,29-SEP-2021,575.0,575.0,550.55,565.55,262342,100290,15313
VIKASECO,29-SEP-2021,2.15,2.15,2.1,2.1,2570431,1014613,672
VIKASPROP,29-SEP-2021,2.15,2.2,2.1,2.2,723798,514999,1640
VIKASWSP,29-SEP-2021,4.95,5.05,4.85,5.0,386980,270259,341
VIMTALABS,29-SEP-2021,280.95,283.0,270.6,278.3,18523,10639,899
VINATIORGA,29-SEP-2021,1925.0,1927.8,1895.0,1918.95,222817,199136,11997
VINDHYATEL,29-SEP-2021,1091.0,1124.9,1090.0,1109.85,6855,4105,1256
VINEETLAB,29-SEP-2021,73.75,76.0,72.45,75.25,13593,9762,401
VINYLINDIA,29-SEP-2021,219.0,225.9,219.0,221.35,114270,27742,7086
VIPIND,29-SEP-2021,493.5,507.6,485.0,500.5,524040,191749,16379
VIPULLTD,29-SEP-2021,29.95,30.8,29.95,30.5,2930,2650,37
VISAKAIND,29-SEP-2021,676.7,682.5,665.9,667.95,29830,17831,5059
VISASTEEL,29-SEP-2021,10.95,12.05,10.95,12.05,65919,40646,322
VISHAL,29-SEP-2021,115.0,116.1,113.05,114.9,63981,47872,608
VISHNU,29-SEP-2021,730.0,755.0,711.0,742.05,8531,6136,589
VISHWARAJ,29-SEP-2021,145.9,146.9,144.05,145.9,71640,22168,1341
VIVIDHA,29-SEP-2021,0.75,0.8,0.75,0.8,1673696,700774,930
VIVIMEDLAB,29-SEP-2021,20.25,20.6,20.0,20.35,70323,48116,544
VLSFINANCE,29-SEP-2021,198.95,198.95,192.1,194.15,42128,23673,1307
VMART,29-SEP-2021,3475.0,3579.45,3474.7,3523.7,12242,4645,4336
VOLTAMP,29-SEP-2021,1460.0,1460.0,1428.4,1436.25,7471,3680,1447
VOLTAS,29-SEP-2021,1207.0,1223.75,1197.5,1205.2,696580,354970,25638
VRLLOG,29-SEP-2021,375.0,383.95,372.35,375.7,68912,20537,4379
VSSL,29-SEP-2021,232.8,246.0,229.8,239.6,126958,44629,5130
VSTIND,29-SEP-2021,3352.0,3454.9,3322.0,3351.85,14547,7311,3348
VSTTILLERS,29-SEP-2021,2641.0,2675.0,2611.0,2664.55,5863,3009,1517
VTL,29-SEP-2021,1818.0,1818.0,1771.75,1785.1,26414,13437,4163
WABAG,29-SEP-2021,344.0,347.6,340.0,340.6,133627,61914,5294
WABCOINDIA,29-SEP-2021,7040.0,7191.0,7040.0,7154.8,10248,4993,1740
WALCHANNAG,29-SEP-2021,56.8,58.9,56.6,58.45,218672,85709,3298
WATERBASE,29-SEP-2021,113.9,115.4,113.0,114.05,88742,44212,1840
WEBELSOLAR,29-SEP-2021,67.3,67.95,65.5,65.8,583119,307179,6967
WEIZMANIND,29-SEP-2021,45.45,48.7,45.45,47.6,10982,5880,657
WELCORP,29-SEP-2021,126.65,128.9,125.65,128.2,998176,529987,9646
WELENT,29-SEP-2021,101.9,104.9,101.25,104.1,187219,102886,3370
WELINV,29-SEP-2021,322.0,329.85,322.0,328.0,98,87,19
WELSPUNIND,29-SEP-2021,160.6,166.9,160.1,165.4,3227373,1398523,27132
WENDT,29-SEP-2021,4400.0,4400.0,4310.0,4350.25,477,254,181
WESTLIFE,29-SEP-2021,564.2,570.25,551.1,562.75,61089,20329,4769
WHEELS,29-SEP-2021,769.0,769.25,754.95,757.6,18200,14674,1536
WHIRLPOOL,29-SEP-2021,2274.95,2315.35,2256.95,2292.65,65625,35663,9160
WILLAMAGOR,29-SEP-2021,20.8,20.8,19.65,20.0,34654,23483,126
WINDLAS,29-SEP-2021,361.0,367.8,360.0,360.75,78570,27519,6021
WINDMACHIN,29-SEP-2021,28.0,28.9,27.9,28.55,27010,19388,217
WIPRO,29-SEP-2021,629.95,646.5,627.35,640.75,8839566,4067336,178469
WOCKPHARMA,29-SEP-2021,434.0,456.7,431.0,445.05,1158348,267627,27727
WONDERLA,29-SEP-2021,239.0,248.6,239.0,242.6,232710,104134,7261
WORTH,29-SEP-2021,87.45,87.45,85.3,85.85,19835,15977,264
WSTCSTPAPR,29-SEP-2021,262.0,266.5,257.05,262.4,230631,93837,5552
XCHANGING,29-SEP-2021,108.5,111.45,108.5,109.45,257528,147543,3568
XPROINDIA,29-SEP-2021,507.0,534.4,494.5,526.65,135838,71262,4721
YAARII,29-SEP-2021,99.45,101.0,98.0,98.8,58757,36692,920
YESBANK,29-SEP-2021,12.65,12.85,12.2,12.3,195039117,90970132,134165
YUKEN,29-SEP-2021,585.1,599.85,570.0,591.35,8093,2144,1255
ZEEL,29-SEP-2021,306.0,312.7,304.0,309.9,26734801,11361415,149399
ZEELEARN,29-SEP-2021,14.6,14.85,14.35,14.45,1908997,1214643,3351
ZEEMEDIA,29-SEP-2021,12.4,13.25,12.2,13.25,4993440,3288227,4558
ZENITHEXPO,29-SEP-2021,87.8,87.95,84.6,84.9,5598,4264,162
ZENSARTECH,29-SEP-2021,483.9,504.25,477.75,488.45,1005038,366830,36630
ZENTEC,29-SEP-2021,197.0,213.85,197.0,206.2,1496085,554877,39781
ZODIACLOTH,29-SEP-2021,112.65,128.5,112.0,114.85,69677,36610,1183
ZOMATO,29-SEP-2021,138.0,139.5,136.5,138.5,10801439,4422367,83843
ZOTA,29-SEP-2021,378.6,385.5,375.95,381.2,20313,11801,1008
ZYDUSWELL,29-SEP-2021,2385.0,2385.0,2341.4,2357.6,15701,6972,2914
