20MICRONS,05-OCT-2021,60.65,61.4,60.0,60.25,106172,78936,983
21STCENMGM,05-OCT-2021,51.15,51.15,51.15,51.15,23138,23133,47
3MINDIA,05-OCT-2021,25435.9,25769.25,25195.2,25254.55,22642,21608,1140
5PAISA,05-OCT-2021,465.5,480.0,465.5,467.3,29710,12622,3350
63MOONS,05-OCT-2021,92.15,96.15,91.5,94.05,108151,52313,2139
A2ZINFRA,05-OCT-2021,4.25,4.35,4.2,4.25,565222,300770,368
AAKASH,05-OCT-2021,217.3,227.0,215.25,223.6,69245,36969,804
AAREYDRUGS,05-OCT-2021,37.95,38.0,36.6,37.5,64654,43404,519
AARON,05-OCT-2021,104.5,108.2,103.85,108.2,11629,10520,240
AARTIDRUGS,05-OCT-2021,609.8,634.4,607.05,625.3,613426,211414,26736
AARTIIND,05-OCT-2021,1030.0,1073.6,1009.6,1066.2,4383093,1020297,125254
AARTISURF,05-OCT-2021,1495.0,1517.0,1482.05,1498.55,17099,9911,2322
AARVEEDEN,05-OCT-2021,23.5,24.15,22.25,24.0,42678,29270,241
AARVI,05-OCT-2021,62.45,65.75,62.2,65.35,67029,54912,866
AAVAS,05-OCT-2021,2561.0,2625.95,2561.0,2598.7,33026,16945,9160
ABAN,05-OCT-2021,44.4,47.35,43.55,47.35,876486,410257,4514
ABB,05-OCT-2021,1858.0,1905.6,1858.0,1877.95,159998,126147,7534
ABBOTINDIA,05-OCT-2021,23200.0,23934.45,23100.0,23184.5,82214,17069,30655
ABCAPITAL,05-OCT-2021,111.25,113.25,110.55,110.9,3147728,1314919,19424
ABFRL,05-OCT-2021,240.8,259.4,238.65,255.6,11071898,2261150,89641
ABMINTLLTD,05-OCT-2021,138.25,138.25,138.25,138.25,1947,1946,38
ABSLBANETF,05-OCT-2021,378.0,385.0,372.95,376.39,1181,126,57
ABSLNN50ET,05-OCT-2021,432.0,443.99,432.0,439.86,893,846,46
ACC,05-OCT-2021,2253.15,2284.0,2253.15,2263.7,251071,88138,19606
ACCELYA,05-OCT-2021,1335.0,1345.0,1304.35,1309.85,37347,21679,5851
ACCURACY,05-OCT-2021,135.5,144.0,131.85,133.45,118211,41391,4223
ACE,05-OCT-2021,267.95,274.9,265.5,271.35,1020671,361647,21998
ACRYSIL,05-OCT-2021,791.0,791.0,767.1,773.95,65364,42971,5646
ADANIENT,05-OCT-2021,1515.0,1557.85,1512.35,1527.65,2544835,434243,56806
ADANIGREEN,05-OCT-2021,1203.0,1230.0,1199.3,1222.2,583547,328259,36344
ADANIPORTS,05-OCT-2021,744.15,753.8,742.0,743.95,3270764,841108,48463
ADANIPOWER,05-OCT-2021,102.8,106.8,101.75,106.5,18388056,8659949,101231
ADFFOODS,05-OCT-2021,896.9,899.8,877.1,890.75,8981,4602,1380
ADORWELD,05-OCT-2021,705.0,745.0,683.85,740.1,83231,37605,4512
ADSL,05-OCT-2021,75.6,82.8,75.0,82.8,1723612,814432,13266
ADVANIHOTR,05-OCT-2021,83.5,84.25,82.0,82.45,23296,11671,741
ADVENZYMES,05-OCT-2021,388.7,394.0,387.0,389.0,264097,97158,10109
AEGISCHEM,05-OCT-2021,230.85,232.95,229.25,230.15,691195,398263,17650
AFFLE,05-OCT-2021,5649.0,5889.9,5645.0,5743.35,161892,84661,27458
AGARIND,05-OCT-2021,356.0,373.8,356.0,373.8,49541,44816,816
AGROPHOS,05-OCT-2021,15.6,16.15,15.6,15.8,54244,35139,265
AHLADA,05-OCT-2021,152.15,162.55,151.3,161.95,60786,42578,1363
AHLEAST,05-OCT-2021,182.0,189.0,182.0,186.0,8721,5016,310
AHLUCONT,05-OCT-2021,358.25,362.0,355.85,357.5,14654,9350,1206
AHLWEST,05-OCT-2021,277.9,281.45,251.35,278.3,7327,4355,298
AIAENG,05-OCT-2021,1956.95,1956.95,1915.15,1935.95,393459,382948,4660
AJANTPHARM,05-OCT-2021,2297.0,2297.0,2259.1,2264.55,54272,40090,4333
AJOONI,05-OCT-2021,60.0,60.5,57.0,59.5,144128,93517,900
AKASH,05-OCT-2021,219.0,233.0,214.0,228.6,145543,53408,4394
AKG,05-OCT-2021,24.4,25.5,24.4,25.45,9052,8668,76
AKSHARCHEM,05-OCT-2021,451.8,538.05,450.0,534.75,687454,171042,32276
AKZOINDIA,05-OCT-2021,2239.0,2271.0,2234.55,2266.2,7088,4268,1415
ALANKIT,05-OCT-2021,18.6,19.1,18.55,18.85,3090499,974114,4613
ALBERTDAVD,05-OCT-2021,605.9,625.8,605.0,610.8,29563,14057,2553
ALEMBICLTD,05-OCT-2021,115.3,116.5,114.6,115.1,200712,84846,2798
ALICON,05-OCT-2021,771.4,779.8,765.4,768.7,8591,5543,913
ALKALI,05-OCT-2021,105.0,111.7,101.5,103.4,1791652,513274,23274
ALKEM,05-OCT-2021,3962.0,3987.0,3886.25,3970.4,162567,97110,19292
ALKYLAMINE,05-OCT-2021,3830.55,4040.0,3824.4,3991.2,186471,84653,26841
ALLCARGO,05-OCT-2021,292.95,318.0,290.4,298.1,3197852,1119300,40807
ALLSEC,05-OCT-2021,420.95,424.35,414.9,417.4,6990,4687,484
ALMONDZ,05-OCT-2021,102.8,105.05,100.5,105.0,37182,31092,432
ALOKINDS,05-OCT-2021,24.1,25.1,24.05,24.45,13084954,4991755,17919
ALPA,05-OCT-2021,56.45,59.75,54.0,57.5,237711,133837,2471
ALPHAGEO,05-OCT-2021,465.0,511.25,461.0,481.05,382952,97990,25702
AMARAJABAT,05-OCT-2021,767.0,771.3,762.65,765.5,895931,352497,26718
AMBER,05-OCT-2021,3394.0,3445.9,3363.25,3383.3,53669,21445,11008
AMBICAAGAR,05-OCT-2021,17.05,18.4,17.05,18.25,47191,34408,205
AMBIKCO,05-OCT-2021,1799.9,1822.0,1780.2,1815.0,24894,12628,4094
AMBUJACEM,05-OCT-2021,406.45,407.6,402.8,403.65,2505330,1480614,32016
AMDIND,05-OCT-2021,27.9,28.8,27.0,28.8,46894,35002,214
AMIORG,05-OCT-2021,1319.0,1368.8,1301.0,1328.3,644858,148044,32997
AMJLAND,05-OCT-2021,37.75,38.0,36.5,36.95,64408,41823,801
AMRUTANJAN,05-OCT-2021,829.0,834.8,819.95,828.0,56661,23039,5559
ANANTRAJ,05-OCT-2021,77.3,78.35,74.9,75.65,445422,300763,2456
ANDHRAPAP,05-OCT-2021,235.8,250.0,234.45,243.85,223419,117667,6605
ANDHRSUGAR,05-OCT-2021,666.0,676.0,663.0,667.35,190155,86283,8424
ANDREWYU,05-OCT-2021,25.6,29.45,25.5,28.15,2538331,1078525,12511
ANGELBRKG,05-OCT-2021,1404.0,1415.0,1360.0,1371.8,516226,166882,29912
ANIKINDS,05-OCT-2021,17.95,18.2,17.8,18.1,30256,30230,78
ANMOL,05-OCT-2021,155.0,155.8,154.0,154.4,64443,30973,1464
ANSALAPI,05-OCT-2021,9.0,9.2,8.95,8.95,216748,172462,276
ANSALHSG,05-OCT-2021,6.4,6.55,6.4,6.5,40389,33386,136
ANUP,05-OCT-2021,970.0,990.0,954.8,976.4,20558,9623,3800
ANURAS,05-OCT-2021,789.45,798.25,785.0,786.95,60751,27920,4407
APARINDS,05-OCT-2021,647.45,679.9,645.05,664.9,409185,175456,19703
APCL,05-OCT-2021,394.9,397.5,391.0,393.35,20131,13142,1577
APCOTEXIND,05-OCT-2021,431.5,444.3,429.0,431.4,207774,91887,9340
APEX,05-OCT-2021,293.0,321.7,293.0,315.6,749154,216809,29980
APLAPOLLO,05-OCT-2021,865.0,876.5,850.0,853.0,503854,358326,42153
APLLTD,05-OCT-2021,798.9,798.9,786.55,787.4,135258,59736,5227
APOLLO,05-OCT-2021,125.5,125.5,122.5,123.15,152117,93962,4531
APOLLOHOSP,05-OCT-2021,4571.0,4576.85,4469.05,4482.4,425555,173736,31067
APOLLOPIPE,05-OCT-2021,1814.75,1930.0,1804.7,1882.9,121661,79839,9081
APOLLOTYRE,05-OCT-2021,227.0,228.25,224.8,225.25,1776081,574577,20822
APOLSINHOT,05-OCT-2021,815.0,815.0,772.6,788.25,5113,3283,357
APTECHT,05-OCT-2021,309.9,322.85,309.15,311.3,468675,148771,16368
APTUS,05-OCT-2021,312.35,341.9,309.05,339.15,1762675,826765,41023
ARCHIDPLY,05-OCT-2021,32.8,33.35,32.25,32.85,9857,7723,131
ARENTERP,05-OCT-2021,31.5,31.5,28.75,30.05,21451,12663,292
ARIES,05-OCT-2021,149.0,152.5,146.9,147.55,87038,60232,2137
ARIHANT,05-OCT-2021,26.95,27.2,26.0,26.5,11332,6920,235
ARIHANTCAP,05-OCT-2021,138.7,140.0,136.65,138.15,47290,30005,696
ARIHANTSUP,05-OCT-2021,148.6,163.45,146.95,161.3,494431,242113,8856
ARMANFIN,05-OCT-2021,897.0,997.9,878.0,984.75,124806,42309,16801
AROGRANITE,05-OCT-2021,63.1,65.0,63.1,63.75,42169,30468,677
ARROWGREEN,05-OCT-2021,125.0,125.2,118.05,120.1,12117,7755,403
ARSHIYA,05-OCT-2021,28.4,28.4,27.8,27.95,64650,51599,291
ARSSINFRA,05-OCT-2021,28.0,29.4,28.0,29.4,55443,34229,422
ARTEMISMED,05-OCT-2021,38.6,38.95,37.8,38.6,180436,132730,1862
ARVIND,05-OCT-2021,103.55,111.4,103.55,108.7,8673171,2809240,60865
ARVINDFASN,05-OCT-2021,286.35,344.0,284.0,344.0,3026427,1171378,55787
ARVSMART,05-OCT-2021,175.0,183.65,174.0,179.7,196598,102397,5973
ASAHIINDIA,05-OCT-2021,361.4,372.0,360.0,370.85,115505,71140,5299
ASAHISONG,05-OCT-2021,348.0,376.8,345.0,374.8,117852,66125,3635
ASALCBR,05-OCT-2021,453.0,488.0,446.55,472.55,469464,209298,17328
ASHAPURMIN,05-OCT-2021,135.0,138.15,131.6,138.15,330715,213124,2139
ASHIANA,05-OCT-2021,194.15,200.95,194.1,198.7,116830,55603,6454
ASHIMASYN,05-OCT-2021,17.75,18.5,17.0,17.6,109686,59126,433
ASHOKA,05-OCT-2021,98.8,101.5,98.4,101.0,1539281,619996,12337
ASHOKLEY,05-OCT-2021,130.0,133.2,129.45,132.25,13242500,4241306,61939
ASIANHOTNR,05-OCT-2021,92.4,92.4,90.2,91.0,17998,8980,430
ASIANPAINT,05-OCT-2021,3208.55,3260.0,3191.65,3254.75,909337,353380,71023
ASIANTILES,05-OCT-2021,168.25,174.0,166.0,171.7,1154745,449528,12974
ASPINWALL,05-OCT-2021,180.1,190.0,179.95,186.65,12603,6106,772
ASTEC,05-OCT-2021,1306.65,1321.0,1290.0,1300.15,11658,5858,2000
ASTERDM,05-OCT-2021,211.45,218.0,210.5,212.35,1005177,345521,23132
ASTRAL,05-OCT-2021,2359.0,2433.8,2345.4,2365.35,573532,228107,53127
ASTRAMICRO,05-OCT-2021,207.1,209.9,203.2,204.45,483487,198377,7655
ASTRAZEN,05-OCT-2021,3120.05,3120.25,3101.35,3112.6,7047,4063,1568
ASTRON,05-OCT-2021,57.75,62.55,57.75,61.7,749051,298482,8864
ATFL,05-OCT-2021,1025.75,1039.4,1002.6,1011.25,6400,3874,766
ATUL,05-OCT-2021,10147.75,10199.0,9826.0,9909.35,20588,7475,7641
ATULAUTO,05-OCT-2021,226.75,235.5,225.65,229.05,401607,139288,13263
AUBANK,05-OCT-2021,1185.0,1215.7,1171.0,1213.0,1151917,310478,48258
AUROPHARMA,05-OCT-2021,732.3,734.9,718.2,724.0,2241909,862028,87763
AUTOAXLES,05-OCT-2021,1251.0,1262.85,1229.95,1245.1,13455,7871,1881
AUTOIND,05-OCT-2021,56.2,58.7,56.15,57.1,18320,11102,315
AVADHSUGAR,05-OCT-2021,473.65,479.9,460.0,464.05,183014,75085,8921
AVANTIFEED,05-OCT-2021,555.0,579.0,554.5,574.0,688358,223319,28923
AVTNPL,05-OCT-2021,81.85,86.0,81.25,83.45,281737,116821,5666
AWHCL,05-OCT-2021,349.8,359.7,349.0,357.5,455541,229995,11943
AXISBANK,05-OCT-2021,774.4,784.0,771.2,782.6,3945224,1749195,92023
AXISBNKETF,05-OCT-2021,379.0,380.52,374.08,380.0,380,251,48
AXISBPSETF,05-OCT-2021,10.36,10.39,10.35,10.37,1268685,1258039,169
AXISCADES,05-OCT-2021,93.05,93.05,85.6,88.15,1066943,457786,6607
AXISCETF,05-OCT-2021,71.06,73.2,71.06,71.3,7220,6008,144
AXISGOLD,05-OCT-2021,40.57,40.57,40.35,40.37,94831,71899,4602
AXISHCETF,05-OCT-2021,90.48,90.75,89.25,89.52,7081,6066,268
AXISNIFTY,05-OCT-2021,184.3,187.55,184.3,187.38,6224,4997,156
AXISTECETF,05-OCT-2021,355.94,358.5,348.0,356.99,8780,5845,293
AYMSYNTEX,05-OCT-2021,114.75,119.2,113.15,116.65,78093,40971,3163
BAFNAPH,05-OCT-2021,128.0,129.5,127.25,128.4,2958,1945,67
BAJAJ-AUTO,05-OCT-2021,3824.45,3873.9,3820.0,3864.0,287612,131635,19296
BAJAJCON,05-OCT-2021,255.55,258.0,253.55,255.25,394985,230875,8050
BAJAJELEC,05-OCT-2021,1315.0,1327.85,1280.0,1283.7,163627,81633,15093
BAJAJFINSV,05-OCT-2021,17754.0,17950.0,17525.0,17847.5,268163,41654,47112
BAJAJHLDNG,05-OCT-2021,4950.0,4950.0,4801.0,4836.6,44484,14210,8931
BAJFINANCE,05-OCT-2021,7683.0,7765.0,7634.1,7724.2,773243,226772,74753
BALAJITELE,05-OCT-2021,67.95,69.3,65.7,66.5,659062,234257,7092
BALAMINES,05-OCT-2021,4725.0,4805.0,4625.0,4687.5,110261,56388,14704
BALAXI,05-OCT-2021,570.0,574.65,568.0,569.85,2118,1374,167
BALKRISIND,05-OCT-2021,2522.3,2546.15,2506.6,2537.2,397877,277889,25046
BALMLAWRIE,05-OCT-2021,129.75,132.7,129.4,131.6,569253,265051,7355
BALPHARMA,05-OCT-2021,104.0,104.5,102.0,102.95,55218,32249,2521
BALRAMCHIN,05-OCT-2021,394.5,394.5,381.0,384.5,1514770,587868,37116
BANARBEADS,05-OCT-2021,64.25,66.0,63.65,65.0,17447,12448,548
BANARISUG,05-OCT-2021,2340.0,2407.0,2266.6,2345.2,4537,2590,788
BANCOINDIA,05-OCT-2021,194.3,198.7,194.3,195.9,128339,58896,5672
BANDHANBNK,05-OCT-2021,295.1,299.5,292.75,298.4,3484521,1078972,35194
BANKBARODA,05-OCT-2021,83.95,84.9,82.65,83.35,27059658,5883149,58096
BANKBEES,05-OCT-2021,379.12,381.4,356.4,380.53,381322,252439,6844
BANKINDIA,05-OCT-2021,58.0,58.5,57.3,57.5,6895984,2846608,20086
BANSWRAS,05-OCT-2021,177.25,177.25,171.0,177.25,200314,152698,1266
BARBEQUE,05-OCT-2021,1109.9,1121.0,1095.0,1097.75,69935,35070,5412
BASF,05-OCT-2021,3577.7,3615.0,3538.85,3578.55,58771,25692,8031
BASML,05-OCT-2021,69.0,71.2,67.0,67.65,159755,101815,1564
BATAINDIA,05-OCT-2021,1869.85,1875.0,1841.4,1856.55,764129,293167,29801
BAYERCROP,05-OCT-2021,5249.4,5288.8,5201.1,5211.2,26201,18729,4731
BBL,05-OCT-2021,1344.6,1355.25,1334.2,1341.3,8811,5037,1255
BBTC,05-OCT-2021,1172.0,1192.95,1165.15,1177.25,100558,30558,7177
BCLIND,05-OCT-2021,230.5,240.85,230.0,236.8,91646,55967,4774
BCP,05-OCT-2021,3.8,4.0,3.8,3.9,290480,223750,350
BDL,05-OCT-2021,377.7,385.35,376.0,376.8,447969,324083,11921
BEARDSELL,05-OCT-2021,13.6,13.7,12.65,13.7,40094,17466,96
BECTORFOOD,05-OCT-2021,410.65,414.0,406.6,411.7,154654,101812,4158
BEDMUTHA,05-OCT-2021,38.95,38.95,36.15,37.35,30633,20752,344
BEL,05-OCT-2021,206.8,207.65,204.55,205.85,6244510,2594575,73356
BEML,05-OCT-2021,1417.15,1471.0,1417.15,1453.2,457392,168433,19331
BEPL,05-OCT-2021,197.7,213.6,196.5,210.55,7384203,2607124,71664
BERGEPAINT,05-OCT-2021,819.4,828.0,815.6,825.45,404939,137575,17575
BESTAGRO,05-OCT-2021,784.25,795.5,778.8,789.2,33480,12437,785
BFINVEST,05-OCT-2021,363.4,370.0,363.0,364.1,17431,5385,1200
BFUTILITIE,05-OCT-2021,432.95,444.8,431.25,432.65,140390,46196,4150
BGRENERGY,05-OCT-2021,66.5,73.4,65.5,72.3,2152146,712522,22290
BHAGERIA,05-OCT-2021,294.55,320.0,294.55,310.1,905790,259841,33726
BHAGYANGR,05-OCT-2021,48.65,50.8,48.65,49.7,96028,65881,640
BHAGYAPROP,05-OCT-2021,29.6,30.0,29.6,29.75,4549,2389,43
BHANDARI,05-OCT-2021,3.4,3.4,3.2,3.2,415304,208298,1227
BHARATFORG,05-OCT-2021,735.75,735.75,720.3,722.9,2455538,1163682,57024
BHARATGEAR,05-OCT-2021,148.95,159.6,148.95,156.8,128671,80117,2329
BHARATRAS,05-OCT-2021,12339.0,12730.9,12200.0,12575.15,3706,1173,1933
BHARTIARTL,05-OCT-2021,684.4,703.45,680.4,699.25,25598885,12409556,225313
BHEL,05-OCT-2021,65.55,68.0,65.35,66.25,59198873,11064617,110735
BIGBLOC,05-OCT-2021,122.65,123.0,120.0,121.0,24675,16430,282
BIL,05-OCT-2021,235.0,242.15,223.1,229.2,8602,4143,370
BINDALAGRO,05-OCT-2021,23.2,23.8,23.0,23.2,265908,158905,1959
BIOCON,05-OCT-2021,365.6,367.45,361.5,362.0,1114071,352844,18056
BIOFILCHEM,05-OCT-2021,64.15,64.15,63.45,63.75,28632,19741,576
BIRLACORPN,05-OCT-2021,1397.7,1404.35,1375.0,1395.05,85876,53167,8461
BIRLAMONEY,05-OCT-2021,63.3,63.5,62.25,62.8,73763,49855,1043
BIRLATYRE,05-OCT-2021,24.2,24.2,24.0,24.05,177597,126668,1160
BLBLIMITED,05-OCT-2021,10.2,10.35,9.9,10.1,47404,27561,212
BLISSGVS,05-OCT-2021,110.4,111.5,110.0,110.2,160377,77004,2140
BLKASHYAP,05-OCT-2021,30.0,31.75,28.8,30.75,2089978,1218116,5764
BLS,05-OCT-2021,268.4,278.0,264.7,269.0,466901,238782,9905
BLUEDART,05-OCT-2021,6330.0,6494.0,6330.0,6431.25,16470,6400,4624
BLUESTARCO,05-OCT-2021,884.8,894.3,875.55,881.1,37714,14210,4458
BODALCHEM,05-OCT-2021,130.0,149.95,129.45,142.25,14891757,3531704,134100
BOMDYEING,05-OCT-2021,93.55,96.45,93.5,95.0,3259006,753832,16765
BOROLTD,05-OCT-2021,221.9,229.65,220.05,227.45,192585,105773,6388
BORORENEW,05-OCT-2021,328.4,337.05,323.05,337.05,604769,334764,6737
BOSCHLTD,05-OCT-2021,15500.0,15572.0,15400.0,15473.4,23529,15162,3367
BPCL,05-OCT-2021,435.85,445.5,435.7,443.85,9010146,4653649,101547
BRIGADE,05-OCT-2021,427.05,445.0,426.7,442.3,699092,203092,19756
BRITANNIA,05-OCT-2021,3894.0,3905.25,3865.5,3882.2,131731,61545,15476
BRNL,05-OCT-2021,29.15,31.8,28.5,30.95,245241,118488,1847
BROOKS,05-OCT-2021,140.0,144.0,133.1,135.6,87026,65674,972
BSE,05-OCT-2021,1234.8,1281.6,1225.05,1263.45,677207,251177,27046
BSL,05-OCT-2021,62.5,64.0,62.5,63.4,16342,10500,293
BSLGOLDETF,05-OCT-2021,4264.95,4272.55,4250.05,4258.7,72,39,40
BSLNIFTY,05-OCT-2021,196.5,197.84,195.71,197.32,1137,677,50
BSOFT,05-OCT-2021,406.5,412.2,405.0,410.95,1278602,713894,27878
BURGERKING,05-OCT-2021,162.5,163.9,162.15,162.5,802981,380566,9387
BUTTERFLY,05-OCT-2021,999.0,1024.0,974.4,998.3,52292,36768,4208
BYKE,05-OCT-2021,31.75,35.0,31.6,34.6,311777,154514,1423
CADILAHC,05-OCT-2021,562.0,567.05,555.6,563.95,1434639,526918,22026
CALSOFT,05-OCT-2021,26.9,29.7,26.9,29.7,526725,341381,1436
CAMLINFINE,05-OCT-2021,201.0,207.95,200.55,205.2,883746,387589,15751
CAMS,05-OCT-2021,3154.0,3170.2,3100.0,3107.15,569386,287055,70308
CANBK,05-OCT-2021,182.0,183.4,178.2,179.75,16562629,4172424,68018
CANFINHOME,05-OCT-2021,710.4,714.9,696.0,699.7,1137539,275276,24180
CANTABIL,05-OCT-2021,617.0,632.5,605.2,620.7,25105,13086,1071
CAPACITE,05-OCT-2021,173.95,187.3,172.65,184.4,1068663,548053,11685
CAPLIPOINT,05-OCT-2021,890.0,930.0,888.0,904.8,598979,148154,31644
CAPTRUST,05-OCT-2021,95.0,95.0,94.0,94.3,3784,3176,74
CARBORUNIV,05-OCT-2021,890.0,892.6,875.0,879.7,163804,125326,13207
CAREERP,05-OCT-2021,160.95,165.0,158.3,159.1,43107,31677,1030
CARERATING,05-OCT-2021,685.15,699.0,684.0,684.45,67110,40988,3742
CARTRADE,05-OCT-2021,1315.8,1353.9,1310.5,1336.75,212061,110906,18534
CASTROLIND,05-OCT-2021,140.6,141.95,139.3,141.2,736401,395510,11820
CCL,05-OCT-2021,390.0,394.0,388.0,389.05,372099,272690,14434
CEATLTD,05-OCT-2021,1342.8,1354.35,1331.0,1339.9,94184,31069,7049
CELEBRITY,05-OCT-2021,9.7,9.95,9.5,9.8,33133,25087,186
CENTENKA,05-OCT-2021,456.0,464.0,453.15,461.05,34504,22644,2821
CENTEXT,05-OCT-2021,9.2,9.65,9.2,9.65,323021,273501,608
CENTRALBK,05-OCT-2021,22.4,23.8,22.2,22.7,9965529,2545525,11653
CENTRUM,05-OCT-2021,37.0,40.75,36.85,38.85,3884901,1772336,14618
CENTUM,05-OCT-2021,484.8,574.95,481.0,546.95,320635,78993,20118
CENTURYPLY,05-OCT-2021,484.0,486.0,472.35,480.1,138577,66112,11222
CENTURYTEX,05-OCT-2021,916.6,938.9,916.6,932.35,247336,50560,9512
CERA,05-OCT-2021,5250.0,5369.0,5247.95,5304.7,7366,1996,2055
CEREBRAINT,05-OCT-2021,56.15,57.0,55.25,56.3,387041,141115,4251
CESC,05-OCT-2021,92.6,94.2,92.3,93.0,8007115,3621769,48112
CGCL,05-OCT-2021,533.7,537.75,526.0,530.85,26722,10252,3797
CHALET,05-OCT-2021,238.9,245.0,236.0,240.95,277595,127897,10991
CHAMBLFERT,05-OCT-2021,335.95,349.9,335.95,345.1,1078987,349568,28967
CHEMBOND,05-OCT-2021,226.9,239.6,226.9,234.1,98784,38640,3719
CHEMCON,05-OCT-2021,447.4,477.0,447.1,461.75,908806,382861,27643
CHEMFAB,05-OCT-2021,192.65,203.0,190.0,200.2,340503,263886,3872
CHEMPLASTS,05-OCT-2021,678.0,732.8,676.0,698.2,3582316,1286575,107170
CHENNPETRO,05-OCT-2021,123.95,127.8,123.7,125.75,895379,330056,9181
CHOLAFIN,05-OCT-2021,564.0,567.15,555.5,558.75,1954471,935000,31751
CHOLAHLDNG,05-OCT-2021,707.95,707.95,688.7,693.6,12800,5313,1869
CIGNITITEC,05-OCT-2021,594.0,603.25,574.6,584.6,110562,53650,5730
CIPLA,05-OCT-2021,961.8,961.9,928.45,934.55,4986700,2375257,130470
CLEAN,05-OCT-2021,2133.95,2159.9,2105.9,2134.2,282509,94465,19588
CLEDUCATE,05-OCT-2021,74.2,77.0,72.9,73.9,125812,77839,1457
CLNINDIA,05-OCT-2021,574.45,624.75,570.55,616.7,531404,168555,29093
CLSEL,05-OCT-2021,124.75,124.75,120.3,121.8,67815,45128,1721
CMICABLES,05-OCT-2021,51.0,52.4,47.0,47.8,560414,274601,7113
COALINDIA,05-OCT-2021,191.0,198.9,190.4,197.95,42359592,10760067,238860
COCHINSHIP,05-OCT-2021,360.5,364.5,358.2,361.45,160837,78327,6585
COFFEEDAY,05-OCT-2021,32.0,32.5,31.25,32.2,982962,640738,3368
COFORGE,05-OCT-2021,5320.0,5411.35,5243.05,5382.4,256979,70580,28025
COLPAL,05-OCT-2021,1681.9,1688.15,1672.35,1680.5,233339,133666,17061
COMPINFO,05-OCT-2021,26.1,26.9,25.6,26.35,383505,195025,2112
COMPUSOFT,05-OCT-2021,16.7,16.7,16.7,16.7,75429,75427,201
CONCOR,05-OCT-2021,710.85,716.4,701.0,709.1,1460282,645487,28030
CONFIPET,05-OCT-2021,85.95,93.35,85.0,91.25,4033127,1842077,24974
CONSOFINVT,05-OCT-2021,141.8,147.95,136.25,147.95,2338781,2210263,861
CONTROLPR,05-OCT-2021,331.5,331.5,325.9,329.4,16309,10210,668
CORALFINAC,05-OCT-2021,44.6,47.4,44.0,45.85,350147,159409,1503
CORDSCABLE,05-OCT-2021,53.05,54.95,53.05,54.65,42620,26647,700
COROMANDEL,05-OCT-2021,800.0,830.0,799.3,827.05,883386,383002,38469
COSMOFILMS,05-OCT-2021,1450.0,1491.55,1441.0,1477.3,49899,19904,5187
COUNCODOS,05-OCT-2021,2.9,2.9,2.8,2.85,42475,32311,146
CPSEETF,05-OCT-2021,30.9,31.85,30.69,31.75,5007562,4164177,20670
CRAFTSMAN,05-OCT-2021,2115.0,2220.0,2103.3,2178.35,49575,25540,7796
CREATIVEYE,05-OCT-2021,3.75,3.85,3.75,3.85,5609,5609,4
CREDITACC,05-OCT-2021,651.0,675.0,647.55,665.9,127016,69841,8927
CRISIL,05-OCT-2021,2843.0,2895.2,2811.95,2869.85,23626,9279,4648
CROMPTON,05-OCT-2021,485.1,488.35,481.75,486.4,663412,406282,27448
CSBBANK,05-OCT-2021,319.7,319.7,311.05,313.55,152908,59450,5653
CTE,05-OCT-2021,57.1,57.75,55.0,55.75,105379,56055,960
CUB,05-OCT-2021,159.0,160.0,157.7,158.0,887948,409651,9454
CUBEXTUB,05-OCT-2021,25.5,25.5,25.5,25.5,11332,11331,43
CUMMINSIND,05-OCT-2021,890.0,903.55,885.4,899.85,1292721,587909,31796
CUPID,05-OCT-2021,239.4,242.0,234.3,235.4,55433,32602,2421
CYBERTECH,05-OCT-2021,162.45,164.5,161.0,161.95,60338,35949,2116
CYIENT,05-OCT-2021,1057.7,1065.8,1042.3,1054.7,301356,201404,19519
DAAWAT,05-OCT-2021,70.8,72.15,70.75,71.1,1309979,594131,8488
DABUR,05-OCT-2021,626.4,626.4,614.0,616.2,3156201,2199919,87467
DALBHARAT,05-OCT-2021,2110.0,2126.75,2065.0,2073.8,263821,144277,25737
DALMIASUG,05-OCT-2021,479.0,480.0,461.0,463.45,239439,126887,11617
DANGEE,05-OCT-2021,190.75,191.0,189.0,189.5,1242,225,31
DATAMATICS,05-OCT-2021,305.4,326.0,305.0,322.85,778148,416658,16730
DBCORP,05-OCT-2021,98.95,105.0,98.05,102.4,696617,290224,11587
DBL,05-OCT-2021,576.4,608.7,567.7,598.95,1439974,648279,39050
DBREALTY,05-OCT-2021,29.15,30.3,28.65,28.95,948178,603411,4383
DCAL,05-OCT-2021,222.45,243.5,221.1,238.5,5903740,1704838,73691
DCBBANK,05-OCT-2021,90.55,90.75,90.05,90.3,1766116,1349452,6215
DCMNVL,05-OCT-2021,244.75,245.75,240.0,241.5,128507,88516,1761
DCMSHRIRAM,05-OCT-2021,1164.8,1181.7,1125.0,1161.85,194527,74579,20432
DCW,05-OCT-2021,53.5,64.0,53.35,63.45,38238676,8583028,95241
DECCANCE,05-OCT-2021,741.9,745.0,728.8,738.15,32081,19940,2994
DEEPAKFERT,05-OCT-2021,425.0,426.35,419.0,421.65,589882,375785,8990
DEEPAKNTR,05-OCT-2021,2616.7,2753.95,2615.0,2670.55,3829744,479608,189864
DEEPINDS,05-OCT-2021,150.0,156.95,148.65,152.7,155085,65933,3330
DELPHIFX,05-OCT-2021,670.0,673.0,656.0,664.3,2224,1994,155
DELTACORP,05-OCT-2021,274.0,278.1,268.45,271.0,7623913,2310938,58100
DELTAMAGNT,05-OCT-2021,53.7,54.95,51.8,54.35,16310,11692,285
DEN,05-OCT-2021,49.7,51.95,49.7,50.9,2829107,1010491,10250
DENORA,05-OCT-2021,329.35,338.4,325.65,331.65,24423,12167,1506
DEVYANI,05-OCT-2021,115.2,115.9,112.1,112.5,5977801,4311134,61150
DFMFOODS,05-OCT-2021,348.0,352.4,346.5,347.9,42983,26486,2484
DHAMPURSUG,05-OCT-2021,318.9,324.8,312.3,314.15,779669,414673,13874
DHANBANK,05-OCT-2021,16.1,16.55,16.0,16.15,841234,356550,1784
DHANI,05-OCT-2021,191.0,198.3,190.6,193.3,3241010,1895712,41192
DHANUKA,05-OCT-2021,813.0,823.75,810.95,819.35,116162,80138,8993
DHUNINV,05-OCT-2021,612.5,638.75,612.5,627.95,3920,1445,352
DIAMONDYD,05-OCT-2021,684.05,696.8,668.1,672.05,20801,6655,2249
DICIND,05-OCT-2021,467.8,472.0,460.0,468.45,10979,5645,532
DISHTV,05-OCT-2021,20.2,20.4,19.55,19.75,10484925,5491038,13317
DIVISLAB,05-OCT-2021,5250.5,5254.35,5147.1,5217.85,575663,197244,43301
DIXON,05-OCT-2021,4856.0,4948.0,4800.0,4830.5,318724,112146,39468
DLF,05-OCT-2021,421.5,423.75,413.45,415.65,6736683,1378857,79366
DLINKINDIA,05-OCT-2021,153.7,156.25,150.5,151.7,390276,175708,6621
DMART,05-OCT-2021,4284.0,4284.0,4246.85,4257.3,242566,146464,37591
DODLA,05-OCT-2021,596.7,605.0,591.0,593.15,58322,20240,3731
DOLAT,05-OCT-2021,93.0,95.6,92.6,93.65,239382,127484,4309
DOLLAR,05-OCT-2021,384.0,398.5,383.95,390.3,220937,115941,8243
DONEAR,05-OCT-2021,58.7,60.2,58.0,58.9,63184,34112,745
DPABHUSHAN,05-OCT-2021,215.45,222.95,213.2,214.0,16008,11754,447
DPSCLTD,05-OCT-2021,15.45,16.95,15.25,16.9,508122,313603,1197
DPWIRES,05-OCT-2021,226.7,233.15,226.7,230.6,15998,11599,650
DRCSYSTEMS,05-OCT-2021,278.9,278.9,262.0,266.95,871,573,73
DREDGECORP,05-OCT-2021,355.9,367.95,355.8,362.3,141643,33922,6442
DRREDDY,05-OCT-2021,5037.1,5050.0,4970.0,5034.6,354847,198879,29660
DSSL,05-OCT-2021,147.15,151.0,145.25,146.25,23774,11032,1386
DTIL,05-OCT-2021,267.0,275.05,267.0,274.1,18132,11216,775
DVL,05-OCT-2021,284.4,286.9,280.05,283.7,34531,21238,2056
DWARKESH,05-OCT-2021,76.8,77.8,75.65,76.05,2595607,1282322,14716
DYNAMATECH,05-OCT-2021,3050.0,3135.0,3045.3,3069.35,14371,7338,2882
DYNPRO,05-OCT-2021,641.0,769.8,638.0,728.1,1213896,217372,76451
EASEMYTRIP,05-OCT-2021,604.0,607.05,591.0,595.25,367621,181080,14309
EASTSILK,05-OCT-2021,3.9,3.9,3.75,3.9,73298,58288,154
EBBETF0423,05-OCT-2021,1149.25,1149.25,1147.25,1148.02,10991,6791,77
EBBETF0425,05-OCT-2021,1069.5,1069.5,1067.36,1068.0,3182,2658,65
EBBETF0430,05-OCT-2021,1179.0,1185.0,1179.0,1183.98,7434,6099,194
EBBETF0431,05-OCT-2021,1060.1,1063.5,1060.0,1062.98,15055,14790,140
ECLERX,05-OCT-2021,2229.0,2255.7,2221.1,2236.6,31437,25527,4451
EDELWEISS,05-OCT-2021,80.0,81.15,79.75,79.95,1780620,1041362,13632
EICHERMOT,05-OCT-2021,2730.0,2789.0,2729.05,2760.1,452282,133596,25146
EIDPARRY,05-OCT-2021,435.7,444.0,435.0,438.4,386593,222980,9885
EIHAHOTELS,05-OCT-2021,416.9,427.85,411.5,415.1,37634,10990,3118
EIHOTEL,05-OCT-2021,130.4,132.3,128.55,132.0,622721,280449,7694
EIMCOELECO,05-OCT-2021,395.0,395.35,387.1,388.5,20931,15147,1224
EKC,05-OCT-2021,115.3,121.05,112.95,121.05,423619,250195,3614
ELECON,05-OCT-2021,167.1,168.3,165.25,166.55,244884,134328,5636
ELECTCAST,05-OCT-2021,36.5,37.15,36.5,37.0,915966,694850,3175
ELECTHERM,05-OCT-2021,124.5,134.0,123.8,133.6,182526,100797,4298
ELGIEQUIP,05-OCT-2021,206.0,208.55,204.0,205.0,221693,156786,3737
ELGIRUBCO,05-OCT-2021,40.45,42.35,40.35,41.25,272288,186528,1458
EMAMILTD,05-OCT-2021,559.2,576.0,556.1,566.55,951203,698578,26273
EMAMIPAP,05-OCT-2021,168.0,176.9,151.2,171.75,262339,77899,10590
EMAMIREAL,05-OCT-2021,72.0,72.85,71.05,71.75,37044,26701,803
EMKAY,05-OCT-2021,113.0,115.3,112.0,113.0,42723,22086,1604
EMMBI,05-OCT-2021,105.25,111.4,105.25,108.55,72487,37839,1995
ENDURANCE,05-OCT-2021,1579.0,1609.9,1575.0,1599.55,38538,24978,4177
ENERGYDEV,05-OCT-2021,11.25,11.25,11.05,11.25,61716,54539,154
ENGINERSIN,05-OCT-2021,78.5,79.3,77.15,77.65,2701746,1252389,15440
ENIL,05-OCT-2021,193.85,193.85,188.95,191.8,25496,17977,572
EPL,05-OCT-2021,234.05,238.95,233.1,238.0,814643,701723,14007
EQUITAS,05-OCT-2021,122.0,125.0,121.6,123.95,472688,307809,7467
EQUITASBNK,05-OCT-2021,65.0,65.75,63.75,64.5,2244369,1800208,12695
ERIS,05-OCT-2021,748.8,756.4,746.65,749.95,29855,11179,4607
EROSMEDIA,05-OCT-2021,21.75,21.8,21.1,21.35,513157,340594,1647
ESABINDIA,05-OCT-2021,2240.05,2322.0,2237.5,2247.3,6534,2577,1386
ESCORTS,05-OCT-2021,1485.0,1515.8,1480.0,1488.8,671752,202740,21864
ESSARSHPNG,05-OCT-2021,10.2,10.45,10.1,10.15,108545,79884,398
ESTER,05-OCT-2021,147.8,152.7,147.3,149.45,170864,79337,4487
EVEREADY,05-OCT-2021,387.4,394.8,385.05,389.15,609362,297541,9001
EVERESTIND,05-OCT-2021,442.0,448.8,439.85,440.75,51903,15534,9107
EXCELINDUS,05-OCT-2021,1029.95,1092.3,1017.0,1077.2,76482,28350,8774
EXIDEIND,05-OCT-2021,179.95,182.4,179.5,181.0,3222499,1073087,26601
EXXARO,05-OCT-2021,153.0,156.0,152.5,152.8,265005,135077,3857
FACT,05-OCT-2021,127.0,129.8,126.6,127.7,218108,57520,5309
FAIRCHEMOR,05-OCT-2021,2078.5,2135.55,2070.0,2135.55,37576,21938,3439
FCL,05-OCT-2021,131.55,133.35,130.15,131.0,561734,243830,9192
FCONSUMER,05-OCT-2021,7.55,8.1,7.45,7.6,22131506,5101782,9465
FDC,05-OCT-2021,354.5,366.0,350.0,357.75,526049,142756,14668
FEDERALBNK,05-OCT-2021,85.15,86.2,84.5,85.75,13017163,4686481,39552
FEL,05-OCT-2021,9.0,9.35,8.9,8.95,1364931,428693,1404
FELDVR,05-OCT-2021,12.05,12.05,11.3,11.55,125564,55881,286
FIEMIND,05-OCT-2021,1114.95,1125.0,1100.0,1119.5,29398,14159,3603
FILATEX,05-OCT-2021,107.0,108.75,104.35,105.7,2885708,284048,10652
FINCABLES,05-OCT-2021,492.9,504.0,492.9,501.3,181827,99773,8908
FINEORG,05-OCT-2021,3520.0,3530.0,3429.65,3469.85,55447,16169,12525
FINPIPE,05-OCT-2021,226.0,226.85,222.0,224.65,1209776,705523,20028
FLEXITUFF,05-OCT-2021,14.95,15.4,14.7,14.95,33272,30471,103
FLFL,05-OCT-2021,59.75,61.9,57.45,60.75,219247,139764,2304
FLUOROCHEM,05-OCT-2021,2124.9,2159.9,2050.15,2089.0,182780,108115,16012
FMGOETZE,05-OCT-2021,284.8,285.35,274.4,277.2,120712,69667,3156
FMNL,05-OCT-2021,9.8,10.15,9.6,10.15,445353,309240,659
FORCEMOT,05-OCT-2021,1469.0,1498.0,1461.0,1482.2,51182,16974,5837
FORTIS,05-OCT-2021,280.0,280.2,274.95,275.55,1100038,440299,12485
FOSECOIND,05-OCT-2021,1450.0,1528.0,1432.8,1493.2,7446,3743,729
FRETAIL,05-OCT-2021,51.3,52.75,51.05,51.55,2690819,1226487,11157
FSC,05-OCT-2021,74.0,76.45,73.15,74.5,115737,46126,1736
FSL,05-OCT-2021,195.1,195.7,193.1,194.0,1801504,920320,16569
GABRIEL,05-OCT-2021,159.7,159.7,154.3,154.9,620028,300128,10107
GAEL,05-OCT-2021,170.9,173.0,170.15,170.85,289798,173536,4753
GAIL,05-OCT-2021,161.6,168.4,161.55,164.7,25205710,9194275,148921
GAL,05-OCT-2021,2.3,2.3,2.25,2.3,255115,238811,287
GALAXYSURF,05-OCT-2021,3401.0,3424.6,3360.0,3375.4,16927,8805,4151
GALLANTT,05-OCT-2021,77.0,77.15,75.2,76.25,38274,20338,1909
GALLISPAT,05-OCT-2021,55.9,56.0,54.85,55.5,20290,12159,436
GANDHITUBE,05-OCT-2021,460.95,461.0,454.4,457.2,2168,1295,192
GANECOS,05-OCT-2021,496.75,508.0,492.95,501.9,23121,15729,2009
GANESHBE,05-OCT-2021,87.6,92.4,86.3,91.05,158611,89494,2911
GANESHHOUC,05-OCT-2021,173.8,176.0,168.5,175.0,60473,31119,1693
GANGAFORGE,05-OCT-2021,15.65,16.15,15.65,15.8,1432016,716674,4183
GANGESSECU,05-OCT-2021,94.85,94.85,91.45,93.35,7815,5676,193
GARFIBRES,05-OCT-2021,3386.95,3483.85,3366.7,3407.45,14107,4931,4089
GATI,05-OCT-2021,140.0,146.75,139.15,144.8,1519189,652599,17074
GAYAPROJ,05-OCT-2021,49.2,50.7,48.3,49.05,1840965,1100420,6202
GDL,05-OCT-2021,254.9,256.4,241.55,255.3,137799,85280,3056
GEECEE,05-OCT-2021,155.2,160.6,154.85,157.45,24383,15380,1119
GEEKAYWIRE,05-OCT-2021,98.4,98.4,90.45,93.5,102087,61288,2940
GENCON,05-OCT-2021,47.9,48.9,45.3,45.9,261112,143387,3498
GENESYS,05-OCT-2021,240.2,240.2,240.2,240.2,87656,87656,100
GENUSPOWER,05-OCT-2021,79.9,81.9,77.3,78.2,1950424,984307,17371
GEOJITFSL,05-OCT-2021,82.2,82.3,80.35,80.8,314716,189679,4382
GEPIL,05-OCT-2021,305.4,308.6,301.95,305.25,87936,31531,3847
GESHIP,05-OCT-2021,371.8,375.7,369.1,372.3,366905,235557,10795
GET&D,05-OCT-2021,126.95,127.4,125.3,125.7,134751,79961,3243
GFLLIMITED,05-OCT-2021,78.25,89.9,77.0,83.6,1322234,569626,23857
GFSTEELS,05-OCT-2021,2.9,2.9,2.9,2.9,3201,3201,5
GHCL,05-OCT-2021,467.0,479.8,463.55,476.65,711340,227479,17881
GICHSGFIN,05-OCT-2021,152.5,156.0,151.3,151.85,372741,179864,4990
GICRE,05-OCT-2021,144.4,148.9,144.05,144.85,1174043,521214,18638
GILLETTE,05-OCT-2021,5899.0,5900.0,5802.15,5841.55,7793,4174,2441
GINNIFILA,05-OCT-2021,34.8,35.1,34.1,34.8,87721,69345,686
GIPCL,05-OCT-2021,85.8,91.2,85.4,89.15,1871591,871366,16169
GISOLUTION,05-OCT-2021,3.05,3.05,3.05,3.05,35657,35657,7
GKWLIMITED,05-OCT-2021,820.0,922.4,768.7,781.25,189866,46939,17311
GLAND,05-OCT-2021,3884.0,4050.0,3851.7,4030.55,302291,178123,25139
GLAXO,05-OCT-2021,1498.0,1499.0,1475.0,1478.55,64795,46871,5732
GLENMARK,05-OCT-2021,519.85,521.55,511.0,519.8,1112710,446908,23638
GLFL,05-OCT-2021,2.95,3.0,2.95,3.0,29972,29972,20
GLOBAL,05-OCT-2021,44.9,45.25,43.0,44.45,12772,9890,184
GLOBALVECT,05-OCT-2021,49.3,52.2,49.1,52.0,18779,11911,289
GLS,05-OCT-2021,672.5,674.65,669.1,672.55,132451,86891,5974
GMBREW,05-OCT-2021,621.0,744.15,620.0,744.15,1127797,282301,69268
GMDCLTD,05-OCT-2021,76.95,81.25,76.7,79.2,5075791,1882486,25375
GMMPFAUDLR,05-OCT-2021,4530.0,4885.0,4525.05,4798.85,235629,59028,36072
GMRINFRA,05-OCT-2021,40.8,41.7,40.4,40.55,24837131,6499111,61270
GNA,05-OCT-2021,1015.3,1030.0,1007.0,1018.65,97256,53072,10284
GNFC,05-OCT-2021,454.0,508.75,452.1,498.9,7381999,1690824,111581
GOACARBON,05-OCT-2021,408.95,434.4,405.95,418.75,495685,141019,13309
GOCLCORP,05-OCT-2021,271.0,272.75,267.0,269.95,28669,16985,1363
GODFRYPHLP,05-OCT-2021,1348.7,1350.0,1319.8,1324.85,170052,53483,13332
GODREJAGRO,05-OCT-2021,629.85,636.1,626.0,626.55,102284,59898,5442
GODREJCP,05-OCT-2021,1029.65,1048.9,1026.15,1042.1,1160213,521995,30603
GODREJIND,05-OCT-2021,566.3,571.5,562.05,565.05,206762,155000,4272
GODREJPROP,05-OCT-2021,2345.0,2347.5,2260.0,2285.45,1527266,479112,71969
GOKEX,05-OCT-2021,224.6,224.6,215.2,217.85,840507,438611,7849
GOKUL,05-OCT-2021,28.0,28.75,27.8,28.0,73699,36188,480
GOKULAGRO,05-OCT-2021,42.8,43.7,41.75,42.85,137116,101974,1068
GOLDBEES,05-OCT-2021,40.58,40.6,40.31,40.35,3486231,2354992,20922
GOLDENTOBC,05-OCT-2021,173.1,173.1,161.05,173.1,139435,113949,1535
GOLDIAM,05-OCT-2021,938.6,979.0,937.45,964.7,193122,63331,17156
GOLDSHARE,05-OCT-2021,41.45,42.2,40.8,40.85,167041,150498,556
GOODLUCK,05-OCT-2021,311.5,312.0,305.6,306.45,49473,27726,1505
GOODYEAR,05-OCT-2021,1042.75,1055.0,1041.85,1050.0,16502,10072,1632
GPIL,05-OCT-2021,1282.55,1296.0,1265.05,1269.45,65512,46465,5039
GPPL,05-OCT-2021,104.85,107.4,104.5,105.7,525608,288364,6228
GPTINFRA,05-OCT-2021,90.4,90.6,87.2,87.65,29088,17680,705
GRANULES,05-OCT-2021,330.2,331.7,328.0,329.9,1616248,559896,22917
GRAPHITE,05-OCT-2021,618.0,628.0,610.0,613.05,1519700,683175,36079
GRASIM,05-OCT-2021,1641.15,1653.45,1623.0,1627.0,541290,195699,29164
GRAUWEIL,05-OCT-2021,61.0,65.8,60.45,64.65,526635,227443,4710
GRAVITA,05-OCT-2021,205.8,210.9,204.55,205.95,326172,156044,9656
GREAVESCOT,05-OCT-2021,137.2,141.85,137.05,138.65,1315808,456185,18673
GREENLAM,05-OCT-2021,1407.9,1407.9,1340.1,1349.6,6435,4380,974
GREENPANEL,05-OCT-2021,345.0,355.0,340.2,345.85,331219,240170,6721
GREENPLY,05-OCT-2021,181.75,182.0,177.9,179.5,241832,152451,3077
GREENPOWER,05-OCT-2021,3.25,3.35,3.15,3.35,4352225,3226611,5345
GRINDWELL,05-OCT-2021,1477.6,1492.7,1439.0,1445.25,56650,31520,7592
GRINFRA,05-OCT-2021,1946.1,1948.95,1910.0,1919.35,36209,17374,4513
GROBTEA,05-OCT-2021,1094.45,1140.0,1094.45,1122.55,1050,608,198
GRPLTD,05-OCT-2021,917.55,945.0,901.5,924.85,1671,790,224
GRSE,05-OCT-2021,191.0,200.5,191.0,197.7,783268,321562,15083
GSCLCEMENT,05-OCT-2021,50.8,54.35,50.3,53.1,650782,362498,4392
GSFC,05-OCT-2021,135.4,147.45,135.05,145.75,13544786,4270293,78574
GSPL,05-OCT-2021,310.0,318.9,308.55,309.9,1260253,701233,37814
GSS,05-OCT-2021,76.4,78.6,75.8,78.35,143758,100965,1355
GTNTEX,05-OCT-2021,6.9,7.1,6.9,7.1,7350,7250,18
GTPL,05-OCT-2021,289.9,299.6,282.0,285.85,413368,182598,13623
GUFICBIO,05-OCT-2021,210.0,213.0,203.25,204.55,454927,214970,12235
GUJALKALI,05-OCT-2021,749.0,814.7,745.0,806.15,2167057,497181,61704
GUJAPOLLO,05-OCT-2021,216.3,216.3,211.5,212.0,4641,3427,171
GUJGASLTD,05-OCT-2021,628.4,638.85,616.85,627.8,4791343,1400368,99527
GULFOILLUB,05-OCT-2021,593.0,598.0,588.0,592.8,51833,36393,3395
GULFPETRO,05-OCT-2021,54.25,57.5,54.25,56.2,135966,67310,1986
HAL,05-OCT-2021,1345.6,1411.0,1340.0,1375.0,1240733,388880,49697
HARRMALAYA,05-OCT-2021,191.7,194.4,189.35,190.4,55911,20648,2766
HATHWAY,05-OCT-2021,25.3,26.8,25.1,26.5,12286362,4465577,14446
HATSUN,05-OCT-2021,1460.0,1462.75,1433.2,1441.8,45736,18375,5692
HAVELLS,05-OCT-2021,1396.0,1401.1,1382.85,1389.55,913676,385381,30248
HBANKETF,05-OCT-2021,376.77,377.2,367.73,376.35,1292,912,108
HBLPOWER,05-OCT-2021,48.65,53.4,47.5,52.65,3763956,1646481,20975
HBSL,05-OCT-2021,37.45,39.4,37.3,39.4,20884,10264,216
HCC,05-OCT-2021,9.75,9.9,9.6,9.65,3777494,2286037,6745
HCG,05-OCT-2021,252.7,253.75,244.6,247.75,115583,40879,7837
HCL-INSYS,05-OCT-2021,13.7,14.05,13.7,13.85,870341,469282,2981
HCLTECH,05-OCT-2021,1270.0,1313.6,1262.2,1305.15,3710314,1974620,111886
HDFC,05-OCT-2021,2720.0,2754.95,2715.45,2741.45,2125952,1362695,114611
HDFCAMC,05-OCT-2021,2908.55,2924.4,2900.05,2905.75,755420,525507,31760
HDFCBANK,05-OCT-2021,1592.0,1597.5,1576.25,1595.45,5128589,3346622,154894
HDFCLIFE,05-OCT-2021,724.2,735.95,722.05,733.15,2236948,1467747,81122
HDFCMFGETF,05-OCT-2021,41.59,41.59,41.32,41.36,596783,468082,988
HDFCNIFETF,05-OCT-2021,191.5,191.8,188.55,190.43,16873,12731,397
HDFCSENETF,05-OCT-2021,643.99,643.99,637.37,640.29,1943,1633,213
HEG,05-OCT-2021,2548.0,2629.0,2491.45,2521.9,593544,148894,51792
HEIDELBERG,05-OCT-2021,258.1,260.3,254.1,255.5,298120,186579,10938
HEMIPROP,05-OCT-2021,141.0,141.7,139.0,139.65,581622,263142,8520
HERANBA,05-OCT-2021,812.0,832.0,806.1,808.1,257075,109127,11631
HERCULES,05-OCT-2021,147.4,149.0,144.25,145.45,37321,14991,1856
HERITGFOOD,05-OCT-2021,460.0,480.0,460.0,469.55,236179,111059,13281
HEROMOTOCO,05-OCT-2021,2853.0,2859.65,2840.0,2844.55,316991,190157,23545
HESTERBIO,05-OCT-2021,2492.2,2534.8,2463.85,2506.45,11775,5634,2889
HGINFRA,05-OCT-2021,687.85,692.95,680.25,685.1,76384,45916,5040
HIKAL,05-OCT-2021,560.1,581.45,547.5,553.65,603598,290688,25834
HIL,05-OCT-2021,4900.0,4964.65,4850.0,4860.55,22661,14833,5289
HILTON,05-OCT-2021,13.8,13.9,13.0,13.65,18906,12957,114
HINDALCO,05-OCT-2021,496.0,506.2,494.2,495.3,8162109,2845339,120565
HINDCOMPOS,05-OCT-2021,337.0,337.0,324.9,328.0,14039,5980,1087
HINDCON,05-OCT-2021,66.65,66.65,63.05,65.1,19513,11772,356
HINDCOPPER,05-OCT-2021,122.4,123.85,118.6,120.05,8821892,2992934,52430
HINDMOTORS,05-OCT-2021,7.85,8.35,7.75,8.35,791625,630189,1945
HINDOILEXP,05-OCT-2021,207.0,213.5,207.0,210.8,987401,367208,15965
HINDPETRO,05-OCT-2021,302.95,315.9,301.35,314.45,10612386,4248935,124523
HINDUNILVR,05-OCT-2021,2686.2,2714.95,2686.0,2708.65,562784,293668,48985
HINDZINC,05-OCT-2021,311.55,315.95,311.55,312.05,1387444,646382,24094
HIRECT,05-OCT-2021,192.5,195.5,191.0,192.1,13316,8679,382
HISARMETAL,05-OCT-2021,136.0,136.05,132.5,135.15,19199,11142,625
HITECH,05-OCT-2021,588.0,605.0,585.55,596.4,90118,70148,2470
HITECHCORP,05-OCT-2021,229.9,234.8,222.15,232.1,15510,12011,357
HITECHGEAR,05-OCT-2021,262.6,267.0,257.0,262.1,7292,3264,529
HLEGLAS,05-OCT-2021,6937.85,7087.0,6920.0,6939.4,33463,11021,8514
HLVLTD,05-OCT-2021,11.65,11.7,10.9,11.1,1875230,1220421,3073
HMVL,05-OCT-2021,76.3,78.65,76.25,77.05,133388,63644,2021
HNDFDS,05-OCT-2021,2157.9,2157.9,2101.5,2157.9,7168,6781,728
HNGSNGBEES,05-OCT-2021,312.3,314.97,312.0,313.01,5537,3856,245
HOMEFIRST,05-OCT-2021,589.1,605.0,587.05,599.6,64504,27170,6308
HONAUT,05-OCT-2021,45806.0,47275.95,45806.0,46698.35,4494,2113,3137
HONDAPOWER,05-OCT-2021,1237.0,1264.0,1225.0,1241.05,7498,3999,1345
HPL,05-OCT-2021,71.0,74.1,70.3,73.7,379523,237350,3947
HSCL,05-OCT-2021,53.2,56.1,53.2,53.75,18996276,6423472,58905
HSIL,05-OCT-2021,229.1,236.8,229.1,230.3,164793,59238,8364
HTMEDIA,05-OCT-2021,26.15,27.35,26.1,26.95,707066,499319,4148
HUDCO,05-OCT-2021,45.2,45.95,45.15,45.25,2812290,1493071,9370
HUHTAMAKI,05-OCT-2021,269.6,271.8,267.4,268.45,100523,45691,4270
IBMFNIFTY,05-OCT-2021,179.9,179.9,174.16,177.06,279,144,62
IBREALEST,05-OCT-2021,156.4,158.2,153.05,154.85,9320644,3616439,47744
IBULHSGFIN,05-OCT-2021,239.3,246.0,235.6,241.85,12417221,2473367,83804
ICEMAKE,05-OCT-2021,74.7,74.85,73.5,74.2,8126,5740,87
ICICI500,05-OCT-2021,250.4,253.95,250.0,252.15,2538,2117,161
ICICIALPLV,05-OCT-2021,181.95,182.0,179.12,180.8,19809,13622,188
ICICIB22,05-OCT-2021,46.38,46.81,45.86,46.74,784066,547138,3568
ICICIBANK,05-OCT-2021,693.0,699.0,691.85,697.1,7497208,4564359,189189
ICICIBANKN,05-OCT-2021,387.7,387.7,362.7,376.69,1398,551,206
ICICIBANKP,05-OCT-2021,193.0,194.18,191.37,193.51,1622,1184,99
ICICIFMCG,05-OCT-2021,417.7,417.7,396.23,404.88,1650,1361,100
ICICIGI,05-OCT-2021,1542.25,1588.0,1541.55,1548.7,3686947,1283814,93587
ICICIGOLD,05-OCT-2021,42.18,42.18,41.33,41.43,540286,505302,1881
ICICILIQ,05-OCT-2021,999.5,1000.0,999.5,999.99,39460,39238,44
ICICILOVOL,05-OCT-2021,142.52,146.9,142.52,145.65,132589,126036,1406
ICICIM150,05-OCT-2021,117.8,117.8,116.2,117.35,101876,49974,423
ICICIMCAP,05-OCT-2021,106.29,107.4,104.6,106.22,6051,3649,524
ICICINF100,05-OCT-2021,195.0,196.19,194.0,196.08,4020,3056,224
ICICINIFTY,05-OCT-2021,178.4,206.9,178.4,191.3,61972,43221,3273
ICICINV20,05-OCT-2021,97.7,97.95,96.01,97.52,21501,18224,1604
ICICINXT50,05-OCT-2021,43.5,44.5,43.5,44.23,43117,27876,1087
ICICIPHARM,05-OCT-2021,92.5,92.6,90.4,90.79,104219,56658,228
ICICIPRULI,05-OCT-2021,672.5,685.5,667.95,678.9,1004027,428163,24190
ICICISENSX,05-OCT-2021,640.0,649.6,638.02,648.17,919,636,111
ICICITECH,05-OCT-2021,377.8,377.8,352.45,360.92,12266,7582,580
ICIL,05-OCT-2021,284.5,290.65,282.0,283.5,326312,118309,7392
ICRA,05-OCT-2021,3598.0,3650.65,3525.0,3537.35,2061,775,553
IDBI,05-OCT-2021,48.05,48.7,47.0,47.15,15204323,6027605,26577
IDBIGOLD,05-OCT-2021,4282.05,4313.5,4282.05,4290.1,31,15,16
IDEA,05-OCT-2021,11.3,12.25,11.25,11.55,654039214,139371355,293669
IDFC,05-OCT-2021,53.6,54.15,52.9,53.35,5172268,2613364,9878
IDFCFIRSTB,05-OCT-2021,47.65,48.55,47.2,47.95,27725232,8473918,45985
IDFNIFTYET,05-OCT-2021,185.1,186.9,185.1,186.66,406,325,19
IEX,05-OCT-2021,631.3,645.0,630.0,632.55,4660997,1383618,72861
IFBAGRO,05-OCT-2021,602.0,621.95,600.0,610.1,47399,22449,4066
IFBIND,05-OCT-2021,1179.45,1191.95,1166.15,1178.25,25226,10991,3225
IFCI,05-OCT-2021,13.65,13.9,13.4,13.5,9670381,3512761,25610
IFGLEXPOR,05-OCT-2021,318.7,325.0,314.05,320.15,50539,19451,3485
IGARASHI,05-OCT-2021,518.0,527.5,515.25,518.55,97699,35298,3620
IGL,05-OCT-2021,530.6,535.75,525.0,526.55,2405326,1068737,48498
IGPL,05-OCT-2021,773.95,928.1,773.95,925.1,843977,299526,32021
IIFL,05-OCT-2021,287.45,289.0,284.65,287.6,257690,199637,3644
IIFLSEC,05-OCT-2021,99.1,100.5,98.75,99.1,214563,142366,2257
IIFLWAM,05-OCT-2021,1625.0,1625.0,1603.55,1618.25,26343,15841,7150
IITL,05-OCT-2021,79.0,79.0,74.65,75.55,4021,2974,169
IMAGICAA,05-OCT-2021,12.15,12.15,12.15,12.15,101591,101591,72
IMPAL,05-OCT-2021,761.0,765.0,756.1,757.75,1246,1030,147
INDBANK,05-OCT-2021,23.8,23.8,22.9,23.3,56890,34450,406
INDHOTEL,05-OCT-2021,187.65,195.45,186.35,193.6,11041670,2604567,57423
INDIACEM,05-OCT-2021,201.95,203.55,194.5,195.4,3814390,1698502,27820
INDIAGLYCO,05-OCT-2021,985.0,1012.7,969.4,990.95,1546218,236960,62418
INDIAMART,05-OCT-2021,8519.7,8519.7,8360.0,8420.15,67908,19645,13736
INDIANB,05-OCT-2021,143.45,143.45,139.1,140.1,2736892,1009962,16431
INDIANHUME,05-OCT-2021,200.9,205.0,200.3,204.15,55614,28966,2079
INDIGO,05-OCT-2021,1977.0,2010.8,1962.0,1971.05,337980,92540,26682
INDIGOPNTS,05-OCT-2021,2545.85,2545.85,2525.0,2534.5,14649,4432,2995
INDLMETER,05-OCT-2021,12.1,12.1,11.6,12.0,49365,34338,190
INDNIPPON,05-OCT-2021,367.95,380.15,364.0,370.4,53355,31594,3292
INDOCO,05-OCT-2021,450.0,458.0,444.55,448.95,113074,62092,7541
INDORAMA,05-OCT-2021,51.5,52.5,51.5,52.1,48315,38839,560
INDOSTAR,05-OCT-2021,284.8,287.25,281.15,282.25,92025,68194,2292
INDOTHAI,05-OCT-2021,89.0,89.0,86.05,86.55,8484,5226,304
INDRAMEDCO,05-OCT-2021,79.25,80.5,78.85,79.45,238143,124501,3424
INDSWFTLAB,05-OCT-2021,63.6,64.4,62.5,63.2,136060,96055,986
INDTERRAIN,05-OCT-2021,45.2,47.5,44.0,47.0,1047557,622441,8018
INDUSINDBK,05-OCT-2021,1116.8,1177.1,1108.65,1168.6,5270013,2036692,133594
INDUSTOWER,05-OCT-2021,304.65,312.05,303.2,310.6,8130892,2972295,63422
INEOSSTYRO,05-OCT-2021,1425.0,1507.0,1425.0,1470.6,167523,64248,15453
INFIBEAM,05-OCT-2021,43.5,44.5,42.95,43.5,3612980,1301160,8402
INFRABEES,05-OCT-2021,524.01,533.16,524.01,530.01,1642,841,132
INFY,05-OCT-2021,1671.0,1702.95,1663.0,1692.8,4373310,2453697,174119
INGERRAND,05-OCT-2021,1025.35,1073.8,1025.35,1040.55,68728,28178,9115
INOXLEISUR,05-OCT-2021,414.0,421.6,402.0,409.0,1363554,385906,30403
INOXWIND,05-OCT-2021,98.9,100.85,98.65,99.25,529400,259582,4345
INSECTICID,05-OCT-2021,697.0,702.0,690.55,696.85,11773,7637,1085
INTELLECT,05-OCT-2021,701.0,703.6,683.15,689.75,290542,152702,20581
INTENTECH,05-OCT-2021,64.95,67.85,64.9,67.85,53999,41380,527
INTLCONV,05-OCT-2021,72.7,81.0,71.5,74.15,1594506,572450,20437
INVENTURE,05-OCT-2021,2.75,2.8,2.6,2.65,9713914,4723614,3727
IOB,05-OCT-2021,22.35,23.1,22.25,22.4,8981233,2303671,12822
IOC,05-OCT-2021,126.25,130.6,126.25,129.9,20207254,6988584,104792
IOLCP,05-OCT-2021,585.0,612.0,581.8,595.35,858699,237436,33596
IPCALAB,05-OCT-2021,2400.0,2419.8,2345.0,2348.55,341012,206735,21306
IPL,05-OCT-2021,310.35,311.8,308.6,309.6,190541,100058,6197
IRB,05-OCT-2021,204.0,208.5,201.1,202.7,3117082,1293648,26154
IRCON,05-OCT-2021,45.3,48.05,45.0,47.5,11143516,4573497,34887
IRCTC,05-OCT-2021,4085.0,4208.4,4005.0,4166.1,7369295,817953,399322
IRFC,05-OCT-2021,23.8,23.95,23.55,23.6,13352924,7158036,23607
ISEC,05-OCT-2021,785.95,794.0,746.3,759.0,926237,473932,33876
ISFT,05-OCT-2021,128.75,128.75,125.0,125.4,57057,31948,1490
ISGEC,05-OCT-2021,737.0,741.35,728.4,730.8,44460,29367,3664
ITC,05-OCT-2021,236.4,237.45,234.5,234.7,9223597,4699478,94090
ITDC,05-OCT-2021,423.0,427.9,417.0,418.4,59154,24675,3339
ITDCEM,05-OCT-2021,78.9,83.9,78.65,83.4,3190811,1159237,22090
ITI,05-OCT-2021,124.0,126.15,123.1,123.85,354464,105154,5704
IVC,05-OCT-2021,5.95,5.95,5.7,5.85,373062,216020,496
IVP,05-OCT-2021,126.1,127.75,122.9,124.65,11717,2542,995
IVZINGOLD,05-OCT-2021,4208.15,4208.15,4174.0,4185.0,59,28,20
IVZINNIFTY,05-OCT-2021,1970.95,1970.95,1918.65,1933.05,256,56,7
IZMO,05-OCT-2021,92.0,96.05,92.0,96.05,70129,42680,842
J&KBANK,05-OCT-2021,37.8,38.4,37.6,37.75,1724815,639470,4463
JAGRAN,05-OCT-2021,60.5,62.7,60.4,62.2,240824,150743,3646
JAGSNPHARM,05-OCT-2021,155.0,155.45,153.0,153.9,43886,23952,1426
JAIBALAJI,05-OCT-2021,54.5,55.0,53.0,54.8,95057,72487,631
JAICORPLTD,05-OCT-2021,132.0,137.3,131.6,134.9,2936956,841081,21346
JAIPURKURT,05-OCT-2021,59.0,61.9,57.05,59.0,20717,16358,119
JAMNAAUTO,05-OCT-2021,90.7,90.8,89.25,90.2,737594,324202,8018
JASH,05-OCT-2021,504.6,505.0,492.2,496.5,9756,7480,362
JAYAGROGN,05-OCT-2021,261.0,275.0,260.95,268.1,95710,38912,5745
JAYBARMARU,05-OCT-2021,207.9,208.45,203.0,204.4,37275,19026,2327
JAYSREETEA,05-OCT-2021,108.9,110.9,107.4,108.2,94125,41122,3049
JBCHEPHARM,05-OCT-2021,1840.0,1860.0,1836.0,1840.9,106108,56076,9171
JBMA,05-OCT-2021,544.0,557.3,531.15,536.15,119931,42333,7160
JCHAC,05-OCT-2021,2245.0,2319.85,2200.0,2265.85,35506,17308,9170
JHS,05-OCT-2021,24.4,28.75,24.25,27.8,1267749,601745,4050
JINDALPHOT,05-OCT-2021,145.8,145.8,145.8,145.8,17477,10786,197
JINDALPOLY,05-OCT-2021,1030.0,1048.75,1025.0,1027.05,37596,17736,4867
JINDALSAW,05-OCT-2021,121.0,121.3,117.25,117.8,1886555,864310,23064
JINDALSTEL,05-OCT-2021,418.45,425.8,414.3,421.15,10464852,2459078,88187
JINDRILL,05-OCT-2021,152.0,161.3,149.35,161.1,774313,308148,18404
JINDWORLD,05-OCT-2021,91.35,96.75,91.2,95.95,401756,166007,5295
JISLDVREQS,05-OCT-2021,22.2,23.3,21.75,23.3,97514,54993,294
JISLJALEQS,05-OCT-2021,36.3,38.0,36.15,38.0,4902320,3294968,4550
JKCEMENT,05-OCT-2021,3349.0,3396.3,3296.8,3342.25,169274,72183,22596
JKIL,05-OCT-2021,185.5,189.15,183.25,185.85,201150,96149,7559
JKLAKSHMI,05-OCT-2021,643.95,655.0,637.6,653.4,431652,210635,20526
JKPAPER,05-OCT-2021,232.45,249.15,229.05,246.9,8222516,1640079,76147
JKTYRE,05-OCT-2021,150.0,151.5,149.55,149.85,601567,302500,6496
JMA,05-OCT-2021,61.4,61.75,59.9,60.55,21230,12531,414
JMCPROJECT,05-OCT-2021,111.4,111.65,109.0,109.65,185645,90762,3927
JMFINANCIL,05-OCT-2021,92.7,93.9,92.4,92.8,713631,280016,5490
JMTAUTOLTD,05-OCT-2021,2.75,2.8,2.7,2.8,314838,208116,797
JOCIL,05-OCT-2021,230.1,240.5,230.0,232.85,50846,20241,1977
JPASSOCIAT,05-OCT-2021,9.3,9.5,9.05,9.1,6141170,3912722,5536
JPINFRATEC,05-OCT-2021,1.95,2.0,1.9,1.95,2170123,1317707,17627
JPOLYINVST,05-OCT-2021,88.95,88.95,81.5,88.95,90936,71739,448
JPPOWER,05-OCT-2021,4.4,4.45,4.25,4.25,55453764,35647993,15664
JSL,05-OCT-2021,176.0,181.4,175.35,177.1,3502135,971935,37355
JSLHISAR,05-OCT-2021,306.7,313.0,303.0,305.1,532959,234965,11559
JSWHL,05-OCT-2021,4675.0,4772.95,4675.0,4742.85,350,229,217
JSWISPL,05-OCT-2021,35.5,35.85,34.3,34.65,2146130,1415897,5181
JSWSTEEL,05-OCT-2021,681.15,690.85,677.15,679.35,4186464,1025524,61497
JTEKTINDIA,05-OCT-2021,105.0,108.5,105.0,106.6,266075,115220,5650
JUBLFOOD,05-OCT-2021,4145.65,4153.7,4060.05,4068.6,368741,199274,34462
JUBLINDS,05-OCT-2021,511.0,532.5,509.7,532.5,82249,58590,2435
JUBLINGREA,05-OCT-2021,768.0,804.9,764.95,778.6,2845816,997531,68969
JUBLPHARMA,05-OCT-2021,632.65,649.95,628.0,640.05,263502,122580,10003
JUMPNET,05-OCT-2021,8.3,8.3,8.1,8.2,503205,363078,1087
JUNIORBEES,05-OCT-2021,452.95,454.5,442.05,453.59,109878,69054,10315
JUSTDIAL,05-OCT-2021,987.0,999.0,976.35,982.35,252463,100651,7842
JYOTHYLAB,05-OCT-2021,168.45,170.2,166.2,167.35,322795,205521,7679
KABRAEXTRU,05-OCT-2021,265.0,265.05,255.0,257.1,158534,86782,8857
KAJARIACER,05-OCT-2021,1184.0,1212.0,1183.0,1204.5,287794,183656,19164
KAKATCEM,05-OCT-2021,247.4,248.65,243.1,245.35,18439,10301,1050
KALPATPOWR,05-OCT-2021,418.0,418.0,407.0,408.6,251394,113871,9526
KALYANKJIL,05-OCT-2021,73.1,73.4,72.2,72.3,690812,438967,6658
KAMATHOTEL,05-OCT-2021,52.2,53.5,50.85,51.35,129870,72960,1962
KAMDHENU,05-OCT-2021,253.0,256.0,242.3,244.55,324837,176542,12420
KANORICHEM,05-OCT-2021,207.0,214.35,200.0,213.2,119504,71954,1315
KANPRPLA,05-OCT-2021,152.9,168.1,152.85,167.05,77185,47102,1870
KANSAINER,05-OCT-2021,631.7,658.35,626.4,651.35,2007949,1730001,23247
KARDA,05-OCT-2021,17.35,18.25,17.3,18.0,3124963,2657405,4094
KARURVYSYA,05-OCT-2021,47.9,48.4,47.3,47.4,3807079,1882342,21689
KAUSHALYA,05-OCT-2021,2.9,2.9,2.9,2.9,26094,26094,23
KAYA,05-OCT-2021,468.0,484.0,462.35,481.85,97849,61098,2490
KCP,05-OCT-2021,139.5,141.35,137.5,139.0,167251,106879,4538
KCPSUGIND,05-OCT-2021,23.0,24.3,23.0,23.6,847995,496469,2260
KDDL,05-OCT-2021,447.0,448.75,434.0,441.4,7714,6557,286
KEC,05-OCT-2021,439.9,462.0,439.6,455.9,503323,213410,15409
KECL,05-OCT-2021,18.3,19.9,17.5,19.75,959772,474654,2700
KEERTI,05-OCT-2021,21.2,21.2,20.3,20.55,4507,3387,75
KEI,05-OCT-2021,987.0,1053.95,975.0,1031.8,1011731,300808,50155
KELLTONTEC,05-OCT-2021,52.5,52.5,51.1,51.5,554838,311662,6494
KENNAMET,05-OCT-2021,1381.0,1388.75,1351.25,1370.7,5725,2732,853
KESORAMIND,05-OCT-2021,70.3,71.2,68.45,68.75,1270429,520257,8786
KEYFINSERV,05-OCT-2021,79.6,82.5,79.6,80.7,5875,2355,298
KHADIM,05-OCT-2021,227.8,230.0,224.0,225.3,42667,27314,3293
KHAICHEM,05-OCT-2021,62.8,65.15,62.8,65.15,104061,73984,387
KHANDSE,05-OCT-2021,16.2,17.7,16.2,16.95,6219,2234,70
KICL,05-OCT-2021,2080.15,2104.0,2065.0,2078.8,700,528,171
KILITCH,05-OCT-2021,167.5,172.6,167.0,170.45,4087,2731,178
KIMS,05-OCT-2021,1217.95,1236.0,1204.15,1212.8,125539,68890,9113
KINGFA,05-OCT-2021,1003.75,1015.0,976.3,998.8,3346,1927,427
KIOCL,05-OCT-2021,258.0,262.0,257.15,259.55,42945,24114,1663
KIRIINDUS,05-OCT-2021,520.0,569.8,519.0,551.85,1320700,423904,41763
KIRLFER,05-OCT-2021,267.2,270.35,262.0,269.45,185882,101416,9192
KIRLOSBROS,05-OCT-2021,420.5,422.1,403.1,405.8,197882,166391,4425
KIRLOSENG,05-OCT-2021,198.0,200.95,196.3,199.85,107728,70830,3518
KIRLOSIND,05-OCT-2021,1620.0,1684.8,1620.0,1669.8,6299,3652,1535
KITEX,05-OCT-2021,168.2,174.8,168.2,173.15,347086,215363,6422
KKCL,05-OCT-2021,990.05,1005.0,990.05,999.4,45501,34767,4286
KMSUGAR,05-OCT-2021,27.8,28.75,27.4,28.65,1293601,697497,4626
KNRCON,05-OCT-2021,291.6,294.85,287.85,288.5,465036,189955,13360
KOKUYOCMLN,05-OCT-2021,68.0,68.9,66.75,67.15,485602,296818,5120
KOLTEPATIL,05-OCT-2021,325.25,330.3,321.1,323.35,378954,79226,8901
KOTAKBANK,05-OCT-2021,1994.9,1997.95,1975.5,1982.35,2719807,2129884,69810
KOTAKBKETF,05-OCT-2021,381.0,381.94,378.19,381.53,41874,5138,427
KOTAKGOLD,05-OCT-2021,40.67,41.0,40.55,40.72,187196,119005,838
KOTAKIT,05-OCT-2021,35.75,35.88,34.25,35.67,115355,56271,503
KOTAKNIFTY,05-OCT-2021,187.1,187.95,185.76,187.82,12214,7442,308
KOTAKNV20,05-OCT-2021,98.1,99.88,98.0,99.52,5038,3273,216
KOTAKPSUBK,05-OCT-2021,251.0,252.0,247.11,248.86,29734,17878,468
KOTARISUG,05-OCT-2021,35.15,37.2,35.15,35.45,663890,397598,3145
KOTHARIPET,05-OCT-2021,52.65,55.9,52.3,55.05,301311,205862,2400
KOVAI,05-OCT-2021,1688.15,1710.7,1675.0,1697.9,1438,1014,481
KPIGLOBAL,05-OCT-2021,137.0,140.0,131.0,133.45,55559,35967,1178
KPITTECH,05-OCT-2021,341.0,344.2,336.0,341.65,983394,653402,30385
KPRMILL,05-OCT-2021,426.0,445.0,424.5,436.75,764946,443160,30709
KRBL,05-OCT-2021,320.0,329.95,316.9,325.85,1063933,261028,18082
KREBSBIO,05-OCT-2021,179.8,195.0,174.1,187.7,162661,79276,5217
KRIDHANINF,05-OCT-2021,5.0,5.0,4.9,5.0,122972,105619,160
KRISHANA,05-OCT-2021,194.8,194.8,187.25,189.7,8656,6647,577
KRSNAA,05-OCT-2021,756.5,793.0,756.5,758.9,313486,161269,21085
KSB,05-OCT-2021,1300.0,1348.0,1283.7,1312.95,82839,33311,13830
KSCL,05-OCT-2021,586.5,586.5,577.0,578.9,103096,64362,6194
KSL,05-OCT-2021,395.95,401.9,390.95,399.15,81313,42953,3139
KTKBANK,05-OCT-2021,70.4,71.6,69.95,70.8,1730798,994200,11872
KUANTUM,05-OCT-2021,84.35,93.0,81.3,89.85,427567,124711,7398
L&TFH,05-OCT-2021,91.3,92.3,90.45,91.1,5876262,1446705,21673
LAGNAM,05-OCT-2021,52.1,52.1,52.1,52.1,10343,10343,24
LALPATHLAB,05-OCT-2021,3759.5,3784.7,3715.05,3775.1,147830,61309,17676
LAOPALA,05-OCT-2021,309.0,327.45,306.05,321.15,1237233,356646,30474
LASA,05-OCT-2021,76.65,77.5,76.1,77.2,140786,60042,3230
LAURUSLABS,05-OCT-2021,619.0,623.8,614.15,622.2,1207264,602034,23204
LAXMIMACH,05-OCT-2021,8151.0,8550.0,8151.0,8378.35,12991,5738,3519
LEMONTREE,05-OCT-2021,45.85,46.4,45.55,45.8,4308057,1799722,12406
LFIC,05-OCT-2021,80.0,80.0,77.6,77.75,1729,1138,85
LGBBROSLTD,05-OCT-2021,455.0,459.9,452.0,454.05,65435,38619,3941
LIBAS,05-OCT-2021,48.6,48.9,47.2,47.8,118595,65294,1603
LIBERTSHOE,05-OCT-2021,173.8,177.5,172.85,176.55,167154,76173,3641
LICHSGFIN,05-OCT-2021,444.5,451.45,440.1,447.75,3454051,1375534,50681
LICNETFGSC,05-OCT-2021,23.45,23.45,22.85,23.31,3120,2562,145
LICNETFN50,05-OCT-2021,189.69,190.4,185.0,188.19,1161,722,122
LICNETFSEN,05-OCT-2021,639.0,642.5,628.0,642.08,138,81,92
LICNFNHGP,05-OCT-2021,174.3,179.9,174.3,176.54,1959,907,117
LIKHITHA,05-OCT-2021,385.9,399.45,383.25,394.5,132017,53429,6847
LINCOLN,05-OCT-2021,385.45,390.0,379.55,382.45,163736,95303,8971
LINCPEN,05-OCT-2021,257.0,257.0,240.0,245.3,42209,17630,2259
LINDEINDIA,05-OCT-2021,2639.6,2694.0,2636.85,2654.15,82111,29692,8031
LIQUIDBEES,05-OCT-2021,1002.3,1002.3,998.3,999.99,1319108,1264182,8040
LIQUIDETF,05-OCT-2021,999.99,1000.01,999.99,1000.0,38348,24515,122
LODHA,05-OCT-2021,1060.0,1099.7,1038.0,1082.35,1143084,915558,13071
LOKESHMACH,05-OCT-2021,55.0,56.25,55.0,55.55,45387,35376,555
LOVABLE,05-OCT-2021,120.3,122.35,118.9,119.9,53390,30974,2152
LT,05-OCT-2021,1714.5,1740.0,1706.0,1716.7,1705242,904018,73660
LTI,05-OCT-2021,5755.0,5803.05,5652.05,5765.4,310789,155592,33335
LTTS,05-OCT-2021,4625.0,4682.5,4520.0,4667.2,389078,167596,42986
LUMAXIND,05-OCT-2021,1454.9,1463.0,1445.0,1449.7,4789,3587,803
LUMAXTECH,05-OCT-2021,140.9,140.9,138.35,139.45,33588,18912,1559
LUPIN,05-OCT-2021,963.9,967.0,955.0,963.75,723349,269445,16397
LUXIND,05-OCT-2021,3617.25,3726.45,3597.25,3632.3,56812,20188,11406
LXCHEM,05-OCT-2021,582.0,597.8,572.2,591.3,5557228,1405593,99852
LYKALABS,05-OCT-2021,84.6,84.6,80.6,81.2,166613,127045,1559
LYPSAGEMS,05-OCT-2021,4.4,4.55,4.4,4.5,19014,16086,84
M&M,05-OCT-2021,841.15,846.0,835.05,843.05,2647442,1205580,54927
M&MFIN,05-OCT-2021,191.0,192.95,185.4,186.0,13189065,6438622,57594
MACPOWER,05-OCT-2021,189.7,203.8,183.25,203.8,76912,55364,1196
MADHAV,05-OCT-2021,56.5,57.45,54.35,56.75,85535,45588,651
MADHUCON,05-OCT-2021,4.65,4.7,4.55,4.65,47631,38450,138
MADRASFERT,05-OCT-2021,30.5,31.75,30.5,31.05,368196,119911,2036
MAESGETF,05-OCT-2021,30.18,30.5,30.06,30.41,185547,182252,87
MAFANG,05-OCT-2021,52.29,52.29,51.43,51.7,365211,311842,3187
MAFSETF,05-OCT-2021,18.35,18.39,18.19,18.37,236116,226362,193
MAGADSUGAR,05-OCT-2021,317.1,328.75,310.0,325.1,76877,45524,3494
MAHABANK,05-OCT-2021,20.15,20.85,20.05,20.55,9252679,3817599,10185
MAHASTEEL,05-OCT-2021,93.45,94.95,91.55,93.3,26415,15928,1233
MAHEPC,05-OCT-2021,133.1,137.7,133.1,136.45,87749,46079,1447
MAHESHWARI,05-OCT-2021,104.7,107.4,102.2,104.55,419570,227392,2550
MAHINDCIE,05-OCT-2021,247.75,254.25,241.95,243.6,377234,118819,11540
MAHLIFE,05-OCT-2021,274.5,278.0,270.0,271.7,127854,76758,3860
MAHLOG,05-OCT-2021,733.95,781.0,733.35,773.95,239622,86601,16425
MAHSCOOTER,05-OCT-2021,4681.0,4806.0,4679.85,4694.75,7069,4108,1853
MAHSEAMLES,05-OCT-2021,365.95,382.6,362.4,371.4,1466375,419429,34517
MAITHANALL,05-OCT-2021,1180.1,1187.8,1138.55,1153.65,144281,61869,10343
MAJESCO,05-OCT-2021,88.0,88.0,85.7,86.35,195946,100211,2381
MALUPAPER,05-OCT-2021,35.25,42.4,34.95,41.7,1165838,446020,10502
MAN50ETF,05-OCT-2021,185.75,185.75,181.61,183.13,1663,1354,102
MANAKALUCO,05-OCT-2021,20.85,20.85,20.3,20.6,60688,38661,299
MANAKCOAT,05-OCT-2021,13.85,14.8,13.85,14.65,318033,79732,436
MANAKSIA,05-OCT-2021,66.45,67.2,66.2,66.7,46214,32706,755
MANAKSTEEL,05-OCT-2021,32.1,32.1,31.5,31.65,64195,46431,368
MANALIPETC,05-OCT-2021,136.0,138.65,134.1,136.3,2860646,1585282,22535
MANAPPURAM,05-OCT-2021,182.3,185.8,181.0,184.3,4707964,1527427,33325
MANGALAM,05-OCT-2021,147.3,150.0,145.0,147.45,54571,31492,1866
MANGCHEFER,05-OCT-2021,74.0,76.9,74.0,75.5,348152,151714,4692
MANGLMCEM,05-OCT-2021,449.0,465.8,449.0,458.9,36496,15260,2516
MANINDS,05-OCT-2021,112.0,118.25,112.0,116.55,401785,203094,7896
MANINFRA,05-OCT-2021,112.1,112.8,106.35,108.6,1991552,958481,21511
MANUGRAPH,05-OCT-2021,12.25,12.25,11.85,12.15,8650,7352,104
MANXT50,05-OCT-2021,439.05,439.05,430.41,433.11,712,551,40
MARALOVER,05-OCT-2021,79.85,81.9,79.0,80.25,46660,33975,936
MARATHON,05-OCT-2021,98.1,102.5,97.0,102.5,86089,53485,1171
MARICO,05-OCT-2021,555.0,559.75,554.2,557.95,1939884,1145590,30924
MARINE,05-OCT-2021,36.8,37.2,35.8,36.0,1046996,458930,5096
MARKSANS,05-OCT-2021,74.0,78.0,73.45,75.75,3778441,1860995,20722
MARUTI,05-OCT-2021,7164.8,7300.0,7155.65,7258.25,546004,214801,67008
MASFIN,05-OCT-2021,782.0,803.5,779.05,793.4,24078,11125,3938
MASPTOP50,05-OCT-2021,27.62,28.32,27.08,27.49,146425,138502,623
MASTEK,05-OCT-2021,3050.0,3052.95,2977.8,3022.1,79206,48013,10708
MATRIMONY,05-OCT-2021,1011.95,1016.0,997.0,1010.8,10131,5575,1749
MAXHEALTH,05-OCT-2021,355.3,358.95,351.9,352.55,2076160,1644434,45889
MAXIND,05-OCT-2021,75.3,76.5,74.85,76.05,464409,299091,2643
MAXVIL,05-OCT-2021,121.9,136.5,121.2,131.8,1095933,654601,13895
MAYURUNIQ,05-OCT-2021,469.0,470.0,461.0,463.1,51323,33561,2600
MAZDA,05-OCT-2021,679.9,679.9,656.95,666.75,7146,3512,473
MAZDOCK,05-OCT-2021,255.4,259.85,253.8,255.7,337570,141863,6345
MBAPL,05-OCT-2021,199.0,201.5,195.0,196.35,45453,41274,1174
MBLINFRA,05-OCT-2021,19.85,20.4,19.65,20.1,83838,48105,327
MCDOWELL-N,05-OCT-2021,865.0,886.65,863.0,882.35,3159781,1132992,74406
MCL,05-OCT-2021,39.45,39.45,38.35,38.55,51790,34035,476
MCX,05-OCT-2021,1687.0,1724.9,1682.0,1687.8,525237,165211,24224
MENONBE,05-OCT-2021,71.25,73.45,71.25,72.9,34156,24887,657
MEP,05-OCT-2021,20.55,21.2,20.5,20.6,220591,137099,697
METROPOLIS,05-OCT-2021,2848.0,2888.0,2801.05,2878.9,182080,55303,11702
MFL,05-OCT-2021,988.65,988.65,988.65,988.65,28342,28342,448
MFSL,05-OCT-2021,1024.0,1026.8,1004.7,1015.2,473749,193162,20323
MGEL,05-OCT-2021,51.9,52.5,50.6,51.2,57721,45302,335
MGL,05-OCT-2021,1099.5,1107.7,1079.0,1080.15,890346,482547,36066
MHRIL,05-OCT-2021,244.0,246.5,241.5,242.9,219184,99211,4756
MIDHANI,05-OCT-2021,189.4,189.5,188.0,188.15,148477,78338,3111
MINDACORP,05-OCT-2021,134.35,137.7,133.5,134.5,860080,294204,11245
MINDAIND,05-OCT-2021,729.8,729.8,715.0,726.45,107856,51386,6738
MINDTECK,05-OCT-2021,98.9,99.4,96.2,99.4,32649,20323,345
MINDTREE,05-OCT-2021,4213.0,4326.75,4156.0,4285.1,1162680,342180,80451
MIRZAINT,05-OCT-2021,59.55,60.4,59.45,59.7,357590,202211,3060
MITTAL,05-OCT-2021,10.15,10.15,10.0,10.1,37936,32583,163
MMFL,05-OCT-2021,796.55,804.05,785.6,795.15,29030,24600,1605
MMP,05-OCT-2021,158.8,160.75,155.0,157.2,22091,11108,613
MMTC,05-OCT-2021,45.1,46.25,44.9,45.5,3033279,888670,10684
MODISNME,05-OCT-2021,71.0,73.0,71.0,72.2,47161,30211,1012
MOGSEC,05-OCT-2021,48.8,48.92,48.8,48.86,523,384,50
MOIL,05-OCT-2021,165.9,168.4,165.7,166.8,439910,208627,7634
MOKSH,05-OCT-2021,41.15,41.15,40.7,40.75,603983,306709,671
MOL,05-OCT-2021,130.5,132.8,129.6,131.55,1144269,604416,10570
MOLDTKPAC,05-OCT-2021,620.9,649.5,620.9,639.55,189841,108340,9965
MOM100,05-OCT-2021,31.01,32.7,31.01,32.46,121513,72167,1752
MOM50,05-OCT-2021,176.0,176.9,175.0,176.33,468,390,65
MON100,05-OCT-2021,107.2,107.33,106.49,107.06,1110530,965192,12404
MONTECARLO,05-OCT-2021,383.0,402.95,373.15,385.85,193367,79048,9813
MORARJEE,05-OCT-2021,16.65,17.15,16.15,17.15,28033,23297,107
MOREPENLAB,05-OCT-2021,56.95,59.3,56.65,58.3,2993866,1370743,13125
MOTHERSUMI,05-OCT-2021,226.0,229.4,225.55,226.55,5295715,2673963,41077
MOTILALOFS,05-OCT-2021,869.9,897.25,864.75,875.6,495124,162267,17683
MOTOGENFIN,05-OCT-2021,25.1,25.25,23.7,24.55,5898,4517,97
MPHASIS,05-OCT-2021,3093.9,3152.0,3034.8,3141.3,610635,243662,42295
MPSLTD,05-OCT-2021,672.05,680.0,672.0,676.2,8120,4476,1106
MRF,05-OCT-2021,79750.0,80070.0,79232.0,79407.2,5361,1370,3796
MRO-TEK,05-OCT-2021,67.7,67.7,67.7,67.7,4033,4033,31
MRPL,05-OCT-2021,50.35,54.15,50.0,52.65,13762896,4002594,40564
MSPL,05-OCT-2021,9.95,10.0,9.75,9.9,177307,134344,384
MSTCLTD,05-OCT-2021,310.0,334.5,310.0,330.85,1809494,892508,31686
MTARTECH,05-OCT-2021,1476.0,1500.0,1455.15,1477.95,119671,41176,9770
MTEDUCARE,05-OCT-2021,8.45,8.6,8.3,8.4,110478,81097,235
MTNL,05-OCT-2021,19.25,19.5,19.05,19.1,1119742,641161,2131
MUKTAARTS,05-OCT-2021,41.0,41.35,39.35,39.75,35639,25705,383
MUNJALAU,05-OCT-2021,59.9,60.25,59.3,59.65,100032,51042,1318
MUNJALSHOW,05-OCT-2021,136.1,138.7,135.35,137.75,33251,19935,1064
MURUDCERA,05-OCT-2021,25.55,26.35,25.45,25.7,91170,45401,540
MUTHOOTCAP,05-OCT-2021,413.8,417.0,408.0,409.2,23691,12687,1741
MUTHOOTFIN,05-OCT-2021,1522.0,1537.7,1515.35,1521.0,575832,241138,19283
NACLIND,05-OCT-2021,80.65,83.65,79.45,81.5,291219,177902,2667
NAGREEKCAP,05-OCT-2021,7.7,8.05,7.7,8.0,1500,901,7
NAHARCAP,05-OCT-2021,306.95,306.95,295.2,296.8,24399,15093,1379
NAHARPOLY,05-OCT-2021,255.65,259.0,250.1,251.5,28238,19549,1467
NAM-INDIA,05-OCT-2021,449.5,464.5,444.65,448.25,2337401,540428,33804
NATCOPHARM,05-OCT-2021,907.2,915.0,895.2,897.6,114181,61540,7073
NATHBIOGEN,05-OCT-2021,324.0,332.9,324.0,326.45,41457,22439,5537
NATIONALUM,05-OCT-2021,104.0,105.85,102.05,102.4,53938440,12444095,164690
NATNLSTEEL,05-OCT-2021,4.1,4.15,3.85,3.9,83474,60196,165
NAUKRI,05-OCT-2021,6560.0,6564.95,6427.0,6492.8,309234,183004,40702
NAVINFLUOR,05-OCT-2021,3869.95,4066.35,3809.4,3961.85,659322,89889,59465
NAVKARCORP,05-OCT-2021,41.7,44.25,41.7,43.95,1059137,491518,5276
NAVNETEDUL,05-OCT-2021,114.7,117.0,111.0,113.5,427020,248224,6197
NAZARA,05-OCT-2021,2350.0,2519.9,2350.0,2489.85,653210,149987,45451
NBCC,05-OCT-2021,47.75,48.6,47.5,47.9,5202385,2218107,16878
NBIFIN,05-OCT-2021,2680.05,2729.95,2602.0,2629.25,254,179,65
NBVENTURES,05-OCT-2021,124.0,127.0,122.75,124.7,668283,349297,9093
NCC,05-OCT-2021,83.05,83.75,82.0,82.15,2229934,983764,8967
NCLIND,05-OCT-2021,230.15,234.5,228.0,228.7,165353,81815,4226
NCPSESDL24,05-OCT-2021,106.58,106.77,106.55,106.6,4670,4577,24
NDL,05-OCT-2021,71.95,75.35,71.9,75.35,58894,43091,499
NDTV,05-OCT-2021,87.95,90.7,85.0,86.0,150533,93878,3124
NECCLTD,05-OCT-2021,19.2,19.45,19.1,19.35,525520,400192,498
NECLIFE,05-OCT-2021,29.4,30.45,29.4,30.0,425772,235326,1953
NELCAST,05-OCT-2021,92.9,93.8,90.9,91.35,222187,134793,5340
NELCO,05-OCT-2021,833.55,833.55,833.55,833.55,23757,23757,455
NEOGEN,05-OCT-2021,1269.9,1274.7,1249.0,1252.4,50196,20699,5296
NESCO,05-OCT-2021,612.85,620.0,604.6,615.6,117368,56616,8139
NESTLEIND,05-OCT-2021,19500.0,19587.05,19344.85,19395.55,27328,14137,8908
NETF,05-OCT-2021,215.0,216.98,215.0,216.98,809,608,100
NETFCONSUM,05-OCT-2021,79.98,79.98,77.77,78.33,10086,9467,269
NETFDIVOPP,05-OCT-2021,46.65,46.65,45.01,45.78,5147,4427,75
NETFGILT5Y,05-OCT-2021,48.85,48.87,48.85,48.87,36,36,3
NETFIT,05-OCT-2021,36.0,36.29,35.3,36.2,825106,463569,5076
NETFLTGILT,05-OCT-2021,22.78,22.8,22.71,22.72,5157,5139,87
NETFMID150,05-OCT-2021,117.6,117.87,116.26,117.61,68226,33461,1516
NETFNIF100,05-OCT-2021,184.6,187.4,183.1,187.36,3545,2007,91
NETFNV20,05-OCT-2021,100.89,100.89,98.0,100.64,115094,106834,134
NETFPHARMA,05-OCT-2021,14.98,15.02,14.7,14.83,574645,490800,863
NETFSDL26,05-OCT-2021,106.08,106.13,106.0,106.12,122692,122576,24
NETWORK18,05-OCT-2021,58.3,63.5,58.0,62.1,14628182,3915835,39349
NEULANDLAB,05-OCT-2021,1558.95,1558.95,1509.95,1520.1,18174,14951,2338
NEXTMEDIA,05-OCT-2021,5.85,5.9,5.7,5.8,112711,77397,182
NFL,05-OCT-2021,59.95,61.0,59.8,60.0,1778860,591901,8159
NH,05-OCT-2021,513.0,516.9,510.5,511.85,34559,14973,2707
NHPC,05-OCT-2021,29.9,30.2,29.8,30.1,13082841,7489334,19093
NIACL,05-OCT-2021,163.25,167.0,162.8,164.6,376303,160666,12812
NIBL,05-OCT-2021,19.55,19.55,18.05,18.7,14225,7308,87
NIFTYBEES,05-OCT-2021,191.65,192.3,189.7,192.2,1027571,599431,23572
NIITLTD,05-OCT-2021,359.5,360.4,351.8,353.1,568373,203506,14318
NILAINFRA,05-OCT-2021,5.3,5.5,5.3,5.45,268207,193387,421
NILKAMAL,05-OCT-2021,2746.95,2765.0,2724.15,2734.7,10974,7049,1748
NIPPOBATRY,05-OCT-2021,980.3,989.7,974.0,976.65,5496,3814,624
NIRAJ,05-OCT-2021,39.5,39.5,38.6,38.85,23298,15115,350
NITCO,05-OCT-2021,23.1,23.5,22.7,23.0,91637,65300,393
NITIRAJ,05-OCT-2021,44.25,44.5,43.4,44.35,2132,1953,27
NLCINDIA,05-OCT-2021,63.05,63.8,62.6,62.9,3620185,1490865,14383
NMDC,05-OCT-2021,148.0,149.55,146.1,146.65,16333090,6256060,73577
NOCIL,05-OCT-2021,298.15,311.75,297.1,306.15,3543669,1020838,41826
NOIDATOLL,05-OCT-2021,7.2,7.2,7.0,7.2,659569,536593,423
NORBTEAEXP,05-OCT-2021,6.85,6.85,6.85,6.85,176,171,9
NOVARTIND,05-OCT-2021,821.95,838.65,810.05,826.65,21378,10007,2397
NPBET,05-OCT-2021,196.0,196.0,193.5,195.5,90,52,19
NRAIL,05-OCT-2021,318.6,355.9,318.0,346.35,278568,128960,11205
NRBBEARING,05-OCT-2021,140.1,142.8,139.5,139.95,240963,168528,3901
NSIL,05-OCT-2021,1790.0,1801.95,1774.1,1796.2,927,585,131
NTPC,05-OCT-2021,145.55,147.85,144.2,145.4,24390676,8699030,129484
NUCLEUS,05-OCT-2021,583.5,595.0,581.2,585.95,142460,56117,8859
NURECA,05-OCT-2021,1687.0,1745.65,1649.95,1671.3,26669,12606,3257
NUVOCO,05-OCT-2021,550.0,560.0,547.0,554.4,233997,146573,11997
NXTDIGITAL,05-OCT-2021,428.0,429.85,417.5,422.15,5338,3549,233
OAL,05-OCT-2021,935.0,944.95,913.6,928.3,19671,10924,2569
OBEROIRLTY,05-OCT-2021,921.9,924.0,882.25,886.7,1192687,399398,38128
OCCL,05-OCT-2021,1070.0,1078.5,1050.0,1064.4,21766,13829,1945
OFSS,05-OCT-2021,4622.25,4720.0,4571.2,4703.05,106387,37091,16613
OIL,05-OCT-2021,244.4,251.95,242.05,242.95,4519649,1355037,54180
OMAXE,05-OCT-2021,79.9,82.4,78.0,80.15,209836,80370,2493
OMINFRAL,05-OCT-2021,29.25,32.0,28.7,31.05,384732,223464,2544
OMKARCHEM,05-OCT-2021,16.05,16.9,16.05,16.75,80465,44933,539
ONGC,05-OCT-2021,150.0,164.6,149.0,163.65,131238378,26223250,484872
ONMOBILE,05-OCT-2021,112.75,115.35,112.55,114.55,328723,207042,5256
ONWARDTEC,05-OCT-2021,233.65,233.65,217.6,224.9,20405,11511,650
ORBTEXP,05-OCT-2021,74.3,76.65,74.3,75.25,16076,10135,332
ORICONENT,05-OCT-2021,31.1,31.95,30.95,31.1,75549,48910,363
ORIENTABRA,05-OCT-2021,31.1,33.5,30.6,32.3,667767,364302,3489
ORIENTALTL,05-OCT-2021,8.4,8.7,8.2,8.45,133805,89911,253
ORIENTBELL,05-OCT-2021,358.9,369.0,351.65,360.25,17002,11504,989
ORIENTCEM,05-OCT-2021,159.6,160.85,156.8,157.1,673380,443989,14025
ORIENTELEC,05-OCT-2021,330.85,330.85,327.9,328.75,166329,117707,7877
ORIENTHOT,05-OCT-2021,38.65,39.85,38.0,38.25,229981,110193,2301
ORIENTLTD,05-OCT-2021,72.25,75.9,72.25,74.95,9710,6019,319
ORIENTPPR,05-OCT-2021,30.95,32.5,30.8,32.0,6263273,1839308,12418
ORISSAMINE,05-OCT-2021,2856.1,2914.55,2850.0,2857.75,18283,9279,2961
ORTINLAB,05-OCT-2021,27.6,27.7,27.1,27.35,36648,25685,297
OSWALAGRO,05-OCT-2021,17.75,18.25,17.15,17.65,83964,37777,448
PAGEIND,05-OCT-2021,33100.0,34149.9,32965.0,33871.4,35785,13155,16087
PAISALO,05-OCT-2021,939.95,973.0,930.0,939.8,140638,71261,3949
PALASHSECU,05-OCT-2021,85.0,91.0,85.0,87.1,29868,23219,259
PALREDTEC,05-OCT-2021,118.75,118.75,113.2,115.1,39327,24595,1468
PANACEABIO,05-OCT-2021,280.8,283.0,277.0,277.8,125680,81124,3336
PANAMAPET,05-OCT-2021,263.3,278.0,263.0,274.15,293301,159523,8935
PAR,05-OCT-2021,240.9,243.5,234.1,243.5,60962,40165,773
PARAGMILK,05-OCT-2021,128.5,133.1,128.0,130.4,643651,246490,8271
PARSVNATH,05-OCT-2021,15.2,15.25,14.7,15.05,477566,371334,658
PATELENG,05-OCT-2021,26.45,28.85,26.0,28.85,29732294,10251950,40142
PATINTLOG,05-OCT-2021,22.95,23.25,22.3,23.1,114486,81324,631
PATSPINLTD,05-OCT-2021,9.2,9.2,8.55,9.0,9135,6837,62
PCJEWELLER,05-OCT-2021,26.0,26.2,25.2,25.4,1800622,1266956,4061
PDMJEPAPER,05-OCT-2021,44.75,47.4,43.6,46.7,2522478,1005551,16766
PDSMFL,05-OCT-2021,1214.85,1264.0,1214.0,1245.25,6155,3533,772
PEARLPOLY,05-OCT-2021,14.75,15.4,14.75,15.35,6700,4468,115
PEL,05-OCT-2021,2792.7,2944.0,2760.1,2922.45,3292971,740731,130547
PENIND,05-OCT-2021,29.1,31.3,28.65,30.85,1503971,728239,5077
PERSISTENT,05-OCT-2021,3713.0,3790.0,3600.0,3751.05,356654,179733,26528
PETRONET,05-OCT-2021,235.75,235.75,230.55,232.35,3975922,2004513,54108
PFC,05-OCT-2021,142.25,144.85,141.55,142.45,5720158,2524517,32413
PFIZER,05-OCT-2021,5650.0,5730.0,5605.0,5656.3,29911,8901,4217
PFOCUS,05-OCT-2021,77.4,77.8,74.25,74.95,33625,23115,852
PFS,05-OCT-2021,19.6,20.25,19.55,19.7,1340343,640445,3216
PGEL,05-OCT-2021,424.5,432.15,416.05,422.65,32721,20149,1376
PGHH,05-OCT-2021,13972.0,14048.8,13786.2,13844.85,2825,1556,1484
PGHL,05-OCT-2021,5800.0,5851.75,5720.0,5746.55,17275,8653,5299
PGIL,05-OCT-2021,302.05,312.0,301.0,309.3,17807,11297,590
PHILIPCARB,05-OCT-2021,269.0,273.0,267.4,268.3,1324257,628176,15163
PHOENIXLTD,05-OCT-2021,959.0,965.5,946.0,960.55,122706,53212,7846
PIDILITIND,05-OCT-2021,2416.0,2440.0,2411.55,2436.35,127966,54064,13187
PIIND,05-OCT-2021,3173.0,3219.45,3132.55,3175.2,272267,125933,18749
PILANIINVS,05-OCT-2021,1997.35,2018.55,1950.55,1972.35,19924,6159,1795
PILITA,05-OCT-2021,7.6,7.65,7.4,7.55,880013,582125,1638
PIONDIST,05-OCT-2021,177.9,184.9,176.5,183.0,158790,55501,6496
PIONEEREMB,05-OCT-2021,60.15,63.0,59.75,62.5,481266,232114,7091
PITTIENG,05-OCT-2021,168.9,171.5,163.5,167.7,241097,180194,3064
PLASTIBLEN,05-OCT-2021,276.4,282.15,276.15,278.0,37711,16173,2456
PNB,05-OCT-2021,41.05,41.75,40.75,41.05,62599441,15555145,70129
PNBGILTS,05-OCT-2021,67.95,67.95,66.5,66.9,205553,144723,1984
PNBHOUSING,05-OCT-2021,635.7,660.0,630.0,648.7,94788,46731,3574
PNC,05-OCT-2021,38.4,38.4,36.85,37.15,23061,10059,348
PNCINFRA,05-OCT-2021,357.0,379.9,356.45,370.4,577035,128750,18993
PODDARHOUS,05-OCT-2021,199.8,208.4,199.0,208.4,13826,11066,205
PODDARMENT,05-OCT-2021,349.85,372.0,345.05,364.65,28510,17560,1302
POKARNA,05-OCT-2021,490.95,497.0,488.0,488.8,22195,12980,1700
POLYCAB,05-OCT-2021,2452.0,2469.65,2410.25,2449.2,440162,121222,36027
POLYMED,05-OCT-2021,910.0,955.0,768.0,950.2,154103,31976,14700
POLYPLEX,05-OCT-2021,1750.1,1805.0,1750.1,1790.15,124415,61164,10499
POONAWALLA,05-OCT-2021,167.5,169.1,165.1,166.25,481343,355908,5638
POWERGRID,05-OCT-2021,191.65,195.1,189.35,189.95,12900644,5918873,81983
POWERINDIA,05-OCT-2021,2478.0,2492.9,2424.2,2431.9,38936,26707,4311
POWERMECH,05-OCT-2021,999.0,1028.25,996.0,1015.3,89970,40182,8024
PPAP,05-OCT-2021,242.0,258.9,242.0,255.7,70209,41860,2685
PPL,05-OCT-2021,162.2,164.2,160.0,161.4,61150,32592,2562
PRAKASH,05-OCT-2021,78.5,78.95,74.8,75.2,1412660,851920,10751
PRAKASHSTL,05-OCT-2021,2.1,2.15,2.0,2.05,577344,385181,652
PRAXIS,05-OCT-2021,31.45,32.7,31.45,32.15,48280,41863,308
PRECAM,05-OCT-2021,101.0,102.2,98.35,99.3,225012,143216,5576
PRECOT,05-OCT-2021,261.0,269.4,260.8,269.25,39171,31629,480
PRECWIRE,05-OCT-2021,230.0,235.0,229.0,232.7,36479,19891,1373
PREMIERPOL,05-OCT-2021,68.95,68.95,67.15,67.95,5080,4626,90
PRESSMN,05-OCT-2021,27.75,28.2,26.95,27.75,88113,60861,662
PRESTIGE,05-OCT-2021,483.0,483.3,475.0,477.0,496062,200599,11194
PRICOLLTD,05-OCT-2021,107.5,108.5,105.1,105.7,1319106,626805,11150
PRIMESECU,05-OCT-2021,87.15,89.45,85.1,87.55,12763,8664,241
PRINCEPIPE,05-OCT-2021,723.6,734.5,712.0,715.75,313769,137584,16738
PRITIKAUTO,05-OCT-2021,17.45,17.45,17.2,17.25,60909,37552,326
PRIVISCL,05-OCT-2021,1833.7,1943.65,1833.7,1891.2,52297,25862,9045
PROZONINTU,05-OCT-2021,27.85,29.1,27.4,29.1,694892,389395,2162
PRSMJOHNSN,05-OCT-2021,124.9,130.0,122.6,124.4,696939,366522,24275
PSB,05-OCT-2021,17.5,17.7,17.35,17.4,768210,469561,1329
PSPPROJECT,05-OCT-2021,514.7,542.0,512.85,529.25,1212115,379426,29347
PSUBNKBEES,05-OCT-2021,28.4,28.4,27.46,27.75,1609109,1242026,2350
PTC,05-OCT-2021,113.9,116.55,113.5,115.5,2393413,951943,15570
PTL,05-OCT-2021,46.85,47.65,46.6,46.85,62941,42524,676
PUNJABCHEM,05-OCT-2021,1583.0,1648.0,1570.85,1627.05,29699,13501,4519
PURVA,05-OCT-2021,140.2,142.25,136.4,140.25,564420,236044,10813
PVR,05-OCT-2021,1654.55,1680.0,1642.6,1659.65,788991,123411,31626
QGOLDHALF,05-OCT-2021,2006.0,2013.0,2006.0,2009.9,273,209,52
QNIFTY,05-OCT-2021,1834.24,1852.0,1834.24,1852.0,45,26,8
QUESS,05-OCT-2021,949.65,951.55,922.0,926.85,83809,37296,12167
QUICKHEAL,05-OCT-2021,238.65,241.85,235.2,237.95,147440,61470,4453
RADICO,05-OCT-2021,909.7,939.7,899.25,905.0,869891,290313,37856
RADIOCITY,05-OCT-2021,24.3,24.8,24.1,24.5,423093,271830,1310
RAILTEL,05-OCT-2021,127.95,128.5,127.4,127.9,880996,558425,10420
RAIN,05-OCT-2021,254.0,259.5,251.95,253.05,3879610,1410236,44871
RAJESHEXPO,05-OCT-2021,602.85,611.0,597.0,607.65,168267,75560,8989
RAJSREESUG,05-OCT-2021,27.6,28.95,27.6,28.95,49397,43198,228
RALLIS,05-OCT-2021,284.95,293.0,284.6,290.15,710207,333847,15385
RAMANEWS,05-OCT-2021,19.55,21.0,19.35,20.5,322861,174287,1181
RAMCOCEM,05-OCT-2021,1006.85,1026.9,1004.5,1012.0,561147,227776,18995
RAMCOIND,05-OCT-2021,305.0,309.95,303.0,305.3,123812,69979,4427
RAMCOSYS,05-OCT-2021,482.0,489.2,480.05,485.0,41551,18486,3524
RANEENGINE,05-OCT-2021,288.0,297.85,288.0,289.8,15445,11053,564
RANEHOLDIN,05-OCT-2021,603.8,607.7,596.5,597.95,22084,15119,1551
RATNAMANI,05-OCT-2021,2190.25,2227.7,2162.25,2201.6,44131,14033,5486
RAYMOND,05-OCT-2021,452.3,464.0,452.3,460.55,1171472,297296,16678
RBL,05-OCT-2021,874.0,889.15,867.7,869.75,11208,7205,924
RBLBANK,05-OCT-2021,192.9,194.45,190.25,193.25,4068282,1100037,29808
RCF,05-OCT-2021,82.8,84.75,82.45,83.6,4170170,1113278,18251
RCOM,05-OCT-2021,3.05,3.2,3.0,3.05,34322514,13703661,25821
RECLTD,05-OCT-2021,159.35,163.5,158.85,161.65,6209257,2496705,41212
REDINGTON,05-OCT-2021,146.5,150.7,145.0,148.75,2783120,1633284,72777
REFEX,05-OCT-2021,150.4,151.6,146.35,147.15,107927,39408,8704
RELAXO,05-OCT-2021,1213.2,1222.95,1182.6,1199.9,365279,192347,27706
RELCAPITAL,05-OCT-2021,21.0,21.9,20.85,20.95,2375424,1157184,5546
RELIANCE,05-OCT-2021,2555.1,2612.0,2547.35,2609.2,6245770,3235964,190163
RELIGARE,05-OCT-2021,182.5,185.4,176.0,178.95,1459000,746082,14492
REPCOHOME,05-OCT-2021,315.45,325.8,314.4,318.8,194212,107425,7798
REPL,05-OCT-2021,217.2,217.2,210.55,211.35,12917,9073,403
REPRO,05-OCT-2021,553.6,568.7,538.05,549.55,8973,6365,627
RESPONIND,05-OCT-2021,123.5,134.0,122.65,129.65,97811,45809,1641
REVATHI,05-OCT-2021,592.0,608.5,592.0,604.1,1270,934,113
RGL,05-OCT-2021,788.95,804.9,788.95,791.8,33578,5793,1258
RHIM,05-OCT-2021,355.8,363.55,355.15,358.3,71083,43752,3991
RICOAUTO,05-OCT-2021,47.65,48.7,47.65,48.05,351213,188614,2430
RIIL,05-OCT-2021,702.6,734.0,699.0,716.6,406258,133725,15768
RITES,05-OCT-2021,275.0,294.75,275.0,291.5,1194071,455292,23998
RKEC,05-OCT-2021,78.0,78.0,74.85,75.8,37031,23951,408
RKFORGE,05-OCT-2021,1129.9,1135.0,1101.0,1115.8,120150,44422,7063
RML,05-OCT-2021,389.6,391.5,382.1,387.15,21219,11400,1220
ROHLTD,05-OCT-2021,96.95,99.3,94.05,94.7,215860,121596,3974
ROLEXRINGS,05-OCT-2021,1083.7,1093.9,1057.6,1071.05,140164,94590,17164
ROLLT,05-OCT-2021,2.65,2.65,2.65,2.65,396052,396052,377
ROSSARI,05-OCT-2021,1515.0,1543.7,1498.05,1506.95,155978,46058,14488
ROSSELLIND,05-OCT-2021,162.5,164.85,158.75,159.25,83359,48472,1649
ROUTE,05-OCT-2021,2049.7,2098.7,1995.5,2005.65,239657,121823,21156
RPGLIFE,05-OCT-2021,697.7,719.45,692.85,713.05,114933,45960,8678
RPPINFRA,05-OCT-2021,67.5,67.55,66.6,66.85,108862,63185,1817
RPSGVENT,05-OCT-2021,949.7,953.05,920.9,928.85,47707,28439,6396
RSSOFTWARE,05-OCT-2021,35.9,35.9,34.4,34.6,45628,28692,477
RSWM,05-OCT-2021,343.0,355.8,337.0,355.75,198938,112112,4575
RSYSTEMS,05-OCT-2021,218.8,221.0,217.45,218.3,47445,26949,2474
RUBYMILLS,05-OCT-2021,314.95,317.1,305.0,306.1,45056,23277,2954
RUCHI,05-OCT-2021,1052.5,1065.0,1042.0,1051.9,25039,13389,2749
RUCHIRA,05-OCT-2021,86.0,92.0,85.35,90.15,351133,149144,5203
RUPA,05-OCT-2021,458.0,465.0,452.95,456.95,145305,79210,5908
RUSHIL,05-OCT-2021,266.1,277.85,266.0,273.45,38948,25154,1213
RVHL,05-OCT-2021,24.25,24.25,23.0,23.3,16349,13358,162
RVNL,05-OCT-2021,31.5,31.8,30.8,30.9,9130208,3120713,20491
SADBHAV,05-OCT-2021,48.2,48.6,47.8,48.05,751086,467005,6620
SADBHIN,05-OCT-2021,16.45,16.45,15.9,16.05,787885,626363,3454
SAFARI,05-OCT-2021,833.95,833.95,816.55,826.85,25887,15326,3461
SAGCEM,05-OCT-2021,299.0,302.4,297.25,299.25,91688,50405,3805
SAIL,05-OCT-2021,119.8,121.25,118.3,119.35,43299836,12258924,127623
SAKAR,05-OCT-2021,163.75,169.5,161.5,167.8,53206,32392,734
SAKSOFT,05-OCT-2021,1072.0,1079.75,1047.0,1063.75,56445,27928,6678
SALASAR,05-OCT-2021,282.7,285.0,280.0,282.45,23603,13265,1273
SALONA,05-OCT-2021,200.0,204.05,197.65,200.6,2807,2175,159
SALZERELEC,05-OCT-2021,170.65,176.0,169.2,172.0,96109,57625,4187
SANCO,05-OCT-2021,8.7,9.15,8.7,8.9,26094,19934,124
SANDESH,05-OCT-2021,799.95,804.9,783.8,794.6,2691,1785,377
SANDHAR,05-OCT-2021,288.95,295.85,287.95,291.55,68602,36070,3945
SANGAMIND,05-OCT-2021,176.85,182.4,175.5,179.3,91856,50696,1537
SANGHIIND,05-OCT-2021,66.5,68.55,66.5,67.9,476671,244860,3473
SANGHVIMOV,05-OCT-2021,181.35,184.8,176.85,180.4,168394,106256,5471
SANGINITA,05-OCT-2021,30.0,31.9,29.65,31.9,273144,223912,1431
SANOFI,05-OCT-2021,7960.0,8030.0,7935.0,7984.0,9622,6910,2426
SANSERA,05-OCT-2021,806.3,809.4,796.35,804.25,187609,107770,13878
SARDAEN,05-OCT-2021,740.0,766.5,740.0,761.35,101141,73541,3962
SARLAPOLY,05-OCT-2021,52.9,56.35,51.3,54.8,1617985,704167,13044
SASKEN,05-OCT-2021,1345.0,1355.3,1321.65,1335.2,16517,7853,2593
SATIA,05-OCT-2021,96.8,101.0,96.5,98.85,378812,148604,5554
SATIN,05-OCT-2021,77.0,79.45,76.95,78.75,163000,97170,2762
SBCL,05-OCT-2021,274.95,278.85,262.0,263.35,45465,33210,1978
SBICARD,05-OCT-2021,1072.0,1098.9,1065.0,1096.7,1515466,951892,64493
SBIETFCON,05-OCT-2021,72.9,72.9,71.31,72.22,4407,3442,144
SBIETFIT,05-OCT-2021,359.99,362.12,353.0,360.98,3851,2803,211
SBIETFPB,05-OCT-2021,195.48,196.6,195.0,195.89,777,671,26
SBIETFQLTY,05-OCT-2021,159.0,159.0,156.37,157.79,9228,7302,85
SBILIFE,05-OCT-2021,1231.0,1267.5,1227.0,1261.95,2282814,1218169,72538
SBIN,05-OCT-2021,462.0,469.0,458.7,464.7,16487568,6198603,173621
SCHAEFFLER,05-OCT-2021,7300.0,7399.3,7300.0,7353.9,9278,5652,5532
SCHAND,05-OCT-2021,115.85,119.15,113.2,114.9,139905,86283,2185
SCHNEIDER,05-OCT-2021,114.85,117.0,114.2,114.9,861871,520013,5231
SCI,05-OCT-2021,132.85,133.25,127.8,128.25,3875912,1802257,22461
SDBL,05-OCT-2021,41.35,41.85,40.55,40.9,156870,115901,932
SEAMECLTD,05-OCT-2021,1214.5,1215.05,1190.0,1192.75,13275,8471,634
SECURKLOUD,05-OCT-2021,196.2,214.35,194.5,214.35,461686,244147,9133
SELAN,05-OCT-2021,161.0,169.0,161.0,165.5,674033,224698,17859
SEPOWER,05-OCT-2021,9.55,9.55,9.55,9.55,62455,52669,107
SEQUENT,05-OCT-2021,214.45,224.7,213.65,218.8,1516423,574911,22002
SERVOTECH,05-OCT-2021,26.05,26.4,25.75,25.95,25843,22959,143
SESHAPAPER,05-OCT-2021,184.4,192.0,183.25,190.75,205613,75007,5034
SETCO,05-OCT-2021,19.75,19.9,19.55,19.7,118610,91800,472
SETF10GILT,05-OCT-2021,204.23,206.7,204.22,204.56,690,251,22
SETFGOLD,05-OCT-2021,4158.45,4158.5,4140.0,4147.9,9544,6455,1254
SETFNIF50,05-OCT-2021,182.0,191.3,179.9,181.95,99467,69802,1458
SETFNIFBK,05-OCT-2021,376.0,377.76,371.0,377.44,96550,63237,491
SETFNN50,05-OCT-2021,449.5,450.0,446.1,449.67,8890,7073,304
SEYAIND,05-OCT-2021,54.25,56.05,53.45,54.75,26387,18738,418
SFL,05-OCT-2021,2424.0,2424.0,2345.05,2378.2,62276,39753,10592
SGIL,05-OCT-2021,147.6,147.6,138.15,142.2,11658,4507,576
SGL,05-OCT-2021,12.9,12.9,12.5,12.7,20135,11743,127
SHAKTIPUMP,05-OCT-2021,710.0,716.95,694.75,704.65,62213,37017,4627
SHALBY,05-OCT-2021,174.2,177.9,171.6,172.55,187731,95795,4605
SHALPAINTS,05-OCT-2021,98.0,98.35,95.0,96.8,185299,109528,3166
SHANKARA,05-OCT-2021,594.65,606.95,589.05,593.75,73521,27464,6210
SHANTI,05-OCT-2021,20.75,21.35,20.05,21.35,13429,7916,55
SHANTIGEAR,05-OCT-2021,168.25,168.25,165.3,165.75,84547,48576,3673
SHARDACROP,05-OCT-2021,337.95,346.95,334.4,338.45,219357,108983,8221
SHAREINDIA,05-OCT-2021,689.7,696.0,684.5,687.9,40660,28771,2490
SHARIABEES,05-OCT-2021,462.0,462.0,448.0,455.99,634,352,54
SHILPAMED,05-OCT-2021,546.7,583.3,545.55,577.2,778492,274840,27816
SHIVAMAUTO,05-OCT-2021,23.0,24.7,22.35,24.35,220318,155947,984
SHIVAMILLS,05-OCT-2021,95.0,96.2,95.0,96.2,16970,16307,94
SHIVATEX,05-OCT-2021,194.0,229.85,191.95,229.85,195201,105269,6677
SHK,05-OCT-2021,156.3,166.4,156.05,163.3,562095,232857,9653
SHOPERSTOP,05-OCT-2021,288.6,296.9,280.2,282.15,726934,188400,18340
SHRADHA,05-OCT-2021,57.9,57.9,52.3,54.3,3102,2076,135
SHREDIGCEM,05-OCT-2021,79.05,81.0,79.05,80.75,395323,233635,4850
SHREECEM,05-OCT-2021,29289.3,29425.25,28701.0,28766.45,42151,22259,15687
SHREEPUSHK,05-OCT-2021,236.85,274.45,236.85,262.4,2213155,584317,65479
SHREERAMA,05-OCT-2021,12.75,13.35,12.75,13.35,109632,99198,139
SHRENIK,05-OCT-2021,1.7,1.7,1.55,1.6,4319838,2992684,2082
SHREYANIND,05-OCT-2021,136.95,141.5,131.2,134.0,134597,53408,5392
SHREYAS,05-OCT-2021,422.4,422.4,407.0,411.1,320211,141000,8959
SHRIRAMCIT,05-OCT-2021,2177.85,2212.1,2136.7,2152.2,25901,8604,4752
SHRIRAMEPC,05-OCT-2021,6.9,6.9,6.8,6.9,1433026,1011470,891
SHYAMCENT,05-OCT-2021,14.7,15.3,14.25,15.2,1124301,986420,1316
SHYAMMETL,05-OCT-2021,374.0,376.0,367.8,369.9,657597,401902,12647
SICAL,05-OCT-2021,12.25,12.3,12.0,12.15,417796,251090,820
SIEMENS,05-OCT-2021,2231.1,2252.0,2218.35,2247.65,437730,205310,22017
SIGIND,05-OCT-2021,41.95,44.35,41.05,44.35,94229,60943,812
SILGO,05-OCT-2021,34.5,34.5,28.5,31.25,57643,34701,400
SILLYMONKS,05-OCT-2021,20.95,21.8,19.85,21.3,2571,1482,30
SIMPLEXINF,05-OCT-2021,42.7,43.6,42.5,42.95,87974,55813,573
SINTERCOM,05-OCT-2021,89.6,89.95,86.2,87.35,12263,9753,168
SINTEX,05-OCT-2021,5.05,5.05,5.05,5.05,773354,773353,700
SIRCA,05-OCT-2021,440.0,456.0,420.25,428.8,592977,221053,26423
SIS,05-OCT-2021,490.0,501.9,490.0,494.95,214325,106708,14151
SITINET,05-OCT-2021,2.1,2.1,2.1,2.1,479797,479797,183
SIYSIL,05-OCT-2021,409.65,430.0,404.25,426.0,255079,123038,11683
SJVN,05-OCT-2021,28.5,28.75,28.05,28.1,5580954,3307094,12211
SKFINDIA,05-OCT-2021,3225.6,3225.6,3111.55,3122.75,28244,14393,7990
SKIL,05-OCT-2021,4.3,4.3,4.3,4.3,15426,15426,27
SKIPPER,05-OCT-2021,82.6,83.5,81.6,82.1,311100,119046,5956
SKMEGGPROD,05-OCT-2021,82.55,84.9,82.55,83.4,118090,44436,1740
SMARTLINK,05-OCT-2021,117.9,117.9,113.2,114.1,54462,31566,1584
SMCGLOBAL,05-OCT-2021,75.65,76.7,75.4,75.7,88706,67191,912
SMLISUZU,05-OCT-2021,597.0,599.05,587.1,590.85,30885,12039,3240
SMSLIFE,05-OCT-2021,819.0,828.75,782.1,789.35,21660,8998,2598
SMSPHARMA,05-OCT-2021,159.5,159.5,154.15,155.7,62896,33640,1571
SNOWMAN,05-OCT-2021,43.05,44.3,43.0,43.75,1128034,476496,5003
SOBHA,05-OCT-2021,791.0,794.9,771.1,774.3,213490,118006,12351
SOLARA,05-OCT-2021,1595.0,1595.0,1549.0,1554.25,74183,44361,8466
SOLARINDS,05-OCT-2021,2418.0,2499.0,2383.05,2404.0,242792,71658,25010
SOMANYCERA,05-OCT-2021,793.85,809.9,782.15,807.9,57700,44978,2637
SOMATEX,05-OCT-2021,8.0,8.25,8.0,8.1,33897,23071,151
SONACOMS,05-OCT-2021,575.6,589.85,555.0,585.25,2312586,784245,42557
SONATSOFTW,05-OCT-2021,881.45,917.5,878.8,913.9,237927,75413,15446
SORILINFRA,05-OCT-2021,112.5,114.25,111.2,112.15,47411,28422,1038
SOTL,05-OCT-2021,1511.35,1562.95,1504.85,1524.65,17999,9394,3603
SOUTHBANK,05-OCT-2021,10.2,10.5,10.15,10.25,9939613,3654956,20835
SOUTHWEST,05-OCT-2021,108.8,110.15,106.5,109.4,119903,87488,1034
SPAL,05-OCT-2021,331.95,365.4,328.0,357.15,149754,88582,5579
SPANDANA,05-OCT-2021,552.05,582.0,552.05,556.5,181831,91750,16787
SPARC,05-OCT-2021,293.35,295.3,288.5,289.85,385444,182784,5829
SPECIALITY,05-OCT-2021,75.15,77.15,75.0,75.55,174617,104998,1981
SPENCERS,05-OCT-2021,131.0,134.5,128.6,129.55,911046,322604,14228
SPIC,05-OCT-2021,53.0,57.3,53.0,55.15,1599713,891956,10062
SPICEJET,05-OCT-2021,75.25,76.0,75.25,75.4,1879232,864048,10799
SPLIL,05-OCT-2021,47.35,49.5,47.1,48.95,47724,29764,609
SPTL,05-OCT-2021,5.3,5.3,5.3,5.3,201682,201682,287
SREEL,05-OCT-2021,192.5,198.9,192.05,192.9,22397,14241,738
SRF,05-OCT-2021,11578.0,11692.4,11455.0,11488.15,302761,124293,45248
SRHHYPOLTD,05-OCT-2021,390.0,410.0,380.05,403.15,194105,90707,11197
SRIPIPES,05-OCT-2021,214.4,219.7,214.3,218.2,76355,38426,3094
SRTRANSFIN,05-OCT-2021,1340.0,1357.5,1324.3,1335.25,822061,315445,22318
STAR,05-OCT-2021,589.45,604.35,587.0,596.8,682741,245024,14172
STARCEMENT,05-OCT-2021,107.3,109.5,107.3,108.1,386240,218997,4647
STARPAPER,05-OCT-2021,152.35,159.2,151.75,155.85,545009,115003,10739
STCINDIA,05-OCT-2021,104.7,109.5,104.7,107.1,196582,78924,4844
STEELCITY,05-OCT-2021,57.75,58.7,57.75,58.3,28963,19556,344
STEELXIND,05-OCT-2021,73.4,73.75,71.7,72.2,80196,36569,1016
STEL,05-OCT-2021,184.0,187.55,179.15,180.0,113084,51555,7642
STERTOOLS,05-OCT-2021,193.25,210.0,193.25,207.4,142546,93151,3892
STLTECH,05-OCT-2021,286.5,288.9,281.35,282.4,332997,171172,7296
STOVEKRAFT,05-OCT-2021,1062.0,1111.0,1052.0,1082.9,436539,122295,30989
STYLAMIND,05-OCT-2021,1130.75,1133.3,1100.75,1116.2,18215,9425,5102
SUBEXLTD,05-OCT-2021,52.4,56.4,52.15,55.75,16601515,5628160,47323
SUBROS,05-OCT-2021,330.6,333.4,323.05,326.45,18432,10242,1390
SUDARSCHEM,05-OCT-2021,659.6,700.0,658.0,690.15,1836012,542497,46633
SUMICHEM,05-OCT-2021,403.9,420.0,403.85,418.9,1783988,755034,33598
SUMMITSEC,05-OCT-2021,794.35,807.05,780.0,786.1,5163,3056,771
SUNCLAYLTD,05-OCT-2021,3427.25,3450.0,3408.5,3438.1,2975,2268,723
SUNDARMFIN,05-OCT-2021,2470.0,2475.0,2437.6,2456.65,105491,87036,8237
SUNDARMHLD,05-OCT-2021,74.95,75.35,74.4,74.55,122299,92665,1329
SUNDRMBRAK,05-OCT-2021,408.65,408.65,401.2,402.15,1769,1387,157
SUNDRMFAST,05-OCT-2021,930.75,936.05,911.0,914.65,66085,23818,7732
SUNFLAG,05-OCT-2021,86.45,88.35,85.1,85.6,864638,345773,8322
SUNPHARMA,05-OCT-2021,828.0,834.4,814.95,820.5,2987134,1349918,68244
SUNTECK,05-OCT-2021,484.5,497.7,480.4,493.75,787353,181248,22291
SUNTV,05-OCT-2021,529.2,542.0,525.65,534.4,2444212,810945,29456
SUPERHOUSE,05-OCT-2021,173.0,174.55,171.0,172.15,13642,8728,728
SUPPETRO,05-OCT-2021,738.5,764.0,738.5,757.2,174408,113731,8111
SUPRAJIT,05-OCT-2021,321.0,328.5,321.0,322.95,159594,54061,8384
SUPREMEENG,05-OCT-2021,20.95,21.15,20.3,21.15,399170,248020,2298
SUPREMEIND,05-OCT-2021,2428.7,2570.0,2420.0,2517.0,186231,56882,22170
SURANASOL,05-OCT-2021,14.3,14.55,14.0,14.5,183489,136867,943
SURANAT&P,05-OCT-2021,8.75,8.75,8.4,8.6,429028,281004,809
SURYAROSNI,05-OCT-2021,851.0,856.0,817.0,825.0,294079,163880,10531
SURYODAY,05-OCT-2021,181.95,182.6,179.85,181.0,55876,31884,1187
SUTLEJTEX,05-OCT-2021,70.75,70.85,69.0,69.35,298838,143767,4155
SUULD,05-OCT-2021,532.0,532.0,517.8,523.4,42418,13557,4944
SUVEN,05-OCT-2021,100.15,106.55,99.65,104.1,3185410,1439142,32588
SUVENPHAR,05-OCT-2021,537.5,538.0,525.1,535.6,255476,149545,11153
SUVIDHAA,05-OCT-2021,17.4,18.15,16.8,17.0,2697766,1137405,4334
SUZLON,05-OCT-2021,7.1,7.1,6.95,7.1,31668556,21587055,7085
SVPGLOB,05-OCT-2021,120.7,122.5,118.0,119.0,155147,96660,3038
SWANENERGY,05-OCT-2021,128.3,129.8,128.0,129.0,28896,16571,1181
SWARAJENG,05-OCT-2021,1681.2,1693.55,1661.35,1671.95,24598,20569,1564
SWELECTES,05-OCT-2021,228.9,232.0,225.4,228.2,16496,9824,797
SWSOLAR,05-OCT-2021,404.8,416.55,400.0,411.25,2193878,572114,36867
SYMPHONY,05-OCT-2021,1065.0,1067.0,1051.35,1064.05,33805,20009,4969
SYNGENE,05-OCT-2021,629.9,637.65,623.55,631.45,821549,405438,18047
TAJGVK,05-OCT-2021,146.45,149.35,145.4,146.15,344335,132681,8239
TAKE,05-OCT-2021,51.9,52.5,51.35,51.7,853794,413419,5202
TALBROAUTO,05-OCT-2021,284.8,287.4,279.3,280.05,35719,19372,1017
TANLA,05-OCT-2021,916.85,916.85,861.25,871.05,148212,92979,10185
TARAPUR,05-OCT-2021,4.55,4.55,4.15,4.15,134411,81868,138
TARMAT,05-OCT-2021,61.8,72.9,60.0,70.1,599217,209800,6394
TASTYBITE,05-OCT-2021,18370.0,19100.0,18105.3,18373.7,4127,1040,2155
TATACHEM,05-OCT-2021,940.0,952.0,927.25,930.95,4403016,1030791,83032
TATACOFFEE,05-OCT-2021,205.5,207.7,204.5,205.4,975538,387157,11017
TATACOMM,05-OCT-2021,1444.9,1469.8,1438.85,1451.25,250426,95507,15451
TATACONSUM,05-OCT-2021,815.0,819.2,799.7,801.45,3499870,2178490,84504
TATAELXSI,05-OCT-2021,5895.0,5926.95,5790.0,5840.15,194416,101754,30461
TATAINVEST,05-OCT-2021,1467.0,1482.7,1435.0,1457.6,137822,48478,13072
TATAMETALI,05-OCT-2021,1108.65,1132.3,1100.0,1113.65,287516,109814,18197
TATAMOTORS,05-OCT-2021,340.45,351.5,338.85,344.95,31861985,7956502,266202
TATAMTRDVR,05-OCT-2021,188.3,192.8,183.3,188.3,7217396,2215775,59426
TATAPOWER,05-OCT-2021,169.0,184.75,168.35,179.4,161189379,26216608,653430
TATASTEEL,05-OCT-2021,1314.0,1332.7,1310.15,1316.85,5795216,1477245,113241
TATASTLLP,05-OCT-2021,951.05,991.4,951.05,972.2,85302,52877,6344
TATVA,05-OCT-2021,2199.0,2310.0,2156.85,2250.6,208603,53795,19390
TBZ,05-OCT-2021,84.1,84.5,82.2,82.65,403864,272017,4304
TCI,05-OCT-2021,440.0,459.0,435.0,445.1,161453,59473,8131
TCIDEVELOP,05-OCT-2021,371.15,388.65,369.05,377.1,1100,792,97
TCIEXP,05-OCT-2021,1524.0,1548.15,1511.0,1517.2,15724,5493,4170
TCIFINANCE,05-OCT-2021,5.5,5.5,5.3,5.3,16296,16296,34
TCNSBRANDS,05-OCT-2021,665.45,675.0,655.0,660.55,29980,10514,3341
TCPLPACK,05-OCT-2021,547.5,572.25,542.0,560.15,22861,14379,2146
TCS,05-OCT-2021,3754.0,3840.0,3741.6,3833.3,1877966,1088332,107053
TDPOWERSYS,05-OCT-2021,335.8,350.0,333.4,341.6,103315,56028,7798
TEAMLEASE,05-OCT-2021,4663.45,4770.0,4658.6,4741.65,34973,23666,6456
TECHM,05-OCT-2021,1399.1,1421.0,1381.0,1413.05,2481825,1025479,77989
TECHNOE,05-OCT-2021,284.9,290.0,283.1,284.7,59383,27148,2599
TEJASNET,05-OCT-2021,560.0,570.5,516.2,516.2,1465268,786144,28132
TEMBO,05-OCT-2021,330.0,330.0,322.05,325.0,294831,97642,2209
TEXINFRA,05-OCT-2021,58.8,59.1,57.4,58.85,62845,52229,399
TEXMOPIPES,05-OCT-2021,52.65,52.65,51.0,51.75,140368,74196,1865
TEXRAIL,05-OCT-2021,36.5,36.7,36.05,36.25,555816,300669,2495
TFCILTD,05-OCT-2021,72.1,73.95,72.1,72.65,199481,131180,2043
TGBHOTELS,05-OCT-2021,9.95,10.1,9.5,10.1,57442,47618,138
THANGAMAYL,05-OCT-2021,1149.7,1150.0,1115.0,1126.15,12350,5296,3010
THEINVEST,05-OCT-2021,114.5,114.5,111.65,112.45,5854,3902,189
THERMAX,05-OCT-2021,1339.65,1353.55,1332.0,1347.65,24041,14360,2987
THOMASCOOK,05-OCT-2021,67.0,72.15,66.6,71.05,2340844,1231592,19143
THYROCARE,05-OCT-2021,1199.0,1199.75,1166.0,1173.7,41224,22678,3736
TIIL,05-OCT-2021,810.0,824.9,809.95,816.45,3780,2487,391
TIINDIA,05-OCT-2021,1334.3,1344.65,1310.0,1328.75,104351,50097,10080
TIL,05-OCT-2021,175.0,175.0,165.1,166.2,14943,9589,927
TIMESGTY,05-OCT-2021,41.2,45.8,41.2,43.65,10035,6155,152
TIMETECHNO,05-OCT-2021,71.0,71.9,70.6,71.5,460064,249086,4065
TIMKEN,05-OCT-2021,1675.0,1700.8,1675.0,1696.05,22049,11342,3256
TINPLATE,05-OCT-2021,310.5,317.95,310.0,311.65,1499850,551269,29503
TIRUMALCHM,05-OCT-2021,314.75,335.75,308.1,324.85,2399914,804161,38507
TITAN,05-OCT-2021,2155.3,2206.65,2130.0,2192.65,1329784,715513,55082
TMRVL,05-OCT-2021,13.1,13.1,12.75,12.8,169807,131711,698
TNPETRO,05-OCT-2021,133.0,139.0,133.0,137.75,1767246,765096,18154
TNPL,05-OCT-2021,138.4,148.4,135.6,145.25,1408140,491441,19983
TOKYOPLAST,05-OCT-2021,103.75,103.75,100.1,102.55,11142,8216,162
TORNTPHARM,05-OCT-2021,3129.55,3149.0,3102.0,3129.3,39335,15883,5759
TORNTPOWER,05-OCT-2021,500.0,519.5,498.8,515.15,1817013,555780,29208
TOTAL,05-OCT-2021,52.8,53.1,51.5,52.9,23644,16194,223
TPLPLASTEH,05-OCT-2021,187.0,189.0,181.55,184.0,31658,18840,1857
TREJHARA,05-OCT-2021,63.2,63.7,62.3,62.8,44437,33550,603
TRENT,05-OCT-2021,1050.0,1068.0,1040.25,1049.85,675246,138952,35986
TRF,05-OCT-2021,149.1,149.1,149.1,149.1,13681,13681,128
TRIDENT,05-OCT-2021,32.35,32.35,32.35,32.35,3094094,3094084,4336
TRIGYN,05-OCT-2021,111.5,113.9,111.2,111.9,69438,43866,1526
TRIL,05-OCT-2021,31.2,32.9,31.0,32.25,1104222,502210,7158
TRITURBINE,05-OCT-2021,182.95,182.95,176.5,178.1,792986,234053,18907
TRIVENI,05-OCT-2021,206.85,206.85,198.4,199.75,1239227,532841,22400
TTKHLTCARE,05-OCT-2021,677.5,687.0,663.05,678.75,8286,4213,582
TTKPRESTIG,05-OCT-2021,8888.8,9040.0,8851.6,8973.35,10213,6953,3331
TTL,05-OCT-2021,67.0,71.5,65.95,69.45,81777,38104,763
TV18BRDCST,05-OCT-2021,43.65,45.15,43.1,44.35,23094444,6518453,35593
TVSELECT,05-OCT-2021,169.0,170.5,167.0,168.2,40281,24445,932
TVSMOTOR,05-OCT-2021,559.0,569.0,554.35,562.0,1910687,744461,48909
TVSSRICHAK,05-OCT-2021,2155.0,2247.0,2148.0,2212.15,8073,5207,1226
TVTODAY,05-OCT-2021,289.1,293.1,289.0,289.75,51242,30638,2686
TWL,05-OCT-2021,106.15,107.1,103.25,104.2,1093398,452506,11870
UBL,05-OCT-2021,1602.75,1617.0,1589.55,1613.35,418207,164331,19635
UCALFUEL,05-OCT-2021,152.05,153.0,150.0,151.15,27377,16775,1297
UCOBANK,05-OCT-2021,13.65,13.8,13.6,13.75,3878318,1549261,14230
UFLEX,05-OCT-2021,534.0,547.65,531.95,538.6,271597,126577,7638
UFO,05-OCT-2021,106.85,109.3,106.45,107.5,398680,182213,6521
UGARSUGAR,05-OCT-2021,32.55,33.2,30.85,31.1,625150,387470,3319
UGROCAP,05-OCT-2021,128.2,129.0,124.5,127.0,84627,56381,922
UJAAS,05-OCT-2021,2.95,2.95,2.85,2.9,606759,404574,688
UJJIVAN,05-OCT-2021,154.8,155.9,153.0,153.6,371125,200202,3752
UJJIVANSFB,05-OCT-2021,21.1,21.2,20.85,20.95,2363679,1314174,5341
ULTRACEMCO,05-OCT-2021,7500.0,7564.85,7450.1,7464.0,229310,125200,33678
UMANGDAIRY,05-OCT-2021,74.0,75.5,72.85,74.45,43567,16110,527
UMESLTD,05-OCT-2021,4.05,4.05,3.8,3.95,30156,23327,92
UNICHEMLAB,05-OCT-2021,272.05,274.0,268.7,270.6,67475,21742,7993
UNIDT,05-OCT-2021,342.4,345.0,341.05,343.75,13919,10174,341
UNIENTER,05-OCT-2021,128.4,133.85,126.95,130.0,23557,11356,921
UNIONBANK,05-OCT-2021,37.75,37.85,36.9,37.1,12602430,5903984,15638
UNITEDTEA,05-OCT-2021,392.85,393.75,387.1,391.55,1118,522,74
UNIVASTU,05-OCT-2021,48.25,48.25,44.1,44.9,401172,232934,1422
UNIVCABLES,05-OCT-2021,168.7,174.4,168.7,171.5,29376,15999,1006
UNIVPHOTO,05-OCT-2021,396.0,427.7,390.0,412.75,19407,13056,869
UPL,05-OCT-2021,705.0,719.6,700.55,714.65,3780191,1546186,75499
URJA,05-OCT-2021,6.3,6.4,6.25,6.35,2668412,1776736,6694
USHAMART,05-OCT-2021,95.9,95.9,90.7,92.25,2524496,1295099,20161
UTIAMC,05-OCT-2021,1053.0,1084.1,1052.2,1055.3,78783,35726,7582
UTIBANKETF,05-OCT-2021,37.79,37.99,37.4,37.88,10164,9520,134
UTINEXT50,05-OCT-2021,45.29,45.29,44.72,45.05,5430,3736,207
UTINIFTETF,05-OCT-2021,1925.0,1939.25,1855.95,1869.69,1055,947,161
UTISENSETF,05-OCT-2021,624.7,628.07,620.01,625.13,529,439,80
UTISXN50,05-OCT-2021,50.83,50.83,49.31,49.75,489,328,51
V2RETAIL,05-OCT-2021,143.05,147.0,143.0,144.8,80613,69257,963
VADILALIND,05-OCT-2021,1058.3,1145.0,1044.05,1110.05,30083,15401,2574
VAIBHAVGBL,05-OCT-2021,704.0,705.95,699.0,699.8,86120,47344,7307
VAISHALI,05-OCT-2021,36.9,37.4,36.8,36.85,55659,21982,382
VAKRANGEE,05-OCT-2021,40.3,40.55,40.15,40.25,3796133,1958561,6532
VALIANTORG,05-OCT-2021,1460.0,1616.7,1451.5,1593.15,737453,204023,56427
VARDHACRLC,05-OCT-2021,63.0,66.5,62.7,65.55,246279,156816,4066
VARROC,05-OCT-2021,298.0,302.5,296.55,300.6,310704,175801,14845
VASCONEQ,05-OCT-2021,27.7,28.45,26.85,28.45,1309757,927302,1688
VASWANI,05-OCT-2021,11.6,11.6,11.2,11.45,26123,12276,126
VBL,05-OCT-2021,916.65,924.4,910.25,913.9,260461,157863,18990
VEDL,05-OCT-2021,299.7,308.0,299.2,303.0,12193085,3569963,91613
VENKEYS,05-OCT-2021,2949.0,3049.0,2935.8,2962.0,137611,31221,18409
VENUSREM,05-OCT-2021,443.9,454.0,442.0,448.45,67550,36015,4822
VERTOZ,05-OCT-2021,99.5,100.25,99.0,99.2,66337,51399,1323
VESUVIUS,05-OCT-2021,1200.0,1218.0,1186.2,1191.4,8729,4588,1311
VETO,05-OCT-2021,110.3,111.5,108.1,108.8,58868,37403,2254
VGUARD,05-OCT-2021,262.95,266.65,257.6,260.6,892211,496072,12341
VHL,05-OCT-2021,3045.0,3150.0,3045.0,3137.35,1148,841,232
VIDHIING,05-OCT-2021,388.75,414.95,383.45,408.95,574572,203937,20530
VIJAYA,05-OCT-2021,551.65,585.35,551.65,580.7,498976,275883,17967
VIKASECO,05-OCT-2021,2.15,2.15,2.05,2.05,9537524,7051872,2994
VIKASPROP,05-OCT-2021,2.15,2.15,2.05,2.1,2145244,1656621,2438
VIKASWSP,05-OCT-2021,5.0,5.35,5.0,5.35,1056104,736051,629
VIMTALABS,05-OCT-2021,292.0,297.85,292.0,296.2,33879,24223,1317
VINATIORGA,05-OCT-2021,1975.0,2048.0,1935.65,2023.7,391143,161852,26016
VINDHYATEL,05-OCT-2021,1224.0,1233.8,1203.0,1218.15,19403,9754,2792
VINEETLAB,05-OCT-2021,77.0,79.9,76.7,79.0,28571,21421,437
VINYLINDIA,05-OCT-2021,297.15,331.0,295.0,322.9,1947170,313908,67709
VIPIND,05-OCT-2021,500.3,504.05,492.0,494.15,233056,82057,9691
VIPULLTD,05-OCT-2021,30.75,30.75,29.2,29.55,6823,6089,71
VISAKAIND,05-OCT-2021,676.4,690.0,662.0,664.4,47752,31814,4780
VISASTEEL,05-OCT-2021,13.15,13.3,12.55,13.1,120736,83171,474
VISHAL,05-OCT-2021,113.1,114.15,112.25,113.3,39134,26840,697
VISHNU,05-OCT-2021,800.0,800.0,774.9,779.3,12609,9406,740
VISHWARAJ,05-OCT-2021,152.9,159.4,152.8,158.2,394369,189496,6251
VIVIDHA,05-OCT-2021,0.8,0.8,0.75,0.8,1451439,789039,1338
VIVIMEDLAB,05-OCT-2021,20.7,20.9,20.3,20.4,192468,130467,971
VLSFINANCE,05-OCT-2021,199.55,199.55,195.2,196.9,39745,25307,1398
VMART,05-OCT-2021,3699.45,3860.0,3699.45,3807.0,55405,18230,11909
VOLTAMP,05-OCT-2021,1525.0,1525.0,1476.15,1493.45,9626,4592,1820
VOLTAS,05-OCT-2021,1225.0,1256.5,1215.0,1250.25,1207112,688857,29220
VRLLOG,05-OCT-2021,368.0,397.9,367.85,394.35,565347,134154,26756
VSSL,05-OCT-2021,246.0,248.7,242.9,244.05,98320,47637,3999
VSTIND,05-OCT-2021,3505.55,3519.9,3452.25,3466.75,4894,3129,1412
VSTTILLERS,05-OCT-2021,2955.0,3087.0,2857.0,2880.75,71820,29370,15287
VTL,05-OCT-2021,1862.0,1915.0,1851.05,1893.25,67148,27393,8438
WABAG,05-OCT-2021,334.4,341.35,333.5,336.4,226491,114234,6075
WABCOINDIA,05-OCT-2021,7161.8,7200.0,7150.0,7186.5,991,508,389
WALCHANNAG,05-OCT-2021,60.3,60.8,57.8,58.15,590461,340076,5798
WATERBASE,05-OCT-2021,114.3,121.45,114.3,120.5,564746,231885,8389
WEBELSOLAR,05-OCT-2021,64.0,65.0,63.6,63.8,261492,166533,2716
WEIZMANIND,05-OCT-2021,50.35,50.35,47.6,48.7,10148,4222,318
WELCORP,05-OCT-2021,142.0,152.0,141.4,148.45,7129284,2846663,46975
WELENT,05-OCT-2021,107.8,108.65,105.5,106.25,172590,89481,3917
WELINV,05-OCT-2021,327.6,334.0,324.2,327.05,685,524,67
WELSPUNIND,05-OCT-2021,163.35,165.3,160.7,163.8,2543640,767297,21561
WENDT,05-OCT-2021,4290.0,4350.0,4290.0,4322.8,252,171,111
WESTLIFE,05-OCT-2021,559.0,563.4,553.45,557.0,24999,10964,3041
WHEELS,05-OCT-2021,770.2,818.95,770.2,810.85,132915,103345,5009
WHIRLPOOL,05-OCT-2021,2263.2,2314.85,2263.2,2280.15,55119,21388,6891
WILLAMAGOR,05-OCT-2021,21.0,22.5,20.1,21.9,44403,33044,196
WINDLAS,05-OCT-2021,370.0,372.75,363.2,365.9,64104,30486,3542
WINDMACHIN,05-OCT-2021,30.35,30.55,29.55,29.85,61100,41663,345
WIPRO,05-OCT-2021,636.45,649.5,634.05,646.85,5456074,1922472,107964
WOCKPHARMA,05-OCT-2021,447.8,455.0,444.0,448.05,553656,142235,16334
WONDERLA,05-OCT-2021,243.4,247.0,242.5,243.25,102603,50684,5584
WORTH,05-OCT-2021,87.9,89.75,87.0,89.5,40995,26270,430
WSTCSTPAPR,05-OCT-2021,271.9,290.0,270.5,282.5,1566971,650281,28685
XCHANGING,05-OCT-2021,109.5,116.25,109.05,114.55,803902,458540,9800
XPROINDIA,05-OCT-2021,621.95,639.5,619.85,632.15,97313,51246,4407
YAARII,05-OCT-2021,100.15,103.0,100.05,100.65,75027,52777,1024
YESBANK,05-OCT-2021,13.1,13.2,13.0,13.1,96849882,40206863,120395
YUKEN,05-OCT-2021,596.0,605.95,585.0,594.25,2661,1180,535
ZEEL,05-OCT-2021,299.9,303.2,294.15,299.45,18671616,5832173,128186
ZEELEARN,05-OCT-2021,14.3,14.55,14.3,14.35,983185,625150,2267
ZEEMEDIA,05-OCT-2021,15.85,16.0,14.65,14.95,13788205,7817955,15205
ZENITHEXPO,05-OCT-2021,88.95,97.6,88.4,97.6,13391,8021,215
ZENSARTECH,05-OCT-2021,480.0,481.2,471.0,475.2,741149,306385,25047
ZENTEC,05-OCT-2021,214.85,218.5,211.0,213.05,629589,369340,17604
ZODIACLOTH,05-OCT-2021,120.0,123.7,116.1,119.3,83918,45857,1843
ZOMATO,05-OCT-2021,138.75,138.8,137.15,137.95,10912142,6319193,96329
ZOTA,05-OCT-2021,425.0,430.0,411.0,415.95,82305,46494,4444
ZYDUSWELL,05-OCT-2021,2327.8,2375.0,2306.05,2342.6,317237,289334,5269
