20MICRONS,06-OCT-2021,61.1,64.5,60.5,61.3,435161,201871,3275
21STCENMGM,06-OCT-2021,52.15,52.15,52.15,52.15,6287,6287,22
3MINDIA,06-OCT-2021,25499.9,25995.0,24915.05,25289.55,13066,10044,2973
5PAISA,06-OCT-2021,469.6,477.65,466.0,467.3,26743,15834,3070
63MOONS,06-OCT-2021,94.75,95.75,92.2,92.9,84025,54621,1551
A2ZINFRA,06-OCT-2021,4.25,4.25,4.15,4.2,462716,432159,337
AAKASH,06-OCT-2021,228.0,228.0,212.0,214.95,61621,27931,748
AAREYDRUGS,06-OCT-2021,37.5,37.9,36.5,36.7,37429,23695,384
AARON,06-OCT-2021,113.6,113.6,106.3,113.6,15903,13938,392
AARTIDRUGS,06-OCT-2021,628.0,645.6,627.0,631.35,471858,152583,21323
AARTIIND,06-OCT-2021,1066.0,1083.0,1053.0,1060.5,1754516,522717,56575
AARTISURF,06-OCT-2021,1501.0,1513.7,1395.05,1445.0,45703,21500,6863
AARVEEDEN,06-OCT-2021,24.5,25.2,24.4,24.95,74177,59135,321
AARVI,06-OCT-2021,66.45,67.0,62.55,63.7,34850,22215,330
AAVAS,06-OCT-2021,2615.0,2704.9,2550.0,2613.65,208023,87858,36254
ABAN,06-OCT-2021,49.5,50.0,45.3,45.8,596542,352991,6792
ABB,06-OCT-2021,1879.0,1895.95,1860.1,1873.35,60478,31909,13216
ABBOTINDIA,06-OCT-2021,23200.0,23720.85,21854.8,22100.1,56156,10802,21367
ABCAPITAL,06-OCT-2021,111.0,111.65,110.0,110.25,2174874,980920,13215
ABFRL,06-OCT-2021,257.0,257.95,239.0,240.75,5768308,1409568,55312
ABMINTLLTD,06-OCT-2021,145.15,145.15,145.15,145.15,971,971,26
ABSLBANETF,06-OCT-2021,377.31,379.0,372.52,373.34,641,345,30
ABSLNN50ET,06-OCT-2021,446.0,446.0,435.25,436.24,868,689,37
ACC,06-OCT-2021,2265.95,2278.0,2194.35,2203.25,446408,192440,24088
ACCELYA,06-OCT-2021,1312.1,1327.0,1277.05,1286.2,32618,17601,4691
ACCURACY,06-OCT-2021,136.45,143.45,133.5,136.1,99378,32667,5049
ACE,06-OCT-2021,272.65,272.75,261.4,263.8,622460,298220,19897
ACRYSIL,06-OCT-2021,775.0,775.0,740.1,748.35,116977,73066,9747
ADANIENT,06-OCT-2021,1529.8,1541.0,1472.0,1479.55,1777998,337650,41715
ADANIGREEN,06-OCT-2021,1231.9,1264.8,1203.3,1214.6,375503,222345,24410
ADANIPORTS,06-OCT-2021,747.7,749.0,721.85,724.0,3615568,1204394,62309
ADANIPOWER,06-OCT-2021,107.3,108.9,101.2,101.55,12067633,6769125,95181
ADFFOODS,06-OCT-2021,899.95,900.0,880.0,881.55,7336,5052,981
ADORWELD,06-OCT-2021,746.9,757.0,711.05,713.95,20092,13454,1932
ADSL,06-OCT-2021,85.0,89.0,80.65,82.0,1337706,641953,24888
ADVANIHOTR,06-OCT-2021,84.2,84.2,80.0,80.45,25035,13621,595
ADVENZYMES,06-OCT-2021,389.5,404.35,389.5,400.35,703221,304402,23145
AEGISCHEM,06-OCT-2021,231.7,233.0,227.35,228.55,490329,227645,9052
AFFLE,06-OCT-2021,5787.6,5798.0,5460.0,5496.7,173608,95575,32465
AGARIND,06-OCT-2021,390.0,392.45,385.0,392.45,89743,71923,1024
AGROPHOS,06-OCT-2021,16.25,16.3,15.4,15.45,79196,52607,377
AHLADA,06-OCT-2021,167.9,170.0,162.05,169.35,42451,33331,525
AHLEAST,06-OCT-2021,184.4,195.0,184.15,190.1,15380,10271,421
AHLUCONT,06-OCT-2021,361.85,361.85,353.0,353.6,27067,17107,2200
AHLWEST,06-OCT-2021,278.0,284.0,278.0,278.9,747,649,29
AIAENG,06-OCT-2021,1980.0,1987.9,1874.95,1883.95,109987,60225,15385
AJANTPHARM,06-OCT-2021,2276.1,2284.0,2233.0,2264.55,32950,15995,5714
AJOONI,06-OCT-2021,60.05,60.8,59.55,60.7,136640,103111,532
AKASH,06-OCT-2021,230.5,234.9,216.35,221.15,96277,64205,2823
AKG,06-OCT-2021,25.45,26.7,24.55,26.4,18001,15548,179
AKSHARCHEM,06-OCT-2021,546.0,613.7,541.05,551.15,1110684,188830,76849
AKZOINDIA,06-OCT-2021,2287.0,2287.0,2238.05,2246.5,6603,4122,1750
ALANKIT,06-OCT-2021,19.3,19.5,18.9,19.0,3160416,1105211,3552
ALBERTDAVD,06-OCT-2021,623.7,623.7,600.05,601.65,19206,8091,2388
ALEMBICLTD,06-OCT-2021,115.9,115.9,112.7,113.4,227505,108950,3988
ALICON,06-OCT-2021,769.0,772.55,740.7,746.2,24472,14403,2307
ALKALI,06-OCT-2021,105.0,106.0,96.1,96.9,322112,154273,6888
ALKEM,06-OCT-2021,3979.7,3982.6,3911.05,3935.75,151518,95810,23278
ALKYLAMINE,06-OCT-2021,4021.25,4065.0,3974.2,4044.55,121672,70197,20798
ALLCARGO,06-OCT-2021,299.9,300.75,281.5,284.1,1309703,522748,17596
ALLSEC,06-OCT-2021,419.15,424.85,417.0,419.05,4772,3519,256
ALMONDZ,06-OCT-2021,108.95,110.25,108.0,109.85,42230,32269,740
ALOKINDS,06-OCT-2021,24.75,25.15,24.05,24.15,12776303,4645856,17198
ALPA,06-OCT-2021,59.8,59.8,57.0,57.3,92385,55742,1111
ALPHAGEO,06-OCT-2021,485.0,495.0,450.05,456.7,161062,78067,10572
AMARAJABAT,06-OCT-2021,765.5,770.0,746.5,749.7,881069,347741,30590
AMBER,06-OCT-2021,3425.0,3497.9,3335.0,3389.35,90856,32539,16758
AMBICAAGAR,06-OCT-2021,19.2,19.2,18.4,18.75,42624,31163,215
AMBIKCO,06-OCT-2021,1830.0,1944.0,1830.0,1900.35,183849,58971,22519
AMBUJACEM,06-OCT-2021,404.0,405.8,393.5,394.9,4685363,2685775,62622
AMDIND,06-OCT-2021,30.2,30.2,29.2,29.8,78694,63144,322
AMIORG,06-OCT-2021,1331.9,1347.3,1300.0,1306.3,303771,94966,16004
AMJLAND,06-OCT-2021,37.45,37.5,36.1,36.35,52992,33732,623
AMRUTANJAN,06-OCT-2021,829.95,869.65,829.05,841.8,341673,153020,23078
ANANTRAJ,06-OCT-2021,76.0,78.9,72.9,74.4,887667,453165,3827
ANDHRAPAP,06-OCT-2021,246.95,250.1,240.2,241.3,92488,47092,4227
ANDHRSUGAR,06-OCT-2021,670.7,692.0,658.85,662.0,184432,82665,10876
ANDREWYU,06-OCT-2021,29.6,29.6,26.95,27.15,905504,497027,5303
ANGELBRKG,06-OCT-2021,1379.0,1389.0,1320.15,1335.25,343307,130722,21408
ANIKINDS,06-OCT-2021,18.4,18.4,17.9,18.15,19880,15409,159
ANMOL,06-OCT-2021,156.8,156.8,153.75,154.15,41709,18418,1218
ANSALAPI,06-OCT-2021,9.1,9.1,8.9,9.0,136634,122758,214
ANSALHSG,06-OCT-2021,6.4,6.65,6.4,6.45,108985,85249,158
ANUP,06-OCT-2021,976.4,979.0,956.0,963.05,11228,7540,1689
ANURAS,06-OCT-2021,792.9,794.4,771.3,773.3,54932,31007,3952
APARINDS,06-OCT-2021,664.6,684.8,653.25,658.2,198326,74921,12621
APCL,06-OCT-2021,399.0,422.75,385.0,406.25,124408,50374,5929
APCOTEXIND,06-OCT-2021,432.0,439.45,420.1,430.15,164208,78622,6921
APEX,06-OCT-2021,317.9,327.55,306.0,307.5,308421,124395,15952
APLAPOLLO,06-OCT-2021,863.0,863.6,840.1,845.5,595083,438685,41330
APLLTD,06-OCT-2021,786.0,792.45,776.0,778.7,755192,604382,7022
APOLLO,06-OCT-2021,124.1,125.15,119.0,119.5,147524,90278,4203
APOLLOHOSP,06-OCT-2021,4495.0,4509.0,4356.0,4378.75,480575,175632,39827
APOLLOPIPE,06-OCT-2021,1909.75,1943.95,1770.0,1790.9,56213,34822,5284
APOLLOTYRE,06-OCT-2021,226.7,231.7,221.5,222.3,3873270,1043119,30659
APOLSINHOT,06-OCT-2021,782.4,809.45,780.25,789.7,3575,2142,463
APTECHT,06-OCT-2021,313.6,315.75,298.9,302.4,298101,111360,12013
APTUS,06-OCT-2021,342.0,349.0,319.85,322.45,1841887,838982,30898
ARCHIDPLY,06-OCT-2021,33.35,34.45,32.1,33.05,30194,20183,298
ARENTERP,06-OCT-2021,31.5,31.55,29.1,29.65,23264,11335,656
ARIES,06-OCT-2021,148.0,150.45,146.75,147.1,46458,29699,1285
ARIHANT,06-OCT-2021,27.35,27.4,25.8,25.9,19226,12038,266
ARIHANTCAP,06-OCT-2021,139.8,141.0,134.9,137.5,46326,26546,1067
ARIHANTSUP,06-OCT-2021,166.0,176.0,164.5,171.05,733462,404552,17676
ARMANFIN,06-OCT-2021,987.0,994.75,924.0,931.25,46501,14069,8490
AROGRANITE,06-OCT-2021,65.0,65.0,63.5,63.6,40329,24634,664
ARROWGREEN,06-OCT-2021,119.1,122.9,119.1,119.5,10321,7238,366
ARSHIYA,06-OCT-2021,28.6,28.6,27.3,27.7,23030,11898,241
ARSSINFRA,06-OCT-2021,30.4,30.4,28.2,28.3,20918,15227,420
ARTEMISMED,06-OCT-2021,38.9,38.95,37.1,37.4,99216,68380,1376
ARVIND,06-OCT-2021,109.2,111.35,101.35,103.7,6020682,1869101,47540
ARVINDFASN,06-OCT-2021,350.0,364.4,319.2,323.5,4272097,938725,104839
ARVSMART,06-OCT-2021,179.45,185.5,173.75,180.6,306770,195322,4802
ASAHIINDIA,06-OCT-2021,373.9,374.0,364.0,366.1,68823,39516,3541
ASAHISONG,06-OCT-2021,377.5,384.0,362.05,365.75,73458,40684,3650
ASALCBR,06-OCT-2021,478.9,515.75,478.0,485.95,702246,299814,27540
ASHAPURMIN,06-OCT-2021,139.2,141.75,131.25,131.25,182975,146025,1990
ASHIANA,06-OCT-2021,202.0,202.4,196.9,199.95,524780,471857,4400
ASHIMASYN,06-OCT-2021,17.8,18.3,17.5,17.7,118719,102821,270
ASHOKA,06-OCT-2021,102.0,103.7,99.0,99.25,1837709,607448,14632
ASHOKLEY,06-OCT-2021,133.0,134.4,129.25,129.85,12785028,3992853,71265
ASIANHOTNR,06-OCT-2021,90.9,91.95,86.0,86.8,43113,23419,1068
ASIANPAINT,06-OCT-2021,3262.0,3280.0,3200.65,3212.25,786378,364412,72798
ASIANTILES,06-OCT-2021,171.55,176.3,163.75,168.9,796108,275116,10641
ASPINWALL,06-OCT-2021,188.4,191.9,184.0,184.85,11747,7711,593
ASTEC,06-OCT-2021,1306.6,1308.0,1276.0,1279.85,11757,6812,1622
ASTERDM,06-OCT-2021,213.0,215.25,206.1,207.95,561434,258038,10006
ASTRAL,06-OCT-2021,2370.0,2379.25,2240.0,2246.05,591438,245326,58634
ASTRAMICRO,06-OCT-2021,204.45,208.45,193.1,194.4,850613,402376,13670
ASTRAZEN,06-OCT-2021,3112.6,3153.1,3085.0,3092.7,18497,8142,3862
ASTRON,06-OCT-2021,61.7,62.5,59.6,59.95,174522,84545,3386
ATFL,06-OCT-2021,1006.05,1029.85,1000.0,1024.8,11831,6938,1268
ATUL,06-OCT-2021,9990.0,10449.0,9623.0,9799.85,68984,29844,15081
ATULAUTO,06-OCT-2021,230.85,233.8,219.7,220.8,298166,122348,12758
AUBANK,06-OCT-2021,1244.8,1260.0,1196.8,1203.1,3062242,783345,95021
AUROPHARMA,06-OCT-2021,726.5,729.4,712.15,715.35,1928858,1008732,61031
AUTOAXLES,06-OCT-2021,1247.0,1260.15,1230.0,1232.15,14373,6930,1920
AUTOIND,06-OCT-2021,58.0,59.1,57.0,57.8,49387,32040,498
AVADHSUGAR,06-OCT-2021,464.05,468.8,446.4,448.5,96140,42623,5556
AVANTIFEED,06-OCT-2021,577.7,589.35,569.8,571.15,445372,173507,24805
AVTNPL,06-OCT-2021,83.25,85.45,82.55,83.9,240530,105116,5658
AWHCL,06-OCT-2021,358.7,363.7,352.6,354.5,531255,272043,17976
AXISBANK,06-OCT-2021,782.25,794.2,776.0,778.95,5092479,1756406,91708
AXISBNKETF,06-OCT-2021,382.08,384.0,377.47,378.35,317,290,42
AXISBPSETF,06-OCT-2021,10.35,10.36,10.34,10.35,26984,26260,137
AXISCADES,06-OCT-2021,86.85,89.0,84.1,84.9,199845,132604,2032
AXISCETF,06-OCT-2021,72.86,72.86,71.3,71.59,1318,1308,51
AXISGOLD,06-OCT-2021,40.37,40.51,40.31,40.38,92422,60355,3549
AXISHCETF,06-OCT-2021,90.47,90.47,89.11,89.52,6036,5343,223
AXISNIFTY,06-OCT-2021,191.15,191.15,185.0,185.46,3624,2683,160
AXISTECETF,06-OCT-2021,358.0,361.0,353.0,353.33,3521,2886,203
AYMSYNTEX,06-OCT-2021,117.0,117.0,109.0,111.05,84184,55863,1845
BAFNAPH,06-OCT-2021,127.0,131.55,127.0,128.75,2800,1668,135
BAJAJ-AUTO,06-OCT-2021,3876.0,3884.0,3760.0,3770.05,383507,192304,35454
BAJAJCON,06-OCT-2021,255.25,264.3,252.95,254.05,1200601,457088,21217
BAJAJELEC,06-OCT-2021,1289.9,1297.65,1255.0,1262.25,157544,92319,12759
BAJAJFINSV,06-OCT-2021,17974.0,18145.55,17557.95,17616.6,300421,70228,54223
BAJAJHLDNG,06-OCT-2021,4873.45,4888.0,4750.0,4767.95,72861,52779,6968
BAJFINANCE,06-OCT-2021,7810.0,7880.6,7685.0,7735.15,1764631,747589,134494
BALAJITELE,06-OCT-2021,67.1,67.3,64.45,65.05,275662,140904,4309
BALAMINES,06-OCT-2021,4695.0,4722.5,4621.25,4632.5,72039,40232,9018
BALAXI,06-OCT-2021,560.2,583.95,560.2,580.35,2504,1713,183
BALKRISIND,06-OCT-2021,2526.5,2548.35,2505.0,2508.25,379718,227000,13822
BALMLAWRIE,06-OCT-2021,132.8,132.9,129.2,129.8,487429,180248,7455
BALPHARMA,06-OCT-2021,104.45,105.0,101.05,101.6,40209,28021,1113
BALRAMCHIN,06-OCT-2021,386.0,388.3,374.0,378.75,877554,413896,22809
BANARBEADS,06-OCT-2021,65.05,67.7,64.65,65.05,12956,6984,177
BANARISUG,06-OCT-2021,2388.0,2410.0,2265.3,2282.2,5385,2390,1391
BANCOINDIA,06-OCT-2021,196.7,204.65,196.0,198.75,297517,125562,10607
BANDHANBNK,06-OCT-2021,299.7,310.0,299.7,305.65,14274370,4491441,163305
BANKBARODA,06-OCT-2021,83.7,85.8,82.0,82.3,37820587,9092163,90311
BANKBEES,06-OCT-2021,370.0,383.76,370.0,377.58,725133,400544,8734
BANKINDIA,06-OCT-2021,57.9,58.4,55.9,56.1,8508015,3699033,29880
BANSWRAS,06-OCT-2021,186.0,186.1,181.0,186.1,47761,37356,467
BARBEQUE,06-OCT-2021,1098.0,1114.0,1079.0,1088.75,48270,16243,5041
BASF,06-OCT-2021,3588.4,3620.0,3490.0,3528.1,47712,16636,8104
BASML,06-OCT-2021,67.75,69.45,66.15,67.0,106558,86604,779
BATAINDIA,06-OCT-2021,1849.95,1858.9,1820.5,1826.75,243645,79124,15901
BAYERCROP,06-OCT-2021,5201.0,5265.85,5177.0,5189.65,18964,11685,8612
BBL,06-OCT-2021,1348.05,1360.0,1320.0,1328.8,7762,5069,1543
BBTC,06-OCT-2021,1183.15,1194.9,1161.0,1166.5,79002,26199,6364
BCLIND,06-OCT-2021,243.0,247.7,238.0,242.25,133976,61537,6324
BCP,06-OCT-2021,3.95,4.0,3.8,3.85,174325,134094,249
BDL,06-OCT-2021,378.7,382.9,375.05,376.2,141447,57734,5128
BEARDSELL,06-OCT-2021,14.2,14.35,13.3,14.3,35166,23960,255
BECTORFOOD,06-OCT-2021,412.95,413.95,408.65,411.05,141481,101600,3675
BEDMUTHA,06-OCT-2021,38.65,38.65,36.65,36.65,8376,3914,455
BEL,06-OCT-2021,205.9,208.5,198.0,199.3,5206217,2111570,42963
BEML,06-OCT-2021,1453.55,1537.9,1453.55,1493.8,1245190,424313,52545
BEPL,06-OCT-2021,212.25,213.2,200.5,202.9,2683234,1162562,35252
BERGEPAINT,06-OCT-2021,828.85,832.15,815.6,821.1,382313,165400,18382
BESTAGRO,06-OCT-2021,787.1,828.65,785.05,816.3,90987,63571,2815
BFINVEST,06-OCT-2021,365.05,372.3,360.0,361.5,41058,14946,2422
BFUTILITIE,06-OCT-2021,434.7,445.0,425.0,427.4,208829,70727,5594
BGRENERGY,06-OCT-2021,73.0,73.7,66.5,67.3,867908,344922,13278
BHAGERIA,06-OCT-2021,312.4,329.0,308.2,315.5,548442,199139,22299
BHAGYANGR,06-OCT-2021,50.0,53.7,49.0,51.95,295981,116911,2779
BHAGYAPROP,06-OCT-2021,29.95,34.0,28.95,33.2,586248,186170,2214
BHANDARI,06-OCT-2021,3.25,3.3,3.15,3.15,415318,293548,867
BHARATFORG,06-OCT-2021,726.0,732.0,717.3,721.65,2086669,700514,37233
BHARATGEAR,06-OCT-2021,168.0,188.0,164.0,170.9,1173497,249368,37816
BHARATRAS,06-OCT-2021,12639.0,12682.95,12200.05,12268.55,1754,767,1056
BHARTIARTL,06-OCT-2021,705.75,707.95,688.2,691.4,10406502,4697552,135686
BHEL,06-OCT-2021,66.8,67.1,62.7,63.2,47534375,11010488,94030
BIGBLOC,06-OCT-2021,122.95,133.1,122.9,132.45,118669,74519,1446
BIL,06-OCT-2021,233.95,235.0,226.45,228.85,3580,1964,233
BINDALAGRO,06-OCT-2021,23.65,23.85,22.9,23.0,168356,101609,1504
BIOCON,06-OCT-2021,362.0,364.2,355.85,356.4,1197301,553878,25212
BIOFILCHEM,06-OCT-2021,65.8,65.8,63.4,63.55,20624,13260,544
BIRLACORPN,06-OCT-2021,1394.5,1394.5,1332.0,1347.8,161740,106190,14347
BIRLAMONEY,06-OCT-2021,63.95,68.0,63.25,65.75,591918,294563,7978
BIRLATYRE,06-OCT-2021,24.15,24.25,23.7,23.9,389494,170818,1642
BLBLIMITED,06-OCT-2021,10.0,10.25,9.8,10.0,32511,18946,139
BLISSGVS,06-OCT-2021,110.7,111.9,109.5,109.75,178367,75080,2722
BLKASHYAP,06-OCT-2021,31.7,32.25,29.8,30.3,1090084,662060,3567
BLS,06-OCT-2021,270.0,272.3,258.15,259.15,163161,100858,4294
BLUEDART,06-OCT-2021,6488.0,6529.4,6354.0,6389.2,11455,5384,3118
BLUESTARCO,06-OCT-2021,881.1,884.8,861.5,870.7,40817,23460,3859
BODALCHEM,06-OCT-2021,144.3,147.7,135.85,137.25,5075166,1377210,58153
BOMDYEING,06-OCT-2021,95.2,98.75,94.5,95.25,7048595,1778529,36488
BOROLTD,06-OCT-2021,229.0,233.45,213.8,220.75,191852,86334,6265
BORORENEW,06-OCT-2021,348.95,349.0,320.2,321.85,770750,483885,21633
BOSCHLTD,06-OCT-2021,15545.0,17444.95,15510.35,17277.35,645475,80342,138795
BPCL,06-OCT-2021,447.0,451.95,445.15,447.2,8124411,4268341,95789
BRIGADE,06-OCT-2021,446.65,455.0,443.45,445.3,1673097,1059731,27808
BRITANNIA,06-OCT-2021,3893.0,3993.15,3882.25,3938.6,409840,133832,33281
BRNL,06-OCT-2021,31.2,32.0,30.5,30.6,120173,64868,1090
BROOKS,06-OCT-2021,136.35,137.8,132.9,135.2,66974,39031,647
BSE,06-OCT-2021,1281.0,1298.4,1237.15,1248.9,799474,313909,39517
BSL,06-OCT-2021,63.0,66.55,63.0,66.55,39643,30392,629
BSLGOLDETF,06-OCT-2021,4269.95,4270.05,4226.0,4256.85,347,183,121
BSLNIFTY,06-OCT-2021,194.16,198.99,194.16,195.66,425,402,54
BSLSENETFG,06-OCT-2021,664.99,664.99,561.0,567.95,782,572,47
BSOFT,06-OCT-2021,414.0,416.9,405.55,407.85,864326,423605,19468
BURGERKING,06-OCT-2021,162.5,163.25,158.55,159.25,1373467,767252,15587
BUTTERFLY,06-OCT-2021,1000.0,1025.95,988.9,1002.75,35352,23956,3103
BYKE,06-OCT-2021,35.0,35.8,32.5,32.9,251283,187968,1424
CADILAHC,06-OCT-2021,566.25,566.25,547.5,550.35,1962074,914587,26480
CALSOFT,06-OCT-2021,31.15,31.15,31.15,31.15,27903,27903,78
CAMLINFINE,06-OCT-2021,206.75,213.0,198.3,200.95,1259459,464449,21479
CAMS,06-OCT-2021,3140.0,3169.9,3083.25,3117.6,400282,183268,40532
CANBK,06-OCT-2021,180.1,183.4,173.45,174.45,18996875,4078657,74692
CANFINHOME,06-OCT-2021,703.0,711.65,667.0,669.45,2054046,530366,41641
CANTABIL,06-OCT-2021,615.0,624.4,606.0,608.15,21408,15578,586
CAPACITE,06-OCT-2021,185.6,202.0,181.6,184.3,1162035,678686,14118
CAPLIPOINT,06-OCT-2021,913.7,918.6,889.1,894.75,154472,49801,10256
CAPTRUST,06-OCT-2021,97.95,97.95,93.0,94.1,5694,4340,128
CARBORUNIV,06-OCT-2021,884.95,891.0,859.0,867.05,69037,39508,10420
CAREERP,06-OCT-2021,160.45,162.0,156.65,158.0,27561,17455,991
CARERATING,06-OCT-2021,687.9,696.95,676.05,677.1,88271,53214,4379
CARTRADE,06-OCT-2021,1345.0,1462.0,1341.05,1426.9,902488,340944,71170
CASTROLIND,06-OCT-2021,142.0,148.0,141.65,144.55,3830581,1366031,33773
CCL,06-OCT-2021,391.9,416.0,391.9,404.85,1674063,457221,36884
CEATLTD,06-OCT-2021,1345.95,1372.0,1331.2,1341.6,188506,63180,13362
CELEBRITY,06-OCT-2021,10.05,10.2,9.55,9.7,37817,26711,206
CENTENKA,06-OCT-2021,464.0,485.3,464.0,469.1,105779,59763,6373
CENTEXT,06-OCT-2021,9.65,9.85,9.3,9.4,313358,232311,622
CENTRALBK,06-OCT-2021,22.85,23.2,22.0,22.2,6838404,2911953,10469
CENTRUM,06-OCT-2021,39.35,40.35,37.9,38.65,1385457,666748,7365
CENTUM,06-OCT-2021,554.5,559.0,510.05,517.35,46242,18185,5202
CENTURYPLY,06-OCT-2021,484.85,485.0,474.5,480.5,123092,58865,7116
CENTURYTEX,06-OCT-2021,935.15,943.0,915.1,924.2,266765,73180,10880
CERA,06-OCT-2021,5350.0,5350.0,5200.0,5231.0,6011,2830,2222
CEREBRAINT,06-OCT-2021,57.15,57.15,54.65,55.05,190152,89271,4240
CESC,06-OCT-2021,93.5,94.45,91.05,91.4,6606431,3153449,39989
CGCL,06-OCT-2021,531.0,534.5,517.35,524.6,46830,15780,5177
CHALET,06-OCT-2021,240.95,244.7,228.5,231.0,548702,283191,15360
CHAMBLFERT,06-OCT-2021,345.0,348.5,337.5,341.75,453566,171299,15694
CHEMBOND,06-OCT-2021,235.95,273.0,232.7,267.3,854552,244790,28570
CHEMCON,06-OCT-2021,465.4,482.4,450.0,452.25,863340,317979,25218
CHEMFAB,06-OCT-2021,204.0,218.2,204.0,208.3,402998,275628,12044
CHEMPLASTS,06-OCT-2021,718.0,743.15,705.05,716.75,3839813,1883642,160356
CHENNPETRO,06-OCT-2021,126.25,129.9,126.1,127.35,1366754,560269,18642
CHOLAFIN,06-OCT-2021,560.7,582.55,557.2,560.25,2205904,405597,52432
CHOLAHLDNG,06-OCT-2021,694.0,709.9,693.05,700.0,28211,14983,2985
CIGNITITEC,06-OCT-2021,593.8,609.9,577.05,600.6,122977,68055,5041
CIPLA,06-OCT-2021,935.55,938.55,911.15,913.45,2615582,1360327,87658
CLEAN,06-OCT-2021,2138.0,2243.6,2107.0,2223.7,1185905,317694,71967
CLEDUCATE,06-OCT-2021,75.45,75.55,72.1,72.35,48443,37821,623
CLNINDIA,06-OCT-2021,622.6,643.0,612.6,618.25,324685,134734,21998
CLSEL,06-OCT-2021,120.0,124.4,120.0,120.8,48082,25771,2232
CMICABLES,06-OCT-2021,47.8,49.0,46.05,47.1,131072,57719,2567
COALINDIA,06-OCT-2021,200.0,203.8,191.7,192.85,41926821,10911304,240942
COCHINSHIP,06-OCT-2021,362.75,368.4,360.0,362.75,206481,84145,7598
COFFEEDAY,06-OCT-2021,32.3,33.25,31.55,32.35,1720382,893916,5375
COFORGE,06-OCT-2021,5425.65,5459.95,5276.35,5301.8,306747,121111,30418
COLPAL,06-OCT-2021,1684.85,1700.0,1676.0,1680.15,246220,90562,14208
COMPINFO,06-OCT-2021,26.5,27.8,26.15,26.2,321516,147411,1476
COMPUSOFT,06-OCT-2021,17.5,17.5,17.5,17.5,93098,93096,256
CONCOR,06-OCT-2021,712.0,713.75,693.5,696.35,1340297,696948,34634
CONFIPET,06-OCT-2021,91.7,93.1,88.05,89.0,1855976,946153,17555
CONSOFINVT,06-OCT-2021,155.3,155.3,154.0,155.3,69046,65274,249
CONTROLPR,06-OCT-2021,332.9,336.8,326.0,326.4,25401,17250,1008
CORALFINAC,06-OCT-2021,46.45,46.55,44.55,45.3,227801,102691,1340
CORDSCABLE,06-OCT-2021,54.9,63.0,54.75,58.35,486892,184708,6420
COROMANDEL,06-OCT-2021,831.0,865.0,829.2,857.0,1275895,422068,47441
COSMOFILMS,06-OCT-2021,1478.0,1493.05,1454.4,1460.95,35875,16107,3622
COUNCODOS,06-OCT-2021,2.9,2.95,2.8,2.95,141754,126001,291
CPSEETF,06-OCT-2021,31.78,32.42,31.43,31.49,6538599,5856721,19358
CRAFTSMAN,06-OCT-2021,2204.8,2328.0,2194.9,2240.75,153065,77011,25143
CREATIVEYE,06-OCT-2021,3.85,3.9,3.85,3.9,5082,5082,13
CREDITACC,06-OCT-2021,678.0,678.0,655.0,664.65,73181,34930,5926
CRISIL,06-OCT-2021,2870.0,2935.15,2822.6,2890.0,69227,39589,6997
CROMPTON,06-OCT-2021,487.85,495.4,473.0,477.05,1389867,734304,41521
CSBBANK,06-OCT-2021,315.0,316.15,310.55,312.1,131428,66437,4697
CTE,06-OCT-2021,54.65,57.25,54.25,54.85,44837,28250,705
CUB,06-OCT-2021,157.9,164.8,157.9,159.0,4924292,1263804,34110
CUBEXTUB,06-OCT-2021,26.75,26.75,26.75,26.75,14572,14571,55
CUMMINSIND,06-OCT-2021,901.0,915.0,876.65,882.6,1533500,655857,52208
CUPID,06-OCT-2021,236.4,242.0,235.0,235.3,83803,45848,4254
CYBERTECH,06-OCT-2021,163.9,164.4,161.45,161.95,73908,46786,2222
CYIENT,06-OCT-2021,1063.35,1084.95,1058.65,1078.0,382536,159325,23118
DAAWAT,06-OCT-2021,71.5,71.6,69.8,70.0,1170186,549947,8983
DABUR,06-OCT-2021,616.8,623.7,614.0,614.95,2026192,1222495,58881
DALBHARAT,06-OCT-2021,2055.5,2145.0,2050.6,2103.75,631327,390962,40074
DALMIASUG,06-OCT-2021,467.9,468.7,450.55,452.35,120537,63902,5489
DANGEE,06-OCT-2021,189.0,191.1,189.0,190.9,1547,496,30
DATAMATICS,06-OCT-2021,326.0,340.0,324.0,328.3,803960,356773,24333
DBCORP,06-OCT-2021,103.0,103.0,99.05,99.5,277588,145650,4571
DBL,06-OCT-2021,603.3,654.0,603.3,628.7,3278457,1036258,75538
DBREALTY,06-OCT-2021,28.9,30.35,28.75,30.35,2333903,1678296,2682
DCAL,06-OCT-2021,242.4,251.4,235.25,248.45,5628507,1511516,76370
DCBBANK,06-OCT-2021,90.95,91.4,89.65,89.9,1208460,734811,7357
DCMNVL,06-OCT-2021,245.0,253.55,234.4,245.9,167751,112694,3508
DCMSHRIRAM,06-OCT-2021,1167.0,1248.0,1154.0,1191.85,363828,113839,33458
DCW,06-OCT-2021,64.4,65.9,57.15,57.15,17712369,7077076,64934
DECCANCE,06-OCT-2021,744.9,770.0,740.55,760.25,109124,62975,10010
DEEPAKFERT,06-OCT-2021,423.9,428.7,409.3,415.35,518876,322041,9160
DEEPAKNTR,06-OCT-2021,2696.95,2930.0,2681.75,2886.8,4981156,531164,224473
DEEPINDS,06-OCT-2021,153.6,174.55,151.85,161.55,1024776,252206,26875
DELPHIFX,06-OCT-2021,669.6,669.95,655.0,656.5,2207,1852,185
DELTACORP,06-OCT-2021,270.9,279.7,263.05,264.25,12225716,2435208,99800
DELTAMAGNT,06-OCT-2021,56.8,56.8,52.25,52.85,6290,3930,123
DEN,06-OCT-2021,51.15,51.5,49.55,49.75,1102175,549275,5106
DENORA,06-OCT-2021,334.65,334.75,322.35,325.0,10144,6996,534
DEVYANI,06-OCT-2021,113.6,115.1,112.8,113.0,2456312,1336745,19969
DFMFOODS,06-OCT-2021,347.9,359.85,346.7,347.8,72787,37438,4007
DHAMPURSUG,06-OCT-2021,315.9,318.0,301.55,304.3,531842,254122,10921
DHANBANK,06-OCT-2021,16.15,16.35,16.0,16.05,649508,499626,1168
DHANI,06-OCT-2021,194.3,195.9,185.0,190.1,2106668,1167704,24228
DHANUKA,06-OCT-2021,834.0,834.0,803.0,813.75,52319,22871,4165
DHUNINV,06-OCT-2021,629.7,670.0,625.1,638.2,8239,4813,559
DIAMONDYD,06-OCT-2021,672.1,687.3,666.1,670.2,15860,6036,1753
DICIND,06-OCT-2021,470.0,478.8,462.35,466.45,13312,5430,929
DISHTV,06-OCT-2021,20.2,20.3,19.15,19.55,9316224,4586875,17923
DIVISLAB,06-OCT-2021,5225.0,5227.85,5117.85,5136.55,304090,125390,38257
DIXON,06-OCT-2021,4848.0,4967.0,4755.4,4834.75,513752,131876,61512
DLF,06-OCT-2021,415.85,419.45,406.35,408.1,7205982,947112,69928
DLINKINDIA,06-OCT-2021,152.0,152.9,147.0,148.5,345958,181814,7996
DMART,06-OCT-2021,4292.15,4295.0,4205.0,4218.55,301394,210412,43590
DODLA,06-OCT-2021,595.0,599.5,586.05,589.15,57882,16964,4689
DOLAT,06-OCT-2021,94.5,94.9,89.65,90.3,302919,169661,5854
DOLLAR,06-OCT-2021,395.0,397.9,385.0,386.75,104219,64940,3842
DONEAR,06-OCT-2021,59.0,59.95,56.6,57.55,55167,33493,709
DPABHUSHAN,06-OCT-2021,219.95,219.95,212.25,213.25,5198,3397,183
DPSCLTD,06-OCT-2021,17.2,17.8,16.4,16.5,390012,268879,1464
DPWIRES,06-OCT-2021,230.0,234.9,228.05,230.8,16885,10477,560
DRCSYSTEMS,06-OCT-2021,282.0,293.6,267.2,283.45,3881,2901,228
DREDGECORP,06-OCT-2021,364.0,374.5,362.0,362.6,172815,49700,6722
DRREDDY,06-OCT-2021,5017.5,5042.2,4906.8,4956.6,529264,333109,39974
DSSL,06-OCT-2021,150.95,150.95,145.2,145.75,27779,16073,665
DTIL,06-OCT-2021,278.4,278.4,270.0,270.55,12720,7204,821
DVL,06-OCT-2021,292.0,318.0,287.65,306.7,408257,168135,16811
DWARKESH,06-OCT-2021,76.7,76.75,73.0,73.5,1903020,999003,12413
DYNAMATECH,06-OCT-2021,3085.95,3096.8,2977.0,2983.4,12366,7336,2944
DYNPRO,06-OCT-2021,735.0,735.0,676.05,685.05,188552,80554,15224
EASEMYTRIP,06-OCT-2021,598.8,603.2,582.0,583.9,326134,169679,16281
EASTSILK,06-OCT-2021,4.05,4.05,4.0,4.05,59282,50248,134
EBANK,06-OCT-2021,3962.0,4188.0,3962.0,4147.52,16,7,8
EBBETF0423,06-OCT-2021,1148.02,1149.15,1146.58,1147.05,9698,7569,60
EBBETF0425,06-OCT-2021,1068.0,1068.99,1065.95,1067.78,15367,14814,78
EBBETF0430,06-OCT-2021,1185.0,1185.0,1181.26,1182.64,11105,10409,178
EBBETF0431,06-OCT-2021,1063.0,1063.0,1058.15,1059.82,16360,14856,285
ECLERX,06-OCT-2021,2246.05,2257.95,2200.0,2217.1,34306,27139,2946
EDELWEISS,06-OCT-2021,80.3,80.9,79.0,79.35,1614328,902262,9729
EICHERMOT,06-OCT-2021,2770.0,2783.5,2713.6,2728.95,589264,316910,30965
EIDPARRY,06-OCT-2021,440.0,451.15,432.7,435.1,479964,193934,16061
EIHAHOTELS,06-OCT-2021,414.75,438.8,404.1,409.95,124444,39695,6857
EIHOTEL,06-OCT-2021,132.05,137.25,130.0,132.25,1417100,640506,15049
EIMCOELECO,06-OCT-2021,394.95,398.35,390.0,391.65,21211,14187,1005
EKC,06-OCT-2021,126.8,126.8,120.4,122.15,431369,302440,5118
ELECON,06-OCT-2021,166.6,176.6,166.6,170.85,1027554,451944,19821
ELECTCAST,06-OCT-2021,37.05,37.6,36.6,36.9,1184113,821596,3126
ELECTHERM,06-OCT-2021,135.95,146.55,127.7,130.0,245646,128781,6301
ELGIEQUIP,06-OCT-2021,204.2,206.8,199.25,202.95,210934,124620,4455
ELGIRUBCO,06-OCT-2021,42.0,42.0,39.0,41.35,125705,94199,893
EMAMILTD,06-OCT-2021,569.5,573.5,543.25,551.15,827511,605040,23339
EMAMIPAP,06-OCT-2021,173.6,179.75,167.5,168.6,185238,51110,6909
EMAMIREAL,06-OCT-2021,72.0,72.75,71.0,71.05,36458,26118,464
EMKAY,06-OCT-2021,114.25,115.0,112.5,112.75,43910,23705,1057
EMMBI,06-OCT-2021,109.0,112.1,105.8,106.75,34007,19013,1096
ENDURANCE,06-OCT-2021,1611.9,1630.0,1586.0,1608.85,61431,34187,8683
ENERGYDEV,06-OCT-2021,11.75,11.8,10.7,10.7,327292,202991,849
ENGINERSIN,06-OCT-2021,77.85,78.65,76.0,76.2,2269737,1261308,10845
ENIL,06-OCT-2021,191.8,193.55,186.5,187.45,32439,22036,875
EPL,06-OCT-2021,240.0,240.75,237.1,238.1,262145,177906,7606
EQUITAS,06-OCT-2021,124.5,124.9,122.55,122.75,427886,311891,6131
EQUITASBNK,06-OCT-2021,65.5,66.0,63.45,63.8,2593171,2223688,7939
ERIS,06-OCT-2021,753.9,759.8,744.0,745.6,22877,9033,3412
EROSMEDIA,06-OCT-2021,21.65,21.65,20.9,21.0,258752,187304,1296
ESABINDIA,06-OCT-2021,2247.3,2273.7,2214.15,2261.45,4963,2940,884
ESCORTS,06-OCT-2021,1486.5,1507.2,1445.0,1455.55,557028,132758,19309
ESSARSHPNG,06-OCT-2021,10.25,10.3,9.9,9.95,137046,88972,374
ESTER,06-OCT-2021,150.25,152.0,147.75,149.15,152706,80266,3997
EVEREADY,06-OCT-2021,391.5,413.45,385.1,390.0,1725542,664808,28041
EVERESTIND,06-OCT-2021,440.55,449.8,426.0,429.8,85936,32277,11185
EXCELINDUS,06-OCT-2021,1082.6,1130.0,1076.0,1089.65,62460,30878,6768
EXIDEIND,06-OCT-2021,181.25,183.4,179.05,179.35,3689780,1444941,30159
EXXARO,06-OCT-2021,153.5,153.6,148.0,148.2,341781,203914,6529
FACT,06-OCT-2021,128.2,129.15,125.0,126.2,152667,68010,4007
FAIRCHEMOR,06-OCT-2021,2242.3,2242.3,2167.55,2242.3,83690,30798,4458
FCL,06-OCT-2021,131.8,138.2,129.65,130.75,1365247,445389,19685
FCONSUMER,06-OCT-2021,7.65,7.75,7.4,7.45,9585526,4581690,5719
FDC,06-OCT-2021,359.7,361.6,354.6,355.6,99055,42692,4750
FEDERALBNK,06-OCT-2021,85.9,86.9,84.05,84.4,13315657,4412641,51709
FEL,06-OCT-2021,9.05,9.1,8.9,8.95,482014,294243,884
FELDVR,06-OCT-2021,11.55,11.75,11.55,11.65,21632,16029,99
FIEMIND,06-OCT-2021,1129.0,1135.0,1100.1,1114.35,46071,25559,4439
FILATEX,06-OCT-2021,106.8,109.4,102.8,105.05,3834984,334612,14001
FINCABLES,06-OCT-2021,508.0,516.5,494.4,502.05,340393,154330,13880
FINEORG,06-OCT-2021,3499.0,3527.95,3400.0,3434.65,36645,17451,8610
FINPIPE,06-OCT-2021,226.85,243.45,225.4,227.05,3039422,1251524,66349
FLEXITUFF,06-OCT-2021,14.95,15.2,14.6,14.7,58150,43089,103
FLFL,06-OCT-2021,61.9,61.9,58.65,59.45,169697,105915,1388
FLUOROCHEM,06-OCT-2021,2092.0,2107.85,2006.0,2025.1,126014,63371,10731
FMGOETZE,06-OCT-2021,279.0,282.5,277.55,278.55,81153,43787,2693
FMNL,06-OCT-2021,10.55,10.65,10.25,10.65,541863,410395,803
FORCEMOT,06-OCT-2021,1516.0,1559.4,1485.25,1495.75,189776,48502,18598
FORTIS,06-OCT-2021,276.0,281.7,273.5,278.65,2751508,1291942,39592
FOSECOIND,06-OCT-2021,1500.7,1520.0,1493.0,1496.1,1942,1224,306
FRETAIL,06-OCT-2021,51.1,52.5,50.6,50.85,1423568,848570,8733
FSC,06-OCT-2021,73.15,75.0,71.25,73.4,47387,23837,888
FSL,06-OCT-2021,195.05,199.9,192.85,193.55,3372846,1349427,29440
GABRIEL,06-OCT-2021,155.0,156.8,150.8,151.9,625732,256816,10873
GAEL,06-OCT-2021,172.6,173.55,168.5,168.9,355310,200215,6392
GAIL,06-OCT-2021,165.0,171.3,164.0,166.4,36571986,12756443,167246
GAL,06-OCT-2021,2.25,2.3,2.25,2.25,462991,294009,485
GALAXYSURF,06-OCT-2021,3376.0,3407.95,3292.8,3345.65,50031,29617,11184
GALLANTT,06-OCT-2021,77.7,77.7,75.2,76.45,64728,41099,1050
GALLISPAT,06-OCT-2021,54.9,56.35,53.75,54.0,55711,39480,538
GANDHITUBE,06-OCT-2021,457.3,459.9,449.95,452.45,3687,2673,276
GANECOS,06-OCT-2021,505.0,509.0,484.8,493.1,15220,10692,904
GANESHBE,06-OCT-2021,91.4,98.0,91.4,95.65,440357,245867,6060
GANESHHOUC,06-OCT-2021,176.6,183.5,172.25,182.3,218073,160980,2791
GANGAFORGE,06-OCT-2021,15.9,16.1,15.45,15.65,1177730,432645,1826
GANGESSECU,06-OCT-2021,94.7,94.9,90.15,91.55,9776,5734,201
GARFIBRES,06-OCT-2021,3424.0,3450.35,3413.0,3429.55,6034,3779,1793
GATI,06-OCT-2021,145.65,156.75,145.4,150.05,2385400,946978,30860
GAYAPROJ,06-OCT-2021,49.25,49.55,47.5,47.8,910232,665473,3819
GDL,06-OCT-2021,258.3,258.3,251.0,255.05,132900,88444,2106
GEECEE,06-OCT-2021,158.0,187.0,158.0,171.25,706767,182597,22454
GEEKAYWIRE,06-OCT-2021,93.4,93.4,87.5,89.25,39784,26422,1112
GENCON,06-OCT-2021,51.95,51.95,43.2,43.9,174959,85776,2747
GENESYS,06-OCT-2021,252.2,252.2,252.2,252.2,27481,27481,94
GENUSPOWER,06-OCT-2021,78.9,79.1,75.1,75.95,830044,459269,7849
GEOJITFSL,06-OCT-2021,81.3,82.1,78.8,79.1,286845,171381,3723
GEPIL,06-OCT-2021,306.0,310.0,302.2,305.1,54874,22030,2601
GESHIP,06-OCT-2021,374.0,382.25,366.0,366.9,763685,550803,11868
GET&D,06-OCT-2021,126.8,127.2,125.4,125.65,110875,61622,2698
GFLLIMITED,06-OCT-2021,84.7,88.4,79.2,81.0,492551,230736,8925
GFSTEELS,06-OCT-2021,3.0,3.0,3.0,3.0,1331,1331,5
GHCL,06-OCT-2021,478.5,483.0,458.05,461.15,705333,290402,18358
GICHSGFIN,06-OCT-2021,151.05,154.5,149.1,149.8,307218,143893,4791
GICRE,06-OCT-2021,145.0,146.45,142.55,143.3,687719,352448,8387
GILLETTE,06-OCT-2021,5860.0,5886.05,5815.2,5836.4,3992,2603,1350
GINNIFILA,06-OCT-2021,35.0,36.7,34.1,34.8,214238,143482,1243
GIPCL,06-OCT-2021,90.05,96.3,89.95,91.7,3544543,1418264,31285
GISOLUTION,06-OCT-2021,3.2,3.2,3.2,3.2,1793,1793,7
GKWLIMITED,06-OCT-2021,778.9,778.9,741.2,750.15,25005,10365,4862
GLAND,06-OCT-2021,4033.0,4072.0,3880.0,3897.4,134071,73323,22054
GLAXO,06-OCT-2021,1484.0,1497.0,1476.05,1483.65,47461,33677,3930
GLENMARK,06-OCT-2021,521.95,521.95,503.45,504.75,1147247,528071,29721
GLFL,06-OCT-2021,3.0,3.0,2.9,2.95,4152,4152,10
GLOBAL,06-OCT-2021,44.85,45.0,44.15,44.65,7730,6789,92
GLOBALVECT,06-OCT-2021,53.95,54.6,53.6,54.6,24780,21349,192
GLS,06-OCT-2021,674.9,678.5,667.75,669.1,104112,63496,6184
GMBREW,06-OCT-2021,760.0,790.0,694.2,710.8,803238,228915,58325
GMDCLTD,06-OCT-2021,80.45,83.25,77.6,78.8,6788793,2372310,29885
GMMPFAUDLR,06-OCT-2021,4838.0,4875.0,4631.0,4656.6,70140,29472,14220
GMRINFRA,06-OCT-2021,40.6,41.0,39.05,39.3,28817707,7327999,78365
GNA,06-OCT-2021,1027.95,1076.0,1027.95,1046.05,166842,82276,16724
GNFC,06-OCT-2021,501.4,518.2,478.95,487.7,6052275,1434348,112086
GOACARBON,06-OCT-2021,422.0,426.6,391.5,396.1,84157,42744,4941
GOCLCORP,06-OCT-2021,267.6,284.55,267.6,272.0,72177,34376,3425
GODFRYPHLP,06-OCT-2021,1328.55,1328.55,1244.6,1249.75,101120,64589,7124
GODREJAGRO,06-OCT-2021,628.5,638.0,626.0,628.85,85466,34069,5409
GODREJCP,06-OCT-2021,1065.85,1065.85,1015.45,1017.95,1934913,793055,84810
GODREJIND,06-OCT-2021,566.9,571.35,564.0,567.6,201577,123168,5522
GODREJPROP,06-OCT-2021,2296.9,2319.65,2260.5,2287.05,1227796,405568,56151
GOKEX,06-OCT-2021,218.8,222.15,207.6,208.55,266717,164324,5919
GOKUL,06-OCT-2021,28.3,28.5,27.8,28.1,52887,29702,352
GOKULAGRO,06-OCT-2021,43.25,43.5,42.05,42.95,104195,79220,886
GOLDBEES,06-OCT-2021,40.48,40.48,40.3,40.45,3648125,2933961,21492
GOLDENTOBC,06-OCT-2021,181.75,181.75,181.75,181.75,32684,32629,394
GOLDIAM,06-OCT-2021,969.8,979.8,935.0,939.85,92630,36337,9608
GOLDSHARE,06-OCT-2021,41.0,41.0,40.7,40.75,82333,68714,454
GOODLUCK,06-OCT-2021,310.0,310.0,305.0,305.85,49177,28417,1430
GOODYEAR,06-OCT-2021,1054.95,1085.0,1050.0,1057.65,51056,27586,5542
GPIL,06-OCT-2021,1274.45,1295.0,1260.05,1266.95,82809,55248,4409
GPPL,06-OCT-2021,106.4,109.5,105.85,106.6,947851,398017,15740
GPTINFRA,06-OCT-2021,88.8,88.8,86.0,86.9,22161,14707,546
GRANULES,06-OCT-2021,331.1,334.5,320.0,321.7,2182694,759045,27941
GRAPHITE,06-OCT-2021,616.9,623.0,602.0,605.8,588005,261384,17087
GRASIM,06-OCT-2021,1621.0,1640.0,1592.0,1599.0,1037021,485453,35203
GRAUWEIL,06-OCT-2021,66.0,70.9,64.65,68.0,1496021,828149,19151
GRAVITA,06-OCT-2021,206.0,208.55,196.4,198.8,416300,168442,13281
GREAVESCOT,06-OCT-2021,139.6,143.45,138.5,138.9,1698561,626517,20231
GREENLAM,06-OCT-2021,1373.0,1373.0,1325.0,1342.3,6972,5049,671
GREENPANEL,06-OCT-2021,349.5,349.95,329.15,336.55,155636,106983,3855
GREENPLY,06-OCT-2021,179.95,181.95,178.1,179.25,178545,108486,3727
GREENPOWER,06-OCT-2021,3.45,3.5,3.4,3.45,8270993,5635959,7346
GRINDWELL,06-OCT-2021,1452.5,1479.65,1442.0,1463.55,49605,23606,9759
GRINFRA,06-OCT-2021,1924.0,1937.95,1852.0,1875.8,35734,18084,4521
GROBTEA,06-OCT-2021,1139.0,1140.15,1061.0,1112.55,1628,1045,231
GRPLTD,06-OCT-2021,924.45,963.5,923.0,940.95,1414,727,276
GRSE,06-OCT-2021,198.95,204.2,193.6,195.2,636213,238237,11324
GSCLCEMENT,06-OCT-2021,53.6,53.6,51.15,51.75,303138,141383,3466
GSFC,06-OCT-2021,146.6,150.75,136.2,138.45,11024365,3559627,75160
GSPL,06-OCT-2021,313.0,315.75,311.0,314.1,982928,533162,26930
GSS,06-OCT-2021,78.45,80.5,77.2,79.7,146661,78327,1775
GTNTEX,06-OCT-2021,7.1,7.1,7.0,7.0,4050,1060,15
GTPL,06-OCT-2021,287.0,299.5,285.55,288.25,292212,117963,7704
GUFICBIO,06-OCT-2021,206.0,208.55,198.3,200.1,283989,165701,6340
GUJALKALI,06-OCT-2021,806.0,825.0,763.55,770.6,1185634,385652,44326
GUJAPOLLO,06-OCT-2021,212.4,217.6,212.1,213.6,4631,3006,204
GUJGASLTD,06-OCT-2021,630.7,646.85,617.4,621.25,3618163,1362457,93197
GULFOILLUB,06-OCT-2021,594.25,599.9,588.0,590.1,46840,27091,3761
GULFPETRO,06-OCT-2021,56.5,57.25,55.5,55.7,62880,32902,1330
HAL,06-OCT-2021,1371.0,1387.8,1340.0,1346.9,593718,171617,25483
HARRMALAYA,06-OCT-2021,191.4,198.4,186.95,188.9,232872,54528,8507
HATHWAY,06-OCT-2021,27.05,27.2,25.15,25.45,5724407,2599290,9145
HATSUN,06-OCT-2021,1445.0,1460.15,1425.0,1431.15,34008,13451,3877
HAVELLS,06-OCT-2021,1397.8,1410.55,1365.0,1369.4,738636,173812,35634
HBANKETF,06-OCT-2021,370.0,380.0,370.0,374.31,974,354,103
HBLPOWER,06-OCT-2021,52.95,53.85,50.35,50.6,1914131,851199,12980
HBSL,06-OCT-2021,40.9,41.0,39.5,40.1,21081,12788,342
HCC,06-OCT-2021,9.65,9.8,9.55,9.6,3215684,2475815,3568
HCG,06-OCT-2021,248.95,248.95,239.1,242.85,111331,61050,5536
HCL-INSYS,06-OCT-2021,14.0,14.05,13.6,13.8,745663,365538,2366
HCLTECH,06-OCT-2021,1312.0,1319.85,1271.8,1275.45,2861608,1340570,109635
HDFC,06-OCT-2021,2729.0,2795.0,2717.0,2750.95,3585605,2347027,124866
HDFCAMC,06-OCT-2021,2910.0,2924.95,2885.1,2894.5,489173,295932,36236
HDFCBANK,06-OCT-2021,1596.0,1626.85,1587.0,1614.9,9300415,6227027,198719
HDFCLIFE,06-OCT-2021,736.0,741.7,724.0,725.65,1939154,952465,77844
HDFCMFGETF,06-OCT-2021,41.36,41.48,41.25,41.4,716201,483682,946
HDFCNIFETF,06-OCT-2021,191.8,191.8,188.0,188.44,10372,9095,363
HDFCSENETF,06-OCT-2021,645.99,645.99,637.0,638.09,2408,1458,221
HEG,06-OCT-2021,2525.1,2536.55,2390.05,2433.85,210717,77323,18399
HEIDELBERG,06-OCT-2021,256.45,257.25,252.05,252.7,216019,143310,8561
HEMIPROP,06-OCT-2021,140.5,141.0,136.55,137.0,623299,334508,8749
HERANBA,06-OCT-2021,809.95,827.0,801.75,807.9,198831,88787,10041
HERCULES,06-OCT-2021,146.5,154.0,146.25,149.0,153314,66902,5552
HERITGFOOD,06-OCT-2021,474.0,478.75,459.0,462.2,99477,55422,3423
HEROMOTOCO,06-OCT-2021,2840.0,2850.0,2781.0,2798.15,468624,252867,40470
HESTERBIO,06-OCT-2021,2529.0,2565.0,2500.25,2520.7,19148,6268,4701
HGINFRA,06-OCT-2021,691.5,715.0,685.15,694.15,155396,76568,10710
HIKAL,06-OCT-2021,557.9,559.9,536.9,539.35,410387,226796,19614
HIL,06-OCT-2021,4862.0,4963.0,4862.0,4887.35,16299,9832,4080
HILTON,06-OCT-2021,13.3,13.85,13.2,13.35,12349,10150,96
HINDALCO,06-OCT-2021,498.0,498.5,474.0,475.9,11231113,4946910,107938
HINDCOMPOS,06-OCT-2021,328.15,331.9,321.1,324.55,6056,4141,760
HINDCON,06-OCT-2021,66.8,68.35,66.4,67.6,41530,24825,567
HINDCOPPER,06-OCT-2021,125.25,133.7,124.2,125.0,38066071,7979918,195208
HINDMOTORS,06-OCT-2021,8.5,8.5,7.9,8.1,855471,594972,2358
HINDOILEXP,06-OCT-2021,213.45,214.9,203.6,205.75,664666,303374,10679
HINDPETRO,06-OCT-2021,313.95,317.95,309.55,311.6,4850398,2392691,52035
HINDUNILVR,06-OCT-2021,2694.05,2734.0,2676.0,2686.05,862471,429004,61757
HINDZINC,06-OCT-2021,314.0,315.6,311.75,314.65,764014,421739,15037
HIRECT,06-OCT-2021,192.4,194.6,188.95,189.9,12557,8228,462
HISARMETAL,06-OCT-2021,136.0,136.0,129.2,130.4,23672,12496,771
HITECH,06-OCT-2021,601.05,609.45,582.2,585.8,20843,9887,1561
HITECHCORP,06-OCT-2021,237.95,238.0,225.05,226.65,9764,7078,343
HITECHGEAR,06-OCT-2021,267.0,272.95,258.3,263.75,11240,4558,574
HLEGLAS,06-OCT-2021,6930.0,7000.0,6826.4,6868.35,21226,9072,5275
HLVLTD,06-OCT-2021,11.0,11.45,10.75,11.05,1528543,690919,2487
HMVL,06-OCT-2021,77.0,79.0,76.95,77.35,88477,44886,1552
HNDFDS,06-OCT-2021,2259.0,2259.0,2050.05,2063.95,25034,14669,4647
HNGSNGBEES,06-OCT-2021,315.99,315.99,311.0,311.63,7810,6246,261
HOMEFIRST,06-OCT-2021,599.9,601.6,588.0,593.0,325500,172475,33295
HONAUT,06-OCT-2021,46800.0,47134.3,45700.0,45819.3,5028,3802,1418
HONDAPOWER,06-OCT-2021,1250.0,1256.45,1214.1,1217.8,8631,6536,1189
HPL,06-OCT-2021,74.2,75.45,70.4,71.35,178125,124117,3453
HSCL,06-OCT-2021,54.25,54.55,52.05,52.45,6362395,2211255,24052
HSIL,06-OCT-2021,231.9,235.1,229.9,230.6,116406,68142,2884
HTMEDIA,06-OCT-2021,27.0,27.45,26.1,26.3,384346,265357,2252
HUDCO,06-OCT-2021,45.25,45.95,44.7,44.85,2350378,1270176,7171
HUHTAMAKI,06-OCT-2021,269.8,271.45,266.15,266.7,60679,40210,2301
IBMFNIFTY,06-OCT-2021,178.99,178.99,176.05,176.14,2291,2208,54
IBREALEST,06-OCT-2021,155.5,156.7,146.7,147.6,10186745,5059298,56920
IBULHSGFIN,06-OCT-2021,243.2,254.3,239.45,241.4,35251840,5748771,232999
ICEMAKE,06-OCT-2021,75.5,75.5,73.0,73.95,19213,11998,253
ICICI500,06-OCT-2021,255.8,255.8,249.3,251.0,1965,1407,252
ICICIALPLV,06-OCT-2021,182.0,182.0,178.2,179.03,27399,21416,411
ICICIB22,06-OCT-2021,46.88,47.35,46.01,46.26,703772,424019,2631
ICICIBANK,06-OCT-2021,696.6,705.0,688.35,689.5,13200810,8588736,170064
ICICIBANKN,06-OCT-2021,384.7,384.7,363.7,373.22,3370,580,264
ICICIBANKP,06-OCT-2021,196.0,196.0,192.2,192.2,7648,6770,99
ICICIFMCG,06-OCT-2021,411.0,411.0,401.0,402.93,8564,7218,163
ICICIGI,06-OCT-2021,1559.0,1560.95,1544.5,1553.5,1113928,821218,37278
ICICIGOLD,06-OCT-2021,41.82,41.82,41.18,41.46,375278,264823,3444
ICICILIQ,06-OCT-2021,1000.0,1000.0,999.98,999.99,16326,10284,51
ICICILOVOL,06-OCT-2021,142.65,151.7,142.65,144.06,439278,432739,1564
ICICIM150,06-OCT-2021,118.5,118.95,116.2,116.49,50418,20588,623
ICICIMCAP,06-OCT-2021,107.6,107.6,105.0,105.25,24945,10988,490
ICICINF100,06-OCT-2021,196.08,198.1,194.0,194.34,8513,4930,486
ICICINIFTY,06-OCT-2021,197.8,197.8,180.55,189.48,90827,55991,4798
ICICINV20,06-OCT-2021,98.25,98.35,96.2,96.61,37129,16406,1846
ICICINXT50,06-OCT-2021,44.75,44.88,43.75,43.83,52421,22828,1194
ICICIPHARM,06-OCT-2021,92.38,92.38,89.11,89.36,17100,5719,243
ICICIPRULI,06-OCT-2021,681.65,692.55,677.35,678.65,833771,236539,25025
ICICISENSX,06-OCT-2021,642.02,653.98,642.02,644.15,999,602,107
ICICITECH,06-OCT-2021,364.4,364.4,355.25,356.47,64835,54654,557
ICIL,06-OCT-2021,283.0,302.85,283.0,297.85,1582100,528555,29246
ICRA,06-OCT-2021,3537.0,3581.75,3488.0,3506.05,2088,1489,458
IDBI,06-OCT-2021,47.15,47.8,43.5,44.4,33556613,15957779,44009
IDBIGOLD,06-OCT-2021,4298.95,4300.0,4279.0,4290.05,34,20,19
IDEA,06-OCT-2021,11.7,12.0,11.15,11.45,455208528,122162811,237914
IDFC,06-OCT-2021,53.8,54.1,51.8,52.25,4003008,2414924,10982
IDFCFIRSTB,06-OCT-2021,48.2,48.65,46.7,47.0,33384578,13160716,59423
IDFNIFTYET,06-OCT-2021,187.08,187.08,184.52,185.18,170,156,25
IEX,06-OCT-2021,635.75,642.0,624.0,627.55,3524988,845123,67279
IFBAGRO,06-OCT-2021,616.0,631.75,596.0,599.95,26351,15985,2574
IFBIND,06-OCT-2021,1184.1,1198.0,1164.85,1179.0,26698,8876,3269
IFCI,06-OCT-2021,13.45,13.65,12.9,13.0,5777527,3480091,24499
IFGLEXPOR,06-OCT-2021,320.0,333.95,319.95,323.5,60090,29328,4608
IGARASHI,06-OCT-2021,519.95,534.9,518.5,519.65,97693,45916,4924
IGL,06-OCT-2021,527.0,530.85,515.25,516.7,2452408,1256740,47839
IGPL,06-OCT-2021,967.0,1018.6,893.0,910.35,739548,203063,54489
IIFL,06-OCT-2021,289.3,297.0,286.0,292.55,1309941,981705,11628
IIFLSEC,06-OCT-2021,99.6,100.95,98.1,98.45,319765,191638,3558
IIFLWAM,06-OCT-2021,1618.25,1618.25,1560.05,1568.4,25793,14543,3195
IITL,06-OCT-2021,76.45,79.0,74.45,78.2,11275,6519,224
IMAGICAA,06-OCT-2021,12.75,12.75,12.75,12.75,33721,33721,62
IMPAL,06-OCT-2021,760.0,763.85,757.0,760.1,975,757,98
INDBANK,06-OCT-2021,23.6,23.8,23.1,23.25,60042,38540,422
INDHOTEL,06-OCT-2021,193.9,200.65,184.0,185.2,19883989,5064026,111623
INDIACEM,06-OCT-2021,195.4,200.75,192.1,193.4,4853245,1529654,33339
INDIAGLYCO,06-OCT-2021,995.95,997.45,916.55,926.65,540209,179405,20580
INDIAMART,06-OCT-2021,8450.0,8488.95,8170.0,8197.6,98571,40238,18563
INDIANB,06-OCT-2021,140.4,142.3,138.5,139.15,2173832,810035,14401
INDIANHUME,06-OCT-2021,207.95,213.0,202.45,206.95,193289,74379,4619
INDIGO,06-OCT-2021,1985.55,1987.45,1920.0,1929.3,499906,166763,26602
INDIGOPNTS,06-OCT-2021,2531.0,2554.85,2490.0,2501.35,21929,9908,4704
INDLMETER,06-OCT-2021,12.1,12.1,11.85,12.0,9806,8297,90
INDNIPPON,06-OCT-2021,370.0,377.7,361.0,363.6,31030,11553,3239
INDOCO,06-OCT-2021,450.0,453.35,433.35,443.7,221238,124056,10287
INDORAMA,06-OCT-2021,52.7,52.7,51.0,51.45,51654,43986,618
INDOSTAR,06-OCT-2021,282.95,285.65,278.6,280.55,80352,54855,2646
INDOTHAI,06-OCT-2021,90.5,90.85,90.5,90.85,10450,10318,63
INDRAMEDCO,06-OCT-2021,80.2,82.2,79.0,80.05,366345,158703,4479
INDSWFTLAB,06-OCT-2021,63.9,66.35,63.0,66.25,238825,130835,1746
INDTERRAIN,06-OCT-2021,47.25,47.85,44.85,45.4,613134,435009,4793
INDUSINDBK,06-OCT-2021,1178.45,1179.15,1126.7,1131.85,3329243,1162242,83227
INDUSTOWER,06-OCT-2021,308.0,316.1,308.0,313.0,7204136,3555909,45536
INEOSSTYRO,06-OCT-2021,1481.0,1520.0,1445.0,1452.3,56577,30192,6893
INFIBEAM,06-OCT-2021,43.5,47.75,43.5,46.4,28633802,9371422,56758
INFRABEES,06-OCT-2021,525.0,536.99,521.88,525.66,6850,829,158
INFY,06-OCT-2021,1702.1,1709.0,1670.0,1673.55,4271698,2859420,168805
INGERRAND,06-OCT-2021,1049.95,1234.7,1048.0,1211.0,1082852,144775,91369
INOXLEISUR,06-OCT-2021,412.2,413.6,401.1,405.45,784339,218385,16691
INOXWIND,06-OCT-2021,99.5,100.3,98.25,98.8,635743,318485,4286
INSECTICID,06-OCT-2021,700.35,705.4,684.0,688.25,14111,6563,1881
INTELLECT,06-OCT-2021,691.9,697.55,671.05,678.7,199693,97511,10393
INTENTECH,06-OCT-2021,71.2,71.2,71.2,71.2,29533,26331,126
INTLCONV,06-OCT-2021,75.9,77.8,69.5,71.15,183506,119526,2740
INVENTURE,06-OCT-2021,2.65,2.7,2.55,2.6,7684834,4488035,7135
IOB,06-OCT-2021,22.55,22.75,21.85,22.0,6048574,1990068,9760
IOC,06-OCT-2021,130.9,134.9,129.35,130.1,25424490,8115594,122022
IOLCP,06-OCT-2021,599.7,623.8,595.0,611.05,1298357,370048,41752
IPCALAB,06-OCT-2021,2350.4,2365.0,2257.2,2278.15,341293,173212,32038
IPL,06-OCT-2021,310.75,315.8,309.05,310.0,326027,140537,7887
IRB,06-OCT-2021,204.2,210.3,201.95,204.4,5567922,1729672,46685
IRCON,06-OCT-2021,48.25,48.4,46.55,46.8,5805438,2959958,20294
IRCTC,06-OCT-2021,4199.0,4510.0,4180.0,4463.35,11716236,1036279,614447
IRFC,06-OCT-2021,23.6,24.2,23.55,23.65,40508684,8221750,27715
ISEC,06-OCT-2021,764.8,766.6,740.0,743.85,329672,167942,13169
ISFT,06-OCT-2021,128.9,128.9,121.55,124.5,170833,138770,1534
ISGEC,06-OCT-2021,734.5,748.75,723.55,729.3,38786,21521,2976
ITC,06-OCT-2021,234.8,236.4,230.6,231.25,17505160,9907202,112565
ITDC,06-OCT-2021,420.1,429.0,413.4,415.4,124023,26129,7446
ITDCEM,06-OCT-2021,84.5,89.7,84.0,88.5,5155335,2153785,39296
ITI,06-OCT-2021,124.0,125.45,120.4,121.1,389560,145395,6337
IVC,06-OCT-2021,5.8,6.0,5.8,5.8,177071,140816,292
IVP,06-OCT-2021,127.1,128.0,119.05,120.9,11760,6994,560
IVZINGOLD,06-OCT-2021,4185.1,4201.95,4160.05,4181.0,80,72,13
IVZINNIFTY,06-OCT-2021,1935.85,1942.25,1935.85,1942.25,8,7,2
IZMO,06-OCT-2021,99.35,100.85,95.45,96.65,139058,89968,1312
J&KBANK,06-OCT-2021,37.95,38.2,36.8,37.1,1686357,785906,4867
JAGRAN,06-OCT-2021,61.5,63.95,60.5,60.95,131839,76351,2953
JAGSNPHARM,06-OCT-2021,154.4,158.9,152.0,152.85,66580,44072,1586
JAIBALAJI,06-OCT-2021,54.8,55.4,52.3,52.9,49492,36787,510
JAICORPLTD,06-OCT-2021,135.55,135.95,130.3,131.15,1391186,458163,11167
JAIPURKURT,06-OCT-2021,57.9,60.25,57.9,59.8,8060,5416,84
JAMNAAUTO,06-OCT-2021,90.1,91.95,88.8,89.55,716110,328581,7490
JASH,06-OCT-2021,497.55,503.7,495.0,495.5,8677,6463,294
JAYAGROGN,06-OCT-2021,269.7,273.5,260.1,264.15,58478,29133,3409
JAYBARMARU,06-OCT-2021,204.45,207.0,200.15,201.2,37530,21216,2956
JAYSREETEA,06-OCT-2021,109.2,113.4,107.45,108.05,467329,93705,11309
JBCHEPHARM,06-OCT-2021,1840.0,1860.0,1800.0,1817.75,72105,43605,5120
JBMA,06-OCT-2021,538.5,547.0,522.0,525.45,93556,40177,5708
JCHAC,06-OCT-2021,2295.0,2369.0,2229.3,2247.85,51845,11599,8392
JHS,06-OCT-2021,29.1,29.9,28.1,28.45,1219827,676709,5098
JINDALPHOT,06-OCT-2021,151.4,153.05,142.25,153.05,55432,29928,1533
JINDALPOLY,06-OCT-2021,1034.9,1039.0,995.6,1001.65,76477,39952,5354
JINDALSAW,06-OCT-2021,118.45,121.5,115.4,116.2,1884005,704563,17323
JINDALSTEL,06-OCT-2021,422.0,427.8,407.75,409.65,7957394,1425616,68413
JINDRILL,06-OCT-2021,164.05,167.95,155.1,155.75,345333,190127,9288
JINDWORLD,06-OCT-2021,96.5,115.1,95.9,113.95,2237278,464823,42362
JISLDVREQS,06-OCT-2021,23.9,24.45,23.9,24.35,173391,103684,527
JISLJALEQS,06-OCT-2021,39.9,39.9,38.55,39.85,15521351,6405315,12007
JKCEMENT,06-OCT-2021,3358.0,3459.85,3315.0,3349.15,160243,54435,24732
JKIL,06-OCT-2021,187.3,192.65,185.5,186.95,152183,56787,5063
JKLAKSHMI,06-OCT-2021,653.0,660.0,638.3,642.35,434469,189782,21417
JKPAPER,06-OCT-2021,247.95,253.65,240.0,241.5,4257737,1023529,47784
JKTYRE,06-OCT-2021,150.6,153.7,146.6,147.35,1504978,556833,16468
JMA,06-OCT-2021,61.75,62.3,59.5,61.35,39049,26510,563
JMCPROJECT,06-OCT-2021,109.9,112.0,107.45,108.45,189137,89925,4456
JMFINANCIL,06-OCT-2021,93.25,93.8,90.8,91.2,1667396,987529,7416
JMTAUTOLTD,06-OCT-2021,2.85,2.85,2.7,2.7,757262,577487,938
JOCIL,06-OCT-2021,236.1,237.0,229.05,230.45,19783,10719,704
JPASSOCIAT,06-OCT-2021,9.15,9.25,8.8,8.85,4623416,2895685,4584
JPINFRATEC,06-OCT-2021,1.95,1.95,1.9,1.9,1620718,1239957,3040
JPOLYINVST,06-OCT-2021,93.35,93.35,93.35,93.35,45240,45210,90
JPPOWER,06-OCT-2021,4.3,4.4,4.2,4.25,61782844,42496926,18777
JSL,06-OCT-2021,178.8,179.6,169.05,170.1,2013057,709023,20999
JSLHISAR,06-OCT-2021,305.45,309.35,288.1,296.15,511503,255937,9901
JSWHL,06-OCT-2021,4681.2,4760.4,4681.05,4726.75,606,429,225
JSWISPL,06-OCT-2021,34.65,35.2,33.25,33.4,1439163,968550,3764
JSWSTEEL,06-OCT-2021,680.0,684.0,655.55,659.25,5994344,2077935,82247
JTEKTINDIA,06-OCT-2021,108.0,114.0,106.85,109.1,860825,334711,14337
JUBLFOOD,06-OCT-2021,4077.25,4110.35,3916.0,3933.95,692087,279593,70155
JUBLINDS,06-OCT-2021,559.1,559.1,530.05,533.15,75197,44743,5008
JUBLINGREA,06-OCT-2021,778.5,788.0,758.0,767.7,1387334,564369,43074
JUBLPHARMA,06-OCT-2021,645.0,646.95,620.05,625.15,175575,110184,6614
JUMPNET,06-OCT-2021,8.1,8.45,8.1,8.25,757026,455944,756
JUNIORBEES,06-OCT-2021,462.95,462.95,447.05,449.97,82564,44448,8291
JUSTDIAL,06-OCT-2021,988.8,1019.8,981.2,1011.55,1971473,691997,39147
JYOTHYLAB,06-OCT-2021,167.8,168.55,166.1,166.9,141415,79006,4386
KABRAEXTRU,06-OCT-2021,257.4,260.4,249.0,251.05,156480,74691,6245
KAJARIACER,06-OCT-2021,1205.0,1254.9,1205.0,1225.55,639717,378537,28985
KAKATCEM,06-OCT-2021,247.7,250.0,242.3,243.85,15310,8249,890
KALPATPOWR,06-OCT-2021,410.25,414.35,405.0,406.75,186946,100322,6378
KALYANKJIL,06-OCT-2021,72.3,72.5,70.2,70.55,1064338,659320,8528
KAMATHOTEL,06-OCT-2021,51.75,53.0,49.15,49.75,147182,56094,1824
KAMDHENU,06-OCT-2021,244.0,261.9,242.55,250.9,205624,86431,7539
KANORICHEM,06-OCT-2021,214.9,214.9,202.55,203.35,53212,40127,932
KANPRPLA,06-OCT-2021,168.15,177.1,168.15,173.35,46631,27502,1120
KANSAINER,06-OCT-2021,659.0,675.0,640.0,645.8,456679,168407,27348
KARDA,06-OCT-2021,18.3,18.4,17.55,17.65,1453975,1106444,2124
KARURVYSYA,06-OCT-2021,47.5,47.9,46.2,46.5,7237695,4231175,28477
KAUSHALYA,06-OCT-2021,3.0,3.0,3.0,3.0,13831,13831,21
KAYA,06-OCT-2021,482.0,498.0,480.05,490.8,88597,54987,2958
KCP,06-OCT-2021,139.0,141.7,135.1,135.85,201886,134035,4487
KCPSUGIND,06-OCT-2021,23.85,24.0,22.85,22.9,280295,193038,1231
KDDL,06-OCT-2021,461.8,461.8,426.85,428.65,4550,2570,274
KEC,06-OCT-2021,457.9,459.25,447.05,449.55,155228,69554,6324
KECL,06-OCT-2021,20.35,21.0,19.5,19.8,499278,318652,1959
KEERTI,06-OCT-2021,20.3,20.8,20.0,20.1,19908,17184,120
KEI,06-OCT-2021,1040.0,1045.95,987.0,1001.25,490950,175898,27288
KELLTONTEC,06-OCT-2021,51.9,52.4,50.7,50.95,477298,294889,4484
KENNAMET,06-OCT-2021,1379.3,1380.0,1341.9,1347.5,2784,1664,690
KESORAMIND,06-OCT-2021,68.9,69.65,67.15,67.45,1115407,457331,6979
KEYFINSERV,06-OCT-2021,83.0,83.0,78.0,80.85,6966,1315,478
KHADIM,06-OCT-2021,225.3,227.7,220.8,224.0,88826,54081,5553
KHAICHEM,06-OCT-2021,68.4,68.4,66.0,68.2,409002,302975,1824
KHANDSE,06-OCT-2021,16.4,17.25,16.3,16.75,4948,1419,48
KICL,06-OCT-2021,2080.0,2090.0,2049.05,2050.6,992,740,164
KILITCH,06-OCT-2021,168.4,177.0,168.4,174.7,18919,15626,403
KIMS,06-OCT-2021,1224.0,1224.85,1184.0,1193.85,70228,39617,5593
KINGFA,06-OCT-2021,1014.95,1014.95,973.0,982.25,4321,2552,576
KIOCL,06-OCT-2021,263.0,263.0,250.25,252.65,44421,17573,4347
KIRIINDUS,06-OCT-2021,553.0,559.7,530.0,531.65,310159,152009,11019
KIRLFER,06-OCT-2021,271.4,272.15,257.95,261.05,210024,117733,9124
KIRLOSBROS,06-OCT-2021,406.2,415.4,393.0,396.4,74159,55134,3590
KIRLOSENG,06-OCT-2021,200.85,204.4,197.0,198.35,167557,93032,5788
KIRLOSIND,06-OCT-2021,1652.0,1685.0,1625.0,1629.9,4011,2235,1035
KITEX,06-OCT-2021,174.0,176.5,170.0,170.5,246574,123927,5370
KKCL,06-OCT-2021,1015.0,1015.0,987.0,999.15,53230,38090,5137
KMSUGAR,06-OCT-2021,29.5,29.75,27.25,27.25,763361,439958,2900
KNRCON,06-OCT-2021,291.35,291.35,287.0,287.7,276634,110588,9206
KOKUYOCMLN,06-OCT-2021,67.3,68.8,66.0,66.3,346678,232148,3631
KOLTEPATIL,06-OCT-2021,325.0,326.65,308.1,310.55,534699,216720,12384
KOTAKBANK,06-OCT-2021,1976.05,2005.0,1942.1,1955.75,2979275,1953091,95523
KOTAKBKETF,06-OCT-2021,378.0,384.8,378.0,378.76,348910,290330,743
KOTAKGOLD,06-OCT-2021,40.72,40.88,40.54,40.7,590222,505705,829
KOTAKIT,06-OCT-2021,36.63,36.63,35.15,35.4,16009,10560,271
KOTAKNIFTY,06-OCT-2021,186.6,189.3,185.5,185.72,42636,37438,412
KOTAKNV20,06-OCT-2021,99.52,100.49,97.4,98.31,6161,4488,260
KOTAKPSUBK,06-OCT-2021,248.9,252.98,243.9,245.02,16690,9294,388
KOTARISUG,06-OCT-2021,36.0,36.5,32.1,33.25,547178,362608,3051
KOTHARIPET,06-OCT-2021,55.45,56.0,54.0,54.2,123175,93968,1467
KOVAI,06-OCT-2021,1695.35,1700.0,1655.0,1681.65,4344,2159,1334
KPIGLOBAL,06-OCT-2021,134.9,134.9,128.0,129.35,37322,25392,869
KPITTECH,06-OCT-2021,344.6,346.4,335.0,335.8,572636,360021,19275
KPRMILL,06-OCT-2021,442.0,451.9,438.0,444.7,513928,273919,16448
KRBL,06-OCT-2021,329.0,329.0,314.5,316.95,873863,352827,15643
KREBSBIO,06-OCT-2021,188.0,189.85,177.3,179.35,40155,26354,1575
KRIDHANINF,06-OCT-2021,5.2,5.25,5.1,5.25,107863,84808,112
KRISHANA,06-OCT-2021,193.0,193.0,186.1,187.8,6267,4026,178
KRSNAA,06-OCT-2021,767.0,768.95,748.65,750.45,143294,93661,11859
KSB,06-OCT-2021,1313.0,1325.75,1256.7,1273.0,26895,10957,3983
KSCL,06-OCT-2021,581.8,581.8,571.0,571.9,184747,116070,14814
KSL,06-OCT-2021,399.1,403.0,392.0,393.55,50304,22440,2477
KTKBANK,06-OCT-2021,71.6,71.6,67.3,67.9,2022881,1208114,8161
KUANTUM,06-OCT-2021,89.85,94.5,85.0,85.7,180621,71928,3700
L&TFH,06-OCT-2021,91.0,92.15,88.7,89.0,6764558,1772811,24868
LAGNAM,06-OCT-2021,54.7,54.7,49.5,53.75,288762,168599,1699
LALPATHLAB,06-OCT-2021,3782.45,3800.0,3685.0,3704.95,210807,124219,21273
LAOPALA,06-OCT-2021,324.8,324.85,310.0,311.85,393108,149161,12817
LASA,06-OCT-2021,77.9,79.2,76.5,76.8,244318,95407,5280
LAURUSLABS,06-OCT-2021,623.0,631.5,613.35,626.9,1947159,883616,33751
LAXMIMACH,06-OCT-2021,8500.0,8540.0,8250.0,8296.35,9837,5103,2528
LEMONTREE,06-OCT-2021,46.3,48.8,45.6,46.6,17505874,5735792,44663
LFIC,06-OCT-2021,78.25,79.9,78.1,78.85,1878,1387,85
LGBBROSLTD,06-OCT-2021,454.05,464.4,450.0,452.6,101076,55256,4939
LIBAS,06-OCT-2021,48.5,48.5,45.85,46.1,195973,130294,2588
LIBERTSHOE,06-OCT-2021,177.55,181.15,172.25,173.25,492440,179696,8354
LICHSGFIN,06-OCT-2021,449.5,452.85,435.1,436.3,3114348,1103095,46115
LICNETFGSC,06-OCT-2021,23.34,23.34,22.56,23.3,3728,2422,193
LICNETFN50,06-OCT-2021,186.85,191.95,186.85,188.5,3737,2149,96
LICNETFSEN,06-OCT-2021,646.92,653.32,635.2,636.04,938,823,84
LICNFNHGP,06-OCT-2021,179.5,179.5,176.0,176.06,302,239,39
LIKHITHA,06-OCT-2021,397.4,403.0,385.0,389.15,172744,100712,4307
LINCOLN,06-OCT-2021,383.0,386.6,372.0,373.5,211067,114375,8475
LINCPEN,06-OCT-2021,249.8,249.9,231.6,234.6,19622,10972,1260
LINDEINDIA,06-OCT-2021,2668.3,2698.0,2542.55,2588.35,104269,42248,13876
LIQUIDBEES,06-OCT-2021,1000.87,1000.87,999.99,1000.0,2209864,1886709,6982
LIQUIDETF,06-OCT-2021,1000.0,1000.01,999.99,999.99,48254,45899,102
LODHA,06-OCT-2021,1095.15,1100.0,1050.0,1052.7,323147,199196,11821
LOKESHMACH,06-OCT-2021,55.7,56.8,53.1,53.6,25972,16927,470
LOVABLE,06-OCT-2021,120.85,121.9,115.0,115.7,64698,47384,1526
LT,06-OCT-2021,1716.7,1735.9,1690.0,1695.05,1845661,973530,69970
LTI,06-OCT-2021,5799.0,5799.0,5670.0,5688.85,237547,116101,42492
LTTS,06-OCT-2021,4666.0,4707.7,4575.05,4594.4,178247,72977,25464
LUMAXIND,06-OCT-2021,1449.7,1465.0,1435.0,1440.05,4254,3213,723
LUMAXTECH,06-OCT-2021,140.0,141.15,137.6,137.95,41185,21131,1850
LUPIN,06-OCT-2021,965.5,967.05,941.2,947.15,1112147,587264,26737
LUXIND,06-OCT-2021,3636.0,3682.8,3610.0,3631.65,37436,11896,6541
LXCHEM,06-OCT-2021,583.0,588.0,561.75,561.75,2693725,1493446,68854
LYKALABS,06-OCT-2021,82.2,82.75,77.95,79.25,119063,93356,1137
LYPSAGEMS,06-OCT-2021,4.5,4.5,4.3,4.3,37816,28699,115
M&M,06-OCT-2021,846.0,854.9,829.0,834.1,3288323,1598582,69366
M&MFIN,06-OCT-2021,187.4,187.65,180.5,181.4,3652687,1581737,24146
MACPOWER,06-OCT-2021,205.2,215.0,193.0,196.75,20438,14782,465
MADHAV,06-OCT-2021,57.5,59.2,56.0,56.65,94029,39905,722
MADHUCON,06-OCT-2021,4.7,4.85,4.6,4.85,75563,70418,149
MADRASFERT,06-OCT-2021,31.3,31.7,30.6,30.7,272546,139109,1586
MAESGETF,06-OCT-2021,30.46,30.5,30.05,30.11,5462,3075,116
MAFANG,06-OCT-2021,52.36,52.49,51.71,51.95,185643,137430,2726
MAFSETF,06-OCT-2021,18.6,20.4,18.23,18.32,169333,141273,339
MAGADSUGAR,06-OCT-2021,328.1,340.0,315.55,323.9,98971,48564,4885
MAHABANK,06-OCT-2021,20.8,20.8,20.0,20.1,5158239,2963174,7560
MAHASTEEL,06-OCT-2021,93.3,94.6,92.5,92.65,30425,19265,1035
MAHEPC,06-OCT-2021,137.4,138.9,135.3,135.9,96482,58798,1341
MAHESHWARI,06-OCT-2021,107.45,109.95,102.3,103.35,562950,278235,6410
MAHINDCIE,06-OCT-2021,246.0,247.3,238.4,241.45,214249,110138,9880
MAHLIFE,06-OCT-2021,276.7,277.0,270.65,273.45,161787,107731,5165
MAHLOG,06-OCT-2021,781.7,786.8,741.65,747.2,142194,50202,13308
MAHSCOOTER,06-OCT-2021,4699.0,4786.0,4655.0,4695.55,4894,2484,1800
MAHSEAMLES,06-OCT-2021,373.0,374.9,353.0,355.5,361477,191911,10284
MAITHANALL,06-OCT-2021,1160.0,1194.85,1136.0,1149.75,172292,71897,10108
MAJESCO,06-OCT-2021,86.3,86.55,85.5,85.65,105705,65574,1918
MALUPAPER,06-OCT-2021,41.85,42.2,38.05,38.35,393938,189190,5160
MAN50ETF,06-OCT-2021,187.0,187.0,181.3,181.81,2781,1500,96
MANAKALUCO,06-OCT-2021,20.6,21.6,20.05,20.3,89377,55556,409
MANAKCOAT,06-OCT-2021,15.35,15.45,14.7,15.0,290454,58111,480
MANAKSIA,06-OCT-2021,67.95,69.9,67.4,67.7,98230,61185,1191
MANAKSTEEL,06-OCT-2021,32.2,32.2,31.5,31.6,225895,205840,455
MANALIPETC,06-OCT-2021,138.0,138.0,129.5,129.5,1858732,1204313,15281
MANAPPURAM,06-OCT-2021,185.0,186.9,182.5,184.3,6436903,3170663,59072
MANGALAM,06-OCT-2021,149.9,150.1,145.1,146.6,45019,30720,1365
MANGCHEFER,06-OCT-2021,75.65,76.3,74.2,75.1,313507,189400,3755
MANGLMCEM,06-OCT-2021,458.0,462.75,445.25,448.25,52885,29420,2913
MANINDS,06-OCT-2021,117.85,119.45,114.1,115.05,278304,124965,5560
MANINFRA,06-OCT-2021,109.0,109.35,102.05,104.35,1946035,1042741,18101
MANUGRAPH,06-OCT-2021,12.0,12.7,12.0,12.4,7737,4734,117
MANXT50,06-OCT-2021,434.33,436.47,427.35,428.82,3299,3037,75
MARALOVER,06-OCT-2021,81.85,82.5,78.0,78.85,35918,24151,584
MARATHON,06-OCT-2021,103.35,106.3,97.4,97.65,98701,66232,1765
MARICO,06-OCT-2021,564.05,590.0,560.5,564.3,8610209,2037049,154254
MARINE,06-OCT-2021,36.35,38.4,35.95,36.95,2975554,420998,6889
MARKSANS,06-OCT-2021,76.0,76.85,71.65,72.7,2033663,998198,13324
MARUTI,06-OCT-2021,7270.9,7281.5,7164.25,7199.25,726695,476939,63528
MASFIN,06-OCT-2021,800.0,820.0,790.1,797.7,165360,53122,9427
MASPTOP50,06-OCT-2021,27.6,28.29,27.43,27.54,428433,418483,402
MASTEK,06-OCT-2021,3038.0,3100.0,2977.2,3012.2,79987,36367,9716
MATRIMONY,06-OCT-2021,1014.0,1029.4,998.95,1002.45,35748,17372,3194
MAXHEALTH,06-OCT-2021,355.0,355.55,341.05,347.45,4127745,3078797,32662
MAXIND,06-OCT-2021,76.9,78.4,76.65,76.9,837745,537959,6029
MAXVIL,06-OCT-2021,132.85,135.85,125.45,127.85,631887,440115,8656
MAYURUNIQ,06-OCT-2021,465.0,475.0,464.05,468.0,56835,34566,3284
MAZDA,06-OCT-2021,671.1,673.0,655.0,667.8,7959,4767,588
MAZDOCK,06-OCT-2021,256.1,263.0,253.2,254.95,801092,266883,14883
MBAPL,06-OCT-2021,193.1,195.85,188.5,190.3,25461,22259,875
MBLINFRA,06-OCT-2021,20.4,20.5,19.5,19.8,56254,38297,243
MCDOWELL-N,06-OCT-2021,889.75,889.75,860.0,873.65,2535979,1046763,59197
MCL,06-OCT-2021,39.25,39.7,38.1,38.75,54410,30476,467
MCX,06-OCT-2021,1687.0,1767.85,1677.5,1719.9,1569239,321155,61331
MENONBE,06-OCT-2021,73.8,76.45,72.5,73.85,142425,103484,1416
MEP,06-OCT-2021,20.6,22.3,20.6,21.7,906973,546019,1666
METROPOLIS,06-OCT-2021,2875.0,2903.1,2772.0,2807.0,156052,66795,12553
MFL,06-OCT-2021,1038.05,1038.05,939.25,939.25,406206,198958,13587
MFSL,06-OCT-2021,1018.0,1045.6,1013.0,1020.85,1305712,670573,28252
MGEL,06-OCT-2021,52.55,54.0,50.05,50.9,68825,56616,231
MGL,06-OCT-2021,1098.5,1098.5,1073.0,1075.4,637680,279893,23170
MHRIL,06-OCT-2021,242.6,244.55,230.55,234.05,573695,257023,10203
MIDHANI,06-OCT-2021,189.9,190.0,186.6,186.95,166389,91860,3988
MINDACORP,06-OCT-2021,135.35,136.5,128.25,129.65,549850,251828,9403
MINDAIND,06-OCT-2021,730.0,736.8,726.05,734.0,154941,87565,7254
MINDTECK,06-OCT-2021,104.35,104.35,99.6,102.05,116068,69489,1505
MINDTREE,06-OCT-2021,4285.1,4314.8,4155.1,4172.5,785681,235653,74143
MIRZAINT,06-OCT-2021,60.15,63.2,59.7,60.9,2212792,1031594,14967
MITTAL,06-OCT-2021,10.0,10.2,10.0,10.1,23961,19308,129
MMFL,06-OCT-2021,795.3,801.2,780.0,785.5,8599,4320,1465
MMP,06-OCT-2021,159.9,160.4,153.3,155.9,24669,13877,525
MMTC,06-OCT-2021,45.85,47.15,45.0,45.25,4679991,1196060,15033
MODISNME,06-OCT-2021,73.0,75.65,72.3,72.9,90067,45470,3056
MOGSEC,06-OCT-2021,48.89,49.0,48.74,48.75,26658,22885,80
MOIL,06-OCT-2021,167.6,173.4,166.5,168.45,1776792,455846,24279
MOKSH,06-OCT-2021,41.0,41.4,40.45,41.25,957183,438618,1471
MOL,06-OCT-2021,132.1,135.7,125.0,126.3,1623483,878759,13512
MOLDTKPAC,06-OCT-2021,646.9,678.0,646.9,668.8,227126,114117,13351
MOM100,06-OCT-2021,32.74,32.74,32.31,32.57,80807,54565,1368
MOM50,06-OCT-2021,179.45,179.45,173.43,175.19,3067,2319,99
MON100,06-OCT-2021,123.1,123.1,106.35,106.59,453119,358371,6631
MONTECARLO,06-OCT-2021,388.9,394.9,376.5,378.85,77787,42319,6331
MORARJEE,06-OCT-2021,18.0,18.0,18.0,18.0,11221,11221,23
MOREPENLAB,06-OCT-2021,58.8,58.9,56.7,57.05,1455691,648895,7134
MOTHERSUMI,06-OCT-2021,228.0,229.35,222.7,223.75,4650987,1733931,43336
MOTILALOFS,06-OCT-2021,875.9,888.7,865.3,871.9,347481,138229,11538
MOTOGENFIN,06-OCT-2021,25.05,26.0,24.05,24.6,9684,6827,146
MPHASIS,06-OCT-2021,3163.3,3165.0,3081.0,3111.6,598884,286113,52452
MPSLTD,06-OCT-2021,680.0,686.0,666.0,667.75,12579,7016,1330
MRF,06-OCT-2021,79645.0,79890.0,78500.0,78629.5,9556,2980,6184
MRO-TEK,06-OCT-2021,71.0,71.05,71.0,71.05,14835,14828,50
MRPL,06-OCT-2021,53.0,54.0,51.15,51.6,5411324,1919865,18168
MSPL,06-OCT-2021,10.0,10.0,9.6,9.75,118215,94850,271
MSTCLTD,06-OCT-2021,336.8,347.9,330.7,333.35,2394398,791760,45495
MTARTECH,06-OCT-2021,1505.0,1522.2,1471.6,1478.0,183690,61543,16492
MTEDUCARE,06-OCT-2021,8.5,8.7,8.35,8.4,115758,84731,257
MTNL,06-OCT-2021,19.3,19.4,18.6,18.75,1149979,757287,2637
MUKTAARTS,06-OCT-2021,40.3,40.95,39.5,39.8,17092,13214,138
MUNJALAU,06-OCT-2021,59.95,61.8,58.2,58.55,194485,106355,2129
MUNJALSHOW,06-OCT-2021,137.85,139.9,136.3,137.45,35567,13806,801
MURUDCERA,06-OCT-2021,26.0,26.25,25.4,25.65,92321,50629,529
MUTHOOTCAP,06-OCT-2021,411.0,413.05,400.8,402.45,18781,11171,1439
MUTHOOTFIN,06-OCT-2021,1535.95,1540.8,1495.0,1501.1,537571,162212,26840
NACLIND,06-OCT-2021,82.65,83.0,77.6,78.8,142156,74848,1512
NAHARCAP,06-OCT-2021,296.8,297.65,289.95,291.9,16123,14022,446
NAHARPOLY,06-OCT-2021,248.0,258.95,247.1,248.6,47144,35441,1741
NAM-INDIA,06-OCT-2021,450.2,453.4,438.8,443.15,860760,326608,14743
NATCOPHARM,06-OCT-2021,906.0,906.0,887.0,895.2,103807,50204,5575
NATHBIOGEN,06-OCT-2021,327.0,330.45,324.4,325.05,35171,19452,1672
NATIONALUM,06-OCT-2021,103.0,103.35,96.1,96.65,31268386,9416407,93032
NATNLSTEEL,06-OCT-2021,4.0,4.0,3.75,3.85,72624,51522,190
NAUKRI,06-OCT-2021,6562.0,6651.9,6525.0,6565.45,394228,172371,36222
NAVINFLUOR,06-OCT-2021,3970.0,4156.0,3886.15,4016.2,720346,110772,59047
NAVKARCORP,06-OCT-2021,44.25,45.1,42.8,43.05,963050,465034,5128
NAVNETEDUL,06-OCT-2021,112.7,115.0,111.1,111.55,552443,328990,9520
NAZARA,06-OCT-2021,2521.0,2659.85,2521.0,2623.15,1158882,238301,82110
NBCC,06-OCT-2021,48.1,48.35,46.55,46.9,4514153,2148086,15268
NBIFIN,06-OCT-2021,2622.8,2698.85,2562.7,2612.8,254,161,91
NBVENTURES,06-OCT-2021,125.35,127.7,121.95,122.65,592776,293057,8429
NCC,06-OCT-2021,82.5,83.7,82.2,83.3,4028003,2057874,14571
NCLIND,06-OCT-2021,228.9,244.7,228.9,241.15,1228793,383532,22550
NCPSESDL24,06-OCT-2021,106.6,106.6,106.54,106.6,1769,1643,14
NDL,06-OCT-2021,76.5,78.9,74.5,75.35,80472,50079,771
NDTV,06-OCT-2021,87.7,88.0,83.0,84.3,57101,39635,1021
NECCLTD,06-OCT-2021,19.8,19.8,18.75,19.2,137542,108160,297
NECLIFE,06-OCT-2021,30.2,34.15,29.9,32.9,3604591,1335749,12349
NELCAST,06-OCT-2021,91.8,92.05,87.0,87.45,223058,130673,5160
NELCO,06-OCT-2021,875.2,875.2,802.15,875.2,646681,261849,15803
NEOGEN,06-OCT-2021,1262.0,1277.85,1201.0,1209.4,108797,57197,9556
NESCO,06-OCT-2021,619.0,674.0,618.9,645.5,1306823,304426,55673
NESTLEIND,06-OCT-2021,19444.9,19624.25,19078.0,19157.15,72608,49471,17703
NETF,06-OCT-2021,217.0,218.95,216.1,217.13,1500,700,114
NETFCONSUM,06-OCT-2021,77.94,79.4,77.16,77.7,10016,6417,298
NETFDIVOPP,06-OCT-2021,45.51,46.7,45.0,45.8,6584,3997,121
NETFGILT5Y,06-OCT-2021,48.86,48.89,48.85,48.86,2123,2123,10
NETFIT,06-OCT-2021,36.34,36.48,35.5,35.62,1114792,701773,6012
NETFLTGILT,06-OCT-2021,22.76,22.77,22.68,22.7,9277,8108,97
NETFMID150,06-OCT-2021,121.0,121.0,116.06,116.6,65646,35758,1682
NETFNIF100,06-OCT-2021,188.99,188.99,184.25,184.79,1856,1316,102
NETFNV20,06-OCT-2021,101.6,101.6,99.4,99.55,9274,8040,172
NETFPHARMA,06-OCT-2021,14.8,14.98,14.52,14.54,351892,335636,1079
NETFSDL26,06-OCT-2021,106.01,106.09,105.97,106.09,140607,140607,15
NETWORK18,06-OCT-2021,62.45,62.85,58.85,59.85,3784948,1518954,13201
NEULANDLAB,06-OCT-2021,1529.1,1547.65,1503.1,1510.6,11080,8078,1803
NEXTMEDIA,06-OCT-2021,5.95,5.95,5.55,5.55,60546,41747,104
NFL,06-OCT-2021,60.35,60.9,59.15,59.55,1158839,470908,7171
NH,06-OCT-2021,515.0,519.4,507.0,511.3,61845,25380,5720
NHPC,06-OCT-2021,30.25,30.35,30.0,30.25,11816465,7441654,20864
NIACL,06-OCT-2021,163.85,167.0,163.05,163.4,323047,174317,5021
NIBL,06-OCT-2021,19.4,19.4,18.8,19.2,12364,9765,70
NIFTYBEES,06-OCT-2021,199.39,199.39,187.1,190.19,1363144,655458,21692
NIITLTD,06-OCT-2021,356.0,362.25,345.55,348.15,475681,160219,12039
NILAINFRA,06-OCT-2021,5.6,5.95,5.4,5.5,1184348,456212,767
NILKAMAL,06-OCT-2021,2749.95,2769.95,2700.8,2720.7,8519,4135,1455
NIPPOBATRY,06-OCT-2021,985.75,988.0,965.6,969.15,7089,4983,728
NIRAJ,06-OCT-2021,39.0,39.25,38.25,38.8,10954,8705,286
NITCO,06-OCT-2021,23.0,23.5,22.8,22.95,63956,46153,381
NITIRAJ,06-OCT-2021,46.85,46.85,43.9,44.8,1509,1095,68
NLCINDIA,06-OCT-2021,63.55,67.4,62.9,63.9,17845461,5531910,61131
NMDC,06-OCT-2021,147.5,148.85,142.8,143.35,10206727,4450391,46327
NOCIL,06-OCT-2021,307.6,309.6,298.7,303.45,1165250,358360,20299
NOIDATOLL,06-OCT-2021,7.55,7.55,7.55,7.55,425153,425152,200
NORBTEAEXP,06-OCT-2021,6.5,6.95,6.5,6.9,810,711,12
NOVARTIND,06-OCT-2021,829.45,847.0,818.0,820.5,17662,10108,2319
NPBET,06-OCT-2021,190.01,196.75,190.0,193.28,618,331,82
NRAIL,06-OCT-2021,349.8,361.0,334.2,336.8,137788,66951,7767
NRBBEARING,06-OCT-2021,140.5,143.0,138.05,138.9,174185,102485,3233
NSIL,06-OCT-2021,1799.0,1821.0,1757.0,1763.35,1733,1130,327
NTPC,06-OCT-2021,146.45,147.3,142.8,143.3,14421296,6655069,88043
NUCLEUS,06-OCT-2021,586.65,589.4,582.1,582.9,61473,41297,2649
NURECA,06-OCT-2021,1660.0,1708.9,1640.0,1654.2,14077,7874,1859
NUVOCO,06-OCT-2021,555.0,559.8,551.0,555.75,483458,371498,13377
NXTDIGITAL,06-OCT-2021,422.15,423.1,415.15,416.8,1880,1160,222
OAL,06-OCT-2021,928.3,961.45,922.25,939.75,23276,12501,3436
OBEROIRLTY,06-OCT-2021,893.7,894.7,848.6,857.7,1449763,584410,49509
OCCL,06-OCT-2021,1073.9,1095.0,1052.0,1060.65,38003,23571,3354
OFSS,06-OCT-2021,4739.9,4760.0,4626.8,4660.25,142811,70728,15247
OIL,06-OCT-2021,246.3,255.95,244.1,248.55,4800440,1725728,61753
OMAXE,06-OCT-2021,79.2,80.5,77.5,77.9,104415,57042,905
OMINFRAL,06-OCT-2021,31.35,32.7,30.05,30.4,241759,148532,1380
OMKARCHEM,06-OCT-2021,17.0,17.0,16.0,16.15,79808,66897,288
ONGC,06-OCT-2021,166.0,172.75,165.8,168.1,101221817,17277026,391592
ONMOBILE,06-OCT-2021,114.15,118.7,114.15,114.75,595201,251828,8911
ONWARDTEC,06-OCT-2021,225.65,231.65,224.05,226.6,10576,6851,402
ORBTEXP,06-OCT-2021,76.95,90.0,75.4,83.75,470037,186619,7965
ORICONENT,06-OCT-2021,31.7,31.7,30.0,30.25,209455,166510,885
ORIENTABRA,06-OCT-2021,32.95,34.15,31.05,31.45,268136,145625,1872
ORIENTALTL,06-OCT-2021,8.65,8.65,8.35,8.35,50817,45610,101
ORIENTBELL,06-OCT-2021,360.25,363.1,349.15,351.55,23902,18312,877
ORIENTCEM,06-OCT-2021,158.3,158.8,153.1,154.0,824405,539444,13499
ORIENTELEC,06-OCT-2021,329.05,331.8,322.0,326.2,146983,79532,7034
ORIENTHOT,06-OCT-2021,38.2,39.15,37.7,37.85,350871,141420,2479
ORIENTLTD,06-OCT-2021,76.0,78.6,75.0,76.35,9405,5906,207
ORIENTPPR,06-OCT-2021,32.25,32.65,30.65,30.85,2946983,1030083,7554
ORISSAMINE,06-OCT-2021,2873.0,2919.9,2825.0,2831.0,21962,9703,3737
ORTINLAB,06-OCT-2021,27.15,30.05,27.15,28.2,226848,100233,1178
OSWALAGRO,06-OCT-2021,18.0,18.0,17.1,17.45,93651,76406,315
PAGEIND,06-OCT-2021,33871.0,34780.0,33525.8,33889.5,39341,14609,16412
PAISALO,06-OCT-2021,939.8,997.0,939.8,984.0,111350,55677,6588
PALASHSECU,06-OCT-2021,87.1,91.9,87.1,87.75,7532,4434,266
PALREDTEC,06-OCT-2021,116.7,117.05,113.5,114.15,50914,33641,1223
PANACEABIO,06-OCT-2021,277.9,281.75,274.0,275.85,83122,42488,2724
PANAMAPET,06-OCT-2021,279.05,303.0,278.1,290.3,1547729,572880,43866
PAR,06-OCT-2021,255.2,255.65,247.55,255.65,81609,43769,717
PARAGMILK,06-OCT-2021,131.3,134.75,127.7,128.4,649437,231334,7345
PARSVNATH,06-OCT-2021,15.2,15.2,14.6,14.65,298830,205577,541
PATELENG,06-OCT-2021,30.8,31.7,26.35,27.65,42522471,13806540,62973
PATINTLOG,06-OCT-2021,23.7,23.9,22.25,22.7,118300,82546,727
PATSPINLTD,06-OCT-2021,9.0,9.0,8.7,8.9,6120,3548,45
PCJEWELLER,06-OCT-2021,25.55,25.9,24.5,24.65,2439273,1475314,5360
PDMJEPAPER,06-OCT-2021,48.4,50.9,47.0,47.2,2665447,1310791,18001
PDSMFL,06-OCT-2021,1249.4,1267.45,1230.0,1230.05,2745,2032,357
PEARLPOLY,06-OCT-2021,15.5,15.85,15.15,15.5,8726,7032,163
PEL,06-OCT-2021,2941.85,2941.85,2828.85,2842.15,1300210,245333,73134
PENIND,06-OCT-2021,31.0,31.8,30.05,30.4,1163175,629815,3940
PERSISTENT,06-OCT-2021,3779.0,3792.95,3700.6,3721.4,105922,50877,10651
PETRONET,06-OCT-2021,232.95,232.95,229.35,230.25,4428152,2411911,32770
PFC,06-OCT-2021,143.2,143.8,139.1,139.75,3950299,1499569,22405
PFIZER,06-OCT-2021,5684.95,5684.95,5580.0,5593.05,24764,9902,3202
PFOCUS,06-OCT-2021,75.2,76.6,74.1,74.2,43035,23862,688
PFS,06-OCT-2021,19.8,21.3,19.65,20.1,6104561,2187314,11958
PGEL,06-OCT-2021,422.65,429.85,397.8,405.9,37768,19682,1747
PGHH,06-OCT-2021,13967.35,13967.4,13775.0,13856.0,8184,7114,1089
PGHL,06-OCT-2021,5757.0,5806.0,5720.0,5730.65,9561,5287,2734
PGIL,06-OCT-2021,314.95,317.85,305.1,307.3,11740,3626,1109
PHILIPCARB,06-OCT-2021,270.95,273.4,262.3,263.4,1287473,561064,19025
PHOENIXLTD,06-OCT-2021,965.0,974.8,946.85,954.6,144244,65578,15547
PIDILITIND,06-OCT-2021,2438.0,2457.0,2406.6,2415.65,186602,89238,15209
PIIND,06-OCT-2021,3179.8,3225.0,3148.3,3183.5,326080,148071,24265
PILANIINVS,06-OCT-2021,1989.0,1989.5,1936.8,1950.75,18587,5359,1534
PILITA,06-OCT-2021,7.6,7.65,7.4,7.45,718465,512267,1199
PIONDIST,06-OCT-2021,183.0,184.5,176.05,177.6,67479,39832,3606
PIONEEREMB,06-OCT-2021,62.5,66.5,62.35,62.65,599753,181138,6494
PITTIENG,06-OCT-2021,172.0,176.05,167.0,170.8,468021,219973,5019
PLASTIBLEN,06-OCT-2021,277.0,283.8,271.05,274.1,34662,15007,2499
PNB,06-OCT-2021,41.3,41.7,39.7,39.9,76749025,22003587,78568
PNBGILTS,06-OCT-2021,67.0,67.9,66.0,66.9,170940,115629,1750
PNBHOUSING,06-OCT-2021,640.0,655.5,637.5,640.35,82548,56039,3319
PNC,06-OCT-2021,37.2,39.0,37.2,38.3,23385,14947,382
PNCINFRA,06-OCT-2021,372.95,376.25,358.55,363.45,289958,105311,13354
PODDARHOUS,06-OCT-2021,218.8,218.8,218.8,218.8,7095,7095,53
PODDARMENT,06-OCT-2021,369.0,377.0,361.2,362.25,25445,16581,1089
POKARNA,06-OCT-2021,489.0,501.0,482.9,497.7,54385,33399,2498
POLYCAB,06-OCT-2021,2459.8,2519.0,2350.0,2375.75,943797,221886,63740
POLYMED,06-OCT-2021,958.75,958.75,934.2,938.3,33760,15474,3590
POLYPLEX,06-OCT-2021,1815.1,1853.0,1791.45,1801.2,192493,73062,17466
POONAWALLA,06-OCT-2021,167.0,170.5,165.0,165.75,1148164,860637,7600
POWERGRID,06-OCT-2021,191.95,192.15,186.75,187.6,6697131,3598093,44629
POWERINDIA,06-OCT-2021,2455.0,2479.95,2350.0,2373.9,20417,9331,4423
POWERMECH,06-OCT-2021,1015.5,1030.0,984.2,991.8,60985,30290,6912
PPAP,06-OCT-2021,259.9,260.0,244.0,246.4,101522,63242,2574
PPL,06-OCT-2021,162.0,164.8,158.55,159.1,61884,32286,2451
PRAKASH,06-OCT-2021,75.7,76.4,73.5,73.8,736869,403194,5331
PRAKASHSTL,06-OCT-2021,2.05,2.1,1.95,2.0,721990,401200,609
PRAXIS,06-OCT-2021,32.8,33.75,32.8,33.75,59318,48685,256
PRECAM,06-OCT-2021,99.0,101.5,95.6,96.15,319445,202849,7190
PRECOT,06-OCT-2021,279.0,280.45,265.15,269.35,26062,16780,1148
PRECWIRE,06-OCT-2021,233.05,244.8,233.0,240.9,137006,68631,5629
PREMIERPOL,06-OCT-2021,68.0,68.95,68.0,68.15,6592,5705,115
PRESSMN,06-OCT-2021,28.3,29.45,27.95,28.45,83706,65194,588
PRESTIGE,06-OCT-2021,479.0,482.0,455.0,457.3,850807,381845,19877
PRICOLLTD,06-OCT-2021,106.3,106.55,98.5,100.45,2443795,1267130,18476
PRIMESECU,06-OCT-2021,90.0,90.55,86.5,86.7,7501,4429,193
PRINCEPIPE,06-OCT-2021,720.85,722.9,702.8,704.1,235158,105116,13411
PRITIKAUTO,06-OCT-2021,17.45,18.15,17.35,17.55,187191,122233,650
PRIVISCL,06-OCT-2021,1923.0,1936.1,1880.0,1891.45,30744,17137,4496
PROZONINTU,06-OCT-2021,29.65,30.55,29.15,30.55,890304,519050,2169
PRSMJOHNSN,06-OCT-2021,125.8,126.0,121.4,122.0,375804,231714,6203
PSB,06-OCT-2021,17.5,17.7,17.45,17.5,420988,304204,1091
PSPPROJECT,06-OCT-2021,525.3,531.9,505.2,508.25,424370,178907,16092
PSUBNKBEES,06-OCT-2021,28.19,28.24,27.08,27.17,1239402,859144,2577
PTC,06-OCT-2021,116.25,124.45,114.55,118.65,7427355,1935141,55657
PTL,06-OCT-2021,47.1,47.25,46.65,46.85,59022,45953,523
PUNJABCHEM,06-OCT-2021,1643.0,1648.45,1600.8,1605.65,11121,5309,2535
PURVA,06-OCT-2021,141.35,144.7,131.3,132.85,812186,331996,16002
PVR,06-OCT-2021,1674.0,1690.0,1633.45,1640.45,1122812,141318,55470
QGOLDHALF,06-OCT-2021,2006.95,2012.05,2004.0,2011.75,1605,1551,88
QNIFTY,06-OCT-2021,1863.0,1863.0,1841.0,1847.0,47,41,13
QUESS,06-OCT-2021,929.9,939.0,908.0,914.45,82830,39876,10927
QUICKHEAL,06-OCT-2021,239.8,240.35,232.85,233.9,106110,53125,3272
RADICO,06-OCT-2021,907.0,959.0,907.0,948.4,1878239,551362,62939
RADIOCITY,06-OCT-2021,24.65,24.75,24.05,24.1,216183,157060,650
RAILTEL,06-OCT-2021,128.4,137.0,127.1,133.2,4760939,2088163,39351
RAIN,06-OCT-2021,254.0,255.55,241.0,242.65,2735590,1281321,31354
RAJESHEXPO,06-OCT-2021,612.9,618.6,605.0,610.0,171250,87549,8579
RAJSREESUG,06-OCT-2021,29.8,29.8,27.55,27.55,44099,27602,356
RALLIS,06-OCT-2021,296.0,298.75,288.2,291.95,897502,326264,17650
RAMANEWS,06-OCT-2021,20.9,21.1,19.5,19.7,177481,106591,898
RAMCOCEM,06-OCT-2021,1015.0,1027.0,996.1,1000.25,267144,89500,11927
RAMCOIND,06-OCT-2021,306.8,311.3,296.0,300.25,127201,78714,4304
RAMCOSYS,06-OCT-2021,487.0,498.0,483.0,485.6,77992,31633,5809
RANEENGINE,06-OCT-2021,293.0,305.5,289.6,291.75,68772,20976,2872
RANEHOLDIN,06-OCT-2021,603.8,603.8,589.0,591.45,27679,16275,1985
RATNAMANI,06-OCT-2021,2215.0,2215.0,2161.0,2172.7,14018,6245,2914
RAYMOND,06-OCT-2021,466.55,471.2,457.05,463.45,1826447,430735,44060
RBL,06-OCT-2021,881.8,887.6,869.05,872.55,12894,7164,1058
RBLBANK,06-OCT-2021,191.5,191.5,184.15,184.7,10469172,3182462,54617
RCF,06-OCT-2021,83.85,84.5,81.9,82.35,2873704,938059,14734
RCOM,06-OCT-2021,3.1,3.15,3.0,3.05,26724187,12230508,24037
RECLTD,06-OCT-2021,163.25,163.25,156.0,157.3,5051832,2118315,44996
REDINGTON,06-OCT-2021,149.0,150.7,144.05,145.0,1328456,856811,44848
REFEX,06-OCT-2021,148.8,150.2,145.0,145.3,104126,44733,7629
RELAXO,06-OCT-2021,1210.0,1210.0,1194.05,1204.7,199523,110078,17099
RELCAPITAL,06-OCT-2021,21.2,21.4,20.55,20.7,2238996,944665,5086
RELIANCE,06-OCT-2021,2619.95,2619.95,2551.1,2559.85,4734472,2432010,175209
RELIGARE,06-OCT-2021,179.9,182.4,174.5,180.55,1732019,891456,15300
REPCOHOME,06-OCT-2021,319.25,323.5,310.0,311.25,129074,73456,6890
REPL,06-OCT-2021,213.0,217.3,210.55,215.7,26428,22177,749
REPRO,06-OCT-2021,551.0,551.0,537.0,541.65,7820,5437,744
RESPONIND,06-OCT-2021,133.5,134.95,124.95,126.7,145096,64311,3806
REVATHI,06-OCT-2021,606.95,607.4,597.0,603.0,901,603,66
RGL,06-OCT-2021,794.4,807.6,790.0,800.05,43728,8591,1831
RHIM,06-OCT-2021,362.1,384.95,360.0,374.3,349140,177871,16705
RICOAUTO,06-OCT-2021,48.1,49.0,47.65,47.75,522466,201924,3456
RIIL,06-OCT-2021,718.5,722.3,697.0,699.4,158798,59680,6211
RITES,06-OCT-2021,294.9,299.0,284.9,288.0,1462420,420260,31879
RKEC,06-OCT-2021,77.0,78.0,75.3,76.35,27195,18212,314
RKFORGE,06-OCT-2021,1110.0,1155.0,1103.5,1107.55,207239,49872,12855
RML,06-OCT-2021,390.85,395.0,381.05,383.55,21955,12095,986
ROHLTD,06-OCT-2021,95.1,97.15,90.0,90.95,304868,150790,5619
ROLEXRINGS,06-OCT-2021,1071.05,1076.95,1061.0,1064.2,53132,36851,3563
ROLLT,06-OCT-2021,2.55,2.55,2.55,2.55,269268,269268,362
ROSSARI,06-OCT-2021,1519.0,1520.0,1485.0,1493.75,49190,19890,5688
ROSSELLIND,06-OCT-2021,162.45,166.9,157.75,160.8,215622,92093,3248
ROUTE,06-OCT-2021,2014.3,2030.0,1995.0,2009.2,100496,48066,9853
RPGLIFE,06-OCT-2021,718.95,727.0,686.2,696.15,115355,42675,8860
RPPINFRA,06-OCT-2021,67.0,67.25,65.25,65.4,131773,81859,2720
RPSGVENT,06-OCT-2021,935.0,979.0,905.0,910.45,44548,29356,5938
RSSOFTWARE,06-OCT-2021,35.0,35.95,34.55,34.7,55363,28776,521
RSWM,06-OCT-2021,358.8,369.5,346.0,353.3,150961,67860,6812
RSYSTEMS,06-OCT-2021,219.75,219.75,213.05,215.0,36854,22265,1889
RUBYMILLS,06-OCT-2021,307.05,313.25,296.5,298.45,34637,17875,2576
RUCHI,06-OCT-2021,1058.35,1058.35,1050.05,1050.85,15753,9733,1414
RUCHIRA,06-OCT-2021,89.7,94.25,88.0,90.6,268548,114725,5993
RUPA,06-OCT-2021,458.15,464.95,445.3,448.6,143452,87098,4324
RUSHIL,06-OCT-2021,277.7,280.15,265.2,267.05,31509,19294,1252
RVHL,06-OCT-2021,23.9,23.9,22.6,22.95,45347,36747,192
RVNL,06-OCT-2021,31.2,31.8,30.8,30.95,8355559,3200618,17117
SADBHAV,06-OCT-2021,48.4,48.6,47.8,47.85,554710,328601,5046
SADBHIN,06-OCT-2021,16.25,16.4,15.95,16.1,636993,460958,1521
SAFARI,06-OCT-2021,835.0,845.55,831.8,836.65,10582,7427,1752
SAGCEM,06-OCT-2021,298.0,314.4,296.0,307.8,375916,167637,15272
SAIL,06-OCT-2021,119.8,122.0,115.0,115.75,52648409,15544887,147824
SAKAR,06-OCT-2021,167.8,170.0,164.05,166.05,39101,18674,799
SAKSOFT,06-OCT-2021,1070.0,1070.0,1040.0,1042.5,42317,22386,4505
SALASAR,06-OCT-2021,282.0,284.45,276.0,278.2,99126,65097,2083
SALONA,06-OCT-2021,200.6,210.0,198.0,202.4,3710,3030,209
SALZERELEC,06-OCT-2021,173.15,173.25,166.6,168.0,48049,28663,2621
SANCO,06-OCT-2021,9.15,9.15,8.8,8.8,25451,17070,127
SANDESH,06-OCT-2021,786.15,803.0,780.0,782.15,5573,4516,394
SANDHAR,06-OCT-2021,293.0,295.85,284.2,286.25,53520,28782,3133
SANGAMIND,06-OCT-2021,180.95,184.65,171.1,173.3,48548,26386,2086
SANGHIIND,06-OCT-2021,68.15,73.5,68.15,71.4,2298422,1049877,17117
SANGHVIMOV,06-OCT-2021,180.95,204.9,180.95,201.1,849113,368766,23967
SANGINITA,06-OCT-2021,35.05,35.05,33.0,35.05,202948,151733,590
SANOFI,06-OCT-2021,8000.0,8099.95,7901.5,7908.0,8478,5008,3817
SANSERA,06-OCT-2021,801.1,809.0,785.0,795.3,189694,117123,12223
SARDAEN,06-OCT-2021,762.0,789.0,750.2,776.3,107876,69132,3623
SARLAPOLY,06-OCT-2021,54.95,55.75,52.4,53.0,601242,297182,6226
SASKEN,06-OCT-2021,1333.05,1344.15,1305.0,1311.75,18958,12031,3049
SATIA,06-OCT-2021,99.5,99.95,95.95,96.95,291321,139763,3754
SATIN,06-OCT-2021,78.75,80.25,78.65,79.3,173832,102555,2182
SBCL,06-OCT-2021,260.7,275.0,260.7,268.45,60493,39549,2109
SBICARD,06-OCT-2021,1104.0,1113.75,1084.0,1098.15,1602487,920358,71417
SBIETFCON,06-OCT-2021,72.22,72.82,71.5,72.17,4043,3127,187
SBIETFIT,06-OCT-2021,364.99,366.0,356.11,356.96,4247,3441,182
SBIETFPB,06-OCT-2021,195.89,197.89,194.43,194.64,2251,1420,64
SBIETFQLTY,06-OCT-2021,157.79,160.5,156.8,157.06,1687,1322,114
SBILIFE,06-OCT-2021,1273.0,1273.9,1205.4,1212.05,2630744,1139921,101719
SBIN,06-OCT-2021,465.0,471.0,453.65,457.2,19056690,5674001,212608
SCHAEFFLER,06-OCT-2021,7400.0,7400.0,7128.05,7190.3,20708,12303,8964
SCHAND,06-OCT-2021,116.45,120.6,114.95,116.45,185391,88636,2315
SCHNEIDER,06-OCT-2021,115.4,118.35,114.1,114.45,1240141,482485,9215
SCI,06-OCT-2021,129.25,129.5,122.3,123.0,3071811,1407219,20372
SDBL,06-OCT-2021,40.9,42.9,40.85,42.75,269811,162941,2250
SEAMECLTD,06-OCT-2021,1192.0,1238.0,1185.0,1191.05,49923,36738,1900
SECURKLOUD,06-OCT-2021,217.0,235.75,210.7,233.25,781609,372903,17089
SELAN,06-OCT-2021,168.0,171.9,157.55,158.35,439306,199319,11963
SEPOWER,06-OCT-2021,10.0,10.0,10.0,10.0,66933,66898,80
SEQUENT,06-OCT-2021,220.95,221.85,217.25,218.55,561828,324838,8725
SERVOTECH,06-OCT-2021,26.3,26.3,24.95,25.65,39433,30297,163
SESHAPAPER,06-OCT-2021,191.25,193.8,184.7,185.65,78389,33962,3033
SETCO,06-OCT-2021,19.85,19.9,19.0,19.25,181595,144620,558
SETF10GILT,06-OCT-2021,204.0,207.49,204.0,204.91,272,114,12
SETFGOLD,06-OCT-2021,4144.95,4160.0,4133.05,4151.4,8709,6028,1366
SETFNIF50,06-OCT-2021,183.45,183.45,179.96,180.28,136674,115077,1783
SETFNIFBK,06-OCT-2021,377.44,380.5,373.65,374.54,31878,13706,619
SETFNN50,06-OCT-2021,452.0,453.87,444.61,445.65,15261,14259,551
SEYAIND,06-OCT-2021,55.55,55.85,54.95,55.05,33161,24997,326
SFL,06-OCT-2021,2389.7,2397.4,2352.2,2369.05,47976,30218,6615
SGIL,06-OCT-2021,147.5,147.65,141.9,143.3,18665,3432,1418
SGL,06-OCT-2021,13.0,13.1,12.7,12.75,13981,11295,83
SHAKTIPUMP,06-OCT-2021,710.9,714.0,698.05,699.9,52047,32633,2634
SHALBY,06-OCT-2021,173.45,175.25,169.2,169.95,156066,86895,3699
SHALPAINTS,06-OCT-2021,97.8,99.0,96.4,96.85,181924,104908,2970
SHANKARA,06-OCT-2021,596.8,614.4,582.0,585.45,124556,38403,9388
SHANTI,06-OCT-2021,21.5,22.4,21.5,22.1,30439,23641,87
SHANTIGEAR,06-OCT-2021,166.05,170.0,160.6,161.5,224583,131174,5689
SHARDACROP,06-OCT-2021,339.1,342.0,329.0,330.8,84405,43323,4147
SHAREINDIA,06-OCT-2021,692.0,728.85,687.5,693.25,149816,82814,9412
SHARIABEES,06-OCT-2021,468.9,468.9,447.3,451.48,819,591,78
SHILPAMED,06-OCT-2021,581.9,581.95,552.95,556.2,261248,108927,9657
SHIVAMAUTO,06-OCT-2021,24.7,26.75,24.35,26.5,778062,429172,2833
SHIVAMILLS,06-OCT-2021,101.0,101.0,97.0,100.65,81325,54786,455
SHIVATEX,06-OCT-2021,254.9,275.8,246.1,275.45,750785,157461,39463
SHK,06-OCT-2021,164.55,165.5,155.7,156.85,545252,299531,8785
SHOPERSTOP,06-OCT-2021,284.5,289.7,275.0,276.7,272530,83855,10146
SHRADHA,06-OCT-2021,56.6,56.6,54.1,55.05,860,442,77
SHREDIGCEM,06-OCT-2021,81.4,83.35,80.35,81.6,851796,301265,7807
SHREECEM,06-OCT-2021,28819.0,28931.25,28006.2,28109.75,35139,14743,13440
SHREEPUSHK,06-OCT-2021,273.0,274.9,261.0,262.85,775427,253003,29405
SHREERAMA,06-OCT-2021,14.0,14.0,14.0,14.0,77577,77577,102
SHRENIK,06-OCT-2021,1.6,1.65,1.55,1.55,1965430,1060408,1169
SHREYANIND,06-OCT-2021,133.35,140.0,133.25,134.65,57426,31773,2225
SHREYAS,06-OCT-2021,412.0,414.95,390.55,390.55,213213,96151,9757
SHRIRAMCIT,06-OCT-2021,2152.2,2173.8,2114.0,2126.55,18431,8245,2736
SHRIRAMEPC,06-OCT-2021,7.2,7.2,7.0,7.2,2486875,1672419,1329
SHYAMCENT,06-OCT-2021,15.85,15.9,14.45,14.5,587878,468189,1462
SHYAMMETL,06-OCT-2021,372.8,375.7,359.5,360.85,978155,531854,21131
SICAL,06-OCT-2021,12.25,12.35,12.0,12.05,184385,130707,468
SIEMENS,06-OCT-2021,2247.65,2266.0,2185.0,2195.45,263669,88858,19774
SIGIND,06-OCT-2021,46.0,46.1,44.5,44.6,40357,21314,583
SILGO,06-OCT-2021,32.0,37.5,32.0,37.5,352267,143505,1743
SILLYMONKS,06-OCT-2021,21.75,21.75,20.55,20.8,1027,606,18
SIMPLEXINF,06-OCT-2021,42.5,45.05,42.1,44.75,226303,143110,1042
SINTERCOM,06-OCT-2021,87.9,97.6,87.25,91.55,59020,41042,559
SINTEX,06-OCT-2021,5.3,5.3,4.8,4.85,18866405,10641364,8745
SIRCA,06-OCT-2021,427.7,435.0,402.4,417.5,162005,116287,4576
SIS,06-OCT-2021,497.4,502.0,486.1,488.7,143100,59614,8605
SITINET,06-OCT-2021,2.2,2.2,2.15,2.2,10989679,5150721,1437
SIYSIL,06-OCT-2021,428.0,439.9,412.1,419.3,290819,154767,10533
SJVN,06-OCT-2021,28.4,28.65,27.9,28.0,4260519,2387903,10756
SKFINDIA,06-OCT-2021,3168.0,3244.0,3116.3,3191.3,42671,20673,6716
SKIL,06-OCT-2021,4.5,4.5,4.5,4.5,163712,163712,42
SKIPPER,06-OCT-2021,82.9,88.95,82.25,85.75,1307809,597740,17476
SKMEGGPROD,06-OCT-2021,83.7,84.15,82.2,82.3,61524,38036,956
SMARTLINK,06-OCT-2021,115.9,116.9,113.0,113.65,34926,17383,992
SMCGLOBAL,06-OCT-2021,77.9,77.9,75.1,75.55,113011,75289,1103
SMLISUZU,06-OCT-2021,586.2,610.45,580.0,582.85,53782,18447,4442
SMSLIFE,06-OCT-2021,789.35,798.25,771.8,782.25,3756,1958,788
SMSPHARMA,06-OCT-2021,155.05,158.4,153.0,153.8,79564,44933,2247
SNOWMAN,06-OCT-2021,44.2,44.8,43.0,43.1,1326359,497444,6264
SOBHA,06-OCT-2021,776.0,781.3,755.0,758.5,129509,67633,7889
SOLARA,06-OCT-2021,1570.0,1570.0,1521.0,1534.25,50138,30732,5850
SOLARINDS,06-OCT-2021,2410.8,2413.45,2320.0,2333.3,86387,39225,12844
SOMANYCERA,06-OCT-2021,808.0,848.0,795.1,812.65,94709,62097,3726
SOMATEX,06-OCT-2021,8.3,8.3,8.05,8.1,23829,18282,109
SONACOMS,06-OCT-2021,588.0,591.5,573.0,581.05,1145894,485910,25198
SONATSOFTW,06-OCT-2021,916.85,926.0,909.3,913.2,142260,57006,9706
SORILINFRA,06-OCT-2021,112.2,116.0,112.0,112.55,89359,39359,1453
SOTL,06-OCT-2021,1539.25,1549.1,1505.5,1512.5,26270,18062,4509
SOUTHBANK,06-OCT-2021,10.25,10.4,10.1,10.1,10026798,5478819,26734
SOUTHWEST,06-OCT-2021,109.4,114.85,109.4,113.75,109539,85967,492
SPAL,06-OCT-2021,365.0,374.2,355.0,355.6,204047,101788,13354
SPANDANA,06-OCT-2021,557.05,564.7,550.05,552.6,82013,45153,9545
SPARC,06-OCT-2021,291.3,293.0,279.5,280.55,494460,242395,8321
SPECIALITY,06-OCT-2021,75.6,77.75,74.85,75.05,217257,80487,2428
SPENCERS,06-OCT-2021,129.0,138.5,128.8,132.3,2238249,609649,32499
SPIC,06-OCT-2021,55.6,57.2,53.9,54.15,810102,388090,6261
SPICEJET,06-OCT-2021,76.0,76.0,61.1,70.85,3191468,1678179,20665
SPLIL,06-OCT-2021,49.5,50.35,47.45,48.0,33639,20386,570
SPTL,06-OCT-2021,5.55,5.55,5.55,5.55,490262,490262,385
SREEL,06-OCT-2021,187.35,195.25,187.35,189.25,12896,6059,539
SRF,06-OCT-2021,11521.35,11670.0,11366.5,11399.3,361454,160560,45041
SRHHYPOLTD,06-OCT-2021,404.9,408.8,378.0,383.15,94250,49618,7328
SRIPIPES,06-OCT-2021,217.1,221.0,210.0,211.3,69333,32807,2442
SRTRANSFIN,06-OCT-2021,1343.25,1344.5,1298.45,1303.2,714031,222455,27063
STAR,06-OCT-2021,598.7,599.8,580.2,584.2,484554,199010,12468
STARCEMENT,06-OCT-2021,108.65,108.85,107.3,107.7,169061,90558,2794
STARPAPER,06-OCT-2021,156.25,158.95,152.35,153.3,167488,44110,5803
STCINDIA,06-OCT-2021,107.1,116.15,107.1,110.75,440019,169135,14775
STEELCITY,06-OCT-2021,59.75,59.75,58.05,58.15,25184,20852,307
STEELXIND,06-OCT-2021,73.0,74.1,70.65,71.7,187661,63108,1628
STEL,06-OCT-2021,182.0,183.95,172.0,173.85,87960,49007,4549
STERTOOLS,06-OCT-2021,210.0,222.0,203.85,216.9,214307,125306,8327
STLTECH,06-OCT-2021,284.75,286.55,276.0,277.85,232270,124755,6342
STOVEKRAFT,06-OCT-2021,1083.1,1104.95,1057.1,1072.75,158627,53942,11818
STYLAMIND,06-OCT-2021,1116.0,1124.65,1081.1,1087.7,11948,4674,3961
SUBEXLTD,06-OCT-2021,55.95,56.35,53.35,53.85,7354982,2892027,24703
SUBROS,06-OCT-2021,325.9,335.3,321.35,325.3,33015,17570,1574
SUDARSCHEM,06-OCT-2021,688.0,714.9,676.6,681.5,1467800,423371,45423
SUMICHEM,06-OCT-2021,424.0,429.0,410.5,415.95,1066226,408255,25089
SUMMITSEC,06-OCT-2021,787.0,792.9,765.0,771.3,6686,4037,944
SUNCLAYLTD,06-OCT-2021,3445.0,3455.0,3403.0,3440.35,3422,2145,1473
SUNDARMFIN,06-OCT-2021,2465.0,2477.9,2435.0,2440.55,9714,6138,3108
SUNDARMHLD,06-OCT-2021,75.0,76.05,73.8,74.1,205763,142197,1493
SUNDRMBRAK,06-OCT-2021,407.65,407.85,396.55,404.3,2492,1836,180
SUNDRMFAST,06-OCT-2021,922.6,939.95,917.25,933.5,92228,43485,13628
SUNFLAG,06-OCT-2021,86.0,86.4,83.0,83.2,356916,178679,4445
SUNPHARMA,06-OCT-2021,820.45,824.0,797.3,800.6,2910453,1321624,81490
SUNTECK,06-OCT-2021,492.4,496.25,471.0,476.6,734457,224249,27984
SUNTV,06-OCT-2021,536.4,545.7,527.5,537.75,4184525,1743161,41915
SUPERHOUSE,06-OCT-2021,173.95,175.7,165.5,166.95,44727,21652,1488
SUPPETRO,06-OCT-2021,770.0,770.0,731.0,734.9,287151,203030,9434
SUPRAJIT,06-OCT-2021,324.7,332.0,323.0,327.05,283047,182078,9550
SUPREMEENG,06-OCT-2021,22.2,22.2,21.5,22.2,212395,180857,851
SUPREMEIND,06-OCT-2021,2529.5,2550.0,2459.7,2528.45,86430,39390,13327
SURANASOL,06-OCT-2021,15.0,15.2,14.75,15.2,98995,89237,539
SURANAT&P,06-OCT-2021,8.7,9.0,8.55,8.95,452195,336849,727
SURYAROSNI,06-OCT-2021,829.9,835.75,775.2,790.2,192994,124087,8748
SURYODAY,06-OCT-2021,181.95,182.8,181.1,181.65,47826,27289,1063
SUTLEJTEX,06-OCT-2021,70.2,73.65,69.1,70.45,884071,401284,9533
SUULD,06-OCT-2021,532.0,544.3,522.0,525.4,58874,40065,2759
SUVEN,06-OCT-2021,105.7,114.6,105.05,106.95,5809724,2153118,54440
SUVENPHAR,06-OCT-2021,535.55,542.0,525.5,539.35,359536,233955,10963
SUVIDHAA,06-OCT-2021,17.45,17.8,16.1,16.3,656307,463726,2370
SUZLON,06-OCT-2021,7.45,7.45,6.8,6.85,156395995,57873573,66871
SVPGLOB,06-OCT-2021,120.4,120.7,116.25,117.05,79551,45194,2722
SWANENERGY,06-OCT-2021,129.0,130.7,128.2,128.95,35435,18586,1205
SWARAJENG,06-OCT-2021,1680.35,1700.1,1675.0,1686.6,9259,5737,1767
SWELECTES,06-OCT-2021,232.0,237.95,226.1,227.75,30310,15919,994
SWSOLAR,06-OCT-2021,413.85,413.85,387.9,391.15,1788525,731152,32127
SYMPHONY,06-OCT-2021,1073.0,1098.0,1064.0,1090.8,178267,78503,16314
SYNGENE,06-OCT-2021,631.4,639.25,612.05,620.6,491114,187680,11857
TAJGVK,06-OCT-2021,146.15,149.8,139.0,140.8,593003,221932,12679
TAKE,06-OCT-2021,51.95,52.5,51.4,51.8,1056407,575284,4539
TALBROAUTO,06-OCT-2021,279.0,285.0,272.7,274.65,37443,22440,1368
TANLA,06-OCT-2021,878.5,903.25,853.4,865.8,81156,44168,5453
TARAPUR,06-OCT-2021,4.2,4.3,4.0,4.15,30432,22322,82
TARMAT,06-OCT-2021,70.1,76.1,68.1,69.2,329501,148210,7475
TASTYBITE,06-OCT-2021,18480.0,18530.0,18035.75,18117.1,1733,818,914
TATACHEM,06-OCT-2021,933.0,980.85,933.0,962.55,8555640,1178559,152707
TATACOFFEE,06-OCT-2021,206.0,218.9,204.1,212.95,10037554,2175969,87791
TATACOMM,06-OCT-2021,1459.9,1519.0,1430.0,1477.45,355060,143678,26315
TATACONSUM,06-OCT-2021,809.35,834.0,803.0,820.65,5215518,1215174,114733
TATAELXSI,06-OCT-2021,5868.0,6277.0,5850.0,6163.95,701813,223367,100450
TATAINVEST,06-OCT-2021,1464.0,1486.15,1420.1,1436.3,172324,60611,14740
TATAMETALI,06-OCT-2021,1130.0,1145.3,1107.0,1113.9,237674,98180,13685
TATAMOTORS,06-OCT-2021,347.0,348.7,335.0,336.05,25272592,8977040,213910
TATAMTRDVR,06-OCT-2021,188.6,189.65,178.1,179.2,7288035,3097752,44057
TATAPOWER,06-OCT-2021,182.85,182.85,172.8,175.95,101232618,21597512,531275
TATASTEEL,06-OCT-2021,1319.9,1328.6,1273.15,1279.9,8631693,2783077,182555
TATASTLLP,06-OCT-2021,972.5,994.8,940.05,945.85,63404,39746,4342
TATVA,06-OCT-2021,2255.0,2322.0,2225.0,2277.25,157160,55963,14389
TBZ,06-OCT-2021,82.9,84.85,79.5,80.4,356448,181379,5210
TCI,06-OCT-2021,447.35,453.35,421.0,427.6,76180,34967,4884
TCIDEVELOP,06-OCT-2021,372.2,376.0,369.0,374.75,962,780,70
TCIEXP,06-OCT-2021,1518.0,1570.0,1510.0,1519.4,31739,12299,5355
TCIFINANCE,06-OCT-2021,5.3,5.5,5.3,5.5,6522,6522,15
TCNSBRANDS,06-OCT-2021,664.85,674.0,647.0,648.3,74155,6341,5280
TCPLPACK,06-OCT-2021,566.0,573.95,540.6,545.6,12873,7915,982
TCS,06-OCT-2021,3836.0,3857.45,3795.0,3810.9,1678154,949703,105524
TDPOWERSYS,06-OCT-2021,344.95,348.45,321.35,325.65,53935,28597,3225
TEAMLEASE,06-OCT-2021,4764.0,4933.0,4713.85,4839.2,48086,26073,7689
TECHM,06-OCT-2021,1422.9,1426.9,1379.95,1385.65,2769341,1447756,76582
TECHNOE,06-OCT-2021,286.4,289.6,284.35,287.0,232243,196158,5961
TEJASNET,06-OCT-2021,498.0,507.5,490.4,490.4,657380,351625,15761
TEMBO,06-OCT-2021,329.9,334.55,318.15,322.25,309997,67274,1672
TEXINFRA,06-OCT-2021,59.45,61.2,58.05,60.05,126421,75224,926
TEXMOPIPES,06-OCT-2021,52.35,52.5,51.15,51.55,131606,75574,1482
TEXRAIL,06-OCT-2021,36.45,37.25,35.5,35.6,1098532,415671,3997
TFCILTD,06-OCT-2021,73.0,73.8,70.65,71.2,187828,107451,2404
TGBHOTELS,06-OCT-2021,10.5,10.6,10.25,10.6,87386,68687,251
THANGAMAYL,06-OCT-2021,1150.0,1150.0,1108.55,1123.1,13779,6930,2301
THEINVEST,06-OCT-2021,114.6,114.75,111.0,111.2,6411,4326,219
THERMAX,06-OCT-2021,1354.0,1364.7,1340.0,1358.95,34452,20879,8020
THOMASCOOK,06-OCT-2021,73.0,73.9,66.2,68.4,1801435,929137,15804
THYROCARE,06-OCT-2021,1168.3,1176.0,1158.0,1169.45,56077,32445,5970
TIIL,06-OCT-2021,810.05,852.0,810.05,830.05,20886,12821,1989
TIINDIA,06-OCT-2021,1335.0,1351.6,1281.0,1289.15,130470,62128,11094
TIL,06-OCT-2021,169.9,169.9,160.2,162.95,25762,12661,898
TIMESGTY,06-OCT-2021,45.5,46.25,41.5,43.55,19514,11121,374
TIMETECHNO,06-OCT-2021,71.75,72.6,70.0,70.35,736477,409621,5733
TIMKEN,06-OCT-2021,1700.0,1714.2,1680.0,1700.5,79549,67759,3447
TINPLATE,06-OCT-2021,313.7,320.8,304.35,307.45,1484351,536494,27105
TIRUMALCHM,06-OCT-2021,327.8,329.8,314.0,319.45,1232564,529765,25548
TITAN,06-OCT-2021,2194.0,2204.7,2135.1,2147.65,895210,391693,55955
TMRVL,06-OCT-2021,12.8,13.0,12.75,12.8,151361,114659,583
TNPETRO,06-OCT-2021,140.0,143.0,133.0,134.75,1384632,622163,20142
TNPL,06-OCT-2021,146.3,149.3,142.1,143.2,421297,194616,6995
TOKYOPLAST,06-OCT-2021,103.9,103.9,101.0,101.4,10398,6709,217
TORNTPHARM,06-OCT-2021,3129.9,3141.5,3058.05,3064.95,56256,20168,5351
TORNTPOWER,06-OCT-2021,520.5,522.65,503.55,505.7,781849,189924,21089
TOTAL,06-OCT-2021,54.45,54.5,51.35,52.05,42789,27595,400
TPLPLASTEH,06-OCT-2021,183.55,184.35,175.05,175.3,106065,84333,2631
TREJHARA,06-OCT-2021,63.85,63.85,62.1,62.8,36167,26594,627
TRENT,06-OCT-2021,1059.95,1097.8,1036.05,1044.55,1324497,186742,47241
TRF,06-OCT-2021,156.55,156.55,147.1,156.0,338046,207489,2683
TRIDENT,06-OCT-2021,33.95,33.95,32.55,33.95,34259205,19979723,53827
TRIGYN,06-OCT-2021,111.9,114.35,109.9,111.0,82921,50793,1557
TRIL,06-OCT-2021,33.4,33.4,30.6,31.05,716320,344532,4127
TRITURBINE,06-OCT-2021,178.65,184.55,175.4,179.95,856808,232076,21476
TRIVENI,06-OCT-2021,200.5,201.9,192.55,194.55,936291,466039,16145
TTKHLTCARE,06-OCT-2021,687.0,688.05,670.0,671.7,7180,3464,669
TTKPRESTIG,06-OCT-2021,9000.6,9028.75,8782.05,8799.3,8061,4731,2686
TTL,06-OCT-2021,69.45,72.8,69.0,69.75,29607,20843,559
TV18BRDCST,06-OCT-2021,44.7,44.7,42.15,42.6,11619485,5085396,20620
TVSELECT,06-OCT-2021,168.85,172.8,168.3,170.95,54096,36455,1317
TVSMOTOR,06-OCT-2021,565.5,566.0,540.05,544.0,2025110,1001635,41946
TVSSRICHAK,06-OCT-2021,2213.0,2244.0,2170.0,2190.9,8815,5897,1461
TVTODAY,06-OCT-2021,289.75,291.0,282.5,283.4,161714,121549,4593
TWL,06-OCT-2021,104.9,106.55,98.15,99.2,1813682,630360,18820
UBL,06-OCT-2021,1613.0,1617.9,1570.9,1589.15,365949,179897,15611
UCALFUEL,06-OCT-2021,152.0,155.45,149.1,150.65,59193,24167,2480
UCOBANK,06-OCT-2021,13.7,13.85,13.5,13.5,3479726,1886972,14481
UFLEX,06-OCT-2021,540.15,575.9,540.15,566.15,1648408,434126,44389
UFO,06-OCT-2021,107.9,108.45,103.2,103.85,472996,258690,7613
UGARSUGAR,06-OCT-2021,31.85,32.2,30.2,30.65,222884,115853,1491
UGROCAP,06-OCT-2021,127.9,148.7,126.65,131.4,650296,451950,6570
UJAAS,06-OCT-2021,2.9,2.95,2.85,2.85,721906,372365,569
UJJIVAN,06-OCT-2021,154.0,154.75,151.5,151.8,407849,255806,4033
UJJIVANSFB,06-OCT-2021,21.1,21.1,20.65,20.65,2260172,1382334,6334
ULTRACEMCO,06-OCT-2021,7498.85,7539.0,7346.0,7363.0,279814,97193,36002
UMANGDAIRY,06-OCT-2021,75.0,75.75,73.7,73.85,18050,10431,479
UMESLTD,06-OCT-2021,4.0,4.0,3.85,3.9,21761,16146,72
UNICHEMLAB,06-OCT-2021,270.95,271.0,266.5,267.2,68967,45277,4372
UNIDT,06-OCT-2021,344.65,344.65,336.1,336.95,22888,14822,676
UNIENTER,06-OCT-2021,132.6,139.0,131.25,132.45,40695,13228,773
UNIONBANK,06-OCT-2021,37.2,37.9,36.05,36.45,13430757,5170652,22387
UNITEDTEA,06-OCT-2021,392.95,398.9,381.2,389.65,5078,2133,491
UNIVASTU,06-OCT-2021,45.0,47.0,44.8,45.05,29057,19198,262
UNIVCABLES,06-OCT-2021,172.0,183.0,171.7,178.45,207239,90251,5876
UNIVPHOTO,06-OCT-2021,414.0,418.0,385.4,388.6,6062,3920,396
UPL,06-OCT-2021,716.0,744.45,715.5,727.3,7773811,1658865,162784
URJA,06-OCT-2021,6.4,6.65,6.35,6.5,6081521,2541162,6334
USHAMART,06-OCT-2021,92.9,95.05,89.2,90.05,1625220,893267,16104
UTIAMC,06-OCT-2021,1062.2,1066.95,1035.0,1040.0,192172,152189,9125
UTIBANKETF,06-OCT-2021,37.52,38.13,37.4,37.64,32959,28432,204
UTINEXT50,06-OCT-2021,45.0,45.47,44.7,44.77,6209,3441,168
UTINIFTETF,06-OCT-2021,1874.0,1923.3,1855.0,1855.46,527,291,92
UTISENSETF,06-OCT-2021,615.0,631.0,614.15,621.99,1078,1042,73
UTISXN50,06-OCT-2021,51.24,51.24,49.15,49.27,1475,1408,60
V2RETAIL,06-OCT-2021,146.0,152.0,146.0,152.0,79493,64676,659
VADILALIND,06-OCT-2021,1125.0,1145.0,1081.0,1089.35,22488,9575,2521
VAIBHAVGBL,06-OCT-2021,705.8,710.0,697.75,699.25,94389,53293,8219
VAISHALI,06-OCT-2021,36.8,37.35,36.75,36.8,48701,18000,302
VAKRANGEE,06-OCT-2021,40.4,41.35,39.65,40.6,6677950,3371095,11734
VALIANTORG,06-OCT-2021,1602.0,1664.95,1510.0,1522.55,361429,117900,36432
VARDHACRLC,06-OCT-2021,67.3,69.5,64.3,66.25,537169,296052,6092
VARROC,06-OCT-2021,300.6,302.5,294.15,294.8,109906,65573,3798
VASCONEQ,06-OCT-2021,29.85,29.85,27.05,27.5,3607163,1919491,6915
VASWANI,06-OCT-2021,11.45,11.55,11.0,11.4,38351,25528,132
VBL,06-OCT-2021,917.0,917.55,894.0,896.0,476175,316085,26105
VEDL,06-OCT-2021,304.2,307.1,289.0,290.95,9850825,3702604,81685
VENKEYS,06-OCT-2021,2984.5,3028.75,2925.55,2959.15,66285,25034,9182
VENUSREM,06-OCT-2021,450.0,458.3,445.1,447.55,40647,11874,4063
VERTOZ,06-OCT-2021,100.3,100.3,98.95,99.35,52651,35787,1117
VESUVIUS,06-OCT-2021,1190.0,1219.8,1176.0,1184.2,7333,3805,1309
VETO,06-OCT-2021,109.5,118.5,109.5,114.35,394923,181189,9951
VGUARD,06-OCT-2021,261.4,262.5,250.2,259.3,1149617,561943,19600
VHL,06-OCT-2021,3160.0,3219.7,3121.0,3149.75,473,262,144
VIDHIING,06-OCT-2021,414.0,416.0,390.5,393.6,309830,135510,10844
VIJAYA,06-OCT-2021,576.1,580.65,576.1,579.35,142636,90394,10264
VIKASECO,06-OCT-2021,2.1,2.1,2.0,2.05,4811862,2850229,1166
VIKASPROP,06-OCT-2021,2.1,2.15,2.1,2.15,940956,674985,759
VIKASWSP,06-OCT-2021,5.6,5.6,5.6,5.6,525759,525694,208
VIMTALABS,06-OCT-2021,298.0,303.05,292.0,297.1,86253,63390,2272
VINATIORGA,06-OCT-2021,2065.0,2125.0,2031.0,2073.95,490198,155142,44221
VINDHYATEL,06-OCT-2021,1228.0,1274.0,1212.5,1219.8,39346,17232,6044
VINEETLAB,06-OCT-2021,78.0,79.9,77.0,77.9,14085,9390,320
VINYLINDIA,06-OCT-2021,323.7,325.4,302.0,305.1,601560,208728,24897
VIPIND,06-OCT-2021,496.9,507.0,493.0,499.25,421925,163161,12909
VIPULLTD,06-OCT-2021,30.1,30.1,28.45,29.0,16238,12947,113
VISAKAIND,06-OCT-2021,674.9,674.9,655.1,660.9,37095,23933,3187
VISASTEEL,06-OCT-2021,13.1,13.5,12.75,12.85,50396,31683,259
VISHAL,06-OCT-2021,115.0,116.85,113.0,113.8,88801,55934,2516
VISHNU,06-OCT-2021,772.0,799.0,755.05,764.45,6784,4103,558
VISHWARAJ,06-OCT-2021,159.45,162.4,151.65,157.6,288012,133425,5192
VIVIDHA,06-OCT-2021,0.8,0.8,0.75,0.8,1780110,1116088,1131
VIVIMEDLAB,06-OCT-2021,20.4,21.4,20.4,21.4,369769,262606,864
VLSFINANCE,06-OCT-2021,198.95,198.95,193.0,194.25,37230,22120,1386
VMART,06-OCT-2021,3840.0,3940.0,3656.0,3722.35,60174,18347,13778
VOLTAMP,06-OCT-2021,1499.1,1520.25,1481.45,1494.05,7933,4525,1736
VOLTAS,06-OCT-2021,1256.8,1269.5,1223.6,1229.9,1637172,651990,57427
VRLLOG,06-OCT-2021,392.7,393.45,386.4,388.65,150191,42219,9429
VSSL,06-OCT-2021,244.05,248.55,237.0,238.75,109251,57741,4141
VSTIND,06-OCT-2021,3467.0,3499.0,3409.7,3451.05,4378,2533,1349
VSTTILLERS,06-OCT-2021,2900.0,2959.0,2820.0,2854.55,18783,5486,4952
VTL,06-OCT-2021,1898.9,1975.0,1893.75,1938.25,142474,72087,13178
WABAG,06-OCT-2021,336.5,342.0,332.25,333.35,181614,84656,5381
WABCOINDIA,06-OCT-2021,7279.0,7279.0,7130.0,7137.75,12663,9754,1515
WALCHANNAG,06-OCT-2021,58.3,58.55,55.35,55.75,503596,352263,5667
WATERBASE,06-OCT-2021,121.45,121.75,117.0,117.7,181989,92707,4434
WEBELSOLAR,06-OCT-2021,64.45,65.0,63.0,63.6,200392,123908,2220
WEIZMANIND,06-OCT-2021,47.2,49.0,47.2,48.05,1802,1359,85
WELCORP,06-OCT-2021,149.0,150.9,144.5,145.95,3473990,1499660,23865
WELENT,06-OCT-2021,108.5,108.8,103.9,104.75,181976,108738,3877
WELINV,06-OCT-2021,326.0,334.9,324.0,325.6,1116,829,87
WELSPUNIND,06-OCT-2021,164.7,167.65,163.1,164.05,3054025,1014477,29482
WENDT,06-OCT-2021,4300.0,4360.0,4230.1,4273.9,1219,855,324
WESTLIFE,06-OCT-2021,557.0,565.0,550.0,553.5,456291,419296,7801
WHEELS,06-OCT-2021,816.75,823.4,775.0,784.65,25103,14425,2694
WHIRLPOOL,06-OCT-2021,2286.0,2299.85,2238.25,2262.3,53350,26552,9954
WILLAMAGOR,06-OCT-2021,22.2,24.05,21.0,23.55,99084,71000,330
WINDLAS,06-OCT-2021,366.0,369.05,360.0,360.75,51273,27717,2689
WINDMACHIN,06-OCT-2021,29.95,31.3,29.65,31.3,117025,72071,472
WIPRO,06-OCT-2021,650.4,650.45,634.4,635.75,4836599,2266980,118313
WOCKPHARMA,06-OCT-2021,449.05,458.8,440.1,443.65,622527,173999,14386
WONDERLA,06-OCT-2021,244.5,258.6,243.9,247.5,343686,148995,14427
WORTH,06-OCT-2021,89.55,97.0,89.0,93.95,165268,93329,1575
WSTCSTPAPR,06-OCT-2021,284.25,295.8,280.0,281.25,940207,378559,21545
XCHANGING,06-OCT-2021,114.95,117.0,110.6,111.5,448200,267476,5908
XPROINDIA,06-OCT-2021,634.85,660.65,601.1,656.5,174130,84754,10888
YAARII,06-OCT-2021,101.0,105.65,101.0,103.85,246280,123745,1900
YESBANK,06-OCT-2021,13.15,13.5,13.0,13.05,124309047,39869524,112788
YUKEN,06-OCT-2021,603.7,603.95,580.3,586.95,2870,1047,473
ZEEL,06-OCT-2021,300.45,306.8,292.5,294.7,20947344,6419037,125607
ZEELEARN,06-OCT-2021,14.35,14.45,14.05,14.1,1061323,665626,2116
ZEEMEDIA,06-OCT-2021,14.85,15.65,14.25,14.25,7466894,4505807,8982
ZENITHEXPO,06-OCT-2021,107.3,107.35,101.35,107.35,11659,11407,116
ZENSARTECH,06-OCT-2021,476.0,491.0,465.55,468.55,993704,354364,31621
ZENTEC,06-OCT-2021,216.0,217.3,204.95,206.3,724736,414716,22014
ZODIACLOTH,06-OCT-2021,120.0,121.8,117.05,117.35,42628,23405,1367
ZOMATO,06-OCT-2021,138.75,139.2,133.7,134.95,9988184,5350579,62569
ZOTA,06-OCT-2021,420.9,425.0,408.2,410.85,44178,25419,2291
ZYDUSWELL,06-OCT-2021,2350.0,2364.8,2310.05,2320.0,158427,141261,5414
