20MICRONS,07-OCT-2021,61.75,63.7,61.5,61.9,188941,117121,1763
21STCENMGM,07-OCT-2021,53.15,53.15,53.15,53.15,1997,1997,22
3MINDIA,07-OCT-2021,25016.15,25700.0,24850.15,25231.65,3342,1812,2125
5PAISA,07-OCT-2021,472.6,480.0,466.2,469.15,27056,11134,3849
63MOONS,07-OCT-2021,94.0,96.25,93.05,95.35,92995,46122,1836
A2ZINFRA,07-OCT-2021,4.2,4.5,4.2,4.35,1443160,928893,719
AAKASH,07-OCT-2021,219.65,222.5,193.5,197.05,163237,97126,1674
AAREYDRUGS,07-OCT-2021,37.0,37.8,36.9,37.0,39068,28576,438
AARON,07-OCT-2021,119.0,119.25,115.0,118.95,11977,8256,319
AARTIDRUGS,07-OCT-2021,636.75,645.0,632.0,632.75,154629,59985,6883
AARTIIND,07-OCT-2021,1066.95,1115.0,1065.05,1080.7,1818149,407810,66797
AARTISURF,07-OCT-2021,1475.0,1514.4,1440.05,1482.0,25872,9592,4468
AARVEEDEN,07-OCT-2021,25.7,25.7,23.85,24.85,101008,48999,380
AARVI,07-OCT-2021,64.0,64.3,63.15,63.65,16815,14643,156
AAVAS,07-OCT-2021,2665.9,2672.9,2632.8,2648.65,39186,21934,6727
ABAN,07-OCT-2021,46.5,54.95,46.35,54.95,1637691,789956,10275
ABB,07-OCT-2021,1880.0,1898.0,1863.0,1871.5,64748,37964,7517
ABBOTINDIA,07-OCT-2021,22475.85,22868.8,21610.0,21741.2,45763,10565,19026
ABCAPITAL,07-OCT-2021,112.0,112.45,109.6,110.1,2499118,1134317,15972
ABFRL,07-OCT-2021,243.0,261.7,243.0,258.9,9383410,2285690,68685
ABMINTLLTD,07-OCT-2021,152.4,152.4,152.4,152.4,2025,2025,32
ABSLBANETF,07-OCT-2021,379.2,379.2,370.0,375.89,680,357,50
ABSLNN50ET,07-OCT-2021,435.3,444.0,435.3,442.0,813,643,40
ACC,07-OCT-2021,2215.3,2276.0,2215.3,2265.85,318393,87251,21019
ACCELYA,07-OCT-2021,1295.0,1331.0,1290.0,1299.65,34335,13046,4650
ACCURACY,07-OCT-2021,140.95,140.95,134.1,135.75,45888,26064,2209
ACE,07-OCT-2021,266.25,271.0,263.35,266.5,830143,354009,22807
ACRYSIL,07-OCT-2021,748.35,768.0,732.05,740.75,90036,46187,7333
ADANIENT,07-OCT-2021,1502.85,1535.75,1490.0,1520.75,1919106,449648,42020
ADANIGREEN,07-OCT-2021,1225.0,1237.0,1202.1,1205.65,179544,115239,12385
ADANIPORTS,07-OCT-2021,730.0,738.8,726.55,736.15,3237419,990929,50359
ADANIPOWER,07-OCT-2021,102.3,104.8,101.55,101.95,5122515,2715714,39363
ADFFOODS,07-OCT-2021,900.0,920.0,880.0,905.4,12383,9458,1213
ADORWELD,07-OCT-2021,726.0,727.95,709.0,715.15,6297,3416,711
ADSL,07-OCT-2021,83.4,85.75,81.25,83.0,451911,218703,7571
ADVANIHOTR,07-OCT-2021,80.8,83.95,80.75,82.15,39418,19574,370
ADVENZYMES,07-OCT-2021,404.05,408.0,400.0,402.3,332082,131656,11831
AEGISCHEM,07-OCT-2021,229.95,231.8,228.7,230.0,302131,135899,6451
AFFLE,07-OCT-2021,1114.0,1154.3,1111.0,1154.3,220500,149466,14766
AGARIND,07-OCT-2021,414.0,414.0,372.0,384.1,161373,90425,6279
AGROPHOS,07-OCT-2021,15.85,18.5,15.5,18.45,584862,355394,1577
AHLADA,07-OCT-2021,177.0,177.75,167.25,172.95,44357,32461,894
AHLEAST,07-OCT-2021,185.0,192.9,185.0,187.45,6737,4086,191
AHLUCONT,07-OCT-2021,358.75,382.0,354.7,364.75,132601,78948,5663
AHLWEST,07-OCT-2021,282.6,282.7,275.5,276.35,2619,1476,213
AIAENG,07-OCT-2021,1929.0,1929.2,1876.15,1883.1,34056,19893,7154
AJANTPHARM,07-OCT-2021,2266.0,2330.0,2249.0,2301.4,53376,22377,8333
AJOONI,07-OCT-2021,60.95,63.0,60.15,61.6,165539,113215,1055
AKASH,07-OCT-2021,230.9,249.7,221.0,222.7,83066,16074,3180
AKG,07-OCT-2021,28.0,28.0,26.4,26.7,30826,21960,206
AKSHARCHEM,07-OCT-2021,557.75,597.25,550.05,562.75,195612,65612,11709
AKZOINDIA,07-OCT-2021,2258.0,2267.95,2226.05,2237.25,6791,4016,1725
ALANKIT,07-OCT-2021,19.0,19.4,18.5,18.8,2371127,1540958,3170
ALBERTDAVD,07-OCT-2021,605.7,614.1,598.5,604.0,7061,3806,676
ALEMBICLTD,07-OCT-2021,114.9,115.35,113.6,114.05,174719,67008,3461
ALICON,07-OCT-2021,753.2,819.0,753.2,781.3,45924,22852,4759
ALKALI,07-OCT-2021,99.0,99.8,94.0,96.25,151425,73913,2846
ALKEM,07-OCT-2021,3939.0,3993.75,3890.0,3909.85,344171,144379,33135
ALKYLAMINE,07-OCT-2021,4062.0,4180.0,3985.7,4109.45,143040,68434,22100
ALLCARGO,07-OCT-2021,286.45,295.9,284.5,286.45,770450,251503,11344
ALLSEC,07-OCT-2021,421.95,422.25,416.5,418.1,5832,4133,338
ALMONDZ,07-OCT-2021,115.3,115.3,108.45,110.75,54360,42082,677
ALOKINDS,07-OCT-2021,24.5,24.75,24.2,24.25,7486202,3168611,11782
ALPA,07-OCT-2021,57.05,62.75,56.8,57.65,460772,142448,4949
ALPHAGEO,07-OCT-2021,460.0,474.4,460.0,463.15,90485,28049,5738
AMARAJABAT,07-OCT-2021,752.0,765.0,751.8,758.7,932021,396885,24027
AMBER,07-OCT-2021,3419.0,3478.5,3375.0,3399.85,58191,25537,11914
AMBICAAGAR,07-OCT-2021,19.25,22.5,19.2,22.5,239465,134699,936
AMBIKCO,07-OCT-2021,1919.4,1980.3,1845.65,1873.3,87491,39743,10320
AMBUJACEM,07-OCT-2021,398.95,404.7,397.3,402.9,5508787,3450811,53502
AMDIND,07-OCT-2021,29.8,32.75,29.05,31.65,161516,99569,1089
AMIORG,07-OCT-2021,1314.95,1341.9,1300.0,1302.55,300078,94668,16463
AMJLAND,07-OCT-2021,36.0,38.7,36.0,37.85,78528,42018,695
AMRUTANJAN,07-OCT-2021,846.4,853.15,830.1,834.55,65762,29392,6028
ANANTRAJ,07-OCT-2021,76.8,78.1,75.55,78.05,1236939,685811,3446
ANDHRAPAP,07-OCT-2021,241.95,245.2,236.75,238.65,38370,23856,1719
ANDHRSUGAR,07-OCT-2021,677.0,683.0,662.25,665.6,77007,34512,6165
ANDREWYU,07-OCT-2021,27.6,27.85,26.7,27.2,269948,121091,1667
ANGELBRKG,07-OCT-2021,1359.1,1419.0,1347.15,1362.95,472653,128422,27715
ANIKINDS,07-OCT-2021,18.45,19.95,18.35,19.95,143958,118333,191
ANMOL,07-OCT-2021,154.15,154.95,152.1,153.6,70803,32172,1519
ANSALAPI,07-OCT-2021,9.15,10.8,8.95,10.8,1520532,975210,1451
ANSALHSG,07-OCT-2021,6.65,7.05,6.4,6.45,2338236,1227885,2112
ANUP,07-OCT-2021,966.55,990.25,961.55,980.75,19321,10643,3041
ANURAS,07-OCT-2021,780.0,787.7,774.0,777.25,61834,31685,4396
APARINDS,07-OCT-2021,664.75,675.5,658.4,673.1,82602,44874,8488
APCL,07-OCT-2021,421.0,421.0,407.05,408.75,37432,22114,2504
APCOTEXIND,07-OCT-2021,437.8,452.0,427.4,445.7,400205,186699,17191
APEX,07-OCT-2021,309.85,313.95,305.0,308.8,112421,46899,8107
APLAPOLLO,07-OCT-2021,849.9,861.0,826.85,857.05,551501,344515,36895
APLLTD,07-OCT-2021,780.1,785.0,775.35,777.9,214567,125721,10044
APOLLO,07-OCT-2021,120.4,122.5,119.95,120.65,91341,43522,3315
APOLLOHOSP,07-OCT-2021,4410.0,4468.0,4381.0,4428.3,276775,88925,29534
APOLLOPIPE,07-OCT-2021,1836.7,1914.0,1830.05,1840.6,37697,20842,5237
APOLLOTYRE,07-OCT-2021,224.0,233.0,223.65,228.15,6417957,2170754,64049
APOLSINHOT,07-OCT-2021,803.5,818.95,790.55,807.2,2238,1716,184
APTECHT,07-OCT-2021,305.0,313.4,304.9,306.25,199901,61126,5640
APTUS,07-OCT-2021,326.25,328.95,322.0,323.4,477820,293963,7039
ARCHIDPLY,07-OCT-2021,32.65,34.35,32.65,33.75,15242,10309,180
ARENTERP,07-OCT-2021,31.0,31.0,29.3,30.2,8084,3238,451
ARIES,07-OCT-2021,148.0,150.65,147.45,149.1,76781,50067,1944
ARIHANT,07-OCT-2021,28.0,28.0,22.5,26.55,24288,13153,300
ARIHANTCAP,07-OCT-2021,140.0,149.0,136.9,146.0,214038,103626,4804
ARIHANTSUP,07-OCT-2021,179.0,183.9,172.9,175.05,398427,268903,6341
ARMANFIN,07-OCT-2021,942.3,993.15,923.55,984.75,76928,27237,9460
AROGRANITE,07-OCT-2021,63.65,64.75,63.65,63.9,52558,31049,587
ARROWGREEN,07-OCT-2021,120.0,122.9,119.1,119.9,7342,6053,233
ARSHIYA,07-OCT-2021,28.0,29.3,26.9,27.65,143228,83301,743
ARSSINFRA,07-OCT-2021,28.7,29.3,28.15,29.0,21795,15960,340
ARTEMISMED,07-OCT-2021,37.6,38.2,37.05,37.35,74002,43777,1168
ARVIND,07-OCT-2021,104.95,106.45,103.5,104.2,2032362,723092,15037
ARVINDFASN,07-OCT-2021,330.0,347.5,325.8,339.95,1300007,307466,30511
ARVSMART,07-OCT-2021,181.55,211.65,181.55,202.0,1275164,631631,18194
ASAHIINDIA,07-OCT-2021,369.0,373.5,368.65,369.6,33570,22123,1647
ASAHISONG,07-OCT-2021,366.5,375.0,366.5,368.05,14504,8174,1251
ASALCBR,07-OCT-2021,493.9,505.0,492.0,495.05,199452,106205,9014
ASHAPURMIN,07-OCT-2021,131.3,135.65,127.0,129.7,131743,81386,1851
ASHIANA,07-OCT-2021,201.95,206.25,200.0,200.4,137818,48785,4258
ASHIMASYN,07-OCT-2021,18.05,18.9,17.6,17.75,86298,51573,389
ASHOKA,07-OCT-2021,100.5,103.5,99.5,103.1,4723448,2920298,23829
ASHOKLEY,07-OCT-2021,132.0,138.5,131.2,135.85,42882284,14992770,206033
ASIANHOTNR,07-OCT-2021,88.0,89.9,87.55,88.65,24257,14261,411
ASIANPAINT,07-OCT-2021,3220.0,3318.0,3220.0,3290.85,1177283,545291,95072
ASIANTILES,07-OCT-2021,169.0,175.0,153.8,164.75,703616,271570,8352
ASPINWALL,07-OCT-2021,188.3,190.0,184.2,185.4,5555,1730,561
ASTEC,07-OCT-2021,1289.0,1304.0,1269.45,1277.7,9276,3569,1619
ASTERDM,07-OCT-2021,210.0,213.5,208.85,211.65,435149,189798,7835
ASTRAL,07-OCT-2021,2263.0,2265.3,2213.0,2237.85,516085,273910,42135
ASTRAMICRO,07-OCT-2021,196.3,200.6,194.8,196.1,358067,167761,5792
ASTRAZEN,07-OCT-2021,3099.8,3123.25,3081.05,3102.9,17249,8379,3011
ASTRON,07-OCT-2021,60.05,61.4,59.8,60.05,72443,43599,1296
ATFL,07-OCT-2021,1029.95,1033.75,1010.3,1022.7,8144,5521,1221
ATUL,07-OCT-2021,10280.5,10500.0,10150.05,10445.55,131985,83354,19247
ATULAUTO,07-OCT-2021,224.9,236.9,224.9,232.15,854129,312883,18722
AUBANK,07-OCT-2021,1222.05,1222.05,1199.0,1205.9,818620,299167,25444
AUROPHARMA,07-OCT-2021,719.7,726.4,716.35,719.6,1514665,629399,59223
AUTOAXLES,07-OCT-2021,1235.0,1281.0,1235.0,1251.4,22830,14841,3167
AUTOIND,07-OCT-2021,58.2,60.65,57.8,60.65,37880,35077,357
AVADHSUGAR,07-OCT-2021,455.15,461.9,449.5,452.8,67460,31579,3863
AVANTIFEED,07-OCT-2021,575.7,584.0,569.6,580.15,252177,132534,12174
AVTNPL,07-OCT-2021,85.0,86.8,84.25,84.95,272508,139233,4823
AWHCL,07-OCT-2021,358.4,364.4,354.1,355.3,326831,156777,8514
AXISBANK,07-OCT-2021,790.0,790.15,774.1,777.1,6622698,4280170,135599
AXISBNKETF,07-OCT-2021,380.0,381.75,377.54,378.79,762,649,29
AXISBPSETF,07-OCT-2021,10.36,10.36,10.34,10.35,5979,5910,120
AXISCADES,07-OCT-2021,85.9,87.4,83.8,86.15,97023,71842,1050
AXISCETF,07-OCT-2021,73.73,73.73,70.53,72.22,1872,1144,33
AXISGOLD,07-OCT-2021,40.65,40.65,40.38,40.5,66837,57823,4769
AXISHCETF,07-OCT-2021,90.45,90.45,89.0,89.22,3943,2699,239
AXISNIFTY,07-OCT-2021,185.9,187.97,185.9,186.71,6646,2224,167
AXISTECETF,07-OCT-2021,358.99,359.7,354.0,358.75,4716,2260,187
AYMSYNTEX,07-OCT-2021,115.0,116.95,112.3,113.35,37392,18659,1394
BAFNAPH,07-OCT-2021,130.85,132.5,128.75,131.45,7005,4859,150
BAJAJ-AUTO,07-OCT-2021,3815.0,3868.65,3785.0,3828.55,343916,111532,31202
BAJAJCON,07-OCT-2021,255.1,256.85,252.25,253.05,618911,323168,12254
BAJAJELEC,07-OCT-2021,1264.4,1273.65,1243.95,1252.8,99030,44693,9856
BAJAJFINSV,07-OCT-2021,17800.0,17880.0,17425.0,17470.25,224100,71269,40788
BAJAJHLDNG,07-OCT-2021,4812.0,4838.0,4720.0,4741.0,22876,10333,5592
BAJFINANCE,07-OCT-2021,7845.9,7885.0,7738.0,7747.9,940550,382768,67268
BALAJITELE,07-OCT-2021,65.6,66.7,64.85,65.25,149673,74530,2341
BALAMINES,07-OCT-2021,4656.0,4656.0,4552.55,4568.4,88326,50850,12062
BALAXI,07-OCT-2021,590.0,624.0,575.05,616.8,30192,12076,2429
BALKRISIND,07-OCT-2021,2537.9,2568.0,2517.0,2551.65,755920,238818,39828
BALMLAWRIE,07-OCT-2021,130.5,131.85,130.25,130.75,243148,125707,4337
BALPHARMA,07-OCT-2021,102.0,111.85,102.0,108.4,470238,199601,13320
BALRAMCHIN,07-OCT-2021,381.95,382.5,373.15,375.35,628383,296854,11513
BANARBEADS,07-OCT-2021,66.0,78.05,65.95,78.05,271758,100590,3017
BANARISUG,07-OCT-2021,2257.1,2343.8,2244.65,2310.45,4336,2201,639
BANCOINDIA,07-OCT-2021,201.5,203.0,196.8,197.7,138425,56241,8932
BANDHANBNK,07-OCT-2021,309.0,330.7,308.25,328.55,22013345,9671454,223782
BANKBARODA,07-OCT-2021,83.4,84.85,83.1,84.0,25229829,6530437,64114
BANKBEES,07-OCT-2021,377.58,389.0,377.58,380.04,195059,82868,4101
BANKINDIA,07-OCT-2021,57.0,57.2,56.25,56.4,3860147,1462912,18537
BANSWRAS,07-OCT-2021,195.5,204.0,180.05,200.85,139313,75719,4156
BARBEQUE,07-OCT-2021,1097.0,1130.0,1074.35,1113.55,179765,60541,17402
BASF,07-OCT-2021,3573.35,3573.35,3480.9,3499.55,25846,11351,5730
BASML,07-OCT-2021,69.65,69.65,65.45,66.5,80942,55915,814
BATAINDIA,07-OCT-2021,1845.0,1952.9,1832.35,1944.4,1550818,358165,67356
BAYERCROP,07-OCT-2021,5215.0,5254.8,5185.5,5195.85,10263,5385,2380
BBL,07-OCT-2021,1328.0,1364.95,1322.35,1335.8,19341,10139,2660
BBTC,07-OCT-2021,1172.0,1179.9,1146.9,1157.45,47090,26915,3753
BCLIND,07-OCT-2021,245.0,247.9,239.2,240.45,40106,22367,2170
BCP,07-OCT-2021,3.9,4.0,3.85,3.9,318693,191449,391
BDL,07-OCT-2021,378.5,379.8,368.15,369.1,489732,283943,17052
BEARDSELL,07-OCT-2021,14.3,14.9,14.0,14.65,42048,28067,160
BECTORFOOD,07-OCT-2021,410.5,416.85,408.5,410.15,118403,60338,4162
BEDMUTHA,07-OCT-2021,37.9,39.4,36.5,37.0,15781,8160,315
BEL,07-OCT-2021,201.0,203.8,200.5,203.1,2529141,771450,19209
BEML,07-OCT-2021,1507.0,1557.75,1480.0,1538.15,729523,236898,32682
BEPL,07-OCT-2021,205.0,213.4,204.05,207.05,2060092,778687,22092
BERGEPAINT,07-OCT-2021,826.7,839.3,821.5,829.55,503440,142144,23693
BESTAGRO,07-OCT-2021,849.85,979.55,835.0,979.4,424237,174141,27236
BFINVEST,07-OCT-2021,364.9,374.0,364.9,368.45,25892,9968,1862
BFUTILITIE,07-OCT-2021,439.0,444.25,433.1,434.7,216324,68589,8118
BGRENERGY,07-OCT-2021,67.95,70.35,67.9,68.55,330677,119263,4882
BHAGERIA,07-OCT-2021,320.45,322.75,310.5,313.8,143843,61381,6088
BHAGYANGR,07-OCT-2021,52.45,53.8,50.1,52.35,157369,103117,1800
BHAGYAPROP,07-OCT-2021,34.0,34.5,31.4,32.8,106633,68664,891
BHANDARI,07-OCT-2021,3.2,3.25,3.1,3.15,272075,186036,587
BHARATFORG,07-OCT-2021,730.0,750.15,727.85,741.5,3925051,2194392,95029
BHARATGEAR,07-OCT-2021,170.9,177.5,163.6,166.05,163757,66113,6069
BHARATRAS,07-OCT-2021,12459.1,12459.5,12327.05,12414.1,1019,473,593
BHARTIARTL,07-OCT-2021,695.75,702.2,691.3,692.5,8121590,4558435,99336
BHEL,07-OCT-2021,63.9,64.85,63.1,63.25,30079052,7023701,54956
BIGBLOC,07-OCT-2021,135.0,145.95,134.95,138.55,81009,41361,2877
BIL,07-OCT-2021,229.0,239.85,225.0,229.35,4779,2668,284
BINDALAGRO,07-OCT-2021,23.05,23.55,23.05,23.15,147639,99132,1274
BIOCON,07-OCT-2021,359.5,361.85,357.2,359.75,1040559,343976,17592
BIOFILCHEM,07-OCT-2021,63.1,64.5,63.0,63.05,46238,27375,662
BIRLACORPN,07-OCT-2021,1357.0,1374.95,1346.85,1367.5,82056,40786,7657
BIRLAMONEY,07-OCT-2021,66.8,68.0,65.55,67.1,256231,159008,2628
BIRLATYRE,07-OCT-2021,24.35,25.0,23.65,23.9,897413,547321,3198
BLBLIMITED,07-OCT-2021,10.55,11.0,10.3,11.0,101037,83519,210
BLISSGVS,07-OCT-2021,110.8,115.0,110.1,112.9,782472,271626,10104
BLKASHYAP,07-OCT-2021,30.5,32.4,30.5,31.9,1185457,835427,2379
BLS,07-OCT-2021,265.0,269.15,254.0,255.45,174193,106530,3552
BLUEDART,07-OCT-2021,6401.6,6594.0,6350.0,6569.85,31752,16600,5657
BLUESTARCO,07-OCT-2021,870.75,891.0,867.0,887.9,68226,16960,8195
BODALCHEM,07-OCT-2021,139.5,144.2,139.5,141.5,1491763,629003,13331
BOMDYEING,07-OCT-2021,96.0,97.8,95.6,96.3,3868772,863927,20833
BOROLTD,07-OCT-2021,223.5,225.35,218.4,220.5,96990,46546,4119
BORORENEW,07-OCT-2021,329.95,336.8,324.6,330.7,398737,223137,10649
BOSCHLTD,07-OCT-2021,17300.0,17674.55,17049.7,17513.4,212870,21794,46895
BPCL,07-OCT-2021,451.5,452.0,448.0,449.2,3722557,1979153,55787
BRIGADE,07-OCT-2021,449.7,476.7,446.1,469.05,2183068,852183,59719
BRITANNIA,07-OCT-2021,3959.8,3963.65,3877.45,3900.6,187556,101774,26318
BRNL,07-OCT-2021,30.7,31.4,30.0,30.45,56147,39377,489
BROOKS,07-OCT-2021,135.3,139.8,133.0,135.65,69336,35520,884
BSE,07-OCT-2021,1262.4,1264.55,1235.0,1252.45,273168,121553,16111
BSL,07-OCT-2021,70.0,73.2,66.05,73.2,130014,77457,1432
BSLGOLDETF,07-OCT-2021,4287.95,4288.0,4262.0,4278.45,190,102,49
BSLNIFTY,07-OCT-2021,194.16,200.8,194.16,196.91,299,192,83
BSLSENETFG,07-OCT-2021,574.0,577.0,562.3,567.57,463,101,30
BSOFT,07-OCT-2021,423.0,428.95,420.5,425.65,2936052,1178491,62739
BURGERKING,07-OCT-2021,160.5,162.0,159.35,160.3,674808,294826,7413
BUTTERFLY,07-OCT-2021,1010.0,1050.0,999.15,1036.65,50011,35183,4029
BYKE,07-OCT-2021,34.0,39.45,33.2,38.85,1787948,548817,9258
CADILAHC,07-OCT-2021,555.0,557.75,548.9,549.75,1852570,988421,24052
CALSOFT,07-OCT-2021,32.7,32.7,32.7,32.7,22013,22013,59
CAMLINFINE,07-OCT-2021,202.0,204.0,195.3,196.5,613139,315215,11228
CAMS,07-OCT-2021,3145.0,3145.0,3092.15,3108.05,221699,127581,32837
CANBK,07-OCT-2021,176.55,177.5,173.6,174.85,11754552,3829108,48273
CANFINHOME,07-OCT-2021,676.1,707.0,676.1,689.5,1881513,302325,37141
CANTABIL,07-OCT-2021,610.5,617.95,600.2,604.75,14659,10147,577
CAPACITE,07-OCT-2021,189.25,196.35,187.7,188.85,601957,254291,9760
CAPLIPOINT,07-OCT-2021,901.95,926.45,900.0,905.75,300330,56028,16875
CAPTRUST,07-OCT-2021,93.55,95.9,93.0,93.25,9309,6979,151
CARBORUNIV,07-OCT-2021,875.0,882.0,865.0,868.3,60598,38504,6803
CAREERP,07-OCT-2021,159.8,162.05,157.95,160.1,24415,12070,827
CARERATING,07-OCT-2021,681.15,691.15,679.0,680.65,69939,40484,3347
CARTRADE,07-OCT-2021,1431.0,1441.9,1385.0,1391.25,196187,86272,21876
CASTROLIND,07-OCT-2021,146.0,147.8,143.0,144.35,1226197,529882,15803
CCL,07-OCT-2021,408.65,411.95,404.0,408.7,360805,123338,13116
CEATLTD,07-OCT-2021,1349.0,1374.95,1338.0,1347.9,177916,56313,12498
CELEBRITY,07-OCT-2021,9.5,9.95,9.35,9.5,40227,25521,197
CENTENKA,07-OCT-2021,473.65,480.0,465.5,467.55,35189,22568,2640
CENTEXT,07-OCT-2021,8.8,9.35,8.8,9.2,317174,177754,746
CENTRALBK,07-OCT-2021,22.5,22.7,22.15,22.25,3618918,1394714,5657
CENTRUM,07-OCT-2021,39.5,39.5,37.55,38.15,750651,395730,4040
CENTUM,07-OCT-2021,522.4,528.95,495.0,515.0,25218,10235,2911
CENTURYPLY,07-OCT-2021,485.0,505.4,478.6,483.35,461468,186906,20949
CENTURYTEX,07-OCT-2021,932.55,957.0,928.1,932.65,432766,119977,19292
CERA,07-OCT-2021,5235.0,5337.4,5218.15,5261.65,5058,1905,1930
CEREBRAINT,07-OCT-2021,55.75,55.75,54.3,55.05,116208,70612,2161
CESC,07-OCT-2021,92.35,93.1,88.7,89.25,5944727,3080711,35107
CGCL,07-OCT-2021,521.1,533.0,521.1,529.05,22340,4861,5062
CHALET,07-OCT-2021,234.0,242.0,234.0,240.05,1097608,768390,22668
CHAMBLFERT,07-OCT-2021,351.0,388.0,351.0,375.85,6782462,1091277,119231
CHEMBOND,07-OCT-2021,275.0,287.3,263.15,266.1,572120,259443,24865
CHEMCON,07-OCT-2021,456.0,459.9,447.0,450.05,253114,105840,8217
CHEMFAB,07-OCT-2021,211.6,212.95,201.3,203.35,64181,38664,2206
CHEMPLASTS,07-OCT-2021,730.0,749.8,716.75,743.7,1381841,632908,36444
CHENNPETRO,07-OCT-2021,128.55,139.15,128.55,134.6,3179091,1582644,41444
CHOLAFIN,07-OCT-2021,565.9,586.55,563.05,583.85,2592321,920179,58665
CHOLAHLDNG,07-OCT-2021,700.0,703.95,697.85,701.25,35494,29338,1465
CIGNITITEC,07-OCT-2021,612.0,612.0,590.0,591.95,229065,53824,11247
CIPLA,07-OCT-2021,920.0,922.25,898.0,916.05,7008049,3545300,121544
CLEAN,07-OCT-2021,2258.0,2268.5,2188.85,2203.55,440559,162108,34885
CLEDUCATE,07-OCT-2021,73.1,74.95,71.3,72.65,46100,31845,636
CLNINDIA,07-OCT-2021,623.8,630.0,615.05,616.95,72754,36469,5846
CLSEL,07-OCT-2021,121.6,123.8,121.25,121.45,32401,19096,1167
CMICABLES,07-OCT-2021,47.6,47.8,44.85,45.55,90199,59091,1358
COALINDIA,07-OCT-2021,194.75,194.95,189.25,190.7,16517664,5010088,99100
COCHINSHIP,07-OCT-2021,364.0,365.8,360.5,361.35,184615,108197,4887
COFFEEDAY,07-OCT-2021,32.95,33.35,31.85,32.0,1371129,819528,4212
COFORGE,07-OCT-2021,5347.95,5499.0,5333.05,5448.95,232968,51745,24822
COLPAL,07-OCT-2021,1690.5,1694.95,1680.65,1688.35,166905,90302,16689
COMPINFO,07-OCT-2021,26.5,27.45,26.1,26.2,305956,128626,1491
COMPUSOFT,07-OCT-2021,18.35,18.35,18.35,18.35,55005,55005,136
CONCOR,07-OCT-2021,701.0,705.3,691.15,694.95,1638029,1007255,26999
CONFIPET,07-OCT-2021,89.95,92.35,89.2,90.2,1206327,556504,9607
CONSOFINVT,07-OCT-2021,163.05,163.05,163.05,163.05,38199,38196,149
CONTROLPR,07-OCT-2021,326.5,332.6,324.0,328.45,15231,11192,958
CORALFINAC,07-OCT-2021,46.3,46.35,44.4,44.85,188965,61914,818
CORDSCABLE,07-OCT-2021,58.0,58.9,56.6,57.6,116013,57868,1469
COROMANDEL,07-OCT-2021,870.0,874.9,841.5,857.8,1452929,416420,54025
COSMOFILMS,07-OCT-2021,1475.0,1551.5,1463.45,1540.8,133429,61900,11798
COUNCODOS,07-OCT-2021,3.0,3.05,2.9,3.0,238379,175562,294
CPSEETF,07-OCT-2021,31.79,31.92,31.17,31.22,1588942,1179151,11938
CRAFTSMAN,07-OCT-2021,2275.2,2290.55,2182.85,2204.4,29289,14876,6116
CREATIVEYE,07-OCT-2021,4.05,4.05,4.0,4.0,3633,3633,11
CREDITACC,07-OCT-2021,664.65,675.5,652.4,673.4,87464,41590,6336
CRISIL,07-OCT-2021,2880.05,2925.0,2830.0,2911.2,22524,9527,4254
CROMPTON,07-OCT-2021,480.5,482.95,472.45,478.9,629388,276118,23796
CSBBANK,07-OCT-2021,314.25,317.0,312.5,313.3,91069,45424,3291
CTE,07-OCT-2021,56.6,60.3,55.65,60.3,54685,40324,488
CUB,07-OCT-2021,160.75,162.4,159.3,160.0,1779037,788955,13587
CUBEXTUB,07-OCT-2021,28.05,28.05,25.45,25.45,96319,61631,431
CUMMINSIND,07-OCT-2021,886.6,902.7,885.6,896.9,978399,472170,27670
CUPID,07-OCT-2021,234.55,237.0,231.6,233.15,46036,24166,2279
CYBERTECH,07-OCT-2021,163.5,177.0,162.35,170.45,519942,244276,10977
CYIENT,07-OCT-2021,1095.0,1108.6,1080.0,1091.15,415979,152779,28520
DAAWAT,07-OCT-2021,70.55,71.7,70.15,70.4,916601,391383,6863
DABUR,07-OCT-2021,617.55,619.4,614.4,615.15,1228502,893403,35626
DALBHARAT,07-OCT-2021,2118.0,2124.65,2065.8,2093.0,247925,131219,21865
DALMIASUG,07-OCT-2021,462.0,465.9,444.95,453.6,130032,64012,6714
DANGEE,07-OCT-2021,199.45,199.45,186.2,189.45,4494,1378,60
DATAMATICS,07-OCT-2021,332.4,337.8,319.5,322.8,329485,160914,10616
DBCORP,07-OCT-2021,100.0,101.05,98.15,98.55,197067,99269,3646
DBL,07-OCT-2021,636.0,689.0,636.0,671.05,2744825,1173540,70057
DBREALTY,07-OCT-2021,31.75,31.85,29.15,30.95,6117930,2161435,10752
DCAL,07-OCT-2021,252.0,259.7,244.7,247.65,3428163,1007190,39457
DCBBANK,07-OCT-2021,90.85,91.0,90.1,90.45,935675,650246,4862
DCMNVL,07-OCT-2021,255.0,255.5,246.7,250.15,47134,34134,1027
DCMSHRIRAM,07-OCT-2021,1201.0,1210.25,1170.0,1182.15,75625,39674,6166
DCW,07-OCT-2021,57.2,60.3,54.35,55.15,7475801,3038345,31386
DECCANCE,07-OCT-2021,769.0,796.75,761.1,763.75,90727,50458,9652
DEEPAKFERT,07-OCT-2021,422.3,425.4,418.2,421.7,448017,324142,8692
DEEPAKNTR,07-OCT-2021,2913.9,2943.25,2832.05,2868.4,2306692,342650,126184
DEEPINDS,07-OCT-2021,162.4,167.65,160.4,161.6,220090,85806,5140
DELPHIFX,07-OCT-2021,687.8,707.0,680.0,690.0,16621,10177,638
DELTACORP,07-OCT-2021,267.2,274.4,267.0,269.65,5019084,1136618,42784
DELTAMAGNT,07-OCT-2021,55.2,55.45,53.25,55.45,16269,13470,216
DEN,07-OCT-2021,50.4,50.7,49.75,49.95,790032,427731,3063
DENORA,07-OCT-2021,331.9,348.3,325.5,336.15,36601,16851,2266
DEVYANI,07-OCT-2021,114.65,114.7,113.05,113.65,2664475,1712410,18672
DFMFOODS,07-OCT-2021,349.05,351.45,345.15,347.15,36917,18119,2490
DHAMPURSUG,07-OCT-2021,313.0,314.55,306.0,309.95,631738,242955,14505
DHANBANK,07-OCT-2021,16.15,17.3,16.05,16.9,3412057,1639435,6182
DHANI,07-OCT-2021,193.9,200.7,191.25,196.25,3676043,1958714,45623
DHANUKA,07-OCT-2021,817.0,822.35,811.0,813.4,37105,23531,2502
DHUNINV,07-OCT-2021,647.9,666.0,640.7,649.35,7086,4300,432
DIAMONDYD,07-OCT-2021,670.2,680.0,670.0,672.2,8313,5688,513
DICIND,07-OCT-2021,475.95,476.0,467.05,471.25,1745,662,159
DISHTV,07-OCT-2021,19.95,20.55,19.55,19.85,10739260,4791707,16131
DIVISLAB,07-OCT-2021,5150.0,5162.05,5062.2,5097.85,314433,137710,34544
DIXON,07-OCT-2021,4852.0,4962.0,4835.0,4865.8,288641,84624,32161
DLF,07-OCT-2021,414.15,428.9,414.15,422.6,16871779,3401352,132240
DLINKINDIA,07-OCT-2021,149.9,152.7,146.55,148.55,251707,82250,5412
DMART,07-OCT-2021,4254.95,4337.0,4251.0,4311.7,570321,296561,47971
DODLA,07-OCT-2021,593.85,596.5,585.7,587.4,36616,18780,2862
DOLAT,07-OCT-2021,91.9,93.1,90.55,91.9,162731,86185,3556
DOLLAR,07-OCT-2021,389.9,420.0,388.0,416.65,738075,311920,22098
DONEAR,07-OCT-2021,59.45,59.8,58.25,58.6,74925,37059,938
DPABHUSHAN,07-OCT-2021,221.35,229.0,215.05,223.3,43428,19772,1210
DPSCLTD,07-OCT-2021,16.65,17.3,16.6,17.05,216942,126421,907
DPWIRES,07-OCT-2021,224.5,233.1,224.5,231.4,19648,13206,465
DRCSYSTEMS,07-OCT-2021,293.0,340.1,293.0,340.1,23294,13721,531
DREDGECORP,07-OCT-2021,365.55,372.0,361.0,363.75,95807,23399,4079
DRREDDY,07-OCT-2021,4975.9,4989.9,4882.95,4891.1,343974,211371,28653
DSSL,07-OCT-2021,149.95,158.7,146.0,150.95,178299,54832,6170
DTIL,07-OCT-2021,274.0,278.0,266.4,269.8,19674,4883,1464
DVL,07-OCT-2021,310.65,317.55,300.1,301.75,113639,65431,4395
DWARKESH,07-OCT-2021,74.5,75.25,73.4,74.25,1283593,654856,8863
DYNAMATECH,07-OCT-2021,3035.0,3130.0,2980.1,3006.6,19128,6829,4031
DYNPRO,07-OCT-2021,695.0,739.0,693.25,710.15,133498,48684,12173
EASEMYTRIP,07-OCT-2021,590.3,618.5,590.1,594.4,389256,198357,12261
EASTSILK,07-OCT-2021,4.3,4.45,4.25,4.45,199907,129159,251
EBANK,07-OCT-2021,4090.14,4188.0,4090.13,4188.0,20,8,7
EBBETF0423,07-OCT-2021,1147.58,1148.99,1147.03,1148.54,6554,3529,63
EBBETF0425,07-OCT-2021,1067.7,1068.99,1065.59,1068.05,5513,5065,61
EBBETF0430,07-OCT-2021,1179.0,1184.9,1179.0,1181.71,9179,6317,208
EBBETF0431,07-OCT-2021,1059.82,1062.49,1059.82,1061.39,10198,9746,144
ECLERX,07-OCT-2021,2230.0,2269.3,2175.0,2189.5,64859,59659,2836
EDELWEISS,07-OCT-2021,79.7,80.9,79.2,79.55,1365775,708218,11299
EICHERMOT,07-OCT-2021,2755.0,2858.9,2746.1,2820.95,897524,262604,52447
EIDPARRY,07-OCT-2021,439.0,446.0,432.0,435.7,235397,123600,8674
EIHAHOTELS,07-OCT-2021,412.4,428.8,412.05,416.15,47463,14315,2980
EIHOTEL,07-OCT-2021,134.75,137.5,132.95,136.75,1195341,441117,13669
EIMCOELECO,07-OCT-2021,397.0,410.65,390.15,406.15,39935,25250,1251
EKC,07-OCT-2021,124.0,128.25,123.0,124.6,413063,259606,3463
ELECON,07-OCT-2021,172.45,174.95,171.1,172.15,301361,151542,6128
ELECTCAST,07-OCT-2021,37.5,37.9,36.95,37.1,366974,199204,1628
ELECTHERM,07-OCT-2021,133.5,144.9,131.05,143.05,139837,65487,4422
ELGIEQUIP,07-OCT-2021,205.0,205.65,200.95,201.75,81421,47114,2382
ELGIRUBCO,07-OCT-2021,44.0,47.6,42.5,43.0,835957,334204,5994
EMAMILTD,07-OCT-2021,548.7,555.35,541.85,545.55,1020307,849015,19885
EMAMIPAP,07-OCT-2021,171.1,172.95,167.45,169.05,57663,24405,2546
EMAMIREAL,07-OCT-2021,72.0,74.5,71.65,73.0,87865,43824,828
EMKAY,07-OCT-2021,113.25,115.8,113.0,114.3,53621,25782,1612
EMMBI,07-OCT-2021,108.15,109.95,106.2,106.6,47640,23450,1532
ENDURANCE,07-OCT-2021,1609.0,1649.0,1593.0,1605.45,81325,50915,8270
ENERGYDEV,07-OCT-2021,10.9,11.2,10.7,11.1,90754,51457,293
ENGINERSIN,07-OCT-2021,77.0,78.1,76.55,77.65,1795588,868146,10160
ENIL,07-OCT-2021,188.0,192.05,187.7,189.85,17179,13476,418
EPL,07-OCT-2021,241.9,241.9,237.5,240.15,147574,85822,6853
EQUITAS,07-OCT-2021,124.8,124.8,121.05,122.1,416431,307135,10535
EQUITASBNK,07-OCT-2021,64.95,65.5,63.95,64.7,452382,247300,5021
ERIS,07-OCT-2021,747.0,768.0,743.1,762.9,61761,31164,6271
EROSMEDIA,07-OCT-2021,21.35,21.55,20.5,21.0,403411,267088,1574
ESABINDIA,07-OCT-2021,2260.0,2340.0,2225.1,2233.3,5570,1884,1475
ESCORTS,07-OCT-2021,1465.9,1520.0,1459.45,1514.65,1079940,343632,31811
ESSARSHPNG,07-OCT-2021,10.15,11.3,9.95,11.1,956367,525270,2074
ESTER,07-OCT-2021,150.35,154.5,146.0,148.65,339756,108277,9758
EVEREADY,07-OCT-2021,393.8,403.35,390.5,392.4,381204,132514,7404
EVERESTIND,07-OCT-2021,437.0,446.35,433.0,445.3,91215,60564,5986
EXCELINDUS,07-OCT-2021,1091.0,1117.55,1091.0,1101.75,27070,13317,4057
EXIDEIND,07-OCT-2021,180.75,185.8,180.3,184.2,7475317,3521536,50354
EXXARO,07-OCT-2021,149.7,151.2,146.85,147.45,197375,108510,4231
FACT,07-OCT-2021,127.1,128.9,126.75,127.25,133086,35081,3124
FAIRCHEMOR,07-OCT-2021,2244.0,2274.8,2130.2,2177.9,30906,15790,6456
FCL,07-OCT-2021,132.2,133.9,129.55,130.0,566107,219883,10100
FCONSUMER,07-OCT-2021,7.55,7.65,7.4,7.45,7906531,3819271,5795
FDC,07-OCT-2021,357.4,358.45,354.1,355.45,78881,43714,5432
FEDERALBNK,07-OCT-2021,85.7,86.45,84.8,85.45,11719207,4454281,38080
FEL,07-OCT-2021,9.2,9.35,9.0,9.15,942480,623558,1404
FELDVR,07-OCT-2021,11.75,11.95,11.6,11.75,35810,20430,145
FIEMIND,07-OCT-2021,1149.0,1194.0,1130.0,1169.0,138139,62703,13791
FILATEX,07-OCT-2021,105.95,114.45,105.95,112.3,5493858,990199,21633
FINCABLES,07-OCT-2021,503.0,513.0,495.2,505.1,160011,78669,7207
FINEORG,07-OCT-2021,3451.85,3476.85,3414.3,3457.55,25677,14774,6588
FINPIPE,07-OCT-2021,231.1,235.9,228.5,234.45,1016184,430832,27951
FLEXITUFF,07-OCT-2021,15.1,15.25,13.95,14.75,70430,49015,293
FLFL,07-OCT-2021,60.4,62.7,59.1,60.6,121856,73848,1410
FLUOROCHEM,07-OCT-2021,2026.0,2079.95,2020.1,2038.6,68992,40107,4553
FMGOETZE,07-OCT-2021,281.5,286.15,280.05,281.9,67529,32460,2533
FMNL,07-OCT-2021,10.85,10.85,10.15,10.25,474170,295616,837
FORCEMOT,07-OCT-2021,1507.0,1555.0,1503.25,1520.85,157026,45092,15466
FORTIS,07-OCT-2021,280.0,281.2,273.0,274.4,1155868,563068,20911
FOSECOIND,07-OCT-2021,1503.6,1540.0,1481.0,1496.5,783,381,171
FRETAIL,07-OCT-2021,51.4,52.75,51.35,52.0,1972279,1038724,14872
FSC,07-OCT-2021,74.05,85.0,73.45,75.45,93734,44476,2084
FSL,07-OCT-2021,200.0,210.8,200.0,206.65,12578874,4537172,107287
GABRIEL,07-OCT-2021,153.45,155.9,153.45,154.2,513052,229753,8643
GAEL,07-OCT-2021,170.7,170.7,167.4,169.0,278774,161786,5320
GAIL,07-OCT-2021,168.05,168.5,158.9,159.65,19095386,6897116,84631
GAL,07-OCT-2021,2.3,2.35,2.2,2.3,600178,465387,438
GALAXYSURF,07-OCT-2021,3365.0,3445.0,3335.0,3394.75,35421,20777,7201
GALLANTT,07-OCT-2021,77.9,77.9,75.0,75.35,44412,27350,863
GALLISPAT,07-OCT-2021,54.9,54.9,51.6,52.95,157076,71791,825
GANDHITUBE,07-OCT-2021,459.0,459.0,443.05,450.0,7032,3841,370
GANECOS,07-OCT-2021,499.65,546.0,494.0,540.85,101495,64305,4934
GANESHBE,07-OCT-2021,97.0,100.5,95.05,95.55,254576,163620,5003
GANESHHOUC,07-OCT-2021,185.0,191.4,177.4,191.4,412510,362560,2584
GANGAFORGE,07-OCT-2021,15.8,16.75,15.5,16.35,1495569,796324,4668
GANGESSECU,07-OCT-2021,93.6,93.6,90.05,91.7,6173,3708,257
GARFIBRES,07-OCT-2021,3436.0,3537.0,3436.0,3485.35,18497,9806,4894
GATI,07-OCT-2021,152.0,157.6,152.0,153.5,1252654,476422,17519
GAYAPROJ,07-OCT-2021,48.25,51.9,47.8,51.0,2868460,1698559,8071
GDL,07-OCT-2021,258.85,258.85,254.0,255.25,116938,99317,1780
GEECEE,07-OCT-2021,172.0,175.7,164.3,165.85,67948,35488,3417
GEEKAYWIRE,07-OCT-2021,92.25,92.25,89.05,90.15,13594,8997,490
GENCON,07-OCT-2021,44.85,44.85,43.05,43.65,48136,24620,724
GENESYS,07-OCT-2021,264.8,264.8,264.8,264.8,82661,82661,92
GENUSPOWER,07-OCT-2021,78.4,78.4,76.5,76.9,524957,292537,5327
GEOJITFSL,07-OCT-2021,79.95,80.8,79.25,79.7,234886,135006,2870
GEPIL,07-OCT-2021,306.0,308.95,304.0,304.95,49087,15962,2946
GESHIP,07-OCT-2021,371.0,378.75,367.1,369.15,505279,345836,10472
GET&D,07-OCT-2021,126.25,127.5,126.0,126.65,70523,38088,1224
GFLLIMITED,07-OCT-2021,81.55,86.45,81.55,82.65,449018,211241,6815
GFSTEELS,07-OCT-2021,3.15,3.15,3.15,3.15,302,302,4
GHCL,07-OCT-2021,465.05,478.4,451.05,454.15,311045,182827,8109
GICHSGFIN,07-OCT-2021,151.55,156.4,151.2,153.85,712739,241995,12216
GICRE,07-OCT-2021,143.7,148.8,143.7,145.65,1045546,420976,12146
GILLETTE,07-OCT-2021,5836.4,5890.0,5832.0,5850.7,3308,2109,1179
GINNIFILA,07-OCT-2021,34.85,35.25,34.5,34.7,96291,74185,470
GIPCL,07-OCT-2021,93.0,97.25,93.0,95.25,2031579,960092,15899
GISOLUTION,07-OCT-2021,3.35,3.35,3.35,3.35,1310,1310,5
GKWLIMITED,07-OCT-2021,741.05,758.9,715.2,721.9,10926,5394,1283
GLAND,07-OCT-2021,3929.0,3973.85,3861.25,3882.6,121557,80385,17048
GLAXO,07-OCT-2021,1515.0,1515.0,1480.0,1483.5,60486,23823,6499
GLENMARK,07-OCT-2021,506.0,518.5,505.3,517.35,1043667,439038,21853
GLFL,07-OCT-2021,2.95,3.15,2.95,3.0,1179,1077,10
GLOBAL,07-OCT-2021,44.1,46.0,44.1,45.9,7933,6042,171
GLOBALVECT,07-OCT-2021,56.6,59.5,56.1,57.55,63251,34234,1218
GLS,07-OCT-2021,670.25,674.5,668.0,668.75,98753,51057,5829
GMBREW,07-OCT-2021,721.0,806.55,721.0,766.6,655991,128458,45825
GMDCLTD,07-OCT-2021,80.4,81.75,78.7,79.1,2029155,777749,10818
GMMPFAUDLR,07-OCT-2021,4685.0,4780.0,4660.1,4687.1,40397,22801,6302
GMRINFRA,07-OCT-2021,39.65,40.95,39.55,39.9,19782082,4964240,26990
GNA,07-OCT-2021,1069.9,1069.9,1031.8,1048.35,64430,38393,6119
GNFC,07-OCT-2021,492.1,497.7,477.5,484.25,1710385,376402,32287
GOACARBON,07-OCT-2021,401.0,431.7,401.0,412.4,113426,35466,7711
GOCLCORP,07-OCT-2021,273.5,281.7,270.55,277.45,27579,14270,857
GODFRYPHLP,07-OCT-2021,1260.0,1294.95,1250.3,1278.8,51393,25846,4322
GODREJAGRO,07-OCT-2021,630.0,634.85,624.4,629.65,94120,52729,5540
GODREJCP,07-OCT-2021,1022.5,1033.6,1013.85,1029.0,528402,244423,33795
GODREJIND,07-OCT-2021,570.0,578.05,566.7,576.05,215077,101814,6262
GODREJPROP,07-OCT-2021,2308.45,2498.0,2308.45,2476.8,3823955,384421,157170
GOKEX,07-OCT-2021,210.2,214.85,204.5,208.95,131818,79214,2653
GOKUL,07-OCT-2021,28.5,28.6,28.1,28.15,45400,24136,346
GOKULAGRO,07-OCT-2021,43.6,44.5,42.7,43.1,143771,110039,934
GOLDBEES,07-OCT-2021,40.95,40.95,40.41,40.55,4512371,3454140,15870
GOLDENTOBC,07-OCT-2021,190.8,190.8,172.7,172.7,205593,127979,2606
GOLDIAM,07-OCT-2021,951.5,999.0,946.1,964.0,206848,52017,13533
GOLDSHARE,07-OCT-2021,40.95,41.35,40.65,41.25,176755,133516,2630
GOODLUCK,07-OCT-2021,309.45,315.0,300.0,302.2,71118,38668,2279
GOODYEAR,07-OCT-2021,1059.9,1064.7,1045.0,1049.0,26639,13134,3842
GPIL,07-OCT-2021,1277.0,1291.35,1265.0,1284.2,78624,51838,5209
GPPL,07-OCT-2021,107.0,108.0,104.7,105.25,420305,243895,9747
GPTINFRA,07-OCT-2021,86.5,91.9,86.2,88.6,46725,22653,865
GRANULES,07-OCT-2021,323.0,331.35,320.75,329.75,1977005,897107,22656
GRAPHITE,07-OCT-2021,611.5,617.0,605.6,607.3,511028,232644,15481
GRASIM,07-OCT-2021,1608.95,1627.0,1590.0,1592.0,3203275,2806396,27472
GRAUWEIL,07-OCT-2021,68.6,70.65,67.15,68.05,438154,261882,5922
GRAVITA,07-OCT-2021,199.7,208.8,199.7,203.5,464839,239457,6964
GREAVESCOT,07-OCT-2021,139.95,140.7,138.0,138.45,1030538,364891,15083
GREENLAM,07-OCT-2021,1348.0,1350.0,1323.65,1341.05,12507,11083,483
GREENPANEL,07-OCT-2021,339.0,345.0,338.05,341.5,127841,100296,4264
GREENPLY,07-OCT-2021,179.25,181.85,178.6,179.75,412088,305889,5717
GREENPOWER,07-OCT-2021,3.55,3.75,3.55,3.75,5094531,3551834,5317
GRINDWELL,07-OCT-2021,1474.0,1500.0,1450.0,1480.35,192947,128944,13630
GRINFRA,07-OCT-2021,1891.95,1928.45,1875.6,1884.7,53080,20865,7218
GROBTEA,07-OCT-2021,1082.0,1335.05,1082.0,1335.05,17951,6436,1220
GRPLTD,07-OCT-2021,937.9,1018.45,933.05,991.9,2984,1558,412
GRSE,07-OCT-2021,197.9,213.9,197.9,211.8,1868928,975195,27168
GSCLCEMENT,07-OCT-2021,52.1,52.9,51.25,51.4,141893,97686,1511
GSFC,07-OCT-2021,139.8,141.95,136.55,137.55,3211964,1064469,22851
GSPL,07-OCT-2021,323.0,328.8,320.6,324.6,1522537,825035,36529
GSS,07-OCT-2021,80.25,85.45,80.0,85.0,564460,353076,3728
GTNTEX,07-OCT-2021,7.55,7.55,7.5,7.5,5731,5731,16
GTPL,07-OCT-2021,289.0,313.9,289.0,303.5,534851,219076,12975
GUFICBIO,07-OCT-2021,201.9,202.5,198.0,198.65,141854,86504,3303
GUJALKALI,07-OCT-2021,780.05,802.9,773.0,787.85,656376,169966,22968
GUJAPOLLO,07-OCT-2021,214.0,216.0,213.0,213.75,4029,2804,172
GUJGASLTD,07-OCT-2021,626.3,640.0,624.7,635.35,2168577,879923,59793
GULFOILLUB,07-OCT-2021,591.0,593.55,585.95,589.95,56928,44738,2352
GULFPETRO,07-OCT-2021,56.5,56.5,54.7,54.95,49951,33289,1037
HAL,07-OCT-2021,1360.3,1389.85,1353.0,1357.15,720880,366363,26328
HARRMALAYA,07-OCT-2021,190.65,193.45,189.05,190.7,129339,38011,5813
HATHWAY,07-OCT-2021,25.75,26.3,25.55,25.95,3405128,1442664,6007
HATSUN,07-OCT-2021,1443.0,1479.65,1427.75,1468.25,144458,73577,8992
HAVELLS,07-OCT-2021,1376.2,1408.0,1375.25,1394.2,728717,258263,23053
HBANKETF,07-OCT-2021,380.15,380.15,375.8,376.63,1155,720,84
HBLPOWER,07-OCT-2021,51.25,52.45,50.4,50.6,766986,327728,5592
HBSL,07-OCT-2021,43.9,43.9,36.1,39.75,58444,28554,642
HCC,07-OCT-2021,9.7,10.35,9.65,9.9,18061579,8861179,9124
HCG,07-OCT-2021,243.5,247.45,243.25,245.35,59644,34390,2862
HCL-INSYS,07-OCT-2021,13.85,14.0,13.55,13.75,813482,461871,2750
HCLTECH,07-OCT-2021,1284.05,1317.85,1284.05,1306.3,2421641,1176187,89401
HDFC,07-OCT-2021,2770.7,2774.95,2722.6,2727.0,2247842,1564729,116486
HDFCAMC,07-OCT-2021,2905.2,2920.5,2905.0,2908.85,288775,157792,17467
HDFCBANK,07-OCT-2021,1626.6,1627.7,1607.0,1610.5,5632862,3460296,179258
HDFCLIFE,07-OCT-2021,730.0,732.35,719.3,725.35,2453970,1437689,63738
HDFCMFGETF,07-OCT-2021,41.65,41.68,41.45,41.53,459151,297947,890
HDFCNIFETF,07-OCT-2021,190.4,190.65,189.0,190.06,10005,8828,324
HDFCSENETF,07-OCT-2021,643.99,643.99,638.0,643.25,856,651,142
HEG,07-OCT-2021,2452.1,2598.7,2440.0,2505.55,211248,66781,17806
HEIDELBERG,07-OCT-2021,253.55,254.95,252.0,252.3,157864,106401,3607
HEMIPROP,07-OCT-2021,137.95,144.75,137.9,141.7,1417739,597309,16064
HERANBA,07-OCT-2021,818.0,824.0,811.0,813.25,134694,66138,6987
HERCULES,07-OCT-2021,150.5,155.0,149.7,150.1,78484,39212,3238
HERITGFOOD,07-OCT-2021,465.0,471.15,460.1,462.95,38572,19589,2127
HEROMOTOCO,07-OCT-2021,2820.0,2859.35,2810.0,2841.65,552458,253958,38036
HESTERBIO,07-OCT-2021,2551.0,2589.6,2462.1,2501.6,10911,3884,2021
HGINFRA,07-OCT-2021,705.8,715.0,690.0,699.95,124227,61851,7143
HIKAL,07-OCT-2021,545.0,559.95,530.0,544.95,341904,156875,12320
HIL,07-OCT-2021,4920.0,4983.3,4886.6,4931.9,15783,9723,3847
HILTON,07-OCT-2021,13.7,13.7,13.0,13.15,12240,9908,101
HINDALCO,07-OCT-2021,485.0,485.6,473.0,477.5,9774465,4904904,113172
HINDCOMPOS,07-OCT-2021,324.25,333.55,322.0,330.2,11711,8119,460
HINDCON,07-OCT-2021,70.5,72.8,66.35,67.7,34971,19926,512
HINDCOPPER,07-OCT-2021,127.45,130.5,126.3,127.05,8297399,2487313,49603
HINDMOTORS,07-OCT-2021,8.25,9.5,8.25,9.3,2914972,1755615,5180
HINDOILEXP,07-OCT-2021,207.35,209.0,200.6,204.7,622867,269672,8302
HINDPETRO,07-OCT-2021,314.0,323.7,313.4,319.5,6573600,3252875,75499
HINDUNILVR,07-OCT-2021,2698.0,2704.25,2666.0,2669.4,1082816,815740,91833
HINDZINC,07-OCT-2021,315.75,316.5,312.25,313.45,664318,377571,10409
HIRECT,07-OCT-2021,189.15,193.0,185.5,188.4,13550,9114,447
HISARMETAL,07-OCT-2021,133.65,133.65,131.0,131.1,2222,1494,120
HITECH,07-OCT-2021,581.35,594.9,581.35,589.65,17252,8209,2099
HITECHCORP,07-OCT-2021,229.75,234.0,225.0,230.0,6876,3333,328
HITECHGEAR,07-OCT-2021,266.0,276.0,260.4,269.95,16003,7176,651
HLEGLAS,07-OCT-2021,6984.0,6985.0,6636.2,6714.95,33822,13176,8837
HLVLTD,07-OCT-2021,11.25,11.85,11.05,11.45,1321551,644096,2386
HMVL,07-OCT-2021,77.45,78.55,76.6,77.2,61033,36142,1326
HNDFDS,07-OCT-2021,2081.0,2120.0,2035.0,2048.4,5972,3440,1429
HNGSNGBEES,07-OCT-2021,312.8,316.9,312.1,315.23,3965,2898,230
HOMEFIRST,07-OCT-2021,605.0,611.0,592.0,600.65,290394,262043,7892
HONAUT,07-OCT-2021,46450.0,46800.0,46053.15,46468.45,1787,909,1345
HONDAPOWER,07-OCT-2021,1223.9,1255.0,1223.9,1228.25,6479,3492,1269
HPL,07-OCT-2021,72.9,73.35,68.7,69.8,253949,159202,2744
HSCL,07-OCT-2021,52.9,53.5,52.5,52.75,3972811,1295929,15744
HSIL,07-OCT-2021,232.15,243.95,231.65,233.95,216405,155112,2733
HTMEDIA,07-OCT-2021,26.8,27.0,26.05,26.4,282862,167506,1692
HUDCO,07-OCT-2021,45.2,45.4,44.9,44.95,1362019,674595,5451
HUHTAMAKI,07-OCT-2021,269.3,269.3,265.05,266.05,46622,32211,1882
IBMFNIFTY,07-OCT-2021,175.15,178.7,175.15,176.88,1111,819,65
IBREALEST,07-OCT-2021,149.55,154.4,149.5,150.1,10390429,4165555,53079
IBULHSGFIN,07-OCT-2021,243.7,250.0,242.65,243.3,11208065,3262981,74295
ICEMAKE,07-OCT-2021,74.65,74.65,72.05,73.25,21088,13817,338
ICICI500,07-OCT-2021,254.65,258.5,250.86,251.97,41376,39822,264
ICICIALPLV,07-OCT-2021,181.0,181.0,179.03,180.35,18721,12500,366
ICICIB22,07-OCT-2021,46.26,46.99,46.0,46.12,259366,142390,2997
ICICIBANK,07-OCT-2021,697.55,704.95,693.45,702.2,10041549,5948632,228947
ICICIBANKN,07-OCT-2021,383.7,383.7,375.14,375.78,1314,663,168
ICICIBANKP,07-OCT-2021,195.0,195.98,193.0,195.0,9051,4127,105
ICICIFMCG,07-OCT-2021,404.0,407.0,401.01,403.34,758,724,87
ICICIGI,07-OCT-2021,1561.7,1566.9,1536.0,1548.55,576382,330375,33716
ICICIGOLD,07-OCT-2021,41.65,41.8,41.47,41.66,278828,241480,3563
ICICILIQ,07-OCT-2021,999.5,1000.0,999.0,999.73,82890,71519,173
ICICILOVOL,07-OCT-2021,147.91,147.91,142.95,144.9,64936,60085,1364
ICICIM150,07-OCT-2021,118.67,118.77,116.5,118.23,8851,6950,615
ICICIMCAP,07-OCT-2021,106.7,107.11,105.35,106.89,14352,11741,511
ICICINF100,07-OCT-2021,196.99,197.88,194.75,195.99,7034,4789,431
ICICINIFTY,07-OCT-2021,199.8,199.8,189.4,190.67,92997,67238,5089
ICICINV20,07-OCT-2021,97.0,101.7,96.01,97.2,56402,17006,1938
ICICINXT50,07-OCT-2021,44.0,44.4,43.61,44.27,27774,21830,1297
ICICIPHARM,07-OCT-2021,90.95,90.95,89.66,90.07,2328,1518,97
ICICIPRULI,07-OCT-2021,681.0,687.0,676.55,681.65,577123,230987,19366
ICICISENSX,07-OCT-2021,648.99,650.0,645.3,648.09,1262,629,74
ICICITECH,07-OCT-2021,362.0,363.95,356.0,361.59,70888,40364,643
ICIL,07-OCT-2021,300.0,308.25,292.55,298.7,895784,393310,20005
ICRA,07-OCT-2021,3536.0,3573.0,3465.0,3479.7,2841,1738,444
IDBI,07-OCT-2021,45.0,46.25,44.7,44.95,19141711,8000229,27547
IDBIGOLD,07-OCT-2021,4312.9,4312.9,4290.0,4305.0,52,18,28
IDEA,07-OCT-2021,11.65,11.8,11.25,11.35,267547079,75594142,200782
IDFC,07-OCT-2021,52.85,53.95,52.3,53.1,6694749,4289238,9358
IDFCFIRSTB,07-OCT-2021,47.5,48.4,47.3,47.8,22843316,7068128,38649
IDFNIFTYET,07-OCT-2021,185.18,187.0,183.25,186.0,397,310,27
IEX,07-OCT-2021,633.0,650.5,626.0,640.3,5794510,1238892,108809
IFBAGRO,07-OCT-2021,601.5,620.0,601.5,609.6,25173,15972,1617
IFBIND,07-OCT-2021,1175.0,1221.0,1175.0,1192.9,40077,15008,4664
IFCI,07-OCT-2021,13.15,13.4,12.9,12.95,6165059,3000590,13747
IFGLEXPOR,07-OCT-2021,325.0,327.2,317.85,319.35,27185,16600,1681
IGARASHI,07-OCT-2021,524.8,534.9,520.1,523.25,165893,120036,3692
IGL,07-OCT-2021,520.0,522.55,517.0,519.2,1495591,912924,34392
IGPL,07-OCT-2021,926.0,990.0,901.1,975.85,233900,99087,12634
IIFL,07-OCT-2021,294.0,294.0,285.0,289.95,204955,126180,3586
IIFLSEC,07-OCT-2021,98.45,102.15,98.45,99.4,313435,174817,4406
IIFLWAM,07-OCT-2021,1576.25,1615.0,1573.4,1600.15,12603,6540,1692
IITL,07-OCT-2021,78.0,82.1,75.5,76.65,15807,3633,491
IMAGICAA,07-OCT-2021,13.35,13.35,13.35,13.35,27896,27896,72
IMPAL,07-OCT-2021,764.6,764.95,753.8,757.15,2189,1763,242
INDBANK,07-OCT-2021,23.6,24.4,23.4,24.35,147079,130501,685
INDHOTEL,07-OCT-2021,187.2,198.7,187.2,196.15,15735451,5822908,76474
INDIACEM,07-OCT-2021,195.25,198.4,194.85,196.05,1825803,586005,13905
INDIAGLYCO,07-OCT-2021,936.25,999.0,916.25,980.7,809032,165687,29518
INDIAMART,07-OCT-2021,8283.95,8443.0,8263.25,8345.75,68709,20356,12707
INDIANB,07-OCT-2021,140.1,141.5,138.15,139.7,1442994,583924,10228
INDIANHUME,07-OCT-2021,208.45,211.0,205.15,206.05,54335,25131,2714
INDIGO,07-OCT-2021,1936.35,1988.6,1936.35,1947.7,518119,163404,27768
INDIGOPNTS,07-OCT-2021,2529.8,2535.8,2510.0,2515.65,15812,6852,3702
INDLMETER,07-OCT-2021,12.2,12.55,11.8,12.2,20428,15127,181
INDNIPPON,07-OCT-2021,367.45,384.9,365.0,382.35,172129,63238,5878
INDOCO,07-OCT-2021,444.2,452.0,442.0,444.1,91586,38629,4610
INDORAMA,07-OCT-2021,51.6,51.95,51.3,51.45,30582,26760,315
INDOSTAR,07-OCT-2021,281.15,288.0,281.15,285.25,71199,45969,2174
INDOTHAI,07-OCT-2021,98.0,99.5,93.5,94.75,147721,78947,1928
INDRAMEDCO,07-OCT-2021,81.25,81.9,79.55,80.0,128909,59273,1907
INDSWFTLAB,07-OCT-2021,68.5,69.0,63.5,64.65,197513,123962,2068
INDTERRAIN,07-OCT-2021,46.3,51.9,46.25,48.65,1856431,939727,13874
INDUSINDBK,07-OCT-2021,1143.0,1186.15,1140.05,1166.7,4002618,1475376,102180
INDUSTOWER,07-OCT-2021,318.0,326.4,300.0,306.25,8843692,2117838,71917
INEOSSTYRO,07-OCT-2021,1465.25,1495.0,1456.0,1464.8,20273,13469,2834
INFIBEAM,07-OCT-2021,47.0,48.4,46.2,47.5,9765725,3649394,22302
INFRABEES,07-OCT-2021,530.0,533.99,522.0,529.06,12809,6128,154
INFY,07-OCT-2021,1687.0,1704.2,1676.65,1691.0,5476108,3855195,142352
INGERRAND,07-OCT-2021,1197.9,1204.9,1155.55,1177.95,223305,44141,22163
INOXLEISUR,07-OCT-2021,408.0,425.0,405.85,420.5,753069,292388,21700
INOXWIND,07-OCT-2021,100.0,100.5,98.9,99.5,503137,239281,4226
INSECTICID,07-OCT-2021,691.7,718.0,686.9,704.3,37937,11690,4515
INTELLECT,07-OCT-2021,683.8,690.25,679.0,681.15,113378,58566,8605
INTENTECH,07-OCT-2021,76.6,78.3,75.0,78.3,114933,74958,698
INTLCONV,07-OCT-2021,73.8,73.8,69.3,70.1,125975,88028,4663
INVENTURE,07-OCT-2021,2.65,2.75,2.6,2.7,2076707,1761022,1936
IOB,07-OCT-2021,22.25,22.35,21.95,22.0,4353326,1623139,6906
IOC,07-OCT-2021,130.5,132.9,129.85,132.25,12699622,5794505,82297
IOLCP,07-OCT-2021,619.2,622.9,608.0,610.85,427271,151708,13144
IPCALAB,07-OCT-2021,2276.85,2385.0,2260.0,2362.95,343312,133940,33347
IPL,07-OCT-2021,311.9,314.5,309.0,309.75,169000,96075,5159
IRB,07-OCT-2021,206.35,211.0,205.3,207.35,3114773,1062852,30583
IRCON,07-OCT-2021,47.7,47.8,46.8,46.9,1893320,979972,8553
IRCTC,07-OCT-2021,4598.0,4768.95,4525.05,4690.9,8645520,924826,480811
IRFC,07-OCT-2021,23.85,23.9,23.5,23.55,9134428,4484679,17753
ISEC,07-OCT-2021,751.9,766.0,747.6,758.7,344032,144836,16040
ISFT,07-OCT-2021,127.95,128.9,123.3,125.15,146335,106116,1351
ISGEC,07-OCT-2021,737.8,745.1,725.4,732.85,39756,25260,2583
ITC,07-OCT-2021,233.0,234.95,232.3,232.95,10371535,5157574,85072
ITDC,07-OCT-2021,416.6,428.0,416.5,424.4,65121,27558,3200
ITDCEM,07-OCT-2021,90.0,91.3,86.6,88.55,1529435,656094,12318
ITI,07-OCT-2021,122.0,124.35,121.55,121.85,308493,75810,6237
IVC,07-OCT-2021,5.9,5.9,5.8,5.85,176774,132722,265
IVP,07-OCT-2021,125.0,125.0,118.0,118.95,12658,7226,478
IVZINGOLD,07-OCT-2021,4202.9,4215.8,4185.05,4191.0,34,23,18
IVZINNIFTY,07-OCT-2021,1921.0,1949.0,1921.0,1931.0,53,25,6
IZMO,07-OCT-2021,99.5,99.9,96.45,97.5,74572,39309,991
J&KBANK,07-OCT-2021,37.55,37.7,36.8,37.0,1970182,690516,5117
JAGRAN,07-OCT-2021,60.6,61.9,60.5,60.85,95561,52839,1013
JAGSNPHARM,07-OCT-2021,153.5,155.9,150.0,152.2,68465,37773,2132
JAIBALAJI,07-OCT-2021,55.8,60.6,54.05,55.7,383347,236185,2800
JAICORPLTD,07-OCT-2021,132.5,139.75,132.35,136.7,4113736,1240343,31569
JAIPURKURT,07-OCT-2021,61.0,61.0,58.35,58.8,20434,18198,103
JAMNAAUTO,07-OCT-2021,90.25,95.85,90.25,95.15,2814592,1408785,25511
JASH,07-OCT-2021,495.0,510.0,495.0,495.7,51384,26686,231
JAYAGROGN,07-OCT-2021,265.1,276.25,265.1,266.85,73052,37462,3379
JAYBARMARU,07-OCT-2021,203.5,208.95,201.25,205.9,66387,28622,2125
JAYSREETEA,07-OCT-2021,109.0,111.25,109.0,109.8,154278,63969,4167
JBCHEPHARM,07-OCT-2021,1819.5,1835.0,1790.0,1799.05,109532,75455,10961
JBMA,07-OCT-2021,533.7,542.0,527.0,528.9,68006,22234,4594
JCHAC,07-OCT-2021,2263.1,2299.1,2232.35,2247.35,19526,12478,3129
JHS,07-OCT-2021,28.9,29.85,28.2,28.4,490008,197643,2711
JINDALPHOT,07-OCT-2021,160.7,160.7,149.8,160.7,16260,15838,240
JINDALPOLY,07-OCT-2021,1008.9,1039.0,1004.55,1022.35,141265,55369,10554
JINDALSAW,07-OCT-2021,117.1,118.8,115.5,116.65,844511,275001,8540
JINDALSTEL,07-OCT-2021,414.1,419.8,406.2,407.6,6127096,1633957,57236
JINDRILL,07-OCT-2021,157.85,165.0,156.45,158.3,245694,113558,8088
JINDWORLD,07-OCT-2021,116.0,121.9,114.1,115.05,1561710,506646,32200
JISLDVREQS,07-OCT-2021,24.95,25.55,23.85,25.5,291422,184810,739
JISLJALEQS,07-OCT-2021,40.5,43.8,39.25,41.95,23281308,9509517,28259
JKCEMENT,07-OCT-2021,3370.0,3436.5,3357.1,3412.0,60764,24100,7504
JKIL,07-OCT-2021,188.9,189.65,184.0,185.0,156029,86480,6601
JKLAKSHMI,07-OCT-2021,649.0,655.0,646.95,650.6,231212,122264,15725
JKPAPER,07-OCT-2021,243.4,246.75,241.6,244.65,1128705,340004,16397
JKTYRE,07-OCT-2021,148.8,152.9,148.25,149.35,1080397,393051,12627
JMA,07-OCT-2021,62.1,62.1,61.1,61.65,14523,9632,271
JMCPROJECT,07-OCT-2021,109.95,116.0,109.75,111.9,679832,231469,10735
JMFINANCIL,07-OCT-2021,91.5,91.8,90.0,90.3,1379042,777744,7096
JMTAUTOLTD,07-OCT-2021,2.7,2.8,2.7,2.75,656753,484807,680
JOCIL,07-OCT-2021,233.45,241.15,230.75,236.8,49675,22601,1224
JPASSOCIAT,07-OCT-2021,9.05,9.15,8.9,9.0,4661527,2915222,3618
JPINFRATEC,07-OCT-2021,1.9,1.95,1.9,1.95,1143716,1102002,3747
JPOLYINVST,07-OCT-2021,98.0,98.0,98.0,98.0,6734,6734,59
JPPOWER,07-OCT-2021,4.4,4.65,4.25,4.35,132062031,84805393,23902
JSL,07-OCT-2021,171.5,174.9,163.85,167.8,2162906,797616,20164
JSLHISAR,07-OCT-2021,298.7,301.9,291.5,296.85,450150,246804,18646
JSWHL,07-OCT-2021,4703.85,4755.9,4690.0,4712.0,509,327,197
JSWISPL,07-OCT-2021,33.75,34.4,32.55,32.85,2564665,1921372,5782
JSWSTEEL,07-OCT-2021,666.0,670.0,659.0,666.55,3042177,911786,43897
JTEKTINDIA,07-OCT-2021,110.75,113.55,108.65,109.2,407213,126094,7107
JUBLFOOD,07-OCT-2021,3962.0,4018.2,3942.05,3974.7,503965,257009,37274
JUBLINDS,07-OCT-2021,549.85,549.85,521.1,525.0,27778,15619,1814
JUBLINGREA,07-OCT-2021,775.0,786.0,767.3,772.15,883761,382804,32308
JUBLPHARMA,07-OCT-2021,632.95,643.0,626.7,637.5,177288,95378,7994
JUMPNET,07-OCT-2021,8.3,8.45,8.2,8.35,683393,464794,713
JUNIORBEES,07-OCT-2021,458.95,458.95,447.05,454.31,69883,43036,7810
JUSTDIAL,07-OCT-2021,1021.0,1051.0,994.1,999.05,1948005,587924,53861
JYOTHYLAB,07-OCT-2021,167.8,168.5,166.5,166.75,183198,102705,5808
KABRAEXTRU,07-OCT-2021,254.8,260.0,252.75,256.15,72947,35662,2489
KAJARIACER,07-OCT-2021,1244.85,1274.9,1235.5,1250.95,341604,193699,24589
KAKATCEM,07-OCT-2021,245.0,248.6,243.2,245.15,14660,7108,1028
KALPATPOWR,07-OCT-2021,410.0,411.0,407.0,408.05,87375,48063,2868
KALYANKJIL,07-OCT-2021,76.0,80.55,75.35,79.95,16086688,6244334,90396
KAMATHOTEL,07-OCT-2021,51.3,54.0,51.0,52.55,210683,87180,2581
KAMDHENU,07-OCT-2021,253.3,255.0,249.25,250.55,65656,26198,3168
KANORICHEM,07-OCT-2021,200.3,210.7,200.3,204.4,27352,19096,484
KANPRPLA,07-OCT-2021,178.0,178.0,166.1,171.1,16346,9663,689
KANSAINER,07-OCT-2021,653.0,660.0,633.1,640.25,872994,768012,14779
KARDA,07-OCT-2021,17.9,18.3,17.1,17.85,1035478,856385,1889
KARURVYSYA,07-OCT-2021,46.6,47.55,46.05,46.5,6342087,3558340,20121
KAUSHALYA,07-OCT-2021,3.15,3.15,3.15,3.15,37042,37024,44
KAYA,07-OCT-2021,498.0,504.0,487.15,492.45,55462,29385,3979
KCP,07-OCT-2021,136.0,145.9,135.55,142.0,573731,236742,8070
KCPSUGIND,07-OCT-2021,23.35,23.75,22.8,23.1,194674,121095,858
KDDL,07-OCT-2021,437.95,445.8,429.6,440.9,2035,1655,178
KEC,07-OCT-2021,449.9,458.0,449.8,453.7,131690,60690,9019
KECL,07-OCT-2021,20.9,23.75,18.0,23.75,2542325,1097416,4895
KEERTI,07-OCT-2021,20.1,20.6,20.1,20.35,4844,4290,50
KEI,07-OCT-2021,1008.5,1031.65,985.0,991.65,227254,58059,18093
KELLTONTEC,07-OCT-2021,51.3,51.9,50.4,51.05,478625,236392,5128
KENNAMET,07-OCT-2021,1355.0,1360.0,1321.9,1327.95,4140,2963,944
KESORAMIND,07-OCT-2021,68.0,69.75,67.6,68.6,621980,259038,4881
KEYFINSERV,07-OCT-2021,81.1,83.0,78.0,81.85,8562,2142,352
KHADIM,07-OCT-2021,225.6,246.4,223.3,231.85,453407,253473,12467
KHAICHEM,07-OCT-2021,73.5,75.8,68.1,70.1,718406,343209,9092
KHANDSE,07-OCT-2021,16.3,16.95,16.05,16.4,8841,2658,152
KICL,07-OCT-2021,2050.6,2178.4,2044.6,2088.0,1841,1118,335
KILITCH,07-OCT-2021,175.0,183.4,173.5,179.6,21846,14699,462
KIMS,07-OCT-2021,1209.0,1214.0,1193.15,1202.25,113805,81980,6920
KINGFA,07-OCT-2021,995.0,1013.95,993.0,994.9,5201,3354,322
KIOCL,07-OCT-2021,259.0,274.0,257.0,263.65,168421,72853,10633
KIRIINDUS,07-OCT-2021,535.85,547.85,530.2,536.8,211608,92522,6833
KIRLFER,07-OCT-2021,263.0,273.2,258.2,264.25,188810,93394,10350
KIRLOSBROS,07-OCT-2021,396.4,415.4,392.0,412.15,74696,59875,2578
KIRLOSENG,07-OCT-2021,199.35,201.7,198.5,199.35,58239,31640,2302
KIRLOSIND,07-OCT-2021,1642.0,1670.0,1604.95,1612.75,3458,1965,823
KITEX,07-OCT-2021,171.9,174.0,169.7,171.25,120102,63719,2760
KKCL,07-OCT-2021,1000.25,1114.0,1000.25,1074.85,516558,265407,28994
KMSUGAR,07-OCT-2021,27.85,27.85,26.8,27.4,270654,156804,1414
KNRCON,07-OCT-2021,288.15,290.85,283.75,285.55,500200,260585,17918
KOKUYOCMLN,07-OCT-2021,66.8,68.4,66.6,66.75,305145,153834,3060
KOLTEPATIL,07-OCT-2021,315.0,337.7,315.0,332.65,2221987,595510,39087
KOTAKBANK,07-OCT-2021,1968.0,1982.25,1949.25,1952.45,2222130,1425190,79698
KOTAKBKETF,07-OCT-2021,375.0,384.95,375.0,381.17,21630,8826,349
KOTAKGOLD,07-OCT-2021,40.58,40.97,40.58,40.9,504061,321301,976
KOTAKIT,07-OCT-2021,35.4,36.2,35.06,36.06,70708,38247,277
KOTAKNIFTY,07-OCT-2021,188.4,188.4,185.83,186.97,45487,37054,314
KOTAKNV20,07-OCT-2021,98.31,99.88,98.2,98.92,8055,4990,248
KOTAKPSUBK,07-OCT-2021,249.99,249.99,243.9,247.52,20271,13391,799
KOTARISUG,07-OCT-2021,33.4,34.35,33.4,33.55,158728,103170,1289
KOTHARIPET,07-OCT-2021,55.0,55.9,53.0,53.2,146460,98379,1439
KOVAI,07-OCT-2021,1684.8,1690.0,1670.0,1676.5,1052,665,307
KPIGLOBAL,07-OCT-2021,133.95,133.95,127.6,128.8,25092,17089,701
KPITTECH,07-OCT-2021,339.15,345.0,337.0,339.15,655406,395114,18846
KPRMILL,07-OCT-2021,452.0,456.45,440.0,452.8,412429,227979,14733
KRBL,07-OCT-2021,319.0,324.9,304.4,311.55,914999,274664,13648
KREBSBIO,07-OCT-2021,183.4,187.9,179.35,184.05,32010,16109,1529
KRIDHANINF,07-OCT-2021,5.65,5.75,5.65,5.75,117517,109086,123
KRISHANA,07-OCT-2021,186.1,191.25,182.9,187.6,14700,9018,312
KRSNAA,07-OCT-2021,756.9,795.0,755.05,786.9,270292,171099,13481
KSB,07-OCT-2021,1286.0,1307.45,1270.0,1288.15,13879,7006,2482
KSCL,07-OCT-2021,574.0,574.75,567.0,568.0,196173,115760,10198
KSL,07-OCT-2021,393.7,397.9,390.05,391.05,25988,14931,1654
KTKBANK,07-OCT-2021,68.55,68.75,67.6,67.7,1385589,862575,7796
KUANTUM,07-OCT-2021,85.7,88.05,83.15,84.35,59483,34405,1222
L&TFH,07-OCT-2021,89.65,90.95,89.65,90.2,4772854,1351346,18632
LAGNAM,07-OCT-2021,54.65,59.1,54.65,57.9,192066,116234,1040
LALPATHLAB,07-OCT-2021,3760.0,3783.2,3674.05,3686.45,201976,116113,19000
LAOPALA,07-OCT-2021,314.8,318.7,312.0,313.25,119575,35077,4171
LASA,07-OCT-2021,76.5,77.85,75.55,76.25,118632,57155,2348
LAURUSLABS,07-OCT-2021,644.0,655.0,639.0,650.65,4804002,1987382,81469
LAXMIMACH,07-OCT-2021,8350.0,8453.05,8271.0,8294.15,2669,1236,1153
LEMONTREE,07-OCT-2021,47.25,52.0,46.8,51.25,32233358,10092311,85180
LFIC,07-OCT-2021,78.1,79.85,78.1,79.05,495,422,26
LGBBROSLTD,07-OCT-2021,456.05,478.9,439.65,474.9,372189,143700,14209
LIBAS,07-OCT-2021,46.7,50.0,45.25,49.6,403783,163249,3383
LIBERTSHOE,07-OCT-2021,175.3,180.3,174.55,176.8,476606,118839,8520
LICHSGFIN,07-OCT-2021,440.8,448.8,439.8,443.65,2043783,724654,27721
LICNETFGSC,07-OCT-2021,23.34,23.34,22.71,23.3,7456,4518,189
LICNETFN50,07-OCT-2021,191.0,191.0,186.0,189.56,1393,1167,94
LICNETFSEN,07-OCT-2021,636.0,643.8,632.0,642.15,121,70,62
LICNFNHGP,07-OCT-2021,179.5,180.9,176.0,180.01,3170,2476,80
LIKHITHA,07-OCT-2021,390.7,395.0,377.15,379.6,59703,25131,2716
LINCOLN,07-OCT-2021,376.9,403.0,376.8,399.55,581946,262250,12549
LINCPEN,07-OCT-2021,245.5,245.5,236.0,241.6,9696,6149,404
LINDEINDIA,07-OCT-2021,2611.85,2643.8,2590.3,2606.7,80255,37989,10612
LIQUIDBEES,07-OCT-2021,1002.3,1002.3,998.3,999.99,1373313,1273402,6497
LIQUIDETF,07-OCT-2021,1000.0,1000.01,999.99,999.99,57636,53878,62
LODHA,07-OCT-2021,1095.0,1145.0,1072.65,1123.05,1456651,772031,49456
LOKESHMACH,07-OCT-2021,54.5,56.0,53.2,53.75,31488,20510,301
LOVABLE,07-OCT-2021,118.9,127.0,118.25,122.5,325599,137828,9173
LT,07-OCT-2021,1710.0,1729.3,1700.0,1712.45,1378863,728040,67147
LTI,07-OCT-2021,5730.0,5848.0,5710.0,5777.6,299275,126194,35537
LTTS,07-OCT-2021,4629.0,4741.0,4624.05,4688.95,304174,109255,23808
LUMAXIND,07-OCT-2021,1447.25,1481.0,1441.0,1454.1,5947,3606,821
LUMAXTECH,07-OCT-2021,141.0,145.0,138.0,143.8,189186,110712,5613
LUPIN,07-OCT-2021,960.0,961.95,951.0,956.05,693444,266755,18212
LUXIND,07-OCT-2021,3654.75,3750.0,3652.2,3693.2,62737,27065,12844
LXCHEM,07-OCT-2021,554.0,573.0,542.0,553.5,2243021,801683,58843
LYKALABS,07-OCT-2021,81.25,82.5,79.3,80.1,97312,63210,1102
LYPSAGEMS,07-OCT-2021,4.3,4.7,4.3,4.55,35324,24814,136
M&M,07-OCT-2021,839.7,887.8,837.15,878.25,9515673,3392980,194662
M&MFIN,07-OCT-2021,183.0,185.45,182.05,182.5,2918786,1092504,18425
MACPOWER,07-OCT-2021,210.0,210.0,199.0,203.4,8943,6997,166
MADHAV,07-OCT-2021,58.25,66.0,56.2,62.85,368520,198152,3750
MADHUCON,07-OCT-2021,4.95,5.3,4.6,5.3,261700,204526,279
MADRASFERT,07-OCT-2021,30.8,31.65,30.75,30.9,245124,80742,1249
MAESGETF,07-OCT-2021,30.36,30.46,30.28,30.3,35842,34670,74
MAFANG,07-OCT-2021,52.5,53.0,52.1,52.88,195356,146521,1663
MAFSETF,07-OCT-2021,18.37,18.47,18.28,18.34,36275,33488,172
MAGADSUGAR,07-OCT-2021,335.0,335.0,318.0,320.35,22206,13260,1160
MAHABANK,07-OCT-2021,20.3,20.6,20.2,20.25,3489172,1738028,5295
MAHASTEEL,07-OCT-2021,92.65,93.6,91.65,92.65,23100,17400,486
MAHEPC,07-OCT-2021,137.4,143.45,136.05,141.15,165164,109304,2842
MAHESHWARI,07-OCT-2021,104.65,106.2,99.8,104.6,540722,283225,1705
MAHINDCIE,07-OCT-2021,245.9,250.5,242.05,245.55,334695,162960,11194
MAHLIFE,07-OCT-2021,275.0,283.3,275.0,278.55,340056,217586,11822
MAHLOG,07-OCT-2021,752.8,790.0,752.35,758.95,131900,34302,12619
MAHSCOOTER,07-OCT-2021,4701.8,4775.0,4690.0,4705.3,3138,1831,997
MAHSEAMLES,07-OCT-2021,358.15,368.7,356.6,365.5,334562,157441,11273
MAITHANALL,07-OCT-2021,1161.0,1175.85,1103.0,1120.8,109098,45995,9862
MAJESCO,07-OCT-2021,87.0,92.0,85.5,86.9,189598,91400,5296
MALUPAPER,07-OCT-2021,38.85,38.95,36.9,37.95,88793,58283,1118
MAN50ETF,07-OCT-2021,185.45,185.45,182.98,183.16,995,749,62
MANAKALUCO,07-OCT-2021,20.4,21.55,19.95,20.3,84178,55899,561
MANAKCOAT,07-OCT-2021,15.3,17.4,15.3,16.95,664060,284296,1770
MANAKSIA,07-OCT-2021,68.45,70.8,67.7,68.95,193958,106815,2058
MANAKSTEEL,07-OCT-2021,32.2,32.2,31.5,31.55,59140,43629,382
MANALIPETC,07-OCT-2021,130.7,133.0,123.5,124.2,1275368,905642,14972
MANAPPURAM,07-OCT-2021,185.0,194.8,185.0,194.05,9959507,2843914,128150
MANGALAM,07-OCT-2021,145.5,147.8,144.5,144.75,44466,32080,1187
MANGCHEFER,07-OCT-2021,75.4,76.5,74.65,75.05,357620,200621,4234
MANGLMCEM,07-OCT-2021,450.75,454.9,447.2,448.1,27673,16235,1913
MANINDS,07-OCT-2021,117.45,117.45,113.35,113.8,127664,69676,2772
MANINFRA,07-OCT-2021,105.2,107.55,102.2,104.45,802581,337775,8632
MANUGRAPH,07-OCT-2021,12.5,12.95,12.25,12.45,8149,6520,82
MANXT50,07-OCT-2021,431.46,434.2,431.31,433.77,300,268,28
MARALOVER,07-OCT-2021,81.8,82.75,79.1,82.55,58598,52872,377
MARATHON,07-OCT-2021,101.65,101.75,98.2,98.75,60758,34795,1048
MARICO,07-OCT-2021,571.95,571.95,560.2,561.25,1449440,660645,34653
MARINE,07-OCT-2021,37.4,37.4,36.35,36.45,940667,421887,3758
MARKSANS,07-OCT-2021,73.5,73.85,71.3,71.8,1182835,721101,7204
MARUTI,07-OCT-2021,7234.95,7555.0,7225.25,7492.5,1646727,664388,150776
MASFIN,07-OCT-2021,807.0,813.0,796.15,801.4,30950,17869,2950
MASPTOP50,07-OCT-2021,27.55,28.25,27.55,28.0,26398,21845,439
MASTEK,07-OCT-2021,3050.0,3120.0,3030.0,3112.1,83736,45730,10411
MATRIMONY,07-OCT-2021,1007.0,1020.0,992.0,994.25,15968,9342,2447
MAXHEALTH,07-OCT-2021,346.0,354.0,345.4,350.55,923705,673816,14082
MAXIND,07-OCT-2021,76.5,78.0,75.4,75.85,383751,190708,3272
MAXVIL,07-OCT-2021,130.1,134.05,129.0,132.0,242972,141138,4422
MAYURUNIQ,07-OCT-2021,470.35,475.0,470.0,472.5,55095,33349,3742
MAZDA,07-OCT-2021,667.85,727.35,656.8,703.6,30911,15317,1909
MAZDOCK,07-OCT-2021,255.6,262.0,255.6,257.75,509973,226031,7333
MBAPL,07-OCT-2021,192.95,201.1,187.25,189.5,24160,19113,874
MBLINFRA,07-OCT-2021,20.7,23.75,19.8,23.15,554795,264771,1548
MCDOWELL-N,07-OCT-2021,878.9,915.95,878.0,902.7,3629362,1452269,72799
MCL,07-OCT-2021,39.2,39.4,38.35,38.95,38570,23411,342
MCX,07-OCT-2021,1742.0,1888.0,1720.0,1819.9,2255836,492298,106453
MENONBE,07-OCT-2021,77.2,80.0,76.0,77.35,310457,155452,3952
MEP,07-OCT-2021,21.95,24.25,21.95,23.3,1837561,1105865,4348
METROPOLIS,07-OCT-2021,2800.0,2850.0,2761.0,2776.15,127146,57375,12557
MFL,07-OCT-2021,923.0,986.2,902.0,986.2,293607,107396,11066
MFSL,07-OCT-2021,1025.95,1038.0,1024.05,1026.65,273771,100323,12375
MGEL,07-OCT-2021,51.9,51.9,50.4,51.05,117995,115711,164
MGL,07-OCT-2021,1081.2,1087.5,1074.0,1076.65,228548,95980,11994
MHRIL,07-OCT-2021,237.0,241.65,235.05,238.05,410485,167271,9769
MIDHANI,07-OCT-2021,189.7,199.7,189.05,198.05,2705300,930016,33184
MINDACORP,07-OCT-2021,130.8,134.9,130.8,132.95,389928,171545,6091
MINDAIND,07-OCT-2021,740.0,782.0,732.0,774.8,691642,262186,26891
MINDTECK,07-OCT-2021,104.0,112.25,100.05,112.25,124821,93584,1273
MINDTREE,07-OCT-2021,4214.2,4324.0,4200.05,4259.2,982009,362824,61990
MIRZAINT,07-OCT-2021,61.35,64.2,61.25,62.2,1532277,651316,11054
MITTAL,07-OCT-2021,10.1,10.2,10.0,10.05,24622,19341,135
MMFL,07-OCT-2021,793.0,807.0,781.9,798.1,6979,4755,1313
MMP,07-OCT-2021,160.4,160.55,150.85,152.5,38419,27484,647
MMTC,07-OCT-2021,45.6,45.85,44.95,45.15,1672605,663480,5960
MODISNME,07-OCT-2021,72.9,74.9,71.8,73.7,58722,29251,1434
MOGSEC,07-OCT-2021,48.83,48.92,48.83,48.89,2546,1560,55
MOIL,07-OCT-2021,169.9,172.0,161.2,164.55,952181,423348,14137
MOKSH,07-OCT-2021,42.4,42.4,41.2,41.8,420128,319196,1031
MOL,07-OCT-2021,128.45,129.85,125.15,126.1,680555,368142,6357
MOLDTKPAC,07-OCT-2021,675.5,690.0,670.0,673.15,74714,38590,4681
MOM100,07-OCT-2021,32.92,32.99,32.6,32.72,108048,71234,1928
MOM50,07-OCT-2021,177.88,177.95,173.95,176.02,4729,2951,110
MON100,07-OCT-2021,108.5,109.9,108.01,109.35,462315,276665,5076
MONTECARLO,07-OCT-2021,387.0,395.0,372.0,375.1,105756,57141,6058
MORARJEE,07-OCT-2021,18.9,18.9,18.9,18.9,9040,9040,20
MOREPENLAB,07-OCT-2021,57.25,57.85,56.55,56.7,962395,529960,5164
MOTHERSUMI,07-OCT-2021,225.8,239.5,225.0,236.0,30201047,12352812,283500
MOTILALOFS,07-OCT-2021,875.0,884.6,868.1,871.25,326736,174392,9811
MOTOGENFIN,07-OCT-2021,25.3,26.0,24.8,25.35,5362,4358,95
MPHASIS,07-OCT-2021,3141.65,3259.0,3125.0,3186.2,740158,295771,51507
MPSLTD,07-OCT-2021,667.75,676.0,657.0,666.55,13405,9728,867
MRF,07-OCT-2021,79149.95,81446.4,78860.1,81272.55,22060,9458,11218
MRO-TEK,07-OCT-2021,74.6,74.6,74.6,74.6,4718,4718,34
MRPL,07-OCT-2021,51.6,52.4,51.0,51.15,3214891,1055546,13432
MSPL,07-OCT-2021,9.95,9.95,9.7,9.75,191619,185848,257
MSTCLTD,07-OCT-2021,337.9,352.0,337.5,342.8,1412860,454085,27696
MTARTECH,07-OCT-2021,1499.8,1499.8,1469.0,1479.55,80042,35557,6705
MTEDUCARE,07-OCT-2021,8.6,9.2,8.4,9.0,553311,347486,926
MTNL,07-OCT-2021,18.75,19.7,18.75,19.25,2576003,1184770,4585
MUKTAARTS,07-OCT-2021,39.85,41.0,39.85,40.65,6888,3244,99
MUNJALAU,07-OCT-2021,58.75,60.35,58.75,59.6,225904,115072,1851
MUNJALSHOW,07-OCT-2021,138.0,140.5,135.0,139.2,124601,60641,2693
MURUDCERA,07-OCT-2021,26.0,26.75,25.55,26.25,150899,78409,830
MUTHOOTCAP,07-OCT-2021,402.0,421.45,401.7,409.6,64170,23042,4088
MUTHOOTFIN,07-OCT-2021,1520.0,1589.85,1504.05,1544.5,1649561,313433,60616
NACLIND,07-OCT-2021,81.9,86.95,79.0,82.95,765724,324012,10820
NAGREEKCAP,07-OCT-2021,7.9,8.0,7.85,8.0,2302,2301,7
NAHARCAP,07-OCT-2021,295.0,301.05,288.8,290.1,14514,9451,478
NAHARPOLY,07-OCT-2021,250.5,254.0,248.0,248.9,19274,10739,960
NAM-INDIA,07-OCT-2021,445.2,449.75,443.15,445.25,516379,250320,8826
NATCOPHARM,07-OCT-2021,895.5,906.0,871.0,902.25,372624,313496,6206
NATHBIOGEN,07-OCT-2021,325.05,327.5,323.25,324.75,22672,13521,1068
NATIONALUM,07-OCT-2021,97.7,101.0,96.15,96.55,19035681,5415562,53149
NATNLSTEEL,07-OCT-2021,4.0,4.0,3.9,3.95,25702,20743,120
NAUKRI,07-OCT-2021,6619.0,6620.45,6532.1,6600.85,221706,110378,25483
NAVINFLUOR,07-OCT-2021,4052.55,4078.0,3952.75,3971.5,323107,104052,23706
NAVKARCORP,07-OCT-2021,43.35,44.4,42.7,43.4,498507,248863,2953
NAVNETEDUL,07-OCT-2021,111.95,116.9,111.95,115.2,474646,236023,10092
NAZARA,07-OCT-2021,2657.2,2748.0,2657.0,2703.95,644042,193022,54122
NBCC,07-OCT-2021,47.3,47.5,46.9,47.15,3791873,1661000,12308
NBIFIN,07-OCT-2021,2667.3,2699.85,2605.0,2615.0,214,130,64
NBVENTURES,07-OCT-2021,124.25,127.5,121.5,123.75,607795,318180,11270
NCC,07-OCT-2021,83.7,85.5,82.7,83.65,3930337,1307498,15326
NCLIND,07-OCT-2021,245.0,251.0,240.5,242.3,758786,303651,16377
NCPSESDL24,07-OCT-2021,106.55,106.6,106.55,106.6,95,76,8
NDL,07-OCT-2021,77.1,78.35,73.2,76.0,64968,39154,739
NDTV,07-OCT-2021,85.95,86.55,84.65,85.2,43597,29198,783
NECCLTD,07-OCT-2021,19.85,19.85,18.8,18.9,121618,66370,276
NECLIFE,07-OCT-2021,33.1,33.65,31.55,31.7,1196716,663629,4792
NELCAST,07-OCT-2021,88.6,90.4,87.5,88.0,144260,70839,3629
NELCO,07-OCT-2021,914.0,915.0,831.45,831.45,676006,338386,40688
NEOGEN,07-OCT-2021,1221.25,1250.0,1212.0,1228.65,52890,21244,5536
NESCO,07-OCT-2021,660.0,684.0,654.05,660.3,558306,156830,29394
NESTLEIND,07-OCT-2021,19200.8,19304.2,18955.35,19045.65,47695,30435,14455
NETF,07-OCT-2021,220.59,220.59,215.0,215.46,2722,1622,112
NETFCONSUM,07-OCT-2021,78.2,79.0,77.7,78.78,10813,7983,209
NETFDIVOPP,07-OCT-2021,47.0,47.0,45.8,46.08,1166,1125,71
NETFGILT5Y,07-OCT-2021,48.87,48.89,48.86,48.88,144,143,6
NETFIT,07-OCT-2021,35.8,36.48,35.72,36.28,1091596,741296,3099
NETFLTGILT,07-OCT-2021,22.75,22.75,22.67,22.69,11264,11261,72
NETFMID150,07-OCT-2021,119.0,119.0,117.0,118.7,83374,63687,1412
NETFNIF100,07-OCT-2021,182.3,188.99,182.3,186.72,1237,947,72
NETFNV20,07-OCT-2021,100.99,101.45,100.0,100.49,4376,4320,121
NETFPHARMA,07-OCT-2021,14.7,14.7,14.45,14.55,260253,186046,570
NETFSDL26,07-OCT-2021,105.99,106.25,105.94,106.05,999020,999009,141
NETWORK18,07-OCT-2021,60.7,63.0,60.7,62.35,2364245,970177,8210
NEULANDLAB,07-OCT-2021,1505.0,1538.8,1505.0,1516.85,14564,11684,2003
NEXTMEDIA,07-OCT-2021,5.7,5.7,5.1,5.45,32348,26048,97
NFL,07-OCT-2021,59.75,60.6,59.5,59.7,952630,313292,4614
NH,07-OCT-2021,512.1,516.0,502.1,504.7,69899,36253,4867
NHPC,07-OCT-2021,30.65,30.85,30.4,30.55,5925842,3014924,15001
NIACL,07-OCT-2021,164.0,177.9,164.0,170.85,1857934,500111,29277
NIBL,07-OCT-2021,19.55,19.75,19.15,19.2,11309,7755,70
NIFTYBEES,07-OCT-2021,187.05,193.07,187.05,191.82,791922,377055,17948
NIITLTD,07-OCT-2021,354.95,363.0,354.05,357.55,643217,208973,13776
NILAINFRA,07-OCT-2021,5.7,6.45,5.55,5.9,2130914,1212033,1710
NILKAMAL,07-OCT-2021,2725.5,2765.0,2671.4,2706.05,11870,4037,2203
NIPPOBATRY,07-OCT-2021,980.0,980.0,968.0,971.65,4078,2332,481
NIRAJ,07-OCT-2021,38.8,42.6,37.5,38.55,358433,135304,3022
NITCO,07-OCT-2021,23.4,25.2,23.05,24.85,228703,140198,1005
NITIRAJ,07-OCT-2021,44.8,44.8,44.1,44.1,570,354,32
NLCINDIA,07-OCT-2021,64.4,68.75,64.3,68.4,16278593,5966380,52070
NMDC,07-OCT-2021,144.85,146.15,143.45,144.35,7219473,3228012,29733
NOCIL,07-OCT-2021,306.5,319.95,305.65,310.2,4286530,1103236,58078
NOIDATOLL,07-OCT-2021,7.9,7.9,7.9,7.9,279300,279300,202
NORBTEAEXP,07-OCT-2021,6.9,6.9,6.65,6.8,395,395,11
NOVARTIND,07-OCT-2021,825.0,844.0,811.0,821.4,18820,7840,2147
NPBET,07-OCT-2021,196.98,196.98,188.23,193.28,875,107,54
NRAIL,07-OCT-2021,339.6,351.0,335.0,338.3,54936,25439,3981
NRBBEARING,07-OCT-2021,139.7,142.45,138.0,138.65,232185,132495,5087
NSIL,07-OCT-2021,1785.0,1806.0,1777.0,1801.8,421,330,75
NTPC,07-OCT-2021,144.2,145.65,142.25,142.8,10035682,3721615,59608
NUCLEUS,07-OCT-2021,585.85,587.45,577.75,581.35,76314,51883,4628
NURECA,07-OCT-2021,1700.0,1985.0,1680.0,1985.0,246555,68504,29004
NUVOCO,07-OCT-2021,560.0,561.0,542.35,549.4,1571412,1400816,17758
NXTDIGITAL,07-OCT-2021,414.5,424.0,414.5,420.0,2845,1647,179
OAL,07-OCT-2021,949.9,969.9,926.6,932.15,14605,7036,2880
OBEROIRLTY,07-OCT-2021,867.05,952.0,867.05,937.45,5192469,872508,118372
OCCL,07-OCT-2021,1056.0,1085.8,1055.0,1063.8,20035,13933,2287
OFSS,07-OCT-2021,4670.1,4772.25,4629.45,4742.7,188073,67409,20766
OIL,07-OCT-2021,250.9,251.85,241.4,242.45,1309185,523518,20960
OMAXE,07-OCT-2021,77.2,80.8,77.2,78.85,115688,45204,2029
OMINFRAL,07-OCT-2021,30.9,31.45,30.15,30.6,100219,58899,720
OMKARCHEM,07-OCT-2021,16.5,17.75,16.2,17.75,100790,85689,284
ONGC,07-OCT-2021,170.15,170.15,159.5,160.4,59769140,27700381,251185
ONMOBILE,07-OCT-2021,115.55,119.0,114.4,115.1,497143,249589,6368
ONWARDTEC,07-OCT-2021,228.65,230.0,218.0,219.25,39555,31421,983
ORBTEXP,07-OCT-2021,85.9,89.0,84.15,85.65,167085,86081,2686
ORICONENT,07-OCT-2021,31.0,31.45,30.15,30.3,124932,80010,567
ORIENTABRA,07-OCT-2021,33.0,33.0,31.55,31.85,140881,79420,1164
ORIENTALTL,07-OCT-2021,8.35,8.5,8.3,8.45,50061,47905,89
ORIENTBELL,07-OCT-2021,359.5,359.5,348.15,350.95,7723,4528,849
ORIENTCEM,07-OCT-2021,154.55,157.8,154.0,154.95,611704,352598,14190
ORIENTELEC,07-OCT-2021,327.35,328.5,323.5,325.8,648454,586414,7081
ORIENTHOT,07-OCT-2021,38.45,39.8,38.0,38.3,327644,105069,1953
ORIENTLTD,07-OCT-2021,78.2,78.2,76.3,76.55,7564,4616,176
ORIENTPPR,07-OCT-2021,31.1,31.3,30.6,30.65,1124336,423325,5121
ORISSAMINE,07-OCT-2021,2850.0,2944.7,2840.0,2846.55,27373,12260,4625
ORTINLAB,07-OCT-2021,29.5,33.4,28.2,30.75,833109,287749,4760
OSWALAGRO,07-OCT-2021,17.8,17.95,17.45,17.55,49199,36992,246
PAGEIND,07-OCT-2021,34032.0,37278.45,34011.1,37153.85,103807,25882,35798
PAISALO,07-OCT-2021,990.0,1048.0,990.0,1011.8,272818,151617,7140
PALASHSECU,07-OCT-2021,89.85,93.9,89.5,92.0,14315,11189,175
PALREDTEC,07-OCT-2021,116.5,116.5,111.4,112.15,42977,25641,1543
PANACEABIO,07-OCT-2021,277.05,279.2,272.0,274.75,110509,57665,3334
PANAMAPET,07-OCT-2021,294.0,298.0,286.2,288.45,262681,134364,9137
PAR,07-OCT-2021,268.4,268.4,268.4,268.4,17246,16994,140
PARAGMILK,07-OCT-2021,129.3,134.75,129.0,133.1,891834,454793,9856
PARSVNATH,07-OCT-2021,14.9,16.0,14.7,15.45,515758,352852,879
PATELENG,07-OCT-2021,28.45,29.2,26.85,27.35,8369820,3586496,17374
PATINTLOG,07-OCT-2021,23.0,24.5,23.0,23.7,266296,162562,1133
PATSPINLTD,07-OCT-2021,8.7,9.1,8.7,8.8,5831,4336,40
PCJEWELLER,07-OCT-2021,25.3,26.6,25.25,26.25,6349448,2335738,11393
PDMJEPAPER,07-OCT-2021,48.0,49.15,46.0,46.2,478893,266928,4019
PDSMFL,07-OCT-2021,1300.0,1300.0,1237.4,1248.2,6483,5200,433
PEARLPOLY,07-OCT-2021,15.5,16.1,15.2,15.6,8134,5554,166
PEL,07-OCT-2021,2882.9,3014.95,2861.0,2888.2,3226907,422106,155706
PENIND,07-OCT-2021,30.6,31.6,30.2,30.35,820797,310978,4318
PERSISTENT,07-OCT-2021,3774.9,3822.0,3734.0,3811.85,275086,154603,21699
PETRONET,07-OCT-2021,231.15,232.25,229.3,230.4,6617981,4974060,35794
PFC,07-OCT-2021,140.65,142.8,140.2,141.05,3563922,1544232,18708
PFIZER,07-OCT-2021,5603.0,5640.0,5570.5,5577.3,15079,6201,2668
PFOCUS,07-OCT-2021,74.4,75.75,71.05,72.45,38014,24947,679
PFS,07-OCT-2021,20.35,20.6,19.95,20.0,1052821,616734,2371
PGEL,07-OCT-2021,406.3,423.95,406.3,414.4,30831,18210,1987
PGHH,07-OCT-2021,13970.0,14054.15,13730.2,13776.2,2580,1356,1471
PGHL,07-OCT-2021,5749.5,5791.35,5734.0,5752.85,8595,4616,2888
PGIL,07-OCT-2021,315.0,315.0,298.55,302.45,21932,13006,1083
PHILIPCARB,07-OCT-2021,263.7,267.0,250.1,253.15,2389730,1333827,26300
PHOENIXLTD,07-OCT-2021,959.4,998.3,954.45,990.75,454263,210653,30692
PIDILITIND,07-OCT-2021,2423.1,2476.4,2417.75,2460.5,584927,280289,24690
PIIND,07-OCT-2021,3201.2,3254.95,3183.0,3243.05,284015,105066,28633
PILANIINVS,07-OCT-2021,1972.8,2007.55,1961.0,1987.75,19534,4727,1742
PILITA,07-OCT-2021,7.55,7.6,7.4,7.45,827221,674284,1233
PIONDIST,07-OCT-2021,179.0,189.0,178.9,185.1,131962,50708,3547
PIONEEREMB,07-OCT-2021,62.65,63.7,61.25,61.75,164767,100223,1741
PITTIENG,07-OCT-2021,170.5,179.3,170.5,179.3,337540,247532,1942
PLASTIBLEN,07-OCT-2021,277.9,281.0,276.4,277.2,24042,13764,1193
PNB,07-OCT-2021,40.45,40.55,39.85,39.9,35042174,12012363,48948
PNBGILTS,07-OCT-2021,67.5,68.0,66.7,67.05,147151,75109,1826
PNBHOUSING,07-OCT-2021,654.0,654.85,640.0,644.7,70575,36501,2584
PNC,07-OCT-2021,39.9,42.3,38.0,41.15,125331,68178,963
PNCINFRA,07-OCT-2021,366.0,370.2,361.6,363.85,222079,103647,6950
PODDARHOUS,07-OCT-2021,229.7,229.7,229.7,229.7,6020,6020,44
PODDARMENT,07-OCT-2021,369.0,384.3,363.0,381.1,98425,29033,3487
POKARNA,07-OCT-2021,501.0,504.3,493.35,501.85,46330,33186,2737
POLYCAB,07-OCT-2021,2414.0,2448.95,2392.3,2419.65,303313,94123,23726
POLYMED,07-OCT-2021,938.0,963.0,927.0,945.45,42199,18786,5172
POLYPLEX,07-OCT-2021,1817.45,1849.0,1805.0,1839.0,114726,57148,8668
POONAWALLA,07-OCT-2021,167.7,169.9,165.05,167.55,838236,632770,6734
POWERGRID,07-OCT-2021,191.0,191.55,187.6,188.3,5050275,2441103,47616
POWERINDIA,07-OCT-2021,2391.25,2450.0,2363.05,2400.7,16107,6512,3752
POWERMECH,07-OCT-2021,999.8,1024.4,991.2,1006.5,46394,22982,4219
PPAP,07-OCT-2021,247.05,258.0,246.75,248.6,51087,32162,1281
PPL,07-OCT-2021,160.45,163.3,158.5,159.75,76060,40540,2825
PRAKASH,07-OCT-2021,74.4,74.8,73.5,73.7,582284,313457,4303
PRAKASHSTL,07-OCT-2021,2.0,2.15,2.0,2.05,676623,518861,622
PRAXIS,07-OCT-2021,35.0,37.1,35.0,37.1,103599,80190,381
PRECAM,07-OCT-2021,98.6,98.7,96.6,97.05,177836,127049,2508
PRECOT,07-OCT-2021,274.95,277.8,268.0,270.1,7639,5377,257
PRECWIRE,07-OCT-2021,244.8,246.7,238.15,241.2,67445,34563,3774
PREMIERPOL,07-OCT-2021,68.95,70.9,68.2,68.95,6273,3781,177
PRESSMN,07-OCT-2021,28.9,29.4,28.3,28.65,30709,24671,299
PRESTIGE,07-OCT-2021,467.0,494.8,467.0,484.6,2511785,611121,65703
PRICOLLTD,07-OCT-2021,101.1,103.1,101.0,101.7,720658,336035,5778
PRIMESECU,07-OCT-2021,90.8,91.0,88.1,91.0,33722,30612,508
PRINCEPIPE,07-OCT-2021,712.0,727.9,711.15,719.55,703293,556789,14760
PRITIKAUTO,07-OCT-2021,17.75,18.25,17.5,18.0,107739,81807,449
PRIVISCL,07-OCT-2021,1909.0,1990.0,1880.0,1899.35,49852,21913,6776
PROZONINTU,07-OCT-2021,31.95,31.95,29.65,29.95,691380,443354,3051
PRSMJOHNSN,07-OCT-2021,123.4,124.45,121.5,122.5,199389,82716,5793
PSB,07-OCT-2021,17.75,17.75,17.25,17.35,380274,257750,1154
PSPPROJECT,07-OCT-2021,514.8,524.9,509.0,511.8,320490,136058,10548
PSUBNKBEES,07-OCT-2021,27.6,27.9,27.3,27.42,292530,229433,1377
PTC,07-OCT-2021,119.4,119.4,116.0,116.8,1525212,657307,13652
PTL,07-OCT-2021,47.5,47.5,46.75,46.95,37677,26490,470
PUNJABCHEM,07-OCT-2021,1639.0,1648.0,1582.7,1592.15,14466,5984,3073
PURVA,07-OCT-2021,134.75,144.5,134.75,138.85,1232248,382855,18444
PVR,07-OCT-2021,1657.7,1687.45,1645.7,1679.2,613114,144747,24107
QGOLDHALF,07-OCT-2021,2007.1,2022.0,2007.1,2019.0,474,288,64
QNIFTY,07-OCT-2021,1858.0,1860.0,1854.64,1854.64,27,23,7
QUESS,07-OCT-2021,916.0,934.0,905.1,924.2,142561,75290,14428
QUICKHEAL,07-OCT-2021,235.0,239.0,233.0,234.0,113299,41933,4732
RADICO,07-OCT-2021,961.45,988.9,954.95,968.8,1582833,463205,69361
RADIOCITY,07-OCT-2021,24.35,24.4,24.05,24.1,329491,256398,609
RAILTEL,07-OCT-2021,135.25,139.1,133.25,134.05,3043208,1396834,31057
RAIN,07-OCT-2021,244.9,247.8,239.1,240.95,1585160,665582,15480
RAJESHEXPO,07-OCT-2021,613.85,620.0,610.95,615.85,107093,50101,5955
RAJSREESUG,07-OCT-2021,28.5,28.5,27.1,28.05,16704,12768,196
RALLIS,07-OCT-2021,293.0,297.8,290.0,292.85,466639,187521,9424
RAMANEWS,07-OCT-2021,20.0,20.8,19.75,19.95,108049,72786,642
RAMCOCEM,07-OCT-2021,1012.5,1024.05,1003.0,1014.55,287540,137107,13912
RAMCOIND,07-OCT-2021,301.8,308.55,300.25,305.2,59893,32977,2113
RAMCOSYS,07-OCT-2021,486.0,494.75,473.0,476.05,131638,78460,5700
RANEENGINE,07-OCT-2021,296.0,300.0,289.45,290.4,27026,13714,1171
RANEHOLDIN,07-OCT-2021,595.0,600.65,595.0,599.0,21667,13310,1555
RATNAMANI,07-OCT-2021,2188.0,2205.0,2161.55,2200.05,15786,9991,2643
RAYMOND,07-OCT-2021,467.6,484.15,461.2,471.95,2795181,737827,56748
RBL,07-OCT-2021,887.45,893.4,868.85,869.55,9000,5092,823
RBLBANK,07-OCT-2021,185.6,191.35,185.5,189.4,5472521,1854799,30880
RCF,07-OCT-2021,83.2,83.9,82.4,82.65,2380702,698505,11365
RCOM,07-OCT-2021,3.1,3.35,3.05,3.3,88431952,30560826,22114
RECLTD,07-OCT-2021,158.3,160.1,157.55,158.15,2561768,902246,28912
REDINGTON,07-OCT-2021,146.6,148.5,144.25,144.85,1175233,728735,48452
REFEX,07-OCT-2021,146.8,147.8,145.0,145.3,62747,32773,5024
RELAXO,07-OCT-2021,1200.2,1349.85,1200.2,1330.1,1894059,540671,93334
RELCAPITAL,07-OCT-2021,21.25,22.75,20.9,22.75,6725732,3385628,6251
RELIANCE,07-OCT-2021,2595.0,2598.75,2567.7,2572.4,2924370,1479822,122777
RELIGARE,07-OCT-2021,182.3,185.2,178.8,181.75,1274149,630839,15142
REPCOHOME,07-OCT-2021,315.4,325.25,314.75,319.0,229617,127867,8917
REPL,07-OCT-2021,219.7,225.0,215.7,219.85,34915,22397,865
REPRO,07-OCT-2021,537.25,574.0,537.2,558.45,11627,5533,1223
RESPONIND,07-OCT-2021,127.35,128.65,124.1,125.9,54743,14385,1203
REVATHI,07-OCT-2021,597.0,606.15,590.8,594.55,5376,5004,120
RGL,07-OCT-2021,819.9,850.0,805.35,840.7,72868,26009,5769
RHIM,07-OCT-2021,376.0,381.0,364.65,368.5,171998,68678,7196
RICOAUTO,07-OCT-2021,48.3,49.5,48.05,48.85,1485826,735039,12077
RIIL,07-OCT-2021,710.0,745.85,710.0,722.35,567559,157887,25231
RITES,07-OCT-2021,289.3,292.55,281.2,283.3,460312,221714,15785
RKEC,07-OCT-2021,77.3,77.9,75.35,77.35,20551,16503,217
RKFORGE,07-OCT-2021,1144.0,1187.1,1124.1,1152.1,316713,73222,22371
RML,07-OCT-2021,385.3,393.8,384.25,385.7,15926,8403,900
ROHLTD,07-OCT-2021,91.85,96.7,91.5,95.0,196386,115843,4131
ROLEXRINGS,07-OCT-2021,1070.0,1076.5,1060.4,1069.1,26657,14570,3166
ROLLT,07-OCT-2021,2.45,2.65,2.45,2.55,7811201,4724131,1696
ROSSARI,07-OCT-2021,1505.9,1519.0,1472.45,1488.75,48042,17501,5918
ROSSELLIND,07-OCT-2021,161.0,174.8,161.0,172.85,737686,214444,11693
ROUTE,07-OCT-2021,2026.7,2060.0,2003.35,2054.1,171024,94863,14366
RPGLIFE,07-OCT-2021,705.45,707.05,688.6,691.0,34316,17392,3317
RPPINFRA,07-OCT-2021,66.05,66.7,65.0,65.25,101443,52545,1520
RPSGVENT,07-OCT-2021,920.0,983.4,920.0,948.15,97415,50024,12127
RSSOFTWARE,07-OCT-2021,35.5,37.95,35.25,35.8,282185,125239,1927
RSWM,07-OCT-2021,365.9,393.85,356.0,388.3,364011,133938,17414
RSYSTEMS,07-OCT-2021,216.1,219.9,215.0,216.4,38334,19233,3707
RUBYMILLS,07-OCT-2021,301.05,308.85,297.45,300.35,17834,7585,1355
RUCHI,07-OCT-2021,1060.35,1065.0,1051.0,1052.5,15750,7994,1855
RUCHIRA,07-OCT-2021,92.4,93.45,91.3,91.65,84310,55255,1913
RUPA,07-OCT-2021,452.0,486.0,450.1,481.45,694581,367247,16320
RUSHIL,07-OCT-2021,276.8,276.8,262.4,265.6,17235,12785,681
RVHL,07-OCT-2021,22.95,25.2,22.4,25.2,181185,134231,992
RVNL,07-OCT-2021,31.7,31.85,30.65,30.9,6203550,2665301,18409
SADBHAV,07-OCT-2021,48.2,48.9,48.0,48.35,634118,350643,5764
SADBHIN,07-OCT-2021,16.1,16.35,15.9,16.0,680504,496438,1320
SAFARI,07-OCT-2021,844.0,864.95,825.0,845.7,20971,10301,4125
SAGCEM,07-OCT-2021,310.7,314.85,304.0,305.3,178327,98281,6711
SAIL,07-OCT-2021,116.9,117.8,115.0,115.5,22381530,8770379,90049
SAKAR,07-OCT-2021,166.0,169.75,164.05,166.85,43046,26971,821
SAKSOFT,07-OCT-2021,1052.0,1112.0,1040.1,1074.35,86604,34951,10669
SALASAR,07-OCT-2021,280.4,280.45,274.0,275.05,39033,27032,2054
SALONA,07-OCT-2021,206.0,217.4,204.05,206.05,14628,6495,392
SALZERELEC,07-OCT-2021,169.7,173.9,168.0,170.2,90499,56554,3338
SANCO,07-OCT-2021,9.0,9.2,8.85,8.95,33362,28720,144
SANDESH,07-OCT-2021,780.25,797.9,780.0,784.75,936,590,128
SANDHAR,07-OCT-2021,287.0,295.3,286.0,287.3,75228,44840,3726
SANGAMIND,07-OCT-2021,171.0,181.95,171.0,176.55,50888,23464,740
SANGHIIND,07-OCT-2021,72.6,73.4,71.55,72.0,547214,279935,4681
SANGHVIMOV,07-OCT-2021,206.0,214.7,198.25,207.25,555525,227028,18968
SANGINITA,07-OCT-2021,39.4,42.05,38.0,42.05,578313,382621,4171
SANOFI,07-OCT-2021,7953.0,8065.45,7802.15,7813.15,20488,15085,5257
SANSERA,07-OCT-2021,805.0,806.0,791.5,804.65,219406,152293,23278
SARDAEN,07-OCT-2021,779.9,799.0,765.0,769.05,47822,31772,2406
SARLAPOLY,07-OCT-2021,54.4,54.9,53.0,53.25,447779,252586,3534
SASKEN,07-OCT-2021,1312.0,1344.1,1312.0,1327.45,15716,8703,2403
SATIA,07-OCT-2021,97.8,97.8,96.1,96.9,75911,47726,1381
SATIN,07-OCT-2021,79.45,80.25,78.25,78.75,152086,84949,2357
SBCL,07-OCT-2021,268.8,269.4,261.0,261.8,24874,16003,1334
SBICARD,07-OCT-2021,1126.4,1142.9,1118.5,1139.35,2243226,1227939,96968
SBIETFCON,07-OCT-2021,72.7,72.94,71.11,72.35,6365,4877,148
SBIETFIT,07-OCT-2021,361.5,364.87,357.0,363.68,4532,3528,125
SBIETFPB,07-OCT-2021,194.1,198.5,194.1,197.7,1217,1024,33
SBIETFQLTY,07-OCT-2021,157.2,159.91,155.11,159.24,1146,652,80
SBILIFE,07-OCT-2021,1227.0,1234.2,1207.2,1215.05,2674007,1814571,95536
SBIN,07-OCT-2021,462.1,464.0,457.1,457.9,9984651,2461134,125318
SCHAEFFLER,07-OCT-2021,7185.0,7298.0,7136.85,7177.2,3777,1833,1301
SCHAND,07-OCT-2021,121.0,124.1,116.7,122.35,210015,131591,3115
SCHNEIDER,07-OCT-2021,115.35,116.7,114.1,114.45,525978,254171,4640
SCI,07-OCT-2021,124.95,126.2,123.6,124.1,1464521,519812,10138
SDBL,07-OCT-2021,43.45,43.45,42.1,42.7,104648,72401,923
SEAMECLTD,07-OCT-2021,1199.0,1287.0,1198.0,1241.45,100480,68229,2512
SECURKLOUD,07-OCT-2021,237.0,243.75,225.0,230.05,579037,313804,14570
SELAN,07-OCT-2021,159.6,169.95,157.7,162.05,498019,155245,10410
SEPOWER,07-OCT-2021,10.5,10.5,10.5,10.5,19705,19685,41
SEQUENT,07-OCT-2021,220.3,220.3,211.35,211.85,1017346,541476,16457
SERVOTECH,07-OCT-2021,26.0,26.0,23.1,23.75,53846,33307,241
SESHAPAPER,07-OCT-2021,186.0,189.5,181.9,183.35,37856,22377,1004
SETCO,07-OCT-2021,19.3,19.3,18.55,18.95,321356,239470,1028
SETF10GILT,07-OCT-2021,204.0,207.49,204.0,204.79,474,64,16
SETFGOLD,07-OCT-2021,4166.9,4175.0,4152.0,4161.3,8829,5351,1536
SETFNIF50,07-OCT-2021,185.87,185.87,180.7,181.63,88654,75272,1197
SETFNIFBK,07-OCT-2021,377.0,378.49,375.61,376.63,20688,10853,290
SETFNN50,07-OCT-2021,449.99,451.44,443.1,449.69,4293,2252,486
SEYAIND,07-OCT-2021,57.75,57.75,54.8,55.5,10589,6786,240
SFL,07-OCT-2021,2370.0,2497.0,2343.05,2373.4,174087,49854,10516
SGIL,07-OCT-2021,145.0,148.45,142.0,142.65,15897,5480,1012
SGL,07-OCT-2021,12.8,12.9,12.6,12.8,17757,16874,79
SHAKTIPUMP,07-OCT-2021,710.0,718.0,700.0,701.45,34104,22845,2915
SHALBY,07-OCT-2021,170.8,173.1,167.5,169.25,185441,85559,3773
SHALPAINTS,07-OCT-2021,98.2,98.2,96.5,97.55,110402,65023,1983
SHANKARA,07-OCT-2021,589.9,638.0,589.7,626.15,407531,127350,23575
SHANTI,07-OCT-2021,23.5,24.3,21.55,24.3,30219,26125,71
SHANTIGEAR,07-OCT-2021,163.05,170.85,162.0,165.6,788449,358967,11220
SHARDACROP,07-OCT-2021,332.2,334.0,322.6,327.4,91269,56958,3656
SHAREINDIA,07-OCT-2021,710.0,774.0,705.4,747.0,166542,59306,14788
SHARIABEES,07-OCT-2021,468.9,468.9,445.95,452.31,1898,983,69
SHILPAMED,07-OCT-2021,563.9,575.0,554.0,569.45,185649,68976,5842
SHIVAMAUTO,07-OCT-2021,27.0,28.0,26.45,27.35,787193,453705,2938
SHIVAMILLS,07-OCT-2021,105.0,110.45,101.1,103.3,71943,42256,1618
SHIVATEX,07-OCT-2021,289.9,289.9,247.95,249.0,258302,106514,12652
SHK,07-OCT-2021,158.15,160.6,155.4,157.3,241769,114569,4844
SHOPERSTOP,07-OCT-2021,278.95,289.0,278.0,278.9,203911,50281,5746
SHRADHA,07-OCT-2021,54.75,55.4,54.1,54.25,806,508,52
SHREDIGCEM,07-OCT-2021,82.9,82.9,80.0,80.3,297213,154392,3864
SHREECEM,07-OCT-2021,28205.0,28344.8,27869.4,28059.35,43358,25916,11503
SHREEPUSHK,07-OCT-2021,265.5,267.75,255.9,256.65,220461,92473,8565
SHREERAMA,07-OCT-2021,15.4,15.4,14.25,14.95,794865,556081,1207
SHRENIK,07-OCT-2021,1.55,1.6,1.55,1.6,1792337,1154830,1234
SHREYANIND,07-OCT-2021,138.95,138.95,132.55,133.3,26985,16023,1111
SHREYAS,07-OCT-2021,402.0,448.2,392.15,424.75,530817,175489,26633
SHRIRAMCIT,07-OCT-2021,2137.2,2165.0,2136.55,2156.05,9555,4532,1741
SHRIRAMEPC,07-OCT-2021,7.5,7.55,7.4,7.55,1562026,1085454,1059
SHYAMCENT,07-OCT-2021,14.6,14.85,13.8,13.8,564990,463797,1104
SHYAMMETL,07-OCT-2021,364.95,367.0,357.0,359.0,587371,338155,12465
SICAL,07-OCT-2021,12.3,12.5,12.15,12.25,346261,226531,645
SIEMENS,07-OCT-2021,2222.0,2241.3,2214.8,2236.95,139307,69404,10757
SIGIND,07-OCT-2021,45.35,46.0,44.7,44.85,22192,15200,316
SILGO,07-OCT-2021,43.4,44.5,40.5,41.85,802448,293997,8800
SILLYMONKS,07-OCT-2021,21.0,21.4,20.5,20.8,7777,4277,46
SIMPLEXINF,07-OCT-2021,46.45,47.5,45.05,47.15,231615,159154,1148
SINTERCOM,07-OCT-2021,92.55,93.0,88.3,89.1,28618,25577,217
SINTEX,07-OCT-2021,4.9,5.05,4.8,4.9,7522834,4164338,4794
SIRCA,07-OCT-2021,417.5,430.0,371.2,410.25,70085,37483,2752
SIS,07-OCT-2021,492.0,499.65,488.3,491.3,68138,32196,4445
SITINET,07-OCT-2021,2.3,2.3,2.3,2.3,383241,383241,159
SIYSIL,07-OCT-2021,424.0,427.0,414.0,421.65,100427,50368,4964
SJVN,07-OCT-2021,28.25,28.4,28.05,28.1,2831978,1700005,6684
SKFINDIA,07-OCT-2021,3225.0,3255.0,3161.15,3223.3,63381,30850,14859
SKIL,07-OCT-2021,4.7,4.7,4.7,4.7,22041,22041,30
SKIPPER,07-OCT-2021,86.7,88.35,84.05,84.5,422188,120673,7799
SKMEGGPROD,07-OCT-2021,83.35,84.0,82.25,82.55,30065,18148,607
SMARTLINK,07-OCT-2021,114.2,116.7,113.0,113.6,24270,14034,751
SMCGLOBAL,07-OCT-2021,76.0,82.5,75.75,80.3,629172,343507,5117
SMLISUZU,07-OCT-2021,587.7,609.9,583.35,595.3,81151,29049,6358
SMSLIFE,07-OCT-2021,790.0,794.4,774.35,783.85,4036,2219,450
SMSPHARMA,07-OCT-2021,155.4,157.4,151.65,155.6,80423,37444,2158
SNOWMAN,07-OCT-2021,43.25,43.9,43.1,43.2,941198,338017,6559
SOBHA,07-OCT-2021,815.0,901.0,811.0,884.75,3463020,684763,138016
SOLARA,07-OCT-2021,1545.0,1550.0,1466.8,1481.6,144928,85471,14462
SOLARINDS,07-OCT-2021,2348.05,2377.2,2310.4,2321.3,70900,30511,10751
SOMANYCERA,07-OCT-2021,812.5,835.0,790.1,811.5,33921,19162,5162
SOMATEX,07-OCT-2021,8.15,8.35,7.9,8.1,35200,27278,136
SONACOMS,07-OCT-2021,585.0,689.0,584.0,652.95,8928123,2229000,173079
SONATSOFTW,07-OCT-2021,917.8,924.0,910.0,916.15,107692,43172,8353
SORILINFRA,07-OCT-2021,115.0,123.15,114.55,116.25,187288,86329,4267
SOTL,07-OCT-2021,1520.0,1540.05,1501.65,1518.2,17041,9520,3488
SOUTHBANK,07-OCT-2021,10.15,10.3,10.15,10.15,8260193,3789790,17034
SOUTHWEST,07-OCT-2021,118.75,119.4,117.5,119.4,79433,59492,328
SPAL,07-OCT-2021,360.0,364.85,340.0,342.45,83312,52627,5005
SPANDANA,07-OCT-2021,552.65,560.4,542.0,554.45,143628,104422,6597
SPARC,07-OCT-2021,283.0,288.3,282.65,286.1,337947,102683,5973
SPECIALITY,07-OCT-2021,76.0,77.0,75.1,75.7,145036,58362,2098
SPENCERS,07-OCT-2021,133.2,134.45,128.3,129.4,744297,292223,11432
SPIC,07-OCT-2021,54.65,55.55,53.55,54.0,399884,229311,3874
SPICEJET,07-OCT-2021,72.45,75.6,72.45,75.1,4764922,1312875,25919
SPLIL,07-OCT-2021,49.5,49.5,48.05,48.5,31831,22084,400
SPTL,07-OCT-2021,5.8,5.8,5.4,5.8,7296302,5083574,3855
SREEL,07-OCT-2021,192.25,195.0,187.0,188.15,21157,8546,541
SRF,07-OCT-2021,11508.2,11690.0,11453.3,11576.7,237315,98661,32990
SRHHYPOLTD,07-OCT-2021,385.5,390.0,372.0,377.25,38495,20940,3279
SRIPIPES,07-OCT-2021,213.5,218.7,209.1,211.8,51736,27610,1649
SRTRANSFIN,07-OCT-2021,1323.2,1346.4,1315.8,1343.2,747968,281054,30751
STAR,07-OCT-2021,587.0,592.0,581.75,586.15,489746,151933,10634
STARCEMENT,07-OCT-2021,108.75,108.75,107.2,107.35,127112,83877,1706
STARPAPER,07-OCT-2021,155.25,155.25,152.05,152.55,70936,29155,2708
STCINDIA,07-OCT-2021,111.6,114.0,108.05,108.6,92073,49404,2490
STEELCITY,07-OCT-2021,58.25,59.3,58.0,58.25,27010,20014,316
STEELXIND,07-OCT-2021,73.5,73.5,71.65,72.15,93181,75337,549
STEL,07-OCT-2021,174.25,186.0,174.25,180.05,164280,55974,5070
STERTOOLS,07-OCT-2021,219.9,225.0,212.0,217.0,110499,67786,4319
STLTECH,07-OCT-2021,280.1,284.5,275.9,278.55,238752,101393,6444
STOVEKRAFT,07-OCT-2021,1081.3,1105.0,1072.85,1084.0,124179,54448,11427
STYLAMIND,07-OCT-2021,1109.45,1159.0,1100.0,1142.0,25015,12328,4405
SUBEXLTD,07-OCT-2021,54.4,54.9,53.0,53.2,3395126,1497814,12763
SUBROS,07-OCT-2021,327.55,335.0,321.65,333.0,38010,19330,1683
SUDARSCHEM,07-OCT-2021,686.85,692.5,676.55,680.9,331959,118728,11288
SUMICHEM,07-OCT-2021,419.95,420.0,411.0,411.6,350068,149281,9516
SUMMITSEC,07-OCT-2021,777.2,791.0,772.0,778.4,9742,6051,680
SUNCLAYLTD,07-OCT-2021,3449.0,3510.0,3410.0,3485.4,17478,12311,2454
SUNDARMFIN,07-OCT-2021,2457.8,2457.8,2430.05,2442.85,10072,7072,2089
SUNDARMHLD,07-OCT-2021,74.35,75.0,73.5,74.25,142422,104545,1273
SUNDRMBRAK,07-OCT-2021,404.65,410.0,401.1,402.95,2963,1571,211
SUNDRMFAST,07-OCT-2021,942.7,993.7,930.05,958.35,380544,144939,23634
SUNFLAG,07-OCT-2021,83.2,84.45,82.3,82.6,239791,113895,3942
SUNPHARMA,07-OCT-2021,808.05,826.35,804.1,823.25,4089061,1929594,79616
SUNTECK,07-OCT-2021,480.2,509.0,478.45,497.65,2659952,399739,76403
SUNTV,07-OCT-2021,541.4,551.0,538.0,543.05,2524168,805420,30138
SUPERHOUSE,07-OCT-2021,169.7,173.5,169.7,171.35,23402,14392,758
SUPPETRO,07-OCT-2021,740.25,753.7,702.1,734.25,74919,50168,4478
SUPRAJIT,07-OCT-2021,328.5,344.7,328.5,341.15,340463,168592,16242
SUPREMEENG,07-OCT-2021,23.1,23.15,21.2,22.25,226613,152533,1055
SUPREMEIND,07-OCT-2021,2529.0,2559.45,2494.4,2529.75,61371,33910,10808
SURANASOL,07-OCT-2021,16.0,16.7,15.55,16.7,99219,85481,312
SURANAT&P,07-OCT-2021,9.2,9.35,8.65,9.3,499337,318113,991
SURYAROSNI,07-OCT-2021,782.0,785.0,747.05,756.15,345827,238023,10102
SURYODAY,07-OCT-2021,182.0,196.0,180.1,189.1,244596,88568,4732
SUTLEJTEX,07-OCT-2021,71.1,72.65,69.5,69.9,363841,225893,4345
SUULD,07-OCT-2021,535.5,544.3,517.0,525.1,28973,16270,3084
SUVEN,07-OCT-2021,108.25,119.95,108.25,118.75,7120287,2520926,52393
SUVENPHAR,07-OCT-2021,545.0,559.9,528.0,557.7,404231,202215,22883
SUVIDHAA,07-OCT-2021,16.7,17.7,16.3,16.75,919112,306478,2406
SUZLON,07-OCT-2021,6.9,7.15,6.85,7.1,56185858,23302644,33746
SVPGLOB,07-OCT-2021,119.5,120.0,115.3,117.0,207321,131913,3802
SWANENERGY,07-OCT-2021,129.6,131.35,129.5,130.25,44264,25319,943
SWARAJENG,07-OCT-2021,1695.0,1699.0,1680.0,1689.7,6916,4077,1293
SWELECTES,07-OCT-2021,232.85,234.95,227.0,227.7,6461,3067,535
SWSOLAR,07-OCT-2021,399.0,419.9,397.45,404.85,2972838,1099122,42337
SYMPHONY,07-OCT-2021,1096.0,1101.0,1080.0,1086.8,58860,28673,6778
SYNGENE,07-OCT-2021,623.45,629.6,618.0,621.7,309636,114628,13097
TAJGVK,07-OCT-2021,143.85,147.5,143.1,144.2,418681,130210,8142
TAKE,07-OCT-2021,52.1,54.4,52.1,52.9,1989274,848497,10161
TALBROAUTO,07-OCT-2021,277.0,286.8,277.0,284.55,126492,50644,3045
TANLA,07-OCT-2021,870.0,909.05,868.85,909.05,108751,82972,3067
TARAPUR,07-OCT-2021,4.15,4.35,4.15,4.3,23507,19922,76
TARMAT,07-OCT-2021,71.9,71.9,68.75,69.15,84551,37829,1726
TASTYBITE,07-OCT-2021,18249.85,18449.95,18111.65,18283.75,1251,524,667
TATACHEM,07-OCT-2021,978.95,978.95,952.0,959.05,2853274,649543,55095
TATACOFFEE,07-OCT-2021,215.4,220.0,215.0,218.35,5323927,1610249,53644
TATACOMM,07-OCT-2021,1490.0,1490.0,1455.1,1470.7,262504,151032,13932
TATACONSUM,07-OCT-2021,828.0,830.7,821.35,824.55,1500439,494584,37842
TATAELXSI,07-OCT-2021,6223.5,6387.0,6223.0,6348.25,229047,82794,43605
TATAINVEST,07-OCT-2021,1443.5,1471.0,1443.0,1461.4,117078,56644,10454
TATAMETALI,07-OCT-2021,1125.0,1140.0,1115.4,1129.55,125802,46106,8116
TATAMOTORS,07-OCT-2021,341.1,383.0,339.25,376.5,163238084,27569259,1028809
TATAMTRDVR,07-OCT-2021,182.0,196.75,181.3,193.15,23888176,5871239,126959
TATAPOWER,07-OCT-2021,178.35,184.0,176.85,177.75,73313810,16949640,362695
TATASTEEL,07-OCT-2021,1295.0,1306.8,1283.55,1289.2,4603367,949075,100335
TATASTLLP,07-OCT-2021,955.0,989.7,950.6,971.65,65146,42384,3504
TATVA,07-OCT-2021,2293.7,2345.0,2276.0,2292.7,125513,45202,11915
TBZ,07-OCT-2021,83.5,94.4,83.5,91.4,3065788,1065902,35327
TCI,07-OCT-2021,434.0,442.0,429.1,432.3,49474,15841,3299
TCIDEVELOP,07-OCT-2021,375.8,375.8,368.3,370.25,939,547,78
TCIEXP,07-OCT-2021,1533.0,1559.95,1520.15,1533.75,33429,13401,6031
TCIFINANCE,07-OCT-2021,5.5,5.5,5.3,5.3,5029,5026,38
TCNSBRANDS,07-OCT-2021,651.35,684.6,651.35,662.2,115686,11675,7118
TCPLPACK,07-OCT-2021,554.0,566.1,546.0,555.2,12042,5766,809
TCS,07-OCT-2021,3830.0,3899.0,3820.05,3892.9,1647233,693631,100510
TDPOWERSYS,07-OCT-2021,335.95,339.0,326.5,334.65,31970,19369,2588
TEAMLEASE,07-OCT-2021,4920.0,4925.05,4840.0,4886.15,32061,24927,5087
TECHM,07-OCT-2021,1397.95,1423.3,1375.65,1417.2,1956325,961197,60108
TECHNOE,07-OCT-2021,289.0,295.15,278.25,282.6,146821,68843,8033
TEJASNET,07-OCT-2021,477.25,514.9,477.25,497.65,909886,353650,19298
TEMBO,07-OCT-2021,323.85,329.3,320.0,324.65,170944,49191,1014
TEXINFRA,07-OCT-2021,60.8,62.5,59.15,59.7,62292,30333,1325
TEXMOPIPES,07-OCT-2021,51.7,52.5,51.1,51.35,149507,79874,1355
TEXRAIL,07-OCT-2021,35.9,36.7,35.6,36.05,710927,353635,3114
TFCILTD,07-OCT-2021,71.35,73.85,71.35,71.85,252456,141608,3364
TGBHOTELS,07-OCT-2021,11.1,11.1,11.0,11.1,45856,41855,127
THANGAMAYL,07-OCT-2021,1173.0,1271.95,1160.1,1243.0,122084,35935,18971
THEINVEST,07-OCT-2021,111.8,113.8,110.5,111.55,12172,7069,305
THERMAX,07-OCT-2021,1363.0,1364.7,1345.0,1350.75,21618,13624,3921
THOMASCOOK,07-OCT-2021,70.0,72.0,66.25,70.85,804654,393919,7247
THYROCARE,07-OCT-2021,1181.0,1181.0,1151.25,1158.55,53722,20818,4530
TIIL,07-OCT-2021,853.0,853.0,830.85,836.85,6223,5020,359
TIINDIA,07-OCT-2021,1294.0,1337.65,1294.0,1327.3,102107,52216,6898
TIL,07-OCT-2021,164.05,175.5,162.95,172.0,31747,14502,1561
TIMESGTY,07-OCT-2021,44.45,47.5,43.55,46.35,22761,16974,227
TIMETECHNO,07-OCT-2021,71.0,71.45,70.6,70.85,279500,163794,2836
TIMKEN,07-OCT-2021,1710.0,1725.0,1690.0,1697.4,17650,7954,2694
TINPLATE,07-OCT-2021,311.0,326.5,310.75,318.05,1806316,657462,31157
TIRUMALCHM,07-OCT-2021,321.5,324.9,314.1,317.45,756644,318352,12530
TITAN,07-OCT-2021,2255.0,2384.25,2250.0,2375.35,8361061,1884100,355979
TMRVL,07-OCT-2021,12.8,15.35,12.75,14.7,2572290,1075641,4251
TNPETRO,07-OCT-2021,137.0,139.9,134.35,134.7,595595,255721,8979
TNPL,07-OCT-2021,143.2,145.6,140.6,141.0,143150,80237,3145
TOKYOPLAST,07-OCT-2021,102.95,103.0,101.65,101.9,8338,4961,131
TORNTPHARM,07-OCT-2021,3067.0,3110.0,3062.1,3074.25,61332,34484,5286
TORNTPOWER,07-OCT-2021,505.0,516.8,505.0,510.05,471190,78199,11191
TOTAL,07-OCT-2021,53.9,53.9,51.6,52.2,31781,19906,208
TPLPLASTEH,07-OCT-2021,175.75,180.45,175.05,178.15,33839,12435,782
TREJHARA,07-OCT-2021,63.75,64.85,62.55,62.85,29051,18236,442
TRENT,07-OCT-2021,1059.0,1126.95,1055.05,1108.85,1988186,472946,95451
TRF,07-OCT-2021,163.0,163.8,157.05,163.6,155927,107327,3558
TRIDENT,07-OCT-2021,35.0,35.6,32.3,32.4,157141056,61023179,316691
TRIGYN,07-OCT-2021,111.0,122.0,110.05,119.0,379469,204212,5964
TRIL,07-OCT-2021,31.35,32.2,30.0,30.4,350486,181520,2465
TRITURBINE,07-OCT-2021,181.5,181.7,172.85,174.25,218186,109746,5067
TRIVENI,07-OCT-2021,196.05,197.45,190.1,192.2,873629,361968,14470
TTKHLTCARE,07-OCT-2021,667.0,683.8,667.0,673.1,4162,2492,350
TTKPRESTIG,07-OCT-2021,8900.0,8944.0,8805.05,8910.0,12924,11414,1551
TTL,07-OCT-2021,70.9,78.5,69.35,74.2,357410,145020,4030
TV18BRDCST,07-OCT-2021,43.1,44.0,43.05,43.5,7031252,2968043,13085
TVSELECT,07-OCT-2021,172.8,172.85,167.7,169.05,42198,24015,1200
TVSMOTOR,07-OCT-2021,547.8,563.2,544.2,557.75,2873448,911702,59785
TVSSRICHAK,07-OCT-2021,2203.0,2240.05,2193.1,2224.5,9818,6131,1341
TVTODAY,07-OCT-2021,285.0,287.9,285.0,285.7,70352,45718,2303
TWL,07-OCT-2021,99.95,104.4,99.9,103.05,1184416,406519,11192
UBL,07-OCT-2021,1585.0,1658.1,1585.0,1643.7,1166939,477557,47772
UCALFUEL,07-OCT-2021,151.3,157.75,150.6,153.2,97907,35262,3019
UCOBANK,07-OCT-2021,13.65,13.7,13.5,13.55,2702303,1269924,20434
UFLEX,07-OCT-2021,573.0,585.0,565.1,567.95,720064,244442,25793
UFO,07-OCT-2021,105.3,107.0,104.1,104.7,246378,129335,3884
UGARSUGAR,07-OCT-2021,30.8,31.6,29.3,29.45,248561,155373,1452
UGROCAP,07-OCT-2021,143.9,143.9,127.35,127.95,387556,317608,3828
UJAAS,07-OCT-2021,2.9,2.95,2.85,2.9,864722,680043,763
UJJIVAN,07-OCT-2021,152.75,153.7,151.8,152.3,379779,192661,4130
UJJIVANSFB,07-OCT-2021,20.8,20.95,20.6,20.65,1730347,987852,4001
ULTRACEMCO,07-OCT-2021,7422.0,7457.95,7311.95,7354.6,583113,373134,54816
UMANGDAIRY,07-OCT-2021,75.0,76.1,73.15,74.4,42675,14226,826
UMESLTD,07-OCT-2021,4.05,4.05,3.8,3.9,61841,50195,100
UNICHEMLAB,07-OCT-2021,268.55,270.2,265.05,267.2,72163,25173,7852
UNIDT,07-OCT-2021,348.0,348.0,336.1,336.6,14215,9374,430
UNIENTER,07-OCT-2021,133.5,135.45,130.15,131.05,10238,5585,314
UNIONBANK,07-OCT-2021,37.0,37.55,36.9,37.3,9369098,4198913,16514
UNITEDTEA,07-OCT-2021,396.5,396.5,385.1,388.85,2033,923,164
UNIVASTU,07-OCT-2021,46.6,46.65,45.1,46.0,15724,11058,130
UNIVCABLES,07-OCT-2021,182.0,188.8,175.65,184.15,178494,72721,3412
UNIVPHOTO,07-OCT-2021,385.0,398.0,385.0,390.7,2171,1421,124
UPL,07-OCT-2021,735.3,736.0,723.0,727.5,2233111,876635,43575
URJA,07-OCT-2021,6.6,6.75,6.55,6.65,2842387,1462417,5561
USHAMART,07-OCT-2021,91.0,93.45,90.5,91.15,953946,525382,6713
UTIAMC,07-OCT-2021,1046.95,1055.0,1026.95,1044.1,186796,142182,7622
UTIBANKETF,07-OCT-2021,37.52,38.04,37.52,37.95,3626,3286,96
UTINEXT50,07-OCT-2021,45.56,45.56,44.2,44.95,3623,3321,118
UTINIFTETF,07-OCT-2021,1892.57,1892.57,1856.1,1871.0,225,162,80
UTISENSETF,07-OCT-2021,625.7,659.2,624.5,627.38,446,254,62
UTISXN50,07-OCT-2021,49.28,51.8,48.5,48.8,803,545,73
V2RETAIL,07-OCT-2021,159.6,159.6,152.15,156.4,283912,149609,5048
VADILALIND,07-OCT-2021,1110.0,1110.0,1070.0,1078.55,8234,4715,856
VAIBHAVGBL,07-OCT-2021,704.9,718.9,702.95,709.95,138534,69193,9849
VAISHALI,07-OCT-2021,36.9,37.2,36.65,36.85,60756,32188,387
VAKRANGEE,07-OCT-2021,40.7,41.4,40.2,41.15,5754072,2709666,9976
VALIANTORG,07-OCT-2021,1550.0,1612.25,1550.0,1580.35,100130,47631,8287
VARDHACRLC,07-OCT-2021,67.5,69.0,65.35,67.45,265343,152800,2976
VARROC,07-OCT-2021,296.0,309.4,296.0,305.0,632350,349539,20098
VASCONEQ,07-OCT-2021,28.25,30.25,28.25,30.25,2148790,1510810,4013
VASWANI,07-OCT-2021,11.45,13.65,11.45,13.65,283784,153884,452
VBL,07-OCT-2021,902.95,910.0,894.0,906.0,354907,263114,36597
VEDL,07-OCT-2021,294.9,294.9,290.1,290.8,7738137,3349448,140691
VENKEYS,07-OCT-2021,2960.0,3003.9,2929.0,2956.35,54937,17586,7029
VENUSREM,07-OCT-2021,446.1,457.0,444.5,447.45,44437,17144,3368
VERTOZ,07-OCT-2021,99.8,100.0,98.9,99.4,58060,33118,1294
VESUVIUS,07-OCT-2021,1206.8,1225.0,1185.0,1214.55,9601,6037,1154
VETO,07-OCT-2021,115.1,127.85,113.0,121.35,1037002,269503,15662
VGUARD,07-OCT-2021,260.0,266.9,258.0,264.6,885167,456546,15732
VHL,07-OCT-2021,3168.75,3181.2,3065.0,3093.35,692,491,145
VIDHIING,07-OCT-2021,395.0,404.8,391.2,394.6,55975,28924,3313
VIJAYA,07-OCT-2021,578.0,581.65,568.6,572.8,90526,49738,10976
VIKASECO,07-OCT-2021,2.05,2.1,2.05,2.05,2139969,1714892,1138
VIKASPROP,07-OCT-2021,2.15,2.15,2.0,2.1,4629769,3236326,3122
VIKASWSP,07-OCT-2021,5.9,6.15,5.35,6.15,2319541,1605624,1832
VIMTALABS,07-OCT-2021,298.0,305.0,293.4,296.4,54779,38088,1937
VINATIORGA,07-OCT-2021,2095.0,2167.35,2055.0,2153.0,267625,106665,23991
VINDHYATEL,07-OCT-2021,1237.0,1250.05,1215.95,1235.9,13877,6901,2651
VINEETLAB,07-OCT-2021,78.9,79.55,77.75,78.8,9892,7259,200
VINYLINDIA,07-OCT-2021,308.0,324.85,307.0,314.05,289819,110958,10173
VIPIND,07-OCT-2021,499.4,552.85,497.7,545.55,2743684,727073,72370
VIPULLTD,07-OCT-2021,28.95,29.85,28.55,28.8,15582,11524,82
VISAKAIND,07-OCT-2021,660.9,671.9,659.25,661.0,29287,19148,2241
VISASTEEL,07-OCT-2021,12.6,13.2,12.6,12.9,45293,34289,260
VISHAL,07-OCT-2021,117.0,117.0,112.95,113.4,69585,45315,1327
VISHNU,07-OCT-2021,772.05,802.65,771.0,802.65,27582,24133,1469
VISHWARAJ,07-OCT-2021,160.0,160.8,155.05,157.65,146261,50757,2577
VIVIDHA,07-OCT-2021,0.8,0.8,0.75,0.8,1405571,899079,1171
VIVIMEDLAB,07-OCT-2021,22.4,23.0,21.5,22.45,764425,462466,2598
VLSFINANCE,07-OCT-2021,196.0,206.9,192.5,203.75,150996,84675,3437
VMART,07-OCT-2021,3725.0,3963.0,3725.0,3809.9,24286,10664,5682
VOLTAMP,07-OCT-2021,1498.75,1515.5,1485.25,1493.95,3794,1673,1094
VOLTAS,07-OCT-2021,1231.0,1291.0,1229.2,1283.0,2199106,1034049,53369
VRLLOG,07-OCT-2021,392.0,419.0,392.0,403.2,499492,243975,19091
VSSL,07-OCT-2021,240.5,243.55,238.0,240.55,72999,40558,3283
VSTIND,07-OCT-2021,3431.3,3480.0,3430.0,3434.2,3009,1362,1119
VSTTILLERS,07-OCT-2021,2910.0,3079.85,2910.0,3020.95,59071,23721,12097
VTL,07-OCT-2021,1955.6,1964.45,1912.8,1931.15,41936,20882,4944
WABAG,07-OCT-2021,336.0,353.5,334.05,350.8,691353,313483,20669
WABCOINDIA,07-OCT-2021,7149.25,7300.0,7149.2,7291.35,5635,3665,1330
WALCHANNAG,07-OCT-2021,57.0,57.75,54.4,54.75,814507,475939,7560
WATERBASE,07-OCT-2021,118.5,120.6,117.45,118.4,106153,45375,2602
WEBELSOLAR,07-OCT-2021,64.95,69.55,64.65,67.15,816535,390782,9201
WEIZMANIND,07-OCT-2021,49.05,52.85,48.0,51.65,31155,18400,648
WELCORP,07-OCT-2021,146.15,147.4,145.1,145.15,1429475,713830,10476
WELENT,07-OCT-2021,106.35,106.65,104.0,105.0,100479,58013,2226
WELINV,07-OCT-2021,330.0,334.7,323.35,333.55,987,780,66
WELSPUNIND,07-OCT-2021,165.65,167.8,163.5,166.0,3058262,1413701,21358
WENDT,07-OCT-2021,4320.0,4320.0,4235.0,4269.3,401,285,149
WESTLIFE,07-OCT-2021,558.25,569.8,550.0,552.3,51786,21155,4816
WHEELS,07-OCT-2021,781.0,794.95,770.0,771.8,16785,10926,2022
WHIRLPOOL,07-OCT-2021,2340.0,2396.0,2329.9,2385.6,299502,149353,35899
WILLAMAGOR,07-OCT-2021,24.0,25.5,23.25,24.7,240882,104622,1218
WINDLAS,07-OCT-2021,363.8,366.0,356.3,363.25,98824,59345,6760
WINDMACHIN,07-OCT-2021,34.4,34.4,31.45,33.6,341168,167068,1677
WIPRO,07-OCT-2021,639.0,648.55,636.9,642.95,3724343,1537354,84656
WOCKPHARMA,07-OCT-2021,445.9,485.9,445.55,480.3,2803294,856202,57157
WONDERLA,07-OCT-2021,249.9,259.0,248.05,255.5,289672,144900,7511
WORTH,07-OCT-2021,95.95,102.9,89.65,97.55,396956,159013,4148
WSTCSTPAPR,07-OCT-2021,283.35,288.4,274.85,275.8,317222,136806,9033
XCHANGING,07-OCT-2021,113.1,117.0,113.1,115.6,639947,376210,6510
XPROINDIA,07-OCT-2021,667.0,689.3,652.0,687.55,179142,97055,3909
YAARII,07-OCT-2021,104.6,105.8,102.1,102.6,110776,74137,1486
YESBANK,07-OCT-2021,13.15,13.45,12.85,13.15,150895888,36747068,109706
YUKEN,07-OCT-2021,595.25,600.0,582.8,598.45,7769,2149,1274
ZEEL,07-OCT-2021,295.2,297.5,291.5,292.7,9513397,2770007,77303
ZEELEARN,07-OCT-2021,14.45,14.45,14.2,14.25,966925,487232,1781
ZEEMEDIA,07-OCT-2021,14.35,14.55,13.9,14.1,3318202,2588869,5687
ZENITHEXPO,07-OCT-2021,111.9,111.9,102.0,102.0,19484,12836,361
ZENSARTECH,07-OCT-2021,472.8,476.1,463.05,465.2,706122,344516,20316
ZENTEC,07-OCT-2021,207.95,214.35,206.5,207.6,509169,268195,12391
ZODIACLOTH,07-OCT-2021,119.85,121.5,118.4,118.95,39176,19752,899
ZOMATO,07-OCT-2021,136.75,138.45,136.05,137.1,7317664,3061810,64814
ZOTA,07-OCT-2021,425.0,438.95,418.25,420.95,67636,34650,4219
ZYDUSWELL,07-OCT-2021,2335.45,2335.45,2301.1,2309.15,18450,10597,3116
