20MICRONS,04-NOV-2020,28.25,28.8,27.55,28.0,43935,23555,326
21STCENMGM,04-NOV-2020,10.0,10.0,10.0,10.0,41,41,2
3IINFOTECH,04-NOV-2020,3.0,3.0,2.9,2.95,1665572,899275,3469
3MINDIA,04-NOV-2020,19511.4,19900.0,19476.05,19619.75,2968,1837,1242
3PLAND,04-NOV-2020,6.25,6.25,6.2,6.2,2125,2125,5
63MOONS,04-NOV-2020,74.0,74.3,72.5,72.75,13718,8776,438
A2ZINFRA,04-NOV-2020,3.75,3.8,3.7,3.7,84207,57927,90
AAKASH,04-NOV-2020,53.0,55.7,52.5,53.85,62413,31773,199
AARTIDRUGS,04-NOV-2020,645.0,654.65,634.0,638.75,489881,127509,20175
AARTIIND,04-NOV-2020,1010.0,1024.95,1004.3,1019.1,119173,62854,6278
AARVEEDEN,04-NOV-2020,10.6,10.6,10.3,10.3,376,275,9
AARVI,04-NOV-2020,34.6,36.1,34.0,35.9,3876,3215,20
AAVAS,04-NOV-2020,1445.15,1485.25,1430.0,1468.85,201087,194332,2302
ABAN,04-NOV-2020,23.0,23.0,22.5,22.6,20639,11366,280
ABB,04-NOV-2020,884.9,888.95,871.25,878.8,25456,10597,4923
ABBOTINDIA,04-NOV-2020,15844.0,15900.0,15750.2,15864.75,3640,1878,1809
ABCAPITAL,04-NOV-2020,67.4,68.8,66.5,67.5,1579376,527325,7920
ABFRL,04-NOV-2020,151.0,152.45,147.05,148.35,849023,300531,10422
ABSLBANETF,04-NOV-2020,260.0,260.0,250.9,256.16,579,478,35
ABSLNN50ET,04-NOV-2020,274.7,279.85,265.7,274.43,146,97,34
ACC,04-NOV-2020,1661.0,1681.95,1658.0,1676.35,973399,153646,31758
ACCELYA,04-NOV-2020,845.05,851.55,801.0,811.9,12667,6308,1592
ACE,04-NOV-2020,72.55,72.85,70.55,71.9,157402,114134,1330
ADANIENT,04-NOV-2020,342.6,359.5,337.5,351.85,9701398,530773,97728
ADANIGAS,04-NOV-2020,226.95,233.0,212.0,231.35,7919096,1982651,68506
ADANIGREEN,04-NOV-2020,834.4,862.7,823.0,840.9,1373310,826436,59497
ADANIPORTS,04-NOV-2020,367.65,369.5,349.6,361.1,17940352,4389550,135409
ADANIPOWER,04-NOV-2020,36.35,36.6,35.9,36.15,1225162,537776,3434
ADANITRANS,04-NOV-2020,292.5,297.7,284.05,295.15,564069,271009,8401
ADFFOODS,04-NOV-2020,412.0,416.0,406.35,413.9,17864,10866,954
ADHUNIKIND,04-NOV-2020,17.95,18.45,17.7,17.9,7232,4655,86
ADORWELD,04-NOV-2020,240.2,248.0,238.9,242.7,11806,3300,579
ADSL,04-NOV-2020,21.75,22.05,21.55,21.95,94574,11010,1127
ADVANIHOTR,04-NOV-2020,40.05,40.05,39.5,40.0,1745,1499,43
ADVENZYMES,04-NOV-2020,297.45,299.0,281.1,284.4,295159,134387,11498
AEGISCHEM,04-NOV-2020,208.5,209.85,200.5,202.3,173206,103043,5221
AFFLE,04-NOV-2020,2650.0,2690.0,2624.0,2647.5,21378,11948,5276
AGARIND,04-NOV-2020,85.3,86.0,83.05,83.5,2292,1799,46
AGCNET,04-NOV-2020,613.8,625.0,577.2,593.55,22307,8276,2201
AGRITECH,04-NOV-2020,26.5,27.9,26.0,26.8,3152,2796,75
AGROPHOS,04-NOV-2020,8.85,8.85,8.0,8.1,23445,12523,133
AHLEAST,04-NOV-2020,134.95,136.0,130.3,133.45,195,54,35
AHLUCONT,04-NOV-2020,213.55,213.9,209.3,211.2,4046,2898,290
AHLWEST,04-NOV-2020,252.95,252.95,238.55,241.75,901,333,189
AIAENG,04-NOV-2020,1691.6,1712.3,1677.15,1694.9,16880,7679,2509
AIRAN,04-NOV-2020,12.55,12.55,11.2,11.85,36504,16776,173
AJANTPHARM,04-NOV-2020,1628.95,1665.0,1588.05,1613.55,674857,91342,31008
AJMERA,04-NOV-2020,88.6,88.65,85.2,86.75,45970,17379,753
AKSHARCHEM,04-NOV-2020,201.0,206.0,199.95,204.75,11142,7911,362
AKSHOPTFBR,04-NOV-2020,5.45,5.7,5.45,5.55,85022,52670,178
AKZOINDIA,04-NOV-2020,1948.05,1959.0,1910.0,1925.05,15811,9088,3885
ALANKIT,04-NOV-2020,15.5,15.5,15.0,15.2,47648,24228,272
ALBERTDAVD,04-NOV-2020,389.05,410.0,387.0,397.7,17006,6292,1721
ALCHEM,04-NOV-2020,4.35,4.5,4.25,4.5,37899,34782,73
ALEMBICLTD,04-NOV-2020,93.5,93.5,87.7,89.75,521194,239887,6179
ALICON,04-NOV-2020,299.0,309.5,299.0,303.45,4656,1572,446
ALKALI,04-NOV-2020,48.9,49.7,46.55,48.4,22735,11413,459
ALKEM,04-NOV-2020,2668.0,2732.35,2656.05,2696.9,213135,132280,19515
ALKYLAMINE,04-NOV-2020,2884.95,3019.0,2880.0,3005.4,28458,11837,5458
ALLCARGO,04-NOV-2020,120.3,121.65,119.05,120.3,97524,68916,1246
ALLSEC,04-NOV-2020,235.15,240.65,232.35,234.6,16137,14158,336
ALMONDZ,04-NOV-2020,12.45,13.25,12.45,13.05,11609,7506,77
ALOKINDS,04-NOV-2020,22.2,22.2,21.85,22.2,7735867,4270513,6017
ALPA,04-NOV-2020,37.05,37.9,35.4,36.2,107900,51278,793
ALPHAGEO,04-NOV-2020,146.05,147.9,145.15,145.35,3517,1977,142
ALPSINDUS,04-NOV-2020,1.05,1.15,1.05,1.15,600,600,5
AMARAJABAT,04-NOV-2020,779.95,792.5,754.45,789.75,754231,106334,15447
AMBER,04-NOV-2020,2238.0,2324.0,2221.6,2249.0,213846,39780,25014
AMBIKCO,04-NOV-2020,695.0,731.0,695.0,718.3,46831,21858,2323
AMBUJACEM,04-NOV-2020,262.0,265.3,259.65,264.4,4122454,898676,32603
AMDIND,04-NOV-2020,15.45,16.0,15.45,15.9,7092,5088,51
AMJLAND,04-NOV-2020,19.3,19.95,17.9,19.5,1597680,1564867,226
AMRUTANJAN,04-NOV-2020,418.0,419.05,411.0,415.4,26327,12854,1199
ANANTRAJ,04-NOV-2020,18.45,18.85,17.65,18.15,83966,72972,289
ANDHRACEMT,04-NOV-2020,4.8,5.05,4.7,5.0,167396,84347,245
ANDHRAPAP,04-NOV-2020,184.4,187.9,182.8,185.2,7436,3588,409
ANDHRSUGAR,04-NOV-2020,273.0,274.75,271.0,273.1,10171,5914,624
ANGELBRKG,04-NOV-2020,299.05,322.8,290.65,309.7,768906,197383,20793
ANIKINDS,04-NOV-2020,11.75,11.75,11.05,11.1,6508,5301,45
ANSALAPI,04-NOV-2020,4.2,4.35,4.2,4.3,66583,60131,65
ANSALHSG,04-NOV-2020,3.9,3.9,3.75,3.85,6615,4465,28
ANUP,04-NOV-2020,555.0,570.0,537.0,550.65,10578,7235,1064
APARINDS,04-NOV-2020,283.45,291.1,283.4,285.45,19307,11148,1014
APCL,04-NOV-2020,195.0,197.95,191.7,196.9,34499,14759,1049
APCOTEXIND,04-NOV-2020,147.5,152.15,144.3,149.1,55183,34041,1301
APEX,04-NOV-2020,251.0,256.05,250.6,252.15,52087,21276,1168
APLAPOLLO,04-NOV-2020,3200.0,3240.0,3195.1,3231.05,38657,19297,4044
APLLTD,04-NOV-2020,999.9,1008.0,982.15,1001.45,248499,184922,8941
APOLLO,04-NOV-2020,100.0,101.5,99.1,100.25,33717,18222,952
APOLLOHOSP,04-NOV-2020,2113.0,2148.0,2088.0,2103.6,725363,238326,24513
APOLLOPIPE,04-NOV-2020,499.0,521.85,491.0,516.05,124374,75712,4212
APOLLOTYRE,04-NOV-2020,144.0,149.25,142.75,147.9,12150695,943847,54678
APOLSINHOT,04-NOV-2020,583.35,603.95,580.0,583.2,997,549,199
APTECHT,04-NOV-2020,111.5,115.5,111.05,112.15,168748,37936,2747
ARCHIDPLY,04-NOV-2020,25.6,27.45,24.65,26.65,108459,38709,1002
ARCHIES,04-NOV-2020,11.55,11.85,11.25,11.4,41809,36348,153
ARIES,04-NOV-2020,82.0,84.7,81.05,82.45,49362,26962,1058
ARIHANT,04-NOV-2020,15.2,15.9,15.2,15.9,9,8,3
ARIHANTSUP,04-NOV-2020,20.15,20.9,20.15,20.5,12095,11502,992
ARMANFIN,04-NOV-2020,585.0,595.0,566.35,580.35,7867,4024,882
AROGRANITE,04-NOV-2020,30.0,30.05,28.8,29.05,12253,7172,235
ARROWGREEN,04-NOV-2020,46.3,46.7,44.55,46.6,1705,1127,75
ARSSINFRA,04-NOV-2020,11.9,12.5,11.9,12.25,9258,1158,24
ARTEMISMED,04-NOV-2020,163.5,163.5,156.0,156.05,2029,1923,35
ARVIND,04-NOV-2020,33.3,34.25,32.9,33.95,1963089,801572,10458
ARVINDFASN,04-NOV-2020,124.1,126.5,123.5,123.8,39776,30107,850
ARVSMART,04-NOV-2020,86.1,87.75,84.2,85.4,33751,17692,778
ASAHIINDIA,04-NOV-2020,221.7,227.2,220.0,222.1,97343,54799,3536
ASAHISONG,04-NOV-2020,220.15,236.7,220.15,232.4,268657,101157,7277
ASAL,04-NOV-2020,21.9,21.9,20.5,20.55,2247,2144,18
ASALCBR,04-NOV-2020,247.35,247.35,242.1,244.8,11155,5164,479
ASHAPURMIN,04-NOV-2020,77.55,79.15,76.5,77.1,53607,33997,483
ASHIANA,04-NOV-2020,77.45,82.0,76.3,79.0,44593,32760,534
ASHOKA,04-NOV-2020,61.3,63.0,60.85,61.4,237160,90745,1830
ASHOKLEY,04-NOV-2020,83.5,85.0,82.1,83.95,31160897,2723804,74391
ASIANHOTNR,04-NOV-2020,51.85,52.8,50.6,52.05,1538,910,88
ASIANPAINT,04-NOV-2020,2160.0,2213.85,2156.0,2169.45,2189957,429678,81248
ASIANTILES,04-NOV-2020,290.9,295.5,279.8,282.25,413402,87139,10867
ASPINWALL,04-NOV-2020,120.5,120.95,114.35,119.1,814,401,59
ASTEC,04-NOV-2020,1070.0,1098.1,1050.0,1065.85,56058,16895,4396
ASTERDM,04-NOV-2020,135.25,136.5,131.55,132.9,81778,43758,1843
ASTRAL,04-NOV-2020,1125.0,1140.0,1117.6,1128.45,38717,22201,4334
ASTRAMICRO,04-NOV-2020,104.3,105.2,104.05,104.5,62296,40254,773
ASTRAZEN,04-NOV-2020,4269.0,4317.0,4241.55,4284.9,14493,6423,2661
ASTRON,04-NOV-2020,46.0,47.4,45.6,46.05,4006,3017,75
ATFL,04-NOV-2020,728.8,745.0,703.0,710.7,9207,5537,1193
ATLANTA,04-NOV-2020,6.95,6.95,6.4,6.55,8878,6377,71
ATUL,04-NOV-2020,6047.0,6112.45,5956.2,5996.0,18492,11238,3101
ATULAUTO,04-NOV-2020,154.15,154.85,151.7,152.75,43978,23451,1303
AUBANK,04-NOV-2020,779.85,788.9,772.2,779.6,460588,318518,11943
AURIONPRO,04-NOV-2020,73.35,73.4,71.55,71.65,5604,3496,109
AUROPHARMA,04-NOV-2020,770.0,795.7,770.0,781.75,2786158,416322,56743
AUSOMENT,04-NOV-2020,53.45,56.25,50.3,52.85,72627,18684,901
AUTOAXLES,04-NOV-2020,704.25,714.0,687.2,692.3,12110,5367,1420
AUTOIND,04-NOV-2020,26.5,28.15,26.1,27.4,35838,5046,130
AUTOLITIND,04-NOV-2020,18.75,18.75,16.35,17.05,2795,1576,90
AVADHSUGAR,04-NOV-2020,175.4,177.8,172.0,173.25,20422,9268,587
AVANTIFEED,04-NOV-2020,465.0,483.9,462.1,478.65,331000,90989,10704
AVTNPL,04-NOV-2020,43.4,43.6,42.5,43.0,56074,35952,354
AXISBANK,04-NOV-2020,525.1,533.85,511.0,525.15,28905623,7565911,274440
AXISCADES,04-NOV-2020,42.55,43.6,42.15,43.2,12709,6495,204
AXISGOLD,04-NOV-2020,44.5,44.79,44.4,44.54,37225,17471,917
AXISNIFTY,04-NOV-2020,122.01,123.5,121.89,123.27,2698,2236,117
AYMSYNTEX,04-NOV-2020,26.9,32.4,26.9,29.95,190635,99964,1331
BAGFILMS,04-NOV-2020,2.45,2.45,2.35,2.35,29912,29607,54
BAJAJ-AUTO,04-NOV-2020,2905.0,2947.75,2882.4,2926.1,710858,118515,35789
BAJAJCON,04-NOV-2020,187.5,188.4,184.0,184.8,124405,55286,2519
BAJAJELEC,04-NOV-2020,484.95,491.05,480.0,486.4,166791,22645,4846
BAJAJFINSV,04-NOV-2020,5743.6,5839.0,5715.95,5811.85,590961,168468,50493
BAJAJHIND,04-NOV-2020,4.55,4.55,4.35,4.45,1318298,759327,1710
BAJAJHLDNG,04-NOV-2020,2320.0,2322.25,2300.0,2303.45,13198,6000,1935
BAJFINANCE,04-NOV-2020,3469.0,3569.95,3462.0,3561.45,4371143,820163,193745
BALAJITELE,04-NOV-2020,61.4,61.8,60.6,61.25,32809,17390,525
BALAMINES,04-NOV-2020,810.0,819.5,801.1,810.65,89477,27009,4677
BALKRISHNA,04-NOV-2020,12.65,13.3,12.0,13.25,10332,7634,66
BALKRISIND,04-NOV-2020,1351.0,1393.95,1331.0,1373.95,880295,253379,36135
BALMLAWRIE,04-NOV-2020,100.0,101.15,99.55,100.4,77769,49014,1284
BALRAMCHIN,04-NOV-2020,151.85,153.95,147.7,149.65,1155854,463543,11849
BANARBEADS,04-NOV-2020,54.05,54.6,52.25,52.8,1265,823,49
BANARISUG,04-NOV-2020,1301.7,1322.95,1300.0,1316.45,401,298,73
BANCOINDIA,04-NOV-2020,89.5,90.8,89.5,90.35,37085,21353,600
BANDHANBNK,04-NOV-2020,309.9,313.45,303.25,312.6,7644699,1496708,64293
BANG,04-NOV-2020,19.55,20.2,18.5,20.05,1514,955,73
BANKA,04-NOV-2020,42.15,42.15,38.15,41.9,22569,14732,247
BANKBARODA,04-NOV-2020,44.75,45.3,43.4,45.05,35144741,2772245,55481
BANKBEES,04-NOV-2020,257.72,260.43,253.18,259.74,2792153,1665527,12207
BANKINDIA,04-NOV-2020,39.5,39.6,38.75,39.35,1160021,314863,4623
BANSWRAS,04-NOV-2020,74.0,75.8,73.05,73.6,1051,611,29
BASF,04-NOV-2020,1334.65,1375.0,1326.55,1351.15,18561,9532,1337
BASML,04-NOV-2020,86.0,86.0,83.5,84.85,455,285,53
BATAINDIA,04-NOV-2020,1299.9,1317.5,1294.85,1313.95,329068,68077,11523
BAYERCROP,04-NOV-2020,5381.15,5437.9,5303.0,5362.4,14564,7821,3599
BBL,04-NOV-2020,699.35,699.35,690.0,691.35,1165,716,181
BBTC,04-NOV-2020,1183.0,1197.0,1181.95,1190.35,18248,5025,2378
BCG,04-NOV-2020,5.15,5.35,5.1,5.2,1677184,839805,1069
BCP,04-NOV-2020,4.6,4.9,4.6,4.85,34657,25596,74
BDL,04-NOV-2020,287.05,291.5,286.0,286.75,64231,25699,2548
BEL,04-NOV-2020,90.25,90.35,87.9,88.9,3391500,991590,15733
BEML,04-NOV-2020,619.3,619.55,595.65,606.75,153174,37505,5497
BEPL,04-NOV-2020,80.05,88.35,80.05,86.95,1394512,640652,9382
BERGEPAINT,04-NOV-2020,631.0,639.45,628.45,637.9,1476236,231819,20907
BFINVEST,04-NOV-2020,262.55,264.85,252.95,257.25,8998,4356,546
BFUTILITIE,04-NOV-2020,230.8,232.7,224.15,229.5,88249,30544,2278
BGRENERGY,04-NOV-2020,31.7,32.7,31.5,31.7,55273,20887,477
BHAGERIA,04-NOV-2020,127.7,131.4,126.15,129.55,12442,7729,291
BHAGYANGR,04-NOV-2020,17.55,17.9,17.5,17.5,589,508,19
BHAGYAPROP,04-NOV-2020,22.75,22.75,22.7,22.7,3002,3002,3
BHANDARI,04-NOV-2020,1.15,1.15,1.05,1.1,41895,23530,292
BHARATFORG,04-NOV-2020,460.0,472.25,456.5,463.75,2696842,464499,37944
BHARATGEAR,04-NOV-2020,49.9,49.95,48.05,48.2,2269,1575,103
BHARATRAS,04-NOV-2020,8600.0,8661.0,8510.1,8596.35,1107,668,549
BHARATWIRE,04-NOV-2020,23.2,23.5,22.8,23.1,2548,1429,58
BHARTIARTL,04-NOV-2020,453.0,455.55,447.15,453.05,10003680,3323113,98671
BHEL,04-NOV-2020,28.0,28.05,26.95,27.2,29425117,7745139,39042
BILENERGY,04-NOV-2020,0.8,0.8,0.75,0.75,200868,95141,142
BINDALAGRO,04-NOV-2020,12.0,12.05,11.3,11.7,27501,26380,71
BIOCON,04-NOV-2020,406.95,411.9,402.35,410.5,2700433,609679,36680
BIRLACABLE,04-NOV-2020,46.8,48.1,46.3,47.1,35550,20896,512
BIRLACORPN,04-NOV-2020,642.2,648.0,622.3,639.75,132769,71192,6341
BIRLAMONEY,04-NOV-2020,42.0,42.4,41.7,41.85,74498,34531,769
BIRLATYRE,04-NOV-2020,19.45,19.45,19.0,19.2,85802,58925,563
BKMINDST,04-NOV-2020,0.6,0.65,0.6,0.6,13812,12312,12
BLISSGVS,04-NOV-2020,168.0,169.0,166.45,167.3,466620,23956,2856
BLS,04-NOV-2020,86.2,86.2,86.2,86.2,21857,19354,121
BLUEDART,04-NOV-2020,3815.0,3865.0,3681.2,3753.15,57836,18360,8746
BLUESTARCO,04-NOV-2020,630.9,650.0,621.8,633.15,22250,10746,3559
BODALCHEM,04-NOV-2020,59.9,61.2,59.6,59.8,196752,115671,1888
BOMDYEING,04-NOV-2020,62.05,62.3,61.2,61.4,656247,286129,3225
BORORENEW,04-NOV-2020,96.6,98.5,94.55,95.5,298260,94242,3513
BOSCHLTD,04-NOV-2020,11870.0,11963.1,11739.75,11802.95,31121,5338,6887
BPCL,04-NOV-2020,350.5,352.95,344.2,348.85,4050977,877037,50594
BPL,04-NOV-2020,17.45,17.5,17.1,17.15,10234,6778,107
BRIGADE,04-NOV-2020,182.7,185.0,177.65,182.8,319212,281531,2193
BRITANNIA,04-NOV-2020,3423.0,3506.0,3411.9,3470.7,714800,203208,49405
BRNL,04-NOV-2020,28.95,29.55,28.75,28.85,12664,10581,114
BSE,04-NOV-2020,478.0,492.0,466.0,472.7,584792,358705,12703
BSELINFRA,04-NOV-2020,1.15,1.15,1.05,1.1,85632,73019,67
BSHSL,04-NOV-2020,92.85,92.85,90.0,90.0,35,35,2
BSL,04-NOV-2020,30.35,31.75,30.0,30.55,10040,7981,197
BSLGOLDETF,04-NOV-2020,4694.9,4709.9,4680.1,4688.1,141,86,47
BSLNIFTY,04-NOV-2020,127.57,131.3,127.57,130.55,265,169,26
BSOFT,04-NOV-2020,179.0,186.7,179.0,181.75,825493,369957,13484
BURNPUR,04-NOV-2020,1.55,1.55,1.55,1.55,37011,37010,37
BYKE,04-NOV-2020,13.65,13.65,13.15,13.3,10726,8714,78
CADILAHC,04-NOV-2020,436.95,444.4,432.6,439.3,6349693,1213797,53757
CAMLINFINE,04-NOV-2020,96.4,100.95,95.95,100.95,524955,191775,4213
CAMS,04-NOV-2020,1269.95,1288.3,1260.0,1267.45,159282,100777,28586
CANBK,04-NOV-2020,88.75,90.0,86.8,89.4,6359478,867388,21908
CANFINHOME,04-NOV-2020,463.0,467.95,448.5,454.8,229651,125047,5080
CANTABIL,04-NOV-2020,327.45,329.95,320.55,327.1,104826,17545,1655
CAPACITE,04-NOV-2020,131.0,132.6,130.25,130.55,10286,5908,570
CAPLIPOINT,04-NOV-2020,494.0,501.0,487.2,491.25,87689,39828,3924
CAPTRUST,04-NOV-2020,60.25,60.25,56.1,56.9,1117,811,82
CARBORUNIV,04-NOV-2020,301.4,304.8,296.55,301.15,678729,479231,17270
CAREERP,04-NOV-2020,166.95,168.7,151.0,154.7,61648,37634,1771
CARERATING,04-NOV-2020,332.05,365.4,332.05,365.4,3592829,1532901,54359
CASTROLIND,04-NOV-2020,113.05,115.5,111.65,112.95,950244,515580,8690
CCHHL,04-NOV-2020,3.1,3.1,2.9,3.0,52331,36875,59
CCL,04-NOV-2020,242.4,245.35,239.75,241.75,68002,31845,3157
CDSL,04-NOV-2020,462.5,471.5,458.7,461.15,503600,191664,13275
CEATLTD,04-NOV-2020,1127.55,1140.0,1106.1,1109.35,128150,41649,8098
CEBBCO,04-NOV-2020,13.45,14.0,13.25,13.45,10169,8700,66
CELEBRITY,04-NOV-2020,4.5,4.7,4.5,4.55,4236,3111,36
CENTENKA,04-NOV-2020,174.85,176.85,172.95,174.15,12707,7837,404
CENTEXT,04-NOV-2020,3.2,3.3,3.2,3.25,35295,26206,56
CENTRALBK,04-NOV-2020,11.1,11.1,10.95,11.0,1591372,843604,1957
CENTRUM,04-NOV-2020,17.0,18.0,16.7,17.15,1191287,607715,2767
CENTUM,04-NOV-2020,269.25,289.9,262.75,281.05,7315,2432,569
CENTURYPLY,04-NOV-2020,179.0,182.0,177.75,180.6,44046,20927,1993
CENTURYTEX,04-NOV-2020,305.35,313.4,303.25,308.05,478371,72656,8600
CERA,04-NOV-2020,2669.0,2799.0,2664.05,2781.15,7482,4178,2070
CEREBRAINT,04-NOV-2020,28.3,28.6,27.9,28.0,75299,60862,185
CESC,04-NOV-2020,570.0,577.75,565.15,574.1,100961,25717,3764
CESCVENT,04-NOV-2020,222.0,229.35,210.6,225.4,37242,16985,2694
CGCL,04-NOV-2020,249.55,253.95,244.0,244.85,248881,181584,5616
CGPOWER,04-NOV-2020,29.9,31.75,29.9,30.55,3300800,1830148,7882
CHALET,04-NOV-2020,141.4,141.4,137.0,137.9,66868,47392,911
CHAMBLFERT,04-NOV-2020,160.65,162.4,159.25,161.7,238673,134183,3850
CHEMBOND,04-NOV-2020,152.5,155.0,152.05,154.25,3530,2982,106
CHEMCON,04-NOV-2020,422.9,436.0,416.5,430.7,389432,102352,11693
CHEMFAB,04-NOV-2020,124.95,125.1,122.1,123.45,3316,2445,108
CHENNPETRO,04-NOV-2020,74.05,74.9,73.05,73.45,364101,117998,3026
CHOLAFIN,04-NOV-2020,297.0,302.0,290.1,293.65,6560345,1321079,77262
CHOLAHLDNG,04-NOV-2020,417.25,417.25,395.0,402.65,96000,82514,3486
CIGNITITEC,04-NOV-2020,457.15,460.6,448.55,452.5,27233,20062,798
CINELINE,04-NOV-2020,28.0,29.2,27.6,28.5,648055,155958,4875
CIPLA,04-NOV-2020,757.8,783.8,757.2,781.15,9035451,1102331,140579
CLNINDIA,04-NOV-2020,296.0,311.6,292.0,299.7,18324,10303,1099
CMICABLES,04-NOV-2020,33.55,34.9,33.25,34.3,4355,2550,76
CNOVAPETRO,04-NOV-2020,6.55,6.55,6.55,6.55,60,60,2
COALINDIA,04-NOV-2020,116.5,116.5,113.7,114.8,7382741,1382316,31539
COCHINSHIP,04-NOV-2020,337.65,338.95,333.6,334.25,105062,73709,2259
COFORGE,04-NOV-2020,2142.1,2229.4,2142.05,2183.75,832575,125467,43501
COLPAL,04-NOV-2020,1495.0,1511.8,1462.05,1474.9,1043556,636873,36673
COMPINFO,04-NOV-2020,14.0,14.2,13.65,13.8,66646,15763,213
COMPUSOFT,04-NOV-2020,7.25,7.25,7.0,7.15,12357,9780,94
CONCOR,04-NOV-2020,400.0,401.7,395.3,397.95,1393413,743578,42487
CONFIPET,04-NOV-2020,27.7,28.0,26.55,27.0,123822,55230,781
CONSOFINVT,04-NOV-2020,33.35,33.5,33.35,33.35,298,222,5
CONTROLPR,04-NOV-2020,219.45,219.95,213.65,216.2,3787,2357,187
CORALFINAC,04-NOV-2020,19.45,19.45,18.65,19.05,5453,3121,52
CORDSCABLE,04-NOV-2020,39.4,39.9,39.05,39.1,3084,2677,47
COROMANDEL,04-NOV-2020,735.0,750.0,727.0,744.45,465877,263162,25412
COSMOFILMS,04-NOV-2020,444.0,444.75,430.0,431.3,70521,49209,3655
COUNCODOS,04-NOV-2020,3.6,3.6,3.6,3.6,4479,4479,13
CPSEETF,04-NOV-2020,16.65,16.75,16.33,16.48,757995,665795,5456
CREATIVE,04-NOV-2020,135.6,141.0,130.75,132.85,29906,10957,198
CREDITACC,04-NOV-2020,639.9,639.9,616.3,624.3,93639,54843,15129
CREST,04-NOV-2020,84.0,90.05,81.35,87.75,71889,30641,1410
CRISIL,04-NOV-2020,2012.75,2039.45,1945.0,1954.75,30365,6386,3713
CROMPTON,04-NOV-2020,295.55,310.0,295.0,307.8,1126010,532859,43164
CSBBANK,04-NOV-2020,233.1,237.75,232.05,236.75,67176,38432,1612
CTE,04-NOV-2020,27.75,29.1,27.7,28.0,4870,2174,111
CUB,04-NOV-2020,156.75,161.25,156.1,158.5,1109584,438586,17633
CUBEXTUB,04-NOV-2020,11.25,11.25,11.0,11.15,593,587,9
CUMMINSIND,04-NOV-2020,449.65,449.65,438.0,440.15,511546,141437,7850
CUPID,04-NOV-2020,206.55,212.0,206.55,211.25,42702,22106,1504
CYBERTECH,04-NOV-2020,77.0,78.9,76.7,77.7,68106,30153,1111
CYIENT,04-NOV-2020,411.0,419.45,402.0,408.1,224089,108591,11553
DAAWAT,04-NOV-2020,49.45,50.7,49.0,50.05,695817,347860,3665
DABUR,04-NOV-2020,524.0,530.0,517.35,518.45,7074924,1249879,70019
DALBHARAT,04-NOV-2020,841.0,850.2,826.85,831.4,90469,58085,7593
DALMIASUG,04-NOV-2020,128.9,131.3,126.0,128.2,23281,13338,751
DAMODARIND,04-NOV-2020,22.25,23.0,22.0,22.2,2590,1561,25
DATAMATICS,04-NOV-2020,71.1,74.95,71.1,72.0,140895,57634,1506
DBCORP,04-NOV-2020,74.7,74.85,72.9,73.6,39458,24386,670
DBL,04-NOV-2020,334.5,334.5,327.0,329.25,42650,19129,1062
DBREALTY,04-NOV-2020,6.65,7.0,6.6,6.7,117149,63800,339
DBSTOCKBRO,04-NOV-2020,8.9,9.3,8.5,9.0,640,636,15
DCAL,04-NOV-2020,143.4,144.4,140.5,141.95,150661,44013,2512
DCBBANK,04-NOV-2020,80.8,81.0,79.35,79.95,656490,227326,4631
DCM,04-NOV-2020,17.6,18.0,17.3,17.4,13066,8692,96
DCMNVL,04-NOV-2020,26.0,28.25,25.6,27.05,38083,15791,282
DCMSHRIRAM,04-NOV-2020,323.0,326.65,317.25,321.7,86316,55727,5075
DCW,04-NOV-2020,14.0,14.2,13.75,13.9,173511,133704,480
DECCANCE,04-NOV-2020,311.0,318.4,306.4,313.55,32115,15597,1126
DEEPAKFERT,04-NOV-2020,147.5,149.0,142.75,144.15,660587,217183,6705
DEEPAKNTR,04-NOV-2020,718.5,723.9,705.65,711.55,522012,223453,23288
DEEPENR,04-NOV-2020,64.2,68.05,64.2,66.65,13938,8023,242
DELTACORP,04-NOV-2020,112.6,114.05,110.6,111.7,909730,355676,7884
DELTAMAGNT,04-NOV-2020,17.75,18.6,17.7,18.5,4254,3124,44
DEN,04-NOV-2020,70.0,70.25,67.5,68.65,58212,29174,1052
DENORA,04-NOV-2020,193.0,214.0,192.65,209.0,17895,6917,1340
DFMFOODS,04-NOV-2020,339.5,339.5,331.5,335.35,10319,7449,498
DHAMPURSUG,04-NOV-2020,139.1,140.5,136.5,138.1,205691,81607,3205
DHANBANK,04-NOV-2020,12.15,12.15,11.7,11.9,433752,274268,825
DHANI,04-NOV-2020,190.0,193.7,186.0,188.8,219033,139871,2769
DHANUKA,04-NOV-2020,730.75,733.0,716.0,720.9,23261,11678,1623
DHARSUGAR,04-NOV-2020,4.2,4.35,4.15,4.35,3418,3028,17
DHFL,04-NOV-2020,15.85,16.55,15.5,15.9,1622051,698528,2815
DHUNINV,04-NOV-2020,231.95,243.2,230.45,238.9,1193,750,222
DIAMONDYD,04-NOV-2020,598.95,608.9,597.0,602.35,1448,840,201
DICIND,04-NOV-2020,360.55,367.0,360.55,364.9,5962,2331,316
DIGISPICE,04-NOV-2020,7.1,7.15,6.65,6.65,24611,17376,79
DISHTV,04-NOV-2020,12.1,12.1,11.65,11.7,2611450,1358935,2319
DIVISLAB,04-NOV-2020,3120.75,3210.1,3105.15,3196.2,1479510,286792,66721
DIXON,04-NOV-2020,9509.65,9595.0,9500.0,9556.55,12817,6546,5033
DLF,04-NOV-2020,163.65,164.65,160.05,162.8,8663963,2045058,52923
DLINKINDIA,04-NOV-2020,102.7,105.0,99.5,100.0,134736,75540,2685
DMART,04-NOV-2020,2210.05,2300.0,2210.05,2290.8,698833,281099,42509
DNAMEDIA,04-NOV-2020,0.4,0.4,0.35,0.35,1059,1059,8
DOLAT,04-NOV-2020,45.15,45.9,44.9,45.2,22289,14992,319
DOLLAR,04-NOV-2020,136.25,138.5,136.0,137.95,33859,24292,527
DONEAR,04-NOV-2020,23.8,24.1,23.6,24.05,4623,3324,83
DPABHUSHAN,04-NOV-2020,113.95,114.9,105.35,109.45,32458,13252,556
DPSCLTD,04-NOV-2020,12.0,12.15,11.7,12.05,7845,3923,73
DPWIRES,04-NOV-2020,67.05,73.0,67.05,71.65,689,526,68
DQE,04-NOV-2020,1.2,1.2,1.15,1.15,13018,13018,26
DREDGECORP,04-NOV-2020,235.05,237.9,234.1,234.6,18106,8809,524
DRREDDY,04-NOV-2020,4901.75,4964.8,4877.4,4935.6,1521480,246288,75699
DSSL,04-NOV-2020,40.0,40.8,38.0,38.1,18973,9102,370
DTIL,04-NOV-2020,288.05,293.05,281.4,284.85,4881,3773,268
DUCON,04-NOV-2020,3.85,4.0,3.85,4.0,71229,56346,80
DWARKESH,04-NOV-2020,27.95,28.25,27.35,27.45,403984,241495,1462
DYNAMATECH,04-NOV-2020,680.0,680.0,663.35,669.75,3026,2049,522
DYNPRO,04-NOV-2020,222.5,225.85,218.0,219.8,34491,17887,1356
EASTSILK,04-NOV-2020,1.0,1.0,0.95,0.95,114,114,4
EBBETF0423,04-NOV-2020,1097.5,1098.5,1097.5,1097.81,2665,2665,30
EBBETF0425,04-NOV-2020,1014.05,1014.95,1013.6,1013.67,2388,2327,36
EBBETF0430,04-NOV-2020,1123.01,1125.57,1123.0,1124.75,5680,3759,55
EBBETF0431,04-NOV-2020,1014.0,1015.99,1012.01,1014.91,15435,10223,70
EBIXFOREX,04-NOV-2020,316.9,316.95,300.0,309.65,2149,1650,142
ECLERX,04-NOV-2020,673.2,683.3,670.65,675.4,15938,7210,2164
EDELWEISS,04-NOV-2020,50.0,53.0,49.95,53.0,5171640,4025991,8278
EICHERMOT,04-NOV-2020,2093.0,2124.95,2070.0,2097.4,1114904,160295,59536
EIDPARRY,04-NOV-2020,272.25,278.15,272.05,274.45,78965,28777,2211
EIHAHOTELS,04-NOV-2020,223.3,234.0,223.3,226.8,2385,961,178
EIHOTEL,04-NOV-2020,74.55,75.25,73.7,74.1,121123,65691,1609
EIMCOELECO,04-NOV-2020,303.2,310.0,287.0,292.5,3815,2329,276
ELECON,04-NOV-2020,22.35,22.35,21.45,22.0,115804,74508,902
ELECTCAST,04-NOV-2020,20.85,20.85,19.1,19.9,718804,353455,2334
ELECTHERM,04-NOV-2020,91.65,91.65,89.0,89.4,4632,2849,135
ELGIEQUIP,04-NOV-2020,108.0,108.5,106.65,108.0,10533,6902,361
ELGIRUBCO,04-NOV-2020,16.85,16.85,16.25,16.6,10050,7703,81
EMAMILTD,04-NOV-2020,377.75,378.35,365.35,371.3,397137,170440,18258
EMAMIPAP,04-NOV-2020,63.0,64.4,63.0,63.4,1447,748,121
EMKAY,04-NOV-2020,64.65,64.7,60.2,62.45,14959,7242,173
EMMBI,04-NOV-2020,72.45,72.45,70.25,70.95,22773,18295,346
ENDURANCE,04-NOV-2020,1055.0,1068.9,1040.15,1049.8,40075,22689,3435
ENERGYDEV,04-NOV-2020,5.2,5.4,5.0,5.15,14798,12141,56
ENGINERSIN,04-NOV-2020,64.6,64.6,63.8,64.25,351864,149733,3801
ENIL,04-NOV-2020,142.0,146.25,141.85,144.75,12856,10481,154
EPL,04-NOV-2020,255.0,258.0,252.3,253.4,64522,47619,3877
EQ30,04-NOV-2020,343.62,354.95,343.62,343.62,168,21,12
EQUITAS,04-NOV-2020,44.7,44.9,40.2,41.5,9605086,4705307,26802
EQUITASBNK,04-NOV-2020,32.95,33.1,32.0,32.7,1667520,1256072,8244
ERIS,04-NOV-2020,520.0,520.65,498.8,507.75,82056,50128,3665
ESABINDIA,04-NOV-2020,1334.4,1341.95,1316.05,1334.65,1655,1051,320
ESCORTS,04-NOV-2020,1240.0,1243.9,1218.4,1232.35,1285385,190590,34973
ESTER,04-NOV-2020,113.8,114.7,106.65,109.7,470933,174036,7397
EVEREADY,04-NOV-2020,132.2,135.5,132.2,133.1,17415,11730,371
EVERESTIND,04-NOV-2020,235.0,242.0,227.6,233.8,279926,115056,7645
EXCEL,04-NOV-2020,1.1,1.15,1.05,1.15,25044,14712,23
EXCELINDUS,04-NOV-2020,869.1,887.25,855.2,861.5,13353,5673,2176
EXIDEIND,04-NOV-2020,160.15,163.5,159.15,163.0,2222795,409186,17887
EXPLEOSOL,04-NOV-2020,511.4,529.05,506.85,510.25,26775,8124,2400
FACT,04-NOV-2020,47.9,48.35,46.75,47.1,83114,37333,990
FCL,04-NOV-2020,31.4,34.8,31.4,33.7,1179872,490426,4690
FCONSUMER,04-NOV-2020,7.2,7.2,6.8,7.0,4976232,1704223,3113
FCSSOFT,04-NOV-2020,0.45,0.45,0.4,0.45,513539,418790,340
FDC,04-NOV-2020,330.95,339.45,317.9,323.8,207096,123432,7280
FEDERALBNK,04-NOV-2020,53.0,53.4,51.25,52.7,41397509,7103052,58755
FEL,04-NOV-2020,9.25,9.25,8.85,9.1,366435,260888,886
FELDVR,04-NOV-2020,11.4,12.0,11.1,11.75,23830,17386,106
FIEMIND,04-NOV-2020,497.95,505.5,496.0,499.7,7355,2861,535
FILATEX,04-NOV-2020,27.65,27.65,26.5,27.4,208502,89594,888
FINCABLES,04-NOV-2020,273.6,276.0,272.9,273.85,39681,23506,1550
FINEORG,04-NOV-2020,2506.0,2550.0,2464.0,2478.9,29473,12387,5339
FINPIPE,04-NOV-2020,550.2,556.15,546.0,548.85,17620,8220,1126
FLFL,04-NOV-2020,75.0,76.5,74.0,74.45,182822,64703,1617
FLUOROCHEM,04-NOV-2020,469.2,478.0,462.05,473.55,5213,3659,375
FMGOETZE,04-NOV-2020,249.0,261.45,248.9,254.2,48165,19555,1982
FMNL,04-NOV-2020,15.25,15.65,15.1,15.15,12164,7452,177
FORCEMOT,04-NOV-2020,1027.05,1035.05,1016.05,1020.8,7199,3331,947
FORTIS,04-NOV-2020,130.8,130.8,127.0,127.6,650432,313989,4222
FOSECOIND,04-NOV-2020,1160.05,1169.35,1150.0,1160.95,398,259,94
FRETAIL,04-NOV-2020,70.3,71.35,69.2,70.05,1475820,643784,9717
FSC,04-NOV-2020,83.25,85.9,83.1,84.45,85945,33221,1498
FSL,04-NOV-2020,69.3,70.75,68.7,70.45,2629284,1032103,15526
GABRIEL,04-NOV-2020,93.4,98.6,93.05,98.05,299964,200546,2965
GAEL,04-NOV-2020,115.05,115.05,111.1,112.15,51503,29681,927
GAIL,04-NOV-2020,84.5,84.65,83.05,83.35,9953718,2362462,30347
GALAXYSURF,04-NOV-2020,1650.0,1699.0,1630.95,1695.45,13057,5669,2446
GALLANTT,04-NOV-2020,33.85,35.8,31.15,33.3,86039,35650,703
GALLISPAT,04-NOV-2020,27.35,28.85,27.3,28.45,9166,6796,75
GAMMNINFRA,04-NOV-2020,0.6,0.6,0.55,0.6,602713,516021,163
GANDHITUBE,04-NOV-2020,207.55,210.0,200.05,205.25,498,321,58
GANECOS,04-NOV-2020,265.4,265.4,261.0,262.75,1847,1357,78
GANESHHOUC,04-NOV-2020,24.55,24.9,24.2,24.25,3690,3484,71
GANGESSECU,04-NOV-2020,39.5,39.65,39.5,39.65,80,80,3
GARFIBRES,04-NOV-2020,1927.5,1999.0,1902.6,1965.65,19415,8023,2905
GATI,04-NOV-2020,59.55,63.0,59.5,61.5,442963,115974,3460
GAYAPROJ,04-NOV-2020,20.75,21.05,20.1,21.05,260306,223391,421
GDL,04-NOV-2020,94.45,94.55,92.3,93.45,42404,28395,793
GEECEE,04-NOV-2020,74.15,75.6,72.05,72.85,9702,2054,649
GENUSPAPER,04-NOV-2020,4.9,4.9,4.7,4.75,71226,46429,88
GENUSPOWER,04-NOV-2020,26.05,27.15,25.3,26.85,130743,62275,958
GEOJITFSL,04-NOV-2020,41.0,41.45,40.15,40.35,670438,401873,2673
GEPIL,04-NOV-2020,186.95,194.95,177.1,194.25,1404902,549849,27953
GESHIP,04-NOV-2020,218.95,222.0,215.6,220.1,105969,68835,4219
GET&D,04-NOV-2020,81.95,83.5,80.0,80.6,38322,21882,823
GFLLIMITED,04-NOV-2020,78.35,82.45,78.3,80.45,80047,67850,391
GHCL,04-NOV-2020,150.15,151.75,148.05,148.75,92122,49290,2481
GICHSGFIN,04-NOV-2020,103.8,104.35,101.2,102.65,285181,72643,3735
GICRE,04-NOV-2020,122.3,124.0,120.15,121.95,105630,61758,1897
GILLANDERS,04-NOV-2020,28.05,29.0,28.05,28.8,1343,1343,7
GILLETTE,04-NOV-2020,5288.55,5380.05,5288.55,5361.05,3314,2023,868
GINNIFILA,04-NOV-2020,11.9,12.2,11.65,11.65,8904,6195,61
GIPCL,04-NOV-2020,66.0,66.45,65.4,65.95,31598,21905,370
GKWLIMITED,04-NOV-2020,441.0,459.8,441.0,455.85,31,19,15
GLAXO,04-NOV-2020,1409.0,1426.5,1391.0,1395.4,42381,28568,4434
GLENMARK,04-NOV-2020,484.9,502.65,481.85,497.7,5118375,920628,64206
GLFL,04-NOV-2020,2.35,2.35,2.3,2.35,2862,2860,9
GLOBALVECT,04-NOV-2020,46.5,46.7,44.05,44.6,10819,6387,273
GLOBE,04-NOV-2020,55.35,55.35,53.75,53.9,8417,1825,40
GLOBUSSPR,04-NOV-2020,297.0,301.65,292.25,294.9,133919,50201,4363
GMBREW,04-NOV-2020,380.0,385.0,376.0,383.65,23135,9483,1541
GMDCLTD,04-NOV-2020,42.2,42.6,42.0,42.25,202520,108559,1159
GMMPFAUDLR,04-NOV-2020,3499.8,3540.0,3480.0,3489.55,27719,14662,6014
GMRINFRA,04-NOV-2020,23.15,23.55,22.95,23.05,11013667,1279848,23993
GNA,04-NOV-2020,228.15,231.9,227.05,228.7,11380,5615,621
GNFC,04-NOV-2020,204.0,206.0,200.05,202.0,260995,121718,4470
GOACARBON,04-NOV-2020,208.0,212.5,207.9,209.95,15097,8136,736
GOCLCORP,04-NOV-2020,176.5,176.5,171.15,171.7,3236,1717,198
GODFRYPHLP,04-NOV-2020,870.0,878.8,861.05,864.3,19914,8465,2352
GODREJAGRO,04-NOV-2020,525.9,535.0,519.95,524.6,62677,26668,4075
GODREJCP,04-NOV-2020,668.55,679.55,665.35,676.05,755755,161558,14791
GODREJIND,04-NOV-2020,354.3,363.0,352.0,361.05,64119,31295,3656
GODREJPROP,04-NOV-2020,1010.0,1025.7,967.75,978.35,2904594,332418,92192
GOKEX,04-NOV-2020,70.0,72.85,69.1,70.2,75282,36814,850
GOKUL,04-NOV-2020,12.6,13.15,12.15,13.1,34249,18243,207
GOKULAGRO,04-NOV-2020,12.65,13.9,12.5,13.9,45643,36095,195
GOLDBEES,04-NOV-2020,49.5,49.5,44.0,44.84,4364365,2851358,5759
GOLDENTOBC,04-NOV-2020,21.2,23.3,21.2,21.35,4829,2445,65
GOLDIAM,04-NOV-2020,150.45,150.45,147.25,148.0,6684,3868,335
GOLDSHARE,04-NOV-2020,4638.5,4638.5,4605.5,4618.15,542,240,177
GOODLUCK,04-NOV-2020,38.1,38.75,36.75,38.2,19727,11763,252
GOODYEAR,04-NOV-2020,787.75,817.0,780.05,799.4,13398,10924,893
GPIL,04-NOV-2020,363.9,381.9,362.0,378.4,145662,102149,3288
GPPL,04-NOV-2020,88.9,89.2,87.45,87.75,111918,67681,4369
GPTINFRA,04-NOV-2020,27.0,28.7,27.0,27.3,2725,1064,67
GRANULES,04-NOV-2020,374.95,378.0,370.0,376.05,560180,335356,12471
GRAPHITE,04-NOV-2020,176.9,178.9,175.0,175.95,280491,93868,5648
GRASIM,04-NOV-2020,790.4,795.0,778.7,783.1,1499152,571472,25315
GRAVITA,04-NOV-2020,42.5,43.0,42.0,42.05,24170,16220,211
GREAVESCOT,04-NOV-2020,66.65,68.55,66.4,66.85,515460,235909,5889
GREENLAM,04-NOV-2020,757.0,770.45,750.1,763.95,4020,2294,312
GREENPANEL,04-NOV-2020,79.95,81.35,76.6,78.7,122565,89947,990
GREENPLY,04-NOV-2020,80.45,81.9,78.4,80.5,878313,542181,5057
GREENPOWER,04-NOV-2020,2.15,2.15,2.0,2.05,1635186,907768,625
GRINDWELL,04-NOV-2020,549.45,570.0,543.9,546.6,13308,8766,872
GRPLTD,04-NOV-2020,830.05,838.0,800.0,812.0,1384,261,357
GRSE,04-NOV-2020,191.5,192.9,189.0,189.35,25299,12980,738
GSCLCEMENT,04-NOV-2020,33.0,33.65,30.4,32.15,242401,143168,1286
GSFC,04-NOV-2020,66.3,67.15,65.1,66.3,1880627,728179,5703
GSPL,04-NOV-2020,186.0,187.9,184.65,187.05,250749,165069,3992
GSS,04-NOV-2020,38.8,38.8,36.25,36.9,34684,19825,380
GTL,04-NOV-2020,3.05,3.15,2.9,2.9,127502,93255,267
GTLINFRA,04-NOV-2020,0.65,0.65,0.6,0.65,1039515,551919,564
GTNIND,04-NOV-2020,6.3,6.85,6.3,6.6,119,118,6
GTNTEX,04-NOV-2020,5.35,5.35,5.35,5.35,223,223,1
GTPL,04-NOV-2020,116.25,116.25,111.7,112.3,55806,33652,1000
GUFICBIO,04-NOV-2020,106.8,113.1,105.75,110.1,351432,168692,4863
GUJALKALI,04-NOV-2020,315.0,317.8,313.8,315.8,27033,14487,1150
GUJAPOLLO,04-NOV-2020,210.05,213.8,204.5,206.2,6448,1444,680
GUJGASLTD,04-NOV-2020,296.0,298.65,293.5,296.55,149215,62333,4129
GULFOILLUB,04-NOV-2020,667.6,675.0,660.5,670.7,12007,6713,1277
GULFPETRO,04-NOV-2020,33.8,34.35,33.1,33.35,9126,6128,239
GULPOLY,04-NOV-2020,74.9,77.0,70.2,72.75,406821,192847,4846
GVKPIL,04-NOV-2020,2.85,2.85,2.75,2.8,667932,450028,12618
HAL,04-NOV-2020,670.0,675.0,658.0,660.9,253479,102728,14414
HAPPSTMNDS,04-NOV-2020,338.9,353.0,337.8,349.85,2053118,623663,39547
HARITASEAT,04-NOV-2020,406.1,406.1,402.35,405.05,81,33,20
HARRMALAYA,04-NOV-2020,95.0,96.8,91.75,93.0,50763,10476,927
HATSUN,04-NOV-2020,813.15,818.05,802.2,810.2,8757,4821,1205
HAVELLS,04-NOV-2020,781.6,814.9,772.3,808.05,4845777,699900,80746
HBANKETF,04-NOV-2020,254.44,256.82,249.13,255.6,11582,10580,284
HBLPOWER,04-NOV-2020,18.9,19.0,18.1,18.2,326547,193231,1048
HBSL,04-NOV-2020,5.15,5.15,5.15,5.15,15,15,1
HCC,04-NOV-2020,4.85,4.9,4.8,4.85,653634,460731,871
HCG,04-NOV-2020,121.0,124.7,119.15,120.55,39683,11059,983
HCL-INSYS,04-NOV-2020,7.55,7.9,7.5,7.55,255930,147894,588
HCLTECH,04-NOV-2020,812.2,841.75,810.6,815.15,10077502,3282751,206966
HDFC,04-NOV-2020,2111.1,2134.95,2056.4,2088.2,5214238,2416866,228842
HDFCAMC,04-NOV-2020,2277.8,2280.0,2236.6,2264.3,137102,84782,14113
HDFCBANK,04-NOV-2020,1252.0,1264.8,1230.0,1257.4,11702411,4604207,245494
HDFCLIFE,04-NOV-2020,591.1,603.9,591.1,594.25,1919838,830813,53411
HDFCMFGETF,04-NOV-2020,4608.5,4611.0,4581.1,4593.95,5020,2671,555
HDFCNIFETF,04-NOV-2020,1245.0,1255.99,1244.11,1252.77,2941,2813,73
HDFCSENETF,04-NOV-2020,4285.0,4335.99,4285.0,4330.0,95,83,35
HEG,04-NOV-2020,689.8,696.0,681.0,688.05,109515,22650,5964
HEIDELBERG,04-NOV-2020,186.0,188.5,184.0,188.1,162925,90790,6651
HERCULES,04-NOV-2020,88.5,90.8,87.5,88.35,27331,12347,566
HERITGFOOD,04-NOV-2020,299.0,299.0,292.25,293.45,17914,11488,859
HEROMOTOCO,04-NOV-2020,2940.0,2978.0,2910.1,2968.0,1868196,392884,99045
HESTERBIO,04-NOV-2020,1735.05,1769.95,1725.4,1740.55,3568,2285,594
HFCL,04-NOV-2020,16.8,17.2,16.75,16.85,3250954,2005132,4176
HGINFRA,04-NOV-2020,176.65,180.2,175.0,176.0,9869,5133,464
HGS,04-NOV-2020,674.05,690.1,661.05,672.15,7600,3603,1395
HIKAL,04-NOV-2020,161.15,178.7,161.15,167.55,2047531,464840,24332
HIL,04-NOV-2020,1705.0,1738.0,1661.0,1682.65,24684,14959,1986
HILTON,04-NOV-2020,8.75,9.0,8.55,9.0,4008,2164,40
HIMATSEIDE,04-NOV-2020,120.25,123.5,120.0,121.1,103923,54381,1542
HINDALCO,04-NOV-2020,177.0,181.2,174.1,176.5,11618409,1395047,57323
HINDCOMPOS,04-NOV-2020,182.95,183.8,176.6,179.45,1242,946,87
HINDCOPPER,04-NOV-2020,32.9,33.5,32.9,33.05,191080,98899,880
HINDMOTORS,04-NOV-2020,5.0,5.0,4.8,4.9,111951,80200,226
HINDNATGLS,04-NOV-2020,25.2,26.0,25.15,25.5,15917,15773,47
HINDOILEXP,04-NOV-2020,63.5,65.6,62.4,63.05,126276,58165,2179
HINDPETRO,04-NOV-2020,186.4,188.1,181.15,186.75,6620759,2342259,37874
HINDUNILVR,04-NOV-2020,2050.0,2085.0,2049.95,2060.05,1479878,734944,78673
HINDZINC,04-NOV-2020,214.0,215.8,210.65,213.95,1035424,341815,30598
HIRECT,04-NOV-2020,122.5,124.0,121.05,122.8,4996,4538,154
HISARMETAL,04-NOV-2020,81.25,81.3,76.05,76.95,10905,3237,487
HITECH,04-NOV-2020,126.9,133.5,126.0,132.05,22345,16186,205
HITECHGEAR,04-NOV-2020,101.35,102.9,97.5,98.0,11702,9536,194
HLVLTD,04-NOV-2020,4.6,4.65,4.5,4.55,28705,17457,92
HMVL,04-NOV-2020,50.05,50.35,50.0,50.2,16884,16444,45
HNDFDS,04-NOV-2020,915.0,950.0,902.6,939.7,10014,6711,964
HNGSNGBEES,04-NOV-2020,327.0,327.0,322.0,323.17,226,217,22
HONAUT,04-NOV-2020,28345.0,30471.45,28344.95,29707.45,13217,3141,6264
HONDAPOWER,04-NOV-2020,978.7,979.5,960.1,968.1,1756,1274,249
HOVS,04-NOV-2020,28.7,31.2,28.7,29.6,3552,2382,70
HPL,04-NOV-2020,28.0,28.0,27.3,27.45,30645,21918,553
HSCL,04-NOV-2020,45.95,46.25,45.1,45.45,452773,213409,3121
HSIL,04-NOV-2020,77.95,79.95,77.0,79.35,294848,181226,2292
HUBTOWN,04-NOV-2020,10.45,10.45,9.6,10.15,69580,64855,116
HUDCO,04-NOV-2020,31.15,31.4,30.5,30.8,592873,304201,5955
IBMFNIFTY,04-NOV-2020,119.97,122.99,119.97,122.4,27,24,19
IBREALEST,04-NOV-2020,46.75,47.9,46.3,47.2,1142640,550169,4475
IBULHSGFIN,04-NOV-2020,142.2,144.85,139.1,141.65,9300589,1535831,52191
IBULISL,04-NOV-2020,52.0,53.15,50.2,51.95,109907,49239,875
ICEMAKE,04-NOV-2020,81.0,82.5,76.9,77.55,17638,12116,114
ICICI500,04-NOV-2020,159.0,159.9,158.03,159.33,331,243,49
ICICIALPLV,04-NOV-2020,124.0,126.0,123.0,123.6,1262,610,19
ICICIB22,04-NOV-2020,25.26,25.26,24.89,25.16,102017,72562,3458
ICICIBANK,04-NOV-2020,437.3,442.0,425.3,437.05,43426662,14612746,379209
ICICIBANKN,04-NOV-2020,259.0,259.0,249.86,255.88,8785,3114,362
ICICIBANKP,04-NOV-2020,140.88,144.0,138.03,141.49,121949,71254,1748
ICICIGI,04-NOV-2020,1226.15,1238.35,1220.2,1231.3,275034,175281,19133
ICICIGOLD,04-NOV-2020,45.99,45.99,44.71,45.66,39095,31191,650
ICICILIQ,04-NOV-2020,1000.0,1000.0,999.99,999.99,5748,5137,22
ICICILOVOL,04-NOV-2020,106.0,106.0,96.0,100.42,8073,7821,107
ICICIM150,04-NOV-2020,65.87,66.5,65.87,66.5,1381,1280,16
ICICIMCAP,04-NOV-2020,67.67,67.67,65.75,66.47,3357,1758,95
ICICINF100,04-NOV-2020,127.98,129.54,127.98,128.8,2312,1317,81
ICICINIFTY,04-NOV-2020,129.67,129.67,123.86,126.09,82276,45913,2578
ICICINV20,04-NOV-2020,60.97,60.97,56.77,60.21,15511,12687,212
ICICINXT50,04-NOV-2020,28.7,28.7,27.39,28.08,37656,24022,132
ICICIPRULI,04-NOV-2020,409.7,410.0,404.2,409.7,1470667,664376,25359
ICICISENSX,04-NOV-2020,432.32,438.5,432.0,435.42,1625,829,86
ICICITECH,04-NOV-2020,212.0,214.8,211.17,212.61,20927,15214,88
ICIL,04-NOV-2020,160.4,163.9,152.0,159.75,367225,253003,6995
ICRA,04-NOV-2020,2772.65,2800.05,2722.1,2734.15,832,516,187
IDBI,04-NOV-2020,36.2,36.9,35.6,35.85,1481643,345318,8055
IDBIGOLD,04-NOV-2020,4654.95,4717.9,4626.35,4631.5,34,17,20
IDEA,04-NOV-2020,8.5,8.6,8.35,8.4,73165683,30915554,133026
IDFC,04-NOV-2020,30.2,30.2,29.25,29.7,3333804,2089615,11404
IDFCFIRSTB,04-NOV-2020,30.3,30.75,30.0,30.6,23009640,3623875,54325
IDFNIFTYET,04-NOV-2020,123.5,123.5,120.2,122.86,13,5,7
IEX,04-NOV-2020,186.3,187.65,181.0,181.25,823532,501350,15326
IFBAGRO,04-NOV-2020,334.95,339.05,334.95,336.35,1397,890,107
IFBIND,04-NOV-2020,699.0,718.05,699.0,704.3,22426,12444,1208
IFCI,04-NOV-2020,5.85,5.85,5.75,5.75,668408,368755,81257
IFGLEXPOR,04-NOV-2020,138.55,145.25,138.55,143.45,2663,2428,140
IGARASHI,04-NOV-2020,274.0,276.75,268.0,271.85,10942,6323,543
IGL,04-NOV-2020,407.0,413.55,405.15,406.7,1386082,314684,28451
IGPL,04-NOV-2020,281.0,284.0,266.0,268.95,23304,12570,1053
IIFL,04-NOV-2020,80.5,85.5,80.15,83.2,1881308,617707,11910
IIFLSEC,04-NOV-2020,38.45,38.7,38.05,38.15,334336,235738,941
IIFLWAM,04-NOV-2020,900.0,907.35,895.0,897.65,113791,111442,1661
IMAGICAA,04-NOV-2020,3.8,3.95,3.8,3.9,13571,9750,86
IMFA,04-NOV-2020,256.9,261.95,251.95,258.2,11963,6952,799
IMPAL,04-NOV-2020,511.95,528.0,508.05,519.8,879,516,165
INDBANK,04-NOV-2020,8.55,8.65,8.3,8.35,27809,17142,139
INDHOTEL,04-NOV-2020,95.55,97.6,95.1,96.6,686035,179543,7706
INDIACEM,04-NOV-2020,116.95,119.7,116.5,118.9,447038,233271,4202
INDIAGLYCO,04-NOV-2020,272.5,273.45,268.9,269.45,26984,15254,872
INDIAMART,04-NOV-2020,4800.0,4868.8,4730.0,4852.45,24946,15895,6568
INDIANB,04-NOV-2020,59.85,59.85,58.0,58.7,539912,154325,3510
INDIANCARD,04-NOV-2020,93.3,93.3,93.3,93.3,78,78,3
INDIANHUME,04-NOV-2020,154.85,164.4,154.85,161.15,68077,19719,1643
INDIGO,04-NOV-2020,1356.85,1372.2,1323.55,1341.45,884649,213492,36752
INDLMETER,04-NOV-2020,13.45,13.45,12.8,12.8,351,351,7
INDNIPPON,04-NOV-2020,327.3,332.0,326.0,328.6,3238,2278,339
INDOCO,04-NOV-2020,257.5,259.55,251.55,255.3,39791,21701,1868
INDORAMA,04-NOV-2020,23.75,24.75,22.65,24.75,5104798,4413138,713
INDOSTAR,04-NOV-2020,294.0,294.0,290.0,292.25,11105,9364,321
INDOTECH,04-NOV-2020,85.7,89.0,85.7,87.95,1299,621,38
INDOTHAI,04-NOV-2020,19.25,19.8,19.2,19.45,1552,984,31
INDOWIND,04-NOV-2020,2.75,2.85,2.6,2.65,13774,8235,41
INDRAMEDCO,04-NOV-2020,48.6,49.2,48.55,48.65,69069,51371,501
INDSWFTLAB,04-NOV-2020,49.0,50.75,48.05,50.7,65773,40703,364
INDTERRAIN,04-NOV-2020,28.45,28.45,27.35,27.5,53247,41307,605
INDUSINDBK,04-NOV-2020,649.6,681.0,648.0,678.05,33533745,5419526,402454
INEOSSTYRO,04-NOV-2020,518.95,522.0,515.05,517.75,3448,2427,202
INFIBEAM,04-NOV-2020,82.5,83.0,81.2,81.65,537370,369226,6093
INFOBEAN,04-NOV-2020,137.0,138.4,132.4,137.1,34615,21287,612
INFRABEES,04-NOV-2020,327.0,327.0,321.0,323.0,24,20,9
INFRATEL,04-NOV-2020,182.65,182.65,176.65,178.05,5536772,1850850,51143
INFY,04-NOV-2020,1068.0,1116.0,1066.8,1093.95,15702690,5588325,307084
INGERRAND,04-NOV-2020,573.4,578.1,568.9,571.05,6453,3020,713
INOXLEISUR,04-NOV-2020,266.85,271.8,263.25,264.25,666049,195606,12228
INOXWIND,04-NOV-2020,36.75,37.1,34.65,35.7,188392,87896,1416
INSECTICID,04-NOV-2020,450.45,461.9,449.25,451.85,12409,5710,740
INSPIRISYS,04-NOV-2020,26.6,27.05,26.0,26.05,1546,1392,41
INTELLECT,04-NOV-2020,235.1,238.65,229.45,232.7,226926,155217,3765
INTENTECH,04-NOV-2020,32.55,34.0,32.55,33.35,6016,4255,59
INVENTURE,04-NOV-2020,17.0,17.4,16.95,17.0,37626,31641,152
IOB,04-NOV-2020,9.3,9.4,9.2,9.35,935942,571259,1188
IOC,04-NOV-2020,78.0,78.5,76.85,77.95,10731410,1673008,26892
IOLCP,04-NOV-2020,645.0,654.9,645.0,650.5,135727,69799,5664
IPCALAB,04-NOV-2020,2327.15,2396.0,2319.95,2364.95,354504,176932,36031
IRB,04-NOV-2020,109.0,110.6,106.7,107.7,504860,350321,4027
IRCON,04-NOV-2020,75.5,75.9,74.75,75.3,106673,59389,1442
IRCTC,04-NOV-2020,1292.85,1308.8,1290.05,1300.55,128498,47510,9946
ISEC,04-NOV-2020,448.0,454.2,438.25,444.0,320852,154204,11710
ISFT,04-NOV-2020,70.0,71.95,68.95,70.55,9032,8714,57
ITC,04-NOV-2020,170.05,171.8,168.2,169.8,18808819,5477908,89249
ITDC,04-NOV-2020,224.0,225.0,217.5,222.05,13289,8779,615
ITDCEM,04-NOV-2020,50.0,50.4,49.1,50.05,143969,96808,1063
ITI,04-NOV-2020,116.2,117.7,113.35,114.65,195140,77746,3154
IVP,04-NOV-2020,43.0,43.0,41.1,41.4,55,40,6
IVZINGOLD,04-NOV-2020,4800.0,4800.0,4571.0,4621.05,66,23,27
IVZINNIFTY,04-NOV-2020,1278.55,1278.55,1278.55,1278.55,1,1,1
IZMO,04-NOV-2020,38.15,38.15,35.55,35.95,13545,7911,312
J&KBANK,04-NOV-2020,14.65,14.65,14.35,14.45,411937,245823,762
JAGRAN,04-NOV-2020,37.5,37.5,36.3,36.7,193720,97028,1339
JAGSNPHARM,04-NOV-2020,37.9,39.45,37.35,38.95,31692,19338,228
JAIBALAJI,04-NOV-2020,14.6,16.15,14.6,15.85,13327,10719,69
JAICORPLTD,04-NOV-2020,81.55,83.15,80.6,81.3,493084,101148,3773
JAMNAAUTO,04-NOV-2020,46.45,48.7,45.1,48.15,3296235,1249588,14209
JASH,04-NOV-2020,200.0,202.0,199.05,199.3,2104,1727,78
JAYAGROGN,04-NOV-2020,94.85,97.5,93.1,93.8,3172,1646,101
JAYBARMARU,04-NOV-2020,220.0,231.8,220.0,223.9,19560,9503,674
JAYSREETEA,04-NOV-2020,59.55,60.25,58.0,58.9,25729,12669,461
JBCHEPHARM,04-NOV-2020,979.9,992.7,971.0,981.6,89804,75241,6163
JBFIND,04-NOV-2020,7.7,7.8,7.45,7.5,60652,38276,8520
JBMA,04-NOV-2020,237.25,241.0,236.1,237.9,13246,5548,472
JCHAC,04-NOV-2020,2120.25,2167.1,2120.2,2159.4,2016,998,502
JINDALPHOT,04-NOV-2020,11.7,12.1,11.5,11.8,4713,4024,45
JINDALPOLY,04-NOV-2020,448.1,453.7,436.35,443.75,13899,9147,681
JINDALSAW,04-NOV-2020,61.3,61.3,58.8,59.8,321997,153285,2169
JINDALSTEL,04-NOV-2020,202.3,210.85,201.0,207.55,20281048,2125973,124964
JINDRILL,04-NOV-2020,69.65,71.0,69.5,69.65,2056,1547,103
JINDWORLD,04-NOV-2020,51.0,51.0,49.5,50.05,188359,29339,859
JISLDVREQS,04-NOV-2020,9.75,9.85,9.55,9.65,6894,4603,73
JISLJALEQS,04-NOV-2020,14.2,14.55,13.45,14.35,2175304,1232149,2122
JIYAECO,04-NOV-2020,8.1,8.15,7.8,7.9,24316,21887,132
JKCEMENT,04-NOV-2020,1859.0,1900.0,1790.05,1870.65,64732,34557,5264
JKIL,04-NOV-2020,104.0,105.0,102.1,104.15,47430,30887,989
JKLAKSHMI,04-NOV-2020,284.8,292.8,282.0,289.75,384819,200900,6081
JKPAPER,04-NOV-2020,87.9,88.35,87.5,88.05,371058,293706,3160
JKTYRE,04-NOV-2020,68.95,70.35,67.5,68.2,976543,363534,6331
JMA,04-NOV-2020,26.05,27.4,26.0,26.95,9466,8731,65
JMCPROJECT,04-NOV-2020,45.05,47.2,45.05,46.65,58243,31450,767
JMFINANCIL,04-NOV-2020,76.1,76.65,75.1,75.4,278807,151655,3241
JMTAUTOLTD,04-NOV-2020,2.5,2.6,2.4,2.6,394355,329236,340
JOCIL,04-NOV-2020,171.8,174.8,170.0,171.15,8721,7214,147
JPASSOCIAT,04-NOV-2020,3.85,3.9,3.8,3.85,3183354,2339926,1448
JPINFRATEC,04-NOV-2020,1.25,1.25,1.2,1.2,461471,256572,181
JPOLYINVST,04-NOV-2020,11.7,11.7,11.7,11.7,198,198,5
JPPOWER,04-NOV-2020,2.35,2.45,2.3,2.4,2751962,1856813,4976
JSL,04-NOV-2020,58.5,59.9,57.1,57.7,697309,209467,4510
JSLHISAR,04-NOV-2020,97.0,97.0,94.2,95.05,154384,66535,1487
JSWENERGY,04-NOV-2020,59.45,59.5,58.0,58.35,7034585,6321469,3177
JSWHL,04-NOV-2020,2500.05,2520.0,2398.0,2433.45,479,262,151
JSWISPL,04-NOV-2020,17.55,18.4,17.4,18.05,131006,96128,311
JSWSTEEL,04-NOV-2020,314.75,318.7,311.75,317.85,7627927,1803437,46593
JTEKTINDIA,04-NOV-2020,80.0,80.75,75.35,76.95,93744,45698,883
JUBILANT,04-NOV-2020,705.0,711.9,695.0,706.3,264327,99520,9983
JUBLFOOD,04-NOV-2020,2158.0,2195.0,2129.0,2169.05,458243,118882,21511
JUBLINDS,04-NOV-2020,129.55,131.0,128.0,128.75,6398,3753,219
JUMPNET,04-NOV-2020,33.45,33.45,33.45,33.45,6415,6415,93
JUNIORBEES,04-NOV-2020,295.0,295.0,261.4,289.07,35494,20321,1979
JUSTDIAL,04-NOV-2020,617.0,626.65,595.05,608.05,2016426,186381,44945
JYOTHYLAB,04-NOV-2020,132.0,134.95,128.0,132.3,1624632,583562,32668
KABRAEXTRU,04-NOV-2020,77.35,77.4,75.6,77.0,3962,3179,113
KAJARIACER,04-NOV-2020,574.0,579.75,569.0,574.9,121202,55991,4823
KAKATCEM,04-NOV-2020,155.5,155.5,147.3,151.45,12256,6294,486
KALPATPOWR,04-NOV-2020,252.5,254.9,246.0,250.1,164672,118381,2795
KAMATHOTEL,04-NOV-2020,29.65,30.2,29.3,29.55,14424,5763,178
KAMDHENU,04-NOV-2020,71.65,76.5,71.6,73.05,27500,10423,301
KANANIIND,04-NOV-2020,3.35,3.65,3.35,3.35,1671,1211,13
KANORICHEM,04-NOV-2020,37.0,38.35,36.6,37.3,9386,8378,166
KANSAINER,04-NOV-2020,514.5,515.65,501.6,507.1,102291,50697,9541
KAPSTON,04-NOV-2020,102.45,102.45,98.0,101.05,39,24,15
KARMAENG,04-NOV-2020,8.7,8.95,8.7,8.9,752,752,9
KARURVYSYA,04-NOV-2020,32.4,32.9,32.0,32.45,1124557,551708,3937
KAYA,04-NOV-2020,209.25,212.55,206.85,209.55,6191,4499,219
KCP,04-NOV-2020,64.55,65.15,64.1,64.15,68242,49817,758
KCPSUGIND,04-NOV-2020,14.8,14.8,14.55,14.6,47570,33098,211
KDDL,04-NOV-2020,162.8,164.95,157.7,163.45,1579,1292,103
KEC,04-NOV-2020,326.95,331.75,325.0,329.15,149702,89470,3563
KECL,04-NOV-2020,10.4,10.65,10.15,10.35,18474,12564,125
KEI,04-NOV-2020,324.2,335.0,323.45,324.8,194813,129514,5196
KELLTONTEC,04-NOV-2020,48.4,49.45,47.5,48.85,89149,52363,383
KENNAMET,04-NOV-2020,728.05,735.7,725.0,728.0,1051,810,101
KESORAMIND,04-NOV-2020,43.2,43.2,41.65,41.95,150668,71877,974
KEYFINSERV,04-NOV-2020,37.0,37.0,36.9,36.9,26,26,2
KHADIM,04-NOV-2020,115.0,115.0,110.15,111.5,26201,12930,820
KHAICHEM,04-NOV-2020,23.0,23.0,20.5,20.65,489720,143369,2363
KHANDSE,04-NOV-2020,9.75,9.95,8.75,9.0,22067,2989,115
KICL,04-NOV-2020,1255.05,1284.35,1235.95,1257.45,436,302,91
KINGFA,04-NOV-2020,596.5,619.5,591.95,615.35,5068,3409,278
KIOCL,04-NOV-2020,112.9,113.9,108.2,110.0,21331,11608,840
KIRIINDUS,04-NOV-2020,445.0,497.25,445.0,475.3,247806,74656,9438
KIRLFER,04-NOV-2020,94.05,94.05,92.5,92.85,27594,19367,750
KIRLOSBROS,04-NOV-2020,104.6,105.65,103.2,103.7,15213,8521,568
KIRLOSENG,04-NOV-2020,98.2,101.55,98.2,99.9,27662,20057,511
KIRLOSIND,04-NOV-2020,612.95,612.95,590.0,599.95,213,114,86
KITEX,04-NOV-2020,101.9,101.9,100.5,100.85,45055,28253,497
KKCL,04-NOV-2020,730.05,734.95,721.15,725.0,239,157,63
KMSUGAR,04-NOV-2020,9.95,9.95,9.65,9.75,55799,29057,194
KNRCON,04-NOV-2020,246.45,252.45,244.05,250.7,49467,28948,5489
KOKUYOCMLN,04-NOV-2020,58.0,60.95,57.65,58.6,67347,28151,1779
KOLTEPATIL,04-NOV-2020,169.8,169.8,167.0,167.4,16037,10874,437
KOPRAN,04-NOV-2020,122.65,122.65,122.65,122.65,47075,47075,461
KOTAKBANK,04-NOV-2020,1589.0,1635.8,1578.0,1630.7,5088061,1744106,167575
KOTAKBKETF,04-NOV-2020,259.0,261.58,254.4,260.29,104239,51358,928
KOTAKGOLD,04-NOV-2020,489.5,489.5,449.1,450.6,24594,13135,581
KOTAKNIFTY,04-NOV-2020,123.1,124.11,122.72,123.95,60000,27429,463
KOTAKNV20,04-NOV-2020,61.0,62.0,60.99,61.45,2934,1314,54
KOTAKPSUBK,04-NOV-2020,129.0,130.5,127.0,129.96,22296,12032,113
KOTARISUG,04-NOV-2020,13.85,13.85,13.55,13.7,4590,3097,41
KOTHARIPET,04-NOV-2020,15.1,15.15,14.45,14.55,61263,54860,191
KOTHARIPRO,04-NOV-2020,57.65,59.0,57.6,57.85,705,617,19
KPITTECH,04-NOV-2020,95.9,98.0,94.1,96.25,366516,125933,3588
KPRMILL,04-NOV-2020,737.9,745.0,725.0,733.65,29264,10290,2764
KRBL,04-NOV-2020,249.9,254.25,248.0,252.55,102393,54785,2299
KREBSBIO,04-NOV-2020,91.9,91.95,87.25,88.15,2652,1469,174
KRIDHANINF,04-NOV-2020,2.35,2.55,2.35,2.4,34730,27215,61
KSB,04-NOV-2020,444.5,458.0,443.7,456.15,20613,13549,1978
KSCL,04-NOV-2020,500.0,510.2,477.5,499.0,144879,42949,9305
KSK,04-NOV-2020,0.4,0.4,0.3,0.4,1244853,966543,266
KSL,04-NOV-2020,210.4,213.3,208.2,209.65,15659,6466,793
KTKBANK,04-NOV-2020,42.2,42.5,41.65,42.1,1034586,463008,3110
KUANTUM,04-NOV-2020,41.4,43.55,39.05,40.65,60760,38215,316
KWALITY,04-NOV-2020,2.5,2.5,2.35,2.4,229358,114022,260
L&TFH,04-NOV-2020,65.25,65.45,64.0,65.05,8498363,1102187,22018
LAKSHVILAS,04-NOV-2020,15.45,15.7,15.2,15.45,612455,241999,1004
LALPATHLAB,04-NOV-2020,2299.95,2315.0,2266.2,2290.1,407351,373095,5095
LAMBODHARA,04-NOV-2020,27.0,27.5,27.0,27.15,2658,2078,82
LAOPALA,04-NOV-2020,203.2,209.0,203.2,207.55,57204,32799,1623
LASA,04-NOV-2020,75.85,78.6,72.45,74.95,259849,70253,2541
LAURUSLABS,04-NOV-2020,292.0,296.3,270.05,277.2,9354697,3486814,130370
LAXMIMACH,04-NOV-2020,4070.35,4095.0,4050.0,4067.6,3393,1552,931
LEMONTREE,04-NOV-2020,27.2,27.95,27.2,27.55,342822,181507,1270
LGBBROSLTD,04-NOV-2020,254.5,256.0,247.05,248.2,20330,10387,888
LGBFORGE,04-NOV-2020,2.45,2.65,2.45,2.5,23353,16932,58
LIBAS,04-NOV-2020,29.05,31.1,28.5,30.75,42835,24166,267
LIBERTSHOE,04-NOV-2020,144.7,145.75,143.2,143.85,109171,36693,2126
LICHSGFIN,04-NOV-2020,300.05,302.3,292.35,295.3,2933311,687187,37616
LICNETFGSC,04-NOV-2020,21.79,21.79,21.6,21.68,1148,1134,14
LICNETFN50,04-NOV-2020,126.0,126.0,120.0,124.48,236,108,42
LICNETFSEN,04-NOV-2020,425.0,425.85,403.7,419.76,804,485,70
LICNFNHGP,04-NOV-2020,123.79,123.79,117.75,117.95,1131,664,27
LIKHITHA,04-NOV-2020,145.25,154.5,145.05,151.15,207683,74741,2200
LINCOLN,04-NOV-2020,229.9,229.9,220.15,222.65,44391,21773,1201
LINCPEN,04-NOV-2020,161.25,161.9,153.05,155.05,1228,812,99
LINDEINDIA,04-NOV-2020,820.0,837.8,820.0,826.5,14410,9095,759
LIQUIDBEES,04-NOV-2020,1002.6,1002.6,999.99,999.99,1050250,1020876,2474
LIQUIDETF,04-NOV-2020,1000.04,1000.04,999.99,1000.0,8052,6323,38
LOKESHMACH,04-NOV-2020,19.9,20.35,19.45,19.5,5864,4348,91
LOTUSEYE,04-NOV-2020,30.05,31.4,30.05,30.2,1812,1652,26
LOVABLE,04-NOV-2020,53.2,53.35,52.0,52.4,3534,2058,137
LSIL,04-NOV-2020,0.65,0.7,0.65,0.7,279638,103651,147
LT,04-NOV-2020,934.25,950.65,930.0,939.85,3369408,1046883,72403
LTI,04-NOV-2020,2950.0,3069.35,2945.0,3039.05,337813,126012,39699
LTTS,04-NOV-2020,1625.0,1747.15,1622.0,1729.35,185747,70683,15576
LUMAXIND,04-NOV-2020,1254.45,1264.4,1234.6,1247.05,2846,2153,285
LUMAXTECH,04-NOV-2020,96.1,96.2,94.35,95.1,18433,11426,377
LUPIN,04-NOV-2020,945.0,962.7,939.8,944.65,4826211,514587,64645
LUXIND,04-NOV-2020,1389.25,1438.95,1371.65,1421.6,84305,26105,4834
LYKALABS,04-NOV-2020,17.7,17.9,16.25,16.4,23127,15790,230
LYPSAGEMS,04-NOV-2020,2.95,2.95,2.65,2.85,18702,15602,52
M&M,04-NOV-2020,597.8,603.65,592.0,596.8,2475177,530358,42940
M&MFIN,04-NOV-2020,126.0,127.2,124.8,126.7,6034496,1492879,24745
M100,04-NOV-2020,18.25,18.25,17.91,18.01,29207,19862,157
M50,04-NOV-2020,116.97,117.88,115.73,117.57,464,150,38
MAANALU,04-NOV-2020,70.0,74.45,68.25,69.9,9410,4912,322
MACPOWER,04-NOV-2020,61.0,61.0,58.9,59.65,725,682,15
MADHAV,04-NOV-2020,23.85,24.5,23.85,24.5,848,648,8
MADRASFERT,04-NOV-2020,15.95,16.1,15.3,15.55,62978,38578,390
MAGADSUGAR,04-NOV-2020,101.0,104.75,101.0,103.0,12224,6129,340
MAGMA,04-NOV-2020,39.8,40.25,37.6,39.85,659999,311268,2854
MAGNUM,04-NOV-2020,4.1,4.3,4.1,4.1,9922,9899,22
MAHABANK,04-NOV-2020,11.2,11.2,11.05,11.15,515925,202025,936
MAHASTEEL,04-NOV-2020,99.7,103.95,98.1,103.0,3785,2170,185
MAHEPC,04-NOV-2020,130.0,131.8,127.0,127.7,96579,52440,2052
MAHINDCIE,04-NOV-2020,136.1,143.35,136.1,142.0,131885,68756,2777
MAHLIFE,04-NOV-2020,266.3,269.15,262.0,265.5,72372,53019,918
MAHLOG,04-NOV-2020,369.5,374.0,352.55,371.35,36605,19342,3341
MAHSCOOTER,04-NOV-2020,2822.0,2884.9,2820.3,2861.05,1799,1236,380
MAHSEAMLES,04-NOV-2020,215.3,223.45,215.3,221.5,26241,14020,743
MAITHANALL,04-NOV-2020,485.0,485.0,477.0,479.65,12710,9254,469
MAJESCO,04-NOV-2020,930.0,935.0,921.1,924.65,144711,131604,1827
MALUPAPER,04-NOV-2020,23.65,23.95,22.6,23.0,14237,11244,67
MAN50ETF,04-NOV-2020,121.1,121.4,120.2,121.39,68774,38559,83
MANAKALUCO,04-NOV-2020,7.0,7.0,6.65,6.65,7397,6093,45
MANAKCOAT,04-NOV-2020,3.95,4.05,3.85,3.85,2598,2444,20
MANAKSIA,04-NOV-2020,38.75,38.85,37.75,37.95,23205,14889,340
MANAKSTEEL,04-NOV-2020,9.7,9.7,9.4,9.65,4587,4349,48
MANALIPETC,04-NOV-2020,29.9,31.7,29.9,31.4,786883,493197,2625
MANAPPURAM,04-NOV-2020,160.0,160.5,156.6,158.8,3963626,708082,22024
MANGALAM,04-NOV-2020,146.0,146.75,140.5,144.2,39752,30753,617
MANGCHEFER,04-NOV-2020,31.8,31.8,30.15,30.4,229517,137660,1151
MANGLMCEM,04-NOV-2020,197.45,198.8,196.7,197.55,17065,10275,372
MANGTIMBER,04-NOV-2020,7.0,7.6,7.0,7.55,3696,3668,12
MANINDS,04-NOV-2020,67.45,67.45,64.5,65.25,102997,55472,1164
MANINFRA,04-NOV-2020,25.4,25.6,24.75,25.3,103506,50048,550
MANUGRAPH,04-NOV-2020,8.45,8.7,8.35,8.35,543,414,12
MANXT50,04-NOV-2020,275.6,276.0,275.0,275.0,5279,4979,20
MARALOVER,04-NOV-2020,13.7,14.45,13.4,13.5,16919,10644,118
MARATHON,04-NOV-2020,52.65,56.2,51.6,54.15,8889,6319,334
MARICO,04-NOV-2020,370.0,374.55,368.5,371.4,1965778,274041,15437
MARKSANS,04-NOV-2020,52.7,52.9,51.5,51.95,1167200,475361,5037
MARUTI,04-NOV-2020,6913.35,7054.0,6909.5,6954.05,901404,218157,92135
MASFIN,04-NOV-2020,835.0,835.0,801.3,822.65,10993,5221,1381
MASTEK,04-NOV-2020,862.0,910.0,862.0,897.65,134274,58304,6708
MATRIMONY,04-NOV-2020,645.0,660.0,630.55,655.85,6008,2808,806
MAWANASUG,04-NOV-2020,23.0,23.4,22.3,22.55,27718,24051,211
MAXHEALTH,04-NOV-2020,107.8,114.25,107.5,113.2,755686,593704,5718
MAXIND,04-NOV-2020,55.4,57.2,55.3,56.35,58346,41142,675
MAXVIL,04-NOV-2020,37.4,37.65,36.8,37.0,11084,7830,181
MAYURUNIQ,04-NOV-2020,256.8,256.8,253.0,254.7,27901,20824,594
MAZDA,04-NOV-2020,540.05,548.4,525.3,537.65,984,464,156
MAZDOCK,04-NOV-2020,166.5,167.9,165.1,165.8,719104,249382,8287
MBLINFRA,04-NOV-2020,8.8,8.9,8.5,8.7,31509,20043,121
MCDHOLDING,04-NOV-2020,24.3,24.3,22.25,22.95,14658,8501,132
MCDOWELL-N,04-NOV-2020,512.0,515.5,508.5,510.45,1134793,280507,21387
MCL,04-NOV-2020,61.95,62.0,60.05,60.8,8028,7963,11
MCX,04-NOV-2020,1660.0,1671.35,1627.0,1634.4,430234,311935,18514
MEGH,04-NOV-2020,69.6,70.35,66.0,66.45,1195926,709631,7528
MENONBE,04-NOV-2020,48.35,49.35,47.95,48.05,37004,20385,577
MEP,04-NOV-2020,13.65,14.1,13.5,13.55,335641,172296,641
MERCATOR,04-NOV-2020,0.9,0.9,0.85,0.85,163564,122673,112
METROPOLIS,04-NOV-2020,1944.8,1992.4,1903.65,1935.7,72377,57187,4233
MFSL,04-NOV-2020,604.6,617.35,600.0,613.85,561711,179382,13611
MGL,04-NOV-2020,815.1,825.0,810.15,820.3,473079,89521,12265
MHRIL,04-NOV-2020,168.85,174.7,167.7,172.35,138636,49195,2751
MIDHANI,04-NOV-2020,180.0,183.0,177.6,178.7,90382,32200,2447
MINDACORP,04-NOV-2020,67.25,67.25,65.8,66.55,190794,92223,2305
MINDAIND,04-NOV-2020,320.0,327.9,317.95,319.0,45375,21173,1875
MINDTREE,04-NOV-2020,1329.0,1372.8,1316.05,1335.25,1407272,197291,47613
MIRCELECTR,04-NOV-2020,7.7,7.9,7.55,7.85,140051,93714,185
MIRZAINT,04-NOV-2020,48.05,48.15,46.0,46.3,550790,301169,3845
MITTAL,04-NOV-2020,12.9,12.9,12.05,12.05,27866,24224,162
MMFL,04-NOV-2020,308.1,330.0,306.95,323.6,15492,7780,931
MMP,04-NOV-2020,72.55,74.0,68.0,72.2,2693,2318,44
MMTC,04-NOV-2020,16.3,16.5,16.15,16.2,223334,71057,694
MOHOTAIND,04-NOV-2020,8.35,8.6,7.65,7.7,59772,42950,135
MOIL,04-NOV-2020,124.25,124.25,120.6,120.85,190527,123668,6349
MOLDTECH,04-NOV-2020,50.25,51.9,48.55,50.45,44232,21400,711
MOLDTKPAC,04-NOV-2020,258.45,258.9,255.05,256.15,14089,8846,748
MONTECARLO,04-NOV-2020,185.0,186.5,181.6,183.1,9307,6576,330
MORARJEE,04-NOV-2020,11.15,11.15,9.55,10.2,13318,7243,99
MOREPENLAB,04-NOV-2020,25.2,26.2,25.15,26.05,1295106,685479,3384
MOTHERSUMI,04-NOV-2020,107.0,110.65,106.9,109.75,12457729,2387309,101581
MOTILALOFS,04-NOV-2020,557.0,558.0,545.45,551.7,24107,12400,1782
MOTOGENFIN,04-NOV-2020,14.1,16.35,14.1,15.15,6741,4626,48
MPHASIS,04-NOV-2020,1369.0,1404.8,1355.35,1372.9,227574,79689,13380
MPSLTD,04-NOV-2020,360.0,360.0,355.0,359.45,4974,1632,419
MRF,04-NOV-2020,67320.25,69250.0,67223.5,68449.85,33722,7629,16253
MRO-TEK,04-NOV-2020,18.1,19.95,18.1,18.85,3356,2443,30
MRPL,04-NOV-2020,27.75,27.95,27.0,27.2,437483,239636,1633
MSPL,04-NOV-2020,6.0,6.3,5.95,6.15,567,532,29
MSTCLTD,04-NOV-2020,146.8,148.0,142.45,143.6,72292,40539,1516
MTEDUCARE,04-NOV-2020,9.0,9.8,9.0,9.05,45950,25609,134
MTNL,04-NOV-2020,9.3,9.3,9.05,9.1,366611,238924,6630
MUKANDENGG,04-NOV-2020,8.0,8.95,8.0,8.4,1483,1432,22
MUKANDLTD,04-NOV-2020,47.0,49.9,47.0,49.0,40142,32235,376
MUKTAARTS,04-NOV-2020,27.5,27.5,26.7,27.05,120950,36236,537
MUNJALAU,04-NOV-2020,55.15,55.85,54.5,54.65,103029,29887,2384
MUNJALSHOW,04-NOV-2020,139.2,142.7,136.1,140.3,143527,54743,2397
MURUDCERA,04-NOV-2020,16.0,16.85,15.8,15.95,33551,17699,260
MUTHOOTCAP,04-NOV-2020,363.0,383.0,363.0,379.6,11775,7726,496
MUTHOOTFIN,04-NOV-2020,1197.45,1213.45,1136.5,1157.35,2883865,625494,98064
N100,04-NOV-2020,838.1,860.0,835.0,852.68,50804,18973,2715
NACLIND,04-NOV-2020,40.1,40.9,39.1,40.15,140231,107542,828
NAGAFERT,04-NOV-2020,3.9,4.0,3.8,3.9,150306,95435,199
NAGREEKCAP,04-NOV-2020,5.4,5.6,5.15,5.15,1114,1114,5
NAGREEKEXP,04-NOV-2020,12.75,12.85,12.7,12.7,208,105,7
NAHARCAP,04-NOV-2020,63.75,65.0,62.0,64.5,411,411,27
NAHARINDUS,04-NOV-2020,25.15,26.2,24.35,25.9,4897,3564,82
NAHARPOLY,04-NOV-2020,77.4,78.4,73.2,74.85,23304,13474,387
NAHARSPING,04-NOV-2020,41.35,41.35,38.5,38.65,12253,11457,108
NAM-INDIA,04-NOV-2020,274.0,281.65,273.15,278.2,516682,182023,12649
NATCOPHARM,04-NOV-2020,901.3,912.6,887.85,898.85,191822,111395,6495
NATHBIOGEN,04-NOV-2020,270.5,282.45,270.45,278.05,8462,5164,507
NATIONALUM,04-NOV-2020,30.45,30.65,30.1,30.35,4567261,931931,8592
NAUKRI,04-NOV-2020,3580.0,3650.0,3557.3,3610.1,444345,98122,33326
NAVINFLUOR,04-NOV-2020,2318.0,2505.0,2307.9,2428.6,417776,139842,38109
NAVKARCORP,04-NOV-2020,24.85,25.2,24.6,24.95,47540,29851,352
NAVNETEDUL,04-NOV-2020,76.05,76.45,75.2,75.75,25142,16853,277
NBCC,04-NOV-2020,22.35,22.7,22.35,22.45,1866504,665363,4280
NBVENTURES,04-NOV-2020,51.85,51.85,51.1,51.35,112850,79586,1220
NCC,04-NOV-2020,33.85,34.5,33.6,34.25,4295198,1304622,9010
NCLIND,04-NOV-2020,129.55,132.4,129.0,131.75,217282,88044,2373
NDGL,04-NOV-2020,573.95,604.05,573.95,586.5,107,45,19
NDRAUTO,04-NOV-2020,129.55,139.35,129.55,134.35,12034,3873,227
NDTV,04-NOV-2020,29.1,29.8,28.7,29.5,12189,7765,169
NECCLTD,04-NOV-2020,7.45,7.8,7.45,7.5,17299,12448,65
NECLIFE,04-NOV-2020,18.3,18.4,17.6,17.65,240245,164506,1052
NELCAST,04-NOV-2020,56.5,56.95,55.75,56.1,28794,13412,388
NELCO,04-NOV-2020,183.0,183.3,175.0,178.8,23763,13576,912
NEOGEN,04-NOV-2020,627.95,639.4,616.0,636.3,11547,7533,835
NESCO,04-NOV-2020,490.0,508.45,490.0,503.15,52141,14513,3556
NESTLEIND,04-NOV-2020,17000.0,17200.0,16825.0,16997.1,97909,33677,26090
NETF,04-NOV-2020,139.0,139.0,133.07,135.16,242,93,28
NETFCONSUM,04-NOV-2020,56.0,56.0,53.39,54.82,5005,4003,69
NETFDIVOPP,04-NOV-2020,27.35,28.65,27.35,27.81,81,61,9
NETFIT,04-NOV-2020,21.15,21.65,20.98,21.33,1398380,1269971,2770
NETFLTGILT,04-NOV-2020,22.19,22.27,22.18,22.2,68037,65323,56
NETFMID150,04-NOV-2020,66.0,67.0,65.03,66.58,80245,49054,417
NETFNIF100,04-NOV-2020,118.3,122.0,118.01,121.07,546,396,28
NETFNV20,04-NOV-2020,62.5,63.03,62.11,62.53,1701,1678,32
NETWORK18,04-NOV-2020,33.75,33.95,33.2,33.3,306246,151332,1228
NEULANDLAB,04-NOV-2020,1260.0,1298.0,1192.6,1226.8,187753,67396,11911
NEWGEN,04-NOV-2020,247.55,256.6,245.0,246.8,60099,23695,2540
NEXTMEDIA,04-NOV-2020,4.0,4.0,4.0,4.0,503,503,3
NFL,04-NOV-2020,31.9,31.9,31.25,31.45,277293,138228,1616
NH,04-NOV-2020,330.0,338.0,328.55,335.95,131723,101512,4305
NHPC,04-NOV-2020,19.95,20.55,19.75,20.2,7562275,5484809,8418
NIACL,04-NOV-2020,100.3,100.9,99.8,100.1,52193,29251,1222
NIBL,04-NOV-2020,4.8,5.25,4.8,5.25,4401,3601,7
NIFTYBEES,04-NOV-2020,139.0,139.0,114.7,127.03,1720136,566563,8664
NIFTYEES,04-NOV-2020,14800.0,15189.0,14800.0,15189.0,4,2,4
NIITLTD,04-NOV-2020,133.2,134.9,131.85,132.85,328202,112047,4443
NILAINFRA,04-NOV-2020,3.9,3.9,3.75,3.8,92592,76058,123
NILASPACES,04-NOV-2020,1.1,1.1,1.0,1.1,258204,142565,94
NILKAMAL,04-NOV-2020,1276.4,1330.0,1265.1,1300.7,7270,2542,1380
NIPPOBATRY,04-NOV-2020,514.95,550.0,514.95,527.45,1407,1037,185
NITCO,04-NOV-2020,17.1,17.65,16.9,17.05,13966,9037,151
NITINSPIN,04-NOV-2020,51.55,51.6,48.5,49.45,50911,37950,432
NKIND,04-NOV-2020,18.1,18.1,18.1,18.1,201,201,3
NLCINDIA,04-NOV-2020,48.35,48.8,48.35,48.5,99564,64934,1174
NMDC,04-NOV-2020,86.3,86.5,84.25,85.35,3542348,1161977,14188
NOCIL,04-NOV-2020,133.5,138.9,133.5,138.0,684890,247460,6255
NOVARTIND,04-NOV-2020,620.05,625.95,616.2,619.3,3317,2498,295
NPBET,04-NOV-2020,135.7,143.0,135.14,141.79,147,139,16
NRAIL,04-NOV-2020,181.75,184.0,179.0,179.4,7583,4612,695
NRBBEARING,04-NOV-2020,67.3,68.7,66.7,67.35,70653,26190,1287
NSIL,04-NOV-2020,758.45,764.0,745.05,758.2,9,4,7
NTPC,04-NOV-2020,86.15,87.1,84.5,85.1,47519427,16548896,128095
NUCLEUS,04-NOV-2020,526.0,561.3,520.4,528.75,215118,94763,7985
NXTDIGITAL,04-NOV-2020,602.0,627.55,602.0,625.15,991,702,194
OAL,04-NOV-2020,450.15,475.0,447.95,461.95,15425,6690,842
OBEROIRLTY,04-NOV-2020,448.95,450.15,440.25,443.6,217164,106060,10669
OCCL,04-NOV-2020,808.0,814.0,777.0,804.15,6667,4223,730
OFSS,04-NOV-2020,3120.0,3148.0,3062.0,3079.85,21033,9822,2869
OIL,04-NOV-2020,84.85,84.85,84.1,84.45,186212,89735,2179
OILCOUNTUB,04-NOV-2020,5.6,5.6,5.1,5.6,137603,116437,277
OISL,04-NOV-2020,2.95,2.95,2.8,2.9,11167,10976,32
OLECTRA,04-NOV-2020,57.95,58.75,57.15,57.75,20618,14611,309
OMAXAUTO,04-NOV-2020,38.9,40.9,38.3,39.3,17271,2911,753
OMAXE,04-NOV-2020,67.0,67.35,66.0,67.05,98330,78953,692
OMKARCHEM,04-NOV-2020,6.95,7.2,6.7,6.8,40715,31345,125
OMMETALS,04-NOV-2020,16.7,16.9,16.5,16.65,22086,10798,66
ONEPOINT,04-NOV-2020,13.55,14.25,12.95,13.6,23248,18350,68
ONGC,04-NOV-2020,66.3,66.9,65.6,66.45,12479581,4554979,38603
ONMOBILE,04-NOV-2020,43.95,44.7,42.75,43.05,175805,84676,1591
ONWARDTEC,04-NOV-2020,61.45,62.75,60.15,60.75,8434,5062,265
OPTIEMUS,04-NOV-2020,96.8,96.8,96.8,96.8,6224,6224,73
OPTOCIRCUI,04-NOV-2020,7.75,7.8,7.2,7.2,987443,703294,681
ORBTEXP,04-NOV-2020,58.0,59.7,57.1,59.1,16844,11347,190
ORICONENT,04-NOV-2020,17.9,18.4,17.7,17.85,21117,14205,130
ORIENTABRA,04-NOV-2020,20.0,20.0,19.45,19.5,44356,26308,272
ORIENTALTL,04-NOV-2020,8.0,8.1,7.8,7.85,19757,12879,150
ORIENTBELL,04-NOV-2020,129.8,130.0,125.0,125.1,10015,6337,299
ORIENTCEM,04-NOV-2020,62.0,62.85,60.6,61.35,346052,181912,4607
ORIENTELEC,04-NOV-2020,215.0,216.0,205.6,208.4,80091,33771,3008
ORIENTHOT,04-NOV-2020,19.3,21.45,18.8,19.1,54988,16454,285
ORIENTPPR,04-NOV-2020,16.0,16.1,15.9,16.05,100266,65955,298
ORIENTREF,04-NOV-2020,185.05,206.9,185.0,194.15,323222,106992,6204
ORISSAMINE,04-NOV-2020,2081.0,2122.45,2080.55,2097.25,3565,1868,890
ORTINLABSS,04-NOV-2020,20.15,21.15,20.15,20.6,40159,21766,199
OSWALAGRO,04-NOV-2020,8.75,8.8,8.4,8.55,44843,27339,150
PAEL,04-NOV-2020,1.65,1.75,1.65,1.75,100,50,2
PAGEIND,04-NOV-2020,19705.0,20385.0,19705.0,20322.9,63940,31703,12151
PAISALO,04-NOV-2020,391.0,391.0,372.35,377.3,53379,9477,351
PALASHSECU,04-NOV-2020,29.25,29.25,29.25,29.25,1,1,1
PANACEABIO,04-NOV-2020,174.65,174.65,171.0,172.1,16854,10219,521
PANACHE,04-NOV-2020,43.05,44.25,43.0,44.0,6525,110,20
PANAMAPET,04-NOV-2020,52.6,52.6,51.0,51.6,51936,31341,388
PAPERPROD,04-NOV-2020,278.5,283.85,277.05,281.7,115227,73296,1531
PARACABLES,04-NOV-2020,6.85,6.9,6.55,6.6,64618,48365,197
PARAGMILK,04-NOV-2020,104.45,105.35,103.1,103.6,130457,67296,1635
PARSVNATH,04-NOV-2020,2.3,2.3,2.15,2.3,48181,31271,46
PATELENG,04-NOV-2020,10.0,10.0,9.35,9.55,144697,73685,516
PATINTLOG,04-NOV-2020,20.7,21.0,20.2,20.25,13150,9661,179
PATSPINLTD,04-NOV-2020,4.2,4.45,4.2,4.45,4105,4104,12
PCJEWELLER,04-NOV-2020,15.25,17.4,15.2,16.2,7345673,1773212,12266
PDMJEPAPER,04-NOV-2020,17.85,18.5,17.65,18.05,434388,307741,1355
PDSMFL,04-NOV-2020,360.05,377.9,359.4,369.4,76819,72068,59
PEARLPOLY,04-NOV-2020,16.4,17.25,16.4,16.9,8102,7602,14
PEL,04-NOV-2020,1299.0,1311.5,1285.2,1303.0,681446,140151,21037
PENIND,04-NOV-2020,16.25,16.25,16.0,16.1,19410,13013,159
PENINLAND,04-NOV-2020,3.85,4.05,3.85,4.05,99005,71632,149
PERSISTENT,04-NOV-2020,1114.7,1150.85,1114.05,1131.0,60537,38902,7647
PETRONET,04-NOV-2020,225.9,228.4,221.6,225.95,4355758,1825440,31256
PFC,04-NOV-2020,90.95,91.8,89.65,91.15,3316822,890133,14081
PFIZER,04-NOV-2020,4916.0,4970.0,4900.0,4930.95,34154,11535,5412
PFOCUS,04-NOV-2020,40.45,40.9,38.6,40.15,27797,16447,248
PFS,04-NOV-2020,17.3,17.75,17.0,17.1,597571,328789,1583
PGHH,04-NOV-2020,10100.1,10271.85,10100.1,10186.35,9500,8635,1400
PGHL,04-NOV-2020,5249.45,5288.0,5208.0,5230.05,11841,9316,2570
PGIL,04-NOV-2020,164.65,166.15,163.0,165.9,1358,1177,34
PHILIPCARB,04-NOV-2020,141.0,141.5,137.4,138.75,427507,144543,4767
PHOENIXLTD,04-NOV-2020,555.0,561.0,550.0,551.55,80279,46813,6935
PIDILITIND,04-NOV-2020,1570.0,1580.7,1548.15,1562.5,703182,256452,24845
PIIND,04-NOV-2020,2223.0,2298.0,2219.4,2273.95,375259,235146,22872
PILANIINVS,04-NOV-2020,1995.0,2025.5,1955.5,1971.95,1485,835,323
PILITA,04-NOV-2020,6.8,6.8,6.5,6.55,52702,50626,49
PIONDIST,04-NOV-2020,102.7,102.7,98.7,99.35,2790,2702,23
PIONEEREMB,04-NOV-2020,20.75,21.5,19.3,19.95,23445,17927,214
PITTIENG,04-NOV-2020,37.0,45.9,37.0,44.25,570326,167227,3952
PLASTIBLEN,04-NOV-2020,204.65,204.65,201.45,201.55,4983,4308,200
PNB,04-NOV-2020,27.9,27.95,26.95,27.45,46812632,4557208,43478
PNBGILTS,04-NOV-2020,43.2,43.75,42.1,42.75,466093,199364,2354
PNBHOUSING,04-NOV-2020,361.2,367.4,361.2,365.6,178884,103896,3125
PNC,04-NOV-2020,11.7,12.35,11.45,11.7,10537,5440,85
PNCINFRA,04-NOV-2020,167.6,171.4,165.7,169.55,252893,128237,5723
PODDARHOUS,04-NOV-2020,144.45,150.0,137.95,141.95,4019,1565,203
PODDARMENT,04-NOV-2020,175.55,176.8,173.2,173.7,1894,1385,72
POKARNA,04-NOV-2020,139.15,144.35,135.4,136.9,50718,32672,1201
POLYCAB,04-NOV-2020,933.3,950.0,924.75,942.15,192167,73978,8310
POLYMED,04-NOV-2020,503.0,508.95,481.7,491.5,104985,36569,6133
POLYPLEX,04-NOV-2020,743.0,760.0,743.0,749.25,68598,41868,3373
PONNIERODE,04-NOV-2020,149.15,157.0,143.55,153.05,1669,679,103
POWERGRID,04-NOV-2020,179.95,180.0,174.65,177.1,10947058,6593405,39791
POWERINDIA,04-NOV-2020,949.5,949.5,920.2,929.5,18438,8263,1054
POWERMECH,04-NOV-2020,375.0,375.0,366.75,370.2,14349,9077,640
PPAP,04-NOV-2020,226.9,230.0,215.3,218.3,27469,14160,975
PPL,04-NOV-2020,71.0,74.55,70.95,73.75,67737,46137,892
PRABHAT,04-NOV-2020,50.3,51.25,48.8,49.5,32433,22111,349
PRADIP,04-NOV-2020,0.5,0.55,0.5,0.55,9593,9593,6
PRAENG,04-NOV-2020,6.55,6.7,6.25,6.35,11030,7911,99
PRAJIND,04-NOV-2020,73.6,75.75,72.55,72.95,667132,197791,4888
PRAKASH,04-NOV-2020,42.9,43.3,42.4,42.75,126068,64481,601
PRAKASHSTL,04-NOV-2020,0.6,0.65,0.6,0.65,146370,121570,42
PRECAM,04-NOV-2020,32.95,33.2,32.35,32.55,44587,28168,256
PRECWIRE,04-NOV-2020,126.95,130.7,123.85,127.9,8591,5343,384
PREMEXPLN,04-NOV-2020,126.75,126.75,126.75,126.75,6923,6923,63
PREMIERPOL,04-NOV-2020,22.7,22.75,20.85,21.15,483,237,59
PRESSMN,04-NOV-2020,16.4,16.4,16.05,16.3,3190,2467,56
PRESTIGE,04-NOV-2020,248.35,250.9,243.4,247.75,151543,56892,4350
PRICOLLTD,04-NOV-2020,59.75,60.3,58.25,58.55,36736,28528,357
PRIMESECU,04-NOV-2020,45.5,46.45,44.15,44.75,4474,1946,146
PRINCEPIPE,04-NOV-2020,241.0,243.5,231.95,239.4,254312,126142,7364
PRIVISCL,04-NOV-2020,538.4,545.0,526.65,544.25,4265,3606,257
PROZONINTU,04-NOV-2020,15.95,16.5,15.55,15.8,61178,33487,407
PRSMJOHNSN,04-NOV-2020,75.5,75.85,73.0,75.0,346635,245911,2045
PSB,04-NOV-2020,10.5,10.6,10.5,10.6,76139,44269,247
PSPPROJECT,04-NOV-2020,395.0,396.0,385.1,390.35,47393,22494,1188
PSUBNKBEES,04-NOV-2020,14.49,14.62,14.22,14.56,162567,112801,222
PTC,04-NOV-2020,48.0,48.25,47.2,47.55,1065631,619045,6912
PTL,04-NOV-2020,38.05,38.95,37.25,38.3,87739,55614,527
PUNJABCHEM,04-NOV-2020,620.05,620.05,603.0,606.8,652,508,129
PURVA,04-NOV-2020,42.1,43.6,42.1,43.1,13501,9548,190
PVR,04-NOV-2020,1149.5,1189.8,1107.0,1115.95,5743862,351674,213648
QGOLDHALF,04-NOV-2020,2244.95,2244.95,2224.0,2225.9,435,386,45
QNIFTY,04-NOV-2020,1225.6,1225.6,1225.6,1225.6,1,1,1
QUESS,04-NOV-2020,408.0,411.75,404.0,406.75,88835,53613,5566
QUICKHEAL,04-NOV-2020,160.8,164.0,160.1,162.05,160075,49970,2513
RADICO,04-NOV-2020,427.5,442.0,426.1,439.8,313286,140901,10852
RADIOCITY,04-NOV-2020,22.1,22.75,21.95,22.35,280580,171708,904
RAIN,04-NOV-2020,103.75,103.75,100.25,100.95,432789,247004,4341
RAJESHEXPO,04-NOV-2020,444.0,448.3,442.6,443.15,38302,22322,3002
RAJRATAN,04-NOV-2020,332.3,339.0,328.0,328.65,6269,4135,335
RAJSREESUG,04-NOV-2020,12.45,12.8,12.2,12.25,2219,1685,26
RAJTV,04-NOV-2020,32.55,34.0,32.55,33.4,3439,2536,63
RALLIS,04-NOV-2020,235.0,240.4,234.65,236.85,281804,116340,5567
RAMANEWS,04-NOV-2020,12.45,12.8,12.25,12.4,21037,10294,93
RAMCOCEM,04-NOV-2020,827.0,839.75,821.0,835.85,748255,223862,17964
RAMCOIND,04-NOV-2020,193.0,196.7,187.0,188.1,79698,31240,1920
RAMCOSYS,04-NOV-2020,459.9,468.4,426.1,428.45,470242,201180,11101
RAMKY,04-NOV-2020,28.55,29.6,27.4,28.9,26958,13875,234
RANEENGINE,04-NOV-2020,187.9,195.2,187.9,192.3,2351,1346,116
RANEHOLDIN,04-NOV-2020,391.85,411.0,391.85,407.5,6179,3185,494
RATNAMANI,04-NOV-2020,1226.0,1268.0,1194.85,1261.6,31548,15625,5189
RAYMOND,04-NOV-2020,273.4,273.95,270.1,271.25,155917,55540,3435
RBL,04-NOV-2020,660.05,664.75,651.0,651.5,3864,1382,409
RBLBANK,04-NOV-2020,184.5,186.35,179.75,184.85,15003993,1117675,75004
RCF,04-NOV-2020,43.7,43.7,42.85,43.25,347301,140147,2023
RECLTD,04-NOV-2020,105.0,105.3,102.85,104.6,3493846,997446,19892
REDINGTON,04-NOV-2020,122.6,123.2,120.0,120.35,643362,563454,5604
REFEX,04-NOV-2020,47.65,47.65,45.1,46.9,22593,16968,325
RELAXO,04-NOV-2020,694.15,705.55,665.0,692.6,301898,124651,16291
RELCAPITAL,04-NOV-2020,8.7,8.95,8.5,8.55,937148,512515,1523
RELIANCE,04-NOV-2020,1837.0,1929.0,1837.0,1913.2,37003111,6665864,888904
RELIGARE,04-NOV-2020,50.75,51.0,49.8,50.0,86837,62389,587
RELINFRA,04-NOV-2020,19.6,20.3,19.6,19.75,1419516,567981,2906
REMSONSIND,04-NOV-2020,81.4,82.45,81.0,81.0,77,35,8
RENUKA,04-NOV-2020,10.1,10.2,10.05,10.1,548319,356652,533
REPCOHOME,04-NOV-2020,199.0,200.8,195.0,197.35,93217,52204,1541
REPRO,04-NOV-2020,350.0,354.9,346.25,349.6,3060,2504,94
RESPONIND,04-NOV-2020,142.85,148.95,142.65,144.5,195612,24102,2165
REVATHI,04-NOV-2020,432.95,436.05,424.05,427.7,1336,1125,67
RGL,04-NOV-2020,227.55,227.6,220.7,221.5,287,142,45
RHFL,04-NOV-2020,1.8,1.85,1.8,1.8,540119,435844,538
RICOAUTO,04-NOV-2020,29.7,29.85,28.9,29.25,223448,95901,1217
RIIL,04-NOV-2020,351.75,368.0,351.2,358.75,178546,37182,6051
RITES,04-NOV-2020,240.5,240.5,238.05,239.35,62346,33771,2116
RKDL,04-NOV-2020,6.25,6.35,6.05,6.1,4111,3251,23
RKFORGE,04-NOV-2020,370.8,379.7,365.15,369.25,35137,5995,527
RML,04-NOV-2020,196.0,197.45,194.0,194.8,2876,2019,216
RNAVAL,04-NOV-2020,2.2,2.25,2.15,2.15,2337667,1523985,684
ROLTA,04-NOV-2020,4.35,4.4,4.25,4.4,89038,72151,3392
ROML,04-NOV-2020,7.95,7.95,7.95,7.95,60,60,2
ROSSARI,04-NOV-2020,777.75,791.95,775.2,783.4,107904,68108,7509
ROSSELLIND,04-NOV-2020,130.0,132.1,128.55,129.1,2924,1665,147
ROUTE,04-NOV-2020,990.0,1029.0,990.0,990.0,348589,199501,7428
RPGLIFE,04-NOV-2020,341.0,360.35,341.0,347.35,42719,19413,1881
RPOWER,04-NOV-2020,3.15,3.3,3.1,3.2,16849574,6472031,16815
RPPINFRA,04-NOV-2020,43.9,44.6,40.4,42.85,32263,23688,198
RSSOFTWARE,04-NOV-2020,20.3,21.25,20.3,20.35,10613,5892,79
RSYSTEMS,04-NOV-2020,117.25,123.8,115.5,120.6,75818,33492,1526
RTNINFRA,04-NOV-2020,6.25,6.35,6.2,6.2,185575,114007,257
RTNPOWER,04-NOV-2020,1.95,2.0,1.95,2.0,1770680,1514119,276
RUBYMILLS,04-NOV-2020,153.05,157.05,148.05,151.55,2064,1154,153
RUCHIRA,04-NOV-2020,47.55,47.55,45.9,46.15,22794,15161,220
RUPA,04-NOV-2020,185.05,191.9,185.05,190.75,13397,10724,325
RUSHIL,04-NOV-2020,90.95,92.0,89.0,90.5,116087,109440,368
RVNL,04-NOV-2020,18.2,18.25,18.05,18.1,802493,461609,3621
S&SPOWER,04-NOV-2020,9.9,9.9,9.0,9.0,238,238,8
SABTN,04-NOV-2020,1.3,1.35,1.3,1.35,1012,1012,19
SADBHAV,04-NOV-2020,47.2,47.2,45.6,45.95,160780,105623,1002
SADBHIN,04-NOV-2020,16.0,16.15,15.9,15.95,39986,26922,183
SAFARI,04-NOV-2020,434.0,475.0,429.5,463.3,62830,28861,4404
SAGCEM,04-NOV-2020,720.0,755.0,713.35,717.85,21882,7308,1658
SAIL,04-NOV-2020,34.7,35.1,34.25,34.75,12441955,1841603,13900
SAKAR,04-NOV-2020,91.0,91.0,85.95,87.05,18142,6288,156
SAKHTISUG,04-NOV-2020,7.25,7.75,7.25,7.55,35296,24344,161
SAKSOFT,04-NOV-2020,341.0,350.8,341.0,347.3,29449,9465,2644
SAKUMA,04-NOV-2020,5.15,5.3,5.05,5.1,196826,117439,277
SALASAR,04-NOV-2020,204.65,204.7,201.7,203.8,46815,14346,465
SALONA,04-NOV-2020,83.7,85.0,75.05,76.65,53677,14871,1315
SALSTEEL,04-NOV-2020,2.6,2.7,2.5,2.7,23265,13651,40
SALZERELEC,04-NOV-2020,106.0,107.0,102.05,103.7,81777,35181,1924
SAMBHAAV,04-NOV-2020,1.9,1.95,1.9,1.95,4122,4122,9
SANCO,04-NOV-2020,14.2,14.3,13.95,14.2,48297,45876,98
SANDESH,04-NOV-2020,503.05,505.0,494.95,496.1,85,60,29
SANDHAR,04-NOV-2020,218.1,219.95,215.1,216.65,7152,4097,538
SANGAMIND,04-NOV-2020,49.0,49.3,47.6,47.75,1353,1088,38
SANGHIIND,04-NOV-2020,30.5,30.5,29.3,29.65,204730,132442,941
SANGHVIMOV,04-NOV-2020,77.05,77.75,75.55,76.3,6457,4509,117
SANGINITA,04-NOV-2020,63.25,64.45,61.1,62.75,105191,93090,244
SANOFI,04-NOV-2020,8279.4,8338.85,8221.3,8295.95,7125,4309,2388
SARDAEN,04-NOV-2020,269.9,278.0,264.45,276.1,136000,53667,4087
SAREGAMA,04-NOV-2020,685.0,738.05,670.0,678.9,189791,36142,9829
SARLAPOLY,04-NOV-2020,16.85,17.15,16.65,16.85,43380,31319,235
SASKEN,04-NOV-2020,666.9,673.8,651.05,653.15,12439,4424,1177
SASTASUNDR,04-NOV-2020,109.9,125.7,105.0,118.75,205580,94713,4528
SATIA,04-NOV-2020,103.35,103.4,99.8,100.1,37919,19221,492
SATIN,04-NOV-2020,52.5,54.6,52.3,53.25,51790,31925,530
SBICARD,04-NOV-2020,815.0,824.8,810.3,820.2,864460,440049,36841
SBIETFIT,04-NOV-2020,214.0,224.0,210.01,213.4,2818,1563,112
SBIETFPB,04-NOV-2020,143.99,143.99,138.15,141.23,6322,5961,27
SBIETFQLTY,04-NOV-2020,108.9,109.75,106.33,107.48,2152,1508,68
SBILIFE,04-NOV-2020,796.75,796.75,783.8,791.0,923658,474599,41080
SBIN,04-NOV-2020,203.5,209.0,198.05,207.0,117577856,22915206,486009
SCHAEFFLER,04-NOV-2020,3698.0,3730.0,3611.55,3703.55,6654,5126,1257
SCHAND,04-NOV-2020,64.6,64.7,62.05,63.9,12355,12026,93
SCHNEIDER,04-NOV-2020,69.5,70.5,67.6,69.05,76129,36247,2244
SCI,04-NOV-2020,51.25,51.4,49.8,49.95,1000677,481217,4211
SDBL,04-NOV-2020,23.9,23.95,23.15,23.4,36114,24526,259
SEAMECLTD,04-NOV-2020,395.0,402.0,384.8,395.15,7032,3907,436
SELAN,04-NOV-2020,100.45,102.0,99.0,100.95,13085,10220,260
SEPOWER,04-NOV-2020,2.7,2.7,2.55,2.55,13089,11035,34
SEQUENT,04-NOV-2020,144.0,145.85,141.5,143.3,489847,127128,4660
SESHAPAPER,04-NOV-2020,130.5,130.5,128.0,129.1,3177,2705,99
SETF10GILT,04-NOV-2020,206.0,206.0,201.51,202.23,75,41,9
SETFGOLD,04-NOV-2020,4598.5,4599.0,4574.45,4591.6,9586,5654,1346
SETFNIF50,04-NOV-2020,122.9,123.72,122.06,123.5,117653,73676,785
SETFNIFBK,04-NOV-2020,254.94,258.0,250.24,256.81,100341,48126,1560
SETFNN50,04-NOV-2020,284.06,288.26,283.8,287.9,13217,11410,167
SETUINFRA,04-NOV-2020,0.65,0.7,0.65,0.7,16052,12722,36
SEYAIND,04-NOV-2020,63.55,65.9,63.05,63.95,1898,1453,81
SFL,04-NOV-2020,1255.0,1267.7,1250.0,1262.7,6865,5341,886
SGL,04-NOV-2020,6.85,6.85,6.25,6.55,82668,79281,110
SHAHALLOYS,04-NOV-2020,6.2,7.05,5.95,6.25,6704,5024,24
SHALBY,04-NOV-2020,91.0,92.25,89.05,89.4,107256,39359,1681
SHALPAINTS,04-NOV-2020,68.0,69.5,67.9,68.45,52629,25471,632
SHANKARA,04-NOV-2020,313.9,315.2,307.05,309.3,11577,6771,723
SHANTIGEAR,04-NOV-2020,100.95,101.55,99.05,99.65,24687,12312,571
SHARDACROP,04-NOV-2020,270.0,271.0,264.85,267.6,12301,5645,747
SHARDAMOTR,04-NOV-2020,877.95,885.0,870.0,875.7,568,472,66
SHAREINDIA,04-NOV-2020,99.0,99.7,99.0,99.0,12702,642,33
SHARIABEES,04-NOV-2020,309.38,311.5,306.6,309.05,4222,3988,36
SHEMAROO,04-NOV-2020,54.2,54.4,53.0,53.5,27145,13149,302
SHIL,04-NOV-2020,76.0,78.0,74.05,76.95,1238601,683644,4495
SHILPAMED,04-NOV-2020,423.9,430.3,418.0,424.8,244028,100768,6279
SHIRPUR-G,04-NOV-2020,7.2,7.25,6.95,7.0,23871,19412,84
SHIVAMAUTO,04-NOV-2020,16.45,17.15,16.45,16.7,28389,18090,190
SHIVAMILLS,04-NOV-2020,23.15,23.2,22.35,22.75,303,273,8
SHIVATEX,04-NOV-2020,76.25,80.8,75.3,76.5,612,402,34
SHK,04-NOV-2020,83.95,84.9,83.0,83.45,146267,97415,2772
SHOPERSTOP,04-NOV-2020,177.9,178.1,176.55,177.05,56359,45042,777
SHRADHA,04-NOV-2020,50.0,50.0,45.5,45.5,2253,2248,27
SHREDIGCEM,04-NOV-2020,63.0,64.5,62.15,62.95,932135,309634,4581
SHREECEM,04-NOV-2020,21876.1,22077.05,21725.25,21910.35,61879,12602,15434
SHREEPUSHK,04-NOV-2020,109.0,109.0,104.0,104.4,8411,2555,1500
SHREERAMA,04-NOV-2020,6.95,7.05,6.9,6.9,34286,26077,57
SHRENIK,04-NOV-2020,5.6,6.1,5.6,6.1,913161,347039,874
SHREYANIND,04-NOV-2020,73.2,73.8,71.65,72.55,1908,1347,104
SHRIRAMCIT,04-NOV-2020,867.85,898.0,862.0,885.15,135098,114563,4631
SHRIRAMEPC,04-NOV-2020,3.65,3.65,3.5,3.5,87630,64654,118
SHYAMCENT,04-NOV-2020,3.7,3.85,3.6,3.85,6144,2072,20
SICAGEN,04-NOV-2020,11.5,11.75,11.05,11.55,12756,8705,95
SICAL,04-NOV-2020,10.05,10.5,9.75,10.15,34162,23224,141
SIEMENS,04-NOV-2020,1314.05,1337.6,1302.7,1330.55,539166,103155,25966
SIGIND,04-NOV-2020,19.05,19.5,18.7,19.0,1318,1200,33
SILINV,04-NOV-2020,133.55,140.5,133.55,133.6,779,333,72
SILLYMONKS,04-NOV-2020,22.95,22.95,22.1,22.75,1104,1102,6
SIMBHALS,04-NOV-2020,6.0,6.0,5.55,5.9,28000,24660,45
SIMPLEXINF,04-NOV-2020,29.0,29.55,28.1,29.15,175186,119791,667
SINTERCOM,04-NOV-2020,79.5,79.5,79.5,79.5,1,1,1
SIRCA,04-NOV-2020,247.35,251.2,246.0,247.05,3996,3021,207
SIS,04-NOV-2020,384.7,389.85,372.3,375.9,98830,67973,4355
SITINET,04-NOV-2020,0.6,0.65,0.55,0.55,86786786,69052604,1737
SIYSIL,04-NOV-2020,137.7,141.0,135.8,140.4,19770,11125,573
SJVN,04-NOV-2020,22.2,22.5,21.85,22.1,1186976,464804,3431
SKFINDIA,04-NOV-2020,1497.55,1499.85,1481.0,1485.45,5464,1890,958
SKIL,04-NOV-2020,2.3,2.35,2.15,2.2,383139,184619,148
SKIPPER,04-NOV-2020,46.75,47.9,45.85,46.3,29995,17566,330
SKMEGGPROD,04-NOV-2020,40.65,41.2,40.55,41.1,9385,7761,119
SMARTLINK,04-NOV-2020,71.6,72.5,70.15,70.95,11188,2972,326
SMLISUZU,04-NOV-2020,385.3,392.95,385.0,389.3,20815,13481,786
SMSLIFE,04-NOV-2020,572.4,572.8,555.0,556.45,1369,1062,176
SMSPHARMA,04-NOV-2020,84.4,84.4,81.5,81.8,81813,45355,924
SNOWMAN,04-NOV-2020,35.35,36.5,35.05,35.75,423306,237076,1596
SOBHA,04-NOV-2020,294.7,297.9,290.0,291.7,112108,41791,2742
SOLARA,04-NOV-2020,1092.0,1114.85,1075.55,1091.0,44992,24537,5322
SOLARINDS,04-NOV-2020,1009.1,1049.95,1002.05,1034.1,7456,4012,753
SOMANYCERA,04-NOV-2020,209.15,209.75,201.15,204.0,20308,12642,931
SOMICONVEY,04-NOV-2020,20.6,20.6,20.05,20.5,6467,4600,41
SONATSOFTW,04-NOV-2020,320.4,329.9,318.25,328.75,299043,115391,9876
SORILINFRA,04-NOV-2020,66.05,68.0,65.6,66.3,31649,15101,417
SOTL,04-NOV-2020,675.05,689.35,675.0,679.2,1309,1005,128
SOUTHBANK,04-NOV-2020,6.4,6.4,6.35,6.35,2245912,1651685,19759
SOUTHWEST,04-NOV-2020,44.45,44.45,41.3,41.85,29206,22882,230
SPAL,04-NOV-2020,131.85,133.45,126.6,128.6,12100,8524,369
SPANDANA,04-NOV-2020,553.4,553.4,540.45,549.15,17288,10220,1395
SPARC,04-NOV-2020,169.0,172.7,167.1,168.2,954375,153054,13057
SPECIALITY,04-NOV-2020,33.9,34.45,33.45,34.05,17225,9047,220
SPENCERS,04-NOV-2020,73.7,74.05,72.0,73.25,167655,79871,1549
SPIC,04-NOV-2020,17.5,17.5,17.25,17.3,96357,82407,175
SPICEJET,04-NOV-2020,49.0,49.5,48.7,48.9,735709,437640,3101
SPLIL,04-NOV-2020,28.45,28.8,28.25,28.6,3260,2878,48
SPMLINFRA,04-NOV-2020,8.05,8.35,8.0,8.15,293,187,17
SPTL,04-NOV-2020,2.15,2.35,2.15,2.3,2103907,995115,690
SREEL,04-NOV-2020,141.0,141.0,132.1,139.35,14789,10355,292
SREINFRA,04-NOV-2020,6.3,6.45,6.25,6.3,231912,169392,331
SRF,04-NOV-2020,4400.0,4459.0,4355.0,4443.15,157063,19620,12363
SRHHYPOLTD,04-NOV-2020,173.15,177.95,170.4,176.25,17963,15729,573
SRIPIPES,04-NOV-2020,117.05,119.5,115.3,116.85,65425,40615,1157
SRPL,04-NOV-2020,32.55,34.0,32.5,33.9,7291,855,38
SRTRANSFIN,04-NOV-2020,761.0,793.0,752.0,788.95,4549825,830728,69123
SSWL,04-NOV-2020,485.0,498.0,485.0,490.55,22360,9140,1206
STAR,04-NOV-2020,660.0,674.95,636.0,645.4,577862,152613,16758
STARCEMENT,04-NOV-2020,83.1,83.1,82.05,82.55,55268,37159,597
STARPAPER,04-NOV-2020,88.4,89.0,87.8,88.1,16798,12145,273
STCINDIA,04-NOV-2020,56.0,56.0,52.05,53.05,8944,5351,172
STEELCITY,04-NOV-2020,30.3,31.6,30.25,30.95,3185,2885,29
STEELXIND,04-NOV-2020,32.55,33.9,32.4,33.4,20139,12152,191
STEL,04-NOV-2020,53.95,54.0,52.45,53.6,4076,1632,47
STERTOOLS,04-NOV-2020,175.0,177.55,171.95,174.85,3761,2699,121
STLTECH,04-NOV-2020,143.9,146.15,142.5,144.9,420340,153272,4933
SUBROS,04-NOV-2020,280.2,283.0,272.75,279.9,38872,20681,1521
SUDARSCHEM,04-NOV-2020,435.35,449.0,435.35,440.85,68502,21559,2411
SUMEETINDS,04-NOV-2020,2.05,2.15,2.05,2.05,42737,30516,52
SUMICHEM,04-NOV-2020,272.65,275.95,272.65,274.9,210583,139168,3334
SUMIT,04-NOV-2020,8.95,8.95,8.2,8.45,9651,5521,40
SUMMITSEC,04-NOV-2020,393.95,404.0,393.95,401.4,943,475,73
SUNCLAYLTD,04-NOV-2020,1682.3,1696.65,1661.0,1664.75,567,295,178
SUNDARAM,04-NOV-2020,1.1,1.2,1.1,1.15,106154,57933,93
SUNDARMFIN,04-NOV-2020,1572.25,1598.85,1556.35,1576.85,41831,12861,4809
SUNDARMHLD,04-NOV-2020,53.2,53.85,51.65,52.2,54219,46935,543
SUNDRMBRAK,04-NOV-2020,221.9,223.9,218.0,222.5,1177,584,93
SUNDRMFAST,04-NOV-2020,432.0,444.45,420.0,440.85,214022,50422,8170
SUNFLAG,04-NOV-2020,43.95,44.1,43.0,43.3,108756,49515,810
SUNPHARMA,04-NOV-2020,499.9,518.25,495.15,504.65,48182254,7048369,491314
SUNTECK,04-NOV-2020,270.9,272.0,266.6,270.15,260956,75533,5554
SUNTV,04-NOV-2020,419.65,419.65,407.8,417.95,2475817,671905,27413
SUPERHOUSE,04-NOV-2020,85.9,86.35,83.5,83.75,4701,3588,107
SUPERSPIN,04-NOV-2020,3.4,3.45,3.25,3.45,1648,1396,13
SUPPETRO,04-NOV-2020,267.25,271.5,260.0,264.65,35031,28099,712
SUPRAJIT,04-NOV-2020,178.1,180.7,175.1,176.9,35600,19163,1856
SUPREMEIND,04-NOV-2020,1470.0,1470.0,1431.3,1438.5,24437,14661,3189
SURANASOL,04-NOV-2020,6.8,6.95,6.8,6.85,6826,5706,40
SURANAT&P,04-NOV-2020,3.8,3.85,3.75,3.8,11706,11696,24
SURYALAXMI,04-NOV-2020,16.35,17.0,16.35,16.45,258,139,23
SURYAROSNI,04-NOV-2020,221.0,239.2,218.0,235.15,365836,155780,8161
SUTLEJTEX,04-NOV-2020,27.3,27.7,27.15,27.2,4331,3032,60
SUULD,04-NOV-2020,110.0,110.0,100.25,101.95,188226,117992,861
SUVEN,04-NOV-2020,46.1,47.15,45.9,46.05,123148,64323,1123
SUVENPHAR,04-NOV-2020,319.95,331.0,315.0,329.75,1728410,1432070,14738
SUZLON,04-NOV-2020,3.2,3.2,3.2,3.2,5222129,5135673,1833
SWANENERGY,04-NOV-2020,141.5,142.25,137.65,138.85,121433,9133,2137
SWARAJENG,04-NOV-2020,1400.0,1400.0,1364.3,1374.85,2377,1568,582
SWSOLAR,04-NOV-2020,215.85,216.95,211.25,212.1,58294,28617,1573
SYMPHONY,04-NOV-2020,839.2,851.0,837.05,845.5,46447,34785,3642
SYNGENE,04-NOV-2020,547.9,550.95,533.5,546.4,297786,143372,14028
TAINWALCHM,04-NOV-2020,59.0,61.0,56.6,59.75,137391,41642,1148
TAJGVK,04-NOV-2020,128.0,128.0,125.5,126.35,26082,13539,865
TAKE,04-NOV-2020,40.4,40.7,39.95,40.05,216475,135628,2017
TALBROAUTO,04-NOV-2020,117.05,119.9,115.0,118.35,5121,3742,173
TANLA,04-NOV-2020,371.05,372.1,340.45,340.45,837430,395113,7678
TARMAT,04-NOV-2020,34.15,37.5,34.15,37.35,1319,1290,27
TASTYBITE,04-NOV-2020,10395.0,10550.0,10200.0,10291.15,881,266,554
TATACHEM,04-NOV-2020,311.6,312.2,303.0,306.0,1350035,337891,14698
TATACOFFEE,04-NOV-2020,100.9,101.0,99.2,100.4,348303,116994,3702
TATACOMM,04-NOV-2020,968.0,974.95,939.05,958.35,44389,26704,3821
TATACONSUM,04-NOV-2020,491.0,498.55,489.0,492.75,5024804,2053759,65401
TATAELXSI,04-NOV-2020,1535.8,1579.0,1517.95,1535.25,416409,75962,22284
TATAINVEST,04-NOV-2020,860.0,860.0,845.3,850.9,8580,4764,795
TATAMETALI,04-NOV-2020,512.9,538.45,512.9,531.6,16829,7035,1718
TATAMOTORS,04-NOV-2020,135.6,137.0,134.0,135.9,44675934,5053175,135790
TATAMTRDVR,04-NOV-2020,55.6,55.9,55.0,55.1,3175158,1150171,12234
TATAPOWER,04-NOV-2020,53.25,53.95,52.3,53.3,13555398,1249784,16862
TATASTEEL,04-NOV-2020,408.9,415.05,401.4,403.9,13614366,1615949,103672
TATASTLBSL,04-NOV-2020,24.9,25.25,24.5,24.6,1265239,443667,2660
TATASTLLP,04-NOV-2020,435.4,449.95,431.3,433.25,28223,12550,1542
TBZ,04-NOV-2020,38.85,38.95,37.7,37.9,123809,40617,1226
TCI,04-NOV-2020,231.6,232.0,225.0,226.4,30226,12526,1300
TCIDEVELOP,04-NOV-2020,300.4,347.3,290.4,299.55,339,163,41
TCIEXP,04-NOV-2020,789.8,789.8,772.35,780.95,4884,3030,749
TCIFINANCE,04-NOV-2020,4.25,4.25,4.15,4.15,83,83,3
TCNSBRANDS,04-NOV-2020,392.95,396.6,378.15,393.2,19580,11018,1413
TCPLPACK,04-NOV-2020,360.05,373.95,356.6,362.2,1581,1129,97
TCS,04-NOV-2020,2610.0,2721.85,2610.0,2653.15,4893928,1515071,210543
TDPOWERSYS,04-NOV-2020,104.95,107.0,104.0,105.4,4073,2862,229
TEAMLEASE,04-NOV-2020,2191.9,2245.0,2191.85,2213.2,2847,1822,1416
TECHM,04-NOV-2020,816.0,836.0,812.6,826.85,5017595,1033894,84894
TECHNOE,04-NOV-2020,196.0,198.0,192.1,197.6,5639,4011,300
TEJASNET,04-NOV-2020,90.0,90.65,86.4,87.35,220721,125126,2683
TERASOFT,04-NOV-2020,29.0,30.25,28.3,28.45,41280,30609,284
TEXINFRA,04-NOV-2020,33.45,34.35,33.4,34.35,9286,8247,97
TEXMOPIPES,04-NOV-2020,15.8,17.0,13.7,16.55,260340,108768,968
TEXRAIL,04-NOV-2020,23.4,23.8,23.3,23.5,83101,46380,512
TFCILTD,04-NOV-2020,34.0,34.6,33.45,33.85,61281,44602,398
TGBHOTELS,04-NOV-2020,4.8,4.8,4.7,4.75,5933,5933,13
THANGAMAYL,04-NOV-2020,425.95,445.0,425.95,435.5,70275,34766,4128
THEINVEST,04-NOV-2020,103.7,107.8,101.0,104.35,678,498,50
THEMISMED,04-NOV-2020,308.05,324.95,305.1,313.8,5056,3633,328
THERMAX,04-NOV-2020,758.0,774.45,745.7,755.35,15769,5756,2154
THOMASCOOK,04-NOV-2020,26.5,26.65,26.0,26.5,164893,127161,714
THYROCARE,04-NOV-2020,1139.0,1150.55,1126.1,1138.25,114436,54892,10095
TI,04-NOV-2020,17.25,17.8,16.0,16.55,134664,100784,631
TIDEWATER,04-NOV-2020,4315.0,4349.95,4192.55,4226.2,1472,987,400
TIIL,04-NOV-2020,335.1,355.55,335.1,347.0,10475,6540,610
TIINDIA,04-NOV-2020,673.5,678.4,656.0,669.45,53401,28619,4377
TIJARIA,04-NOV-2020,5.3,5.7,5.3,5.5,7450,2930,30
TIL,04-NOV-2020,127.35,130.95,125.65,126.55,2751,1763,159
TIMESGTY,04-NOV-2020,22.45,22.75,21.9,22.05,2840,1911,40
TIMETECHNO,04-NOV-2020,38.7,39.1,38.25,38.45,384391,134063,1208
TIMKEN,04-NOV-2020,1065.95,1086.0,1061.05,1073.75,8271,3288,1509
TINPLATE,04-NOV-2020,127.5,128.6,125.75,126.1,101109,55070,2627
TIPSINDLTD,04-NOV-2020,238.8,249.8,238.8,239.75,17338,10164,534
TIRUMALCHM,04-NOV-2020,70.0,71.85,70.0,70.6,192401,55143,2031
TIRUPATIFL,04-NOV-2020,28.55,28.6,28.55,28.55,642,642,2
TITAN,04-NOV-2020,1199.95,1217.9,1192.7,1215.65,2043263,474862,61670
TMRVL,04-NOV-2020,8.7,8.75,8.2,8.4,22213,15273,153
TNPETRO,04-NOV-2020,36.1,36.5,35.55,35.75,78546,45702,778
TNPL,04-NOV-2020,100.45,101.75,100.1,100.95,46653,29484,1185
TOKYOPLAST,04-NOV-2020,60.35,62.9,59.45,61.05,15800,15587,62
TORNTPHARM,04-NOV-2020,2579.9,2612.85,2558.35,2600.7,298699,40159,17613
TORNTPOWER,04-NOV-2020,312.7,315.75,309.05,312.25,360975,90757,6183
TOTAL,04-NOV-2020,37.95,38.5,35.75,37.35,640,515,18
TOUCHWOOD,04-NOV-2020,43.0,43.5,41.05,43.35,637,362,43
TPLPLASTEH,04-NOV-2020,106.6,107.45,103.0,104.4,4536,3611,87
TREEHOUSE,04-NOV-2020,6.75,6.9,6.4,6.85,34902,22241,111
TREJHARA,04-NOV-2020,16.5,17.6,16.5,17.6,5741,4701,75
TRENT,04-NOV-2020,658.05,682.5,658.05,668.5,368310,160271,28985
TRF,04-NOV-2020,73.5,73.5,70.75,71.75,3307,2225,155
TRIDENT,04-NOV-2020,7.8,7.8,7.5,7.5,5364951,2378577,12896
TRIGYN,04-NOV-2020,49.7,50.3,48.2,49.05,25107,17400,290
TRIL,04-NOV-2020,8.7,8.85,8.6,8.75,34257,27031,152
TRITURBINE,04-NOV-2020,73.05,73.4,69.35,71.3,237066,99093,2841
TRIVENI,04-NOV-2020,70.7,70.7,69.5,69.7,123040,59885,990
TTKHLTCARE,04-NOV-2020,427.05,454.5,426.95,449.05,4001,3047,215
TTKPRESTIG,04-NOV-2020,5719.95,5810.0,5700.4,5756.6,2575,1653,781
TTL,04-NOV-2020,39.95,39.95,37.45,39.25,9885,7554,183
TTML,04-NOV-2020,8.55,8.55,7.75,7.75,35374075,13626609,20076
TV18BRDCST,04-NOV-2020,28.05,28.3,27.65,28.05,1597529,632174,2536
TVSELECT,04-NOV-2020,98.2,98.75,94.4,95.25,16187,8564,594
TVSMOTOR,04-NOV-2020,466.95,473.0,463.0,470.95,1942382,182357,25679
TVSSRICHAK,04-NOV-2020,1375.15,1444.45,1375.15,1425.5,4380,1592,813
TVTODAY,04-NOV-2020,198.15,203.0,193.0,200.9,20229,9365,888
TVVISION,04-NOV-2020,1.3,1.3,1.3,1.3,1006,1006,3
TWL,04-NOV-2020,40.55,40.75,40.15,40.25,50068,25996,527
UBL,04-NOV-2020,934.0,945.0,922.2,926.3,321142,44752,9200
UCALFUEL,04-NOV-2020,114.0,114.0,111.0,112.05,10530,7179,266
UCOBANK,04-NOV-2020,11.85,11.85,11.65,11.7,469194,275753,928
UFLEX,04-NOV-2020,324.0,324.05,316.55,317.85,63716,37756,3607
UFO,04-NOV-2020,75.0,76.0,71.5,71.75,164476,52799,1979
UGARSUGAR,04-NOV-2020,13.35,13.45,13.2,13.4,56913,40426,213
UJAAS,04-NOV-2020,3.7,3.7,3.4,3.45,2467033,1497578,1353
UJJIVAN,04-NOV-2020,214.45,217.5,213.05,216.3,288919,71474,3740
UJJIVANSFB,04-NOV-2020,30.95,31.3,30.65,30.9,409031,183821,1859
ULTRACEMCO,04-NOV-2020,4550.0,4611.0,4501.05,4531.6,495599,147564,35339
UMANGDAIRY,04-NOV-2020,43.0,43.85,41.1,42.3,5080,3471,162
UMESLTD,04-NOV-2020,1.3,1.35,1.25,1.3,13101,11328,21
UNICHEMLAB,04-NOV-2020,242.0,243.2,238.2,239.3,26910,15690,1458
UNIDT,04-NOV-2020,249.0,249.0,239.0,241.35,9044,3497,101
UNIENTER,04-NOV-2020,64.0,64.0,60.55,61.8,17325,6354,280
UNIONBANK,04-NOV-2020,23.95,24.15,23.6,23.8,2411301,869352,3968
UNITEDTEA,04-NOV-2020,316.15,318.95,315.35,317.3,1175,1109,37
UNIVASTU,04-NOV-2020,32.3,32.3,30.6,31.7,404,230,24
UNIVCABLES,04-NOV-2020,131.15,131.15,127.55,128.5,5568,3044,370
UPL,04-NOV-2020,415.7,415.7,399.0,401.35,19363947,6844481,223143
URJA,04-NOV-2020,3.05,3.05,2.95,3.05,1192892,701250,1376
USHAMART,04-NOV-2020,21.3,21.3,20.5,20.65,123579,81627,350
UTIAMC,04-NOV-2020,492.0,498.5,487.0,489.15,127685,35714,5856
UTIBANKETF,04-NOV-2020,255.67,259.35,252.0,257.66,246,234,24
UTINEXT50,04-NOV-2020,283.64,284.99,282.55,284.5,226,218,17
UTINIFTETF,04-NOV-2020,1259.08,1272.55,1259.08,1268.5,110,105,34
UTISENSETF,04-NOV-2020,425.2,430.0,424.23,427.74,414,285,48
UTISXN50,04-NOV-2020,306.0,306.0,298.0,304.8,154,100,11
UTTAMSTL,04-NOV-2020,6.4,6.5,6.3,6.5,83560,59111,94
UTTAMSUGAR,04-NOV-2020,80.0,82.1,79.35,81.15,11513,5193,202
UVSL,04-NOV-2020,0.35,0.35,0.3,0.3,63155655,41769351,4921
V2RETAIL,04-NOV-2020,46.15,46.45,45.4,46.0,18731,15183,252
VADILALIND,04-NOV-2020,774.95,791.65,774.95,780.4,1491,1111,99
VAIBHAVGBL,04-NOV-2020,1920.0,2000.0,1890.0,1958.8,14510,9251,2354
VAISHALI,04-NOV-2020,32.5,33.45,31.3,32.95,11441,4590,133
VAKRANGEE,04-NOV-2020,26.95,27.1,26.6,26.7,1090991,744918,3802
VALIANTORG,04-NOV-2020,3289.25,3300.0,3251.05,3291.15,2892,1880,553
VARDHACRLC,04-NOV-2020,30.05,30.75,30.05,30.5,13816,9128,98
VARDMNPOLY,04-NOV-2020,8.3,8.45,7.9,8.35,6817,4427,38
VARROC,04-NOV-2020,289.8,292.9,285.05,287.25,41713,19401,2196
VASCONEQ,04-NOV-2020,8.4,8.7,8.25,8.5,60955,35129,153
VASWANI,04-NOV-2020,4.6,4.6,4.25,4.4,5462,3300,15
VBL,04-NOV-2020,675.0,684.75,655.0,672.95,405813,323825,11030
VEDL,04-NOV-2020,95.45,95.5,91.2,92.0,25617864,11426635,96898
VENKEYS,04-NOV-2020,1478.85,1498.0,1452.0,1465.3,69179,16493,5427
VERTOZ,04-NOV-2020,180.5,182.0,175.0,176.15,321453,91817,1091
VESUVIUS,04-NOV-2020,894.0,894.0,880.65,882.4,1387,1128,95
VETO,04-NOV-2020,43.5,43.5,41.5,41.9,1902,1270,84
VGUARD,04-NOV-2020,171.0,171.5,168.6,169.6,162640,65553,4029
VHL,04-NOV-2020,1247.9,1248.05,1210.4,1220.0,180,115,64
VIDHIING,04-NOV-2020,134.8,135.0,132.55,133.65,49394,37955,526
VIJIFIN,04-NOV-2020,0.5,0.5,0.45,0.5,49921,49223,77
VIKASMCORP,04-NOV-2020,7.3,7.65,7.3,7.65,11881268,8482748,3299
VIKASPROP,04-NOV-2020,2.25,2.35,2.2,2.35,1824684,1111979,685
VIKASWSP,04-NOV-2020,3.8,3.85,3.75,3.85,89026,69981,135
VINATIORGA,04-NOV-2020,1158.0,1184.0,1141.0,1149.5,50393,23913,4830
VINDHYATEL,04-NOV-2020,685.0,699.95,675.0,686.8,3769,2126,460
VINYLINDIA,04-NOV-2020,101.5,104.0,100.7,101.35,52847,23163,1233
VIPCLOTHNG,04-NOV-2020,8.65,8.85,8.5,8.7,39265,30159,116
VIPIND,04-NOV-2020,273.9,283.75,272.7,280.1,602769,315818,10029
VIPULLTD,04-NOV-2020,13.2,13.5,13.15,13.2,1516,1416,12
VISAKAIND,04-NOV-2020,366.0,370.55,342.25,354.1,161723,63724,5759
VISHAL,04-NOV-2020,178.7,178.7,178.7,178.7,1438,1438,51
VISHWARAJ,04-NOV-2020,115.6,117.0,113.4,115.45,20052,12285,417
VIVIMEDLAB,04-NOV-2020,16.7,17.1,16.05,16.3,81645,45957,431
VLSFINANCE,04-NOV-2020,57.0,57.5,54.0,54.4,63416,38120,872
VMART,04-NOV-2020,1929.5,1995.0,1929.5,1959.45,20442,9656,2677
VOLTAMP,04-NOV-2020,989.0,1004.85,982.9,992.25,2709,1438,481
VOLTAS,04-NOV-2020,709.0,727.0,706.5,724.1,1761718,519696,35815
VRLLOG,04-NOV-2020,152.65,152.65,149.55,149.85,47335,32084,2111
VSSL,04-NOV-2020,71.95,72.0,70.6,71.0,7634,6892,97
VSTIND,04-NOV-2020,3383.0,3423.95,3383.0,3411.45,3833,2711,817
VSTTILLERS,04-NOV-2020,1680.05,1692.55,1648.6,1677.8,5420,3120,958
VTL,04-NOV-2020,765.55,790.0,763.9,783.85,15503,8858,2210
WABAG,04-NOV-2020,184.0,185.5,180.0,182.2,100662,70368,3861
WABCOINDIA,04-NOV-2020,4807.35,4990.95,4800.0,4863.65,2603,907,825
WALCHANNAG,04-NOV-2020,46.9,46.9,45.15,46.6,45903,15578,941
WATERBASE,04-NOV-2020,100.85,102.0,99.15,99.95,69532,17570,1342
WEBELSOLAR,04-NOV-2020,21.6,21.9,20.55,21.7,9812,7974,89
WEIZMANIND,04-NOV-2020,29.5,30.45,29.25,30.25,2737,1316,31
WELCORP,04-NOV-2020,102.0,102.8,99.0,99.95,1066846,529311,6678
WELENT,04-NOV-2020,75.4,76.8,74.8,75.5,72669,23405,1174
WELINV,04-NOV-2020,297.0,297.0,255.0,263.2,1237,457,63
WELSPUNIND,04-NOV-2020,68.0,69.8,67.2,67.95,432646,273916,4201
WENDT,04-NOV-2020,3039.95,3111.0,3000.05,3062.0,305,226,154
WESTLIFE,04-NOV-2020,370.3,374.05,365.0,369.35,23280,10673,869
WHEELS,04-NOV-2020,395.4,397.0,392.05,394.45,1183,767,161
WHIRLPOOL,04-NOV-2020,2048.6,2087.15,2042.1,2064.0,22695,10876,3489
WILLAMAGOR,04-NOV-2020,15.5,16.25,14.85,15.4,4263,3181,37
WINDMACHIN,04-NOV-2020,14.25,14.85,14.25,14.85,15472,13862,81
WIPRO,04-NOV-2020,338.0,351.55,337.5,342.95,15381900,2708715,127226
WOCKPHARMA,04-NOV-2020,292.0,296.3,287.1,289.6,338885,94787,7760
WONDERLA,04-NOV-2020,158.85,161.0,156.2,160.15,28007,14076,1570
WORTH,04-NOV-2020,40.35,41.7,40.35,40.7,760,349,17
WSTCSTPAPR,04-NOV-2020,157.5,159.7,156.55,158.1,13986,8523,505
XCHANGING,04-NOV-2020,69.15,72.5,69.1,70.45,42286,21942,544
XPROINDIA,04-NOV-2020,21.1,22.95,21.0,21.05,1050,639,32
YESBANK,04-NOV-2020,12.3,12.4,12.2,12.25,45799739,16330784,34710
ZEEL,04-NOV-2020,184.0,185.35,179.15,181.85,15629613,1644778,81975
ZEELEARN,04-NOV-2020,10.75,10.75,10.6,10.65,222264,133952,517
ZENITHEXPO,04-NOV-2020,41.5,43.45,40.55,41.7,1010,630,25
ZENSARTECH,04-NOV-2020,178.7,183.0,177.3,182.05,102595,49733,3434
ZENTEC,04-NOV-2020,70.0,72.0,70.0,70.45,69596,33195,933
ZODIACLOTH,04-NOV-2020,96.35,98.85,94.5,95.7,605,472,49
ZODJRDMKJ,04-NOV-2020,22.15,23.2,22.15,23.15,302,302,5
ZOTA,04-NOV-2020,138.0,139.5,138.0,138.7,12354,1530,99
ZUARI,04-NOV-2020,81.0,81.0,78.15,78.75,4904,2888,137
ZUARIGLOB,04-NOV-2020,48.15,49.45,47.05,48.35,19284,11569,306
ZYDUSWELL,04-NOV-2020,1763.0,1780.0,1734.95,1741.6,24012,15485,2690
