20MICRONS,23-NOV-2020,32.2,32.65,31.3,31.7,87144,62538,614
21STCENMGM,23-NOV-2020,9.9,9.9,9.6,9.8,1988,1462,32
3IINFOTECH,23-NOV-2020,3.5,3.55,3.4,3.55,11534944,7220575,8352
3MINDIA,23-NOV-2020,21785.0,22421.0,21413.55,22330.2,9923,6048,4137
3PLAND,23-NOV-2020,7.05,7.1,7.05,7.1,205,105,3
5PAISA,23-NOV-2020,360.35,360.35,344.3,355.9,15715,12611,590
63MOONS,23-NOV-2020,76.0,82.05,75.95,81.0,226988,152692,2164
A2ZINFRA,23-NOV-2020,3.75,3.85,3.7,3.8,545151,385881,345
AAKASH,23-NOV-2020,53.5,54.0,52.4,52.8,84408,31205,531
AARON,23-NOV-2020,51.0,51.0,47.35,51.0,37268,22296,407
AARTIDRUGS,23-NOV-2020,685.0,711.7,675.65,711.7,1138140,539522,36449
AARTIIND,23-NOV-2020,1124.75,1145.0,1116.45,1135.55,193753,112363,20122
AARVEEDEN,23-NOV-2020,10.45,10.7,9.6,10.65,7145,4178,114
AARVI,23-NOV-2020,38.75,39.0,37.25,39.0,208,106,5
AAVAS,23-NOV-2020,1500.0,1610.0,1494.15,1527.4,414213,229183,29535
ABAN,23-NOV-2020,24.0,26.3,23.65,25.55,379440,151536,1781
ABB,23-NOV-2020,1129.0,1163.0,1050.0,1072.75,176903,82084,12471
ABBOTINDIA,23-NOV-2020,15400.0,15450.0,15169.65,15197.6,19703,14434,5799
ABCAPITAL,23-NOV-2020,82.05,87.3,82.05,84.05,5153497,1953433,28587
ABFRL,23-NOV-2020,159.0,160.4,156.4,156.9,1022634,561864,9822
ABSLBANETF,23-NOV-2020,296.85,296.85,285.81,289.25,307,232,29
ABSLNN50ET,23-NOV-2020,295.61,295.85,288.0,288.59,250,248,14
ACC,23-NOV-2020,1704.0,1757.0,1697.0,1725.55,2654717,752610,100471
ACCELYA,23-NOV-2020,882.0,882.0,845.1,860.75,3889,2046,646
ACE,23-NOV-2020,89.45,95.5,89.45,94.6,702289,404634,5395
ADANIENT,23-NOV-2020,390.1,413.7,383.1,409.05,7318547,961143,77500
ADANIGAS,23-NOV-2020,358.0,365.75,340.95,344.65,4884218,1649758,64166
ADANIGREEN,23-NOV-2020,1155.0,1191.25,1150.1,1180.3,3863685,2307426,78025
ADANIPORTS,23-NOV-2020,375.85,379.35,370.3,375.15,4065424,1050441,49565
ADANIPOWER,23-NOV-2020,38.45,39.0,38.1,38.4,3848826,1470437,9448
ADANITRANS,23-NOV-2020,385.6,389.6,375.0,379.65,806504,384585,14270
ADFFOODS,23-NOV-2020,442.9,443.95,434.1,436.5,30578,16789,1450
ADHUNIKIND,23-NOV-2020,17.45,18.3,15.2,15.2,691039,408088,1811
ADORWELD,23-NOV-2020,262.2,267.85,257.2,259.65,30669,14744,1096
ADSL,23-NOV-2020,23.0,24.0,22.2,23.65,108474,68510,817
ADVANIHOTR,23-NOV-2020,45.8,51.0,45.55,49.2,34278,27022,272
ADVENZYMES,23-NOV-2020,335.0,342.5,332.0,337.3,170681,88265,6291
AEGISCHEM,23-NOV-2020,223.7,228.0,218.25,223.0,258252,163564,11710
AFFLE,23-NOV-2020,3240.0,3303.3,3240.0,3303.3,192022,95881,11418
AGARIND,23-NOV-2020,81.05,82.5,78.8,80.05,25966,15486,402
AGRITECH,23-NOV-2020,28.15,30.95,28.0,30.95,29896,20319,289
AGROPHOS,23-NOV-2020,8.3,8.35,8.1,8.2,22103,16835,153
AHLEAST,23-NOV-2020,139.95,139.95,133.4,134.2,3460,2843,143
AHLUCONT,23-NOV-2020,245.8,245.8,239.0,243.85,32642,24108,1235
AHLWEST,23-NOV-2020,253.0,254.5,241.5,244.6,3100,924,441
AIAENG,23-NOV-2020,1785.25,1845.0,1785.25,1838.3,16509,10740,3221
AIRAN,23-NOV-2020,14.35,15.2,14.0,14.1,114970,97104,364
AJANTPHARM,23-NOV-2020,1535.0,1543.3,1525.0,1527.25,136907,86689,6897
AJMERA,23-NOV-2020,95.4,96.2,93.0,93.75,101907,41778,1884
AKASH,23-NOV-2020,218.95,220.0,200.0,207.85,50777,30202,425
AKSHARCHEM,23-NOV-2020,202.0,205.7,200.0,203.55,13631,10666,477
AKSHOPTFBR,23-NOV-2020,6.65,6.7,6.55,6.65,193165,155619,254
AKZOINDIA,23-NOV-2020,2119.8,2144.0,2042.45,2111.05,11686,6088,2079
ALANKIT,23-NOV-2020,15.7,15.85,15.55,15.6,63814,48121,234
ALBERTDAVD,23-NOV-2020,421.95,454.45,418.0,445.05,155137,37376,5764
ALCHEM,23-NOV-2020,5.55,5.55,4.75,5.1,74034,51184,325
ALEMBICLTD,23-NOV-2020,92.0,95.4,91.55,94.1,632906,274815,5479
ALICON,23-NOV-2020,342.0,342.0,321.2,327.9,7400,3013,653
ALKALI,23-NOV-2020,52.0,52.0,49.15,49.8,26655,16519,429
ALKEM,23-NOV-2020,2688.0,2775.0,2680.1,2760.5,199727,138255,14178
ALKYLAMINE,23-NOV-2020,3450.0,3789.55,3436.05,3746.6,165458,55849,21423
ALLCARGO,23-NOV-2020,124.5,124.7,122.35,122.8,121150,69865,1619
ALLSEC,23-NOV-2020,236.25,247.5,231.0,240.1,5520,3677,211
ALMONDZ,23-NOV-2020,16.2,17.4,16.0,17.05,69464,43226,297
ALOKINDS,23-NOV-2020,22.4,22.7,22.0,22.25,9530433,4351077,13311
ALPHAGEO,23-NOV-2020,166.0,193.75,160.4,187.45,260077,103972,7395
ALPSINDUS,23-NOV-2020,0.9,1.0,0.9,1.0,10315,8124,20
AMARAJABAT,23-NOV-2020,869.65,879.0,863.0,874.4,1058661,144339,28249
AMBER,23-NOV-2020,2190.0,2240.0,2176.0,2230.25,200386,129224,20343
AMBIKCO,23-NOV-2020,718.55,719.95,710.0,718.3,6916,5261,339
AMBUJACEM,23-NOV-2020,259.0,262.5,257.5,258.15,6727698,2821689,26603
AMDIND,23-NOV-2020,15.35,15.65,14.9,15.35,22683,15830,121
AMJLAND,23-NOV-2020,24.2,24.85,22.4,23.85,17510,11602,174
AMRUTANJAN,23-NOV-2020,493.9,498.0,488.0,491.15,86951,32509,3183
ANANTRAJ,23-NOV-2020,23.4,25.85,23.0,25.75,4611383,1809682,8243
ANDHRACEMT,23-NOV-2020,4.85,4.9,4.7,4.85,151253,98370,1017
ANDHRAPAP,23-NOV-2020,204.0,208.85,204.0,205.9,27240,20925,562
ANDHRSUGAR,23-NOV-2020,288.7,292.8,284.0,286.75,45126,22125,1616
ANGELBRKG,23-NOV-2020,360.0,363.9,355.75,356.3,178666,109916,3526
ANIKINDS,23-NOV-2020,11.6,11.6,10.7,10.95,42002,32949,158
ANKITMETAL,23-NOV-2020,1.0,1.1,1.0,1.05,147721,114927,2380
ANSALAPI,23-NOV-2020,4.3,4.3,3.95,4.05,274360,187212,253
ANSALHSG,23-NOV-2020,3.9,4.0,3.8,3.85,31999,23942,62
ANUP,23-NOV-2020,609.0,614.0,596.1,598.2,7560,4093,779
APARINDS,23-NOV-2020,329.5,341.55,329.5,337.35,70642,37385,3630
APCL,23-NOV-2020,203.75,210.0,203.75,207.25,35278,19539,620
APCOTEXIND,23-NOV-2020,174.9,174.9,169.85,171.3,185197,78650,4475
APEX,23-NOV-2020,288.0,291.45,285.0,286.1,98341,34722,2644
APLAPOLLO,23-NOV-2020,3238.0,3270.0,3197.1,3247.45,84570,69850,3324
APLLTD,23-NOV-2020,977.0,1000.0,968.5,993.2,271531,144504,15220
APOLLO,23-NOV-2020,113.95,113.95,111.45,111.9,35945,15432,926
APOLLOHOSP,23-NOV-2020,2374.0,2402.85,2328.5,2375.35,1693126,679669,73235
APOLLOPIPE,23-NOV-2020,665.0,665.0,647.0,656.75,13558,8506,669
APOLLOTYRE,23-NOV-2020,175.2,178.05,173.25,174.0,7865639,789785,30685
APOLSINHOT,23-NOV-2020,600.0,604.0,590.0,592.0,2152,1791,160
APTECHT,23-NOV-2020,123.25,129.4,121.55,126.3,901150,221756,9556
ARCHIDPLY,23-NOV-2020,27.95,28.8,27.3,28.55,172543,129612,929
ARCHIES,23-NOV-2020,13.0,13.95,12.5,13.95,350695,296053,846
ARCOTECH,23-NOV-2020,1.95,2.0,1.9,1.95,27905,15697,79
ARENTERP,23-NOV-2020,11.2,11.45,10.25,11.15,4714,3139,38
ARIES,23-NOV-2020,88.0,88.0,85.1,85.6,32906,21686,535
ARIHANT,23-NOV-2020,16.6,16.85,16.2,16.35,9461,2631,56
ARIHANTSUP,23-NOV-2020,24.75,24.95,23.0,24.95,8399,6479,123
ARMANFIN,23-NOV-2020,600.0,645.5,575.25,626.4,64980,38651,3451
AROGRANITE,23-NOV-2020,38.0,38.0,33.35,36.1,98392,54694,1083
ARROWGREEN,23-NOV-2020,46.0,47.7,44.2,45.2,10239,5716,298
ARSHIYA,23-NOV-2020,14.3,14.6,13.6,14.6,251972,144625,836
ARSSINFRA,23-NOV-2020,13.85,14.8,13.85,14.45,78836,57598,221
ARTEMISMED,23-NOV-2020,158.0,159.0,156.8,157.55,1456,1286,75
ARVIND,23-NOV-2020,41.5,41.8,39.5,40.15,1782343,875034,6881
ARVINDFASN,23-NOV-2020,137.0,139.0,134.1,134.75,198284,151253,3712
ARVSMART,23-NOV-2020,90.3,90.6,89.0,89.85,66128,30170,805
ASAHIINDIA,23-NOV-2020,240.0,243.55,239.05,241.45,43307,25233,2304
ASAHISONG,23-NOV-2020,223.0,224.75,215.0,216.6,17486,12244,644
ASAL,23-NOV-2020,25.2,25.2,24.3,24.6,4003,3027,40
ASALCBR,23-NOV-2020,286.8,289.8,280.0,284.5,69958,27547,3027
ASHAPURMIN,23-NOV-2020,74.05,75.3,72.0,72.5,152407,118468,850
ASHIANA,23-NOV-2020,95.95,97.0,93.05,95.45,46511,26565,715
ASHIMASYN,23-NOV-2020,9.45,9.45,9.2,9.45,163814,152755,291
ASHOKA,23-NOV-2020,74.75,74.95,72.15,73.6,1313493,708516,7836
ASHOKLEY,23-NOV-2020,91.9,92.45,89.8,91.25,34856235,6824856,90973
ASIANHOTNR,23-NOV-2020,59.2,59.2,51.95,54.4,25958,11275,443
ASIANPAINT,23-NOV-2020,2160.55,2196.95,2138.8,2186.25,4002609,2465120,121561
ASIANTILES,23-NOV-2020,292.9,296.4,289.0,292.7,70069,17682,2578
ASPINWALL,23-NOV-2020,123.25,123.25,117.95,120.7,670,270,28
ASTEC,23-NOV-2020,944.0,950.95,922.25,937.35,131292,41542,7589
ASTERDM,23-NOV-2020,168.8,171.65,164.0,166.3,348679,235688,6511
ASTRAL,23-NOV-2020,1405.0,1425.0,1371.0,1400.4,95709,49205,9448
ASTRAMICRO,23-NOV-2020,108.85,110.0,108.0,108.3,225845,125715,2136
ASTRAZEN,23-NOV-2020,4427.0,4561.0,4405.0,4451.6,172824,41783,24713
ASTRON,23-NOV-2020,45.5,46.75,45.25,45.45,19845,15841,224
ATFL,23-NOV-2020,712.25,715.85,695.0,698.1,10850,6431,1157
ATLANTA,23-NOV-2020,6.75,6.75,6.35,6.45,25535,21975,114
ATUL,23-NOV-2020,6545.0,6594.95,6363.05,6394.5,16246,8916,3849
ATULAUTO,23-NOV-2020,171.1,172.9,168.65,169.45,149598,94171,2636
AUBANK,23-NOV-2020,885.0,892.75,865.55,869.65,299844,146805,11230
AURIONPRO,23-NOV-2020,72.8,73.35,70.5,72.9,13208,10807,168
AUROPHARMA,23-NOV-2020,839.3,863.8,835.1,848.5,3455734,883439,97571
AUSOMENT,23-NOV-2020,58.0,58.0,55.2,55.25,20989,13258,293
AUTOAXLES,23-NOV-2020,888.1,932.0,877.05,920.7,45339,26611,3758
AUTOIND,23-NOV-2020,30.5,30.5,28.4,29.1,29060,21287,170
AUTOLITIND,23-NOV-2020,19.4,19.9,18.7,19.4,4957,3068,90
AVADHSUGAR,23-NOV-2020,185.3,192.0,185.3,187.5,109656,54099,1640
AVANTIFEED,23-NOV-2020,501.0,502.6,496.6,498.4,210563,84293,9949
AVTNPL,23-NOV-2020,45.65,47.5,45.25,47.25,184841,96661,1317
AXISBANK,23-NOV-2020,610.95,612.6,592.7,595.6,23728765,6319602,282449
AXISBNKETF,23-NOV-2020,294.12,294.12,286.81,290.25,6052,5566,75
AXISCADES,23-NOV-2020,61.45,61.45,55.65,55.65,412437,225027,1755
AXISGOLD,23-NOV-2020,44.39,44.39,43.55,43.66,68731,49553,2670
AXISNIFTY,23-NOV-2020,133.0,133.99,131.0,132.83,9944,6615,297
AYMSYNTEX,23-NOV-2020,40.6,43.4,37.35,42.65,76555,52290,672
BAGFILMS,23-NOV-2020,2.55,2.6,2.35,2.5,101693,59191,153
BAJAJ-AUTO,23-NOV-2020,3068.0,3085.0,3030.6,3077.75,493600,181731,23310
BAJAJCON,23-NOV-2020,184.95,187.65,184.55,186.7,325699,165555,5945
BAJAJELEC,23-NOV-2020,570.5,576.55,542.65,553.7,370190,92527,13734
BAJAJFINSV,23-NOV-2020,8710.0,8982.65,8621.0,8774.35,3607587,592734,309075
BAJAJHIND,23-NOV-2020,4.55,5.0,4.5,4.9,5567444,2870207,4104
BAJAJHLDNG,23-NOV-2020,3100.0,3279.0,3027.4,3246.9,467403,149072,47615
BAJFINANCE,23-NOV-2020,4769.0,4869.3,4733.55,4811.45,7325039,1741207,337894
BALAJITELE,23-NOV-2020,61.25,62.2,60.3,61.1,89560,49727,990
BALAMINES,23-NOV-2020,997.85,1044.0,997.85,1033.15,423823,115211,17120
BALAXI,23-NOV-2020,708.45,708.45,677.05,695.1,4351,2992,263
BALKRISHNA,23-NOV-2020,14.7,14.7,14.15,14.35,11281,7127,104
BALKRISIND,23-NOV-2020,1626.1,1690.0,1625.0,1676.9,1833527,632346,83906
BALLARPUR,23-NOV-2020,1.2,1.2,1.15,1.2,1267928,1265786,354
BALMLAWRIE,23-NOV-2020,102.25,103.15,101.8,102.4,170437,97363,2219
BALRAMCHIN,23-NOV-2020,154.0,156.25,153.5,155.6,935771,462415,10768
BANARBEADS,23-NOV-2020,56.45,56.45,52.25,52.75,19795,13330,378
BANARISUG,23-NOV-2020,1310.95,1320.0,1306.0,1311.35,216,153,52
BANCOINDIA,23-NOV-2020,119.6,122.5,118.1,120.35,203119,101790,3221
BANDHANBNK,23-NOV-2020,358.0,360.55,352.0,353.9,11410317,4334573,146179
BANG,23-NOV-2020,20.1,20.1,19.55,20.0,484,445,32
BANKA,23-NOV-2020,40.45,42.4,39.3,39.5,4062,3227,57
BANKBARODA,23-NOV-2020,47.85,48.2,46.7,46.9,20454971,5459278,37162
BANKBEES,23-NOV-2020,295.0,297.0,289.53,292.12,1314013,383195,10050
BANKINDIA,23-NOV-2020,44.7,44.75,42.75,43.5,3034568,967169,8567
BANSWRAS,23-NOV-2020,80.35,82.8,78.25,80.2,13156,9818,437
BASF,23-NOV-2020,1560.0,1611.25,1532.15,1587.25,115355,39427,7609
BASML,23-NOV-2020,91.35,93.4,87.55,87.8,50674,31747,722
BATAINDIA,23-NOV-2020,1495.0,1508.0,1460.55,1504.2,935742,235912,54686
BAYERCROP,23-NOV-2020,5040.0,5176.0,5014.4,5132.4,28263,14828,5951
BBL,23-NOV-2020,835.0,844.95,822.65,838.7,14472,6173,1312
BBTC,23-NOV-2020,1335.0,1348.8,1323.5,1329.9,91672,40021,9004
BCG,23-NOV-2020,5.55,5.55,5.15,5.2,3568305,2645438,3873
BCP,23-NOV-2020,4.6,4.85,4.6,4.75,68810,51475,148
BDL,23-NOV-2020,315.0,315.0,307.2,308.55,198035,70721,5561
BEARDSELL,23-NOV-2020,9.25,9.25,8.55,8.55,11388,10319,25
BEDMUTHA,23-NOV-2020,20.45,20.6,18.7,19.9,32827,22539,107
BEL,23-NOV-2020,108.55,109.05,104.5,106.0,10906565,3438090,46031
BEML,23-NOV-2020,670.0,674.75,662.25,671.1,438930,98556,15952
BEPL,23-NOV-2020,107.05,107.9,104.1,106.75,663622,436435,4417
BERGEPAINT,23-NOV-2020,646.3,648.0,633.6,644.3,921104,248150,17537
BFINVEST,23-NOV-2020,275.95,280.0,270.85,275.2,28898,10220,1667
BFUTILITIE,23-NOV-2020,257.9,266.95,254.7,261.9,369171,130908,6969
BGRENERGY,23-NOV-2020,34.85,36.5,34.85,35.25,136753,48076,1045
BHAGERIA,23-NOV-2020,136.3,139.8,135.2,136.05,35916,23758,638
BHAGYANGR,23-NOV-2020,18.45,19.0,17.8,18.7,6161,4142,69
BHAGYAPROP,23-NOV-2020,22.75,22.8,22.5,22.5,5095,5095,8
BHANDARI,23-NOV-2020,1.15,1.15,1.05,1.1,153964,104402,373
BHARATFORG,23-NOV-2020,500.6,503.0,491.2,499.2,2223551,548832,29184
BHARATGEAR,23-NOV-2020,55.0,56.6,52.2,52.5,11693,7665,267
BHARATRAS,23-NOV-2020,8825.0,8825.05,8625.0,8675.95,2434,1605,1058
BHARATWIRE,23-NOV-2020,27.4,27.55,26.55,27.55,28650,26093,141
BHARTIARTL,23-NOV-2020,486.75,486.75,475.1,477.25,10005675,2732654,149571
BHEL,23-NOV-2020,29.6,31.55,29.25,31.35,94909249,30123596,97198
BIL,23-NOV-2020,144.0,144.95,137.55,140.15,1245,1046,88
BILENERGY,23-NOV-2020,0.8,0.8,0.75,0.75,199095,114545,175
BINDALAGRO,23-NOV-2020,12.5,13.3,12.4,12.75,140021,126384,277
BIOCON,23-NOV-2020,421.0,425.3,417.6,420.25,7777720,2251914,63785
BIRLACABLE,23-NOV-2020,50.35,51.4,49.0,50.85,73650,35419,874
BIRLACORPN,23-NOV-2020,752.25,757.65,735.45,737.85,130252,64725,6067
BIRLAMONEY,23-NOV-2020,41.8,42.4,41.7,42.2,127147,69360,800
BIRLATYRE,23-NOV-2020,19.6,19.8,19.6,19.7,237354,185703,1313
BKMINDST,23-NOV-2020,0.75,0.8,0.75,0.8,65582,63565,34
BLBLIMITED,23-NOV-2020,4.95,4.95,4.65,4.9,22511,14369,47
BLISSGVS,23-NOV-2020,164.5,165.6,160.0,162.55,365048,31541,2907
BLKASHYAP,23-NOV-2020,7.9,8.05,7.65,7.65,97653,77606,1185
BLS,23-NOV-2020,73.5,77.15,71.5,77.15,61038,30611,806
BLUECOAST,23-NOV-2020,4.85,4.85,4.85,4.85,1545,1545,2
BLUEDART,23-NOV-2020,4036.35,4071.65,3965.0,3986.05,14258,9126,2807
BLUESTARCO,23-NOV-2020,741.95,764.0,741.95,760.95,144141,95834,16711
BODALCHEM,23-NOV-2020,70.15,71.4,66.85,69.5,447161,165042,3235
BOMDYEING,23-NOV-2020,68.35,70.7,68.15,69.4,2383341,697119,12767
BORORENEW,23-NOV-2020,115.9,117.7,112.95,113.55,417505,199358,4709
BOSCHLTD,23-NOV-2020,11975.0,11990.0,11732.0,11819.5,67710,30236,15124
BPCL,23-NOV-2020,386.0,395.55,383.0,394.45,9185189,3133673,86406
BPL,23-NOV-2020,20.85,22.6,19.85,22.5,590862,301282,1780
BRFL,23-NOV-2020,10.3,10.3,10.3,10.3,22942,22391,67
BRIGADE,23-NOV-2020,220.65,221.3,216.85,218.5,52341,26275,1680
BRITANNIA,23-NOV-2020,3575.0,3599.0,3552.0,3557.4,952758,477776,55597
BRNL,23-NOV-2020,30.55,31.45,30.2,30.5,61815,44424,545
BROOKS,23-NOV-2020,63.4,63.5,60.15,60.4,24192,16313,456
BSE,23-NOV-2020,565.0,588.0,565.0,571.9,1249928,471777,44115
BSELINFRA,23-NOV-2020,1.0,1.0,0.95,0.95,57838,28868,54
BSHSL,23-NOV-2020,90.0,90.0,86.5,89.3,1661,978,39
BSLGOLDETF,23-NOV-2020,4645.0,4645.0,4552.0,4600.0,120,68,42
BSLNIFTY,23-NOV-2020,139.5,142.5,138.21,141.37,834,422,25
BSOFT,23-NOV-2020,184.2,198.0,183.0,193.0,2224476,897668,32379
BURNPUR,23-NOV-2020,1.7,1.7,1.6,1.6,150704,85723,127
BUTTERFLY,23-NOV-2020,405.55,406.05,385.15,393.1,44135,27494,1457
BYKE,23-NOV-2020,14.0,14.3,13.85,13.9,67117,45438,217
CADILAHC,23-NOV-2020,429.65,437.85,425.1,432.85,3744377,939998,33528
CALSOFT,23-NOV-2020,9.45,9.6,8.75,9.05,35814,23039,149
CAMLINFINE,23-NOV-2020,98.0,98.3,96.5,97.8,221361,148397,4254
CAMS,23-NOV-2020,1399.95,1460.0,1390.0,1449.1,466959,317559,32067
CANBK,23-NOV-2020,94.4,94.45,92.65,93.85,6089897,1731287,18318
CANFINHOME,23-NOV-2020,470.0,476.95,467.0,469.8,663871,515714,8394
CANTABIL,23-NOV-2020,332.7,332.7,325.85,328.55,94027,18804,904
CAPACITE,23-NOV-2020,156.0,178.0,153.1,171.15,445897,166829,13713
CAPLIPOINT,23-NOV-2020,476.0,504.4,475.0,498.85,498613,152864,15083
CAPTRUST,23-NOV-2020,74.0,74.0,66.05,66.9,9654,7064,215
CARBORUNIV,23-NOV-2020,356.45,363.75,341.1,344.95,319431,181260,11796
CAREERP,23-NOV-2020,164.0,171.3,164.0,166.8,63883,22924,1316
CARERATING,23-NOV-2020,434.5,450.85,433.5,446.15,236794,113659,7368
CASTROLIND,23-NOV-2020,123.7,125.9,123.2,124.0,1749055,984178,25591
CCHHL,23-NOV-2020,3.45,3.5,3.4,3.4,35548,24640,91
CCL,23-NOV-2020,262.45,269.05,260.3,264.05,199034,87641,6794
CDSL,23-NOV-2020,491.0,502.7,488.1,490.4,972142,318532,24988
CEATLTD,23-NOV-2020,1148.0,1159.9,1124.0,1128.35,129381,58260,7582
CEBBCO,23-NOV-2020,14.95,14.95,14.0,14.5,11977,7309,146
CELEBRITY,23-NOV-2020,5.0,5.0,4.75,4.8,84170,54908,169
CENTENKA,23-NOV-2020,191.0,192.5,186.0,187.05,37753,25367,1181
CENTEXT,23-NOV-2020,3.6,3.7,3.55,3.65,61153,51340,162
CENTRALBK,23-NOV-2020,11.75,11.85,11.65,11.8,4523561,2115459,3562
CENTRUM,23-NOV-2020,15.9,16.3,15.25,15.95,998513,702927,1911
CENTUM,23-NOV-2020,297.9,297.9,286.35,289.7,3666,1855,314
CENTURYPLY,23-NOV-2020,200.0,204.0,199.0,200.15,138609,66338,3108
CENTURYTEX,23-NOV-2020,334.0,337.9,330.3,332.95,737926,184866,9994
CERA,23-NOV-2020,3070.0,3074.1,3000.0,3024.75,5645,3841,1432
CEREBRAINT,23-NOV-2020,28.1,28.15,27.6,27.95,58532,41082,261
CESC,23-NOV-2020,574.8,577.25,571.1,574.4,125145,48302,5063
CESCVENT,23-NOV-2020,255.0,257.0,252.1,254.6,47990,33778,10553
CGCL,23-NOV-2020,275.0,286.0,272.75,285.6,116044,55819,3732
CGPOWER,23-NOV-2020,35.9,36.0,35.0,36.0,3319158,2368169,2692
CHALET,23-NOV-2020,152.4,154.0,148.7,152.3,258085,153498,2832
CHAMBLFERT,23-NOV-2020,188.15,189.5,183.05,186.1,498164,280936,7660
CHEMBOND,23-NOV-2020,163.0,163.0,152.95,155.5,112614,103257,808
CHEMCON,23-NOV-2020,418.65,421.65,416.0,416.55,177145,85395,6341
CHEMFAB,23-NOV-2020,126.0,127.55,124.2,125.1,2596,1937,89
CHENNPETRO,23-NOV-2020,82.15,85.45,81.5,84.3,1060612,404822,6489
CHOLAFIN,23-NOV-2020,340.0,355.2,340.0,351.7,7941918,1333123,137873
CHOLAHLDNG,23-NOV-2020,486.3,580.0,486.3,502.6,506098,269584,15873
CIGNITITEC,23-NOV-2020,439.65,439.65,420.25,423.7,21191,12112,1076
CINELINE,23-NOV-2020,31.0,31.5,29.4,30.35,162477,64588,1154
CINEVISTA,23-NOV-2020,7.75,7.75,7.1,7.4,16107,13424,71
CIPLA,23-NOV-2020,741.65,758.05,739.4,746.3,8690680,2561426,133146
CLEDUCATE,23-NOV-2020,63.15,63.8,62.25,62.5,8876,7469,191
CLNINDIA,23-NOV-2020,330.0,330.8,322.65,323.4,32575,20800,1292
CMICABLES,23-NOV-2020,33.2,33.2,31.75,32.6,44444,20105,290
CNOVAPETRO,23-NOV-2020,6.55,6.55,6.15,6.15,8817,5989,26
COALINDIA,23-NOV-2020,121.25,123.45,119.75,122.75,17269543,5807629,85052
COCHINSHIP,23-NOV-2020,342.0,359.0,342.0,355.0,689435,332156,13452
COFORGE,23-NOV-2020,2366.0,2449.0,2349.35,2424.65,604392,143844,29012
COLPAL,23-NOV-2020,1540.0,1574.95,1539.95,1567.1,1523218,714984,72648
COMPINFO,23-NOV-2020,13.2,13.2,12.7,12.75,321943,251965,631
COMPUSOFT,23-NOV-2020,7.15,7.15,7.0,7.05,44412,37298,193
CONCOR,23-NOV-2020,414.0,418.85,409.9,412.35,1601718,710352,34133
CONFIPET,23-NOV-2020,26.75,27.95,26.35,26.6,461970,279294,1080
CONSOFINVT,23-NOV-2020,38.75,38.75,35.7,38.45,33732,31086,109
CONTROLPR,23-NOV-2020,214.55,222.1,213.3,218.55,11330,9263,299
CORALFINAC,23-NOV-2020,20.3,20.3,19.0,19.8,19821,17124,131
CORDSCABLE,23-NOV-2020,41.55,41.55,39.8,40.7,40600,24654,411
COROMANDEL,23-NOV-2020,779.9,790.65,776.0,786.3,254355,158586,13034
COSMOFILMS,23-NOV-2020,445.0,458.85,444.0,451.0,51370,30175,2368
CPSEETF,23-NOV-2020,18.04,18.49,17.92,18.44,2768958,2432649,3483
CREATIVE,23-NOV-2020,118.0,121.75,116.5,117.15,11169,7453,49
CREATIVEYE,23-NOV-2020,2.95,2.95,2.85,2.9,5985,4166,65
CREDITACC,23-NOV-2020,737.05,757.0,737.05,742.65,139096,85722,17374
CREST,23-NOV-2020,88.4,92.0,87.0,87.6,17462,6028,537
CRISIL,23-NOV-2020,2001.0,2041.0,1976.65,1990.35,45942,36204,4614
CROMPTON,23-NOV-2020,305.75,308.9,296.25,307.85,1457477,1153111,20461
CSBBANK,23-NOV-2020,260.0,265.0,247.65,253.95,135152,40125,3204
CTE,23-NOV-2020,34.35,34.75,33.3,34.75,24420,17989,178
CUB,23-NOV-2020,185.0,187.0,181.15,183.75,1367561,540287,14386
CUBEXTUB,23-NOV-2020,11.6,11.9,11.3,11.8,18193,14204,83
CUMMINSIND,23-NOV-2020,507.0,521.6,507.0,512.4,962368,164234,20094
CUPID,23-NOV-2020,216.0,244.0,216.0,233.7,1675715,373374,27249
CYBERTECH,23-NOV-2020,77.3,77.95,75.2,76.7,101545,48578,1420
CYIENT,23-NOV-2020,463.0,492.9,453.0,485.45,834553,275915,39549
DAAWAT,23-NOV-2020,50.3,51.0,49.75,50.25,946510,552151,3701
DABUR,23-NOV-2020,508.0,511.4,505.1,509.1,3182272,1448340,51866
DALBHARAT,23-NOV-2020,990.0,1049.0,987.8,1031.4,367161,240991,36465
DALMIASUG,23-NOV-2020,131.5,133.95,131.25,132.5,158211,82448,1831
DAMODARIND,23-NOV-2020,23.5,24.65,23.5,24.15,2687,2680,28
DANGEE,23-NOV-2020,123.8,124.9,117.65,117.65,15562,10586,407
DATAMATICS,23-NOV-2020,74.9,75.0,72.9,73.65,63872,38648,712
DBCORP,23-NOV-2020,81.6,81.6,79.2,79.65,204388,109096,3422
DBL,23-NOV-2020,361.4,361.4,353.25,354.6,131325,56225,2989
DBREALTY,23-NOV-2020,7.95,8.0,7.65,7.85,553056,390758,937
DBSTOCKBRO,23-NOV-2020,8.85,10.25,8.85,9.9,5733,2373,67
DCAL,23-NOV-2020,149.1,157.7,146.3,148.0,998150,446515,10985
DCBBANK,23-NOV-2020,96.0,96.0,93.65,94.85,1701244,678313,11998
DCM,23-NOV-2020,19.4,20.0,18.6,19.5,17374,8772,299
DCMFINSERV,23-NOV-2020,0.95,1.0,0.95,1.0,6800,6800,9
DCMNVL,23-NOV-2020,28.0,29.5,27.5,28.7,13302,10323,97
DCMSHRIRAM,23-NOV-2020,353.75,369.0,349.3,359.35,250285,60122,7778
DCW,23-NOV-2020,17.4,17.9,16.85,17.05,1337033,746775,2540
DECCANCE,23-NOV-2020,356.0,360.45,349.1,353.0,38389,22363,1399
DEEPAKFERT,23-NOV-2020,140.0,141.0,139.0,140.0,271001,139704,3711
DEEPAKNTR,23-NOV-2020,814.0,831.0,808.1,818.05,901521,253676,32073
DELTACORP,23-NOV-2020,131.0,131.5,127.1,127.9,1673050,740027,11259
DELTAMAGNT,23-NOV-2020,19.35,19.75,18.8,19.05,7503,6495,90
DEN,23-NOV-2020,71.9,72.35,70.05,71.75,339340,196645,7120
DENORA,23-NOV-2020,211.8,214.9,207.05,209.65,7411,4617,467
DFMFOODS,23-NOV-2020,359.95,359.95,346.65,349.3,27826,14790,1919
DGCONTENT,23-NOV-2020,10.3,10.8,10.3,10.8,21114,20403,32
DHAMPURSUG,23-NOV-2020,153.0,159.0,153.0,157.3,1122358,523336,14970
DHANBANK,23-NOV-2020,12.0,12.85,11.85,12.35,1522983,988735,2270
DHANI,23-NOV-2020,213.5,223.0,209.45,221.9,679860,504169,15707
DHANUKA,23-NOV-2020,711.0,714.95,688.05,697.45,71688,41516,4250
DHARSUGAR,23-NOV-2020,4.55,4.6,4.3,4.4,7680,6620,26
DHFL,23-NOV-2020,22.35,22.35,22.35,22.35,385086,385086,936
DHUNINV,23-NOV-2020,246.05,272.6,238.5,252.85,2136,1350,231
DIAMONDYD,23-NOV-2020,630.0,630.0,612.15,623.2,2073,1236,343
DICIND,23-NOV-2020,369.6,375.0,366.15,372.0,4579,1009,401
DIGISPICE,23-NOV-2020,8.55,8.55,8.55,8.55,16976,16976,23
DISHTV,23-NOV-2020,10.35,10.55,10.15,10.25,7510509,4008799,4889
DIVISLAB,23-NOV-2020,3486.4,3637.8,3470.5,3546.3,2306539,504495,114587
DIXON,23-NOV-2020,10498.95,10829.1,10400.05,10709.3,66694,42325,15747
DLF,23-NOV-2020,183.95,187.4,181.1,186.1,11222797,2766810,73439
DLINKINDIA,23-NOV-2020,105.25,106.65,104.8,105.4,87249,41957,1631
DMART,23-NOV-2020,2361.1,2379.9,2352.25,2360.4,234655,113453,23714
DNAMEDIA,23-NOV-2020,0.35,0.4,0.35,0.35,2004,1984,11
DOLAT,23-NOV-2020,48.75,48.75,46.85,47.1,36383,26360,477
DOLLAR,23-NOV-2020,193.9,193.9,185.5,186.75,202053,81976,4603
DONEAR,23-NOV-2020,26.15,28.4,25.55,28.1,129000,93127,822
DPABHUSHAN,23-NOV-2020,104.55,104.9,96.15,98.45,12820,9141,171
DPSCLTD,23-NOV-2020,12.65,12.65,11.25,11.55,110554,100541,333
DPWIRES,23-NOV-2020,73.8,73.8,69.0,69.7,991,885,51
DQE,23-NOV-2020,1.1,1.15,1.05,1.05,148460,67046,72
DREDGECORP,23-NOV-2020,267.35,271.7,261.15,266.9,91540,32729,2595
DRREDDY,23-NOV-2020,4685.0,4870.0,4671.1,4828.75,2152603,424212,129714
DSSL,23-NOV-2020,47.45,47.45,41.35,44.55,69095,36837,990
DTIL,23-NOV-2020,268.4,280.8,263.15,273.95,9573,7816,329
DUCON,23-NOV-2020,4.1,4.25,4.1,4.1,41897,33656,80
DVL,23-NOV-2020,61.25,63.0,61.05,61.85,4009,2995,100
DWARKESH,23-NOV-2020,29.55,30.0,29.3,29.65,1521257,752328,4809
DYNAMATECH,23-NOV-2020,698.0,704.65,682.25,691.25,5489,3434,467
DYNPRO,23-NOV-2020,242.85,243.8,237.55,238.45,33145,18718,1101
EASTSILK,23-NOV-2020,1.0,1.05,1.0,1.05,1175,1120,7
EBBETF0423,23-NOV-2020,1105.0,1107.47,1105.0,1106.8,8582,7554,46
EBBETF0425,23-NOV-2020,1019.7,1020.5,1019.0,1020.3,6527,6515,39
EBBETF0430,23-NOV-2020,1123.06,1127.89,1123.06,1126.03,4332,4196,58
EBBETF0431,23-NOV-2020,1013.0,1016.0,1010.05,1015.37,10212,10094,78
EBIXFOREX,23-NOV-2020,502.0,520.0,483.3,494.65,8326,4699,449
ECLERX,23-NOV-2020,720.0,727.9,714.05,716.5,55220,36796,3744
EDELWEISS,23-NOV-2020,61.8,63.0,61.5,62.7,1476261,923141,8533
EICHERMOT,23-NOV-2020,2595.55,2606.55,2560.0,2597.35,823238,132578,36605
EIDPARRY,23-NOV-2020,315.0,325.0,310.8,323.3,1006349,421561,20898
EIHAHOTELS,23-NOV-2020,255.0,258.95,250.9,254.05,4930,2436,464
EIHOTEL,23-NOV-2020,89.85,89.85,86.35,86.6,618206,366305,6163
EIMCOELECO,23-NOV-2020,316.25,334.9,315.1,331.6,3248,2102,331
EKC,23-NOV-2020,41.15,41.15,37.55,41.15,1162829,837157,4508
ELECON,23-NOV-2020,33.05,33.55,32.4,32.95,553092,371629,2418
ELECTCAST,23-NOV-2020,22.0,22.5,21.75,22.1,387678,220296,1035
ELECTHERM,23-NOV-2020,92.4,92.4,90.55,90.7,41142,21962,276
ELGIEQUIP,23-NOV-2020,126.1,128.6,126.1,128.05,76199,51131,1238
ELGIRUBCO,23-NOV-2020,19.85,19.85,18.95,19.2,24218,14867,195
EMAMILTD,23-NOV-2020,398.0,402.85,391.55,400.5,717748,322051,35637
EMAMIPAP,23-NOV-2020,79.5,79.5,73.25,75.3,15193,8098,403
EMAMIREAL,23-NOV-2020,43.7,46.5,43.7,45.55,10998,8965,242
EMKAY,23-NOV-2020,68.9,68.9,65.5,66.05,12459,9748,185
EMMBI,23-NOV-2020,74.85,78.65,72.65,76.8,144087,66626,1706
ENDURANCE,23-NOV-2020,1098.0,1171.0,1091.8,1162.8,291106,156551,24381
ENERGYDEV,23-NOV-2020,6.45,6.55,6.45,6.45,57281,55424,152
ENGINERSIN,23-NOV-2020,70.9,73.95,70.5,73.35,4380789,1769836,18946
ENIL,23-NOV-2020,150.0,150.0,145.25,145.9,6437,4558,170
EPL,23-NOV-2020,265.05,266.8,258.5,259.8,487540,455282,7726
EQ30,23-NOV-2020,377.0,377.0,353.1,366.01,92,72,27
EQUITAS,23-NOV-2020,63.4,63.4,61.2,63.4,8362943,7643637,14064
EQUITASBNK,23-NOV-2020,34.7,38.0,34.35,37.3,11604586,5198531,34019
ERIS,23-NOV-2020,524.65,529.2,520.0,524.5,57974,30511,4664
EROSMEDIA,23-NOV-2020,20.4,20.4,19.35,19.85,208014,143704,1072
ESABINDIA,23-NOV-2020,1379.0,1385.95,1355.5,1362.45,3323,2262,647
ESCORTS,23-NOV-2020,1425.0,1430.0,1389.0,1402.55,940363,152812,29372
ESSARSHPNG,23-NOV-2020,7.7,7.9,7.6,7.75,65408,50713,250
ESTER,23-NOV-2020,134.15,135.8,123.25,127.35,876113,320377,11347
EUROMULTI,23-NOV-2020,1.6,1.7,1.6,1.7,7027,6564,29
EVEREADY,23-NOV-2020,188.3,202.8,170.1,174.55,3352825,1384584,23973
EVERESTIND,23-NOV-2020,261.0,266.65,258.0,259.3,43561,23530,1464
EXCEL,23-NOV-2020,1.2,1.25,1.15,1.2,48767,40162,45
EXCELINDUS,23-NOV-2020,837.4,856.5,834.95,848.9,10875,5913,1254
EXIDEIND,23-NOV-2020,173.6,175.55,173.05,173.95,5196865,1464764,45388
EXPLEOSOL,23-NOV-2020,477.0,483.4,469.0,471.7,14875,8206,1100
FACT,23-NOV-2020,50.2,52.6,49.4,50.85,904039,200447,5317
FCL,23-NOV-2020,38.4,44.5,37.25,43.5,3022453,1085723,9930
FCONSUMER,23-NOV-2020,8.25,8.25,8.25,8.25,1056206,1056206,1014
FCSSOFT,23-NOV-2020,0.45,0.45,0.4,0.4,1260408,886271,467
FDC,23-NOV-2020,325.25,333.9,324.35,329.05,257500,88808,5900
FEDERALBNK,23-NOV-2020,59.1,59.55,57.85,58.3,29514760,4777906,60647
FEL,23-NOV-2020,10.4,10.4,10.4,10.4,133323,133323,198
FELDVR,23-NOV-2020,13.7,13.7,13.7,13.7,17988,17988,30
FIEMIND,23-NOV-2020,537.0,555.0,531.0,543.3,66104,32505,3113
FILATEX,23-NOV-2020,29.0,30.3,28.9,29.6,584007,435366,1032
FINCABLES,23-NOV-2020,289.7,289.7,285.0,288.7,95888,53567,3439
FINEORG,23-NOV-2020,2600.0,2680.6,2598.35,2615.8,34424,15396,6999
FINPIPE,23-NOV-2020,606.5,626.0,606.5,621.6,217811,181765,6413
FLEXITUFF,23-NOV-2020,11.55,11.55,11.55,11.55,4303,4302,18
FLFL,23-NOV-2020,90.45,90.45,90.45,90.45,250075,226334,1589
FLUOROCHEM,23-NOV-2020,515.0,523.9,510.1,519.55,175105,146489,2106
FMGOETZE,23-NOV-2020,289.9,296.4,288.0,296.4,23523,21271,338
FMNL,23-NOV-2020,17.0,17.0,16.7,17.0,98992,95072,232
FORCEMOT,23-NOV-2020,1183.0,1214.0,1166.0,1174.55,88030,29109,7002
FORTIS,23-NOV-2020,140.0,143.35,138.25,142.3,1758239,954986,13348
FOSECOIND,23-NOV-2020,1182.95,1183.0,1152.4,1164.55,1098,805,223
FRETAIL,23-NOV-2020,79.25,79.25,78.1,79.25,10537993,6743556,25253
FSC,23-NOV-2020,102.8,102.8,102.8,102.8,43309,41637,196
FSL,23-NOV-2020,76.5,79.5,75.7,76.55,6033347,2423638,26725
GABRIEL,23-NOV-2020,107.8,107.8,105.15,106.0,115121,61236,1840
GAEL,23-NOV-2020,125.0,127.5,122.5,122.75,251182,111368,4161
GAIL,23-NOV-2020,99.0,101.5,97.6,100.9,29687033,7127497,97296
GAL,23-NOV-2020,2.95,3.0,2.95,3.0,23856,21556,55
GALAXYSURF,23-NOV-2020,1938.0,1967.95,1899.0,1924.75,15130,6339,2561
GALLANTT,23-NOV-2020,33.8,34.0,32.7,33.35,16209,10403,159
GALLISPAT,23-NOV-2020,27.3,28.2,27.3,27.95,5032,4362,48
GAMMNINFRA,23-NOV-2020,0.6,0.6,0.55,0.6,595011,329895,216
GANDHITUBE,23-NOV-2020,217.6,223.85,212.25,215.0,5731,2125,465
GANECOS,23-NOV-2020,316.15,323.35,311.15,315.6,40133,21314,1277
GANESHHOUC,23-NOV-2020,28.0,28.2,27.2,27.6,10498,8648,78
GANGESSECU,23-NOV-2020,43.25,44.5,42.9,43.5,1598,1085,24
GARDENSILK,23-NOV-2020,8.45,8.45,8.0,8.3,14070,13357,103
GARFIBRES,23-NOV-2020,2161.45,2189.95,2115.95,2165.8,35827,19666,4695
GATI,23-NOV-2020,92.45,92.6,88.65,89.6,583216,304629,7116
GAYAHWS,23-NOV-2020,0.4,0.4,0.35,0.35,335765,267246,158
GAYAPROJ,23-NOV-2020,33.95,34.05,33.25,34.05,1128265,853498,2402
GBGLOBAL,23-NOV-2020,5.6,5.6,5.1,5.2,1886,1772,21
GDL,23-NOV-2020,101.0,103.75,100.75,102.95,129446,95831,3247
GEECEE,23-NOV-2020,73.55,74.5,67.7,71.1,12057,6159,708
GENESYS,23-NOV-2020,46.0,46.0,43.0,43.5,47644,35330,459
GENUSPAPER,23-NOV-2020,5.6,5.8,5.2,5.35,683960,457047,803
GENUSPOWER,23-NOV-2020,27.7,28.1,27.5,27.55,97193,78176,281
GEOJITFSL,23-NOV-2020,39.5,39.75,39.05,39.2,181986,105771,950
GEPIL,23-NOV-2020,334.3,334.3,334.3,334.3,29733,29732,479
GESHIP,23-NOV-2020,250.45,255.0,248.55,252.1,165173,115455,7282
GET&D,23-NOV-2020,101.9,103.7,99.2,100.85,40413,23885,1174
GFLLIMITED,23-NOV-2020,80.0,80.4,79.45,79.8,154936,130061,829
GFSTEELS,23-NOV-2020,2.45,2.45,2.45,2.45,456,456,4
GHCL,23-NOV-2020,165.85,169.5,161.55,166.75,199444,95977,4409
GICHSGFIN,23-NOV-2020,107.4,108.8,106.5,106.95,347466,137539,3700
GICRE,23-NOV-2020,126.0,131.7,125.65,130.55,479686,277683,4795
GILLANDERS,23-NOV-2020,33.55,35.9,33.35,34.4,11970,9460,139
GILLETTE,23-NOV-2020,5850.0,5850.0,5705.0,5724.4,6072,3973,1672
GINNIFILA,23-NOV-2020,15.7,16.9,15.7,16.9,569364,394478,1268
GIPCL,23-NOV-2020,74.1,75.2,73.5,73.85,183318,97062,1541
GKWLIMITED,23-NOV-2020,475.0,475.0,456.1,467.0,80,74,19
GLAND,23-NOV-2020,1844.0,2183.45,1840.0,2089.05,3893237,1037982,192919
GLAXO,23-NOV-2020,1530.0,1537.85,1521.0,1525.7,57494,33448,4182
GLENMARK,23-NOV-2020,482.0,489.4,475.2,479.85,2998394,502843,46060
GLFL,23-NOV-2020,2.05,2.15,1.95,2.0,10335,4730,39
GLOBALVECT,23-NOV-2020,50.45,50.45,48.55,48.95,6610,3912,187
GLOBE,23-NOV-2020,55.4,57.6,54.0,57.6,71440,41156,241
GLOBOFFS,23-NOV-2020,7.85,7.85,7.65,7.85,21668,17606,51
GLOBUSSPR,23-NOV-2020,316.0,316.15,309.55,310.65,71586,39160,2329
GMBREW,23-NOV-2020,426.0,427.45,414.15,415.9,33457,13976,1629
GMDCLTD,23-NOV-2020,45.85,46.1,45.15,45.4,367282,182403,1896
GMMPFAUDLR,23-NOV-2020,3815.0,3824.8,3612.0,3711.2,44692,24410,10216
GMRINFRA,23-NOV-2020,25.25,26.95,25.15,26.45,29418210,8220635,51366
GNA,23-NOV-2020,255.85,258.1,252.25,253.7,24402,13046,1035
GNFC,23-NOV-2020,193.75,195.2,192.7,194.05,234646,117683,3441
GOACARBON,23-NOV-2020,258.4,290.9,257.0,284.7,886293,163645,23067
GOCLCORP,23-NOV-2020,213.8,213.8,205.0,208.15,32550,23679,1003
GODFRYPHLP,23-NOV-2020,935.0,937.5,920.05,925.45,38818,19882,2528
GODREJAGRO,23-NOV-2020,514.95,516.7,509.5,511.9,49994,25572,3309
GODREJCP,23-NOV-2020,705.0,715.45,701.25,707.85,1798703,675424,34588
GODREJIND,23-NOV-2020,421.0,426.0,415.55,419.65,116559,67201,6673
GODREJPROP,23-NOV-2020,1070.0,1099.9,1053.0,1088.25,1073753,164869,37386
GOKEX,23-NOV-2020,69.8,77.7,68.2,76.4,1024369,603987,9334
GOKUL,23-NOV-2020,13.9,13.9,13.4,13.8,27325,17999,130
GOKULAGRO,23-NOV-2020,14.4,14.6,13.15,13.55,32891,29753,156
GOLDBEES,23-NOV-2020,45.99,47.0,38.1,43.88,3165036,2041234,9835
GOLDENTOBC,23-NOV-2020,26.45,26.45,24.25,26.0,25306,21585,257
GOLDIAM,23-NOV-2020,154.0,156.2,152.0,152.6,17469,8834,550
GOLDSHARE,23-NOV-2020,4552.0,4565.9,4525.0,4541.3,1000,627,259
GOLDTECH,23-NOV-2020,8.35,8.4,8.05,8.25,10199,8030,64
GOODLUCK,23-NOV-2020,43.55,44.85,43.4,44.6,73587,49775,865
GOODYEAR,23-NOV-2020,826.9,830.2,814.1,817.5,6056,3443,1201
GPIL,23-NOV-2020,393.25,396.0,388.05,391.2,58657,41292,1373
GPPL,23-NOV-2020,94.75,96.3,93.55,94.45,453213,194115,6763
GPTINFRA,23-NOV-2020,33.4,35.6,31.15,32.85,90546,57745,696
GRANULES,23-NOV-2020,374.35,401.0,374.35,398.6,2541169,1466377,42865
GRAPHITE,23-NOV-2020,242.4,267.0,234.2,256.7,7651464,1213324,95232
GRASIM,23-NOV-2020,863.4,868.9,851.1,854.6,2225036,815527,43247
GRAVITA,23-NOV-2020,49.0,51.0,49.0,49.85,204687,121609,1172
GREAVESCOT,23-NOV-2020,74.0,74.75,73.5,74.1,440764,289999,7169
GREENLAM,23-NOV-2020,785.95,800.0,765.15,767.6,11197,8047,1586
GREENPANEL,23-NOV-2020,82.15,83.15,81.05,81.95,73709,60369,432
GREENPLY,23-NOV-2020,100.0,103.75,99.9,101.85,450707,248595,4723
GREENPOWER,23-NOV-2020,2.1,2.1,2.0,2.05,2061813,1027823,897
GRINDWELL,23-NOV-2020,580.0,583.65,575.0,576.6,28887,22317,2202
GROBTEA,23-NOV-2020,714.0,714.0,662.5,670.35,2448,917,640
GRPLTD,23-NOV-2020,755.0,836.6,755.0,819.05,1158,745,259
GRSE,23-NOV-2020,200.75,204.0,195.15,195.95,173033,86627,4040
GSCLCEMENT,23-NOV-2020,30.75,31.0,30.35,30.5,87025,59791,496
GSFC,23-NOV-2020,67.25,67.25,65.95,66.75,682053,356000,5082
GSPL,23-NOV-2020,200.0,206.7,199.95,205.7,1217079,721556,26948
GSS,23-NOV-2020,36.5,36.5,34.4,35.35,145791,117585,475
GTL,23-NOV-2020,3.2,3.25,3.05,3.2,180169,115346,482
GTLINFRA,23-NOV-2020,0.6,0.6,0.55,0.55,19187961,13016627,2009
GTNIND,23-NOV-2020,7.05,7.85,7.05,7.7,1364,1262,29
GTNTEX,23-NOV-2020,5.45,5.45,5.45,5.45,299,299,3
GTPL,23-NOV-2020,122.0,125.75,119.35,125.15,138868,63538,1875
GUFICBIO,23-NOV-2020,115.0,119.3,113.05,115.8,174890,47637,3098
GUJALKALI,23-NOV-2020,322.0,322.0,312.95,314.25,176986,104359,5254
GUJAPOLLO,23-NOV-2020,192.15,200.0,192.1,199.2,3959,3196,197
GUJGASLTD,23-NOV-2020,322.5,331.95,321.0,323.3,1852666,699445,45378
GULFOILLUB,23-NOV-2020,786.0,795.0,780.0,784.9,24282,14860,2359
GULFPETRO,23-NOV-2020,45.4,45.65,43.7,43.9,38687,26732,447
GULPOLY,23-NOV-2020,85.95,85.95,80.3,81.9,82117,53042,1140
GVKPIL,23-NOV-2020,2.85,2.85,2.8,2.8,3051113,1848348,12092
HAL,23-NOV-2020,775.0,779.4,733.0,772.15,255528,88297,11467
HAPPSTMNDS,23-NOV-2020,320.55,321.95,314.05,318.5,444611,210007,11152
HARITASEAT,23-NOV-2020,449.95,460.0,439.5,441.6,4483,3950,212
HARRMALAYA,23-NOV-2020,103.0,109.7,102.5,105.7,312979,105473,4652
HATHWAY,23-NOV-2020,31.85,31.9,30.0,30.65,396464,219284,2415
HATSUN,23-NOV-2020,989.7,997.0,960.2,967.6,99961,40086,7073
HAVELLS,23-NOV-2020,830.0,840.0,820.95,824.15,1420996,396825,35196
HBANKETF,23-NOV-2020,291.9,293.86,287.38,288.43,6591,4141,193
HBLPOWER,23-NOV-2020,22.7,23.25,22.6,23.1,370561,224867,1232
HBSL,23-NOV-2020,5.6,5.6,5.6,5.6,15,15,1
HCC,23-NOV-2020,5.65,6.05,5.55,5.9,14045883,6610642,5200
HCG,23-NOV-2020,132.0,143.0,130.0,140.25,836723,484583,12253
HCL-INSYS,23-NOV-2020,7.7,7.7,7.5,7.7,296688,192450,863
HCLTECH,23-NOV-2020,825.0,842.0,816.25,839.2,7116516,2607441,139507
HDFC,23-NOV-2020,2344.2,2347.85,2230.1,2250.8,6995598,3547873,218301
HDFCAMC,23-NOV-2020,2439.0,2476.0,2415.0,2427.85,288384,141434,30294
HDFCBANK,23-NOV-2020,1415.0,1423.65,1375.35,1394.6,12623318,5172382,297107
HDFCLIFE,23-NOV-2020,667.2,674.3,655.95,661.3,3011294,1221158,96279
HDFCMFGETF,23-NOV-2020,4769.2,4769.2,4482.55,4499.95,14326,8326,921
HDFCNIFETF,23-NOV-2020,1360.95,1361.0,1349.01,1360.98,1283,973,103
HDFCSENETF,23-NOV-2020,4690.0,4700.0,4649.01,4693.97,75,55,40
HEG,23-NOV-2020,817.75,852.7,796.1,819.35,2243114,237569,72476
HEIDELBERG,23-NOV-2020,198.0,206.6,197.6,201.6,578952,199345,8747
HEMIPROP,23-NOV-2020,66.5,66.5,64.5,64.85,529633,366170,2992
HERCULES,23-NOV-2020,98.95,105.5,97.05,100.5,511933,117542,4630
HERITGFOOD,23-NOV-2020,280.75,280.75,276.85,278.05,48206,28552,1322
HEROMOTOCO,23-NOV-2020,3024.6,3074.0,2982.0,3059.75,1653325,552297,85339
HESTERBIO,23-NOV-2020,1802.55,1840.1,1781.5,1809.15,15567,6064,1554
HFCL,23-NOV-2020,18.2,18.85,18.0,18.3,12642200,6553403,9765
HGINFRA,23-NOV-2020,200.65,205.0,196.4,202.15,53329,19497,1810
HGS,23-NOV-2020,875.0,899.0,875.0,891.4,21269,14774,1608
HIKAL,23-NOV-2020,169.3,174.5,168.75,171.1,726180,303724,10410
HIL,23-NOV-2020,2051.9,2089.95,2007.2,2020.45,16122,8681,2714
HILTON,23-NOV-2020,9.4,10.0,9.2,9.5,8485,5435,61
HIMATSEIDE,23-NOV-2020,119.8,123.3,117.0,121.0,586625,163951,5134
HINDALCO,23-NOV-2020,217.0,221.95,215.55,218.05,22567883,6480624,105750
HINDCOMPOS,23-NOV-2020,212.4,214.6,210.0,210.95,5458,2788,355
HINDCOPPER,23-NOV-2020,37.0,37.25,36.3,36.8,673857,278901,2355
HINDMOTORS,23-NOV-2020,5.05,5.1,5.0,5.05,115344,73184,263
HINDNATGLS,23-NOV-2020,29.45,29.45,26.45,27.25,5468,5099,55
HINDOILEXP,23-NOV-2020,72.3,75.6,71.55,72.95,1311233,423414,6582
HINDPETRO,23-NOV-2020,215.0,216.25,213.1,215.4,5497955,2379034,51617
HINDUNILVR,23-NOV-2020,2140.0,2140.0,2095.0,2129.4,3244576,1763722,168471
HINDZINC,23-NOV-2020,223.0,224.95,218.55,219.85,729048,385739,15768
HIRECT,23-NOV-2020,129.25,143.55,128.5,142.0,107973,74929,1793
HISARMETAL,23-NOV-2020,78.55,79.05,74.3,75.6,4005,2416,160
HITECH,23-NOV-2020,145.85,159.0,140.05,156.85,123797,96724,752
HITECHCORP,23-NOV-2020,109.75,112.95,106.95,111.85,14738,11206,275
HLVLTD,23-NOV-2020,4.9,4.9,4.4,4.75,466658,294336,598
HMVL,23-NOV-2020,54.45,56.0,51.65,52.9,22706,12763,291
HNDFDS,23-NOV-2020,913.35,928.65,885.0,896.7,10166,7123,923
HNGSNGBEES,23-NOV-2020,349.15,351.0,337.25,344.47,489,366,33
HONAUT,23-NOV-2020,30840.0,31298.0,30626.15,30717.5,1805,649,1161
HONDAPOWER,23-NOV-2020,955.5,968.75,931.9,941.15,19679,10204,2201
HOTELRUGBY,23-NOV-2020,1.2,1.2,1.2,1.2,2010,2010,2
HOVS,23-NOV-2020,30.55,30.75,29.6,30.15,14058,9876,231
HPL,23-NOV-2020,34.0,34.9,33.7,34.6,84305,62844,673
HSCL,23-NOV-2020,39.3,42.2,37.5,41.8,13891141,5013309,39944
HSIL,23-NOV-2020,104.85,104.85,98.0,101.2,418442,199828,5392
HTMEDIA,23-NOV-2020,14.3,14.35,13.65,13.85,83788,71707,325
HUBTOWN,23-NOV-2020,11.25,11.5,9.9,10.45,350807,234926,674
HUDCO,23-NOV-2020,33.3,35.45,33.05,34.85,3836413,1772613,9651
IBMFNIFTY,23-NOV-2020,129.9,129.9,125.6,128.0,243,105,39
IBREALEST,23-NOV-2020,61.25,61.5,59.5,59.95,2356037,1442226,10131
IBULHSGFIN,23-NOV-2020,178.1,180.05,176.2,177.85,7203396,1434929,47112
IBULISL,23-NOV-2020,51.95,51.95,50.1,50.65,93553,68234,747
ICEMAKE,23-NOV-2020,88.85,88.85,81.25,81.75,29539,21738,357
ICICI500,23-NOV-2020,171.7,174.35,171.7,174.32,7321,7227,135
ICICIALPLV,23-NOV-2020,127.0,128.7,127.0,128.48,11225,11197,30
ICICIB22,23-NOV-2020,29.89,29.89,28.25,28.78,304479,258609,11203
ICICIBANK,23-NOV-2020,481.8,483.35,466.5,468.25,29513544,11243809,303018
ICICIBANKN,23-NOV-2020,290.79,298.0,287.11,288.08,14386,2757,471
ICICIBANKP,23-NOV-2020,162.9,163.75,158.5,159.06,42703,24639,426
ICICIGI,23-NOV-2020,1360.0,1381.0,1344.05,1352.85,568127,342986,26336
ICICIGOLD,23-NOV-2020,47.7,47.7,44.51,44.71,228162,193970,1269
ICICILIQ,23-NOV-2020,999.5,1000.0,999.5,999.99,11668,8882,34
ICICILOVOL,23-NOV-2020,113.7,113.7,103.0,105.56,142741,142122,255
ICICIM150,23-NOV-2020,71.0,73.45,71.0,73.44,2713,1848,50
ICICIMCAP,23-NOV-2020,70.54,72.68,70.54,72.36,6518,4065,116
ICICINF100,23-NOV-2020,139.17,140.75,139.16,140.64,2120,1456,199
ICICINIFTY,23-NOV-2020,143.7,143.7,133.53,136.92,89646,56593,4451
ICICINV20,23-NOV-2020,64.97,65.05,62.0,64.96,5120,3882,308
ICICINXT50,23-NOV-2020,31.7,31.7,30.0,30.68,27306,21498,219
ICICIPRULI,23-NOV-2020,455.8,459.45,450.2,453.25,1029608,387660,31232
ICICISENSX,23-NOV-2020,478.97,478.97,470.52,475.49,1034,546,73
ICICITECH,23-NOV-2020,223.15,223.15,212.0,221.41,266640,262984,262
ICIL,23-NOV-2020,159.95,161.0,150.3,160.05,304344,237690,4648
ICRA,23-NOV-2020,2646.45,2673.25,2603.0,2608.25,2788,2135,437
IDBI,23-NOV-2020,37.7,38.45,37.5,38.1,1779470,732026,6564
IDBIGOLD,23-NOV-2020,4620.05,4665.0,4620.05,4632.2,58,43,31
IDEA,23-NOV-2020,10.3,10.6,10.15,10.4,392518684,122465765,182880
IDFC,23-NOV-2020,38.1,40.2,38.1,40.2,6639752,6358261,7218
IDFCFIRSTB,23-NOV-2020,33.75,38.5,33.7,36.85,127801118,19919504,172113
IDFNIFTYET,23-NOV-2020,142.0,158.4,122.6,151.41,4872,2352,323
IEX,23-NOV-2020,206.05,207.85,203.4,206.6,401493,275356,10684
IFBAGRO,23-NOV-2020,368.0,406.9,361.25,391.25,57903,21583,3357
IFBIND,23-NOV-2020,773.0,775.0,750.0,759.3,24105,12543,2416
IFCI,23-NOV-2020,6.2,6.65,6.15,6.4,5818262,2042066,53522
IFGLEXPOR,23-NOV-2020,171.75,184.0,171.75,180.3,16255,10281,1415
IGARASHI,23-NOV-2020,346.6,348.8,329.85,332.0,182571,69465,6346
IGL,23-NOV-2020,445.45,457.5,444.25,449.65,3432504,1155642,57290
IGPL,23-NOV-2020,455.8,459.8,435.1,441.9,76480,49186,2465
IIFL,23-NOV-2020,116.8,121.0,116.35,117.15,1256366,461427,10607
IIFLSEC,23-NOV-2020,46.0,46.0,42.8,43.45,1967544,1131520,8107
IIFLWAM,23-NOV-2020,997.5,1000.0,984.85,990.7,118303,114065,2272
IITL,23-NOV-2020,52.55,54.0,51.0,53.5,1397,1106,15
IMAGICAA,23-NOV-2020,4.6,4.7,4.4,4.6,48956,40208,173
IMFA,23-NOV-2020,297.95,300.15,289.5,291.45,32095,21837,1300
IMPAL,23-NOV-2020,543.0,543.0,521.4,532.2,2122,1744,125
IMPEXFERRO,23-NOV-2020,0.75,0.75,0.65,0.65,16472,10633,27
INDBANK,23-NOV-2020,8.55,8.55,8.1,8.45,59509,44132,201
INDHOTEL,23-NOV-2020,113.0,115.5,111.05,113.2,2857862,1456067,27045
INDIACEM,23-NOV-2020,149.2,158.8,146.75,155.7,3924326,1458859,31122
INDIAGLYCO,23-NOV-2020,282.95,299.0,280.55,296.4,530891,205027,9590
INDIAMART,23-NOV-2020,5025.0,5117.0,4905.0,4958.1,53528,34377,10461
INDIANB,23-NOV-2020,63.2,65.2,63.05,64.85,1510681,796665,6835
INDIANCARD,23-NOV-2020,98.0,98.0,94.05,95.25,630,453,69
INDIANHUME,23-NOV-2020,178.2,183.0,176.0,177.85,49417,29032,1353
INDIGO,23-NOV-2020,1680.25,1698.7,1646.1,1669.55,1310395,349235,48870
INDLMETER,23-NOV-2020,13.7,13.7,12.85,13.1,717,690,18
INDNIPPON,23-NOV-2020,356.0,358.2,348.7,353.1,15357,8211,690
INDOCO,23-NOV-2020,259.9,284.0,256.1,275.5,522437,219015,13727
INDORAMA,23-NOV-2020,24.45,24.45,23.6,23.7,17367,11544,176
INDOSTAR,23-NOV-2020,295.0,296.55,292.15,295.0,47454,6481,636
INDOTECH,23-NOV-2020,96.6,102.0,93.6,97.0,26891,11651,631
INDOTHAI,23-NOV-2020,20.6,20.6,19.15,19.6,3944,2185,50
INDOWIND,23-NOV-2020,3.05,3.2,2.85,3.05,75221,49650,138
INDRAMEDCO,23-NOV-2020,52.5,53.4,51.7,52.05,352222,131477,2655
INDSWFTLAB,23-NOV-2020,67.45,68.45,62.4,68.45,134674,103211,754
INDTERRAIN,23-NOV-2020,30.95,33.15,30.15,32.35,314782,225584,1514
INDUSINDBK,23-NOV-2020,836.0,880.9,832.5,849.75,39219488,3342125,536483
INEOSSTYRO,23-NOV-2020,674.8,686.9,669.5,671.2,67082,32834,3078
INFIBEAM,23-NOV-2020,82.8,85.0,82.45,84.75,1913672,1285427,8190
INFOBEAN,23-NOV-2020,129.15,131.0,126.05,127.4,20621,10647,482
INFRABEES,23-NOV-2020,355.3,363.9,355.0,358.83,129,94,52
INFRATEL,23-NOV-2020,221.7,222.5,213.0,218.35,18350232,1774222,111245
INFY,23-NOV-2020,1105.0,1144.8,1101.95,1139.85,10546363,4951543,200221
INGERRAND,23-NOV-2020,654.4,674.0,645.1,656.45,209669,86831,9398
INOXLEISUR,23-NOV-2020,263.8,265.0,254.45,259.95,1150112,703425,27530
INOXWIND,23-NOV-2020,61.9,63.35,59.25,61.1,1752897,789146,9565
INSECTICID,23-NOV-2020,440.0,443.15,433.1,435.5,16892,10666,1277
INSPIRISYS,23-NOV-2020,28.25,29.6,27.05,29.4,17912,13822,221
INTEGRA,23-NOV-2020,1.1,1.1,1.1,1.1,1136,1136,18
INTELLECT,23-NOV-2020,258.3,265.1,256.95,262.65,266677,167937,5362
INTENTECH,23-NOV-2020,34.0,34.85,32.55,33.0,17565,13268,164
INVENTURE,23-NOV-2020,21.45,22.1,19.45,21.3,85326,48757,297
IOB,23-NOV-2020,9.8,9.95,9.6,9.8,2674378,1511915,3095
IOC,23-NOV-2020,85.5,86.65,84.05,86.45,21750853,4678542,49687
IOLCP,23-NOV-2020,711.0,741.0,711.0,719.1,661446,284058,24596
IPCALAB,23-NOV-2020,2149.0,2280.0,2130.05,2197.65,1174042,616318,117246
IRB,23-NOV-2020,118.95,122.7,116.6,120.1,1198019,603956,9415
IRCON,23-NOV-2020,84.8,86.45,82.7,84.95,999221,346595,8299
IRCTC,23-NOV-2020,1368.0,1374.0,1357.0,1362.35,322526,107932,18460
ISEC,23-NOV-2020,440.5,445.0,430.0,434.85,361092,218928,10027
ISFT,23-NOV-2020,63.9,64.95,61.9,63.25,7386,6577,149
ISMTLTD,23-NOV-2020,8.1,8.5,8.1,8.5,113185,99670,137
ITC,23-NOV-2020,192.0,192.5,188.65,190.85,23180456,7067642,122117
ITDC,23-NOV-2020,250.2,251.4,245.0,245.4,19338,9605,1007
ITDCEM,23-NOV-2020,55.1,55.5,53.45,53.65,513233,307176,4749
ITI,23-NOV-2020,125.35,128.0,121.9,126.3,1089494,286339,9844
IVP,23-NOV-2020,67.35,67.35,67.35,67.35,1283,1283,18
IVZINGOLD,23-NOV-2020,4561.0,4561.0,4551.0,4551.0,25,25,4
IVZINNIFTY,23-NOV-2020,1384.6,1390.0,1380.0,1390.0,114,114,6
IZMO,23-NOV-2020,46.75,46.75,44.0,45.4,30135,21760,424
J&KBANK,23-NOV-2020,21.8,24.6,21.25,24.55,34315719,12943412,62402
JAGRAN,23-NOV-2020,41.25,41.4,39.5,39.85,533138,298795,2540
JAGSNPHARM,23-NOV-2020,66.5,68.95,60.6,63.6,285102,155808,3470
JAIBALAJI,23-NOV-2020,16.65,16.75,16.0,16.65,27475,22968,119
JAICORPLTD,23-NOV-2020,89.95,93.45,89.4,91.25,1515902,324776,10856
JAMNAAUTO,23-NOV-2020,60.0,62.0,56.25,57.9,3046743,1399389,14575
JASH,23-NOV-2020,231.9,231.9,221.0,223.4,18405,12598,293
JAYAGROGN,23-NOV-2020,97.95,99.0,96.05,97.2,9101,6013,190
JAYBARMARU,23-NOV-2020,228.1,235.7,226.0,230.0,30308,12648,1060
JAYNECOIND,23-NOV-2020,3.75,3.75,3.75,3.75,15828,15828,15
JAYSREETEA,23-NOV-2020,72.0,73.15,69.0,71.5,920798,370958,6820
JBCHEPHARM,23-NOV-2020,951.4,964.0,939.85,958.6,155586,110033,12036
JBFIND,23-NOV-2020,7.2,7.35,6.85,6.9,296097,248387,1535
JBMA,23-NOV-2020,258.0,263.5,251.9,257.9,31048,16723,1327
JCHAC,23-NOV-2020,2138.55,2162.85,2130.0,2142.65,5056,2631,1040
JHS,23-NOV-2020,20.2,21.2,20.2,20.55,71210,59227,273
JINDALPHOT,23-NOV-2020,14.7,15.0,14.4,14.7,24980,19042,148
JINDALPOLY,23-NOV-2020,462.3,480.0,462.3,470.15,19131,13993,964
JINDALSAW,23-NOV-2020,66.3,67.7,66.0,67.0,946219,459442,5246
JINDALSTEL,23-NOV-2020,239.0,245.8,238.5,242.05,9931028,1263516,65481
JINDRILL,23-NOV-2020,75.55,81.75,74.05,81.55,128600,54452,1777
JINDWORLD,23-NOV-2020,50.7,51.45,48.6,49.15,166835,31813,903
JISLDVREQS,23-NOV-2020,12.65,12.65,12.65,12.65,122758,100266,345
JISLJALEQS,23-NOV-2020,20.0,20.4,19.55,20.4,18539940,8393137,14239
JIYAECO,23-NOV-2020,7.7,7.7,6.6,7.15,1676607,1034747,1450
JKCEMENT,23-NOV-2020,1939.0,1944.0,1915.05,1939.45,90518,57999,13814
JKIL,23-NOV-2020,120.0,121.0,117.0,119.15,91980,55670,1739
JKLAKSHMI,23-NOV-2020,343.2,351.25,343.2,346.5,224446,109122,5241
JKPAPER,23-NOV-2020,98.95,99.5,95.6,95.75,803930,424852,9334
JKTYRE,23-NOV-2020,81.75,82.2,80.15,80.55,640982,246324,6003
JMA,23-NOV-2020,30.15,31.45,30.0,30.4,35966,34851,118
JMCPROJECT,23-NOV-2020,52.75,55.3,51.0,53.7,247604,129197,1949
JMFINANCIL,23-NOV-2020,77.65,78.2,76.6,76.85,1276668,804398,4278
JMTAUTOLTD,23-NOV-2020,2.55,2.65,2.5,2.65,147731,117412,311
JOCIL,23-NOV-2020,164.0,165.0,159.1,163.25,11220,8386,338
JPASSOCIAT,23-NOV-2020,4.25,4.3,4.1,4.2,6103682,3745227,5923
JPINFRATEC,23-NOV-2020,1.35,1.4,1.3,1.35,1697940,1042693,565
JPOLYINVST,23-NOV-2020,14.7,14.7,13.5,13.85,385,305,11
JPPOWER,23-NOV-2020,2.5,2.6,2.4,2.5,12526487,6222786,6130
JSL,23-NOV-2020,66.1,67.0,65.3,66.65,762919,416794,5180
JSLHISAR,23-NOV-2020,125.8,127.45,122.8,123.55,486632,228678,6583
JSWENERGY,23-NOV-2020,63.0,63.85,61.9,62.2,974597,468722,3496
JSWHL,23-NOV-2020,3190.0,3415.0,3150.0,3401.55,5939,3992,792
JSWISPL,23-NOV-2020,17.9,18.05,17.7,17.7,236400,210105,354
JSWSTEEL,23-NOV-2020,338.25,342.3,336.0,337.75,4559744,612676,36653
JTEKTINDIA,23-NOV-2020,77.1,78.5,76.55,77.55,76716,44990,1032
JUBILANT,23-NOV-2020,699.7,741.0,691.55,731.55,789368,318478,24450
JUBLFOOD,23-NOV-2020,2621.0,2645.0,2571.0,2620.25,799739,178016,43852
JUBLINDS,23-NOV-2020,189.0,200.35,185.8,200.35,180228,112389,2455
JUMPNET,23-NOV-2020,21.65,21.65,21.65,21.65,315456,315456,657
JUNIORBEES,23-NOV-2020,315.95,316.73,303.3,315.69,46146,24981,3009
JUSTDIAL,23-NOV-2020,622.3,640.0,618.0,620.95,754251,116959,21740
JYOTHYLAB,23-NOV-2020,140.5,141.8,139.5,139.9,322695,173177,5670
KABRAEXTRU,23-NOV-2020,79.05,83.0,79.05,79.55,56176,40009,657
KAJARIACER,23-NOV-2020,620.2,623.75,618.4,622.6,109128,58140,7508
KAKATCEM,23-NOV-2020,168.5,170.45,166.1,168.3,21405,14534,465
KALPATPOWR,23-NOV-2020,310.0,311.0,294.0,298.95,375250,202529,11398
KAMATHOTEL,23-NOV-2020,32.1,32.5,30.95,31.3,75876,46369,553
KAMDHENU,23-NOV-2020,76.95,77.8,73.2,75.75,22133,12204,411
KANANIIND,23-NOV-2020,3.05,3.3,3.05,3.1,7163,5969,28
KANORICHEM,23-NOV-2020,52.0,52.0,45.0,45.3,432318,200785,4543
KANSAINER,23-NOV-2020,544.5,544.5,518.8,531.6,406351,342640,6550
KARDA,23-NOV-2020,95.0,100.55,94.95,100.25,33489,19166,413
KARMAENG,23-NOV-2020,8.7,9.2,8.4,8.75,3553,2060,16
KARURVYSYA,23-NOV-2020,36.4,39.2,36.15,38.6,4814105,2054715,13365
KAUSHALYA,23-NOV-2020,1.35,1.45,1.35,1.4,5057,3318,24
KAYA,23-NOV-2020,246.5,264.0,246.5,255.9,36203,19823,1296
KCP,23-NOV-2020,70.2,71.55,69.55,70.0,477223,290050,4927
KCPSUGIND,23-NOV-2020,14.4,14.9,14.25,14.65,313600,147932,723
KDDL,23-NOV-2020,163.0,169.5,162.0,165.45,11628,8688,241
KEC,23-NOV-2020,352.2,359.8,348.45,350.15,318313,139116,8671
KECL,23-NOV-2020,12.4,12.4,11.85,11.95,76671,40900,460
KEERTI,23-NOV-2020,27.75,27.75,26.05,26.85,1842,1099,21
KEI,23-NOV-2020,376.5,383.25,374.95,380.1,269436,122213,7796
KELLTONTEC,23-NOV-2020,50.95,52.85,50.45,52.6,1084015,630429,2194
KENNAMET,23-NOV-2020,796.55,815.95,786.1,799.8,5538,3770,575
KESORAMIND,23-NOV-2020,44.0,44.25,42.9,43.35,276121,190951,1578
KEYFINSERV,23-NOV-2020,101.2,101.2,101.2,101.2,1913,1913,18
KHADIM,23-NOV-2020,115.0,115.75,109.8,110.0,107147,88571,2200
KHAICHEM,23-NOV-2020,19.85,20.1,18.65,19.3,491184,70784,3051
KHANDSE,23-NOV-2020,8.9,9.1,8.8,8.9,2603,2478,32
KICL,23-NOV-2020,1316.95,1340.5,1315.95,1336.9,1213,1027,221
KINGFA,23-NOV-2020,561.35,592.15,560.0,570.75,4085,2447,284
KIOCL,23-NOV-2020,119.95,119.95,115.2,117.05,22283,14111,584
KIRIINDUS,23-NOV-2020,474.05,480.3,467.1,469.95,39801,22074,1468
KIRLFER,23-NOV-2020,115.9,119.95,112.3,116.6,413611,168417,4110
KIRLOSBROS,23-NOV-2020,123.0,132.0,121.6,128.75,183345,128739,3326
KIRLOSENG,23-NOV-2020,113.8,114.95,110.2,112.45,349247,161549,3514
KIRLOSIND,23-NOV-2020,749.8,749.9,711.65,719.15,1469,985,200
KITEX,23-NOV-2020,100.95,100.95,99.9,100.6,55421,34618,751
KKCL,23-NOV-2020,740.0,764.95,736.05,750.8,1983,1131,167
KMSUGAR,23-NOV-2020,10.45,10.5,10.25,10.4,166087,104940,366
KNRCON,23-NOV-2020,291.0,293.85,285.0,286.15,148582,62672,5032
KOKUYOCMLN,23-NOV-2020,62.0,63.25,61.0,62.1,131982,55331,1434
KOLTEPATIL,23-NOV-2020,188.0,202.0,184.5,196.15,423144,173589,7665
KOPRAN,23-NOV-2020,117.2,122.65,113.0,118.65,456393,180938,5455
KOTAKBANK,23-NOV-2020,1892.4,1905.3,1871.15,1897.85,10443439,6731789,284397
KOTAKBKETF,23-NOV-2020,295.39,296.5,291.0,293.54,330776,272005,1188
KOTAKGOLD,23-NOV-2020,438.0,444.95,438.0,440.75,53030,30800,908
KOTAKNIFTY,23-NOV-2020,135.29,135.29,134.02,134.55,32485,19588,549
KOTAKNV20,23-NOV-2020,65.0,66.9,65.0,66.04,13499,12324,90
KOTAKPSUBK,23-NOV-2020,145.0,146.0,143.03,143.69,4611,2175,137
KOTARISUG,23-NOV-2020,14.2,16.2,13.8,15.15,143045,115851,401
KOTHARIPET,23-NOV-2020,15.15,15.8,15.0,15.4,200670,117172,338
KOTHARIPRO,23-NOV-2020,66.0,67.85,62.3,62.85,19438,15707,336
KPITTECH,23-NOV-2020,104.2,107.7,103.9,105.85,391822,185698,4627
KPRMILL,23-NOV-2020,807.75,812.0,785.5,794.4,18778,9810,1707
KRBL,23-NOV-2020,252.5,252.85,247.0,247.8,249035,141787,4907
KREBSBIO,23-NOV-2020,88.0,90.5,85.7,89.7,11733,9617,204
KRIDHANINF,23-NOV-2020,2.7,2.7,2.45,2.5,79128,76717,109
KSB,23-NOV-2020,525.0,549.9,525.0,545.25,102224,80113,2567
KSCL,23-NOV-2020,512.2,514.0,501.05,504.7,168296,97945,6493
KSK,23-NOV-2020,0.4,0.4,0.35,0.4,981187,666555,210
KSL,23-NOV-2020,237.25,245.8,235.65,243.4,181129,74224,4602
KTKBANK,23-NOV-2020,45.0,46.2,44.7,45.9,2679991,1303622,6646
KUANTUM,23-NOV-2020,42.25,43.05,41.15,41.8,9314,7036,115
KWALITY,23-NOV-2020,2.45,2.5,2.4,2.4,392383,259346,417
L&TFH,23-NOV-2020,73.0,74.0,71.35,73.4,25493665,8598323,66067
LAKSHVILAS,23-NOV-2020,8.1,8.1,8.1,8.1,1226536,1226536,3158
LALPATHLAB,23-NOV-2020,2219.65,2328.75,2186.9,2290.85,206788,60447,20194
LAMBODHARA,23-NOV-2020,28.15,28.95,27.8,28.1,1896,1367,46
LAOPALA,23-NOV-2020,215.5,215.95,210.0,211.1,64813,38674,2067
LASA,23-NOV-2020,78.0,79.0,76.35,77.1,91381,53322,881
LAURUSLABS,23-NOV-2020,284.9,292.0,284.7,290.4,4321845,2437297,42746
LAXMIMACH,23-NOV-2020,4360.0,4415.0,4315.5,4362.3,5726,1943,1762
LEMONTREE,23-NOV-2020,33.0,33.9,30.75,31.7,2761763,1591998,10210
LFIC,23-NOV-2020,57.6,59.5,57.6,57.7,368,196,15
LGBBROSLTD,23-NOV-2020,260.0,273.0,259.45,268.2,126976,87971,2732
LGBFORGE,23-NOV-2020,2.6,2.6,2.45,2.6,51138,42990,92
LIBAS,23-NOV-2020,28.75,29.25,28.7,28.85,8747,8382,92
LIBERTSHOE,23-NOV-2020,145.85,146.8,144.5,144.9,59573,25106,1278
LICHSGFIN,23-NOV-2020,332.4,334.0,319.7,321.8,6770468,2265817,66900
LICNETFGSC,23-NOV-2020,21.82,21.82,21.52,21.7,4786,3962,65
LICNETFN50,23-NOV-2020,136.9,136.9,129.6,131.53,3462,1182,171
LICNETFSEN,23-NOV-2020,467.0,467.0,448.7,460.61,41,20,19
LICNFNHGP,23-NOV-2020,131.0,132.0,128.12,130.9,218,205,20
LIKHITHA,23-NOV-2020,155.3,158.9,154.05,157.2,128596,46441,2408
LINCOLN,23-NOV-2020,236.45,236.45,229.45,230.7,36281,19520,1345
LINCPEN,23-NOV-2020,159.35,162.0,155.45,160.15,3090,2520,169
LINDEINDIA,23-NOV-2020,895.2,908.0,882.0,895.6,60285,32489,3090
LIQUIDBEES,23-NOV-2020,1002.4,1002.4,999.11,1000.0,1201348,892485,3842
LIQUIDETF,23-NOV-2020,999.99,1000.04,999.99,999.99,28266,17043,124
LOKESHMACH,23-NOV-2020,23.8,25.5,23.5,23.7,24894,13521,211
LOTUSEYE,23-NOV-2020,33.05,33.1,31.3,32.25,32105,29056,145
LOVABLE,23-NOV-2020,63.75,63.75,61.6,62.05,14647,8412,333
LPDC,23-NOV-2020,1.35,1.4,1.3,1.35,13083,12283,27
LSIL,23-NOV-2020,0.7,0.75,0.65,0.7,670509,441516,374
LT,23-NOV-2020,1138.8,1147.85,1122.85,1125.85,4998877,2145194,117426
LTI,23-NOV-2020,3120.0,3289.55,3110.0,3264.15,710638,305097,71469
LTTS,23-NOV-2020,1672.75,1703.0,1645.0,1688.4,155088,82921,11991
LUMAXIND,23-NOV-2020,1318.5,1339.45,1291.05,1293.75,3238,2036,729
LUMAXTECH,23-NOV-2020,106.65,107.45,103.5,103.7,41303,28527,778
LUPIN,23-NOV-2020,886.0,900.85,877.5,884.3,3600764,1083482,106343
LUXIND,23-NOV-2020,1543.55,1584.0,1543.55,1567.95,35678,6398,2514
LYKALABS,23-NOV-2020,17.8,18.35,17.3,18.1,18438,12924,201
LYPSAGEMS,23-NOV-2020,3.0,3.05,2.75,3.0,21455,16834,77
M&M,23-NOV-2020,716.4,720.75,699.0,705.45,4484068,1646053,72986
M&MFIN,23-NOV-2020,158.65,161.85,155.4,158.65,13518091,3311893,68070
M100,23-NOV-2020,20.88,20.88,19.75,19.97,236615,221513,510
M50,23-NOV-2020,126.97,127.28,126.1,127.0,1207,1081,44
MAANALU,23-NOV-2020,74.55,74.65,72.95,73.25,6412,4906,166
MACPOWER,23-NOV-2020,63.5,65.0,57.15,59.7,44928,13724,293
MADHAV,23-NOV-2020,27.65,29.4,27.3,28.8,13859,8030,260
MADHUCON,23-NOV-2020,3.05,3.2,3.05,3.05,45309,39198,88
MADRASFERT,23-NOV-2020,17.45,17.45,16.85,17.15,199961,78701,895
MAGADSUGAR,23-NOV-2020,105.2,109.5,104.05,105.9,14588,7557,332
MAGMA,23-NOV-2020,44.05,45.75,43.0,45.3,791831,456667,3148
MAGNUM,23-NOV-2020,4.7,4.85,4.55,4.8,13215,11032,31
MAHABANK,23-NOV-2020,11.4,11.85,11.3,11.65,2214780,1370434,2816
MAHASTEEL,23-NOV-2020,97.95,97.95,93.2,94.8,9924,4223,502
MAHEPC,23-NOV-2020,151.9,152.45,145.55,147.45,198189,62441,4217
MAHINDCIE,23-NOV-2020,156.0,160.0,154.0,158.0,80979,46825,2169
MAHLIFE,23-NOV-2020,279.95,283.9,272.0,274.85,40420,22634,1575
MAHLOG,23-NOV-2020,396.0,402.0,391.5,398.15,64831,48762,2575
MAHSCOOTER,23-NOV-2020,3859.0,3981.8,3859.0,3957.0,14819,6275,1882
MAHSEAMLES,23-NOV-2020,252.0,253.05,245.2,248.7,90161,61656,1881
MAITHANALL,23-NOV-2020,566.0,567.0,541.25,547.5,41722,25714,1700
MAJESCO,23-NOV-2020,940.0,952.0,936.55,940.35,254306,235692,2461
MALUPAPER,23-NOV-2020,26.4,26.45,24.55,24.7,26328,17881,195
MAN50ETF,23-NOV-2020,132.22,132.28,131.04,131.83,2549,2335,49
MANAKALUCO,23-NOV-2020,6.85,7.25,6.85,7.1,6765,2754,63
MANAKCOAT,23-NOV-2020,5.5,5.7,5.1,5.6,19198,12484,134
MANAKSIA,23-NOV-2020,43.5,43.95,41.0,42.25,73667,47000,785
MANAKSTEEL,23-NOV-2020,14.2,14.2,14.2,14.2,19288,19273,62
MANALIPETC,23-NOV-2020,35.15,35.85,34.45,34.65,912135,519903,3008
MANAPPURAM,23-NOV-2020,162.9,164.9,161.1,162.0,4754689,822171,33477
MANGALAM,23-NOV-2020,152.4,154.75,147.15,147.3,220406,161231,2409
MANGCHEFER,23-NOV-2020,34.9,36.05,34.55,34.95,1337767,729018,6396
MANGLMCEM,23-NOV-2020,212.8,216.5,210.15,215.65,76421,47364,1896
MANGTIMBER,23-NOV-2020,8.0,8.2,8.0,8.2,7258,7257,23
MANINDS,23-NOV-2020,73.5,74.5,72.1,72.5,297967,164439,2470
MANINFRA,23-NOV-2020,26.0,27.7,26.0,27.15,681686,356567,2356
MANUGRAPH,23-NOV-2020,9.3,9.35,8.9,9.35,9971,7218,54
MANXT50,23-NOV-2020,299.23,300.85,299.23,300.31,6555,3891,49
MARALOVER,23-NOV-2020,15.9,17.45,15.9,16.45,23092,10983,117
MARATHON,23-NOV-2020,70.2,73.8,68.1,72.5,21736,13108,279
MARICO,23-NOV-2020,374.4,379.9,372.15,378.25,2199453,586672,28785
MARKSANS,23-NOV-2020,61.55,62.65,60.2,60.6,3491798,1446546,14824
MARUTI,23-NOV-2020,7040.0,7044.0,6932.6,6987.75,735755,296127,62356
MASFIN,23-NOV-2020,1072.0,1100.0,1042.0,1046.0,39812,28983,2662
MASTEK,23-NOV-2020,1004.8,1011.25,991.05,999.1,78657,44686,3783
MATRIMONY,23-NOV-2020,634.6,692.9,616.85,687.15,956135,930293,2496
MAWANASUG,23-NOV-2020,23.7,24.4,23.25,23.95,121198,60461,579
MAXHEALTH,23-NOV-2020,124.4,129.2,122.1,126.3,740615,400073,6320
MAXIND,23-NOV-2020,58.6,59.1,58.1,58.35,76503,45343,1116
MAXVIL,23-NOV-2020,40.5,42.0,39.0,39.95,412575,176336,1799
MAYURUNIQ,23-NOV-2020,276.65,278.1,271.95,277.15,117068,70099,4183
MAZDA,23-NOV-2020,585.05,597.05,570.0,590.35,10305,4811,730
MAZDOCK,23-NOV-2020,185.0,185.95,180.75,182.2,1493301,545229,12503
MBLINFRA,23-NOV-2020,9.4,9.4,8.75,9.05,95112,59712,154
MCDHOLDING,23-NOV-2020,24.95,24.95,24.05,24.4,14599,8604,177
MCDOWELL-N,23-NOV-2020,576.0,577.8,563.3,566.8,2637746,1219308,52370
MCL,23-NOV-2020,62.25,62.25,55.0,59.35,18990,11478,174
MCLEODRUSS,23-NOV-2020,26.9,27.15,25.6,26.25,1469904,984408,2643
MCX,23-NOV-2020,1614.8,1620.0,1585.0,1587.05,260563,140944,23114
MEGASOFT,23-NOV-2020,7.9,8.2,7.9,8.0,23303,22152,96
MEGH,23-NOV-2020,74.55,77.7,74.55,77.0,1171074,431104,7574
MEP,23-NOV-2020,14.5,14.6,13.95,14.4,122362,63307,326
MERCATOR,23-NOV-2020,0.85,0.85,0.8,0.85,321784,161462,153
METALFORGE,23-NOV-2020,4.1,4.35,4.05,4.3,26597,19948,130
METROPOLIS,23-NOV-2020,2151.0,2247.8,2151.0,2239.2,196076,93838,18901
MFSL,23-NOV-2020,621.1,647.9,618.0,633.25,2321068,653879,38411
MGL,23-NOV-2020,930.0,955.45,928.0,942.75,1596108,303469,51503
MHRIL,23-NOV-2020,181.05,186.05,180.0,182.4,305890,260568,2551
MIDHANI,23-NOV-2020,194.8,195.4,188.3,189.75,579529,238729,7531
MINDACORP,23-NOV-2020,74.9,78.0,74.4,77.45,3415163,1556099,17884
MINDAIND,23-NOV-2020,372.0,374.75,363.05,364.85,132417,76522,5649
MINDTECK,23-NOV-2020,35.4,36.0,34.0,36.0,34238,24217,339
MINDTREE,23-NOV-2020,1360.0,1405.8,1360.0,1395.85,1213782,264711,48823
MIRCELECTR,23-NOV-2020,9.15,9.45,8.7,8.7,425398,330719,1906
MIRZAINT,23-NOV-2020,48.7,49.35,48.55,48.85,136340,62841,1020
MITTAL,23-NOV-2020,15.05,15.05,15.05,15.05,14849,14849,86
MMFL,23-NOV-2020,340.95,343.95,334.7,339.1,10625,7382,277
MMP,23-NOV-2020,85.1,89.4,82.5,83.85,7642,6088,176
MMTC,23-NOV-2020,17.85,17.9,17.3,17.65,524494,273547,1331
MOHITIND,23-NOV-2020,3.8,3.8,3.8,3.8,957,957,8
MOHOTAIND,23-NOV-2020,7.8,7.9,7.55,7.55,16532,14734,43
MOIL,23-NOV-2020,125.9,130.2,124.05,128.25,893577,490638,11912
MOLDTKPAC,23-NOV-2020,292.25,294.45,290.1,290.65,22138,13880,1131
MONTECARLO,23-NOV-2020,218.45,221.1,215.0,216.8,45768,23148,1888
MORARJEE,23-NOV-2020,10.15,10.15,9.6,10.0,4226,2572,31
MOREPENLAB,23-NOV-2020,28.1,28.15,27.75,27.85,1355971,792301,2637
MOTHERSUMI,23-NOV-2020,140.9,148.3,140.8,146.6,31335476,9213667,143478
MOTILALOFS,23-NOV-2020,616.5,622.7,599.0,601.5,65209,41558,2801
MOTOGENFIN,23-NOV-2020,16.45,17.0,15.35,16.75,9489,7367,76
MPHASIS,23-NOV-2020,1345.0,1345.0,1293.0,1315.3,562622,309930,26266
MPSLTD,23-NOV-2020,383.6,385.8,374.0,374.85,8219,3483,925
MRF,23-NOV-2020,81160.0,81249.4,79200.05,80114.5,60161,18000,26796
MRO-TEK,23-NOV-2020,22.1,22.8,22.0,22.1,5466,4823,29
MRPL,23-NOV-2020,28.2,28.75,27.85,28.6,1255330,504913,2969
MSPL,23-NOV-2020,6.85,7.2,6.85,7.2,3789,2269,22
MSTCLTD,23-NOV-2020,149.75,151.9,148.0,148.65,250652,123619,3396
MTEDUCARE,23-NOV-2020,9.45,9.45,9.15,9.4,46802,39014,145
MTNL,23-NOV-2020,9.6,9.8,9.35,9.65,1443263,914167,1843
MUKANDENGG,23-NOV-2020,12.15,12.7,12.05,12.5,15948,14895,129
MUKANDLTD,23-NOV-2020,51.85,52.3,49.7,50.7,146948,130037,452
MUKTAARTS,23-NOV-2020,27.2,27.7,26.7,27.25,13626,12215,172
MUNJALAU,23-NOV-2020,56.55,57.45,56.5,56.8,164540,90439,1351
MUNJALSHOW,23-NOV-2020,138.0,139.5,135.25,137.8,22020,13058,588
MURUDCERA,23-NOV-2020,17.85,17.95,17.2,17.45,58508,34845,407
MUTHOOTCAP,23-NOV-2020,459.9,459.9,433.35,440.25,23278,14774,1445
MUTHOOTFIN,23-NOV-2020,1195.0,1197.75,1152.0,1156.0,3022990,1294781,116759
N100,23-NOV-2020,865.0,878.79,865.0,872.22,21224,11187,1022
NACLIND,23-NOV-2020,41.7,42.0,39.5,41.05,63709,37518,558
NAGAFERT,23-NOV-2020,5.9,5.9,5.9,5.9,321503,296498,252
NAGREEKCAP,23-NOV-2020,5.0,5.45,5.0,5.45,301,300,3
NAGREEKEXP,23-NOV-2020,15.3,15.85,14.6,15.25,11960,7364,99
NAHARCAP,23-NOV-2020,70.4,71.85,66.8,69.85,6342,3533,250
NAHARINDUS,23-NOV-2020,27.0,27.95,26.3,26.9,6739,3804,99
NAHARPOLY,23-NOV-2020,92.0,93.5,88.05,90.5,57160,32036,1058
NAHARSPING,23-NOV-2020,43.7,44.3,41.5,42.6,26353,20481,208
NAM-INDIA,23-NOV-2020,292.9,297.45,287.5,292.85,563547,209161,10105
NATCOPHARM,23-NOV-2020,906.05,933.0,904.0,911.45,785225,304251,31099
NATHBIOGEN,23-NOV-2020,263.0,267.8,262.45,263.4,30157,22168,670
NATIONALUM,23-NOV-2020,36.6,37.1,36.2,36.5,7302667,3077504,16071
NATNLSTEEL,23-NOV-2020,3.8,3.8,3.8,3.8,2488,2488,10
NAUKRI,23-NOV-2020,4025.0,4073.2,3955.0,4058.45,520320,110971,44984
NAVINFLUOR,23-NOV-2020,2576.85,2750.0,2576.85,2730.55,128505,64311,15407
NAVKARCORP,23-NOV-2020,27.5,28.35,26.55,26.85,325172,184369,1123
NAVNETEDUL,23-NOV-2020,84.0,84.0,80.1,81.15,78270,39013,1891
NBCC,23-NOV-2020,26.2,26.75,25.8,26.15,15312926,7253509,26085
NBIFIN,23-NOV-2020,1689.0,1699.0,1684.6,1697.6,697,659,168
NBVENTURES,23-NOV-2020,47.9,48.5,46.75,46.95,980103,757131,4832
NCC,23-NOV-2020,41.65,44.4,41.65,43.7,19363595,4615679,30912
NCLIND,23-NOV-2020,144.9,147.1,143.1,143.45,231875,127710,3824
NCPSESDL24,23-NOV-2020,102.54,102.54,102.54,102.54,211,211,3
NDGL,23-NOV-2020,623.0,655.05,620.0,620.0,217,110,26
NDL,23-NOV-2020,20.85,20.85,20.0,20.45,39919,28948,284
NDRAUTO,23-NOV-2020,159.0,163.7,152.0,163.55,21546,12391,371
NDTV,23-NOV-2020,37.95,38.45,37.05,37.7,41707,33559,298
NECCLTD,23-NOV-2020,9.6,9.6,8.75,9.0,28737,16562,119
NECLIFE,23-NOV-2020,17.35,18.25,17.35,18.15,167433,89141,628
NELCAST,23-NOV-2020,59.1,61.5,58.95,60.6,122361,63857,914
NELCO,23-NOV-2020,184.0,189.0,184.0,186.7,44811,26571,1079
NEOGEN,23-NOV-2020,634.25,639.85,630.0,633.05,7544,5000,773
NESCO,23-NOV-2020,528.0,531.15,510.6,514.15,106433,49913,6130
NESTLEIND,23-NOV-2020,17461.0,17848.9,17460.4,17786.4,202645,103387,38322
NETF,23-NOV-2020,132.57,137.6,131.5,134.21,511,285,46
NETFCONSUM,23-NOV-2020,55.1,59.28,55.1,56.66,5566,3046,106
NETFDIVOPP,23-NOV-2020,29.72,30.48,28.3,30.35,5552,5144,49
NETFIT,23-NOV-2020,21.9,22.2,21.2,22.14,6444692,6249982,1552
NETFLTGILT,23-NOV-2020,22.34,22.36,22.3,22.34,30241,20273,104
NETFMID150,23-NOV-2020,72.91,73.7,72.8,73.55,30555,19985,535
NETFNIF100,23-NOV-2020,126.0,131.98,126.0,128.05,479,360,58
NETFNV20,23-NOV-2020,66.0,66.95,65.74,66.95,10340,8930,36
NETWORK18,23-NOV-2020,36.1,36.35,35.35,35.65,979529,457319,2808
NEULANDLAB,23-NOV-2020,1040.0,1077.7,1021.9,1058.2,145882,80595,10808
NEWGEN,23-NOV-2020,273.0,275.0,267.1,270.65,65467,26904,2646
NEXTMEDIA,23-NOV-2020,4.35,4.75,4.35,4.4,7838,6503,24
NFL,23-NOV-2020,34.2,34.65,34.05,34.35,706996,323353,2785
NH,23-NOV-2020,368.05,378.25,364.75,369.75,182392,100156,13049
NHPC,23-NOV-2020,20.55,20.65,20.5,20.55,3560492,1589243,5126
NIACL,23-NOV-2020,111.15,118.5,111.15,113.1,282325,117989,3516
NIBL,23-NOV-2020,7.35,7.35,6.9,7.35,5364,5274,33
NIFTYBEES,23-NOV-2020,149.0,149.0,136.62,137.76,1987751,898600,9543
NIFTYEES,23-NOV-2020,16050.0,16625.0,16050.0,16337.5,2,2,2
NIITLTD,23-NOV-2020,175.2,197.55,168.1,190.5,4609525,818091,46407
NILAINFRA,23-NOV-2020,3.8,4.1,3.75,3.9,1223291,1042936,577
NILASPACES,23-NOV-2020,1.15,1.2,1.1,1.1,213360,180110,100
NILKAMAL,23-NOV-2020,1398.65,1398.65,1359.5,1366.2,9377,6748,1021
NIPPOBATRY,23-NOV-2020,670.0,693.0,662.1,671.5,2627,1786,343
NITCO,23-NOV-2020,18.25,18.9,17.95,18.4,25858,14794,250
NKIND,23-NOV-2020,18.15,18.15,17.5,18.15,151,151,3
NLCINDIA,23-NOV-2020,49.8,50.15,49.35,49.5,560736,403385,4173
NMDC,23-NOV-2020,94.0,94.4,92.1,93.55,5889517,1520657,24625
NOCIL,23-NOV-2020,141.0,142.6,139.05,139.55,640534,291305,6517
NORBTEAEXP,23-NOV-2020,9.0,9.55,8.9,9.35,1701,1549,31
NOVARTIND,23-NOV-2020,628.95,631.9,624.0,626.9,6526,4040,579
NPBET,23-NOV-2020,161.0,161.0,153.05,156.04,2647,1580,84
NRAIL,23-NOV-2020,197.6,200.6,191.5,193.7,20528,15494,568
NRBBEARING,23-NOV-2020,75.1,76.75,74.55,74.75,130915,76792,1530
NSIL,23-NOV-2020,810.0,860.0,809.95,843.45,2646,1970,356
NTL,23-NOV-2020,1.0,1.0,0.95,1.0,68520,68520,53
NTPC,23-NOV-2020,92.9,94.4,92.0,93.65,54262598,18201931,116551
NUCLEUS,23-NOV-2020,547.5,552.3,537.0,545.55,72366,43294,2869
NXTDIGITAL,23-NOV-2020,627.95,627.95,601.0,614.35,16728,1824,682
OAL,23-NOV-2020,503.0,525.0,499.95,517.65,59528,38366,2162
OBEROIRLTY,23-NOV-2020,466.0,472.6,456.0,459.5,279897,160490,18420
OCCL,23-NOV-2020,840.5,884.0,833.05,855.45,13382,4691,1336
OFSS,23-NOV-2020,3036.0,3059.55,3010.0,3026.4,36907,23168,5949
OIL,23-NOV-2020,91.8,95.35,91.05,93.55,1355708,487995,8149
OISL,23-NOV-2020,2.8,2.8,2.65,2.75,10621,6312,34
OLECTRA,23-NOV-2020,64.0,67.95,62.8,65.8,215265,122916,2349
OMAXAUTO,23-NOV-2020,39.9,39.9,38.3,38.75,36191,21784,417
OMAXE,23-NOV-2020,69.95,70.95,69.65,70.05,129330,96750,422
OMKARCHEM,23-NOV-2020,7.9,7.9,7.25,7.55,22518,13232,139
OMMETALS,23-NOV-2020,17.6,17.6,16.55,17.1,111785,77824,623
ONELIFECAP,23-NOV-2020,6.15,6.15,5.9,6.0,1381,1381,13
ONGC,23-NOV-2020,72.0,77.8,71.8,76.5,44111534,11799784,131135
ONMOBILE,23-NOV-2020,42.95,43.0,41.95,42.5,93261,63116,551
ONWARDTEC,23-NOV-2020,64.5,64.5,60.8,63.95,11825,9673,193
ORBTEXP,23-NOV-2020,66.1,68.1,63.4,64.35,11355,7663,285
ORICONENT,23-NOV-2020,20.8,21.0,20.25,20.45,128201,98512,467
ORIENTABRA,23-NOV-2020,21.5,21.5,20.75,20.85,42041,32651,255
ORIENTALTL,23-NOV-2020,7.55,7.9,7.5,7.9,33115,23436,73
ORIENTBELL,23-NOV-2020,134.95,139.0,134.15,134.65,17625,9595,316
ORIENTCEM,23-NOV-2020,70.6,71.4,69.0,70.1,411597,221410,3763
ORIENTELEC,23-NOV-2020,231.2,231.45,225.85,228.35,177446,129440,3616
ORIENTHOT,23-NOV-2020,22.05,22.15,21.45,21.75,34157,27618,197
ORIENTLTD,23-NOV-2020,74.1,78.75,74.1,74.35,263,239,12
ORIENTPPR,23-NOV-2020,19.1,19.35,18.6,18.7,500216,280727,1386
ORIENTREF,23-NOV-2020,220.55,221.0,211.2,218.7,36839,16447,1324
ORISSAMINE,23-NOV-2020,2065.6,2478.7,2057.0,2478.7,134097,45935,15017
ORTINLABSS,23-NOV-2020,23.1,23.4,22.15,22.5,33526,26353,219
OSWALAGRO,23-NOV-2020,10.15,10.15,9.5,9.65,62029,33234,223
PAEL,23-NOV-2020,1.8,1.85,1.8,1.85,1050,1050,2
PAGEIND,23-NOV-2020,22300.0,22300.0,21850.05,21931.8,23166,4327,8166
PAISALO,23-NOV-2020,383.95,405.0,379.95,398.55,51136,7680,865
PALASHSECU,23-NOV-2020,34.4,36.1,34.25,34.3,3232,3099,22
PALREDTEC,23-NOV-2020,34.5,36.5,34.5,36.1,22824,19285,137
PANACEABIO,23-NOV-2020,198.0,204.0,198.0,199.9,149516,72966,3429
PANACHE,23-NOV-2020,42.05,43.5,41.0,41.0,15229,6515,67
PANAMAPET,23-NOV-2020,74.0,74.1,68.3,72.75,799131,262777,2607
PAPERPROD,23-NOV-2020,300.9,309.5,299.0,300.7,79824,41994,2433
PARACABLES,23-NOV-2020,6.6,6.65,6.5,6.55,131601,103193,195
PARAGMILK,23-NOV-2020,109.6,113.9,107.85,110.35,833684,265788,7647
PARSVNATH,23-NOV-2020,3.05,3.05,3.05,3.05,9219,9219,42
PATELENG,23-NOV-2020,10.85,11.2,10.85,11.0,186644,107106,526
PATINTLOG,23-NOV-2020,26.45,26.45,24.65,25.35,44947,22883,400
PATSPINLTD,23-NOV-2020,4.35,4.35,4.1,4.35,7412,7408,16
PCJEWELLER,23-NOV-2020,15.75,15.75,15.45,15.55,1248441,801940,1931
PDMJEPAPER,23-NOV-2020,22.7,22.75,20.3,21.0,563203,272289,2331
PDSMFL,23-NOV-2020,398.05,411.0,398.05,411.0,15186,14925,67
PEARLPOLY,23-NOV-2020,15.4,16.1,15.4,16.0,10223,10101,24
PEL,23-NOV-2020,1413.25,1438.95,1380.1,1392.9,917976,183425,31757
PENIND,23-NOV-2020,20.0,20.0,18.5,18.7,418218,241329,1367
PENINLAND,23-NOV-2020,4.25,4.25,4.05,4.1,138852,86427,214
PERSISTENT,23-NOV-2020,1147.8,1160.0,1122.0,1156.15,64633,38403,6440
PETRONET,23-NOV-2020,259.7,263.0,250.0,252.6,7321274,2701205,65661
PFC,23-NOV-2020,104.0,105.5,103.7,104.05,4650263,1586829,20448
PFIZER,23-NOV-2020,5120.0,5164.0,5091.75,5147.0,116729,42351,15046
PFOCUS,23-NOV-2020,38.95,39.4,37.9,38.1,41348,14884,318
PFS,23-NOV-2020,17.7,17.75,17.45,17.6,325633,234590,751
PGEL,23-NOV-2020,128.85,135.25,127.0,135.25,28435,27777,240
PGHH,23-NOV-2020,10600.0,10799.95,10556.0,10678.65,7817,5427,1704
PGHL,23-NOV-2020,6000.0,6446.0,6000.0,6243.6,35696,14913,8789
PGIL,23-NOV-2020,165.6,172.65,162.3,167.05,32212,30163,171
PHILIPCARB,23-NOV-2020,163.9,169.95,163.0,168.25,1952780,502158,20956
PHOENIXLTD,23-NOV-2020,658.0,667.0,646.3,654.7,149715,103683,9127
PIDILITIND,23-NOV-2020,1562.1,1590.0,1557.2,1585.2,1000851,506713,39576
PIIND,23-NOV-2020,2432.0,2517.0,2393.05,2421.55,991023,580656,101953
PILANIINVS,23-NOV-2020,2021.55,2057.95,2017.55,2032.35,1669,1114,371
PILITA,23-NOV-2020,7.75,8.3,7.35,7.8,754200,379474,855
PIONDIST,23-NOV-2020,110.95,110.95,105.05,106.5,5711,3552,122
PIONEEREMB,23-NOV-2020,24.2,25.8,23.55,24.8,53330,44666,164
PITTIENG,23-NOV-2020,43.65,46.0,43.2,45.55,258206,71749,1303
PLASTIBLEN,23-NOV-2020,234.9,249.8,234.9,245.8,210618,81415,5005
PNB,23-NOV-2020,29.95,30.15,29.75,30.05,21909692,6896860,32031
PNBGILTS,23-NOV-2020,39.65,43.25,39.35,42.8,2846531,740626,10473
PNBHOUSING,23-NOV-2020,388.0,388.0,375.0,378.15,174965,99712,4644
PNC,23-NOV-2020,13.95,16.25,13.55,16.25,44288,30712,304
PNCINFRA,23-NOV-2020,168.6,174.45,167.7,172.85,606557,179589,8173
PODDARHOUS,23-NOV-2020,173.8,184.9,168.0,180.3,8381,6017,332
PODDARMENT,23-NOV-2020,184.0,184.95,179.45,183.55,12436,7781,368
POKARNA,23-NOV-2020,141.4,145.5,141.4,143.25,36906,20859,566
POLYCAB,23-NOV-2020,926.0,935.5,925.0,930.4,171479,91372,6658
POLYMED,23-NOV-2020,489.45,495.0,486.0,491.65,29741,14703,1581
POLYPLEX,23-NOV-2020,761.05,767.95,756.2,760.95,38277,22774,3072
PONNIERODE,23-NOV-2020,154.5,162.0,153.6,159.2,8227,5263,284
POWERGRID,23-NOV-2020,192.0,195.9,190.5,194.75,11761473,6048216,47659
POWERINDIA,23-NOV-2020,952.0,998.6,935.0,981.8,36505,21725,1378
POWERMECH,23-NOV-2020,374.0,382.0,370.6,374.9,102107,61530,3013
PPAP,23-NOV-2020,274.0,274.0,266.0,266.75,16369,9630,725
PPL,23-NOV-2020,77.4,77.4,72.95,74.8,117895,75269,1142
PRABHAT,23-NOV-2020,72.5,74.7,71.95,72.35,104698,42530,983
PRADIP,23-NOV-2020,0.5,0.5,0.5,0.5,201,201,1
PRAENG,23-NOV-2020,6.3,6.65,6.3,6.55,2254,1669,25
PRAJIND,23-NOV-2020,83.25,89.3,82.5,87.2,5085646,1467364,31395
PRAKASH,23-NOV-2020,44.4,44.65,43.25,43.45,514118,326894,2144
PRAKASHSTL,23-NOV-2020,0.65,0.75,0.65,0.7,213282,166782,70
PRAXIS,23-NOV-2020,37.75,38.15,36.0,36.5,16242,12271,227
PRECAM,23-NOV-2020,38.6,38.6,37.35,38.0,131087,81655,925
PRECWIRE,23-NOV-2020,152.0,152.7,145.25,149.15,36353,16011,1317
PREMEXPLN,23-NOV-2020,132.0,138.85,132.0,135.85,6597,6018,178
PREMIER,23-NOV-2020,2.4,2.5,2.3,2.5,7880,7810,33
PREMIERPOL,23-NOV-2020,28.5,30.85,28.5,29.95,42120,39233,92
PRESSMN,23-NOV-2020,22.65,22.65,19.5,19.9,213378,141825,1252
PRESTIGE,23-NOV-2020,280.0,284.0,272.6,274.3,1206220,715463,9069
PRICOLLTD,23-NOV-2020,60.75,62.75,59.55,59.95,597294,489681,2077
PRIMESECU,23-NOV-2020,43.8,44.55,38.95,43.05,77905,36393,946
PRINCEPIPE,23-NOV-2020,266.5,266.95,260.0,263.0,85976,49628,2288
PRIVISCL,23-NOV-2020,529.0,544.5,528.0,541.75,19533,14480,1083
PROZONINTU,23-NOV-2020,18.45,18.75,17.9,17.95,136083,101030,534
PRSMJOHNSN,23-NOV-2020,80.5,81.9,79.4,81.0,497028,394426,3308
PSB,23-NOV-2020,11.95,13.0,11.4,12.5,4173410,1326585,3165
PSPPROJECT,23-NOV-2020,388.85,438.3,388.0,395.35,27914,17384,2508
PSUBNKBEES,23-NOV-2020,16.3,16.5,15.95,16.14,115414,78429,267
PTC,23-NOV-2020,52.75,54.05,52.75,53.55,1476644,1121808,4717
PTL,23-NOV-2020,37.95,39.35,37.4,39.05,77635,56891,915
PUNJABCHEM,23-NOV-2020,643.65,659.9,626.0,633.55,4509,2912,350
PURVA,23-NOV-2020,58.2,59.25,57.5,57.95,207480,116194,1409
PVR,23-NOV-2020,1228.0,1288.6,1213.45,1276.3,2410341,494584,62408
QGOLDHALF,23-NOV-2020,2194.8,2210.55,2181.0,2183.05,482,389,75
QNIFTY,23-NOV-2020,1329.0,1329.0,1324.0,1326.0,98,85,6
QUESS,23-NOV-2020,477.8,482.0,465.2,473.7,384292,160157,23349
QUICKHEAL,23-NOV-2020,153.9,156.0,150.6,154.8,296279,110136,4660
RADAAN,23-NOV-2020,1.0,1.0,0.9,0.95,22226,20117,30
RADICO,23-NOV-2020,449.45,454.45,443.0,446.2,197433,116836,5491
RAIN,23-NOV-2020,115.6,119.35,112.5,116.85,2927661,930130,19317
RAJESHEXPO,23-NOV-2020,455.0,458.0,450.2,453.0,92437,47061,3111
RAJRATAN,23-NOV-2020,440.2,455.0,410.0,414.75,14519,8453,854
RAJSREESUG,23-NOV-2020,13.55,13.55,12.6,12.95,10214,7959,65
RAJTV,23-NOV-2020,33.9,34.3,33.85,33.9,764,284,22
RALLIS,23-NOV-2020,262.2,269.6,262.05,266.9,1688336,768705,32212
RAMANEWS,23-NOV-2020,13.4,14.05,13.1,13.7,61063,40284,269
RAMASTEEL,23-NOV-2020,47.65,47.65,44.95,46.05,3438,3020,126
RAMCOCEM,23-NOV-2020,855.0,870.0,854.85,862.3,414400,112340,16598
RAMCOIND,23-NOV-2020,213.0,214.5,211.95,213.35,51259,37887,953
RAMCOSYS,23-NOV-2020,438.0,452.0,431.0,445.0,183306,78064,5023
RAMKY,23-NOV-2020,34.7,34.7,33.9,34.1,42596,33837,377
RANASUG,23-NOV-2020,6.0,6.15,5.9,6.0,181089,159647,212
RANEENGINE,23-NOV-2020,202.45,213.4,202.45,203.75,1088,738,80
RANEHOLDIN,23-NOV-2020,453.5,453.5,432.0,437.9,11809,6949,767
RATNAMANI,23-NOV-2020,1690.0,1775.0,1662.0,1700.2,109367,49064,7147
RAYMOND,23-NOV-2020,305.5,309.15,301.45,307.2,928392,315561,15110
RBL,23-NOV-2020,679.9,679.9,669.85,673.85,4943,3441,389
RBLBANK,23-NOV-2020,215.0,218.0,211.45,212.65,11472272,2419179,67340
RCF,23-NOV-2020,46.8,46.95,46.25,46.5,1576276,520645,6239
RCOM,23-NOV-2020,1.5,1.55,1.45,1.55,15558913,8215258,3515
RECLTD,23-NOV-2020,113.6,117.0,113.6,115.55,6116541,1894102,26437
REDINGTON,23-NOV-2020,138.0,140.25,134.2,138.25,342093,166850,10965
REFEX,23-NOV-2020,82.1,90.45,80.3,85.85,876153,338357,10005
RELAXO,23-NOV-2020,740.0,749.4,725.6,729.3,320501,224167,13076
RELCAPITAL,23-NOV-2020,8.5,9.25,8.45,9.15,5830547,2111641,4691
RELIANCE,23-NOV-2020,1951.0,1970.0,1926.25,1950.7,20918665,5148955,497781
RELIGARE,23-NOV-2020,51.2,53.0,50.25,51.1,358441,201005,1408
RELINFRA,23-NOV-2020,20.1,20.6,19.8,20.45,6329215,4130641,4943
REMSONSIND,23-NOV-2020,85.0,86.45,82.0,82.15,351,189,22
RENUKA,23-NOV-2020,9.6,10.35,9.6,10.0,3418124,1723517,1967
REPCOHOME,23-NOV-2020,235.85,243.2,233.05,241.3,383952,246795,6007
REPRO,23-NOV-2020,377.95,377.95,358.85,359.4,9981,4317,2160
RESPONIND,23-NOV-2020,161.1,167.0,161.0,166.0,219671,55873,2943
REVATHI,23-NOV-2020,435.05,436.05,422.0,424.0,2321,1412,190
RGL,23-NOV-2020,273.25,273.25,254.95,260.95,7985,4866,385
RHFL,23-NOV-2020,1.85,1.9,1.8,1.9,1524748,1188022,459
RICOAUTO,23-NOV-2020,33.65,33.75,32.25,32.45,454221,249448,2056
RIIL,23-NOV-2020,380.0,391.0,379.7,382.2,215009,49984,5274
RITES,23-NOV-2020,249.0,249.8,245.1,247.2,204022,111619,5024
RKDL,23-NOV-2020,6.1,6.6,6.0,6.25,16088,12120,119
RKFORGE,23-NOV-2020,379.35,380.0,355.3,374.8,66154,29283,2037
RML,23-NOV-2020,219.7,222.95,215.0,218.25,10246,5606,507
RNAVAL,23-NOV-2020,3.35,3.35,3.35,3.35,1407222,1252217,440
ROHLTD,23-NOV-2020,68.45,68.5,67.15,67.75,22025,15260,326
ROLLT,23-NOV-2020,2.1,2.2,2.05,2.2,19548,16827,29
ROLTA,23-NOV-2020,4.4,4.55,4.4,4.55,220557,164844,9190
ROML,23-NOV-2020,13.95,13.95,13.95,13.95,77,77,9
ROSSARI,23-NOV-2020,782.4,795.6,782.4,787.1,26379,12094,1721
ROSSELLIND,23-NOV-2020,135.15,136.8,130.85,133.85,31607,24118,543
ROUTE,23-NOV-2020,1008.0,1020.0,965.15,975.45,353784,144270,15660
RPGLIFE,23-NOV-2020,352.0,366.15,351.05,361.2,107083,36650,3628
RPPINFRA,23-NOV-2020,47.35,47.95,44.4,45.95,40026,27132,423
RSSOFTWARE,23-NOV-2020,21.25,21.25,20.15,20.6,32318,27777,152
RSWM,23-NOV-2020,91.3,92.0,88.15,91.3,3436,2787,70
RSYSTEMS,23-NOV-2020,112.3,118.25,112.3,115.55,32725,21716,529
RTNINFRA,23-NOV-2020,5.6,5.9,5.55,5.85,207251,115152,353
RTNPOWER,23-NOV-2020,2.0,2.0,1.95,2.0,1673205,1546725,892
RUBYMILLS,23-NOV-2020,162.05,162.85,155.5,159.05,1134,669,95
RUCHIRA,23-NOV-2020,50.15,50.7,49.05,49.6,47602,33323,418
RUPA,23-NOV-2020,213.9,216.8,211.75,214.4,23951,14701,674
RUSHIL,23-NOV-2020,93.4,93.4,88.1,89.75,25941,11974,532
RVNL,23-NOV-2020,19.6,21.0,19.45,20.7,10870645,4915569,18142
S&SPOWER,23-NOV-2020,9.3,9.3,9.3,9.3,169,169,4
SABTN,23-NOV-2020,1.4,1.45,1.35,1.45,14239,13239,48
SADBHAV,23-NOV-2020,50.8,51.0,49.1,50.15,239477,150356,1776
SADBHIN,23-NOV-2020,16.3,16.6,15.9,16.05,246845,158144,681
SAFARI,23-NOV-2020,547.95,547.95,520.05,525.2,10986,6058,1134
SAGCEM,23-NOV-2020,715.0,730.0,710.1,726.65,16144,9411,1363
SAIL,23-NOV-2020,41.4,44.2,40.8,43.25,70283696,19779875,74000
SAKAR,23-NOV-2020,79.0,83.0,79.0,80.7,14640,2737,160
SAKHTISUG,23-NOV-2020,9.0,9.4,8.9,9.1,121076,73211,305
SAKSOFT,23-NOV-2020,320.0,324.0,315.15,320.2,19876,9689,893
SAKUMA,23-NOV-2020,5.2,5.2,5.15,5.2,146063,114733,333
SALASAR,23-NOV-2020,218.25,227.35,216.25,220.4,41177,14901,563
SALONA,23-NOV-2020,66.5,67.0,64.4,65.75,2456,1601,90
SALSTEEL,23-NOV-2020,2.85,3.0,2.65,2.95,134718,114409,148
SALZERELEC,23-NOV-2020,105.65,109.25,105.25,105.95,42969,21190,988
SAMBHAAV,23-NOV-2020,1.9,1.95,1.85,1.85,54084,43221,48
SANCO,23-NOV-2020,14.2,14.25,13.7,14.1,28934,26398,83
SANDESH,23-NOV-2020,569.05,580.05,562.1,568.25,3948,1076,494
SANDHAR,23-NOV-2020,234.95,238.45,230.0,237.4,6452,3428,571
SANGAMIND,23-NOV-2020,50.05,51.8,49.4,51.4,7571,6483,241
SANGHIIND,23-NOV-2020,34.0,35.4,33.55,33.75,2150418,940224,4413
SANGHVIFOR,23-NOV-2020,18.0,19.45,17.95,18.55,11323,10834,217
SANGHVIMOV,23-NOV-2020,86.65,86.75,80.95,86.6,37823,24672,646
SANGINITA,23-NOV-2020,38.6,38.6,35.0,35.0,199348,173564,995
SANOFI,23-NOV-2020,8210.05,8258.0,8102.0,8219.35,14519,8310,6265
SARDAEN,23-NOV-2020,310.1,320.0,303.1,306.4,80515,47186,2468
SAREGAMA,23-NOV-2020,756.5,815.0,753.15,768.45,67370,13587,6398
SARLAPOLY,23-NOV-2020,19.0,20.25,18.6,19.55,476667,294517,1070
SASKEN,23-NOV-2020,670.1,674.95,666.0,668.25,11068,6997,802
SASTASUNDR,23-NOV-2020,132.6,132.7,126.0,126.8,37164,23736,707
SATIA,23-NOV-2020,97.95,97.95,94.0,94.7,71567,58840,522
SATIN,23-NOV-2020,76.4,76.4,72.05,75.5,1154508,580594,5781
SBICARD,23-NOV-2020,810.0,821.05,806.45,815.05,1412782,810948,42102
SBIETFIT,23-NOV-2020,213.05,220.5,213.05,220.5,4663,4545,90
SBIETFPB,23-NOV-2020,164.9,164.9,160.01,162.52,982,640,36
SBIETFQLTY,23-NOV-2020,113.97,113.99,112.49,113.47,2768,2647,59
SBILIFE,23-NOV-2020,847.2,854.4,830.0,831.6,1668966,1128960,60154
SBIN,23-NOV-2020,243.5,246.15,238.1,238.7,57538324,7663237,258879
SCAPDVR,23-NOV-2020,1.25,1.35,1.25,1.35,45470,39604,44
SCHAEFFLER,23-NOV-2020,3907.0,3990.0,3877.85,3974.45,2946,2141,1111
SCHAND,23-NOV-2020,68.55,70.9,68.1,69.35,16436,12839,273
SCHNEIDER,23-NOV-2020,93.6,93.6,89.05,90.35,407110,127558,4363
SCI,23-NOV-2020,53.0,53.15,51.95,52.55,1171397,668840,3169
SDBL,23-NOV-2020,27.95,27.95,25.45,26.35,174859,108599,1061
SEAMECLTD,23-NOV-2020,391.0,458.9,388.85,393.55,64358,12793,3056
SELAN,23-NOV-2020,109.9,124.0,108.25,117.7,519036,158721,8433
SEPOWER,23-NOV-2020,2.5,2.5,2.3,2.45,50414,25153,141
SEQUENT,23-NOV-2020,162.4,163.4,156.1,158.15,788363,285546,10438
SESHAPAPER,23-NOV-2020,137.65,142.0,133.5,137.6,56055,32779,781
SETCO,23-NOV-2020,12.1,12.15,11.05,12.15,226185,165862,689
SETF10GILT,23-NOV-2020,202.01,203.99,202.01,202.32,678,613,14
SETFGOLD,23-NOV-2020,4492.8,4508.95,4491.5,4501.85,6691,4331,1015
SETFNIF50,23-NOV-2020,129.4,134.6,125.4,133.88,505978,451031,1903
SETFNIFBK,23-NOV-2020,292.45,293.43,287.3,289.55,644591,280072,1434
SETFNN50,23-NOV-2020,310.87,313.73,308.31,311.53,6943,5788,328
SETUINFRA,23-NOV-2020,0.7,0.7,0.65,0.65,96688,95571,68
SEYAIND,23-NOV-2020,61.3,61.3,60.3,60.75,12413,9280,206
SFL,23-NOV-2020,1362.8,1362.8,1322.35,1339.05,5829,3947,925
SGL,23-NOV-2020,6.65,6.7,6.5,6.65,14428,13100,65
SHAHALLOYS,23-NOV-2020,6.95,7.4,6.95,7.05,929,924,19
SHALBY,23-NOV-2020,97.6,102.0,92.7,100.15,1234890,362848,8739
SHALPAINTS,23-NOV-2020,68.85,68.85,67.3,67.95,55325,28922,716
SHANKARA,23-NOV-2020,320.3,342.0,318.0,333.6,200176,76408,7284
SHANTIGEAR,23-NOV-2020,101.55,104.45,101.55,102.15,30300,17019,576
SHARDACROP,23-NOV-2020,274.0,274.0,268.2,271.55,18307,9807,1107
SHARDAMOTR,23-NOV-2020,1435.0,1496.0,1404.95,1426.2,4843,3204,536
SHAREINDIA,23-NOV-2020,110.5,110.5,105.5,109.35,21263,6997,382
SHARIABEES,23-NOV-2020,318.0,320.0,314.52,318.62,572,515,41
SHEMAROO,23-NOV-2020,55.8,55.8,53.8,54.7,39500,26047,517
SHIL,23-NOV-2020,117.9,121.0,108.3,114.8,220418,152535,2235
SHILPAMED,23-NOV-2020,427.05,448.9,423.4,429.35,569723,181112,15933
SHIRPUR-G,23-NOV-2020,7.4,7.75,7.3,7.4,24488,19136,96
SHIVAMAUTO,23-NOV-2020,18.85,19.1,18.2,18.95,270872,242930,655
SHIVAMILLS,23-NOV-2020,26.0,26.25,24.35,25.65,11301,6450,96
SHIVATEX,23-NOV-2020,82.7,82.7,79.0,80.35,676,421,27
SHK,23-NOV-2020,123.25,128.6,120.35,125.8,927637,411281,11034
SHOPERSTOP,23-NOV-2020,185.0,185.0,179.9,183.05,111169,60356,1774
SHRADHA,23-NOV-2020,60.05,62.0,60.0,60.0,4710,4710,14
SHREDIGCEM,23-NOV-2020,58.8,60.75,57.4,58.2,1045349,326791,4752
SHREECEM,23-NOV-2020,24000.0,24598.95,23987.0,24465.3,65833,19781,16972
SHREEPUSHK,23-NOV-2020,100.35,100.4,97.95,98.5,95847,79389,1387
SHREERAMA,23-NOV-2020,7.25,7.25,6.85,6.9,25320,13458,65
SHRENIK,23-NOV-2020,5.6,5.85,5.4,5.75,913432,639669,1055
SHREYANIND,23-NOV-2020,73.0,76.95,73.0,73.95,16144,9064,268
SHREYAS,23-NOV-2020,67.35,67.35,61.8,61.8,35995,23888,304
SHRIRAMCIT,23-NOV-2020,1024.0,1098.0,1009.8,1064.25,63492,22989,7793
SHRIRAMEPC,23-NOV-2020,3.45,3.75,3.4,3.55,416412,285222,355
SHYAMCENT,23-NOV-2020,3.9,3.9,3.65,3.8,25163,18884,50
SHYAMTEL,23-NOV-2020,5.3,5.3,5.3,5.3,307,307,3
SICAGEN,23-NOV-2020,13.15,14.0,13.15,13.15,46211,42151,105
SICAL,23-NOV-2020,9.25,9.7,9.25,9.55,436978,279511,518
SIEMENS,23-NOV-2020,1432.3,1432.3,1392.0,1398.9,451377,193587,22602
SIGIND,23-NOV-2020,18.45,22.1,18.3,22.1,251023,99844,1461
SILINV,23-NOV-2020,146.1,151.9,143.8,146.25,2959,1518,318
SIMBHALS,23-NOV-2020,6.3,6.3,5.8,6.05,28093,19417,84
SIMPLEXINF,23-NOV-2020,31.25,34.4,31.25,32.65,344096,227773,1302
SINTERCOM,23-NOV-2020,77.0,78.95,77.0,77.0,4050,3350,8
SIRCA,23-NOV-2020,242.0,247.6,242.0,245.45,18315,10117,482
SIS,23-NOV-2020,384.0,389.9,380.15,386.0,219057,152198,14216
SITINET,23-NOV-2020,0.8,0.8,0.75,0.8,15524789,14665262,887
SIYSIL,23-NOV-2020,154.25,161.0,151.05,159.2,219920,137123,3137
SJVN,23-NOV-2020,22.6,22.8,22.5,22.5,894813,500343,1757
SKFINDIA,23-NOV-2020,1545.0,1570.0,1545.0,1561.6,41583,36713,2440
SKIL,23-NOV-2020,2.3,2.45,2.2,2.45,191469,174394,141
SKIPPER,23-NOV-2020,53.45,55.7,51.9,54.55,475599,387342,1281
SKMEGGPROD,23-NOV-2020,48.0,48.05,45.7,46.2,40610,27390,469
SMARTLINK,23-NOV-2020,73.35,74.05,71.9,73.0,22058,7979,403
SMLISUZU,23-NOV-2020,439.0,442.65,424.6,432.55,46613,17629,2821
SMSLIFE,23-NOV-2020,582.65,588.8,563.55,579.1,7910,3842,524
SMSPHARMA,23-NOV-2020,85.65,85.65,83.05,83.9,90332,52403,1125
SNOWMAN,23-NOV-2020,66.0,66.4,58.35,58.75,3098136,1899707,18743
SOBHA,23-NOV-2020,314.0,316.25,305.25,307.25,305009,111690,10633
SOLARA,23-NOV-2020,1031.0,1105.0,1030.05,1079.75,74375,41563,4967
SOLARINDS,23-NOV-2020,988.2,1009.0,988.2,1002.5,18869,14862,1208
SOMANYCERA,23-NOV-2020,260.0,269.3,255.0,257.8,149052,75382,4101
SOMICONVEY,23-NOV-2020,20.1,21.0,20.0,20.05,8641,7833,123
SONATSOFTW,23-NOV-2020,337.15,346.2,335.0,338.65,320032,158186,13177
SORILINFRA,23-NOV-2020,69.7,69.7,67.3,68.75,31168,18921,387
SOTL,23-NOV-2020,705.0,715.0,698.0,706.3,15503,13517,352
SOUTHBANK,23-NOV-2020,6.9,7.4,6.85,7.3,32222448,16181286,56523
SOUTHWEST,23-NOV-2020,33.6,33.6,31.0,32.4,36502,33703,96
SPAL,23-NOV-2020,140.45,143.9,136.2,138.4,11375,7280,333
SPANDANA,23-NOV-2020,759.0,800.0,736.2,741.2,40127,24047,3192
SPARC,23-NOV-2020,166.0,176.85,165.9,173.8,1786086,661579,22635
SPECIALITY,23-NOV-2020,37.4,37.7,35.0,35.65,85800,63461,547
SPENCERS,23-NOV-2020,76.0,76.5,74.4,74.6,304329,159270,2524
SPIC,23-NOV-2020,20.1,20.5,19.4,19.5,132252,76212,613
SPICEJET,23-NOV-2020,74.2,74.85,66.35,70.65,15875873,4307724,68175
SPLIL,23-NOV-2020,29.1,30.0,28.1,29.25,88556,60714,552
SPMLINFRA,23-NOV-2020,8.0,8.25,7.95,8.25,13488,8787,83
SPTL,23-NOV-2020,2.5,2.5,2.4,2.5,1575621,1097232,653
SPYL,23-NOV-2020,0.35,0.4,0.35,0.4,360057,260259,117
SREEL,23-NOV-2020,145.0,149.8,143.0,149.1,15469,10279,362
SREINFRA,23-NOV-2020,6.3,6.4,5.65,5.85,8813796,6506287,5709
SRF,23-NOV-2020,5101.25,5175.0,5074.3,5159.05,135908,42135,13454
SRHHYPOLTD,23-NOV-2020,233.0,256.0,228.1,252.25,363427,107772,6505
SRIPIPES,23-NOV-2020,131.0,132.65,128.05,128.85,89787,54196,1751
SRPL,23-NOV-2020,30.3,36.9,30.3,30.65,7805,2933,67
SRTRANSFIN,23-NOV-2020,942.5,979.55,940.9,974.65,6634589,1733175,121051
SSWL,23-NOV-2020,493.7,493.7,484.05,486.65,21748,13499,912
STAR,23-NOV-2020,714.9,714.9,690.0,697.15,1060822,448522,34934
STARCEMENT,23-NOV-2020,85.75,90.85,85.75,88.95,526336,251012,4719
STARPAPER,23-NOV-2020,97.7,97.75,93.9,94.75,99313,40298,1317
STCINDIA,23-NOV-2020,63.95,63.95,61.5,62.1,19384,8529,449
STEELCITY,23-NOV-2020,33.0,33.0,31.75,32.2,17743,15048,100
STEELXIND,23-NOV-2020,33.0,33.85,32.1,32.25,13228,8025,88
STEL,23-NOV-2020,61.9,63.2,61.0,62.85,26218,16942,345
STERTOOLS,23-NOV-2020,194.8,195.85,184.6,189.2,37457,18168,1451
STLTECH,23-NOV-2020,150.0,153.5,148.45,152.15,802690,404163,8659
SUBEXLTD,23-NOV-2020,20.15,21.0,19.5,19.95,2623437,1682006,5873
SUBROS,23-NOV-2020,290.0,292.55,282.0,283.15,76962,40586,2814
SUDARSCHEM,23-NOV-2020,455.7,459.5,448.0,450.2,128437,57451,3830
SUJANAUNI,23-NOV-2020,0.35,0.35,0.3,0.35,493164,276703,141
SUMEETINDS,23-NOV-2020,2.0,2.15,1.95,2.05,127122,98226,116
SUMICHEM,23-NOV-2020,285.0,285.0,278.5,281.45,234741,127019,4303
SUMIT,23-NOV-2020,8.05,8.45,7.45,8.2,28394,25648,113
SUMMITSEC,23-NOV-2020,484.85,496.0,464.2,474.35,4853,2911,491
SUNCLAYLTD,23-NOV-2020,1735.1,1764.9,1712.25,1721.05,1303,671,298
SUNDARAM,23-NOV-2020,1.15,1.2,1.15,1.2,175401,103193,243
SUNDARMFIN,23-NOV-2020,1722.25,1790.0,1721.05,1769.05,117618,62699,10691
SUNDARMHLD,23-NOV-2020,56.95,58.75,56.4,57.45,78661,55312,924
SUNDRMBRAK,23-NOV-2020,315.0,315.0,285.0,295.75,5306,3196,470
SUNDRMFAST,23-NOV-2020,518.0,522.7,491.3,499.55,191205,106946,10981
SUNFLAG,23-NOV-2020,55.0,58.1,54.0,56.8,1389752,414249,7339
SUNPHARMA,23-NOV-2020,504.0,516.4,501.0,512.85,8931512,1803452,98315
SUNTECK,23-NOV-2020,272.5,293.9,269.15,285.75,1904661,478023,28356
SUNTV,23-NOV-2020,432.0,440.0,426.6,429.3,2587937,782272,41993
SUPERHOUSE,23-NOV-2020,105.9,105.9,100.5,101.75,20984,13238,591
SUPERSPIN,23-NOV-2020,4.0,4.05,3.75,3.95,37070,27733,51
SUPPETRO,23-NOV-2020,325.0,328.0,308.0,313.35,139000,82510,3933
SUPRAJIT,23-NOV-2020,195.45,199.0,192.15,194.65,141389,76933,4547
SUPREMEIND,23-NOV-2020,1665.0,1699.95,1655.0,1693.45,177195,78056,15911
SURANASOL,23-NOV-2020,7.0,7.1,6.9,7.0,37299,32336,72
SURANAT&P,23-NOV-2020,3.9,4.0,3.8,3.9,7129,6483,37
SURYALAXMI,23-NOV-2020,17.45,18.25,17.15,18.0,2761,2589,41
SURYAROSNI,23-NOV-2020,268.2,271.7,263.15,266.0,136959,78353,2599
SUTLEJTEX,23-NOV-2020,27.25,29.1,27.25,28.85,46132,35521,262
SUULD,23-NOV-2020,101.3,102.75,100.5,100.5,43282,38455,158
SUVEN,23-NOV-2020,47.9,48.8,46.8,47.7,434139,186713,2091
SUVENPHAR,23-NOV-2020,336.6,354.6,331.85,347.7,667621,368072,16849
SWANENERGY,23-NOV-2020,135.0,135.0,131.85,133.6,142863,20381,2172
SWARAJENG,23-NOV-2020,1387.0,1395.95,1375.0,1382.35,7144,4519,1054
SWELECTES,23-NOV-2020,135.5,135.5,135.5,135.5,5007,5007,58
SWSOLAR,23-NOV-2020,222.8,227.35,218.05,224.4,282509,171725,3955
SYMPHONY,23-NOV-2020,846.8,846.8,831.55,834.15,38690,25796,3189
SYNGENE,23-NOV-2020,577.9,578.15,542.1,563.3,890775,570156,71375
TAINWALCHM,23-NOV-2020,77.5,82.45,77.45,78.1,265608,106721,3136
TAJGVK,23-NOV-2020,137.25,138.95,134.4,134.85,75584,45003,1760
TAKE,23-NOV-2020,40.65,40.7,39.85,40.0,450262,280162,2293
TALBROAUTO,23-NOV-2020,156.25,167.95,154.65,163.55,566938,145652,7145
TANLA,23-NOV-2020,504.25,504.25,498.7,504.25,570005,304977,2055
TARMAT,23-NOV-2020,40.8,40.8,38.55,40.1,8937,7611,85
TASTYBITE,23-NOV-2020,11161.05,11600.0,11161.05,11335.25,988,459,597
TATACHEM,23-NOV-2020,359.2,362.95,351.1,358.45,2968976,632456,46815
TATACOFFEE,23-NOV-2020,103.0,104.8,102.5,103.7,832149,437828,6116
TATACOMM,23-NOV-2020,1034.65,1044.0,989.0,1006.95,199745,145604,11300
TATACONSUM,23-NOV-2020,520.0,534.9,519.0,521.65,5314636,2201284,103808
TATAELXSI,23-NOV-2020,1547.45,1605.0,1532.65,1560.85,810609,171125,42845
TATAINVEST,23-NOV-2020,929.85,950.0,905.3,938.6,36708,13250,2885
TATAMETALI,23-NOV-2020,530.9,548.95,524.05,524.9,112081,64420,11783
TATAMOTORS,23-NOV-2020,169.5,173.9,165.55,170.7,54566251,6216063,223504
TATAMTRDVR,23-NOV-2020,73.25,74.95,70.4,72.65,6362105,1684018,20800
TATAPOWER,23-NOV-2020,58.85,59.75,57.8,58.85,24196085,3649642,40207
TATASTEEL,23-NOV-2020,538.0,546.0,536.35,543.1,17025425,4370219,170796
TATASTLBSL,23-NOV-2020,32.95,33.25,32.6,33.1,4103563,1833073,6474
TATASTLLP,23-NOV-2020,493.7,496.85,481.55,483.65,69061,33300,2541
TBZ,23-NOV-2020,43.7,43.9,41.7,42.35,236436,130029,2186
TCI,23-NOV-2020,255.0,256.15,247.3,250.85,16217,11318,582
TCIDEVELOP,23-NOV-2020,349.0,349.0,295.5,314.85,681,407,64
TCIEXP,23-NOV-2020,783.0,800.15,783.0,794.75,11501,6610,1526
TCIFINANCE,23-NOV-2020,4.05,4.05,3.95,4.0,525,525,12
TCNSBRANDS,23-NOV-2020,396.1,409.0,396.1,398.85,9698,6404,1228
TCPLPACK,23-NOV-2020,378.0,378.0,357.1,365.3,5546,2790,175
TCS,23-NOV-2020,2690.0,2730.0,2665.0,2724.25,3706418,1534732,150378
TDPOWERSYS,23-NOV-2020,142.45,142.45,134.6,137.8,240892,116091,5740
TEAMLEASE,23-NOV-2020,2429.0,2429.0,2376.15,2411.55,4822,3071,1503
TECHIN,23-NOV-2020,2.65,2.65,2.6,2.6,51,51,2
TECHM,23-NOV-2020,838.0,869.4,836.75,865.75,6251814,2156120,121617
TECHNOE,23-NOV-2020,213.6,218.5,213.6,215.2,37890,29118,1583
TECHNOFAB,23-NOV-2020,9.05,9.1,8.45,8.55,15498,12431,77
TEJASNET,23-NOV-2020,105.0,108.7,102.1,106.2,850754,346658,7514
TERASOFT,23-NOV-2020,29.0,30.95,28.0,29.9,109283,48362,650
TEXINFRA,23-NOV-2020,36.55,37.6,36.55,37.25,85991,63604,431
TEXMOPIPES,23-NOV-2020,23.5,23.5,20.8,21.05,519900,320804,2475
TEXRAIL,23-NOV-2020,24.9,25.6,24.6,25.35,675326,350479,1816
TFCILTD,23-NOV-2020,40.45,41.4,39.8,41.05,411496,254892,2133
TGBHOTELS,23-NOV-2020,5.1,5.1,4.8,4.85,4727,4137,44
THANGAMAYL,23-NOV-2020,444.05,448.55,437.5,439.35,13524,7413,835
THEINVEST,23-NOV-2020,132.0,135.0,128.0,132.6,4070,2896,113
THEMISMED,23-NOV-2020,330.3,344.25,330.3,332.6,13237,9722,574
THERMAX,23-NOV-2020,848.0,852.9,830.6,843.45,40140,20979,3414
THOMASCOOK,23-NOV-2020,50.2,50.5,44.8,44.9,2431199,1177884,12733
THYROCARE,23-NOV-2020,1033.0,1130.0,1025.15,1086.9,309185,101850,18570
TI,23-NOV-2020,17.4,17.8,17.0,17.4,60375,43551,253
TIDEWATER,23-NOV-2020,4620.0,4620.0,4519.0,4538.25,2170,1197,708
TIIL,23-NOV-2020,324.6,325.95,305.3,308.6,17549,9594,1351
TIINDIA,23-NOV-2020,789.2,838.0,784.0,830.4,280399,204070,11463
TIJARIA,23-NOV-2020,5.75,5.95,5.75,5.85,7971,7721,16
TIL,23-NOV-2020,137.3,143.8,137.25,141.4,6783,3468,213
TIMESGTY,23-NOV-2020,23.9,24.5,21.2,23.7,22539,17110,296
TIMETECHNO,23-NOV-2020,44.9,46.6,43.7,44.15,1011200,532496,3850
TIMKEN,23-NOV-2020,1161.0,1175.5,1155.45,1159.8,11114,6922,1663
TINPLATE,23-NOV-2020,141.75,153.5,141.6,147.45,2579883,562358,38042
TIPSINDLTD,23-NOV-2020,263.05,269.25,256.05,262.1,22986,7241,915
TIRUMALCHM,23-NOV-2020,100.15,100.7,94.5,97.0,1755907,765917,13139
TITAN,23-NOV-2020,1375.0,1375.0,1332.0,1347.6,2995116,726817,102009
TMRVL,23-NOV-2020,8.5,8.7,8.3,8.55,69887,40170,325
TNPETRO,23-NOV-2020,41.0,41.0,40.2,40.4,237111,133689,1149
TNPL,23-NOV-2020,113.8,113.8,109.55,110.35,169039,76117,2430
TOKYOPLAST,23-NOV-2020,68.05,70.0,67.0,68.8,25696,11064,528
TORNTPHARM,23-NOV-2020,2609.9,2628.75,2565.0,2601.95,660679,305967,24224
TORNTPOWER,23-NOV-2020,308.95,312.95,306.3,310.85,1844915,756773,22100
TOTAL,23-NOV-2020,54.45,54.45,54.45,54.45,20346,20346,28
TOUCHWOOD,23-NOV-2020,40.6,43.25,40.6,42.0,406,248,20
TPLPLASTEH,23-NOV-2020,121.85,127.0,119.45,121.3,21443,9349,480
TREEHOUSE,23-NOV-2020,6.85,6.85,6.5,6.6,8874,5500,43
TREJHARA,23-NOV-2020,27.9,27.9,27.9,27.9,6141,6141,19
TRENT,23-NOV-2020,762.0,808.95,755.9,786.7,2661607,1457475,83086
TRF,23-NOV-2020,79.1,81.25,79.0,79.5,20951,12663,256
TRIDENT,23-NOV-2020,8.35,8.55,8.1,8.15,23292067,10706312,38171
TRIGYN,23-NOV-2020,60.0,65.85,60.0,65.85,408877,275728,2254
TRIL,23-NOV-2020,9.8,11.25,9.7,10.25,314562,200381,831
TRITURBINE,23-NOV-2020,75.15,76.95,73.5,74.15,84493,41882,1194
TRIVENI,23-NOV-2020,67.2,69.8,66.5,68.9,785927,388211,4735
TTKHLTCARE,23-NOV-2020,478.9,479.0,461.55,472.3,1309,731,188
TTKPRESTIG,23-NOV-2020,5864.85,5880.85,5741.0,5772.0,4371,2562,1955
TTL,23-NOV-2020,41.55,43.45,41.05,42.5,7452,2446,299
TV18BRDCST,23-NOV-2020,30.3,30.8,29.55,30.4,7158040,2985774,8410
TVSELECT,23-NOV-2020,96.05,98.4,95.15,96.25,20636,10023,559
TVSMOTOR,23-NOV-2020,478.1,479.05,471.3,476.75,1686145,233991,22954
TVSSRICHAK,23-NOV-2020,1584.65,1590.95,1540.0,1556.1,10519,6386,1553
TVTODAY,23-NOV-2020,200.25,201.65,198.7,199.75,27080,17077,1015
TVVISION,23-NOV-2020,1.2,1.2,1.2,1.2,1120,1120,4
TWL,23-NOV-2020,44.4,47.0,43.75,45.7,355992,130125,2742
UBL,23-NOV-2020,1094.65,1099.7,1063.0,1086.3,388441,61188,16085
UCALFUEL,23-NOV-2020,118.65,120.0,118.5,118.8,21333,10978,479
UCOBANK,23-NOV-2020,12.25,12.35,12.05,12.15,2333769,998885,2819
UFLEX,23-NOV-2020,363.9,367.0,354.0,360.85,193372,70724,5004
UFO,23-NOV-2020,74.45,76.0,74.0,75.5,75723,39611,1142
UGARSUGAR,23-NOV-2020,13.45,14.7,13.45,14.25,358116,213543,1007
UJAAS,23-NOV-2020,3.0,3.05,2.9,2.95,2227524,1687111,1211
UJJIVAN,23-NOV-2020,297.0,297.6,277.25,292.85,7627017,2792217,86546
UJJIVANSFB,23-NOV-2020,35.7,40.4,35.6,40.4,18084771,7393892,28541
ULTRACEMCO,23-NOV-2020,4874.0,4915.0,4863.35,4889.5,438597,239315,40367
UMANGDAIRY,23-NOV-2020,45.0,49.05,45.0,46.4,106581,39751,1061
UMESLTD,23-NOV-2020,1.3,1.35,1.25,1.3,13233,10053,18
UNICHEMLAB,23-NOV-2020,242.4,253.0,237.0,249.75,158903,97216,3972
UNIDT,23-NOV-2020,248.25,248.95,240.5,245.0,59666,53188,208
UNIENTER,23-NOV-2020,59.5,60.85,57.3,58.3,12780,8626,384
UNIONBANK,23-NOV-2020,25.85,25.95,25.45,25.6,3738338,1528267,7847
UNITEDTEA,23-NOV-2020,326.95,334.6,322.2,326.75,9378,8473,183
UNIVASTU,23-NOV-2020,32.0,32.8,31.25,31.85,433,155,38
UNIVCABLES,23-NOV-2020,137.0,139.0,135.2,137.75,35577,24237,929
UNIVPHOTO,23-NOV-2020,165.1,171.5,165.1,171.5,3151,2900,151
UPL,23-NOV-2020,423.0,429.5,421.35,426.45,5172468,2290850,70662
URJA,23-NOV-2020,3.05,3.1,3.0,3.1,1903829,1246379,2481
USHAMART,23-NOV-2020,27.0,27.4,26.3,27.15,411674,257324,892
UTIAMC,23-NOV-2020,493.9,528.9,493.05,522.25,1540115,608078,46338
UTIBANKETF,23-NOV-2020,292.0,292.26,288.35,290.53,73,44,19
UTINEXT50,23-NOV-2020,303.5,314.24,303.5,311.85,2887,2312,76
UTINIFTETF,23-NOV-2020,1375.65,1384.9,1351.0,1382.05,304,279,44
UTISENSETF,23-NOV-2020,485.85,487.4,467.0,471.43,3265,2333,163
UTISXN50,23-NOV-2020,328.08,336.99,326.0,333.7,30,13,14
UTTAMSTL,23-NOV-2020,6.45,6.8,6.35,6.6,102717,80069,233
UTTAMSUGAR,23-NOV-2020,87.7,91.45,86.6,90.5,152020,55673,1740
V2RETAIL,23-NOV-2020,69.75,69.75,69.75,69.75,60385,59010,311
VADILALIND,23-NOV-2020,780.0,782.5,769.7,772.8,12925,11466,252
VAIBHAVGBL,23-NOV-2020,2105.1,2153.05,2105.1,2141.0,30558,23719,6411
VAISHALI,23-NOV-2020,33.55,33.9,32.45,32.7,26964,23430,142
VAKRANGEE,23-NOV-2020,30.45,31.35,30.25,30.5,2729020,1473913,7119
VALIANTORG,23-NOV-2020,3090.0,3094.0,3019.8,3052.65,10900,8171,1551
VARDHACRLC,23-NOV-2020,30.5,30.85,30.35,30.5,25125,19632,94
VARDMNPOLY,23-NOV-2020,7.85,8.25,7.7,7.95,9860,7450,46
VARROC,23-NOV-2020,354.0,373.0,348.25,357.95,751120,297408,18409
VASCONEQ,23-NOV-2020,10.0,11.55,9.75,11.25,1525751,919747,2284
VASWANI,23-NOV-2020,4.35,4.35,4.15,4.35,3186,1964,33
VBL,23-NOV-2020,770.0,780.0,750.0,756.2,289306,224908,15266
VEDL,23-NOV-2020,112.05,113.6,110.75,113.05,23294257,9159538,80442
VENKEYS,23-NOV-2020,1602.25,1654.0,1578.15,1641.05,117807,29370,10390
VENUSREM,23-NOV-2020,122.25,133.1,122.25,133.1,31763,26134,501
VERTOZ,23-NOV-2020,184.9,187.9,182.5,186.95,135718,47083,1217
VESUVIUS,23-NOV-2020,995.45,995.55,958.4,967.95,2661,1700,243
VETO,23-NOV-2020,76.7,76.8,68.0,68.85,651882,482887,3546
VGUARD,23-NOV-2020,180.0,182.0,178.35,179.25,1196046,617675,24473
VHL,23-NOV-2020,1265.0,1285.0,1255.5,1266.7,145,103,37
VIDHIING,23-NOV-2020,129.8,129.8,126.5,128.25,67295,42515,1523
VIJIFIN,23-NOV-2020,0.5,0.5,0.45,0.45,230939,69645,99
VIKASECO,23-NOV-2020,5.65,5.75,5.55,5.55,829263,721903,757
VIKASMCORP,23-NOV-2020,10.3,10.6,9.8,9.8,17988780,6669993,10241
VIKASPROP,23-NOV-2020,2.55,2.6,2.45,2.55,2486536,1197795,897
VIKASWSP,23-NOV-2020,4.55,4.55,4.2,4.35,282929,211641,364
VIMTALABS,23-NOV-2020,132.15,136.0,129.65,135.0,54288,39687,1080
VINATIORGA,23-NOV-2020,1211.7,1239.55,1205.0,1226.7,143762,65319,10761
VINDHYATEL,23-NOV-2020,744.0,748.5,730.0,735.05,1775,1356,250
VINYLINDIA,23-NOV-2020,103.0,110.65,101.05,107.6,283181,112236,4231
VIPCLOTHNG,23-NOV-2020,10.25,10.5,9.85,10.35,114654,80595,282
VIPIND,23-NOV-2020,340.0,347.0,334.1,336.95,358296,166764,11353
VIPULLTD,23-NOV-2020,15.65,15.65,14.2,14.75,3487,2473,63
VISAKAIND,23-NOV-2020,357.0,364.0,355.05,356.2,24926,15018,999
VISASTEEL,23-NOV-2020,5.6,5.6,5.3,5.35,8927,7411,76
VISHAL,23-NOV-2020,121.7,121.7,121.7,121.7,8186,8186,108
VISHNU,23-NOV-2020,168.0,171.8,166.5,169.4,5607,4350,187
VISHWARAJ,23-NOV-2020,124.95,124.95,116.25,120.15,19934,17554,124
VIVIDHA,23-NOV-2020,0.35,0.4,0.35,0.4,242511,179484,75
VIVIMEDLAB,23-NOV-2020,16.7,17.15,16.35,17.15,221120,148635,594
VLSFINANCE,23-NOV-2020,65.7,69.75,65.7,67.45,159313,96325,1703
VMART,23-NOV-2020,2028.1,2064.15,2000.7,2048.9,23490,15171,3890
VOLTAMP,23-NOV-2020,1140.0,1148.5,1105.1,1118.15,21562,13526,1835
VOLTAS,23-NOV-2020,774.0,782.85,756.9,760.35,1927096,549081,45165
VRLLOG,23-NOV-2020,176.1,178.55,172.05,175.95,259557,131741,8540
VSSL,23-NOV-2020,88.4,94.05,87.4,92.85,27044,23091,431
VSTIND,23-NOV-2020,3492.0,3590.0,3492.0,3557.4,4740,3102,946
VSTTILLERS,23-NOV-2020,1935.2,1975.95,1880.0,1928.15,20353,10545,3363
VTL,23-NOV-2020,842.0,936.0,829.5,851.7,34013,19963,4602
WABAG,23-NOV-2020,188.55,189.4,184.65,186.45,216691,108180,3475
WABCOINDIA,23-NOV-2020,6055.65,6055.65,5761.0,5812.7,6636,2442,2186
WALCHANNAG,23-NOV-2020,53.25,54.6,52.85,53.75,77754,40014,918
WATERBASE,23-NOV-2020,103.0,103.15,101.5,102.25,86868,37961,1413
WEBELSOLAR,23-NOV-2020,22.65,22.85,21.6,22.1,37633,31077,221
WEIZMANIND,23-NOV-2020,32.7,33.3,32.1,32.6,3560,2178,91
WELCORP,23-NOV-2020,113.8,113.8,111.1,111.6,1840552,1379452,9381
WELENT,23-NOV-2020,83.7,83.7,82.0,82.25,127345,74330,1279
WELINV,23-NOV-2020,285.15,317.8,285.15,290.0,756,726,13
WELSPUNIND,23-NOV-2020,67.9,67.9,65.7,65.95,395855,297844,3569
WENDT,23-NOV-2020,3157.1,3274.0,3157.1,3240.5,297,225,110
WESTLIFE,23-NOV-2020,380.0,389.0,380.0,384.3,72772,35356,4342
WHEELS,23-NOV-2020,427.7,432.05,421.55,426.6,9200,5451,451
WHIRLPOOL,23-NOV-2020,2146.85,2164.7,2087.1,2149.55,84123,44720,13262
WILLAMAGOR,23-NOV-2020,19.55,20.35,18.6,18.6,19427,16354,130
WINDMACHIN,23-NOV-2020,14.5,14.9,14.2,14.4,18302,13987,137
WIPRO,23-NOV-2020,348.0,357.4,346.0,355.85,10333347,3349439,106325
WOCKPHARMA,23-NOV-2020,410.3,451.9,405.0,434.75,7399858,1212477,165885
WONDERLA,23-NOV-2020,183.55,185.6,175.55,177.5,88151,60664,4347
WORTH,23-NOV-2020,43.95,47.9,43.3,45.75,46178,31131,242
WSI,23-NOV-2020,3.3,3.4,3.15,3.2,4000,3000,14
WSTCSTPAPR,23-NOV-2020,175.85,177.0,171.05,172.5,58575,34950,1700
XCHANGING,23-NOV-2020,74.95,75.95,73.3,75.0,103135,95362,1908
XELPMOC,23-NOV-2020,255.9,258.5,240.1,243.05,45544,30730,1155
YESBANK,23-NOV-2020,14.65,14.9,14.25,14.55,305463387,127543967,103847
ZEEL,23-NOV-2020,187.0,188.0,183.75,187.2,10409948,2056205,62523
ZEELEARN,23-NOV-2020,11.5,12.2,11.2,12.0,2720650,1428060,3436
ZEEMEDIA,23-NOV-2020,4.85,4.9,4.75,4.85,931387,622088,1047
ZENITHEXPO,23-NOV-2020,42.6,42.65,41.55,41.9,702,401,18
ZENSARTECH,23-NOV-2020,209.0,237.45,209.0,224.5,1099847,281707,23520
ZENTEC,23-NOV-2020,74.15,78.2,73.35,76.85,343153,165187,2754
ZICOM,23-NOV-2020,2.15,2.15,2.05,2.05,44470,38745,94
ZODIACLOTH,23-NOV-2020,99.85,99.85,97.05,98.05,5814,3501,282
ZODJRDMKJ,23-NOV-2020,24.2,24.2,23.0,23.65,2029,1797,30
ZOTA,23-NOV-2020,140.0,140.0,138.5,139.35,12987,1859,103
ZUARI,23-NOV-2020,86.35,86.35,84.45,85.65,11985,6883,255
ZUARIGLOB,23-NOV-2020,55.9,58.8,53.05,54.5,75881,41955,924
ZYDUSWELL,23-NOV-2020,1831.45,1861.0,1821.2,1838.75,39627,23105,4847
