20MICRONS,10-DEC-2020,36.0,36.0,34.75,35.55,67123,36709,646
21STCENMGM,10-DEC-2020,10.05,10.25,9.85,10.25,12780,11220,134
3IINFOTECH,10-DEC-2020,4.5,4.5,4.5,4.5,1151446,1151446,588
3MINDIA,10-DEC-2020,22300.0,23200.0,22073.15,22523.05,4689,2234,1874
3PLAND,10-DEC-2020,11.8,11.8,11.8,11.8,9408,9408,30
5PAISA,10-DEC-2020,339.95,339.95,322.0,327.5,10375,6567,586
A2ZINFRA,10-DEC-2020,4.8,4.8,4.35,4.35,1081985,703478,916
AAKASH,10-DEC-2020,55.3,56.0,54.0,55.4,84171,29505,824
AARON,10-DEC-2020,49.7,51.0,48.05,49.85,5390,3186,128
AARTIDRUGS,10-DEC-2020,780.0,780.0,762.0,766.8,475398,186615,19340
AARTIIND,10-DEC-2020,1220.0,1239.95,1203.0,1211.9,336328,232627,23857
AARTISURF,10-DEC-2020,985.0,985.0,944.8,966.45,23408,13126,2728
AARVEEDEN,10-DEC-2020,13.7,13.7,13.05,13.65,10084,8971,121
AARVI,10-DEC-2020,39.7,42.0,39.7,41.65,4330,3782,18
AAVAS,10-DEC-2020,1683.0,1683.0,1590.0,1636.05,53406,27582,10266
ABB,10-DEC-2020,1167.25,1186.8,1144.2,1158.8,310277,108857,16629
ABBOTINDIA,10-DEC-2020,15399.0,15699.95,15250.0,15568.3,18274,10494,5564
ABCAPITAL,10-DEC-2020,96.45,96.45,90.75,93.4,4427513,1819665,32326
ABFRL,10-DEC-2020,160.95,161.15,156.75,159.3,1379987,839748,11311
ABSLBANETF,10-DEC-2020,309.3,310.0,301.24,305.07,21,18,12
ABSLNN50ET,10-DEC-2020,310.0,312.0,301.7,305.52,296,211,19
ACC,10-DEC-2020,1629.0,1649.95,1618.25,1632.65,1873212,347711,64648
ACCELYA,10-DEC-2020,973.75,988.9,940.6,951.1,12324,7190,1270
ACE,10-DEC-2020,119.1,125.0,112.0,122.1,606188,264406,9708
ADANIENT,10-DEC-2020,448.0,452.25,438.05,447.25,3113868,269222,30711
ADANIGAS,10-DEC-2020,364.7,364.7,352.0,355.2,1892985,994156,20537
ADANIGREEN,10-DEC-2020,1064.7,1067.0,1030.0,1036.7,568627,353670,44972
ADANIPORTS,10-DEC-2020,463.9,474.1,457.0,471.0,4785102,862937,52741
ADANIPOWER,10-DEC-2020,49.7,51.4,45.95,46.75,38777345,14956350,77410
ADANITRANS,10-DEC-2020,425.0,435.95,415.0,430.25,550671,206048,11064
ADFFOODS,10-DEC-2020,595.0,595.0,571.05,580.65,56628,27506,3220
ADHUNIKIND,10-DEC-2020,36.4,36.4,29.8,30.1,702701,330541,3302
ADORWELD,10-DEC-2020,261.05,264.9,257.15,262.8,22266,13205,972
ADSL,10-DEC-2020,29.3,29.7,27.8,28.0,90113,56141,445
ADVENZYMES,10-DEC-2020,344.0,348.6,340.2,342.5,97894,51426,4132
AEGISCHEM,10-DEC-2020,258.5,258.5,244.35,251.65,253919,143958,10613
AFFLE,10-DEC-2020,3713.0,3720.0,3641.0,3663.6,43302,26089,10679
AGARIND,10-DEC-2020,100.1,104.8,100.0,100.45,13014,9208,286
AGRITECH,10-DEC-2020,43.7,43.7,39.6,40.35,32936,22300,389
AGROPHOS,10-DEC-2020,16.55,16.55,15.25,16.5,293697,211278,858
AHLEAST,10-DEC-2020,158.2,159.05,153.2,157.65,4775,2858,173
AHLUCONT,10-DEC-2020,260.0,260.0,250.0,254.35,17999,12619,664
AHLWEST,10-DEC-2020,294.05,294.05,272.8,279.4,2733,1400,286
AIAENG,10-DEC-2020,2025.0,2049.95,1970.0,1977.55,28192,17811,6677
AIRAN,10-DEC-2020,18.2,19.65,18.2,18.55,75791,39776,364
AJANTPHARM,10-DEC-2020,1682.0,1724.3,1676.2,1683.5,232382,44304,18570
AJMERA,10-DEC-2020,119.7,119.7,115.65,117.1,116570,35855,2130
AKASH,10-DEC-2020,257.2,257.9,245.25,249.8,12809,10436,136
AKSHARCHEM,10-DEC-2020,239.95,240.0,230.0,231.75,18244,9642,905
AKSHOPTFBR,10-DEC-2020,8.15,8.3,7.55,7.95,1002139,583927,1368
AKZOINDIA,10-DEC-2020,2220.0,2227.75,2189.05,2204.5,13618,9371,4053
ALANKIT,10-DEC-2020,17.25,17.4,16.6,16.95,88704,56647,472
ALBERTDAVD,10-DEC-2020,454.4,470.0,452.5,453.1,8376,4636,503
ALCHEM,10-DEC-2020,8.65,8.65,8.65,8.65,65386,65385,132
ALEMBICLTD,10-DEC-2020,103.4,103.8,100.7,101.85,234747,120905,3342
ALICON,10-DEC-2020,355.0,357.65,340.0,351.0,6272,3936,304
ALKALI,10-DEC-2020,52.05,52.7,49.6,50.35,98509,56901,900
ALKEM,10-DEC-2020,2914.85,2929.0,2855.8,2918.3,167641,123774,13506
ALKYLAMINE,10-DEC-2020,3882.0,3884.65,3751.0,3837.35,28228,13030,6381
ALLCARGO,10-DEC-2020,131.05,141.0,127.8,139.1,2152736,1069571,14956
ALLSEC,10-DEC-2020,250.05,251.95,245.2,249.1,7826,6557,180
ALMONDZ,10-DEC-2020,17.4,17.4,16.25,16.6,9462,7890,67
ALOKINDS,10-DEC-2020,24.3,24.8,23.8,24.05,7952647,4093241,10484
ALPSINDUS,10-DEC-2020,0.95,0.95,0.95,0.95,5690,5690,13
AMARAJABAT,10-DEC-2020,930.8,945.0,923.0,941.5,919539,172758,27704
AMBER,10-DEC-2020,2330.0,2398.5,2285.0,2334.7,221840,85262,29401
AMBIKCO,10-DEC-2020,814.85,859.75,759.8,826.9,61146,31245,3245
AMBUJACEM,10-DEC-2020,250.7,251.0,245.2,248.3,11038230,4148617,95152
AMDIND,10-DEC-2020,17.0,17.4,16.6,16.9,3329,2232,96
AMJLAND,10-DEC-2020,25.5,25.95,24.05,24.85,45232,42485,166
AMRUTANJAN,10-DEC-2020,513.4,513.7,500.0,504.5,50796,21556,2676
ANANTRAJ,10-DEC-2020,26.6,26.85,25.7,26.0,416175,312166,2504
ANDHRACEMT,10-DEC-2020,6.0,6.1,5.85,5.85,249334,231492,585
ANDHRAPAP,10-DEC-2020,211.9,215.0,206.05,213.95,45238,26524,1168
ANDHRSUGAR,10-DEC-2020,311.0,318.1,305.05,310.85,95241,33386,2981
ANGELBRKG,10-DEC-2020,360.3,368.75,353.75,360.7,291865,106672,10165
ANIKINDS,10-DEC-2020,13.65,16.0,13.15,15.45,272693,165376,1154
ANKITMETAL,10-DEC-2020,1.2,1.25,1.15,1.15,214249,184963,181
ANSALAPI,10-DEC-2020,6.75,6.75,6.15,6.15,308968,242650,418
ANSALHSG,10-DEC-2020,5.55,5.6,5.2,5.25,132437,89933,315
ANUP,10-DEC-2020,655.15,715.0,643.1,698.25,78287,38703,7013
APARINDS,10-DEC-2020,361.0,401.25,361.0,378.55,199832,90645,9889
APCL,10-DEC-2020,211.1,213.0,205.75,208.75,36493,21170,1299
APCOTEXIND,10-DEC-2020,171.8,171.8,164.25,168.85,49891,25906,1789
APEX,10-DEC-2020,300.0,300.0,292.0,294.4,85509,38043,1954
APLAPOLLO,10-DEC-2020,3801.35,3805.95,3725.05,3766.65,29891,14191,4208
APLLTD,10-DEC-2020,1052.25,1070.0,1026.05,1060.9,332580,156544,13030
APOLLO,10-DEC-2020,130.1,130.9,125.3,128.9,141616,62362,3307
APOLLOHOSP,10-DEC-2020,2454.95,2454.95,2370.0,2393.05,1121002,327976,48224
APOLLOPIPE,10-DEC-2020,671.8,671.8,651.1,658.45,8920,6408,881
APOLLOTYRE,10-DEC-2020,185.0,186.4,180.95,181.5,7314086,1472472,43240
APOLSINHOT,10-DEC-2020,590.65,608.9,580.0,582.95,2181,1391,241
APTECHT,10-DEC-2020,127.9,140.7,124.3,134.7,2454027,615772,27135
ARCHIDPLY,10-DEC-2020,29.7,29.7,27.65,28.25,40822,28079,572
ARCHIES,10-DEC-2020,14.7,14.7,14.25,14.55,60628,49684,207
ARCOTECH,10-DEC-2020,2.7,2.7,2.7,2.7,12235,12234,29
ARENTERP,10-DEC-2020,11.5,11.7,11.05,11.15,397,340,17
ARIES,10-DEC-2020,111.95,113.25,107.0,109.25,234745,75225,4283
ARIHANT,10-DEC-2020,19.35,20.0,18.3,19.95,11363,9712,94
ARIHANTSUP,10-DEC-2020,29.35,29.5,26.85,28.95,1423,1029,49
ARMANFIN,10-DEC-2020,679.9,679.9,640.0,654.75,13798,7571,1127
AROGRANITE,10-DEC-2020,39.3,39.3,38.0,38.85,12357,9178,151
ARROWGREEN,10-DEC-2020,53.45,54.85,51.3,53.0,5921,4589,160
ARSHIYA,10-DEC-2020,17.35,17.35,16.15,16.2,53578,29536,209
ARSSINFRA,10-DEC-2020,19.75,19.75,18.8,19.15,29166,25627,105
ARTEMISMED,10-DEC-2020,231.5,245.1,202.3,235.75,10791,7886,288
ARVIND,10-DEC-2020,45.7,45.7,43.6,45.05,2041957,535003,9678
ARVINDFASN,10-DEC-2020,155.0,162.7,147.1,158.9,1092326,554049,10888
ARVSMART,10-DEC-2020,95.1,96.9,93.55,94.15,190888,111638,1679
ASAHIINDIA,10-DEC-2020,273.0,273.0,264.15,269.6,142802,124837,1302
ASAHISONG,10-DEC-2020,232.95,233.0,228.65,230.2,30343,17986,732
ASAL,10-DEC-2020,28.35,28.35,26.6,26.7,1369,947,32
ASALCBR,10-DEC-2020,296.9,299.0,290.4,293.5,35994,17872,1644
ASHAPURMIN,10-DEC-2020,78.1,80.4,77.4,78.85,98629,82451,561
ASHIANA,10-DEC-2020,104.5,107.5,102.1,104.0,53073,24510,826
ASHOKA,10-DEC-2020,95.3,95.3,90.0,92.6,2713135,966494,16874
ASHOKLEY,10-DEC-2020,95.35,95.7,93.8,94.9,17591152,4611356,46324
ASIANHOTNR,10-DEC-2020,69.0,69.05,62.5,67.95,11135,5061,375
ASIANPAINT,10-DEC-2020,2515.95,2552.0,2501.0,2526.05,2372909,514085,86158
ASIANTILES,10-DEC-2020,295.0,296.3,285.05,288.4,117345,38447,4075
ASPINWALL,10-DEC-2020,133.7,141.5,132.3,136.55,2041,1384,55
ASTEC,10-DEC-2020,1058.0,1069.0,1011.0,1058.0,100444,46428,5590
ASTERDM,10-DEC-2020,164.0,164.75,160.0,161.1,139406,65471,5157
ASTRAL,10-DEC-2020,1423.35,1465.0,1407.0,1450.75,770807,673805,13176
ASTRAMICRO,10-DEC-2020,128.0,128.35,125.6,127.2,363308,215631,3449
ASTRAZEN,10-DEC-2020,4548.0,4574.95,4440.0,4487.65,46584,20917,7952
ASTRON,10-DEC-2020,57.0,58.0,55.25,56.8,194192,75999,1646
ATFL,10-DEC-2020,792.1,792.1,771.7,781.2,7299,4523,889
ATLANTA,10-DEC-2020,9.3,9.3,8.75,9.0,13537,8510,102
ATUL,10-DEC-2020,6100.0,6197.0,6015.0,6135.6,35398,18649,8668
ATULAUTO,10-DEC-2020,195.95,195.95,189.0,190.85,274878,122751,5365
AUBANK,10-DEC-2020,920.1,925.0,901.35,911.05,298753,134005,11518
AURIONPRO,10-DEC-2020,82.8,82.85,80.55,81.3,5870,3529,153
AUROPHARMA,10-DEC-2020,889.0,907.95,888.8,899.0,3428679,1197197,72624
AUSOMENT,10-DEC-2020,54.7,54.9,53.2,53.4,3868,2084,80
AUTOAXLES,10-DEC-2020,891.5,941.0,881.0,908.4,20591,7162,2280
AUTOIND,10-DEC-2020,40.6,40.6,37.45,37.45,70619,58528,459
AUTOLITIND,10-DEC-2020,25.0,26.2,23.95,24.3,21386,14011,243
AVADHSUGAR,10-DEC-2020,221.5,237.0,214.1,227.35,810180,224719,13765
AVANTIFEED,10-DEC-2020,525.0,536.25,520.35,526.95,160508,69500,6113
AVTNPL,10-DEC-2020,47.35,47.35,45.6,45.95,123040,57337,1472
AXISBANK,10-DEC-2020,624.5,632.45,620.35,627.05,16126862,5887252,191871
AXISBNKETF,10-DEC-2020,315.0,315.0,298.5,300.95,2256,1496,55
AXISCADES,10-DEC-2020,54.65,54.9,52.75,54.4,61827,37235,430
AXISGOLD,10-DEC-2020,42.99,42.99,42.6,42.63,67992,50539,1382
AXISNIFTY,10-DEC-2020,139.24,139.24,137.2,138.63,3596,2056,165
BAGFILMS,10-DEC-2020,3.35,3.35,3.05,3.3,222096,177895,311
BAJAJ-AUTO,10-DEC-2020,3306.2,3319.95,3272.05,3290.85,469288,173609,32215
BAJAJCON,10-DEC-2020,202.15,202.35,197.0,199.65,376996,156738,9872
BAJAJELEC,10-DEC-2020,624.0,629.3,613.0,618.6,100660,41730,4506
BAJAJFINSV,10-DEC-2020,9010.65,9074.0,8939.0,9028.85,466726,49129,36919
BAJAJHIND,10-DEC-2020,6.1,6.5,5.8,6.4,8146210,4454177,5825
BAJAJHLDNG,10-DEC-2020,3060.0,3068.95,3033.75,3048.75,28149,13940,4652
BAJFINANCE,10-DEC-2020,4850.0,4860.0,4785.0,4794.8,1925963,246639,93008
BALAJITELE,10-DEC-2020,70.85,70.85,67.4,69.55,200206,116024,1841
BALAMINES,10-DEC-2020,950.0,953.55,905.55,912.8,156741,86523,8147
BALAXI,10-DEC-2020,645.05,658.0,623.05,646.25,1076,635,191
BALKRISIND,10-DEC-2020,1668.5,1698.1,1652.75,1658.2,1261160,343257,44637
BALMLAWRIE,10-DEC-2020,117.0,117.25,114.2,114.6,204054,108533,3783
BALRAMCHIN,10-DEC-2020,165.95,170.2,160.75,169.05,2086248,712869,17673
BANARBEADS,10-DEC-2020,53.85,55.7,53.5,53.55,12054,9166,164
BANARISUG,10-DEC-2020,1490.0,1490.0,1450.0,1452.75,1017,822,148
BANCOINDIA,10-DEC-2020,138.4,139.5,135.3,136.3,489163,121244,8032
BANDHANBNK,10-DEC-2020,399.95,417.3,395.55,414.9,14568462,6406384,120144
BANG,10-DEC-2020,25.0,25.0,23.15,24.25,10484,7154,130
BANKA,10-DEC-2020,42.0,45.75,41.45,43.95,8478,3893,159
BANKBARODA,10-DEC-2020,64.95,66.8,62.9,66.35,69017267,12446671,118967
BANKBEES,10-DEC-2020,302.1,309.5,302.1,306.78,587328,164045,7936
BANKINDIA,10-DEC-2020,53.05,53.05,50.65,51.6,5215158,1276218,17501
BANSWRAS,10-DEC-2020,99.25,107.35,97.0,106.25,102483,67567,1772
BASF,10-DEC-2020,1623.65,1648.7,1591.85,1602.9,13080,8493,1509
BASML,10-DEC-2020,104.0,104.0,98.5,101.05,24666,15143,528
BATAINDIA,10-DEC-2020,1571.0,1574.0,1546.1,1556.3,594062,143102,20065
BAYERCROP,10-DEC-2020,5256.05,5257.05,5150.0,5196.55,16874,8474,4079
BBL,10-DEC-2020,930.0,934.65,897.0,903.25,24014,12247,2632
BBTC,10-DEC-2020,1363.0,1373.7,1333.4,1362.25,90647,25113,6085
BCG,10-DEC-2020,5.15,5.15,5.0,5.05,4192739,3597300,6303
BCP,10-DEC-2020,7.95,8.55,7.05,8.35,1718438,1092130,2196
BDL,10-DEC-2020,344.45,346.3,334.3,340.55,204952,80251,6271
BEARDSELL,10-DEC-2020,11.0,11.0,9.65,9.95,50490,41635,203
BEDMUTHA,10-DEC-2020,24.15,24.95,23.75,23.75,6217,5711,69
BEL,10-DEC-2020,116.8,116.8,112.45,114.4,12916205,3421477,56391
BEML,10-DEC-2020,751.6,759.4,735.95,747.25,267221,70126,7939
BEPL,10-DEC-2020,123.0,129.0,118.0,128.05,823649,370773,12546
BERGEPAINT,10-DEC-2020,680.1,682.5,672.8,679.55,736305,124870,15259
BFINVEST,10-DEC-2020,311.2,313.2,296.8,300.45,114246,36737,4071
BFUTILITIE,10-DEC-2020,304.0,307.4,289.25,300.05,1034028,250103,19725
BGRENERGY,10-DEC-2020,50.1,51.0,48.25,48.65,257309,141586,2321
BHAGERIA,10-DEC-2020,148.2,149.5,142.75,145.35,115603,66601,2516
BHAGYANGR,10-DEC-2020,22.65,22.65,19.5,21.75,9695,8334,109
BHAGYAPROP,10-DEC-2020,22.8,22.85,22.5,22.8,412,401,8
BHANDARI,10-DEC-2020,1.45,1.45,1.35,1.4,123483,90820,325
BHARATFORG,10-DEC-2020,550.0,551.0,535.65,539.2,1919646,766956,28577
BHARATGEAR,10-DEC-2020,68.0,79.0,63.1,75.0,115364,73783,1450
BHARATRAS,10-DEC-2020,9616.0,9714.95,9501.0,9601.9,2055,1174,896
BHARATWIRE,10-DEC-2020,32.7,32.7,30.0,31.3,21022,11337,281
BHARTIARTL,10-DEC-2020,501.5,508.75,494.1,505.15,13194186,5034510,126519
BHEL,10-DEC-2020,36.45,36.65,34.7,35.65,55059367,10097598,63145
BIL,10-DEC-2020,157.0,157.0,150.1,155.55,1987,1612,117
BINDALAGRO,10-DEC-2020,16.0,16.8,15.1,16.45,237536,140961,840
BIOCON,10-DEC-2020,452.45,457.5,446.85,453.95,2511207,594799,36940
BIRLACABLE,10-DEC-2020,58.8,59.0,56.35,57.25,100527,45629,1169
BIRLACORPN,10-DEC-2020,768.0,768.0,743.0,745.85,167227,84887,8143
BIRLAMONEY,10-DEC-2020,45.55,45.85,43.6,44.4,224332,116321,2107
BIRLATYRE,10-DEC-2020,32.5,33.95,31.0,33.95,3469585,1632882,16463
BLBLIMITED,10-DEC-2020,6.05,6.6,6.0,6.3,191806,178758,184
BLISSGVS,10-DEC-2020,180.95,181.4,176.0,177.25,468527,130303,5096
BLKASHYAP,10-DEC-2020,7.65,8.0,7.65,7.85,70416,62334,121
BLS,10-DEC-2020,87.0,87.5,83.0,84.85,64248,42972,815
BLUEDART,10-DEC-2020,3911.0,3911.0,3848.1,3862.6,10770,6289,3272
BLUESTARCO,10-DEC-2020,792.95,802.0,775.0,796.55,91933,49615,15711
BODALCHEM,10-DEC-2020,78.55,79.6,75.55,76.6,840289,377162,4766
BOMDYEING,10-DEC-2020,74.45,75.0,72.25,72.95,1461303,604170,8641
BOROLTD,10-DEC-2020,167.9,169.95,163.0,163.7,87677,57498,1904
BORORENEW,10-DEC-2020,132.9,135.0,127.2,132.55,290058,161609,3522
BOSCHLTD,10-DEC-2020,13411.1,13460.0,13127.65,13208.2,118375,37697,19469
BPCL,10-DEC-2020,395.1,401.5,387.1,399.3,7394056,2618775,73441
BPL,10-DEC-2020,23.85,23.85,22.85,23.1,72432,52398,561
BRFL,10-DEC-2020,12.0,12.25,11.1,11.95,175988,134870,850
BRIGADE,10-DEC-2020,229.0,233.5,225.6,229.85,167443,92693,5597
BRITANNIA,10-DEC-2020,3627.1,3747.0,3624.0,3739.75,1443681,486716,71822
BRNL,10-DEC-2020,32.4,35.0,31.3,33.95,524347,388674,2500
BROOKS,10-DEC-2020,66.4,67.65,64.15,65.25,18985,11000,265
BSE,10-DEC-2020,630.0,649.4,608.0,631.25,3458911,690194,96181
BSELINFRA,10-DEC-2020,1.05,1.05,1.05,1.05,104777,104777,32
BSHSL,10-DEC-2020,90.0,91.2,87.0,90.8,1665,1404,56
BSLGOLDETF,10-DEC-2020,4532.0,4532.0,4481.0,4514.95,1040,844,91
BSLNIFTY,10-DEC-2020,148.8,148.8,146.69,148.5,490,451,19
BSOFT,10-DEC-2020,207.9,207.9,199.15,205.4,5170589,4376728,24040
BURNPUR,10-DEC-2020,2.4,2.4,2.4,2.4,200351,164731,89
BUTTERFLY,10-DEC-2020,422.05,428.75,418.1,423.1,8056,5594,392
BYKE,10-DEC-2020,18.1,20.45,17.5,19.35,189821,132507,829
CADILAHC,10-DEC-2020,468.6,475.45,464.0,469.55,2907247,299599,32416
CALSOFT,10-DEC-2020,10.75,10.75,10.0,10.7,27647,21201,88
CAMLINFINE,10-DEC-2020,120.0,122.0,115.4,119.5,431562,208012,5666
CAMS,10-DEC-2020,1470.35,1524.65,1458.25,1504.75,605787,357083,28371
CANBK,10-DEC-2020,123.15,125.45,120.25,122.5,50690580,6795830,160717
CANFINHOME,10-DEC-2020,483.3,483.7,465.8,468.05,189107,89813,7218
CANTABIL,10-DEC-2020,357.0,357.0,344.6,352.15,93271,19652,1791
CAPACITE,10-DEC-2020,185.55,191.9,181.1,187.95,148502,30776,2938
CAPLIPOINT,10-DEC-2020,521.9,521.9,501.05,506.9,173056,86032,7166
CAPTRUST,10-DEC-2020,110.0,110.0,101.3,104.65,34328,18943,841
CARBORUNIV,10-DEC-2020,373.0,385.0,364.0,379.25,203419,110436,8884
CAREERP,10-DEC-2020,171.0,173.5,167.2,170.55,47773,13379,1130
CARERATING,10-DEC-2020,531.1,534.7,503.2,522.9,163084,123480,4761
CASTROLIND,10-DEC-2020,135.0,135.0,130.5,131.95,3057465,2420757,28960
CCHHL,10-DEC-2020,6.3,6.3,5.9,6.3,532008,420488,1001
CCL,10-DEC-2020,264.5,277.35,261.4,269.6,403273,173891,8472
CDSL,10-DEC-2020,524.0,536.6,516.8,525.7,1697426,585879,49798
CEATLTD,10-DEC-2020,1163.2,1173.4,1151.0,1155.4,134272,41409,7438
CEBBCO,10-DEC-2020,17.45,18.1,16.6,17.2,56164,37408,331
CELEBRITY,10-DEC-2020,5.05,5.05,4.85,4.95,71102,64916,161
CENTENKA,10-DEC-2020,205.95,206.55,201.0,202.85,23117,14736,996
CENTEXT,10-DEC-2020,6.35,6.35,5.0,5.45,1697648,892584,2404
CENTRALBK,10-DEC-2020,15.45,15.55,14.7,14.95,11037357,6339579,15454
CENTRUM,10-DEC-2020,17.1,17.1,16.65,16.95,144418,93115,690
CENTUM,10-DEC-2020,348.75,407.55,345.75,401.2,192627,79480,7055
CENTURYPLY,10-DEC-2020,224.95,226.6,217.55,220.2,238914,97379,3626
CENTURYTEX,10-DEC-2020,390.45,391.9,378.85,386.25,687369,182183,12629
CERA,10-DEC-2020,3254.3,3266.3,3190.25,3237.8,3813,2352,1447
CEREBRAINT,10-DEC-2020,33.1,37.0,32.2,35.55,793605,396630,2904
CESC,10-DEC-2020,633.8,633.8,618.2,619.6,189397,78292,5980
CESCVENT,10-DEC-2020,270.0,271.5,261.9,264.25,36117,22568,1887
CGCL,10-DEC-2020,294.1,296.45,291.35,294.15,234002,177713,2706
CGPOWER,10-DEC-2020,45.0,45.1,44.1,44.1,12008272,6981153,10160
CHALET,10-DEC-2020,199.6,199.6,186.6,192.65,361492,199330,6595
CHAMBLFERT,10-DEC-2020,212.4,234.85,211.2,217.25,5082734,1579904,54274
CHEMBOND,10-DEC-2020,164.25,166.9,161.55,163.45,9538,6153,257
CHEMCON,10-DEC-2020,438.0,445.1,431.05,436.2,141156,59152,5657
CHEMFAB,10-DEC-2020,143.5,143.5,136.05,138.05,8805,6190,242
CHENNPETRO,10-DEC-2020,103.35,103.35,97.25,101.95,1907775,481349,15646
CHOLAFIN,10-DEC-2020,369.0,369.9,362.1,366.35,2568628,665548,64632
CHOLAHLDNG,10-DEC-2020,524.25,542.55,520.2,525.3,89213,42403,4358
CHROMATIC,10-DEC-2020,0.95,0.95,0.85,0.95,230126,159894,123
CIGNITITEC,10-DEC-2020,421.75,424.1,410.0,414.0,28662,19309,927
CINELINE,10-DEC-2020,39.2,39.55,37.5,38.25,267739,82469,1995
CINEVISTA,10-DEC-2020,8.3,8.5,7.7,7.9,15172,13651,56
CIPLA,10-DEC-2020,763.0,767.7,755.1,762.75,3679209,1190766,90764
CLEDUCATE,10-DEC-2020,64.2,66.0,63.4,64.75,9604,6721,338
CLNINDIA,10-DEC-2020,366.0,366.0,358.1,361.0,28058,17378,1491
CMICABLES,10-DEC-2020,37.95,45.0,36.35,41.3,282402,148818,1739
CNOVAPETRO,10-DEC-2020,8.15,8.2,6.9,7.2,21286,14692,59
COALINDIA,10-DEC-2020,135.2,135.45,132.8,134.85,11912807,3630502,49080
COCHINSHIP,10-DEC-2020,357.2,359.95,352.35,354.75,362919,228349,6366
COFORGE,10-DEC-2020,2510.0,2511.8,2455.7,2481.45,230710,47823,14698
COLPAL,10-DEC-2020,1559.0,1590.0,1555.1,1585.35,816982,372664,43139
COMPINFO,10-DEC-2020,17.3,17.8,16.4,17.45,347542,203524,906
COMPUSOFT,10-DEC-2020,9.75,10.1,8.75,9.35,265760,101798,869
CONCOR,10-DEC-2020,405.6,406.0,391.05,402.25,2098666,675002,33234
CONFIPET,10-DEC-2020,31.4,31.4,30.2,30.45,233155,138074,1233
CONSOFINVT,10-DEC-2020,39.45,39.45,37.6,38.05,1506,1106,24
CONTROLPR,10-DEC-2020,224.1,227.0,220.1,222.45,9860,6952,509
CORALFINAC,10-DEC-2020,22.5,23.4,21.1,21.8,15739,6305,282
CORDSCABLE,10-DEC-2020,45.9,47.7,45.3,45.8,142499,73549,1278
COROMANDEL,10-DEC-2020,792.8,805.0,786.9,800.15,350916,183583,22551
COSMOFILMS,10-DEC-2020,447.4,462.4,437.7,459.35,138779,66816,5174
CPSEETF,10-DEC-2020,20.19,20.27,19.71,19.98,4889108,4296140,2094
CREATIVE,10-DEC-2020,120.0,122.9,117.3,120.25,26042,13378,187
CREATIVEYE,10-DEC-2020,3.45,3.6,3.05,3.35,19597,17183,452
CREDITACC,10-DEC-2020,767.5,771.35,741.7,755.45,94682,60963,12071
CREST,10-DEC-2020,96.5,97.5,93.3,95.75,16875,7237,447
CRISIL,10-DEC-2020,1979.0,1987.05,1930.6,1940.25,12349,4949,1630
CROMPTON,10-DEC-2020,336.0,339.55,325.25,333.1,898516,519907,40105
CSBBANK,10-DEC-2020,234.0,234.0,224.75,225.8,311624,147335,5036
CTE,10-DEC-2020,46.95,47.0,43.3,43.3,31044,25318,186
CUB,10-DEC-2020,176.0,178.8,172.6,173.65,1850152,921961,24103
CUMMINSIND,10-DEC-2020,600.0,610.0,571.25,582.5,5622070,966098,89388
CUPID,10-DEC-2020,251.8,251.8,242.25,245.8,99800,49686,2990
CYBERTECH,10-DEC-2020,81.8,82.8,79.35,81.1,89682,44625,1058
CYIENT,10-DEC-2020,477.0,485.9,472.6,478.25,370913,215209,30147
DAAWAT,10-DEC-2020,57.2,58.75,55.65,57.8,6258318,2040422,22369
DABUR,10-DEC-2020,502.0,517.0,502.0,514.4,9250804,2666545,118117
DALBHARAT,10-DEC-2020,1078.0,1078.0,1029.3,1037.3,198941,111913,17367
DALMIASUG,10-DEC-2020,146.35,156.85,146.35,152.65,717626,202341,12336
DAMODARIND,10-DEC-2020,30.85,30.85,28.8,29.25,9236,8903,47
DANGEE,10-DEC-2020,127.0,127.0,121.0,124.1,2270,2183,180
DATAMATICS,10-DEC-2020,103.4,103.4,95.05,98.8,472565,199331,6845
DBCORP,10-DEC-2020,88.0,88.35,83.5,86.75,171566,89001,2943
DBL,10-DEC-2020,409.4,409.4,392.0,394.2,194751,86957,5306
DBSTOCKBRO,10-DEC-2020,10.5,11.15,10.5,11.0,18349,7596,208
DCAL,10-DEC-2020,161.7,163.5,156.0,156.8,441172,239886,6364
DCBBANK,10-DEC-2020,114.1,114.9,110.5,112.8,1403326,685014,10681
DCM,10-DEC-2020,33.9,35.45,32.25,35.45,531899,233829,3015
DCMFINSERV,10-DEC-2020,1.45,1.45,1.45,1.45,11155,11155,16
DCMNVL,10-DEC-2020,35.6,36.4,32.9,35.05,62708,44613,501
DCMSHRIRAM,10-DEC-2020,383.95,390.4,381.5,387.5,78418,54253,3460
DCW,10-DEC-2020,19.0,19.2,18.05,18.4,785962,541219,1542
DECCANCE,10-DEC-2020,373.9,373.9,354.1,359.9,69526,37712,2762
DEEPAKFERT,10-DEC-2020,166.0,170.0,160.15,167.8,1083579,301601,13177
DEEPAKNTR,10-DEC-2020,858.95,894.0,846.05,866.65,1179423,329952,52277
DEEPENR,10-DEC-2020,46.95,46.95,43.5,44.95,82863,43609,1143
DELTACORP,10-DEC-2020,151.0,152.7,148.05,151.4,1539388,554931,13932
DEN,10-DEC-2020,69.65,70.0,68.55,69.0,366267,254500,3863
DENORA,10-DEC-2020,215.05,217.05,210.0,212.25,2756,1454,336
DFMFOODS,10-DEC-2020,410.0,410.0,386.3,400.2,54075,23902,3009
DGCONTENT,10-DEC-2020,13.8,13.8,12.3,13.25,67940,54368,135
DHAMPURSUG,10-DEC-2020,164.8,171.9,161.85,170.15,1513464,570834,15522
DHANBANK,10-DEC-2020,14.0,14.0,12.6,13.85,1140524,576728,1964
DHANI,10-DEC-2020,287.0,291.95,282.4,289.1,191251,125456,5423
DHANUKA,10-DEC-2020,740.0,763.1,728.5,759.85,73428,39533,4986
DHARSUGAR,10-DEC-2020,5.85,5.9,5.45,5.9,59878,41831,233
DHFL,10-DEC-2020,39.75,39.75,39.75,39.75,789256,789256,1348
DHUNINV,10-DEC-2020,260.55,272.0,256.6,262.3,2106,952,310
DIAMONDYD,10-DEC-2020,678.05,689.0,671.1,680.2,2307,1447,317
DICIND,10-DEC-2020,386.55,393.0,381.95,390.05,5036,3797,234
DISHTV,10-DEC-2020,12.75,12.75,11.7,12.15,42793769,20597463,23081
DIVISLAB,10-DEC-2020,3724.9,3763.0,3706.75,3732.25,638946,166116,40401
DIXON,10-DEC-2020,11852.0,12397.0,11650.0,12095.0,69143,43407,13336
DLF,10-DEC-2020,213.35,219.5,207.65,217.9,14237563,2619100,81681
DLINKINDIA,10-DEC-2020,123.9,123.9,116.2,117.15,772318,294723,12165
DMART,10-DEC-2020,2630.0,2673.5,2575.85,2622.05,713356,244453,50390
DNAMEDIA,10-DEC-2020,0.45,0.45,0.45,0.45,10197,10197,18
DOLAT,10-DEC-2020,47.05,47.2,45.95,46.7,115393,60417,725
DOLLAR,10-DEC-2020,184.9,186.35,180.0,181.95,113617,38312,2778
DONEAR,10-DEC-2020,33.5,33.5,30.9,32.0,66345,44884,642
DPABHUSHAN,10-DEC-2020,90.25,90.25,88.0,88.9,2195,1900,46
DPSCLTD,10-DEC-2020,12.15,12.25,11.5,11.8,10737,8888,111
DPWIRES,10-DEC-2020,90.55,90.55,85.15,85.15,3555,2388,105
DQE,10-DEC-2020,1.5,1.5,1.4,1.4,43645,37252,48
DREDGECORP,10-DEC-2020,289.8,309.0,283.1,298.45,633005,121203,13654
DRREDDY,10-DEC-2020,5058.0,5086.4,5015.0,5053.1,948294,237253,59720
DSSL,10-DEC-2020,45.15,47.0,44.65,45.35,12572,6946,308
DTIL,10-DEC-2020,274.0,274.0,261.0,267.3,7447,4541,328
DUCON,10-DEC-2020,6.05,6.05,6.05,6.05,50706,50706,34
DVL,10-DEC-2020,67.35,68.45,66.05,67.4,5194,3604,121
DWARKESH,10-DEC-2020,31.15,32.0,30.35,31.65,2999739,1247518,7430
DYNAMATECH,10-DEC-2020,872.65,873.5,835.0,841.25,20004,9874,2021
DYNPRO,10-DEC-2020,243.0,243.05,234.9,240.1,64727,33308,1684
EASTSILK,10-DEC-2020,1.25,1.25,1.25,1.25,7043,7043,7
EBANK,10-DEC-2020,3251.0,3251.0,3251.0,3251.0,2,2,2
EBBETF0423,10-DEC-2020,1108.5,1109.99,1108.5,1109.03,6023,4223,55
EBBETF0425,10-DEC-2020,1023.0,1024.97,1023.0,1023.82,925,701,48
EBBETF0430,10-DEC-2020,1132.46,1133.99,1131.51,1133.83,6356,6277,72
EBBETF0431,10-DEC-2020,1020.0,1036.0,1017.53,1018.1,3850,3733,74
EBIXFOREX,10-DEC-2020,513.05,526.95,513.0,519.65,1247,1091,69
ECLERX,10-DEC-2020,817.0,817.0,787.0,802.15,168056,61367,10215
EDELWEISS,10-DEC-2020,76.9,76.9,73.05,73.7,1451656,1134347,12317
EICHERMOT,10-DEC-2020,2558.0,2558.0,2487.1,2492.65,1106304,353320,62748
EIDPARRY,10-DEC-2020,330.0,343.75,327.85,339.3,879624,354566,17628
EIHAHOTELS,10-DEC-2020,268.9,268.9,254.95,259.25,9122,5061,793
EIHOTEL,10-DEC-2020,102.0,102.0,99.0,100.2,772602,384457,6752
EIMCOELECO,10-DEC-2020,341.95,348.8,335.0,339.95,3981,1384,628
EKC,10-DEC-2020,50.15,50.95,48.0,48.1,259440,165927,1800
ELECON,10-DEC-2020,37.45,37.8,36.4,36.9,225677,117759,2105
ELECTCAST,10-DEC-2020,24.25,24.5,23.5,23.75,513230,320369,1040
ELECTHERM,10-DEC-2020,117.95,118.9,113.2,114.55,52559,21594,1093
ELGIEQUIP,10-DEC-2020,149.0,151.5,145.3,146.25,139411,65590,3938
ELGIRUBCO,10-DEC-2020,22.35,22.35,19.65,20.9,27425,24154,175
EMAMILTD,10-DEC-2020,422.95,423.0,415.8,418.75,423885,286749,9330
EMAMIPAP,10-DEC-2020,88.3,88.3,82.2,85.35,12807,7489,326
EMAMIREAL,10-DEC-2020,50.9,53.6,49.3,49.3,31324,27181,313
EMKAY,10-DEC-2020,78.7,78.7,73.0,73.6,36122,27157,460
EMMBI,10-DEC-2020,79.95,80.0,76.55,77.5,11791,8103,316
ENDURANCE,10-DEC-2020,1170.0,1174.9,1150.0,1156.6,73280,48461,8092
ENERGYDEV,10-DEC-2020,9.3,9.55,8.75,9.35,123021,104514,423
ENGINERSIN,10-DEC-2020,77.8,78.1,74.8,75.9,2671896,1330347,12163
ENIL,10-DEC-2020,164.6,179.0,157.25,164.6,359823,215279,4286
EPL,10-DEC-2020,261.7,263.9,256.05,260.55,137015,118791,3574
EQ30,10-DEC-2020,401.55,401.55,385.0,401.55,73,52,32
EQUITAS,10-DEC-2020,72.35,72.35,70.0,70.8,2377577,1509585,24209
EQUITASBNK,10-DEC-2020,37.25,37.9,36.95,37.05,1902573,1157267,8480
ERIS,10-DEC-2020,536.5,538.0,525.0,528.5,77856,52332,3252
EROSMEDIA,10-DEC-2020,23.25,23.25,22.0,22.55,185040,120701,986
ESABINDIA,10-DEC-2020,1452.05,1520.0,1436.6,1499.65,9439,4080,1134
ESCORTS,10-DEC-2020,1391.7,1394.6,1364.0,1371.85,1267284,382198,53000
ESSARSHPNG,10-DEC-2020,11.4,11.4,9.9,10.35,97936,61532,449
ESTER,10-DEC-2020,127.55,131.0,124.0,127.1,372460,140220,8025
EUROMULTI,10-DEC-2020,1.7,1.8,1.7,1.8,6970,5277,22
EUROTEXIND,10-DEC-2020,7.8,7.8,7.8,7.8,300,300,1
EVEREADY,10-DEC-2020,194.4,202.0,187.0,197.15,851139,352010,12190
EVERESTIND,10-DEC-2020,285.7,285.7,280.1,284.05,28386,16660,1194
EXCELINDUS,10-DEC-2020,914.95,914.95,883.85,891.05,17420,8177,1776
EXIDEIND,10-DEC-2020,191.5,194.25,189.5,191.3,3656662,1500449,34707
EXPLEOSOL,10-DEC-2020,478.15,479.55,465.8,469.7,15680,10960,732
FACT,10-DEC-2020,57.9,58.5,55.1,55.75,1666936,425421,10591
FCL,10-DEC-2020,48.75,54.9,48.0,51.5,2955578,1139603,12991
FCONSUMER,10-DEC-2020,9.1,9.1,8.45,8.8,9636934,5057975,7015
FCSSOFT,10-DEC-2020,0.65,0.65,0.65,0.65,7758710,6729658,857
FDC,10-DEC-2020,356.25,356.4,346.0,347.4,170218,100702,8996
FEDERALBNK,10-DEC-2020,66.4,66.5,64.85,65.5,38211390,5403442,50772
FEL,10-DEC-2020,11.95,11.95,11.15,11.4,2619106,1411658,3086
FELDVR,10-DEC-2020,15.45,15.45,14.4,14.65,87404,66406,326
FIEMIND,10-DEC-2020,551.0,553.25,531.15,536.45,25525,16236,1745
FILATEX,10-DEC-2020,39.0,39.0,37.05,38.2,699047,537674,1533
FINCABLES,10-DEC-2020,351.1,354.85,340.1,347.1,370868,207890,12268
FINEORG,10-DEC-2020,2538.0,2560.0,2520.5,2540.25,15562,7716,3184
FINPIPE,10-DEC-2020,652.7,652.7,637.25,640.95,23352,13517,1750
FLFL,10-DEC-2020,90.0,90.0,86.75,87.5,658470,313748,4989
FLUOROCHEM,10-DEC-2020,589.0,589.0,566.4,575.85,31101,15521,1959
FMGOETZE,10-DEC-2020,345.0,345.0,331.4,333.45,233304,138719,3621
FMNL,10-DEC-2020,20.4,20.4,17.2,19.05,191834,105660,852
FORCEMOT,10-DEC-2020,1457.1,1479.95,1430.0,1448.35,98423,25587,9272
FORTIS,10-DEC-2020,143.7,148.95,141.75,148.1,2295851,1059245,15734
FOSECOIND,10-DEC-2020,1218.85,1225.0,1190.2,1197.05,1723,1456,304
FRETAIL,10-DEC-2020,82.0,82.3,77.7,78.95,4291782,2459048,23917
FSC,10-DEC-2020,108.9,108.9,103.0,105.25,173432,93458,2404
FSL,10-DEC-2020,76.0,78.5,74.5,75.1,3732540,1767190,30771
GABRIEL,10-DEC-2020,118.3,118.45,112.5,114.5,241780,125392,4217
GAEL,10-DEC-2020,118.0,118.8,115.25,117.35,127461,75707,2408
GAIL,10-DEC-2020,122.75,123.45,119.35,120.05,16189659,5226733,53983
GAL,10-DEC-2020,3.3,3.3,3.15,3.15,61625,56427,104
GALAXYSURF,10-DEC-2020,1918.0,1930.0,1895.75,1917.8,15121,6372,2687
GALLANTT,10-DEC-2020,36.6,36.6,35.05,35.4,4238,3337,70
GALLISPAT,10-DEC-2020,33.5,33.5,31.4,31.75,13319,8248,135
GAMMNINFRA,10-DEC-2020,0.95,1.0,0.9,0.9,7255851,4979673,1326
GANDHITUBE,10-DEC-2020,234.95,235.95,232.5,233.5,4013,3149,117
GANECOS,10-DEC-2020,339.9,339.9,330.0,332.05,9654,7041,348
GANESHHOUC,10-DEC-2020,31.0,32.8,30.45,31.05,46569,36103,285
GANGESSECU,10-DEC-2020,62.7,62.7,57.05,58.25,51809,48587,181
GARDENSILK,10-DEC-2020,11.5,12.0,11.45,11.45,54071,50711,170
GARFIBRES,10-DEC-2020,2192.35,2225.0,2180.0,2204.95,10224,6208,1913
GATI,10-DEC-2020,88.75,88.75,80.75,85.25,1421344,594624,12395
GAYAHWS,10-DEC-2020,0.6,0.6,0.5,0.55,2180112,1105185,482
GAYAPROJ,10-DEC-2020,33.0,34.75,31.55,34.65,959161,614306,3002
GBGLOBAL,10-DEC-2020,6.5,6.7,6.2,6.7,6943,5072,65
GDL,10-DEC-2020,115.0,117.95,114.0,114.85,372457,235097,6222
GEECEE,10-DEC-2020,82.65,84.55,80.6,82.7,14029,12361,289
GENESYS,10-DEC-2020,58.0,58.0,55.45,57.05,3289,2274,95
GENUSPAPER,10-DEC-2020,5.75,5.75,5.45,5.5,289503,224187,457
GENUSPOWER,10-DEC-2020,32.1,34.0,31.5,33.65,276509,151078,3316
GEOJITFSL,10-DEC-2020,53.1,57.9,53.1,55.95,977447,453683,5996
GEPIL,10-DEC-2020,283.5,285.0,275.0,278.55,91452,57500,4467
GESHIP,10-DEC-2020,286.0,298.3,278.0,293.8,1644051,473422,22713
GET&D,10-DEC-2020,119.0,119.05,112.5,116.15,126830,57410,3160
GFLLIMITED,10-DEC-2020,86.25,88.0,84.3,86.2,32936,23039,413
GHCL,10-DEC-2020,201.2,201.2,194.0,197.85,193484,91875,4475
GICHSGFIN,10-DEC-2020,117.0,117.0,112.55,114.3,536985,180468,5040
GICRE,10-DEC-2020,144.9,147.5,140.0,143.95,617868,209214,7261
GILLANDERS,10-DEC-2020,39.35,39.35,36.9,38.3,43311,38290,203
GILLETTE,10-DEC-2020,5754.9,5800.0,5690.0,5789.4,5961,3376,1655
GINNIFILA,10-DEC-2020,20.9,21.0,20.4,21.0,236455,211474,436
GIPCL,10-DEC-2020,80.0,80.0,76.1,77.9,304283,146461,3645
GISOLUTION,10-DEC-2020,1.9,1.9,1.9,1.9,500,500,1
GKWLIMITED,10-DEC-2020,605.6,605.6,533.0,605.6,5335,2290,351
GLAND,10-DEC-2020,2278.0,2278.45,2205.0,2250.05,255923,139094,13100
GLAXO,10-DEC-2020,1564.0,1565.0,1548.1,1550.25,20094,12269,2029
GLENMARK,10-DEC-2020,535.9,539.8,520.95,532.2,1804111,400195,22762
GLFL,10-DEC-2020,2.8,2.8,2.7,2.7,29705,29705,30
GLOBAL,10-DEC-2020,58.0,58.0,54.0,58.0,67888,54229,277
GLOBALVECT,10-DEC-2020,58.0,59.8,57.5,58.5,25396,13381,501
GLOBE,10-DEC-2020,60.5,64.5,57.0,62.5,42759,8158,135
GLOBOFFS,10-DEC-2020,8.2,8.2,7.6,7.85,21235,13734,117
GLOBUSSPR,10-DEC-2020,328.0,341.2,320.5,335.05,160792,78669,4540
GMBREW,10-DEC-2020,433.4,433.4,418.0,420.75,22547,13682,1181
GMDCLTD,10-DEC-2020,51.8,51.9,49.8,50.6,1490664,710117,5127
GMMPFAUDLR,10-DEC-2020,3748.0,3763.8,3675.0,3688.9,35987,18822,8361
GMRINFRA,10-DEC-2020,27.45,27.55,26.5,26.75,11979313,2754003,14392
GNA,10-DEC-2020,257.0,260.25,253.05,254.65,35154,18571,1594
GNFC,10-DEC-2020,245.0,254.75,243.0,250.4,2741531,897158,30376
GOCLCORP,10-DEC-2020,207.95,208.95,205.0,205.3,12704,8737,316
GODFRYPHLP,10-DEC-2020,1022.0,1035.0,992.15,1019.2,239532,63527,12485
GODREJAGRO,10-DEC-2020,528.0,535.0,521.05,524.35,130403,65234,8113
GODREJCP,10-DEC-2020,706.0,734.0,699.3,728.55,4702971,1975520,99107
GODREJIND,10-DEC-2020,444.0,448.0,434.35,443.95,153622,89181,4974
GODREJPROP,10-DEC-2020,1266.2,1295.0,1243.3,1279.7,761886,104275,24055
GOKEX,10-DEC-2020,81.0,85.85,80.4,82.8,313341,135578,2889
GOKUL,10-DEC-2020,15.95,16.35,15.15,15.55,41729,19933,302
GOKULAGRO,10-DEC-2020,16.25,16.7,14.35,16.45,130525,58696,650
GOLDBEES,10-DEC-2020,44.8,44.8,42.6,42.65,4359914,3215592,14673
GOLDENTOBC,10-DEC-2020,33.45,33.45,32.2,32.4,10428,9807,110
GOLDIAM,10-DEC-2020,165.8,170.0,158.0,168.5,76418,40863,1412
GOLDSHARE,10-DEC-2020,4476.0,4476.0,4429.95,4432.65,2135,1873,414
GOLDTECH,10-DEC-2020,9.7,9.85,9.4,9.7,21580,14684,117
GOODLUCK,10-DEC-2020,49.0,49.05,47.5,48.35,52636,25878,543
GOODYEAR,10-DEC-2020,1190.0,1190.0,1125.0,1165.55,83127,54469,6876
GPIL,10-DEC-2020,478.0,482.75,453.25,476.75,204053,103501,5782
GPPL,10-DEC-2020,93.3,93.6,91.3,91.85,226469,129381,4681
GPTINFRA,10-DEC-2020,40.25,40.25,37.0,37.95,16912,10365,232
GRANULES,10-DEC-2020,392.0,394.25,375.5,390.45,1279353,592509,32364
GRAPHITE,10-DEC-2020,276.35,278.8,265.0,273.95,937556,384307,16469
GRASIM,10-DEC-2020,922.0,924.8,902.55,909.5,1727166,738897,28148
GRAVITA,10-DEC-2020,52.45,56.5,51.55,54.55,1066516,450192,6745
GREAVESCOT,10-DEC-2020,85.9,85.9,82.6,84.1,1400393,792965,8142
GREENLAM,10-DEC-2020,815.75,821.0,808.05,815.4,2723,2210,164
GREENPANEL,10-DEC-2020,113.6,113.6,103.5,113.55,1183762,640313,2899
GREENPLY,10-DEC-2020,114.4,116.3,109.5,114.65,856999,499690,8956
GREENPOWER,10-DEC-2020,2.45,2.45,2.25,2.35,2891748,1981084,2365
GRINDWELL,10-DEC-2020,663.8,683.75,662.7,679.3,40903,25340,3807
GROBTEA,10-DEC-2020,591.25,618.75,591.25,598.7,1080,92,790
GRPLTD,10-DEC-2020,979.95,979.95,923.0,940.55,566,105,120
GRSE,10-DEC-2020,198.4,201.6,195.75,196.45,343063,135395,4861
GSCLCEMENT,10-DEC-2020,37.55,37.55,35.65,36.1,159848,81841,1019
GSFC,10-DEC-2020,76.8,78.7,74.4,77.35,2549103,573163,11054
GSPL,10-DEC-2020,234.5,235.0,227.0,233.3,882681,479014,20768
GSS,10-DEC-2020,45.5,45.75,44.1,44.9,24871,20050,290
GTL,10-DEC-2020,4.3,4.3,4.3,4.3,46611,46511,107
GTLINFRA,10-DEC-2020,0.6,0.65,0.55,0.65,47840181,37906602,15037
GTNIND,10-DEC-2020,10.3,10.9,10.05,10.8,8191,7072,24
GTNTEX,10-DEC-2020,5.7,5.7,5.7,5.7,340,340,1
GTPL,10-DEC-2020,135.0,139.0,130.0,132.9,401262,156776,6299
GUFICBIO,10-DEC-2020,118.85,119.05,116.1,117.7,87873,52542,1059
GUJALKALI,10-DEC-2020,341.8,356.85,336.0,351.6,360946,138108,7825
GUJAPOLLO,10-DEC-2020,208.95,208.95,196.65,200.45,4565,2576,364
GUJGASLTD,10-DEC-2020,349.55,354.9,346.15,348.35,1026390,323462,21102
GULFOILLUB,10-DEC-2020,774.9,774.9,757.0,764.65,8871,5013,863
GULFPETRO,10-DEC-2020,46.5,46.5,45.1,45.6,39358,19005,432
GULPOLY,10-DEC-2020,84.6,85.0,81.3,81.8,51189,33053,609
HAL,10-DEC-2020,883.0,883.8,848.65,866.7,367866,120528,15532
HAPPSTMNDS,10-DEC-2020,322.35,324.25,320.05,321.0,432479,256758,8727
HARITASEAT,10-DEC-2020,498.05,498.05,475.1,485.4,843,520,117
HARRMALAYA,10-DEC-2020,124.9,128.5,121.5,126.05,570897,109085,10581
HATHWAY,10-DEC-2020,36.4,36.5,33.5,34.0,1512611,1013717,5849
HATSUN,10-DEC-2020,846.0,846.0,785.0,808.0,153562,52930,11686
HAVELLS,10-DEC-2020,820.0,835.4,819.0,827.4,1551387,554010,35694
HBANKETF,10-DEC-2020,304.5,304.5,300.0,303.75,14528,13984,202
HBLPOWER,10-DEC-2020,27.0,27.9,25.5,27.4,2446808,988304,6620
HBSL,10-DEC-2020,6.95,6.95,6.95,6.95,1095,1095,7
HCC,10-DEC-2020,7.1,7.3,6.9,7.2,8693829,3504553,5245
HCG,10-DEC-2020,155.5,159.15,152.0,158.35,99943,48733,1637
HCL-INSYS,10-DEC-2020,9.5,9.65,8.8,9.2,724387,469036,1337
HCLTECH,10-DEC-2020,870.55,877.8,865.0,866.75,4641898,1835828,98691
HDFC,10-DEC-2020,2300.0,2303.0,2267.0,2289.1,2545081,1419898,100245
HDFCAMC,10-DEC-2020,2813.0,2848.0,2756.0,2839.15,426532,132138,44329
HDFCBANK,10-DEC-2020,1398.0,1402.0,1375.75,1385.85,9863983,5410504,253318
HDFCLIFE,10-DEC-2020,656.1,661.0,645.65,659.45,5582666,2666805,94898
HDFCMFGETF,10-DEC-2020,4406.0,4406.0,4378.0,4381.7,9768,7064,866
HDFCNIFETF,10-DEC-2020,1420.3,1420.3,1407.4,1413.82,1288,938,112
HDFCSENETF,10-DEC-2020,4858.95,4898.99,4769.0,4879.0,170,133,60
HEG,10-DEC-2020,845.7,847.55,821.3,827.85,318283,89609,12218
HEIDELBERG,10-DEC-2020,210.95,211.7,205.65,210.85,238956,97331,4086
HEMIPROP,10-DEC-2020,76.5,77.55,74.1,75.35,1368248,814435,8738
HERCULES,10-DEC-2020,126.95,126.95,109.9,117.0,267725,113148,5106
HERITGFOOD,10-DEC-2020,326.95,327.65,303.2,307.7,385915,151360,9935
HEROMOTOCO,10-DEC-2020,3180.0,3207.75,3166.0,3194.3,559968,203834,38656
HESTERBIO,10-DEC-2020,1761.8,1767.45,1706.65,1756.35,5787,3801,726
HEXATRADEX,10-DEC-2020,36.05,36.05,34.65,35.65,4775,2803,62
HFCL,10-DEC-2020,22.2,22.25,20.95,21.7,5573149,2599245,8152
HGINFRA,10-DEC-2020,231.1,233.0,223.0,224.3,49571,27236,1855
HGS,10-DEC-2020,969.95,995.05,922.65,982.7,36462,22540,3012
HIKAL,10-DEC-2020,176.3,176.3,169.65,170.45,782422,449855,10163
HIL,10-DEC-2020,2040.0,2049.0,2012.3,2022.1,18303,13611,1987
HILTON,10-DEC-2020,12.4,12.4,11.55,11.65,5135,4204,49
HIMATSEIDE,10-DEC-2020,138.55,138.55,131.45,135.55,142242,73599,2841
HINDALCO,10-DEC-2020,239.8,245.5,238.0,242.7,19673032,3306077,99010
HINDCOMPOS,10-DEC-2020,222.3,222.3,210.5,215.35,7350,4409,422
HINDCOPPER,10-DEC-2020,46.65,46.65,44.05,44.7,2832193,1094470,9511
HINDMOTORS,10-DEC-2020,6.3,6.3,5.95,6.1,227537,165321,372
HINDNATGLS,10-DEC-2020,33.7,33.75,30.65,31.95,42252,35901,301
HINDOILEXP,10-DEC-2020,82.5,82.8,78.3,81.75,388136,164995,3003
HINDPETRO,10-DEC-2020,219.0,219.0,212.6,215.55,6274470,2230369,65226
HINDUNILVR,10-DEC-2020,2290.0,2357.9,2275.05,2350.45,3041370,1386099,138426
HINDZINC,10-DEC-2020,243.15,244.0,236.1,239.7,669991,274334,12703
HIRECT,10-DEC-2020,154.0,156.0,147.35,152.9,22161,11336,819
HISARMETAL,10-DEC-2020,87.95,88.0,84.0,84.45,5916,4444,133
HITECH,10-DEC-2020,199.95,200.0,189.3,195.35,37108,17857,285
HITECHCORP,10-DEC-2020,119.0,122.8,112.8,121.1,12532,6989,375
HLVLTD,10-DEC-2020,5.2,5.2,4.9,5.0,374814,284483,492
HMVL,10-DEC-2020,55.3,57.25,55.25,55.75,30779,20596,402
HNDFDS,10-DEC-2020,1100.0,1198.0,1099.95,1168.45,66027,21803,6373
HNGSNGBEES,10-DEC-2020,349.0,365.0,344.55,361.52,2494,1815,128
HONAUT,10-DEC-2020,31100.0,31200.0,30670.0,30790.65,1898,717,1325
HONDAPOWER,10-DEC-2020,1008.9,1018.6,992.55,1006.45,5661,3130,827
HOTELRUGBY,10-DEC-2020,1.3,1.3,1.3,1.3,200,200,5
HOVS,10-DEC-2020,44.05,45.0,41.55,41.55,39006,29759,450
HPL,10-DEC-2020,39.2,39.25,37.1,37.75,323477,189138,1989
HSCL,10-DEC-2020,43.0,43.1,41.75,42.15,1979887,976420,8295
HSIL,10-DEC-2020,108.9,108.9,104.7,108.3,144269,71826,3637
HTMEDIA,10-DEC-2020,15.0,15.3,14.75,15.05,79603,51440,369
HUBTOWN,10-DEC-2020,14.5,14.5,13.7,14.35,107430,77288,309
HUDCO,10-DEC-2020,39.85,40.4,38.45,39.3,2033002,839637,7130
HUHTAMAKI,10-DEC-2020,305.2,305.2,298.25,301.05,34281,23692,1409
IBMFNIFTY,10-DEC-2020,133.2,134.89,131.5,134.17,397,206,72
IBREALEST,10-DEC-2020,68.8,69.3,65.25,67.15,3531542,1878835,15599
IBULHSGFIN,10-DEC-2020,199.15,200.35,191.2,195.3,10496440,1570583,73661
ICEMAKE,10-DEC-2020,118.9,118.9,107.6,113.1,104273,58343,1264
ICICI500,10-DEC-2020,200.0,200.0,181.0,182.29,1273,1222,105
ICICIALPLV,10-DEC-2020,133.22,134.2,132.92,134.13,4492,4356,42
ICICIB22,10-DEC-2020,30.86,31.25,30.7,31.17,276579,206702,5217
ICICIBANK,10-DEC-2020,508.1,514.4,498.75,506.95,20419020,6438222,218589
ICICIBANKN,10-DEC-2020,310.0,310.0,300.45,303.02,3677,2469,279
ICICIBANKP,10-DEC-2020,168.5,169.0,164.88,166.6,29027,27413,300
ICICIGI,10-DEC-2020,1453.15,1458.05,1425.6,1449.75,575732,369739,31210
ICICIGOLD,10-DEC-2020,42.4,44.09,40.2,43.69,80487,63694,1119
ICICILIQ,10-DEC-2020,1000.0,1000.0,999.99,999.99,13910,11824,40
ICICILOVOL,10-DEC-2020,111.7,111.7,105.16,110.37,5292,3613,261
ICICIM150,10-DEC-2020,78.0,78.1,76.75,77.65,5220,4731,34
ICICIMCAP,10-DEC-2020,76.9,76.9,75.22,75.69,86289,54139,185
ICICINF100,10-DEC-2020,146.95,147.0,140.8,144.81,8689,5214,208
ICICINIFTY,10-DEC-2020,137.7,143.2,136.8,142.88,73714,44943,3978
ICICINV20,10-DEC-2020,69.0,69.6,67.66,68.91,6038,3272,335
ICICINXT50,10-DEC-2020,32.88,32.88,31.89,32.23,16360,15857,175
ICICIPRULI,10-DEC-2020,487.45,499.0,484.85,496.55,3993397,2392444,66843
ICICISENSX,10-DEC-2020,494.0,496.1,491.25,495.82,551,404,79
ICICITECH,10-DEC-2020,229.55,233.0,227.33,229.54,5116,4756,66
ICIL,10-DEC-2020,162.5,162.95,154.85,156.7,202283,157307,2894
ICRA,10-DEC-2020,2820.15,2820.15,2700.0,2707.0,10778,8694,1441
IDBI,10-DEC-2020,41.65,41.7,40.0,40.55,2610745,1108545,8962
IDBIGOLD,10-DEC-2020,4546.5,4549.0,4511.0,4520.55,202,173,26
IDEA,10-DEC-2020,9.9,10.1,9.65,9.85,159494190,59379857,123228
IDFC,10-DEC-2020,40.15,40.15,39.05,39.4,3747462,2859385,14977
IDFCFIRSTB,10-DEC-2020,38.7,38.7,36.8,37.6,38075316,10994455,66593
IDFNIFTYET,10-DEC-2020,144.35,148.0,144.35,147.96,55,53,13
IEX,10-DEC-2020,218.5,223.65,214.7,221.05,1209379,674234,46244
IFBAGRO,10-DEC-2020,500.0,500.0,473.0,482.05,6938,3823,545
IFBIND,10-DEC-2020,970.0,988.9,907.7,971.45,98900,43680,4438
IFCI,10-DEC-2020,9.5,11.2,9.0,10.85,42953930,15582518,58125
IFGLEXPOR,10-DEC-2020,202.25,202.25,189.05,194.45,3251,2168,184
IGARASHI,10-DEC-2020,338.95,340.0,326.95,329.7,91346,47959,3136
IGL,10-DEC-2020,485.0,488.45,479.0,481.7,1711390,542356,25703
IGPL,10-DEC-2020,477.5,495.0,453.0,475.7,31193,19809,1684
IIFL,10-DEC-2020,114.65,114.65,107.85,111.4,601850,268621,6323
IIFLSEC,10-DEC-2020,48.2,48.2,46.15,46.8,493443,301437,2230
IIFLWAM,10-DEC-2020,1016.0,1072.0,1016.0,1053.3,80959,41882,6926
IITL,10-DEC-2020,79.9,80.05,73.5,80.05,18185,12000,130
IMAGICAA,10-DEC-2020,6.45,6.75,5.55,6.15,714039,548439,1114
IMFA,10-DEC-2020,296.85,296.85,290.0,292.05,13921,9910,625
IMPAL,10-DEC-2020,539.55,539.55,527.45,536.6,22916,22289,200
IMPEXFERRO,10-DEC-2020,0.75,0.75,0.7,0.75,16946,16946,35
INDBANK,10-DEC-2020,13.6,13.6,11.5,12.15,383917,222900,1076
INDHOTEL,10-DEC-2020,131.8,131.8,127.75,128.0,1681977,927641,15327
INDIACEM,10-DEC-2020,152.1,152.7,146.5,147.15,2033773,1170422,13336
INDIAGLYCO,10-DEC-2020,304.0,308.45,297.0,302.9,179571,46390,5606
INDIAMART,10-DEC-2020,5296.0,5341.0,5165.6,5298.8,89043,68945,22627
INDIANB,10-DEC-2020,89.4,89.4,84.1,86.05,6935511,1416319,32094
INDIANCARD,10-DEC-2020,104.8,104.8,101.45,102.5,860,308,18
INDIANHUME,10-DEC-2020,188.7,188.7,182.0,183.9,40082,22583,1377
INDIGO,10-DEC-2020,1740.2,1750.0,1722.0,1736.35,943295,223255,31269
INDLMETER,10-DEC-2020,21.75,21.75,19.75,19.75,97717,64483,429
INDNIPPON,10-DEC-2020,356.05,356.05,350.0,351.6,8816,6853,355
INDOCO,10-DEC-2020,290.9,293.65,277.25,280.05,256550,169955,7118
INDORAMA,10-DEC-2020,34.15,34.3,33.3,34.3,128350,106700,260
INDOSTAR,10-DEC-2020,349.95,349.95,333.7,336.3,62684,15546,2267
INDOTECH,10-DEC-2020,112.65,114.45,106.3,111.5,24615,10103,528
INDOTHAI,10-DEC-2020,22.4,22.4,21.9,21.9,2251,1832,25
INDOWIND,10-DEC-2020,4.5,4.5,3.85,4.05,330777,236002,484
INDRAMEDCO,10-DEC-2020,63.0,63.0,61.0,62.25,641952,305383,6082
INDSWFTLAB,10-DEC-2020,64.6,64.6,60.55,62.75,26869,20206,302
INDTERRAIN,10-DEC-2020,34.75,34.8,33.1,33.6,162043,87050,829
INDUSINDBK,10-DEC-2020,917.95,927.0,905.0,915.85,9145597,1380329,129415
INEOSSTYRO,10-DEC-2020,768.15,779.9,757.35,774.85,51819,32961,1930
INFOBEAN,10-DEC-2020,133.05,134.4,129.15,130.15,8072,5369,262
INFRABEES,10-DEC-2020,373.8,379.97,364.23,371.05,934,356,46
INFRATEL,10-DEC-2020,242.0,248.35,240.5,245.75,6011938,1056238,47108
INFY,10-DEC-2020,1157.4,1171.65,1150.0,1167.75,9488782,5527270,295020
INGERRAND,10-DEC-2020,647.0,650.0,635.0,640.95,18474,11247,1301
INOXLEISUR,10-DEC-2020,294.0,297.55,286.45,292.7,1510730,683238,22435
INOXWIND,10-DEC-2020,50.9,51.3,49.75,50.85,150574,94700,996
INSECTICID,10-DEC-2020,461.1,464.5,446.1,456.3,27314,10277,1895
INSPIRISYS,10-DEC-2020,30.0,30.0,28.3,29.2,4169,3397,55
INTEGRA,10-DEC-2020,1.3,1.3,1.3,1.3,28337,28021,11
INTELLECT,10-DEC-2020,284.5,288.95,280.0,283.2,121177,94826,3772
INTENTECH,10-DEC-2020,38.95,38.95,36.1,37.35,31066,24299,208
INVENTURE,10-DEC-2020,24.9,24.9,23.6,23.65,28949,6065,193
IOB,10-DEC-2020,11.65,11.7,11.1,11.4,4430730,2070757,7700
IOC,10-DEC-2020,93.9,93.9,91.15,92.45,22243189,4794084,51475
IOLCP,10-DEC-2020,772.0,778.9,769.0,771.3,170685,87336,7856
IPCALAB,10-DEC-2020,2254.0,2254.0,2207.2,2222.1,220100,119664,27721
IRB,10-DEC-2020,117.3,118.5,115.5,115.95,227964,101359,3239
IRCON,10-DEC-2020,90.0,90.05,87.35,88.0,465953,256571,4374
IRCTC,10-DEC-2020,1405.0,1524.65,1405.0,1452.75,17186934,4560882,446145
ISEC,10-DEC-2020,472.5,479.3,463.2,476.1,3927471,2502695,52927
ISFT,10-DEC-2020,67.45,67.9,63.35,64.55,13899,12370,191
ISMTLTD,10-DEC-2020,12.55,12.8,11.95,11.95,99799,87262,189
ITC,10-DEC-2020,206.65,213.65,203.15,212.7,65227495,21775325,314902
ITDC,10-DEC-2020,289.7,289.7,277.0,281.2,79376,29272,3149
ITDCEM,10-DEC-2020,58.35,59.0,57.0,57.3,388159,202848,4533
ITI,10-DEC-2020,130.0,130.9,127.95,129.1,454656,138966,4773
IVZINGOLD,10-DEC-2020,4559.0,4559.0,4435.0,4439.3,272,253,32
IVZINNIFTY,10-DEC-2020,1440.0,1451.7,1437.6,1450.2,139,97,15
IZMO,10-DEC-2020,57.65,58.15,53.25,54.9,76681,51180,948
J&KBANK,10-DEC-2020,25.2,25.2,23.0,24.4,4346822,2302716,13039
JAGRAN,10-DEC-2020,43.7,43.95,42.0,42.95,465390,296233,2502
JAGSNPHARM,10-DEC-2020,67.45,68.7,65.6,67.2,94179,42555,1254
JAIBALAJI,10-DEC-2020,20.25,20.6,19.75,19.9,13227,11331,54
JAICORPLTD,10-DEC-2020,96.7,97.25,92.7,94.65,1539990,331441,6980
JAMNAAUTO,10-DEC-2020,54.35,56.4,53.0,55.65,1313319,569661,6192
JASH,10-DEC-2020,221.1,229.65,220.0,220.25,3237,2399,91
JAYAGROGN,10-DEC-2020,119.0,119.0,114.05,117.05,7446,4716,254
JAYBARMARU,10-DEC-2020,255.7,258.3,252.1,253.1,35789,14082,1355
JAYNECOIND,10-DEC-2020,5.35,5.35,5.35,5.35,190722,189769,106
JAYSREETEA,10-DEC-2020,75.55,79.8,72.05,77.15,1122694,272604,9276
JBCHEPHARM,10-DEC-2020,1003.25,1008.0,991.05,1002.15,77627,62031,6959
JBFIND,10-DEC-2020,9.85,9.85,9.85,9.85,169686,169676,118
JBMA,10-DEC-2020,281.0,281.0,274.55,275.75,14801,8558,642
JCHAC,10-DEC-2020,2265.85,2265.9,2203.0,2217.15,10918,4864,1993
JHS,10-DEC-2020,20.45,20.45,19.4,19.75,60518,52125,331
JINDALPHOT,10-DEC-2020,28.7,29.25,28.0,29.25,47523,36926,277
JINDALPOLY,10-DEC-2020,476.0,479.0,465.5,470.15,12320,7071,893
JINDALSAW,10-DEC-2020,73.05,73.75,71.25,72.35,911560,433728,5402
JINDALSTEL,10-DEC-2020,257.0,263.6,252.55,259.4,7720336,544597,44636
JINDRILL,10-DEC-2020,95.05,98.9,92.55,94.35,17426,10802,497
JINDWORLD,10-DEC-2020,49.15,50.5,48.0,48.8,179910,20522,2176
JISLDVREQS,10-DEC-2020,12.25,13.0,12.25,12.5,46099,30044,291
JISLJALEQS,10-DEC-2020,18.1,18.7,17.4,18.4,4252615,2097628,4736
JKCEMENT,10-DEC-2020,2035.0,2038.0,1970.5,1978.45,116601,68369,10969
JKIL,10-DEC-2020,140.2,140.3,132.45,135.85,212524,143853,2798
JKLAKSHMI,10-DEC-2020,352.0,352.0,343.55,344.15,237466,134811,6138
JKPAPER,10-DEC-2020,103.0,103.35,100.3,101.25,698921,370334,6669
JKTYRE,10-DEC-2020,84.15,84.15,80.25,81.7,910673,391571,7853
JMA,10-DEC-2020,32.0,32.65,31.3,32.0,72347,71240,102
JMCPROJECT,10-DEC-2020,68.0,69.9,64.6,66.05,569430,344456,4586
JMFINANCIL,10-DEC-2020,84.7,84.7,81.05,83.85,1263883,701256,11877
JMTAUTOLTD,10-DEC-2020,2.7,2.75,2.55,2.7,808546,524587,681
JOCIL,10-DEC-2020,177.75,177.9,174.0,177.25,9634,6661,184
JPASSOCIAT,10-DEC-2020,6.9,6.9,6.15,6.9,64483158,34214112,28687
JPINFRATEC,10-DEC-2020,2.2,2.2,1.8,2.2,18537082,10338776,5023
JPOLYINVST,10-DEC-2020,18.0,18.75,18.0,18.75,3254,3080,21
JPPOWER,10-DEC-2020,3.1,3.3,3.0,3.25,26377936,16626725,7553
JSL,10-DEC-2020,68.0,68.0,64.8,66.35,726549,361159,5621
JSLHISAR,10-DEC-2020,128.85,132.45,123.2,129.95,620614,240026,5923
JSWENERGY,10-DEC-2020,64.9,66.0,64.0,65.4,1136352,503921,4367
JSWHL,10-DEC-2020,3395.05,3401.75,3305.0,3320.8,803,645,144
JSWISPL,10-DEC-2020,30.85,30.85,27.95,28.5,6034544,3051720,5017
JSWSTEEL,10-DEC-2020,362.0,366.45,356.3,362.3,6429901,892583,46289
JTEKTINDIA,10-DEC-2020,86.2,86.2,82.85,83.35,202482,105917,2935
JUBILANT,10-DEC-2020,846.2,846.2,804.0,811.45,394880,214783,15168
JUBLFOOD,10-DEC-2020,2518.0,2608.75,2518.0,2578.15,1018494,220898,42983
JUBLINDS,10-DEC-2020,245.9,259.9,237.9,256.25,184133,66756,3331
JUMPNET,10-DEC-2020,17.1,17.1,17.1,17.1,50387,50387,235
JUNIORBEES,10-DEC-2020,334.0,334.0,327.0,331.52,53467,30937,3309
JUSTDIAL,10-DEC-2020,621.4,627.0,607.0,610.05,472120,109417,13940
JYOTHYLAB,10-DEC-2020,141.25,143.85,138.75,142.35,607596,383437,11471
KABRAEXTRU,10-DEC-2020,95.5,95.5,90.0,92.2,87972,56539,1525
KAJARIACER,10-DEC-2020,663.3,663.3,650.1,656.75,194376,123380,7345
KAKATCEM,10-DEC-2020,197.0,197.0,190.0,192.6,24903,13086,768
KALPATPOWR,10-DEC-2020,325.95,326.1,297.65,303.55,1871689,933347,43983
KAMATHOTEL,10-DEC-2020,36.15,36.15,34.7,34.9,77166,51513,657
KAMDHENU,10-DEC-2020,93.9,94.0,90.4,91.1,30503,20681,683
KANANIIND,10-DEC-2020,4.1,4.15,3.8,3.85,8304,7098,44
KANORICHEM,10-DEC-2020,45.95,45.95,43.0,44.55,46180,28563,534
KANSAINER,10-DEC-2020,559.95,559.95,551.25,556.15,46491,27264,3096
KARDA,10-DEC-2020,133.8,133.85,124.0,124.7,21943,13211,378
KARMAENG,10-DEC-2020,12.8,12.8,9.9,11.6,14974,9695,89
KARURVYSYA,10-DEC-2020,44.0,48.25,42.5,47.55,13135204,4673059,30192
KAUSHALYA,10-DEC-2020,1.85,1.85,1.8,1.85,17956,16554,94
KAYA,10-DEC-2020,304.9,307.75,279.55,290.9,29941,16994,1598
KCP,10-DEC-2020,72.6,72.6,69.0,70.15,564547,350091,3560
KCPSUGIND,10-DEC-2020,16.9,17.35,16.5,17.15,734759,352098,2119
KDDL,10-DEC-2020,212.6,212.6,200.5,203.6,2128,1316,111
KEC,10-DEC-2020,372.0,373.9,368.0,370.4,262538,154819,7866
KECL,10-DEC-2020,16.3,16.4,15.6,15.7,109940,82118,343
KEERTI,10-DEC-2020,27.0,28.0,26.25,27.45,33189,11471,127
KEI,10-DEC-2020,430.95,433.0,417.05,424.4,99604,60685,6349
KELLTONTEC,10-DEC-2020,61.2,63.15,59.9,61.65,1111613,633914,3580
KENNAMET,10-DEC-2020,869.8,875.0,836.0,857.55,16017,8643,2151
KESORAMIND,10-DEC-2020,51.65,52.0,49.0,49.55,591406,373380,2671
KEYFINSERV,10-DEC-2020,85.35,85.35,85.35,85.35,1384,1384,26
KHADIM,10-DEC-2020,118.15,120.0,115.35,118.1,75428,38489,1834
KHAICHEM,10-DEC-2020,22.15,22.4,21.7,22.05,242461,44850,1932
KHANDSE,10-DEC-2020,9.05,9.6,9.05,9.5,1719,1384,17
KICL,10-DEC-2020,1401.1,1415.0,1348.55,1355.7,3268,2427,559
KINGFA,10-DEC-2020,534.55,541.5,528.0,536.35,2915,2051,135
KIOCL,10-DEC-2020,115.7,120.0,113.5,118.1,198751,130799,2577
KIRIINDUS,10-DEC-2020,482.9,482.9,467.0,468.7,108178,64857,4607
KIRLFER,10-DEC-2020,133.5,145.0,127.6,144.3,451933,344667,8267
KIRLOSBROS,10-DEC-2020,141.7,143.05,137.0,137.55,99838,66691,2018
KIRLOSENG,10-DEC-2020,123.8,124.1,120.0,121.35,117441,70708,1538
KIRLOSIND,10-DEC-2020,790.4,810.0,770.0,801.4,17387,16206,565
KITEX,10-DEC-2020,115.0,115.0,110.0,111.6,213509,119114,2871
KKCL,10-DEC-2020,835.0,835.0,800.25,820.05,685,411,151
KMSUGAR,10-DEC-2020,11.65,12.35,11.45,12.0,537178,247856,950
KNRCON,10-DEC-2020,305.0,309.7,297.0,299.7,192498,108203,5965
KOKUYOCMLN,10-DEC-2020,67.65,67.75,64.85,66.25,238017,138517,3003
KOLTEPATIL,10-DEC-2020,211.55,211.55,206.0,207.4,54937,28640,1441
KOPRAN,10-DEC-2020,132.95,133.0,129.0,131.35,204999,121799,3322
KOTAKBANK,10-DEC-2020,1900.0,1919.9,1859.85,1903.3,4695216,1950416,129345
KOTAKBKETF,10-DEC-2020,336.9,336.9,304.51,307.41,58438,19575,790
KOTAKGOLD,10-DEC-2020,430.95,432.75,428.55,429.55,28757,21347,897
KOTAKNIFTY,10-DEC-2020,140.64,140.7,139.5,140.3,96531,43886,542
KOTAKNV20,10-DEC-2020,70.8,70.8,69.2,70.38,5887,4424,82
KOTAKPSUBK,10-DEC-2020,191.9,191.9,170.2,178.13,40946,21161,687
KOTARISUG,10-DEC-2020,19.7,20.7,18.35,20.1,261666,120003,734
KOTHARIPET,10-DEC-2020,18.15,18.65,17.6,17.8,49392,45641,227
KOTHARIPRO,10-DEC-2020,77.65,77.65,72.6,73.2,9180,5882,422
KPITTECH,10-DEC-2020,112.55,112.75,107.3,107.7,477553,285424,5901
KPRMILL,10-DEC-2020,844.6,855.0,823.1,833.3,50517,22715,4547
KRBL,10-DEC-2020,260.0,260.0,247.5,255.75,1187440,553776,19327
KREBSBIO,10-DEC-2020,121.8,121.85,100.55,112.6,59289,28616,1933
KRIDHANINF,10-DEC-2020,4.0,4.0,4.0,4.0,186068,186063,192
KSB,10-DEC-2020,589.0,605.0,587.95,598.35,52308,34532,3108
KSCL,10-DEC-2020,523.8,533.0,510.05,528.1,1611686,532966,28482
KSL,10-DEC-2020,246.25,246.25,238.4,243.7,91409,43549,3108
KTKBANK,10-DEC-2020,60.0,60.0,57.05,58.65,7586225,2277398,21420
KUANTUM,10-DEC-2020,61.95,61.95,55.0,56.2,96551,61545,1133
KWALITY,10-DEC-2020,3.5,3.5,3.2,3.25,1013891,750843,837
L&TFH,10-DEC-2020,91.95,92.15,89.1,90.15,13701820,3395011,41217
LALPATHLAB,10-DEC-2020,2195.0,2205.5,2163.05,2175.5,196323,139384,9838
LAMBODHARA,10-DEC-2020,34.55,41.45,31.2,41.45,764726,192830,1811
LAOPALA,10-DEC-2020,227.25,229.95,224.0,225.15,68019,44130,1807
LASA,10-DEC-2020,85.2,85.2,82.0,82.85,136508,82790,1728
LAURUSLABS,10-DEC-2020,328.0,334.45,320.35,330.4,2279373,969744,32136
LAXMIMACH,10-DEC-2020,4599.9,4599.9,4450.0,4457.75,6176,3894,1523
LEMONTREE,10-DEC-2020,45.0,45.0,41.7,43.65,2193587,1217980,11095
LFIC,10-DEC-2020,68.7,72.0,65.4,66.45,1060,550,16
LGBBROSLTD,10-DEC-2020,284.0,286.2,275.55,280.7,88248,47418,2607
LGBFORGE,10-DEC-2020,4.05,4.2,3.9,4.0,160735,127214,294
LIBAS,10-DEC-2020,30.05,35.0,29.55,32.5,222275,102813,1262
LIBERTSHOE,10-DEC-2020,150.95,150.95,147.6,149.0,54006,22177,1416
LICHSGFIN,10-DEC-2020,357.7,357.7,344.5,346.4,5551931,2169887,64196
LICNETFGSC,10-DEC-2020,22.72,22.72,21.76,22.13,14017,12184,97
LICNETFN50,10-DEC-2020,138.9,138.9,132.01,135.36,1620,959,203
LICNETFSEN,10-DEC-2020,507.0,581.0,493.95,508.17,715,374,105
LICNFNHGP,10-DEC-2020,135.5,137.9,132.5,135.3,205,96,46
LIKHITHA,10-DEC-2020,159.0,165.0,157.0,164.05,191544,85442,2544
LINCOLN,10-DEC-2020,237.9,243.5,230.0,242.25,289684,108505,5346
LINCPEN,10-DEC-2020,184.2,185.85,178.45,181.15,4811,3511,218
LINDEINDIA,10-DEC-2020,902.5,914.0,892.0,908.3,42695,25317,2598
LIQUIDBEES,10-DEC-2020,1002.4,1002.4,999.99,1000.0,993894,859527,4012
LIQUIDETF,10-DEC-2020,1000.04,1000.04,999.99,1000.0,12617,9683,58
LOKESHMACH,10-DEC-2020,31.6,32.0,28.6,30.9,114277,54777,680
LOTUSEYE,10-DEC-2020,32.15,32.6,32.0,32.2,9063,9052,50
LOVABLE,10-DEC-2020,99.5,104.6,96.55,101.65,401760,146173,4500
LPDC,10-DEC-2020,1.7,1.7,1.65,1.7,20159,18325,37
LSIL,10-DEC-2020,1.25,1.25,1.05,1.1,13079968,7456866,3173
LT,10-DEC-2020,1182.0,1193.75,1170.05,1190.35,4921373,2375196,133137
LTI,10-DEC-2020,3270.0,3295.0,3216.7,3251.4,117946,46867,11492
LTTS,10-DEC-2020,1848.0,1890.0,1810.1,1848.7,351071,225962,15979
LUMAXIND,10-DEC-2020,1439.9,1439.9,1385.3,1401.95,4757,2238,738
LUMAXTECH,10-DEC-2020,120.85,127.3,120.0,123.65,1365303,385800,14996
LUPIN,10-DEC-2020,954.0,959.05,935.55,943.1,1931940,456218,28957
LUXIND,10-DEC-2020,1599.85,1608.7,1541.25,1556.6,42670,7250,3677
LYKALABS,10-DEC-2020,22.85,22.85,20.05,21.9,29833,19448,258
LYPSAGEMS,10-DEC-2020,5.45,5.45,4.75,4.8,89218,65756,276
M&M,10-DEC-2020,745.0,754.95,731.05,736.15,3814006,1462128,56407
M&MFIN,10-DEC-2020,175.9,175.9,168.7,170.05,10406197,3715213,66410
M100,10-DEC-2020,21.68,21.69,21.21,21.41,122385,80277,567
M50,10-DEC-2020,134.7,134.7,129.6,133.06,3991,2357,53
MAANALU,10-DEC-2020,85.7,86.45,82.2,84.15,20469,10281,366
MACPOWER,10-DEC-2020,80.9,90.15,75.2,87.85,29652,20483,234
MADHAV,10-DEC-2020,31.4,32.7,31.05,31.35,12280,9146,115
MADHUCON,10-DEC-2020,4.6,4.6,4.6,4.6,41235,41235,59
MADRASFERT,10-DEC-2020,19.3,20.5,19.15,20.05,1012451,413929,3466
MAESGETF,10-DEC-2020,23.11,23.14,22.94,23.13,1349623,1348395,84
MAGADSUGAR,10-DEC-2020,116.05,120.45,114.0,118.25,71044,45100,1164
MAGMA,10-DEC-2020,46.0,46.35,43.35,44.5,766794,400305,3290
MAGNUM,10-DEC-2020,4.75,5.0,4.75,4.9,41487,40739,53
MAHABANK,10-DEC-2020,15.6,15.6,14.4,14.65,6561016,3186592,12664
MAHASTEEL,10-DEC-2020,105.5,105.5,98.2,102.55,14354,6191,508
MAHEPC,10-DEC-2020,159.05,160.0,151.2,154.75,546981,258760,6884
MAHINDCIE,10-DEC-2020,158.0,158.0,152.0,155.05,52544,31794,1495
MAHLIFE,10-DEC-2020,328.5,340.0,317.0,335.95,63287,34326,2335
MAHLOG,10-DEC-2020,397.5,397.95,382.55,390.25,30110,13551,1907
MAHSCOOTER,10-DEC-2020,3600.0,3662.0,3541.1,3633.25,10097,6139,1617
MAHSEAMLES,10-DEC-2020,304.4,305.0,293.0,295.0,58184,27099,1798
MAITHANALL,10-DEC-2020,546.05,554.9,541.5,552.7,28872,20447,1452
MAJESCO,10-DEC-2020,979.85,979.85,968.55,976.5,205634,189182,2219
MALUPAPER,10-DEC-2020,32.55,35.0,31.1,33.4,305796,121744,1787
MAN50ETF,10-DEC-2020,137.61,137.72,136.74,137.7,160783,159710,122
MANAKALUCO,10-DEC-2020,8.3,9.0,8.3,8.75,8301,7727,293
MANAKCOAT,10-DEC-2020,6.15,6.15,5.65,6.0,39958,36112,109
MANAKSIA,10-DEC-2020,54.25,56.0,51.65,55.05,346974,162931,2640
MANAKSTEEL,10-DEC-2020,17.8,17.85,16.25,17.85,158548,103483,653
MANALIPETC,10-DEC-2020,34.2,34.45,33.2,33.4,437287,332047,1463
MANAPPURAM,10-DEC-2020,173.0,173.0,168.5,171.55,6102959,1839741,34299
MANGALAM,10-DEC-2020,144.0,144.0,140.0,141.8,47983,30957,997
MANGCHEFER,10-DEC-2020,42.1,42.45,39.95,41.05,1190012,627721,11684
MANGLMCEM,10-DEC-2020,225.3,226.4,221.05,223.55,45983,24663,1556
MANGTIMBER,10-DEC-2020,10.15,10.5,9.7,10.0,36245,35544,33
MANINDS,10-DEC-2020,82.0,82.9,79.1,80.05,218968,115863,2302
MANINFRA,10-DEC-2020,34.15,34.15,32.55,33.15,382741,224507,1660
MANUGRAPH,10-DEC-2020,13.55,13.55,11.3,12.1,12129,8199,126
MANXT50,10-DEC-2020,314.13,317.22,312.52,316.4,7829,6798,114
MARALOVER,10-DEC-2020,21.8,22.5,21.5,21.7,17115,15742,99
MARATHON,10-DEC-2020,85.0,88.75,83.25,85.95,14611,8524,465
MARICO,10-DEC-2020,400.4,405.45,394.15,404.15,3979948,1551250,66191
MARINE,10-DEC-2020,214.85,215.0,202.0,205.45,88568,41062,694
MARKSANS,10-DEC-2020,60.5,62.5,58.1,61.8,2589501,860357,12036
MARUTI,10-DEC-2020,7760.0,7850.0,7710.0,7736.0,1186739,166849,88280
MASFIN,10-DEC-2020,1000.95,1054.8,982.3,1002.7,74753,25738,4942
MASTEK,10-DEC-2020,1071.25,1119.0,1055.05,1079.7,224717,89707,13454
MATRIMONY,10-DEC-2020,799.95,867.0,798.05,847.5,64806,28370,3948
MAWANASUG,10-DEC-2020,39.4,42.4,38.4,41.15,536231,210503,2764
MAXHEALTH,10-DEC-2020,139.8,143.65,138.85,140.95,458168,285506,13404
MAXIND,10-DEC-2020,61.7,61.75,60.1,61.3,119382,81066,1430
MAXVIL,10-DEC-2020,43.0,43.8,41.4,43.05,70816,40090,544
MAYURUNIQ,10-DEC-2020,282.15,290.8,273.9,287.5,128527,83375,3815
MAZDA,10-DEC-2020,555.0,560.0,544.05,549.2,7966,3457,513
MAZDOCK,10-DEC-2020,195.45,196.75,190.0,191.8,1429930,417808,14374
MBLINFRA,10-DEC-2020,11.45,11.75,10.95,11.5,147169,110862,341
MCDHOLDING,10-DEC-2020,30.95,31.5,28.55,30.3,48162,28690,370
MCDOWELL-N,10-DEC-2020,583.05,595.75,579.5,593.0,1736313,557055,33933
MCL,10-DEC-2020,81.95,81.95,77.1,79.1,10640,1864,123
MCLEODRUSS,10-DEC-2020,25.0,25.0,23.55,23.8,452287,284755,1302
MCX,10-DEC-2020,1695.0,1713.5,1650.0,1689.2,456217,160896,26114
MEGASOFT,10-DEC-2020,10.45,10.45,9.7,9.95,63787,49349,172
MEGH,10-DEC-2020,82.5,82.5,78.5,80.1,1206621,592017,9971
MEP,10-DEC-2020,18.1,19.5,18.1,18.55,225965,150657,656
MERCATOR,10-DEC-2020,0.95,0.95,0.95,0.95,428445,428445,79
METALFORGE,10-DEC-2020,6.55,6.55,5.95,5.95,74433,57919,358
METROPOLIS,10-DEC-2020,1995.1,2021.7,1944.05,1968.05,130163,97889,7959
MFSL,10-DEC-2020,638.05,646.4,632.1,638.55,2232621,1246600,26546
MGL,10-DEC-2020,1037.5,1050.0,1030.95,1037.75,633414,203878,21792
MHRIL,10-DEC-2020,212.8,212.85,204.8,210.4,103380,55649,4136
MIDHANI,10-DEC-2020,202.8,203.0,196.35,198.8,377965,129255,5962
MINDACORP,10-DEC-2020,87.0,87.75,83.65,87.2,1226793,530760,6433
MINDAIND,10-DEC-2020,398.8,398.8,387.0,388.35,74268,35610,3042
MINDTECK,10-DEC-2020,37.65,37.65,35.3,36.1,10074,7450,141
MINDTREE,10-DEC-2020,1455.0,1455.0,1428.15,1437.25,631499,230614,21564
MIRCELECTR,10-DEC-2020,9.35,9.35,8.85,9.25,316321,210817,540
MIRZAINT,10-DEC-2020,56.1,56.85,55.85,56.15,228865,134143,1503
MITTAL,10-DEC-2020,13.35,13.35,12.9,13.05,77865,53626,290
MMFL,10-DEC-2020,424.95,424.95,412.0,420.35,6610,4936,271
MMP,10-DEC-2020,82.4,84.2,81.0,83.5,13585,12120,201
MMTC,10-DEC-2020,20.45,21.9,19.7,21.15,3901363,1185529,5542
MOHOTAIND,10-DEC-2020,10.5,10.5,9.9,10.05,92918,40897,273
MOIL,10-DEC-2020,143.75,143.75,139.25,141.3,330944,157830,5555
MOLDTKPAC,10-DEC-2020,290.1,292.0,284.15,288.55,34695,19769,1508
MONTECARLO,10-DEC-2020,240.9,241.05,230.3,234.2,32916,15255,1192
MORARJEE,10-DEC-2020,14.4,14.4,13.55,14.3,20176,15137,144
MOREPENLAB,10-DEC-2020,32.15,32.4,30.2,31.3,3008325,1223838,8377
MOTHERSUMI,10-DEC-2020,157.95,158.15,153.6,154.65,7853031,2939149,53636
MOTILALOFS,10-DEC-2020,651.0,659.05,632.5,650.8,104585,44073,4052
MPHASIS,10-DEC-2020,1320.0,1324.95,1301.0,1306.85,162813,98652,10735
MPSLTD,10-DEC-2020,377.75,379.6,370.0,373.65,12326,6989,1095
MRF,10-DEC-2020,78499.0,78745.35,77350.1,77615.2,22452,4930,11438
MRO-TEK,10-DEC-2020,25.0,26.3,25.0,26.2,3001,2711,49
MRPL,10-DEC-2020,35.0,35.1,33.5,34.25,1874273,791568,5366
MSPL,10-DEC-2020,8.5,8.5,7.3,7.7,9937,6165,70
MSTCLTD,10-DEC-2020,161.55,162.6,156.7,157.25,199896,118395,2910
MTEDUCARE,10-DEC-2020,12.05,12.2,11.35,11.65,255075,184815,548
MTNL,10-DEC-2020,10.8,11.15,10.5,10.85,3266974,1383103,13015
MUKANDENGG,10-DEC-2020,13.5,13.5,12.3,13.5,21697,17286,84
MUKANDLTD,10-DEC-2020,64.95,65.0,57.8,60.15,207658,148137,1583
MUKTAARTS,10-DEC-2020,36.4,37.0,35.45,36.1,19403,14103,193
MUNJALAU,10-DEC-2020,58.9,58.9,57.65,58.0,148723,89749,1465
MUNJALSHOW,10-DEC-2020,141.1,142.2,138.55,140.85,30708,16923,844
MURUDCERA,10-DEC-2020,19.1,19.15,18.55,18.9,104258,73185,469
MUTHOOTCAP,10-DEC-2020,433.05,434.8,415.45,426.45,15198,10153,839
MUTHOOTFIN,10-DEC-2020,1190.45,1191.95,1159.0,1184.7,2116272,470981,54445
N100,10-DEC-2020,912.0,912.0,890.0,891.97,43915,30102,4618
NACLIND,10-DEC-2020,43.0,43.15,41.45,42.0,49047,29574,496
NAGREEKEXP,10-DEC-2020,18.25,18.3,17.35,17.65,7099,6489,76
NAHARCAP,10-DEC-2020,81.7,81.7,75.0,77.95,8391,3334,387
NAHARINDUS,10-DEC-2020,36.4,36.4,33.55,35.4,19321,15748,199
NAHARPOLY,10-DEC-2020,86.8,86.9,84.5,85.85,13739,8733,284
NAHARSPING,10-DEC-2020,59.95,59.95,53.4,55.75,41812,25832,427
NAM-INDIA,10-DEC-2020,302.0,309.5,293.5,307.55,1113684,529335,23056
NATCOPHARM,10-DEC-2020,971.2,971.2,886.65,959.15,272227,102420,14390
NATHBIOGEN,10-DEC-2020,301.05,307.9,293.3,295.65,298601,157153,3670
NATIONALUM,10-DEC-2020,41.9,42.2,40.5,41.8,15908864,3907584,18732
NAUKRI,10-DEC-2020,4373.0,4624.0,4353.35,4591.15,1138363,236741,72387
NAVINFLUOR,10-DEC-2020,2560.0,2595.0,2545.05,2554.45,79916,50182,12450
NAVKARCORP,10-DEC-2020,34.0,39.8,32.4,37.9,1870987,901071,5839
NAVNETEDUL,10-DEC-2020,90.5,90.5,83.65,88.65,191487,89062,2714
NBCC,10-DEC-2020,28.75,28.75,27.85,28.15,8715907,3009328,13900
NBIFIN,10-DEC-2020,1663.4,1732.8,1663.4,1678.45,952,536,151
NBVENTURES,10-DEC-2020,56.3,56.3,54.6,55.3,676490,382636,3226
NCC,10-DEC-2020,57.4,57.4,54.3,55.4,15075715,4861633,41862
NCLIND,10-DEC-2020,146.85,147.0,140.4,142.4,764830,498343,6222
NCPSESDL24,10-DEC-2020,103.09,103.09,102.95,103.05,507,489,5
NDGL,10-DEC-2020,715.3,715.3,675.0,694.95,29,3,8
NDL,10-DEC-2020,24.75,24.75,23.5,23.85,26200,19843,225
NDRAUTO,10-DEC-2020,193.0,203.75,178.0,203.7,61198,27836,1109
NDTV,10-DEC-2020,40.6,40.9,37.5,38.6,27189,23805,259
NECCLTD,10-DEC-2020,9.85,9.85,9.4,9.6,60006,55950,176
NECLIFE,10-DEC-2020,20.4,20.7,20.05,20.2,203389,135754,658
NELCAST,10-DEC-2020,61.95,61.95,60.25,60.7,66931,33963,644
NELCO,10-DEC-2020,206.1,216.4,203.25,209.4,288657,75004,5638
NEOGEN,10-DEC-2020,774.95,798.0,730.2,786.9,114101,35703,8111
NESCO,10-DEC-2020,552.2,552.2,541.0,544.35,73428,39121,3385
NESTLEIND,10-DEC-2020,17607.0,18404.0,17562.2,18352.7,304461,83206,65291
NETF,10-DEC-2020,164.36,164.36,149.0,163.87,228,165,52
NETFCONSUM,10-DEC-2020,61.0,62.9,59.2,62.49,11476,8966,118
NETFDIVOPP,10-DEC-2020,33.0,33.9,31.12,32.0,2703,2193,51
NETFIT,10-DEC-2020,23.0,23.0,22.7,22.93,124028,81202,788
NETFLTGILT,10-DEC-2020,22.38,22.4,22.34,22.38,23190,21150,57
NETFMID150,10-DEC-2020,78.23,78.23,76.61,77.23,69701,47876,555
NETFNIF100,10-DEC-2020,142.0,142.0,133.07,138.2,1006,952,72
NETFNV20,10-DEC-2020,71.3,71.3,70.4,71.0,6935,6907,43
NETWORK18,10-DEC-2020,36.9,37.0,35.3,35.65,1580920,1117864,3237
NEULANDLAB,10-DEC-2020,1114.95,1117.0,1075.0,1102.5,64955,26308,4340
NEWGEN,10-DEC-2020,272.3,272.3,267.3,269.3,27760,14742,1336
NEXTMEDIA,10-DEC-2020,5.05,5.75,5.0,5.45,33796,24814,87
NFL,10-DEC-2020,37.55,38.35,37.1,37.45,2161144,718799,7349
NH,10-DEC-2020,383.95,389.2,377.8,386.1,100871,62917,8468
NHPC,10-DEC-2020,22.3,22.3,21.65,21.9,4259829,2260152,7747
NIACL,10-DEC-2020,127.8,134.1,122.85,129.35,1818651,489231,22235
NIFTYBEES,10-DEC-2020,154.0,154.0,143.0,143.82,1541066,383760,9803
NIFTYEES,10-DEC-2020,16310.0,16500.0,16300.0,16366.66,7,6,7
NIITLTD,10-DEC-2020,175.6,185.8,172.65,182.2,1902043,679369,20413
NILAINFRA,10-DEC-2020,5.6,5.85,5.4,5.5,320450,227753,405
NILASPACES,10-DEC-2020,2.05,2.05,1.75,1.75,2107989,1748889,1300
NILKAMAL,10-DEC-2020,1430.75,1440.0,1400.15,1413.9,12244,8982,2031
NIPPOBATRY,10-DEC-2020,655.0,655.0,640.0,650.4,1817,1250,224
NITCO,10-DEC-2020,25.4,25.4,25.4,25.4,43119,40618,172
NKIND,10-DEC-2020,18.3,18.6,17.9,18.0,458,328,9
NLCINDIA,10-DEC-2020,54.45,54.7,53.05,53.9,577835,295144,3035
NMDC,10-DEC-2020,107.05,108.2,104.2,107.8,5587751,1372113,17613
NOCIL,10-DEC-2020,142.1,144.45,141.7,142.1,855987,269557,7892
NORBTEAEXP,10-DEC-2020,9.0,9.6,8.75,8.8,16204,14484,62
NOVARTIND,10-DEC-2020,658.75,664.0,648.0,659.05,10397,7915,576
NPBET,10-DEC-2020,159.0,163.14,155.83,158.23,638,609,32
NRAIL,10-DEC-2020,214.65,214.7,206.6,208.55,19302,13891,743
NRBBEARING,10-DEC-2020,84.35,84.35,81.5,82.75,175646,107896,1843
NSIL,10-DEC-2020,867.6,887.0,860.95,867.8,794,474,117
NTL,10-DEC-2020,1.1,1.1,1.0,1.05,48759,40031,63
NTPC,10-DEC-2020,98.4,99.35,96.5,97.15,25985382,7827916,58016
NUCLEUS,10-DEC-2020,559.0,559.5,546.1,551.45,29460,19739,1893
NXTDIGITAL,10-DEC-2020,601.25,601.5,579.95,581.4,16060,1771,422
OAL,10-DEC-2020,560.0,560.0,542.1,548.15,10845,8188,716
OBEROIRLTY,10-DEC-2020,534.0,534.75,516.5,523.7,247653,85902,9178
OCCL,10-DEC-2020,859.0,870.0,830.15,840.05,11516,6786,2866
OFSS,10-DEC-2020,3166.0,3166.0,3086.0,3133.3,44636,23442,9077
OIL,10-DEC-2020,106.0,106.0,104.1,104.85,970561,511846,10434
OLECTRA,10-DEC-2020,102.1,102.1,92.0,93.7,446341,299369,6147
OMAXAUTO,10-DEC-2020,43.5,44.0,42.55,43.45,22869,11903,435
OMAXE,10-DEC-2020,87.4,89.9,82.3,83.75,80963,54422,1218
OMMETALS,10-DEC-2020,20.5,21.4,19.95,20.1,58193,47464,245
ONELIFECAP,10-DEC-2020,8.1,8.1,7.4,8.0,18006,14940,62
ONGC,10-DEC-2020,91.0,92.2,88.7,91.65,25329334,7085021,83028
ONMOBILE,10-DEC-2020,56.9,58.4,54.25,57.1,409023,249824,2018
ONWARDTEC,10-DEC-2020,69.0,69.0,65.0,65.6,20025,13964,551
ORBTEXP,10-DEC-2020,68.55,69.9,67.4,68.85,7580,6157,113
ORICONENT,10-DEC-2020,22.0,22.0,20.75,21.3,135724,86653,529
ORIENTABRA,10-DEC-2020,22.5,23.2,21.95,22.55,48748,29682,345
ORIENTALTL,10-DEC-2020,10.3,11.0,10.3,10.95,65314,55796,185
ORIENTBELL,10-DEC-2020,146.6,149.3,144.0,144.55,35766,24139,810
ORIENTCEM,10-DEC-2020,79.0,79.8,76.5,77.5,729289,463541,4777
ORIENTELEC,10-DEC-2020,219.75,219.9,215.0,219.05,167351,94156,4349
ORIENTHOT,10-DEC-2020,27.0,27.0,25.0,25.7,89428,56420,524
ORIENTLTD,10-DEC-2020,80.6,86.95,76.05,84.0,1043,861,34
ORIENTPPR,10-DEC-2020,20.75,20.8,20.0,20.15,482758,239013,1431
ORIENTREF,10-DEC-2020,221.75,223.0,213.1,217.3,173568,131300,4803
ORISSAMINE,10-DEC-2020,2490.0,2501.0,2425.0,2449.5,6611,3978,1551
ORTINLABSS,10-DEC-2020,28.0,28.0,25.6,26.55,39617,29204,291
OSWALAGRO,10-DEC-2020,11.4,11.4,10.4,10.8,42771,23529,311
PAEL,10-DEC-2020,2.1,2.1,2.0,2.0,2310,2310,8
PAGEIND,10-DEC-2020,24250.0,24500.0,24101.35,24351.85,29808,7115,8974
PAISALO,10-DEC-2020,440.0,454.9,428.0,449.9,30813,23723,1118
PALASHSECU,10-DEC-2020,40.3,42.25,40.0,41.9,7827,6651,56
PANACEABIO,10-DEC-2020,226.95,248.95,225.0,243.65,1308988,650149,18783
PANACHE,10-DEC-2020,41.0,42.0,40.2,41.0,25820,3489,105
PANAMAPET,10-DEC-2020,89.5,89.65,86.0,88.15,110097,67915,1334
PARACABLES,10-DEC-2020,7.9,7.9,7.45,7.6,182204,150650,359
PARAGMILK,10-DEC-2020,118.65,119.4,114.15,116.0,360956,175437,4527
PATELENG,10-DEC-2020,14.95,14.95,13.1,14.05,653516,439223,1952
PATINTLOG,10-DEC-2020,28.0,29.05,26.9,28.45,184321,110475,941
PATSPINLTD,10-DEC-2020,6.25,6.35,5.8,5.8,8534,7223,39
PCJEWELLER,10-DEC-2020,22.6,26.7,20.5,25.85,32179309,7542323,60259
PDMJEPAPER,10-DEC-2020,21.6,23.3,21.25,22.85,722829,320524,2550
PDSMFL,10-DEC-2020,417.0,419.5,409.95,414.1,2259,2057,115
PEARLPOLY,10-DEC-2020,17.5,18.35,16.4,18.3,37614,29995,154
PEL,10-DEC-2020,1473.95,1473.95,1421.0,1454.0,1145429,301763,53616
PENIND,10-DEC-2020,22.45,22.8,20.5,20.9,447342,283352,1556
PENINLAND,10-DEC-2020,6.45,6.45,5.85,6.0,382354,256648,633
PERSISTENT,10-DEC-2020,1212.0,1240.0,1202.0,1236.3,93507,56013,8774
PETRONET,10-DEC-2020,256.7,256.8,250.65,254.9,5527767,2895588,44012
PFC,10-DEC-2020,117.0,117.2,110.3,114.55,14813851,3895718,53418
PFIZER,10-DEC-2020,5289.0,5289.0,5100.2,5202.1,172594,67635,21076
PFOCUS,10-DEC-2020,47.4,47.8,41.65,43.15,474360,236580,3107
PFS,10-DEC-2020,21.0,21.9,20.65,21.4,1609998,763502,3882
PGEL,10-DEC-2020,163.0,163.0,157.0,161.6,15997,8598,371
PGHH,10-DEC-2020,10900.0,11380.0,10845.6,11197.45,10499,6171,2746
PGHL,10-DEC-2020,6714.2,6793.8,6601.05,6648.2,5860,3015,1845
PGIL,10-DEC-2020,178.0,182.8,174.0,176.6,7168,5401,142
PHILIPCARB,10-DEC-2020,168.35,168.35,164.0,166.95,428681,162720,5079
PHOENIXLTD,10-DEC-2020,752.6,765.0,727.9,758.9,250284,91270,13927
PIDILITIND,10-DEC-2020,1619.35,1657.95,1612.8,1651.35,1147367,420515,40478
PIIND,10-DEC-2020,2334.8,2336.35,2302.6,2317.1,129081,72364,10918
PILANIINVS,10-DEC-2020,2350.0,2470.0,2322.0,2457.6,11768,5842,1158
PILITA,10-DEC-2020,9.0,9.5,9.0,9.15,268198,156931,248
PIONDIST,10-DEC-2020,115.35,117.0,112.2,115.25,8601,5520,155
PIONEEREMB,10-DEC-2020,28.0,28.3,27.4,28.0,16252,15461,81
PITTIENG,10-DEC-2020,51.15,51.15,48.15,50.25,212298,41054,2263
PLASTIBLEN,10-DEC-2020,244.65,252.3,236.2,249.15,34246,14335,878
PNB,10-DEC-2020,39.4,39.4,38.1,38.4,63379052,13389296,90367
PNBGILTS,10-DEC-2020,45.8,45.8,43.2,43.7,418571,200076,2531
PNBHOUSING,10-DEC-2020,377.0,379.25,372.05,375.45,114853,39948,3493
PNC,10-DEC-2020,17.15,17.15,15.6,16.45,14425,10494,169
PNCINFRA,10-DEC-2020,178.0,179.05,174.15,175.15,160901,86550,3163
PODDARHOUS,10-DEC-2020,182.05,182.6,178.0,180.0,670,618,32
PODDARMENT,10-DEC-2020,185.9,186.9,177.55,183.05,6344,3595,287
POKARNA,10-DEC-2020,173.6,193.25,163.5,184.0,608128,188502,8202
POLYCAB,10-DEC-2020,1030.9,1041.5,1011.8,1035.25,587960,311820,31033
POLYMED,10-DEC-2020,523.9,541.0,513.15,536.25,176977,82779,6761
POLYPLEX,10-DEC-2020,782.6,782.7,745.25,771.15,149943,85604,6935
PONNIERODE,10-DEC-2020,165.65,173.0,165.2,166.55,19585,10510,746
POWERGRID,10-DEC-2020,193.0,195.4,191.5,192.75,7657247,3678296,63014
POWERINDIA,10-DEC-2020,1193.5,1257.95,1180.0,1235.6,29659,22577,3269
POWERMECH,10-DEC-2020,437.5,441.0,425.2,428.45,45631,25300,1581
PPAP,10-DEC-2020,265.3,277.0,253.0,266.75,141580,60674,3339
PPL,10-DEC-2020,98.1,98.1,95.5,96.15,42640,32212,929
PRABHAT,10-DEC-2020,68.05,69.95,68.05,68.75,43541,25455,658
PRADIP,10-DEC-2020,0.7,0.7,0.7,0.7,14717,14717,7
PRAENG,10-DEC-2020,9.25,9.25,8.1,8.85,29471,20379,123
PRAJIND,10-DEC-2020,105.5,110.9,103.3,108.95,4671883,1376379,31041
PRAKASH,10-DEC-2020,57.1,58.15,54.65,56.05,734147,341846,3669
PRAKASHSTL,10-DEC-2020,1.3,1.35,1.15,1.2,1520759,1222793,725
PRAXIS,10-DEC-2020,39.45,40.45,38.0,39.5,34237,19460,390
PRECAM,10-DEC-2020,47.3,47.3,44.5,45.8,174128,99887,1425
PRECWIRE,10-DEC-2020,161.8,163.95,158.5,159.9,9819,5866,369
PREMEXPLN,10-DEC-2020,137.55,139.65,136.95,138.05,6349,4104,173
PREMIER,10-DEC-2020,3.15,3.3,3.0,3.25,12247,10697,62
PREMIERPOL,10-DEC-2020,32.5,34.0,32.5,33.95,5042,4316,53
PRESSMN,10-DEC-2020,22.9,25.75,21.6,24.6,177137,102243,981
PRESTIGE,10-DEC-2020,292.6,295.0,285.85,288.1,435589,241041,7404
PRICOLLTD,10-DEC-2020,48.55,49.3,47.5,48.0,135973,90800,961
PRIMESECU,10-DEC-2020,50.4,50.4,48.1,48.7,6629,4905,160
PRINCEPIPE,10-DEC-2020,272.35,278.0,265.05,274.35,288093,136385,8469
PRIVISCL,10-DEC-2020,555.0,577.0,545.0,571.1,16260,10482,1165
PROSEED,10-DEC-2020,0.45,0.45,0.4,0.4,152070,114912,109
PROZONINTU,10-DEC-2020,19.45,19.45,18.2,18.45,125242,98427,580
PRSMJOHNSN,10-DEC-2020,88.0,88.05,83.5,85.3,317382,121491,5611
PSB,10-DEC-2020,14.95,14.95,14.15,14.25,1028755,540446,1850
PSPPROJECT,10-DEC-2020,409.0,411.3,400.6,402.1,32250,20648,1565
PSUBNKBEES,10-DEC-2020,21.4,21.4,19.4,19.9,959649,773374,1863
PTC,10-DEC-2020,61.25,61.5,59.0,59.8,1670096,982991,10700
PTL,10-DEC-2020,44.55,44.7,42.6,43.35,31813,23963,490
PUNJABCHEM,10-DEC-2020,708.7,719.95,685.0,713.85,14263,8469,848
PURVA,10-DEC-2020,73.45,75.0,66.65,68.9,220216,146573,2237
PVR,10-DEC-2020,1488.0,1496.1,1442.75,1473.55,2001077,154420,53418
QGOLDHALF,10-DEC-2020,2134.8,2134.8,2122.0,2123.0,835,716,84
QNIFTY,10-DEC-2020,1392.0,1392.0,1388.0,1388.7,17,15,5
QUESS,10-DEC-2020,495.0,495.05,475.25,481.15,83255,44786,4945
QUICKHEAL,10-DEC-2020,160.65,160.65,155.3,157.6,193901,96423,3793
RADAAN,10-DEC-2020,1.05,1.05,0.95,1.0,51005,48743,36
RADICO,10-DEC-2020,460.8,464.85,452.75,458.85,177451,79116,5204
RAIN,10-DEC-2020,135.0,136.55,130.55,133.1,1453271,623780,11411
RAJESHEXPO,10-DEC-2020,486.3,486.3,468.5,472.1,128332,58900,7942
RAJRATAN,10-DEC-2020,434.7,434.7,407.0,417.85,6925,3286,615
RAJSREESUG,10-DEC-2020,16.5,17.5,15.8,16.75,99859,42577,632
RAJTV,10-DEC-2020,37.15,38.8,35.55,37.95,30184,22643,221
RALLIS,10-DEC-2020,287.0,291.85,284.75,285.65,419636,181526,9874
RAMANEWS,10-DEC-2020,14.55,14.7,14.0,14.25,46625,32353,192
RAMASTEEL,10-DEC-2020,49.6,49.6,47.7,48.2,8986,5869,84
RAMCOCEM,10-DEC-2020,870.0,870.9,828.25,832.55,1125250,363987,26232
RAMCOIND,10-DEC-2020,217.7,221.0,215.5,219.55,40942,22976,1493
RAMCOSYS,10-DEC-2020,522.75,528.0,490.0,516.4,372556,150364,8762
RAMKY,10-DEC-2020,45.5,45.5,43.05,43.85,85971,56720,752
RANASUG,10-DEC-2020,7.6,8.25,7.35,7.7,847931,575036,919
RANEENGINE,10-DEC-2020,231.35,231.35,215.15,219.55,4453,2685,236
RANEHOLDIN,10-DEC-2020,518.0,518.0,501.95,507.2,16019,8423,958
RATNAMANI,10-DEC-2020,1619.0,1629.0,1593.05,1601.75,8459,5843,1226
RAYMOND,10-DEC-2020,338.5,339.85,324.0,329.25,747853,306642,15172
RBL,10-DEC-2020,705.1,714.0,692.25,701.5,19678,8042,1288
RBLBANK,10-DEC-2020,237.0,242.8,231.5,234.7,13593650,1536688,75303
RCF,10-DEC-2020,52.35,54.45,52.1,52.9,8668608,2218884,28239
RCOM,10-DEC-2020,2.3,2.3,2.15,2.3,52444853,28378742,10653
RECLTD,10-DEC-2020,133.95,133.95,125.5,131.95,17266091,3311593,59266
REDINGTON,10-DEC-2020,133.6,137.6,132.5,132.9,822748,452893,21748
REFEX,10-DEC-2020,114.95,114.95,106.0,113.05,467467,223231,6608
RELAXO,10-DEC-2020,720.0,744.0,720.0,740.1,296164,115008,16887
RELCAPITAL,10-DEC-2020,11.95,11.95,11.0,11.95,14881487,7879573,11161
RELIANCE,10-DEC-2020,2021.6,2028.5,2001.0,2007.0,7414229,2670339,212910
RELIGARE,10-DEC-2020,69.95,71.0,68.0,69.65,509321,281730,2383
RELINFRA,10-DEC-2020,27.5,27.8,25.25,26.15,4238620,2313506,13976
REMSONSIND,10-DEC-2020,96.6,104.45,96.5,101.0,782,503,58
RENUKA,10-DEC-2020,12.0,12.55,11.3,12.0,6084579,2443644,5104
REPCOHOME,10-DEC-2020,250.0,254.55,245.2,248.75,198172,121300,6153
REPRO,10-DEC-2020,383.0,383.05,374.0,376.35,4016,3132,355
RESPONIND,10-DEC-2020,182.9,187.4,180.65,182.6,205974,10077,1865
REVATHI,10-DEC-2020,461.85,510.0,440.5,443.0,3253,1599,397
RGL,10-DEC-2020,274.0,281.0,273.5,276.1,22525,13601,834
RHFL,10-DEC-2020,2.8,2.8,2.65,2.65,2393833,1800030,1219
RICOAUTO,10-DEC-2020,36.0,36.1,34.7,35.7,554152,261199,2437
RIIL,10-DEC-2020,417.0,418.2,406.05,410.5,220074,60499,5264
RITES,10-DEC-2020,267.05,268.7,261.0,262.65,297682,149273,7745
RKDL,10-DEC-2020,7.85,7.85,6.5,7.1,22615,16333,125
RKFORGE,10-DEC-2020,477.35,477.4,461.6,469.3,36908,6966,1134
RMCL,10-DEC-2020,3.45,3.45,3.3,3.45,93578,90577,120
RML,10-DEC-2020,233.65,236.7,225.1,229.55,7616,5334,324
RNAVAL,10-DEC-2020,3.5,3.55,3.35,3.4,3753653,2614831,2012
ROHLTD,10-DEC-2020,73.2,75.4,72.15,73.35,33097,20562,406
ROLLT,10-DEC-2020,2.95,2.95,2.95,2.95,3540,3540,13
ROLTA,10-DEC-2020,5.7,5.75,5.4,5.5,386224,271708,5791
ROML,10-DEC-2020,24.65,24.65,24.65,24.65,246,246,4
ROSSARI,10-DEC-2020,835.25,838.95,816.05,823.95,89398,31574,5492
ROSSELLIND,10-DEC-2020,135.0,135.0,128.0,131.9,20224,13003,334
ROUTE,10-DEC-2020,1195.8,1195.8,1077.0,1135.65,255321,111336,16261
RPGLIFE,10-DEC-2020,378.35,379.7,368.0,375.4,19504,8497,1010
RPPINFRA,10-DEC-2020,55.7,56.0,51.6,52.1,87961,48705,886
RSSOFTWARE,10-DEC-2020,22.5,24.9,21.15,24.5,154925,75450,778
RSWM,10-DEC-2020,109.0,118.5,109.0,116.75,38532,30586,671
RSYSTEMS,10-DEC-2020,122.0,122.6,117.55,118.25,116913,49960,2489
RTNINFRA,10-DEC-2020,6.9,6.9,6.45,6.6,298046,229562,420
RTNPOWER,10-DEC-2020,2.15,2.15,1.95,2.0,28376286,18561960,7070
RUBYMILLS,10-DEC-2020,192.95,192.95,183.15,186.6,4572,2370,246
RUCHIRA,10-DEC-2020,69.0,69.0,64.0,66.65,153278,84226,1891
RUPA,10-DEC-2020,231.5,237.9,226.2,231.0,48257,14080,1270
RUSHIL,10-DEC-2020,144.75,145.8,140.65,141.95,21672,11291,521
RVNL,10-DEC-2020,22.8,22.85,21.8,21.9,6259013,3747286,13654
S&SPOWER,10-DEC-2020,10.2,10.2,10.2,10.2,149,149,2
SABTN,10-DEC-2020,1.9,1.9,1.9,1.9,2955,2955,7
SADBHAV,10-DEC-2020,63.0,63.15,58.0,61.5,868974,554864,5609
SADBHIN,10-DEC-2020,21.4,21.75,20.0,20.65,357286,219537,1458
SAFARI,10-DEC-2020,568.0,578.0,552.0,555.4,17448,10408,1468
SAGCEM,10-DEC-2020,720.1,724.9,706.0,717.85,21685,11884,1495
SAIL,10-DEC-2020,54.5,56.2,53.0,55.75,42650848,5989316,61923
SAKAR,10-DEC-2020,100.2,100.2,95.55,96.95,71738,59335,317
SAKHTISUG,10-DEC-2020,9.7,10.2,9.4,10.05,231163,148505,521
SAKSOFT,10-DEC-2020,328.85,328.85,316.1,321.3,11233,6612,653
SAKUMA,10-DEC-2020,5.9,5.9,5.55,5.85,531329,343297,764
SALASAR,10-DEC-2020,213.0,216.5,211.35,216.1,86636,35072,520
SALONA,10-DEC-2020,62.3,66.0,62.3,64.55,1627,1165,40
SALSTEEL,10-DEC-2020,3.8,3.8,3.55,3.6,62956,40254,145
SALZERELEC,10-DEC-2020,132.5,132.5,125.55,128.4,48275,27506,1402
SAMBHAAV,10-DEC-2020,2.2,2.3,2.2,2.3,38404,38404,39
SANCO,10-DEC-2020,13.8,14.0,13.55,13.75,14829,10054,100
SANDESH,10-DEC-2020,575.05,580.0,565.7,571.8,899,662,139
SANDHAR,10-DEC-2020,237.65,244.65,234.0,239.15,19453,12448,1294
SANGAMIND,10-DEC-2020,61.0,61.65,58.35,60.25,11308,7045,178
SANGHIIND,10-DEC-2020,33.0,33.0,31.5,31.9,1416143,932373,3392
SANGHVIMOV,10-DEC-2020,105.0,108.8,101.4,105.6,17862,11735,455
SANGINITA,10-DEC-2020,28.2,28.2,25.6,28.2,459742,300642,1782
SANOFI,10-DEC-2020,8025.9,8025.9,7937.25,7984.25,20698,14791,3947
SARDAEN,10-DEC-2020,324.5,324.5,315.0,318.95,49441,26254,1848
SAREGAMA,10-DEC-2020,758.8,773.3,742.0,767.3,17433,8546,1534
SARLAPOLY,10-DEC-2020,21.45,21.6,20.0,20.4,190272,142046,763
SASKEN,10-DEC-2020,710.0,713.95,695.0,700.1,15684,7697,1022
SASTASUNDR,10-DEC-2020,130.7,132.65,128.55,129.65,14732,10951,223
SATIA,10-DEC-2020,98.0,98.0,93.9,94.6,154415,59396,1194
SATIN,10-DEC-2020,79.0,79.0,74.5,76.8,153631,82361,1407
SBICARD,10-DEC-2020,844.5,844.5,827.15,831.75,634969,257299,23685
SBIETFIT,10-DEC-2020,228.0,230.0,227.45,228.36,282,276,32
SBIETFPB,10-DEC-2020,170.0,171.99,167.01,168.84,755,541,25
SBIETFQLTY,10-DEC-2020,119.3,120.94,118.5,120.94,1030,935,48
SBILIFE,10-DEC-2020,861.0,862.9,855.0,856.05,2302834,1558024,96600
SBIN,10-DEC-2020,269.0,271.0,265.55,269.55,38676657,7139680,191259
SCAPDVR,10-DEC-2020,1.4,1.4,1.3,1.3,80728,55978,41
SCHAEFFLER,10-DEC-2020,4419.0,4419.0,4166.35,4353.15,14966,7148,4368
SCHAND,10-DEC-2020,73.1,77.8,72.05,73.05,450727,347011,3045
SCHNEIDER,10-DEC-2020,88.2,88.3,86.4,87.25,102401,55377,1523
SCI,10-DEC-2020,82.0,88.4,80.15,88.4,35045827,8118620,113063
SDBL,10-DEC-2020,31.7,32.0,28.8,30.05,310009,208313,1413
SEAMECLTD,10-DEC-2020,458.0,479.0,446.0,470.35,135581,23137,2268
SELAN,10-DEC-2020,133.6,133.6,127.6,128.35,38576,23446,907
SEPOWER,10-DEC-2020,2.8,2.8,2.65,2.8,42351,39957,80
SEQUENT,10-DEC-2020,170.2,175.0,164.5,174.05,969761,536194,10439
SESHAPAPER,10-DEC-2020,154.5,156.0,150.05,151.25,45027,24876,1283
SETCO,10-DEC-2020,12.45,12.5,11.95,12.25,78003,68720,282
SETF10GILT,10-DEC-2020,202.5,204.99,202.5,204.97,12,7,5
SETFGOLD,10-DEC-2020,4416.45,4419.0,4375.0,4385.75,8816,5422,1451
SETFNIF50,10-DEC-2020,140.0,140.0,138.73,139.5,192696,158546,1055
SETFNIFBK,10-DEC-2020,305.0,305.13,300.94,303.94,41714,16451,861
SETFNN50,10-DEC-2020,328.0,329.99,324.11,329.56,9053,5548,253
SETUINFRA,10-DEC-2020,1.15,1.15,1.15,1.15,522189,517639,219
SEYAIND,10-DEC-2020,70.0,72.5,68.95,69.55,35577,26223,615
SFL,10-DEC-2020,1700.65,1742.65,1669.25,1712.35,12344,7048,1795
SGL,10-DEC-2020,8.45,8.45,7.5,8.0,36473,22318,188
SHAHALLOYS,10-DEC-2020,10.0,10.0,9.1,9.15,5456,4946,37
SHALBY,10-DEC-2020,106.75,107.5,105.0,105.85,201097,60087,3735
SHALPAINTS,10-DEC-2020,75.5,75.5,70.75,72.6,215434,87579,1918
SHANKARA,10-DEC-2020,352.5,356.0,345.0,347.45,44447,17284,1952
SHANTIGEAR,10-DEC-2020,123.0,127.9,120.0,122.7,92454,36258,2427
SHARDACROP,10-DEC-2020,288.0,288.8,280.0,280.95,40967,22303,1839
SHARDAMOTR,10-DEC-2020,1631.45,1699.0,1586.65,1673.75,4670,2860,772
SHAREINDIA,10-DEC-2020,126.0,132.0,118.1,125.3,17629,4207,171
SHARIABEES,10-DEC-2020,337.0,337.98,333.02,337.25,391,384,27
SHEMAROO,10-DEC-2020,75.0,75.0,68.5,72.4,109587,59306,1393
SHIL,10-DEC-2020,141.0,148.0,132.5,142.65,191294,123898,2134
SHILPAMED,10-DEC-2020,475.8,492.0,469.0,480.3,1032740,345795,28038
SHIVAMAUTO,10-DEC-2020,20.6,21.25,20.0,20.7,81300,57344,411
SHIVAMILLS,10-DEC-2020,27.4,27.9,26.9,27.65,6121,5444,38
SHIVATEX,10-DEC-2020,93.4,93.4,84.8,87.8,3152,2434,116
SHK,10-DEC-2020,128.5,128.9,123.2,126.2,452692,208842,5860
SHOPERSTOP,10-DEC-2020,221.7,221.7,208.3,209.6,592809,227310,11612
SHRADHA,10-DEC-2020,57.05,62.7,57.0,61.5,11665,10921,23
SHREDIGCEM,10-DEC-2020,59.85,59.85,58.6,59.05,359076,195504,2691
SHREECEM,10-DEC-2020,24420.7,24499.95,23687.4,23758.1,83757,29009,18213
SHREEPUSHK,10-DEC-2020,118.0,118.95,113.6,116.45,72262,35445,1802
SHREERAMA,10-DEC-2020,8.75,8.75,7.85,8.35,54889,41455,175
SHRENIK,10-DEC-2020,5.35,5.6,5.1,5.6,2003565,1423422,1616
SHREYANIND,10-DEC-2020,93.0,93.0,86.0,87.35,28273,15053,689
SHREYAS,10-DEC-2020,72.0,73.9,67.8,68.95,48584,35576,443
SHRIRAMCIT,10-DEC-2020,1099.9,1114.0,1070.0,1071.9,21459,10964,2867
SHRIRAMEPC,10-DEC-2020,4.6,4.6,3.9,4.05,631024,522292,619
SHYAMCENT,10-DEC-2020,6.15,6.15,6.1,6.15,121403,110293,247
SHYAMTEL,10-DEC-2020,5.1,5.35,5.1,5.35,10436,10436,8
SICAGEN,10-DEC-2020,14.3,14.85,14.25,14.75,16483,14750,96
SICAL,10-DEC-2020,16.5,16.65,15.0,16.65,2816375,1736044,4977
SIEMENS,10-DEC-2020,1570.6,1571.5,1525.0,1537.0,310804,68927,19104
SIGIND,10-DEC-2020,23.7,23.9,22.55,23.2,22210,14188,243
SILINV,10-DEC-2020,165.55,177.0,155.3,171.7,12170,6673,700
SIMBHALS,10-DEC-2020,7.95,8.15,6.8,8.15,118619,65951,331
SIMPLEXINF,10-DEC-2020,37.0,38.4,36.5,37.0,100351,77273,609
SINTERCOM,10-DEC-2020,77.0,77.5,72.2,76.0,3586,2864,25
SIRCA,10-DEC-2020,238.0,241.95,237.35,240.35,15935,12591,622
SIS,10-DEC-2020,444.0,454.4,432.65,443.85,85210,28301,4835
SIYSIL,10-DEC-2020,182.0,183.8,174.6,177.6,183524,95377,2590
SJVN,10-DEC-2020,25.1,25.3,24.4,24.9,1072940,620002,3898
SKFINDIA,10-DEC-2020,1669.0,1672.05,1640.0,1651.8,13457,7424,1556
SKIL,10-DEC-2020,2.35,2.35,2.25,2.35,2385292,2091960,392
SKIPPER,10-DEC-2020,61.7,61.85,58.25,60.0,75619,48639,741
SKMEGGPROD,10-DEC-2020,52.65,52.65,49.5,50.45,38957,21460,516
SMARTLINK,10-DEC-2020,94.8,94.8,86.6,88.6,128559,69314,2043
SMLISUZU,10-DEC-2020,480.05,492.1,473.3,477.35,31094,13023,2001
SMSLIFE,10-DEC-2020,636.05,641.45,605.0,615.9,6472,3966,668
SMSPHARMA,10-DEC-2020,100.0,100.1,97.05,97.75,145062,95302,1465
SNOWMAN,10-DEC-2020,58.2,62.0,55.8,61.25,14303325,4558610,49892
SOBHA,10-DEC-2020,323.2,326.05,315.2,318.85,160358,69270,3369
SOLARA,10-DEC-2020,1241.0,1255.0,1182.65,1238.8,48164,27353,4282
SOLARINDS,10-DEC-2020,1054.0,1054.0,1030.0,1031.55,13440,8062,1677
SOMANYCERA,10-DEC-2020,306.5,310.3,300.0,304.65,78268,43433,2788
SOMICONVEY,10-DEC-2020,27.5,28.75,26.2,26.9,12790,8942,138
SONATSOFTW,10-DEC-2020,355.0,355.0,343.0,350.6,422482,235198,8813
SORILINFRA,10-DEC-2020,114.75,114.75,96.55,105.8,180875,89301,3052
SOTL,10-DEC-2020,726.95,734.95,712.2,725.6,5382,2738,674
SOUTHBANK,10-DEC-2020,10.3,10.3,9.8,9.95,36590411,20354782,89700
SOUTHWEST,10-DEC-2020,38.3,41.0,37.5,40.45,58158,40077,409
SPAL,10-DEC-2020,158.0,158.0,144.6,150.85,19205,12666,607
SPANDANA,10-DEC-2020,727.75,744.0,705.7,729.75,26009,12473,2456
SPARC,10-DEC-2020,192.0,193.9,188.55,191.1,383012,145277,5110
SPECIALITY,10-DEC-2020,43.85,43.85,42.0,42.9,83067,48846,584
SPENCERS,10-DEC-2020,84.3,84.45,82.05,83.5,797746,329947,5897
SPIC,10-DEC-2020,24.3,24.85,23.6,23.85,2732002,1336917,8519
SPICEJET,10-DEC-2020,93.5,101.25,88.05,99.7,22118833,7560528,90760
SPLIL,10-DEC-2020,33.25,33.55,32.05,32.8,26594,17512,246
SPMLINFRA,10-DEC-2020,11.0,12.05,10.25,12.0,323407,198056,841
SPTL,10-DEC-2020,3.8,3.8,3.5,3.5,7709117,4706214,3000
SREEL,10-DEC-2020,151.95,151.95,145.55,149.05,25166,23986,197
SREINFRA,10-DEC-2020,7.5,7.5,7.0,7.25,1783680,907302,1802
SRF,10-DEC-2020,5409.0,5419.0,5280.0,5314.35,121245,35699,12096
SRHHYPOLTD,10-DEC-2020,239.95,242.0,236.4,238.5,8498,6700,270
SRIPIPES,10-DEC-2020,145.0,147.1,137.4,143.95,169922,101877,2672
SRPL,10-DEC-2020,31.0,31.55,30.2,30.25,2124,132,12
SRTRANSFIN,10-DEC-2020,1052.0,1062.0,1025.0,1049.75,2665772,492376,48284
SSWL,10-DEC-2020,525.0,526.05,514.85,516.8,25594,14708,1502
STAR,10-DEC-2020,845.4,859.35,805.0,813.45,764477,273092,27701
STARCEMENT,10-DEC-2020,96.25,96.3,92.25,93.85,215375,119650,2631
STARPAPER,10-DEC-2020,104.85,105.0,100.45,102.35,98734,40108,1704
STCINDIA,10-DEC-2020,80.5,82.0,76.45,80.0,96362,24939,1518
STEELCITY,10-DEC-2020,34.9,36.85,34.0,34.95,3919,2567,103
STEELXIND,10-DEC-2020,36.55,38.2,36.5,37.65,79760,57265,316
STEL,10-DEC-2020,65.0,65.15,63.2,64.3,13983,10695,241
STERTOOLS,10-DEC-2020,190.8,193.9,186.1,192.7,12981,7918,436
STLTECH,10-DEC-2020,169.7,169.7,162.6,165.6,869598,325884,12384
SUBEXLTD,10-DEC-2020,29.9,31.4,27.8,30.65,14633598,6055372,34530
SUBROS,10-DEC-2020,305.8,305.8,298.95,300.55,50629,31415,4525
SUDARSCHEM,10-DEC-2020,489.7,496.85,479.5,492.45,201969,69492,6746
SUMEETINDS,10-DEC-2020,2.85,2.85,2.65,2.65,164562,158902,151
SUMICHEM,10-DEC-2020,305.0,313.9,298.2,309.7,781595,315970,12674
SUMIT,10-DEC-2020,15.3,15.3,13.05,13.05,205596,169507,765
SUMMITSEC,10-DEC-2020,540.0,548.0,527.0,532.65,3531,2592,294
SUNCLAYLTD,10-DEC-2020,2075.15,2098.95,1972.0,2033.75,2437,1537,396
SUNDARAM,10-DEC-2020,1.5,1.5,1.4,1.5,389155,279355,210
SUNDARMFIN,10-DEC-2020,1790.0,1833.85,1766.0,1806.15,98571,54559,9439
SUNDARMHLD,10-DEC-2020,57.7,58.65,56.9,57.8,128659,85541,974
SUNDRMBRAK,10-DEC-2020,293.15,295.85,283.5,289.0,2090,1149,213
SUNDRMFAST,10-DEC-2020,535.9,538.6,520.05,524.05,80193,47186,10704
SUNFLAG,10-DEC-2020,60.75,60.75,58.1,59.3,310019,123996,2107
SUNPHARMA,10-DEC-2020,570.0,574.75,560.1,565.2,6755693,1281588,90074
SUNTECK,10-DEC-2020,326.45,327.85,316.15,324.0,449098,211517,8184
SUNTV,10-DEC-2020,473.0,476.5,461.5,474.4,2613776,401411,29363
SUPERHOUSE,10-DEC-2020,118.6,118.6,113.5,114.95,23768,14704,837
SUPERSPIN,10-DEC-2020,5.75,5.75,5.3,5.3,56462,39898,88
SUPPETRO,10-DEC-2020,365.7,383.45,360.0,378.95,85388,40113,5036
SUPRAJIT,10-DEC-2020,201.4,204.0,195.1,197.2,78415,49015,3225
SUPREMEENG,10-DEC-2020,25.5,25.5,24.5,24.8,9883,7793,43
SUPREMEIND,10-DEC-2020,1730.1,1772.0,1684.5,1725.35,185382,84334,15625
SURANASOL,10-DEC-2020,9.0,9.0,8.05,8.3,33613,23723,199
SURANAT&P,10-DEC-2020,4.0,4.15,3.8,4.05,98812,79892,277
SURYALAXMI,10-DEC-2020,25.05,25.05,23.0,23.95,11363,8228,129
SURYAROSNI,10-DEC-2020,334.6,334.6,320.0,326.65,146892,59785,4705
SUTLEJTEX,10-DEC-2020,33.7,34.05,32.2,33.7,186224,135662,677
SUULD,10-DEC-2020,107.0,112.0,102.05,106.25,29351,17881,234
SUVEN,10-DEC-2020,72.05,72.05,68.25,69.25,1235006,631333,7730
SUVENPHAR,10-DEC-2020,394.5,407.35,385.0,403.05,278599,142212,16292
SWANENERGY,10-DEC-2020,136.45,136.6,132.0,132.7,143275,28065,2269
SWARAJENG,10-DEC-2020,1430.0,1474.85,1398.1,1437.35,35408,17326,4073
SWELECTES,10-DEC-2020,160.0,160.5,155.0,155.85,10172,7841,278
SWSOLAR,10-DEC-2020,265.0,272.3,257.05,260.25,241531,148765,4783
SYMPHONY,10-DEC-2020,908.95,914.0,896.0,909.5,100820,54714,8888
SYNGENE,10-DEC-2020,600.0,618.0,592.0,596.85,881328,367735,44995
TAINWALCHM,10-DEC-2020,70.1,70.1,66.25,68.5,19829,7707,529
TAJGVK,10-DEC-2020,143.9,143.9,140.35,141.0,84369,41984,1561
TAKE,10-DEC-2020,46.1,46.95,44.45,46.05,2093909,1026126,7031
TALBROAUTO,10-DEC-2020,151.85,151.85,146.3,147.8,17050,12964,484
TANLA,10-DEC-2020,894.0,904.9,873.0,904.9,839523,417694,30804
TARMAT,10-DEC-2020,45.1,47.55,42.3,43.75,58775,34245,899
TASTYBITE,10-DEC-2020,11299.55,11339.0,10725.0,10969.9,2021,1186,957
TATACHEM,10-DEC-2020,511.95,514.0,502.25,511.1,5583730,1291126,53798
TATACOFFEE,10-DEC-2020,111.75,111.8,109.1,110.6,747275,274117,5635
TATACOMM,10-DEC-2020,1040.0,1069.0,1024.0,1031.85,147187,56168,8052
TATACONSUM,10-DEC-2020,562.0,584.7,560.2,579.9,4578520,1557869,58382
TATAELXSI,10-DEC-2020,1665.0,1667.0,1598.0,1610.4,314240,129093,19464
TATAINVEST,10-DEC-2020,1018.0,1024.95,993.95,1002.6,46447,13908,3937
TATAMETALI,10-DEC-2020,586.9,593.0,576.0,588.15,81500,37634,4682
TATAMOTORS,10-DEC-2020,182.7,182.7,176.4,177.6,38368777,7190829,160033
TATAMTRDVR,10-DEC-2020,76.0,76.2,74.1,74.8,3179790,1079482,9746
TATAPOWER,10-DEC-2020,73.0,73.45,71.0,72.65,29242808,4177210,49953
TATASTEEL,10-DEC-2020,606.0,614.0,593.5,610.1,19829328,3966880,187226
TATASTLBSL,10-DEC-2020,37.55,37.55,36.1,37.15,4908284,1877366,6862
TATASTLLP,10-DEC-2020,524.7,524.7,506.2,513.45,90472,43998,3323
TBZ,10-DEC-2020,47.3,47.7,45.5,46.15,351568,74494,2821
TCI,10-DEC-2020,261.15,261.15,251.7,254.55,22303,10231,1138
TCIDEVELOP,10-DEC-2020,307.55,317.05,307.1,310.0,337,196,25
TCIEXP,10-DEC-2020,909.95,949.0,890.1,913.35,21039,8985,2099
TCIFINANCE,10-DEC-2020,5.3,5.45,5.3,5.4,6478,3678,10
TCNSBRANDS,10-DEC-2020,426.0,438.0,408.25,418.05,11845,7119,784
TCPLPACK,10-DEC-2020,407.6,414.0,393.75,411.45,4375,2043,367
TCS,10-DEC-2020,2818.0,2827.3,2780.25,2784.3,2127801,1009035,106653
TDPOWERSYS,10-DEC-2020,134.95,135.9,128.55,129.6,70854,34420,1800
TEAMLEASE,10-DEC-2020,2605.0,2634.0,2546.85,2594.85,21284,12432,5778
TECHIN,10-DEC-2020,2.75,2.75,2.75,2.75,181,181,3
TECHM,10-DEC-2020,925.0,932.6,917.1,927.3,2608358,1065882,74777
TECHNOE,10-DEC-2020,221.0,224.0,217.25,220.85,14428,10401,414
TEJASNET,10-DEC-2020,151.65,151.65,140.15,150.55,2113872,1197428,17984
TERASOFT,10-DEC-2020,31.45,32.25,30.6,31.75,52552,31365,447
TEXINFRA,10-DEC-2020,41.35,43.0,40.5,42.1,320272,213165,1365
TEXMOPIPES,10-DEC-2020,21.0,21.0,20.25,20.5,68194,51855,479
TEXRAIL,10-DEC-2020,29.15,29.15,27.7,28.25,573191,321641,1764
TFCILTD,10-DEC-2020,48.45,48.85,46.75,47.85,526388,268985,2798
TGBHOTELS,10-DEC-2020,6.95,6.95,6.5,6.75,143688,129716,249
THANGAMAYL,10-DEC-2020,530.8,533.9,508.25,525.5,44175,23341,2376
THEINVEST,10-DEC-2020,158.1,158.9,146.15,149.5,12018,9192,373
THEMISMED,10-DEC-2020,380.25,383.9,361.95,371.15,14483,8564,554
THERMAX,10-DEC-2020,924.9,927.9,906.6,909.85,19803,7810,2075
THOMASCOOK,10-DEC-2020,51.0,52.0,49.0,50.95,737346,481367,3828
THYROCARE,10-DEC-2020,1020.0,1024.55,1005.55,1016.55,53483,26532,4336
TI,10-DEC-2020,22.5,24.4,22.5,22.8,263730,217362,773
TIDEWATER,10-DEC-2020,4464.95,4465.0,4410.0,4428.55,969,665,285
TIIL,10-DEC-2020,348.75,348.75,335.0,338.25,30273,17188,1064
TIINDIA,10-DEC-2020,801.35,882.0,801.35,846.25,741307,530460,26372
TIL,10-DEC-2020,166.0,178.0,162.5,175.7,21515,13484,1031
TIMESGTY,10-DEC-2020,26.15,28.6,26.15,28.1,11402,9078,90
TIMETECHNO,10-DEC-2020,48.6,50.2,47.0,48.4,678799,360617,2521
TIMKEN,10-DEC-2020,1152.0,1163.85,1130.1,1139.2,12054,7339,1892
TINPLATE,10-DEC-2020,147.7,147.7,143.55,145.35,241073,93029,4438
TIPSINDLTD,10-DEC-2020,271.0,271.0,265.75,268.55,7717,4846,241
TIRUMALCHM,10-DEC-2020,108.9,108.9,103.3,105.7,774156,302979,6691
TITAN,10-DEC-2020,1428.0,1445.0,1415.55,1424.2,2588422,656884,82221
TMRVL,10-DEC-2020,12.05,12.4,11.55,12.15,71193,54623,507
TNPETRO,10-DEC-2020,42.35,42.35,40.85,41.0,299101,168926,3490
TNPL,10-DEC-2020,118.0,118.3,111.75,115.65,350035,155076,4032
TOKYOPLAST,10-DEC-2020,69.1,69.2,66.3,68.35,10358,5818,244
TORNTPHARM,10-DEC-2020,2640.0,2693.65,2625.05,2651.7,535280,123909,25369
TORNTPOWER,10-DEC-2020,329.7,333.25,322.8,324.0,925920,173732,11936
TOTAL,10-DEC-2020,58.15,61.0,58.0,58.4,20925,16642,240
TOUCHWOOD,10-DEC-2020,52.2,53.8,50.0,53.0,3288,2408,57
TPLPLASTEH,10-DEC-2020,150.0,152.5,142.5,148.8,1294,855,105
TREEHOUSE,10-DEC-2020,6.6,6.75,6.3,6.75,93099,64090,159
TREJHARA,10-DEC-2020,49.05,49.05,49.05,49.05,38860,37578,129
TRENT,10-DEC-2020,686.85,693.85,674.0,676.95,874525,606693,20732
TRF,10-DEC-2020,103.0,111.1,99.8,106.3,72084,44969,972
TRIDENT,10-DEC-2020,10.15,10.15,9.6,9.75,12499499,8368077,44584
TRIGYN,10-DEC-2020,67.1,67.1,64.0,64.7,39785,28749,454
TRIL,10-DEC-2020,18.7,18.9,17.6,18.9,1396093,1084477,2500
TRITURBINE,10-DEC-2020,82.0,88.95,81.65,85.85,1500184,322225,12403
TRIVENI,10-DEC-2020,76.25,77.1,74.0,75.55,976379,425828,7600
TTKHLTCARE,10-DEC-2020,599.0,609.0,552.65,595.05,19812,9796,2132
TTKPRESTIG,10-DEC-2020,5950.0,5993.6,5766.0,5811.35,6748,4349,1980
TTL,10-DEC-2020,45.4,45.4,42.35,43.75,6709,4826,223
TV18BRDCST,10-DEC-2020,31.6,31.65,30.7,30.8,4690700,2881079,6371
TVSELECT,10-DEC-2020,128.7,128.95,122.45,125.45,105163,50165,2211
TVSMOTOR,10-DEC-2020,497.0,502.55,493.0,498.1,1881353,223153,22752
TVSSRICHAK,10-DEC-2020,1797.0,1800.0,1693.2,1779.25,38167,12052,4841
TVTODAY,10-DEC-2020,218.85,219.3,211.25,213.8,75387,45457,1564
TVVISION,10-DEC-2020,1.85,1.85,1.85,1.85,4718,4718,11
TWL,10-DEC-2020,52.4,52.6,50.6,51.1,353924,170288,2773
UBL,10-DEC-2020,1137.0,1148.0,1124.45,1137.8,413888,92949,12622
UCALFUEL,10-DEC-2020,134.75,134.75,128.0,130.35,55365,27980,1778
UCOBANK,10-DEC-2020,13.8,13.8,13.3,13.55,2810624,1157633,7879
UFLEX,10-DEC-2020,388.0,392.75,380.1,386.65,77871,32623,2530
UFO,10-DEC-2020,81.7,82.5,80.0,80.15,309107,170311,2255
UGARSUGAR,10-DEC-2020,16.0,17.6,15.15,16.7,831417,449897,2206
UJAAS,10-DEC-2020,3.25,3.45,3.1,3.1,26968362,20194935,5567
UJJIVAN,10-DEC-2020,285.0,285.0,274.05,281.9,458654,145615,9476
UJJIVANSFB,10-DEC-2020,39.5,39.6,37.0,39.0,2172812,1060302,7626
ULTRACEMCO,10-DEC-2020,5099.0,5119.0,4950.0,4964.3,1333296,462634,103339
UMANGDAIRY,10-DEC-2020,54.0,54.0,51.0,53.5,19525,8971,420
UMESLTD,10-DEC-2020,1.45,1.55,1.45,1.55,4424,4324,14
UNICHEMLAB,10-DEC-2020,264.0,269.9,260.3,263.65,71647,30046,3150
UNIDT,10-DEC-2020,266.05,270.0,262.1,263.55,18012,6445,364
UNIENTER,10-DEC-2020,66.35,69.0,60.95,62.75,82662,35444,1508
UNIONBANK,10-DEC-2020,34.0,34.0,32.2,32.7,10845010,3557344,22667
UNITEDTEA,10-DEC-2020,327.65,327.8,303.0,323.1,2195,1479,91
UNIVASTU,10-DEC-2020,31.85,32.15,31.8,31.95,184,168,12
UNIVCABLES,10-DEC-2020,143.95,152.6,140.05,149.85,122958,53162,2302
UNIVPHOTO,10-DEC-2020,185.9,185.9,160.0,168.0,9465,7517,250
UPL,10-DEC-2020,478.0,479.0,416.1,438.45,87279054,16251522,869118
URJA,10-DEC-2020,4.9,4.9,4.65,4.9,14399626,9708591,10152
USHAMART,10-DEC-2020,25.45,26.4,25.0,26.1,765690,563401,1318
UTIAMC,10-DEC-2020,565.0,566.0,551.85,564.7,524546,303915,20163
UTIBANKETF,10-DEC-2020,307.95,307.95,303.49,304.25,228,184,22
UTINEXT50,10-DEC-2020,329.0,329.05,325.65,328.99,1234,1226,45
UTINIFTETF,10-DEC-2020,1435.0,1444.14,1427.25,1434.6,356,292,48
UTISENSETF,10-DEC-2020,489.85,494.0,479.25,487.91,4704,2381,238
UTISXN50,10-DEC-2020,363.79,363.79,340.07,352.84,34,11,8
UTTAMSTL,10-DEC-2020,7.25,7.3,7.0,7.3,301591,216115,322
UTTAMSUGAR,10-DEC-2020,97.45,99.8,94.5,96.85,205918,44248,2558
VADILALIND,10-DEC-2020,804.75,804.75,795.0,802.05,846,527,119
VAIBHAVGBL,10-DEC-2020,2120.0,2127.45,2086.0,2088.6,12916,10875,1404
VAISHALI,10-DEC-2020,36.4,36.4,33.3,35.1,27863,6131,202
VAKRANGEE,10-DEC-2020,44.8,45.0,43.3,43.6,3413356,1536299,7577
VALIANTORG,10-DEC-2020,3099.0,3255.0,3054.0,3176.4,23813,14478,3746
VARDHACRLC,10-DEC-2020,33.35,33.35,32.5,33.0,34254,30562,175
VARDMNPOLY,10-DEC-2020,10.2,11.55,10.2,11.2,365604,189435,1098
VARROC,10-DEC-2020,413.0,413.5,403.0,408.0,84760,36546,3998
VASWANI,10-DEC-2020,6.15,6.25,5.3,6.2,29864,21218,92
VBL,10-DEC-2020,908.0,914.0,896.0,910.85,389770,202297,24356
VEDL,10-DEC-2020,142.95,145.6,140.1,144.1,40886623,14475330,119380
VENKEYS,10-DEC-2020,1709.0,1714.45,1674.0,1687.2,51580,18043,4329
VENUSREM,10-DEC-2020,133.0,146.35,130.0,141.55,209523,151900,2639
VERTOZ,10-DEC-2020,209.3,210.0,199.9,205.4,147215,62404,1995
VESUVIUS,10-DEC-2020,1010.3,1040.0,1009.7,1015.85,21295,19718,605
VETO,10-DEC-2020,82.05,84.0,79.3,83.1,141200,101642,957
VGUARD,10-DEC-2020,188.1,190.8,185.25,186.45,846522,669696,13153
VHL,10-DEC-2020,1453.0,1453.0,1425.0,1446.6,112,90,42
VIDHIING,10-DEC-2020,131.0,131.0,122.6,124.25,84050,46510,1406
VIJIFIN,10-DEC-2020,0.85,0.85,0.75,0.8,696614,647272,394
VIKASECO,10-DEC-2020,4.6,4.65,4.45,4.6,1259667,1018781,699
VIKASMCORP,10-DEC-2020,7.8,7.85,7.45,7.5,5369522,4278878,3373
VIKASPROP,10-DEC-2020,3.45,3.45,3.15,3.15,4398837,2329057,2162
VIKASWSP,10-DEC-2020,5.2,5.2,4.85,4.95,374262,284887,347
VIMTALABS,10-DEC-2020,175.65,175.65,167.0,167.9,58469,41682,974
VINATIORGA,10-DEC-2020,1172.25,1172.25,1140.0,1142.4,65718,39789,6824
VINDHYATEL,10-DEC-2020,858.7,868.0,848.95,855.3,16031,6876,1422
VINYLINDIA,10-DEC-2020,123.0,123.85,118.55,120.2,113372,56964,2761
VIPCLOTHNG,10-DEC-2020,12.2,12.5,11.55,11.55,288996,150201,533
VIPIND,10-DEC-2020,373.9,374.0,362.0,367.25,293526,92754,8095
VIPULLTD,10-DEC-2020,16.8,17.5,16.65,16.7,6142,5595,73
VISAKAIND,10-DEC-2020,391.0,393.8,378.05,389.9,47284,21580,1988
VISASTEEL,10-DEC-2020,6.9,6.9,6.55,6.85,17975,13485,95
VISHAL,10-DEC-2020,95.8,95.8,95.8,95.8,10069,10069,204
VISHNU,10-DEC-2020,175.7,175.7,168.95,173.85,4923,3370,143
VISHWARAJ,10-DEC-2020,121.05,122.9,119.0,122.0,10620,1405,103
VIVIDHA,10-DEC-2020,0.6,0.6,0.5,0.6,2240053,1621001,299
VIVIMEDLAB,10-DEC-2020,18.0,18.2,17.25,17.75,163037,119423,599
VLSFINANCE,10-DEC-2020,67.25,68.35,66.0,67.1,33311,19282,408
VMART,10-DEC-2020,2370.0,2379.3,2251.0,2269.7,23612,9980,5306
VOLTAMP,10-DEC-2020,1181.0,1218.6,1126.7,1197.95,20316,12684,2371
VOLTAS,10-DEC-2020,808.1,815.7,801.2,814.25,1008656,218781,15037
VRLLOG,10-DEC-2020,199.7,206.35,193.8,203.85,663960,261658,11656
VSSL,10-DEC-2020,114.85,117.0,111.15,115.05,31542,24218,384
VSTIND,10-DEC-2020,3971.0,3971.0,3800.0,3873.35,5878,2728,1708
VSTTILLERS,10-DEC-2020,1908.0,1908.0,1836.0,1880.5,22670,11847,3042
VTL,10-DEC-2020,961.3,979.95,951.0,964.35,45811,32569,2726
WABAG,10-DEC-2020,199.7,199.9,192.2,195.4,211412,95979,4453
WABCOINDIA,10-DEC-2020,5752.55,5752.55,5644.0,5669.75,1997,958,740
WALCHANNAG,10-DEC-2020,66.5,66.5,63.6,64.25,206713,97385,3048
WATERBASE,10-DEC-2020,111.35,111.35,108.05,109.6,99356,47270,1768
WEBELSOLAR,10-DEC-2020,26.35,27.6,25.0,25.9,176258,109592,915
WEIZMANIND,10-DEC-2020,54.25,54.25,52.25,54.25,136162,71114,680
WELCORP,10-DEC-2020,125.6,132.9,123.15,131.9,1913324,754657,16438
WELENT,10-DEC-2020,91.95,91.95,89.7,90.6,151621,126692,772
WELINV,10-DEC-2020,459.0,466.05,444.0,466.05,16430,9130,506
WELSPUNIND,10-DEC-2020,67.2,68.0,65.85,67.2,471406,289687,5284
WENDT,10-DEC-2020,3226.85,3347.95,3201.0,3261.4,547,84,383
WESTLIFE,10-DEC-2020,430.15,430.2,416.55,428.65,83406,39290,2851
WHEELS,10-DEC-2020,455.0,458.25,442.4,449.4,9636,6611,661
WHIRLPOOL,10-DEC-2020,2115.0,2129.35,2074.0,2099.8,42471,26350,6237
WILLAMAGOR,10-DEC-2020,19.8,20.35,19.5,20.0,3994,3291,44
WINDMACHIN,10-DEC-2020,20.0,21.25,18.6,19.45,179342,115987,587
WIPRO,10-DEC-2020,356.2,358.0,352.75,355.9,6897397,2214846,61672
WOCKPHARMA,10-DEC-2020,508.0,538.9,502.45,529.45,2387327,505718,55303
WONDERLA,10-DEC-2020,223.0,227.0,211.25,215.25,1175126,334929,19086
WORTH,10-DEC-2020,46.3,47.5,44.6,45.85,5082,3776,66
WSI,10-DEC-2020,3.8,3.85,3.5,3.85,22454,19779,62
WSTCSTPAPR,10-DEC-2020,180.9,180.9,173.45,174.5,181997,111756,4712
XCHANGING,10-DEC-2020,79.3,83.9,78.5,80.25,182399,164557,550
XELPMOC,10-DEC-2020,282.0,294.0,275.0,277.25,49108,32093,1402
YAARII,10-DEC-2020,79.25,79.25,79.25,79.25,58764,58764,140
YESBANK,10-DEC-2020,20.0,20.75,19.15,20.45,662896680,237745361,577495
ZEEL,10-DEC-2020,213.45,213.9,208.25,212.5,12690594,890026,60383
ZEELEARN,10-DEC-2020,14.35,14.4,13.6,14.2,2074372,977200,2834
ZEEMEDIA,10-DEC-2020,5.9,6.2,5.5,6.05,6060340,3445359,3893
ZENITHEXPO,10-DEC-2020,75.8,76.65,71.0,76.65,24140,15880,432
ZENSARTECH,10-DEC-2020,260.45,260.45,248.35,253.5,411962,121354,10668
ZENTEC,10-DEC-2020,91.6,91.9,86.0,89.0,504429,205465,6629
ZODIACLOTH,10-DEC-2020,105.75,107.4,102.85,103.35,50086,35272,591
ZODJRDMKJ,10-DEC-2020,28.0,29.0,26.7,29.0,15441,9075,294
ZOTA,10-DEC-2020,144.0,147.5,140.0,143.4,50761,15057,604
ZUARI,10-DEC-2020,100.25,100.95,94.0,95.0,204886,113610,3045
ZUARIGLOB,10-DEC-2020,61.4,62.95,59.9,60.3,250874,165093,1775
ZYDUSWELL,10-DEC-2020,1949.0,1950.0,1875.0,1897.15,35477,13478,4869
