20MICRONS,11-DEC-2020,36.0,36.4,35.0,35.95,129080,82831,813
21STCENMGM,11-DEC-2020,10.45,10.45,10.1,10.45,4741,4680,35
3IINFOTECH,11-DEC-2020,4.7,4.7,4.7,4.7,664473,664473,432
3MINDIA,11-DEC-2020,22323.05,22689.25,22323.0,22621.9,2289,1284,1462
3PLAND,11-DEC-2020,12.35,12.35,12.35,12.35,8147,8147,26
5PAISA,11-DEC-2020,334.95,334.95,328.0,328.85,12859,11225,312
A2ZINFRA,11-DEC-2020,4.4,4.75,4.25,4.75,927057,640815,901
AAKASH,11-DEC-2020,56.0,58.5,54.45,57.7,79560,30425,701
AARON,11-DEC-2020,49.85,50.0,47.45,49.75,4684,3304,110
AARTIDRUGS,11-DEC-2020,771.9,790.0,769.05,787.45,690985,331057,28565
AARTIIND,11-DEC-2020,1222.0,1238.35,1207.0,1219.75,257018,157383,25979
AARTISURF,11-DEC-2020,970.0,1014.75,940.1,1014.75,12195,10358,760
AARVEEDEN,11-DEC-2020,13.3,14.2,13.3,13.75,24814,13950,227
AARVI,11-DEC-2020,41.1,42.0,39.9,40.0,7389,7317,35
AAVAS,11-DEC-2020,1646.0,1675.0,1637.0,1665.75,36036,23361,7173
ABB,11-DEC-2020,1167.2,1183.4,1152.0,1176.2,168483,86985,10794
ABBOTINDIA,11-DEC-2020,15739.9,16255.5,15700.0,16087.55,58533,20444,15300
ABCAPITAL,11-DEC-2020,93.9,95.2,92.0,93.4,2826249,966290,25423
ABFRL,11-DEC-2020,160.2,161.3,158.3,159.25,1036680,557807,16485
ABSLBANETF,11-DEC-2020,306.15,306.6,302.25,303.26,75,54,19
ABSLNN50ET,11-DEC-2020,305.0,312.0,295.75,300.0,209,194,34
ACC,11-DEC-2020,1642.7,1659.95,1605.0,1608.75,1824475,874407,95990
ACCELYA,11-DEC-2020,963.95,989.0,926.95,971.3,8792,4753,1059
ACCURACY,11-DEC-2020,31.25,31.25,31.25,31.25,1105,1105,5
ACE,11-DEC-2020,122.85,124.95,121.0,121.7,288711,126831,5717
ADANIENT,11-DEC-2020,447.25,451.8,440.4,449.8,2940168,327546,29698
ADANIGAS,11-DEC-2020,355.2,363.4,351.25,358.7,2054647,797766,24921
ADANIGREEN,11-DEC-2020,990.05,1057.0,985.0,1041.5,1793445,642419,88624
ADANIPORTS,11-DEC-2020,471.75,475.0,462.7,466.3,4922448,555702,52997
ADANIPOWER,11-DEC-2020,46.65,47.35,44.45,44.45,28668119,13772110,67798
ADANITRANS,11-DEC-2020,432.4,432.4,416.0,425.05,391528,160738,10380
ADFFOODS,11-DEC-2020,579.95,580.0,555.0,566.35,72446,40166,3652
ADHUNIKIND,11-DEC-2020,30.8,30.95,28.0,28.45,172101,113052,1465
ADORWELD,11-DEC-2020,264.4,266.0,260.8,261.9,22737,10008,817
ADSL,11-DEC-2020,28.7,29.0,27.65,28.85,72479,40645,413
ADVENZYMES,11-DEC-2020,342.5,349.5,335.25,337.7,107619,59575,4742
AEGISCHEM,11-DEC-2020,256.0,267.4,247.45,250.05,445032,184753,16991
AFFLE,11-DEC-2020,3720.0,3721.0,3636.0,3659.1,26678,15106,7043
AGARIND,11-DEC-2020,101.15,104.0,96.2,98.8,38845,25452,567
AGRITECH,11-DEC-2020,41.0,42.85,40.25,41.05,29602,16861,372
AGROPHOS,11-DEC-2020,17.3,17.3,16.6,17.3,115939,97685,300
AHLEAST,11-DEC-2020,159.75,162.0,155.0,156.9,1846,1023,139
AHLUCONT,11-DEC-2020,255.0,264.7,252.4,257.65,36874,19488,1536
AHLWEST,11-DEC-2020,280.95,294.0,271.15,281.85,2718,877,350
AIAENG,11-DEC-2020,1994.0,2019.9,1960.0,1978.3,24154,14154,4414
AIRAN,11-DEC-2020,19.0,19.05,17.65,17.85,91249,61233,507
AJANTPHARM,11-DEC-2020,1679.8,1703.2,1679.4,1682.65,65414,19129,5155
AJMERA,11-DEC-2020,118.25,140.5,117.55,139.45,3976866,569108,37608
AKASH,11-DEC-2020,252.05,257.3,245.0,248.05,11565,10976,77
AKSHARCHEM,11-DEC-2020,233.7,244.0,232.7,236.45,59715,28668,2666
AKSHOPTFBR,11-DEC-2020,8.2,8.3,8.05,8.2,395058,294187,689
AKZOINDIA,11-DEC-2020,2192.25,2230.0,2185.0,2206.8,17454,10664,2828
ALANKIT,11-DEC-2020,17.4,17.45,17.0,17.3,118415,95093,423
ALBERTDAVD,11-DEC-2020,458.0,461.95,450.1,451.1,7867,5751,563
ALCHEM,11-DEC-2020,9.5,9.5,9.5,9.5,63873,62871,161
ALEMBICLTD,11-DEC-2020,102.5,104.0,98.5,100.05,490524,268164,5338
ALICON,11-DEC-2020,351.05,352.8,346.85,347.7,4393,3659,191
ALKALI,11-DEC-2020,50.35,52.0,50.05,50.45,27893,17972,342
ALKEM,11-DEC-2020,2918.4,2930.0,2885.5,2896.15,111075,80685,7267
ALKYLAMINE,11-DEC-2020,3890.0,3950.0,3842.2,3872.75,18608,8407,4571
ALLCARGO,11-DEC-2020,154.0,155.0,138.0,140.9,5802068,2286290,46705
ALLSEC,11-DEC-2020,248.65,265.0,247.05,252.2,12681,8728,390
ALMONDZ,11-DEC-2020,16.6,17.3,16.3,17.0,20410,11943,87
ALOKINDS,11-DEC-2020,24.2,24.65,23.9,24.0,8357092,3821512,11579
ALPSINDUS,11-DEC-2020,1.0,1.1,1.0,1.1,80223,80223,44
AMARAJABAT,11-DEC-2020,944.95,953.45,923.2,933.7,1052336,187707,28228
AMBER,11-DEC-2020,2340.0,2380.0,2300.0,2308.8,132000,58063,20844
AMBIKCO,11-DEC-2020,830.0,847.95,815.4,823.45,26956,16588,2041
AMBUJACEM,11-DEC-2020,249.5,250.45,243.75,245.8,7933577,3995242,74575
AMDIND,11-DEC-2020,17.1,17.9,15.9,17.15,19954,12632,184
AMJLAND,11-DEC-2020,25.7,26.2,24.05,25.9,75474,56146,406
AMRUTANJAN,11-DEC-2020,505.95,513.9,492.95,500.7,47757,20708,2695
ANANTRAJ,11-DEC-2020,26.25,26.95,25.5,25.85,679762,326414,3643
ANDHRACEMT,11-DEC-2020,5.6,6.1,5.6,6.1,276892,233033,386
ANDHRAPAP,11-DEC-2020,215.8,217.0,206.55,208.6,70734,45541,1873
ANDHRSUGAR,11-DEC-2020,308.1,323.7,308.1,312.1,207794,76183,5557
ANGELBRKG,11-DEC-2020,363.0,367.2,354.2,354.95,217875,115169,7029
ANIKINDS,11-DEC-2020,15.8,18.5,15.8,18.5,374849,215711,1254
ANKITMETAL,11-DEC-2020,1.2,1.2,1.1,1.2,132099,131652,92
ANSALAPI,11-DEC-2020,6.0,6.45,5.85,6.45,345979,208561,325
ANSALHSG,11-DEC-2020,5.4,5.5,5.0,5.45,125467,81691,223
ANUP,11-DEC-2020,709.45,819.7,705.0,792.2,137891,48160,10387
APARINDS,11-DEC-2020,380.0,401.0,377.5,389.7,86168,45546,3611
APCL,11-DEC-2020,206.55,211.8,206.55,209.05,32581,19403,1448
APCOTEXIND,11-DEC-2020,171.0,174.1,168.55,170.15,52433,26139,1609
APEX,11-DEC-2020,295.0,311.9,295.0,309.2,526231,203899,11301
APLAPOLLO,11-DEC-2020,3798.3,3823.25,3654.0,3674.3,50518,26566,8495
APLLTD,11-DEC-2020,1065.0,1095.5,1065.0,1085.75,680043,368086,28067
APOLLO,11-DEC-2020,128.9,131.75,125.0,126.15,118133,50062,2706
APOLLOHOSP,11-DEC-2020,2403.6,2413.0,2345.0,2359.9,1654915,641410,59350
APOLLOPIPE,11-DEC-2020,661.7,663.95,650.0,650.6,12280,9275,872
APOLLOTYRE,11-DEC-2020,181.5,194.7,181.5,193.0,26199032,4527749,105835
APOLSINHOT,11-DEC-2020,593.6,599.0,557.55,575.95,3116,1593,363
APTECHT,11-DEC-2020,135.65,140.3,130.3,131.95,984119,269102,12595
ARCHIDPLY,11-DEC-2020,28.8,30.95,28.0,29.7,228716,63411,2013
ARCHIES,11-DEC-2020,14.55,14.9,14.1,14.3,124261,89453,341
ARCOTECH,11-DEC-2020,2.8,2.8,2.8,2.8,40426,40426,32
ARENTERP,11-DEC-2020,11.65,11.65,10.65,10.9,6264,1551,40
ARIES,11-DEC-2020,110.0,111.0,101.2,105.75,129763,58393,3499
ARIHANT,11-DEC-2020,18.95,20.1,18.6,18.95,8877,5928,50
ARIHANTSUP,11-DEC-2020,28.5,31.8,28.5,31.35,8775,7082,126
ARMANFIN,11-DEC-2020,654.8,673.0,647.35,661.4,9063,5997,557
AROGRANITE,11-DEC-2020,39.0,40.25,38.45,39.2,41355,32959,241
ARROWGREEN,11-DEC-2020,57.95,57.95,53.0,53.35,5708,4923,170
ARSHIYA,11-DEC-2020,16.5,17.0,15.8,16.85,40056,29303,360
ARSSINFRA,11-DEC-2020,19.0,19.95,18.2,19.05,47878,32398,164
ARTEMISMED,11-DEC-2020,244.75,245.0,228.0,229.0,5342,4440,188
ARVIND,11-DEC-2020,45.35,45.85,43.75,44.15,2006001,686483,6705
ARVINDFASN,11-DEC-2020,160.0,164.0,155.2,157.65,666805,342998,8800
ARVSMART,11-DEC-2020,95.9,107.4,95.0,105.6,1802285,682623,15137
ASAHIINDIA,11-DEC-2020,269.95,273.3,266.6,267.1,42154,28707,796
ASAHISONG,11-DEC-2020,231.95,239.9,230.0,235.75,57513,34352,1267
ASAL,11-DEC-2020,27.7,28.0,26.2,27.2,19057,11750,150
ASALCBR,11-DEC-2020,295.9,304.9,291.6,293.55,52641,21831,2232
ASHAPURMIN,11-DEC-2020,80.0,80.0,78.55,79.4,138231,125283,402
ASHIANA,11-DEC-2020,109.0,110.55,102.5,103.5,193798,105441,2986
ASHOKA,11-DEC-2020,93.3,97.55,92.6,96.4,2354780,901218,14067
ASHOKLEY,11-DEC-2020,94.9,96.0,93.5,94.1,16290891,4111757,44907
ASIANHOTNR,11-DEC-2020,67.85,70.0,66.5,68.3,8967,7693,119
ASIANPAINT,11-DEC-2020,2516.0,2536.9,2495.0,2520.95,2171653,943810,84201
ASIANTILES,11-DEC-2020,291.6,292.8,281.35,287.85,187007,85151,5879
ASPINWALL,11-DEC-2020,133.5,143.15,133.0,135.75,1243,602,32
ASTEC,11-DEC-2020,1059.75,1071.1,1025.0,1064.8,134207,73945,8646
ASTERDM,11-DEC-2020,161.95,164.75,161.1,162.0,105201,31049,2945
ASTRAL,11-DEC-2020,1456.0,1474.0,1443.0,1468.4,645879,546982,12162
ASTRAMICRO,11-DEC-2020,127.45,128.7,124.2,126.25,491463,195176,5871
ASTRAZEN,11-DEC-2020,4499.0,4538.0,4480.0,4503.0,21182,7973,3913
ASTRON,11-DEC-2020,57.45,59.0,54.9,55.4,214811,109432,1576
ATFL,11-DEC-2020,785.15,799.8,781.0,785.85,36246,33484,842
ATLANTA,11-DEC-2020,8.55,9.1,8.55,8.95,43429,21134,177
ATUL,11-DEC-2020,6160.0,6164.9,6090.0,6108.45,20575,12551,5254
ATULAUTO,11-DEC-2020,194.0,194.0,190.0,190.45,154538,84662,3023
AUBANK,11-DEC-2020,913.7,923.0,898.0,920.3,516358,311713,14221
AURIONPRO,11-DEC-2020,81.15,82.85,78.15,80.6,63562,48685,456
AUROPHARMA,11-DEC-2020,900.0,903.5,887.2,897.35,2103128,918868,44797
AUSOMENT,11-DEC-2020,52.5,54.65,52.5,53.55,8388,6273,117
AUTOAXLES,11-DEC-2020,908.4,917.05,887.15,909.9,16014,9015,1633
AUTOIND,11-DEC-2020,36.0,37.1,35.6,35.65,58590,53688,380
AUTOLITIND,11-DEC-2020,26.0,26.0,21.15,23.05,25432,16738,387
AVADHSUGAR,11-DEC-2020,228.05,233.65,214.1,220.3,300253,95301,6264
AVANTIFEED,11-DEC-2020,526.95,547.9,526.9,544.5,588517,164551,14717
AVTNPL,11-DEC-2020,46.3,46.85,46.0,46.05,99925,62545,668
AXISBANK,11-DEC-2020,626.35,631.65,608.35,613.25,17950692,3968964,202477
AXISBNKETF,11-DEC-2020,302.68,306.57,302.0,304.02,2727,2500,58
AXISCADES,11-DEC-2020,54.95,56.0,53.15,53.8,51584,34771,574
AXISGOLD,11-DEC-2020,42.99,42.99,42.41,42.69,114804,88315,1238
AXISNIFTY,11-DEC-2020,139.47,139.95,137.99,139.06,6939,6095,111
BAGFILMS,11-DEC-2020,3.4,3.95,3.15,3.9,1812430,679150,1521
BAJAJ-AUTO,11-DEC-2020,3295.6,3337.15,3285.55,3327.65,611154,224930,37424
BAJAJCON,11-DEC-2020,200.0,207.4,200.0,202.35,796408,291897,11391
BAJAJELEC,11-DEC-2020,622.0,627.45,595.1,602.35,141037,47285,6690
BAJAJFINSV,11-DEC-2020,9067.0,9139.0,8951.0,8995.05,551456,70389,45297
BAJAJHIND,11-DEC-2020,6.45,6.85,6.2,6.4,10008758,5178929,7973
BAJAJHLDNG,11-DEC-2020,3029.15,3120.0,3025.25,3062.25,40231,14336,6858
BAJFINANCE,11-DEC-2020,4805.0,4889.0,4805.0,4843.85,2670019,362055,125536
BALAJITELE,11-DEC-2020,70.45,71.3,67.6,69.3,671354,513843,2508
BALAMINES,11-DEC-2020,918.0,939.0,917.05,923.45,125201,44142,6606
BALAXI,11-DEC-2020,665.65,665.65,627.25,643.6,1613,844,235
BALKRISIND,11-DEC-2020,1658.2,1681.45,1645.2,1665.7,686643,197707,32195
BALMLAWRIE,11-DEC-2020,114.9,118.6,114.9,116.3,318427,114167,4927
BALRAMCHIN,11-DEC-2020,170.0,174.15,169.5,172.7,2514911,977368,26888
BANARBEADS,11-DEC-2020,54.45,54.5,53.1,53.65,11601,8884,153
BANARISUG,11-DEC-2020,1470.05,1540.0,1453.95,1475.0,2521,1927,378
BANCOINDIA,11-DEC-2020,136.95,144.0,136.7,142.4,507036,242455,10341
BANDHANBNK,11-DEC-2020,419.15,430.7,415.0,423.2,19865737,6416409,160352
BANG,11-DEC-2020,24.55,24.6,23.5,23.75,4894,3884,97
BANKA,11-DEC-2020,45.3,45.5,42.8,44.7,6055,4719,113
BANKBARODA,11-DEC-2020,66.35,68.25,65.0,65.45,73246944,14057190,117512
BANKBEES,11-DEC-2020,307.8,309.7,304.78,307.99,1086922,575124,7118
BANKINDIA,11-DEC-2020,51.95,52.85,50.8,51.15,5790771,1729931,22234
BANSWRAS,11-DEC-2020,110.0,116.85,109.0,115.8,101450,68472,1577
BASF,11-DEC-2020,1604.0,1636.0,1591.9,1609.15,30819,21122,3592
BASML,11-DEC-2020,102.0,105.0,100.05,101.55,30358,16850,633
BATAINDIA,11-DEC-2020,1554.0,1571.45,1543.6,1559.25,295577,84996,12002
BAYERCROP,11-DEC-2020,5196.0,5297.0,5196.0,5250.25,25160,12405,5828
BBL,11-DEC-2020,900.0,964.0,900.0,918.25,82637,25085,7172
BBTC,11-DEC-2020,1373.15,1383.95,1335.0,1343.75,75665,29343,5211
BCG,11-DEC-2020,5.05,5.05,4.95,5.0,6947175,6036210,6760
BCP,11-DEC-2020,8.55,8.7,7.8,8.15,905191,566978,1561
BDL,11-DEC-2020,348.85,348.85,338.5,339.8,198789,97793,5889
BEARDSELL,11-DEC-2020,10.6,10.85,9.6,9.75,18299,14895,68
BEDMUTHA,11-DEC-2020,24.0,24.5,23.6,23.85,12946,10146,49
BEL,11-DEC-2020,114.4,116.4,113.35,114.65,13693303,4146497,46869
BEML,11-DEC-2020,752.0,795.6,751.4,771.4,1575544,401813,45074
BEPL,11-DEC-2020,128.45,134.85,126.0,129.6,820138,396152,9669
BERGEPAINT,11-DEC-2020,679.5,682.35,670.75,677.3,895571,184806,19209
BFINVEST,11-DEC-2020,300.0,303.05,292.0,294.75,34445,16738,1317
BFUTILITIE,11-DEC-2020,300.05,302.9,287.1,293.35,396879,124590,7667
BGRENERGY,11-DEC-2020,48.7,52.45,48.7,49.8,231088,111541,2275
BHAGERIA,11-DEC-2020,145.6,170.9,145.6,161.9,1317461,314275,24196
BHAGYANGR,11-DEC-2020,22.0,24.5,20.15,23.25,163781,80556,615
BHAGYAPROP,11-DEC-2020,22.9,22.9,22.3,22.65,11195,10906,45
BHANDARI,11-DEC-2020,1.35,1.45,1.35,1.4,258378,199160,625
BHARATFORG,11-DEC-2020,540.4,557.5,539.05,552.2,4950148,1707694,74777
BHARATGEAR,11-DEC-2020,78.0,88.0,75.15,84.25,743147,218687,6608
BHARATRAS,11-DEC-2020,9749.0,9749.0,9300.05,9469.8,3042,1797,1315
BHARATWIRE,11-DEC-2020,31.35,32.75,31.1,31.65,35178,21023,401
BHARTIARTL,11-DEC-2020,508.5,508.5,497.3,504.4,13760737,4735575,137007
BHEL,11-DEC-2020,35.75,37.0,35.45,35.95,45233211,8105335,52183
BIL,11-DEC-2020,157.4,157.5,151.05,154.55,2644,1798,137
BINDALAGRO,11-DEC-2020,17.0,17.0,16.0,16.6,71987,53353,564
BIOCON,11-DEC-2020,455.0,456.9,450.0,455.5,2521883,856371,37541
BIRLACABLE,11-DEC-2020,57.25,60.5,57.25,57.75,185059,77546,1667
BIRLACORPN,11-DEC-2020,750.25,758.2,726.25,737.8,125809,59384,7878
BIRLAMONEY,11-DEC-2020,44.1,45.5,43.9,44.35,193902,89015,1885
BIRLATYRE,11-DEC-2020,36.8,37.3,35.7,37.3,787230,645367,4310
BLBLIMITED,11-DEC-2020,6.1,6.6,6.1,6.45,120412,106095,120
BLISSGVS,11-DEC-2020,177.25,181.7,174.25,176.1,556948,251338,3910
BLKASHYAP,11-DEC-2020,7.65,8.1,7.65,7.75,74359,68858,301
BLS,11-DEC-2020,84.85,94.75,84.85,90.5,183908,81069,2356
BLUEDART,11-DEC-2020,3892.7,3949.5,3806.2,3849.25,17907,10870,4254
BLUESTARCO,11-DEC-2020,799.85,801.55,778.8,790.45,81043,39605,13316
BODALCHEM,11-DEC-2020,76.6,80.15,75.3,77.85,1491435,567962,7226
BOMDYEING,11-DEC-2020,72.95,75.8,72.8,73.65,2598584,685049,13650
BOROLTD,11-DEC-2020,165.0,173.0,162.0,168.95,144625,102445,2353
BORORENEW,11-DEC-2020,132.9,134.95,131.0,131.25,159652,104840,2802
BOSCHLTD,11-DEC-2020,13280.0,13401.0,13050.0,13163.1,111843,29855,17575
BPCL,11-DEC-2020,401.0,407.4,392.0,397.4,14585114,3432291,159271
BPL,11-DEC-2020,23.1,23.75,22.6,22.8,74757,49679,601
BRFL,11-DEC-2020,12.2,12.7,12.0,12.3,158835,128303,669
BRIGADE,11-DEC-2020,229.85,237.0,229.85,235.05,433334,253877,6198
BRITANNIA,11-DEC-2020,3746.85,3777.0,3701.5,3732.75,695958,210501,42389
BRNL,11-DEC-2020,35.1,37.85,33.3,35.6,2650754,1095030,13462
BROOKS,11-DEC-2020,65.25,68.5,65.25,68.5,23321,20965,218
BSE,11-DEC-2020,633.95,638.95,600.0,608.95,1167530,505996,33460
BSELINFRA,11-DEC-2020,1.1,1.1,1.1,1.1,20549,20549,30
BSHSL,11-DEC-2020,92.0,92.95,87.4,91.55,1464,1462,14
BSLGOLDETF,11-DEC-2020,4509.05,4549.0,4491.05,4510.3,276,235,58
BSLNIFTY,11-DEC-2020,148.13,148.8,148.05,148.05,181,178,15
BSOFT,11-DEC-2020,206.45,207.9,197.0,200.6,1173031,715565,19178
BURNPUR,11-DEC-2020,2.5,2.5,2.5,2.5,73128,73128,29
BUTTERFLY,11-DEC-2020,423.15,440.3,420.9,430.4,39375,22369,980
BYKE,11-DEC-2020,20.8,21.25,19.35,20.55,456596,291607,1292
CADILAHC,11-DEC-2020,470.95,472.95,461.0,466.65,1634404,283081,20242
CALSOFT,11-DEC-2020,10.75,11.2,10.3,11.05,47910,37125,179
CAMLINFINE,11-DEC-2020,119.0,123.0,111.0,116.5,561954,287765,9706
CAMS,11-DEC-2020,1517.0,1524.0,1474.85,1499.1,146974,85210,18318
CANBK,11-DEC-2020,123.0,127.9,123.0,125.25,23875470,3195534,88012
CANFINHOME,11-DEC-2020,472.0,492.0,470.15,489.2,471783,238934,15865
CANTABIL,11-DEC-2020,356.95,357.6,351.1,352.2,96015,17420,2650
CAPACITE,11-DEC-2020,189.45,190.45,184.0,188.4,138454,36185,3245
CAPLIPOINT,11-DEC-2020,506.05,513.95,496.0,500.5,131164,61700,5250
CAPTRUST,11-DEC-2020,109.85,112.0,100.6,104.9,29770,17606,662
CARBORUNIV,11-DEC-2020,380.0,389.1,374.1,376.5,306780,124333,9479
CAREERP,11-DEC-2020,170.6,172.0,166.1,167.4,26894,15555,679
CARERATING,11-DEC-2020,528.0,546.0,521.1,537.15,136356,68904,7025
CASTROLIND,11-DEC-2020,132.3,132.5,129.6,130.25,1394015,829732,14533
CCHHL,11-DEC-2020,6.8,6.9,6.3,6.9,416683,357211,500
CCL,11-DEC-2020,267.0,272.0,265.05,266.85,120855,58608,3937
CDSL,11-DEC-2020,528.0,535.0,518.3,523.0,1006959,351413,31414
CEATLTD,11-DEC-2020,1164.3,1178.0,1151.0,1159.2,363589,90045,12988
CEBBCO,11-DEC-2020,17.25,18.0,16.25,16.7,56008,39163,322
CELEBRITY,11-DEC-2020,5.0,5.1,4.95,5.0,86285,71845,217
CENTENKA,11-DEC-2020,203.7,210.8,203.3,207.4,67887,41658,1980
CENTEXT,11-DEC-2020,5.6,6.5,5.6,6.45,1774127,910083,2145
CENTRALBK,11-DEC-2020,15.0,15.4,14.8,14.9,12236599,5719496,11431
CENTRUM,11-DEC-2020,17.15,17.6,16.8,16.9,397240,260633,1447
CENTUM,11-DEC-2020,408.7,418.65,374.0,381.45,95057,33711,5014
CENTURYPLY,11-DEC-2020,220.6,224.35,218.65,220.35,133103,65419,4476
CENTURYTEX,11-DEC-2020,386.3,389.5,367.5,372.4,1498292,704152,28320
CERA,11-DEC-2020,3237.8,3239.5,3105.0,3126.3,4691,2490,1847
CEREBRAINT,11-DEC-2020,37.25,37.55,33.6,34.4,394697,253044,1604
CESC,11-DEC-2020,624.4,629.0,620.3,622.7,168640,43825,4144
CESCVENT,11-DEC-2020,268.0,270.25,266.05,269.55,26638,13322,1266
CGCL,11-DEC-2020,294.15,297.4,294.0,294.2,197420,140939,1822
CGPOWER,11-DEC-2020,43.15,46.3,42.3,44.6,20185379,9248153,30538
CHALET,11-DEC-2020,194.4,198.8,188.0,192.3,257943,137585,5559
CHAMBLFERT,11-DEC-2020,219.1,239.0,218.55,234.65,4191631,2335534,43442
CHEMBOND,11-DEC-2020,165.7,167.9,161.75,162.35,9011,5480,411
CHEMCON,11-DEC-2020,436.6,444.9,428.95,431.15,202943,89574,7169
CHEMFAB,11-DEC-2020,139.8,141.95,138.1,139.7,4802,3965,129
CHENNPETRO,11-DEC-2020,102.8,107.2,102.15,104.45,2492955,633195,17522
CHOLAFIN,11-DEC-2020,368.0,375.5,364.95,369.3,4991079,1855602,81304
CHOLAHLDNG,11-DEC-2020,521.0,530.0,521.0,523.95,49374,29395,3394
CHROMATIC,11-DEC-2020,1.0,1.0,0.9,0.9,289019,220084,180
CIGNITITEC,11-DEC-2020,416.1,449.4,415.5,418.65,75952,26637,2411
CINELINE,11-DEC-2020,38.7,39.6,37.65,37.9,267199,93362,1626
CINEVISTA,11-DEC-2020,7.7,8.2,7.7,8.15,33143,25785,56
CIPLA,11-DEC-2020,764.0,766.1,753.0,755.85,3178041,968232,58203
CLEDUCATE,11-DEC-2020,64.75,66.75,63.0,63.15,17009,10016,701
CLNINDIA,11-DEC-2020,361.0,365.0,343.35,352.85,90015,52236,4319
CMICABLES,11-DEC-2020,41.6,44.7,40.65,43.5,246457,158627,1894
CNOVAPETRO,11-DEC-2020,7.75,7.9,7.05,7.9,18690,12384,59
COALINDIA,11-DEC-2020,134.7,140.7,134.5,138.25,30559578,8079873,120850
COCHINSHIP,11-DEC-2020,355.9,361.0,355.9,359.8,258862,118672,6723
COFORGE,11-DEC-2020,2481.45,2525.0,2465.5,2498.0,264368,54452,16753
COLPAL,11-DEC-2020,1582.0,1598.0,1560.5,1574.3,555892,256341,24907
COMPINFO,11-DEC-2020,17.7,17.95,16.55,16.9,342987,255682,5284
COMPUSOFT,11-DEC-2020,9.95,10.35,9.2,9.95,399010,320797,847
CONCOR,11-DEC-2020,406.0,409.4,396.0,400.85,2878119,1095872,46096
CONFIPET,11-DEC-2020,30.55,30.95,30.2,30.3,337214,207319,1196
CONSOFINVT,11-DEC-2020,39.5,40.45,38.1,38.1,1404,1369,19
CONTROLPR,11-DEC-2020,222.45,225.95,220.0,220.45,13270,7661,543
CORALFINAC,11-DEC-2020,21.8,26.15,21.55,26.15,201366,122454,1030
CORDSCABLE,11-DEC-2020,45.9,46.8,42.6,43.6,116440,94146,913
COROMANDEL,11-DEC-2020,804.2,805.5,780.0,791.85,660268,508036,28704
COSMOFILMS,11-DEC-2020,463.0,471.9,451.2,454.25,101392,51065,4218
CPSEETF,11-DEC-2020,20.0,20.89,19.87,20.49,13428161,10826192,5822
CREATIVE,11-DEC-2020,122.0,124.0,115.2,115.75,17062,2988,189
CREATIVEYE,11-DEC-2020,3.45,3.45,3.05,3.2,14669,11596,64
CREDITACC,11-DEC-2020,759.0,789.9,755.5,784.6,84549,43165,7976
CREST,11-DEC-2020,95.05,97.8,94.1,95.8,232138,213816,824
CRISIL,11-DEC-2020,1940.25,1964.9,1920.05,1929.15,25387,14699,2502
CROMPTON,11-DEC-2020,334.85,337.3,329.45,331.05,937878,718085,25055
CSBBANK,11-DEC-2020,225.8,228.95,222.3,223.05,227601,112248,4091
CTE,11-DEC-2020,41.65,44.95,41.5,44.1,32220,16843,425
CUB,11-DEC-2020,175.0,177.95,172.75,176.85,1966267,1040809,18258
CUMMINSIND,11-DEC-2020,583.0,593.3,578.2,582.65,1564801,302857,24550
CUPID,11-DEC-2020,245.0,254.95,245.0,251.85,151541,89218,3648
CYBERTECH,11-DEC-2020,81.9,96.8,81.5,95.55,2014339,722223,20422
CYIENT,11-DEC-2020,480.35,499.8,480.3,496.7,706888,359128,32785
DAAWAT,11-DEC-2020,57.9,59.0,57.0,57.25,2097135,1198257,8620
DABUR,11-DEC-2020,517.35,519.5,508.8,513.8,4988627,1507081,83023
DALBHARAT,11-DEC-2020,1037.5,1070.5,1028.75,1056.1,202360,132157,13285
DALMIASUG,11-DEC-2020,152.75,154.75,148.0,148.7,474634,170384,8986
DAMODARIND,11-DEC-2020,29.0,30.15,28.75,29.7,20529,16401,128
DANGEE,11-DEC-2020,126.9,126.9,120.0,124.25,2325,1985,161
DATAMATICS,11-DEC-2020,99.05,99.85,93.0,93.6,302304,139257,4825
DBCORP,11-DEC-2020,86.75,89.5,85.25,85.7,397033,242348,7446
DBL,11-DEC-2020,396.0,398.25,392.05,393.95,162077,84304,3727
DBSTOCKBRO,11-DEC-2020,11.1,11.2,10.45,10.75,51773,47013,122
DCAL,11-DEC-2020,157.9,161.95,151.75,153.6,396339,183350,6534
DCBBANK,11-DEC-2020,113.25,122.75,112.95,116.8,5690333,1786020,42547
DCM,11-DEC-2020,36.5,38.95,35.2,38.8,526829,221394,2323
DCMFINSERV,11-DEC-2020,1.45,1.5,1.45,1.5,9264,8764,28
DCMNVL,11-DEC-2020,35.5,39.5,35.0,38.6,53541,41895,320
DCMSHRIRAM,11-DEC-2020,387.5,395.0,380.1,381.95,150559,89105,7483
DCW,11-DEC-2020,18.55,19.3,18.35,18.4,1053854,702552,1752
DECCANCE,11-DEC-2020,364.0,367.0,352.5,354.4,55568,38109,2218
DEEPAKFERT,11-DEC-2020,168.45,169.5,164.0,164.8,499696,205763,6206
DEEPAKNTR,11-DEC-2020,871.15,876.45,850.55,861.4,428487,142713,20639
DEEPENR,11-DEC-2020,45.9,47.5,45.05,45.25,153775,77979,1268
DELTACORP,11-DEC-2020,152.2,161.9,151.4,156.55,5558391,1616022,43686
DEN,11-DEC-2020,69.7,71.0,68.65,68.9,506665,267070,8072
DENORA,11-DEC-2020,218.4,218.85,210.0,213.15,1680,1270,155
DFMFOODS,11-DEC-2020,402.65,406.25,392.3,395.3,26688,14710,1631
DGCONTENT,11-DEC-2020,14.35,14.35,13.0,13.45,59917,47445,156
DHAMPURSUG,11-DEC-2020,170.85,172.5,166.6,167.6,995151,323375,9987
DHANBANK,11-DEC-2020,13.95,14.15,13.45,13.65,782360,434478,1291
DHANI,11-DEC-2020,292.7,293.45,275.5,279.35,424763,311623,6186
DHANUKA,11-DEC-2020,765.0,769.0,738.0,745.6,42964,23686,2976
DHARSUGAR,11-DEC-2020,6.15,6.15,5.9,6.1,63926,61519,329
DHFL,11-DEC-2020,41.7,41.7,41.7,41.7,880835,880734,1389
DHUNINV,11-DEC-2020,266.05,266.9,256.3,261.15,1337,900,138
DIAMONDYD,11-DEC-2020,693.0,693.0,669.95,676.15,2561,1797,298
DICIND,11-DEC-2020,385.05,400.5,385.05,392.1,12809,7882,587
DISHTV,11-DEC-2020,12.3,13.85,12.25,13.65,39768433,24413630,25097
DIVISLAB,11-DEC-2020,3730.0,3740.0,3622.4,3642.1,1322763,602857,73109
DIXON,11-DEC-2020,12200.0,12780.0,12121.0,12630.6,62939,34921,17271
DLF,11-DEC-2020,218.35,221.5,212.8,218.8,21193126,3921887,123945
DLINKINDIA,11-DEC-2020,118.05,122.95,115.3,117.35,598725,142573,9487
DMART,11-DEC-2020,2647.0,2715.0,2632.0,2685.1,595814,178608,45889
DNAMEDIA,11-DEC-2020,0.5,0.5,0.5,0.5,7890,7890,23
DOLAT,11-DEC-2020,47.45,47.45,46.15,46.45,69131,52148,695
DOLLAR,11-DEC-2020,182.0,183.75,177.0,179.95,46081,24177,1244
DONEAR,11-DEC-2020,32.8,32.9,31.8,31.95,49957,33738,535
DPABHUSHAN,11-DEC-2020,88.95,90.0,88.0,89.0,1783,1723,39
DPSCLTD,11-DEC-2020,12.25,12.5,11.35,12.0,75265,58329,340
DPWIRES,11-DEC-2020,90.65,90.7,76.2,83.25,5771,3111,169
DQE,11-DEC-2020,1.35,1.35,1.35,1.35,79083,59083,73
DREDGECORP,11-DEC-2020,300.0,305.9,292.1,294.3,218226,72622,6644
DRREDDY,11-DEC-2020,5055.1,5084.05,4984.8,5016.95,767963,204935,43289
DSSL,11-DEC-2020,46.75,47.45,44.65,45.2,18760,10149,358
DTIL,11-DEC-2020,267.35,270.0,261.1,263.85,6001,3902,423
DUCON,11-DEC-2020,6.35,6.35,6.35,6.35,8041,8041,18
DVL,11-DEC-2020,67.3,68.35,66.5,67.5,5279,4290,126
DWARKESH,11-DEC-2020,31.65,33.05,31.0,31.5,3705698,1605907,9836
DYNAMATECH,11-DEC-2020,840.9,841.25,807.0,816.55,16675,8975,2197
DYNPRO,11-DEC-2020,241.2,244.7,232.8,234.35,71555,41059,1892
EASTSILK,11-DEC-2020,1.2,1.2,1.2,1.2,44121,44121,17
EBBETF0423,11-DEC-2020,1109.0,1109.0,1107.75,1108.2,4038,3737,69
EBBETF0425,11-DEC-2020,1023.0,1026.49,1023.0,1025.75,29113,29035,99
EBBETF0430,11-DEC-2020,1134.99,1134.99,1130.11,1133.51,12780,12720,65
EBBETF0431,11-DEC-2020,1016.15,1018.94,1016.15,1018.87,39392,39234,136
EBIXFOREX,11-DEC-2020,527.0,527.0,513.0,513.25,2539,1952,154
ECLERX,11-DEC-2020,799.05,834.0,799.0,808.9,241617,79857,10904
EDELWEISS,11-DEC-2020,74.0,77.0,73.75,74.85,1407227,1058426,11190
EICHERMOT,11-DEC-2020,2492.65,2507.95,2451.85,2470.8,1488286,558165,93777
EIDPARRY,11-DEC-2020,340.0,347.95,337.1,339.2,367620,180161,10784
EIHAHOTELS,11-DEC-2020,263.45,264.4,256.0,258.75,7349,4791,500
EIHOTEL,11-DEC-2020,100.0,103.0,100.0,100.4,501427,260410,4671
EIMCOELECO,11-DEC-2020,334.95,355.95,334.95,340.75,1673,485,335
EKC,11-DEC-2020,48.7,50.5,48.7,50.5,90097,87034,299
ELECON,11-DEC-2020,38.35,39.7,37.0,39.05,355752,189924,2548
ELECTCAST,11-DEC-2020,23.8,24.5,23.8,24.0,702830,454905,1782
ELECTHERM,11-DEC-2020,114.85,122.9,114.85,120.15,136722,55892,1817
ELGIEQUIP,11-DEC-2020,146.25,158.4,144.15,155.4,471107,241024,10837
ELGIRUBCO,11-DEC-2020,21.35,24.75,20.8,23.9,229161,127653,921
EMAMILTD,11-DEC-2020,422.85,436.85,413.35,427.3,571587,375753,10090
EMAMIPAP,11-DEC-2020,85.55,85.55,78.2,80.85,23517,17723,405
EMAMIREAL,11-DEC-2020,49.25,51.75,48.5,50.95,28598,21122,474
EMKAY,11-DEC-2020,77.95,77.95,69.4,72.15,58771,47757,534
EMMBI,11-DEC-2020,78.95,80.0,77.6,77.85,15021,9214,316
ENDURANCE,11-DEC-2020,1161.25,1172.55,1150.0,1163.2,85718,53682,7300
ENERGYDEV,11-DEC-2020,9.8,9.8,9.4,9.8,93199,75133,289
ENGINERSIN,11-DEC-2020,76.0,77.7,74.8,75.4,3618619,1666415,13661
ENIL,11-DEC-2020,165.05,168.2,162.3,164.6,199126,142395,6037
EPL,11-DEC-2020,260.55,263.65,259.75,260.3,98203,85426,6389
EQ30,11-DEC-2020,380.0,401.9,363.9,391.55,476,89,40
EQUITAS,11-DEC-2020,71.45,71.45,68.4,68.9,2152827,1340749,17412
EQUITASBNK,11-DEC-2020,37.45,37.7,37.0,37.5,1682915,1217215,6975
ERIS,11-DEC-2020,533.4,550.0,530.1,537.75,298916,119537,9823
EROSMEDIA,11-DEC-2020,22.65,23.7,22.6,22.95,296426,159335,1438
ESABINDIA,11-DEC-2020,1529.4,1550.0,1491.0,1538.05,10207,6433,1840
ESCORTS,11-DEC-2020,1370.9,1384.15,1350.0,1361.05,1180252,202238,53070
ESSARSHPNG,11-DEC-2020,10.1,10.35,9.6,9.7,145704,97260,551
ESTER,11-DEC-2020,129.5,130.45,125.8,126.55,358089,116466,6583
EUROMULTI,11-DEC-2020,1.75,1.8,1.75,1.75,17430,17130,45
EVEREADY,11-DEC-2020,200.0,200.0,192.05,195.05,553754,289622,9366
EVERESTIND,11-DEC-2020,285.85,293.6,283.9,285.25,62676,37303,2060
EXCELINDUS,11-DEC-2020,891.05,906.65,884.9,890.55,10675,4467,1468
EXIDEIND,11-DEC-2020,192.5,194.7,192.15,193.7,2773751,1001406,19260
EXPLEOSOL,11-DEC-2020,466.0,475.85,465.9,466.35,13417,8515,858
FACT,11-DEC-2020,55.3,56.05,54.9,55.5,257879,114518,2073
FCL,11-DEC-2020,52.6,55.8,49.35,50.1,1629604,889058,8275
FCONSUMER,11-DEC-2020,8.85,9.0,8.7,8.8,6740348,3446382,5763
FCSSOFT,11-DEC-2020,0.7,0.7,0.7,0.7,3231525,2048066,488
FDC,11-DEC-2020,349.15,354.6,345.0,346.35,124448,61203,5030
FEDERALBNK,11-DEC-2020,66.05,67.2,65.6,66.25,31794609,9163492,52408
FEL,11-DEC-2020,11.5,11.65,11.4,11.5,1773676,1201020,2384
FELDVR,11-DEC-2020,14.4,15.3,14.4,14.8,51843,38747,261
FIEMIND,11-DEC-2020,539.15,543.85,535.85,538.2,18880,12130,1173
FILATEX,11-DEC-2020,39.0,39.95,38.4,39.35,1153363,872099,2485
FINCABLES,11-DEC-2020,347.0,361.85,347.0,358.95,510259,310111,13057
FINEORG,11-DEC-2020,2549.9,2560.8,2485.55,2490.1,38375,21562,5172
FINPIPE,11-DEC-2020,644.2,655.0,636.0,641.0,33304,18434,2649
FLFL,11-DEC-2020,87.0,89.3,87.0,88.5,285867,146541,3041
FLUOROCHEM,11-DEC-2020,579.9,584.0,570.25,576.55,45580,30695,2762
FMGOETZE,11-DEC-2020,334.8,334.8,316.8,316.8,206303,92624,4690
FMNL,11-DEC-2020,19.45,20.95,18.85,20.2,168421,119700,705
FORCEMOT,11-DEC-2020,1455.6,1461.85,1400.1,1426.6,83436,22357,5988
FORTIS,11-DEC-2020,148.9,153.4,148.2,152.15,4121121,2643092,24028
FOSECOIND,11-DEC-2020,1199.0,1252.9,1197.15,1224.05,2323,963,466
FRETAIL,11-DEC-2020,78.8,81.0,78.4,79.6,2821301,1477596,17264
FSC,11-DEC-2020,106.0,107.8,104.1,106.4,89877,53827,1366
FSL,11-DEC-2020,75.6,76.8,74.55,75.0,2170351,1612901,35441
GABRIEL,11-DEC-2020,115.0,115.5,111.45,112.55,193866,96844,3472
GAEL,11-DEC-2020,118.9,124.4,115.45,121.05,890454,296513,8156
GAIL,11-DEC-2020,120.1,128.8,120.05,125.85,52797382,8266986,161183
GAL,11-DEC-2020,3.0,3.25,3.0,3.1,41614,30792,96
GALAXYSURF,11-DEC-2020,1925.0,1925.0,1888.0,1900.7,23488,9681,5524
GALLANTT,11-DEC-2020,35.2,37.0,35.0,35.65,11315,9046,118
GALLISPAT,11-DEC-2020,31.6,32.95,31.55,31.85,19530,12894,156
GAMMNINFRA,11-DEC-2020,0.9,0.95,0.85,0.85,6357826,2600112,865
GANDHITUBE,11-DEC-2020,233.4,240.1,233.4,238.85,8427,5931,340
GANECOS,11-DEC-2020,336.0,338.0,326.85,328.7,17189,13046,334
GANESHHOUC,11-DEC-2020,31.15,32.6,30.1,31.7,37458,28904,315
GANGESSECU,11-DEC-2020,58.0,60.7,57.15,58.6,23617,15496,139
GARDENSILK,11-DEC-2020,11.9,12.0,10.9,12.0,101590,100713,187
GARFIBRES,11-DEC-2020,2210.0,2210.0,2172.0,2182.95,5437,3553,1311
GATI,11-DEC-2020,88.0,89.15,85.2,87.8,889816,459875,6100
GAYAHWS,11-DEC-2020,0.55,0.6,0.55,0.6,3214788,2221741,382
GAYAPROJ,11-DEC-2020,36.35,36.35,36.35,36.35,335204,335204,670
GBGLOBAL,11-DEC-2020,6.4,7.0,6.4,7.0,3659,3659,32
GDL,11-DEC-2020,117.0,118.4,114.7,115.05,334542,213335,6927
GEECEE,11-DEC-2020,82.35,82.55,80.0,80.95,12987,11319,376
GENESYS,11-DEC-2020,57.7,57.8,55.1,55.8,12206,10154,274
GENUSPAPER,11-DEC-2020,5.5,5.85,5.45,5.6,560849,380757,486
GENUSPOWER,11-DEC-2020,34.0,34.6,32.65,34.25,410045,265200,2356
GEOJITFSL,11-DEC-2020,56.3,57.5,55.0,55.4,501268,264630,3015
GEPIL,11-DEC-2020,284.65,292.45,280.0,291.2,272680,202363,6276
GESHIP,11-DEC-2020,294.0,295.75,282.6,284.65,480398,244341,23509
GET&D,11-DEC-2020,118.8,120.1,113.0,115.25,195798,113620,3967
GFLLIMITED,11-DEC-2020,87.9,87.9,85.3,85.9,46989,27712,643
GHCL,11-DEC-2020,198.0,200.6,193.0,193.7,305536,191865,7328
GICHSGFIN,11-DEC-2020,114.8,117.6,113.55,114.1,481612,185536,4389
GICRE,11-DEC-2020,144.1,146.6,140.85,142.25,707001,313806,11011
GILLANDERS,11-DEC-2020,38.95,40.2,37.6,40.1,33542,27774,479
GILLETTE,11-DEC-2020,5750.0,6180.0,5750.0,5909.65,72178,19206,12722
GINNIFILA,11-DEC-2020,22.0,22.05,20.0,20.5,490136,320493,1021
GIPCL,11-DEC-2020,78.8,83.35,78.1,81.55,1089125,561846,9404
GISOLUTION,11-DEC-2020,1.95,1.95,1.95,1.95,43200,43200,5
GKWLIMITED,11-DEC-2020,690.0,726.7,650.0,709.0,24710,10835,1731
GLAND,11-DEC-2020,2258.0,2274.6,2227.85,2241.6,177900,117028,11311
GLAXO,11-DEC-2020,1557.95,1564.0,1547.1,1551.15,16371,9386,1773
GLENMARK,11-DEC-2020,530.0,535.75,522.65,527.35,1024147,207912,15204
GLFL,11-DEC-2020,2.6,2.8,2.6,2.7,6419,5843,23
GLOBAL,11-DEC-2020,60.9,60.9,60.9,60.9,38095,38084,166
GLOBALVECT,11-DEC-2020,59.5,62.8,58.5,60.7,42416,23593,534
GLOBE,11-DEC-2020,60.45,63.0,59.0,60.45,18664,5452,58
GLOBOFFS,11-DEC-2020,7.65,8.2,7.6,8.2,27161,22602,118
GLOBUSSPR,11-DEC-2020,335.2,337.7,324.0,329.15,84441,54577,2918
GMBREW,11-DEC-2020,423.15,430.95,421.65,425.75,30929,13680,1703
GMDCLTD,11-DEC-2020,51.0,52.8,50.8,51.35,2466911,898198,8798
GMMPFAUDLR,11-DEC-2020,3700.0,3842.25,3687.0,3747.6,41371,14896,8946
GMRINFRA,11-DEC-2020,26.85,27.1,26.15,26.6,11617558,4916439,23453
GNA,11-DEC-2020,256.45,263.15,256.0,259.3,43488,19108,1788
GNFC,11-DEC-2020,251.5,252.6,240.85,242.85,944113,444195,13548
GOCLCORP,11-DEC-2020,205.35,207.05,195.0,197.6,19241,13079,648
GODFRYPHLP,11-DEC-2020,1027.9,1056.7,1002.65,1016.35,198066,56356,12022
GODREJAGRO,11-DEC-2020,529.65,529.65,520.5,524.5,157269,82094,5981
GODREJCP,11-DEC-2020,735.8,739.4,716.55,726.6,2230739,815794,59212
GODREJIND,11-DEC-2020,444.0,455.0,444.0,452.65,162812,109644,5775
GODREJPROP,11-DEC-2020,1284.0,1310.0,1253.0,1303.4,1472720,345064,53870
GOKEX,11-DEC-2020,83.35,84.5,81.9,83.2,208686,121469,1898
GOKUL,11-DEC-2020,15.85,16.2,15.5,15.85,51632,35130,259
GOKULAGRO,11-DEC-2020,17.3,18.45,17.0,17.6,219517,136013,859
GOLDBEES,11-DEC-2020,43.8,43.8,42.67,42.71,1898856,1168853,7823
GOLDENTOBC,11-DEC-2020,32.4,33.2,30.8,31.65,7316,5178,159
GOLDIAM,11-DEC-2020,169.0,175.9,167.95,169.0,145769,73975,2479
GOLDSHARE,11-DEC-2020,4430.2,4450.0,4426.0,4441.1,1270,925,273
GOLDTECH,11-DEC-2020,10.25,10.3,9.7,9.95,34666,24320,163
GOODLUCK,11-DEC-2020,47.75,50.3,47.75,48.85,84985,45577,623
GOODYEAR,11-DEC-2020,1170.0,1175.0,1150.0,1161.0,100804,75271,7781
GPIL,11-DEC-2020,481.0,484.95,465.0,470.85,107530,60253,2999
GPPL,11-DEC-2020,92.75,93.35,91.25,91.9,362576,240077,6092
GPTINFRA,11-DEC-2020,37.95,39.5,37.65,38.0,27460,19479,218
GRANULES,11-DEC-2020,391.7,397.4,386.0,387.6,1186396,715109,19112
GRAPHITE,11-DEC-2020,275.35,285.5,273.95,278.35,1221966,382711,24869
GRASIM,11-DEC-2020,909.9,915.65,901.0,902.25,1938042,894389,33627
GRAVITA,11-DEC-2020,54.95,56.85,52.7,53.95,784441,338940,4261
GREAVESCOT,11-DEC-2020,84.5,85.0,83.0,83.5,1094822,544221,8224
GREENLAM,11-DEC-2020,819.95,844.95,815.0,819.35,9121,7753,274
GREENPANEL,11-DEC-2020,119.2,119.2,107.9,112.95,580613,370517,3444
GREENPLY,11-DEC-2020,115.1,117.75,112.95,113.8,329521,148120,4009
GREENPOWER,11-DEC-2020,2.35,2.45,2.35,2.4,2336123,1520716,1545
GRINDWELL,11-DEC-2020,682.7,688.85,661.25,670.2,18473,8366,1980
GROBTEA,11-DEC-2020,613.05,614.0,581.0,599.0,236,168,32
GRPLTD,11-DEC-2020,955.05,955.05,932.0,944.75,279,233,53
GRSE,11-DEC-2020,197.45,198.5,194.0,194.45,124972,80570,2442
GSCLCEMENT,11-DEC-2020,35.6,36.9,35.25,35.85,191301,124883,1067
GSFC,11-DEC-2020,77.15,78.5,76.0,77.6,1109331,469926,5908
GSPL,11-DEC-2020,235.3,236.45,229.1,232.4,1165442,622149,14093
GSS,11-DEC-2020,44.75,47.0,43.9,46.2,42382,30708,406
GTL,11-DEC-2020,4.5,4.5,4.5,4.5,21889,21889,65
GTLINFRA,11-DEC-2020,0.65,0.7,0.6,0.7,71596354,30307541,5174
GTNIND,11-DEC-2020,10.8,10.8,10.4,10.65,2210,1709,15
GTNTEX,11-DEC-2020,5.95,5.95,5.95,5.95,8525,8525,9
GTPL,11-DEC-2020,133.9,134.8,127.5,128.25,144899,64487,2867
GUFICBIO,11-DEC-2020,117.45,125.95,115.5,121.75,649010,206655,7256
GUJALKALI,11-DEC-2020,353.95,363.1,347.6,351.65,284703,137575,7349
GUJAPOLLO,11-DEC-2020,200.05,204.0,198.1,199.0,2660,1679,201
GUJGASLTD,11-DEC-2020,349.8,351.9,338.5,348.75,450845,278228,13185
GULFOILLUB,11-DEC-2020,768.5,775.0,758.0,761.5,38901,27782,1941
GULFPETRO,11-DEC-2020,45.65,47.5,45.1,46.25,101202,42243,883
GULPOLY,11-DEC-2020,83.0,83.0,78.0,80.3,81210,51270,788
HAL,11-DEC-2020,871.0,877.25,852.0,856.8,282743,126699,12211
HAPPSTMNDS,11-DEC-2020,322.8,327.35,321.25,322.45,814206,300406,18550
HARITASEAT,11-DEC-2020,488.0,493.85,477.1,479.95,2769,2016,245
HARRMALAYA,11-DEC-2020,126.4,126.4,117.2,118.45,172171,104244,3015
HATHWAY,11-DEC-2020,34.4,36.7,34.0,34.6,1063430,581878,4667
HATSUN,11-DEC-2020,814.5,824.8,800.0,805.3,70614,24071,5386
HAVELLS,11-DEC-2020,829.6,841.45,821.2,827.45,2077418,508026,57562
HBANKETF,11-DEC-2020,302.72,306.0,301.25,302.72,3822,3480,180
HBLPOWER,11-DEC-2020,27.65,28.75,26.55,27.55,1386133,703040,4837
HBSL,11-DEC-2020,7.25,7.25,6.65,6.65,1020,1020,8
HCC,11-DEC-2020,7.2,8.35,7.2,8.2,35671308,12877365,17329
HCG,11-DEC-2020,158.0,160.95,155.0,159.1,125378,48452,2739
HCL-INSYS,11-DEC-2020,9.4,9.45,8.85,9.0,644769,501575,1381
HCLTECH,11-DEC-2020,871.0,881.8,855.2,862.25,5637035,2055758,123619
HDFC,11-DEC-2020,2307.0,2317.7,2272.0,2295.9,4577813,2921190,143063
HDFCAMC,11-DEC-2020,2839.15,2888.0,2780.0,2838.6,370666,129339,39520
HDFCBANK,11-DEC-2020,1390.05,1395.0,1373.0,1382.8,10678192,5982146,184156
HDFCLIFE,11-DEC-2020,663.9,668.35,655.25,664.5,6275768,3626977,122296
HDFCMFGETF,11-DEC-2020,4385.0,4400.0,4376.65,4379.6,7372,5170,766
HDFCNIFETF,11-DEC-2020,1414.97,1428.39,1403.66,1420.87,740,438,81
HDFCSENETF,11-DEC-2020,4880.0,4928.5,4830.22,4880.0,63,44,34
HEG,11-DEC-2020,832.95,856.9,830.25,840.5,564397,112662,22173
HEIDELBERG,11-DEC-2020,211.85,214.25,207.85,208.5,413837,246988,5151
HEMIPROP,11-DEC-2020,75.05,81.85,75.05,76.7,3228071,1405711,20800
HERCULES,11-DEC-2020,117.0,123.95,115.55,120.3,181746,62636,3432
HERITGFOOD,11-DEC-2020,309.55,327.5,308.95,318.35,339231,118319,10227
HEROMOTOCO,11-DEC-2020,3200.0,3239.5,3169.0,3185.3,1276394,389215,80966
HESTERBIO,11-DEC-2020,1740.0,1769.95,1740.0,1749.0,2870,1682,505
HEXATRADEX,11-DEC-2020,34.7,35.9,34.05,34.45,8195,7675,69
HFCL,11-DEC-2020,21.75,22.75,21.25,21.85,6674341,2481865,12426
HGINFRA,11-DEC-2020,225.45,234.95,222.1,222.8,48923,27952,1828
HGS,11-DEC-2020,990.0,1148.0,984.05,1123.5,136315,46106,12761
HIKAL,11-DEC-2020,171.0,173.35,169.05,169.55,552949,338584,8617
HIL,11-DEC-2020,2051.0,2080.0,2025.05,2046.3,11816,6475,1814
HILTON,11-DEC-2020,12.15,12.15,11.1,11.3,10890,7617,59
HIMATSEIDE,11-DEC-2020,135.15,148.4,135.15,146.6,1680737,433617,17932
HINDALCO,11-DEC-2020,244.25,248.0,240.95,243.65,12610389,4192160,78306
HINDCOMPOS,11-DEC-2020,216.2,225.0,214.0,219.5,5858,4036,249
HINDCOPPER,11-DEC-2020,45.0,46.2,44.0,44.3,2594039,1081586,9848
HINDMOTORS,11-DEC-2020,6.15,7.15,6.0,6.6,670140,486239,901
HINDNATGLS,11-DEC-2020,35.0,35.05,31.0,33.6,109026,92410,398
HINDOILEXP,11-DEC-2020,87.0,96.5,84.05,90.85,3873100,1329054,21962
HINDPETRO,11-DEC-2020,216.0,223.0,214.8,217.35,11035841,4632030,112335
HINDUNILVR,11-DEC-2020,2366.25,2385.0,2333.0,2374.75,2611218,1353372,121673
HINDZINC,11-DEC-2020,240.95,249.4,240.25,241.2,1487906,527262,19611
HIRECT,11-DEC-2020,154.55,159.9,147.1,149.6,88340,43552,2692
HISARMETAL,11-DEC-2020,84.05,86.7,84.05,84.3,14863,5906,336
HITECH,11-DEC-2020,195.3,200.0,193.15,194.85,45935,21147,486
HITECHCORP,11-DEC-2020,122.0,127.15,116.1,118.1,16209,10995,250
HLVLTD,11-DEC-2020,5.05,5.25,5.0,5.2,305960,167544,386
HMVL,11-DEC-2020,57.0,58.9,55.15,57.05,61376,37168,796
HNDFDS,11-DEC-2020,1190.0,1214.95,1111.0,1141.15,38943,16786,4350
HNGSNGBEES,11-DEC-2020,358.0,362.0,353.15,355.97,5673,5665,188
HONAUT,11-DEC-2020,30959.0,31381.2,30949.0,31270.35,3728,1927,2013
HONDAPOWER,11-DEC-2020,1011.5,1048.9,1011.5,1025.95,13919,8602,1247
HOVS,11-DEC-2020,42.0,43.6,40.1,40.8,40569,25225,336
HPL,11-DEC-2020,37.15,39.75,37.15,38.25,446923,263583,3120
HSCL,11-DEC-2020,42.35,42.7,41.85,42.3,1851895,1007262,7283
HSIL,11-DEC-2020,108.95,109.7,104.0,105.0,176521,105507,4677
HTMEDIA,11-DEC-2020,16.35,16.55,15.9,15.95,1418390,860863,2858
HUBTOWN,11-DEC-2020,14.35,14.65,14.0,14.5,65196,48966,327
HUDCO,11-DEC-2020,39.65,40.9,39.3,39.6,2758670,983103,12144
HUHTAMAKI,11-DEC-2020,302.55,313.5,302.55,306.2,95916,53949,2760
IBMFNIFTY,11-DEC-2020,134.17,136.99,132.55,134.04,1868,1645,72
IBREALEST,11-DEC-2020,67.5,69.45,66.3,68.0,3685135,1824107,21121
IBULHSGFIN,11-DEC-2020,196.05,200.5,191.8,192.9,10153885,1937083,63005
ICEMAKE,11-DEC-2020,110.05,115.0,107.45,107.45,67521,46881,767
ICICI500,11-DEC-2020,183.0,185.5,181.25,182.25,2165,1245,101
ICICIALPLV,11-DEC-2020,134.25,134.49,133.0,134.0,1600,968,26
ICICIB22,11-DEC-2020,31.75,32.0,29.0,31.56,519062,360014,6281
ICICIBANK,11-DEC-2020,509.25,516.9,506.1,515.45,25335765,11883448,169124
ICICIBANKN,11-DEC-2020,309.0,309.0,301.36,303.33,3836,1391,265
ICICIBANKP,11-DEC-2020,166.6,168.0,165.35,166.34,10124,7827,119
ICICIGI,11-DEC-2020,1458.05,1476.4,1437.7,1466.55,697751,441898,50878
ICICIGOLD,11-DEC-2020,49.4,49.4,43.0,43.8,466737,445445,980
ICICILIQ,11-DEC-2020,999.5,1000.0,999.0,999.99,20816,20523,41
ICICILOVOL,11-DEC-2020,112.7,112.7,109.41,109.91,1548,891,126
ICICIM150,11-DEC-2020,78.0,78.17,77.0,77.5,5645,3713,44
ICICIMCAP,11-DEC-2020,76.8,77.0,75.73,75.92,5416,4071,112
ICICINF100,11-DEC-2020,142.0,147.84,141.61,146.97,1701,1275,124
ICICINIFTY,11-DEC-2020,158.0,158.0,142.0,143.23,74288,55997,3164
ICICINV20,11-DEC-2020,69.96,70.7,67.5,69.29,4599,3509,208
ICICINXT50,11-DEC-2020,32.23,32.98,32.15,32.33,59082,52549,125
ICICIPRULI,11-DEC-2020,496.95,503.1,490.35,498.65,2677102,1545529,61121
ICICISENSX,11-DEC-2020,496.97,499.75,492.52,495.65,3527,1325,75
ICICITECH,11-DEC-2020,231.0,233.05,227.05,227.38,1943,1319,76
ICIL,11-DEC-2020,159.0,159.75,149.45,156.25,161227,113193,4671
ICRA,11-DEC-2020,2720.45,2789.0,2720.45,2777.1,2940,1860,717
IDBI,11-DEC-2020,41.85,42.0,40.2,41.0,2785548,1118008,7356
IDBIGOLD,11-DEC-2020,4587.95,4587.95,4501.0,4530.15,92,74,35
IDEA,11-DEC-2020,9.85,10.35,9.7,10.1,414971366,124082101,148307
IDFC,11-DEC-2020,39.4,40.2,38.5,38.95,11342091,9148697,23738
IDFCFIRSTB,11-DEC-2020,37.8,38.6,37.05,37.45,35136784,7651717,51888
IDFNIFTYET,11-DEC-2020,151.35,151.35,138.0,145.74,292,177,49
IEX,11-DEC-2020,223.25,225.0,216.55,217.35,757607,359206,30176
IFBAGRO,11-DEC-2020,477.8,488.05,475.0,482.6,10479,5086,476
IFBIND,11-DEC-2020,978.9,1050.0,974.05,1031.75,111247,51729,5565
IFCI,11-DEC-2020,11.2,11.5,10.25,10.6,28258101,13060905,110562
IFGLEXPOR,11-DEC-2020,193.6,197.85,190.85,191.8,4008,3286,184
IGARASHI,11-DEC-2020,332.2,349.85,329.7,338.3,461726,143101,12209
IGL,11-DEC-2020,481.7,486.95,478.0,482.25,1234364,463099,26078
IGPL,11-DEC-2020,485.0,485.2,466.95,471.35,12242,7275,942
IIFL,11-DEC-2020,112.4,119.5,112.0,117.15,1075861,370754,10067
IIFLSEC,11-DEC-2020,46.9,48.65,46.7,47.55,747504,404118,4282
IIFLWAM,11-DEC-2020,1058.55,1085.0,1036.65,1046.15,115293,71638,24175
IITL,11-DEC-2020,84.05,84.05,80.05,84.05,15512,14752,102
IMAGICAA,11-DEC-2020,6.3,7.3,6.3,6.75,787414,559665,1228
IMFA,11-DEC-2020,293.5,303.0,292.65,297.15,30722,23600,1197
IMPAL,11-DEC-2020,543.0,620.0,538.6,594.05,42663,29629,1924
IMPEXFERRO,11-DEC-2020,0.8,0.8,0.7,0.75,47054,18717,53
INDBANK,11-DEC-2020,12.25,12.7,11.9,12.05,102515,69860,466
INDHOTEL,11-DEC-2020,128.0,131.75,127.2,127.9,1242121,471847,9965
INDIACEM,11-DEC-2020,147.0,151.75,147.0,148.9,758858,324087,7618
INDIAGLYCO,11-DEC-2020,305.0,314.0,301.65,304.25,230833,89965,6035
INDIAMART,11-DEC-2020,5314.4,5400.0,5301.0,5357.95,62128,41348,12748
INDIANB,11-DEC-2020,85.8,88.45,84.75,85.95,5050680,936431,18945
INDIANCARD,11-DEC-2020,102.0,108.0,102.0,105.7,2712,1935,114
INDIANHUME,11-DEC-2020,191.05,195.5,189.85,192.35,231836,111388,5209
INDIGO,11-DEC-2020,1742.0,1748.95,1699.2,1729.9,1542434,417226,49386
INDLMETER,11-DEC-2020,19.75,20.4,18.8,20.05,12043,10973,88
INDNIPPON,11-DEC-2020,357.0,365.3,351.6,356.15,32244,19366,907
INDOCO,11-DEC-2020,281.5,288.3,281.5,284.45,111568,52673,3560
INDORAMA,11-DEC-2020,35.45,36.0,34.4,36.0,216197,163195,663
INDOSTAR,11-DEC-2020,336.3,339.0,316.7,319.55,110049,54672,3156
INDOTECH,11-DEC-2020,112.05,115.4,110.0,112.3,27790,15682,557
INDOTHAI,11-DEC-2020,21.9,22.95,21.75,22.0,8913,7592,70
INDOWIND,11-DEC-2020,4.1,4.5,4.0,4.35,399112,309514,539
INDRAMEDCO,11-DEC-2020,62.2,63.85,61.0,61.35,417901,228808,3769
INDSWFTLAB,11-DEC-2020,63.55,63.75,61.3,62.0,48547,35351,369
INDTERRAIN,11-DEC-2020,33.55,35.0,33.55,33.85,168474,92302,1034
INDUSINDBK,11-DEC-2020,916.75,933.35,915.1,923.75,8417189,1427478,123723
INEOSSTYRO,11-DEC-2020,775.45,797.35,766.65,778.7,36046,19298,1615
INFOBEAN,11-DEC-2020,130.6,134.9,129.5,132.7,9258,7009,218
INFRABEES,11-DEC-2020,375.0,378.0,372.94,373.01,479,397,37
INFRATEL,11-DEC-2020,247.4,247.4,240.8,244.9,5045902,923685,43618
INFY,11-DEC-2020,1159.7,1171.95,1155.25,1163.2,10574009,7059725,178023
INGERRAND,11-DEC-2020,635.65,648.0,635.65,637.6,18826,12353,1485
INOXLEISUR,11-DEC-2020,295.0,298.0,289.85,291.8,961435,483826,14435
INOXWIND,11-DEC-2020,51.1,55.9,50.25,55.5,815156,440636,4844
INSECTICID,11-DEC-2020,458.5,459.95,450.1,451.2,21398,11490,1767
INSPIRISYS,11-DEC-2020,30.35,30.45,29.25,29.25,2487,2291,42
INTEGRA,11-DEC-2020,1.35,1.35,1.35,1.35,2578,2578,5
INTELLECT,11-DEC-2020,284.0,287.9,282.1,286.45,106656,75003,4299
INTENTECH,11-DEC-2020,38.0,38.0,36.5,36.55,31402,21357,177
INVENTURE,11-DEC-2020,24.95,24.95,24.0,24.0,25026,12937,75
IOB,11-DEC-2020,11.4,11.75,11.2,11.5,5013829,2507774,4644
IOC,11-DEC-2020,93.55,96.1,93.05,93.85,55197152,14374090,133676
IOLCP,11-DEC-2020,777.45,783.0,760.8,768.0,194433,98791,8740
IPCALAB,11-DEC-2020,2233.7,2260.0,2205.0,2211.2,272006,146668,43980
IRB,11-DEC-2020,116.95,116.95,114.0,114.55,311806,175009,3649
IRCON,11-DEC-2020,96.0,96.0,90.0,90.85,4324101,1112750,26571
IRCTC,11-DEC-2020,1403.95,1448.8,1400.0,1421.0,9772926,2926421,255727
ISEC,11-DEC-2020,472.0,480.8,465.0,468.3,1040580,561079,22585
ISFT,11-DEC-2020,67.0,67.1,64.65,66.7,7030,6362,174
ISMTLTD,11-DEC-2020,11.4,11.4,11.4,11.4,14192,14192,56
ITC,11-DEC-2020,214.45,217.95,213.35,216.3,60322445,21632317,238474
ITDC,11-DEC-2020,283.0,285.95,272.3,275.05,54934,23898,2103
ITDCEM,11-DEC-2020,58.3,58.9,56.75,57.25,399542,205560,3373
ITI,11-DEC-2020,129.0,130.35,127.3,127.65,477280,179064,4754
IVZINGOLD,11-DEC-2020,4444.0,4540.0,4439.45,4442.0,29,19,13
IVZINNIFTY,11-DEC-2020,1462.8,1462.8,1444.75,1444.75,52,50,3
IZMO,11-DEC-2020,53.3,56.0,53.3,53.45,75355,50530,995
J&KBANK,11-DEC-2020,24.6,25.1,24.2,24.4,3536854,2067450,8168
JAGRAN,11-DEC-2020,43.4,45.25,43.4,44.1,1003798,615407,5016
JAGSNPHARM,11-DEC-2020,67.5,69.15,65.6,66.5,96326,49977,1110
JAIBALAJI,11-DEC-2020,20.75,20.75,19.55,20.5,4535,3348,57
JAICORPLTD,11-DEC-2020,94.7,96.4,93.0,94.1,1291532,264164,6750
JAMNAAUTO,11-DEC-2020,56.0,56.35,54.0,54.45,798590,411568,3924
JASH,11-DEC-2020,229.0,233.5,221.15,222.8,18576,9838,342
JAYAGROGN,11-DEC-2020,119.95,122.0,117.6,120.4,9790,6972,225
JAYBARMARU,11-DEC-2020,253.1,257.9,249.0,251.05,32838,12108,1336
JAYNECOIND,11-DEC-2020,5.6,5.6,5.6,5.6,11845,11845,21
JAYSREETEA,11-DEC-2020,77.5,77.5,73.1,73.85,280925,157555,2974
JBCHEPHARM,11-DEC-2020,1005.0,1007.8,993.9,999.2,54225,40826,7835
JBFIND,11-DEC-2020,10.3,10.3,9.4,10.1,889029,586288,2159
JBMA,11-DEC-2020,277.1,278.8,273.0,273.85,19013,11920,713
JCHAC,11-DEC-2020,2217.15,2241.0,2196.0,2211.05,9435,5561,1996
JHS,11-DEC-2020,20.1,20.3,19.75,20.0,65593,60531,253
JINDALPHOT,11-DEC-2020,30.7,30.7,30.7,30.7,40656,40639,241
JINDALPOLY,11-DEC-2020,474.7,476.5,466.0,467.35,25993,18889,1083
JINDALSAW,11-DEC-2020,72.95,78.3,72.8,76.45,3590931,1224767,17835
JINDALSTEL,11-DEC-2020,260.5,264.25,258.55,260.6,6458937,1213210,39727
JINDRILL,11-DEC-2020,95.5,98.9,94.55,97.0,96673,54588,1092
JINDWORLD,11-DEC-2020,50.0,50.0,48.25,49.3,199079,36636,1541
JISLDVREQS,11-DEC-2020,12.8,12.8,12.3,12.65,40400,29889,204
JISLJALEQS,11-DEC-2020,18.45,19.25,18.45,19.1,4263470,2474348,4482
JKCEMENT,11-DEC-2020,1988.25,2016.1,1929.2,1948.8,124322,50686,12759
JKIL,11-DEC-2020,136.8,140.35,134.1,135.3,123686,79487,2199
JKLAKSHMI,11-DEC-2020,345.7,351.0,342.0,343.75,203622,107634,5065
JKPAPER,11-DEC-2020,102.5,103.0,99.7,101.8,664609,289417,6980
JKTYRE,11-DEC-2020,82.25,84.0,81.75,82.65,1004853,286822,6146
JMA,11-DEC-2020,33.2,33.2,31.45,32.0,14617,12199,67
JMCPROJECT,11-DEC-2020,67.7,70.4,66.2,67.85,324427,154023,3061
JMFINANCIL,11-DEC-2020,84.5,85.0,82.0,82.3,1030703,574690,6186
JMTAUTOLTD,11-DEC-2020,2.75,2.8,2.55,2.7,1586772,871437,905
JOCIL,11-DEC-2020,177.2,181.25,177.2,178.75,11824,7904,244
JPASSOCIAT,11-DEC-2020,7.55,7.55,7.15,7.55,42611707,23952882,15948
JPINFRATEC,11-DEC-2020,2.4,2.4,2.4,2.4,1080648,1080647,387
JPOLYINVST,11-DEC-2020,19.65,19.65,18.25,19.25,6647,5334,100
JPPOWER,11-DEC-2020,3.4,3.9,3.35,3.9,117867850,56011251,21798
JSL,11-DEC-2020,67.35,69.6,67.0,67.65,511092,202092,4934
JSLHISAR,11-DEC-2020,131.0,134.2,129.5,133.0,649247,235841,8515
JSWENERGY,11-DEC-2020,65.8,69.2,64.65,67.95,5911354,3096064,17457
JSWHL,11-DEC-2020,3349.9,3509.95,3302.3,3481.45,8921,7685,769
JSWISPL,11-DEC-2020,28.55,29.9,27.1,27.5,2181649,1042699,3553
JSWSTEEL,11-DEC-2020,363.6,366.7,357.6,359.65,4518654,491317,39606
JTEKTINDIA,11-DEC-2020,83.6,85.7,82.6,83.45,173348,89174,2363
JUBILANT,11-DEC-2020,814.0,817.4,780.0,796.25,345011,170155,14777
JUBLFOOD,11-DEC-2020,2572.95,2660.0,2572.95,2648.15,1073631,223886,46853
JUBLINDS,11-DEC-2020,254.0,263.3,247.45,252.1,96444,43262,2885
JUMPNET,11-DEC-2020,16.8,17.4,16.8,17.4,7973094,4033096,4990
JUNIORBEES,11-DEC-2020,338.0,339.4,321.0,332.59,53594,27543,2342
JUSTDIAL,11-DEC-2020,614.8,624.7,601.5,608.25,520833,113556,16240
JYOTHYLAB,11-DEC-2020,143.2,143.55,140.8,141.3,555184,359450,7711
KABRAEXTRU,11-DEC-2020,92.3,96.9,92.3,93.65,33296,20796,703
KAJARIACER,11-DEC-2020,660.5,675.0,659.0,666.6,189740,103824,6250
KAKATCEM,11-DEC-2020,194.5,194.5,186.1,187.7,24499,17067,617
KALPATPOWR,11-DEC-2020,318.4,332.4,315.2,324.25,2105480,1181093,56138
KAMATHOTEL,11-DEC-2020,35.0,36.5,35.0,35.55,72540,43560,511
KAMDHENU,11-DEC-2020,95.6,109.3,95.1,108.25,1103488,288924,11754
KANANIIND,11-DEC-2020,3.8,4.0,3.8,3.95,19039,19033,34
KANORICHEM,11-DEC-2020,45.15,47.0,43.25,45.55,127486,76386,939
KANSAINER,11-DEC-2020,548.5,558.0,542.2,548.6,195781,146873,5339
KARDA,11-DEC-2020,128.8,130.5,123.0,125.25,11927,6761,321
KARMAENG,11-DEC-2020,12.45,12.65,9.7,11.95,16107,8791,80
KARURVYSYA,11-DEC-2020,48.75,49.4,46.6,47.15,8193527,3803495,22922
KAUSHALYA,11-DEC-2020,1.9,1.9,1.85,1.9,12355,11355,39
KAYA,11-DEC-2020,298.9,298.9,280.1,286.6,24734,15614,892
KCP,11-DEC-2020,70.7,71.6,69.5,70.3,269550,140533,2246
KCPSUGIND,11-DEC-2020,17.15,17.65,16.9,17.05,1021073,515507,2565
KDDL,11-DEC-2020,203.0,212.0,203.0,209.95,4566,3026,132
KEC,11-DEC-2020,370.0,373.0,364.95,367.0,286837,204635,3763
KECL,11-DEC-2020,15.7,16.2,15.35,15.4,91186,66728,451
KEERTI,11-DEC-2020,28.45,28.45,27.0,28.25,21374,9774,48
KEI,11-DEC-2020,429.0,429.0,419.0,420.85,149159,107968,11149
KELLTONTEC,11-DEC-2020,62.05,62.7,60.8,61.9,1101138,759535,2342
KENNAMET,11-DEC-2020,861.8,907.55,841.05,879.25,24808,15089,2159
KESORAMIND,11-DEC-2020,49.95,51.25,49.4,50.05,618058,343608,2646
KEYFINSERV,11-DEC-2020,89.6,89.6,85.7,89.6,25972,23801,274
KHADIM,11-DEC-2020,119.7,129.9,117.7,125.3,692481,248196,10657
KHAICHEM,11-DEC-2020,22.5,22.5,21.6,21.8,123158,47700,892
KHANDSE,11-DEC-2020,9.2,9.6,9.2,9.3,792,713,19
KICL,11-DEC-2020,1388.05,1392.85,1356.0,1371.0,2198,1515,319
KINGFA,11-DEC-2020,539.8,543.65,532.15,536.65,3677,2013,242
KIOCL,11-DEC-2020,129.9,129.9,129.9,129.9,256870,249165,1634
KIRIINDUS,11-DEC-2020,472.0,478.8,462.0,463.3,124839,61654,5480
KIRLFER,11-DEC-2020,145.0,149.75,141.35,144.95,281746,204497,4957
KIRLOSBROS,11-DEC-2020,137.6,140.6,129.1,132.15,335605,202151,4493
KIRLOSENG,11-DEC-2020,122.0,123.7,120.1,121.65,104393,62395,1526
KIRLOSIND,11-DEC-2020,839.0,839.0,802.0,804.35,2867,1914,312
KITEX,11-DEC-2020,112.2,118.95,112.0,116.0,577154,198944,7519
KKCL,11-DEC-2020,829.9,829.9,811.6,818.9,918,656,173
KMSUGAR,11-DEC-2020,12.0,12.3,11.85,11.95,353419,209730,718
KNRCON,11-DEC-2020,300.5,304.95,291.1,295.5,85411,44856,4717
KOKUYOCMLN,11-DEC-2020,68.5,68.5,66.7,67.05,161705,73558,2325
KOLTEPATIL,11-DEC-2020,208.45,217.9,208.0,210.6,200093,46987,5051
KOPRAN,11-DEC-2020,132.95,137.9,131.0,133.1,524770,165063,5442
KOTAKBANK,11-DEC-2020,1893.5,1928.7,1893.5,1920.4,5466598,3114300,160468
KOTAKBKETF,11-DEC-2020,325.9,325.9,305.23,307.75,361583,230450,1175
KOTAKGOLD,11-DEC-2020,431.95,432.2,428.95,429.65,21616,12718,836
KOTAKNIFTY,11-DEC-2020,143.9,143.9,139.53,140.62,73665,69179,404
KOTAKNV20,11-DEC-2020,70.38,71.0,67.95,68.99,19036,11617,138
KOTAKPSUBK,11-DEC-2020,180.89,182.29,178.13,180.62,60505,27470,548
KOTARISUG,11-DEC-2020,20.1,20.5,18.8,19.25,105747,65066,380
KOTHARIPET,11-DEC-2020,17.8,19.5,17.5,18.65,182917,117818,553
KOTHARIPRO,11-DEC-2020,73.05,76.3,72.6,73.1,7352,5552,231
KPITTECH,11-DEC-2020,108.05,111.0,107.6,108.3,375057,190628,4421
KPRMILL,11-DEC-2020,845.0,878.0,844.9,867.75,88870,49598,6119
KRBL,11-DEC-2020,257.0,261.35,250.5,251.2,678351,406708,12193
KREBSBIO,11-DEC-2020,113.0,117.0,103.8,106.25,31736,23381,804
KRIDHANINF,11-DEC-2020,4.2,4.2,4.1,4.2,154033,149857,140
KSB,11-DEC-2020,608.9,624.4,595.9,613.4,42591,24348,3464
KSCL,11-DEC-2020,530.0,537.75,518.75,527.35,948172,407923,16896
KSL,11-DEC-2020,243.05,250.75,243.05,247.55,108092,56431,3069
KTKBANK,11-DEC-2020,59.0,59.75,57.15,57.7,4115771,1322011,10338
KUANTUM,11-DEC-2020,56.75,57.0,53.1,53.6,28796,19993,321
KWALITY,11-DEC-2020,3.25,3.4,3.15,3.35,979966,749265,748
L&TFH,11-DEC-2020,90.75,91.9,89.1,90.2,11451826,2346271,37060
LALPATHLAB,11-DEC-2020,2165.05,2198.5,2165.05,2186.85,51821,17612,6258
LAMBODHARA,11-DEC-2020,45.0,49.7,44.0,49.7,756798,280771,5194
LAOPALA,11-DEC-2020,227.45,232.0,221.5,224.85,108615,44699,3450
LASA,11-DEC-2020,83.65,83.95,79.1,80.9,109581,74775,1605
LAURUSLABS,11-DEC-2020,333.0,333.0,324.0,328.95,1646067,984170,25240
LAXMIMACH,11-DEC-2020,4493.45,4525.0,4310.0,4347.9,6495,3388,1803
LEMONTREE,11-DEC-2020,43.65,45.45,43.0,44.4,1472372,997874,8305
LFIC,11-DEC-2020,63.25,68.2,63.25,65.25,500,200,12
LGBBROSLTD,11-DEC-2020,283.0,285.05,275.0,276.15,52819,29861,1688
LGBFORGE,11-DEC-2020,4.15,4.15,3.9,4.05,186410,155427,282
LIBAS,11-DEC-2020,32.45,34.5,31.5,32.95,190104,97683,862
LIBERTSHOE,11-DEC-2020,149.8,159.0,149.25,155.3,1023205,228785,12168
LICHSGFIN,11-DEC-2020,348.0,358.35,347.65,353.3,6735618,2926155,66072
LICNETFGSC,11-DEC-2020,22.79,22.79,22.0,22.18,11679,10015,95
LICNETFN50,11-DEC-2020,135.36,136.9,134.06,134.76,839,567,82
LICNETFSEN,11-DEC-2020,509.0,529.9,487.91,500.0,1330,978,198
LICNFNHGP,11-DEC-2020,134.7,136.49,132.75,135.0,1632,1151,98
LIKHITHA,11-DEC-2020,165.0,167.0,159.9,161.0,154338,64890,2278
LINCOLN,11-DEC-2020,245.0,246.95,238.1,241.3,205023,93286,5520
LINCPEN,11-DEC-2020,182.15,185.0,181.25,184.8,4105,2601,210
LINDEINDIA,11-DEC-2020,908.3,922.0,898.95,908.65,52396,30507,2538
LIQUIDBEES,11-DEC-2020,1000.93,1002.4,999.13,1000.0,709212,539437,3812
LIQUIDETF,11-DEC-2020,1000.04,1000.04,999.99,1000.0,24357,19478,91
LOKESHMACH,11-DEC-2020,30.9,31.95,30.9,31.45,55560,34507,337
LOTUSEYE,11-DEC-2020,32.5,33.0,31.6,31.8,21018,17294,122
LOVABLE,11-DEC-2020,101.9,103.5,98.0,98.7,114469,58134,2292
LPDC,11-DEC-2020,1.75,1.75,1.75,1.75,19523,19323,27
LSIL,11-DEC-2020,1.1,1.1,1.0,1.0,6335240,3763918,1266
LT,11-DEC-2020,1188.0,1216.8,1182.0,1194.3,6689415,2395985,133198
LTI,11-DEC-2020,3278.75,3295.0,3241.9,3268.65,215585,130027,16650
LTTS,11-DEC-2020,1848.0,1854.0,1826.55,1846.2,114528,52538,6818
LUMAXIND,11-DEC-2020,1400.0,1418.9,1370.0,1377.2,5026,2596,828
LUMAXTECH,11-DEC-2020,122.05,124.25,117.0,117.85,163230,79767,3576
LUPIN,11-DEC-2020,945.0,950.0,928.55,939.4,1775654,437197,34027
LUXIND,11-DEC-2020,1555.15,1574.25,1541.3,1550.65,32179,6419,1698
LYKALABS,11-DEC-2020,22.55,23.0,21.0,21.4,44927,28978,336
LYPSAGEMS,11-DEC-2020,4.8,5.55,4.8,5.2,145461,120874,458
M&M,11-DEC-2020,738.9,746.7,722.1,727.55,4197494,1770322,88609
M&MFIN,11-DEC-2020,170.2,174.5,170.2,173.05,16596136,8239148,148218
M100,11-DEC-2020,21.99,21.99,21.45,21.51,54546,40014,462
M50,11-DEC-2020,133.08,133.86,131.32,132.18,624,366,31
MAANALU,11-DEC-2020,84.65,86.45,82.6,83.5,10389,6619,274
MACPOWER,11-DEC-2020,105.4,105.4,95.0,97.3,87802,49870,1060
MADHAV,11-DEC-2020,31.55,33.5,31.35,32.2,36212,19302,181
MADHUCON,11-DEC-2020,4.8,4.8,4.8,4.8,16441,16441,51
MADRASFERT,11-DEC-2020,20.25,20.4,18.85,19.6,337076,173638,1464
MAESGETF,11-DEC-2020,23.1,23.24,23.0,23.11,5078,4813,47
MAGADSUGAR,11-DEC-2020,118.9,122.0,117.2,117.9,57696,36423,728
MAGMA,11-DEC-2020,44.5,45.75,41.2,41.5,1736096,1283039,10103
MAGNUM,11-DEC-2020,4.9,5.15,4.55,4.8,21038,18859,79
MAHABANK,11-DEC-2020,14.8,15.2,14.3,14.45,3989531,1912031,5490
MAHASTEEL,11-DEC-2020,103.55,104.4,99.1,100.4,27281,13371,677
MAHEPC,11-DEC-2020,157.8,157.8,152.7,154.1,134191,67619,2733
MAHINDCIE,11-DEC-2020,155.0,156.0,152.55,154.4,51349,32266,1398
MAHLIFE,11-DEC-2020,336.0,340.15,330.5,337.9,34535,17846,1778
MAHLOG,11-DEC-2020,405.0,427.95,402.1,406.1,367987,118807,14480
MAHSCOOTER,11-DEC-2020,3658.0,3705.0,3601.2,3627.8,8456,4993,1770
MAHSEAMLES,11-DEC-2020,296.45,318.0,296.45,310.25,222240,49447,5417
MAITHANALL,11-DEC-2020,543.0,568.0,543.0,561.2,51646,24282,2412
MAJESCO,11-DEC-2020,981.5,995.0,981.5,989.85,534166,386155,4724
MALUPAPER,11-DEC-2020,34.0,34.0,32.5,32.7,107066,43701,991
MAN50ETF,11-DEC-2020,137.86,138.58,137.49,138.09,155455,155104,102
MANAKALUCO,11-DEC-2020,9.2,9.25,8.35,9.1,38022,30232,377
MANAKCOAT,11-DEC-2020,6.15,6.3,5.85,6.3,17567,11253,96
MANAKSIA,11-DEC-2020,55.5,64.0,55.35,60.45,2330598,714231,14269
MANAKSTEEL,11-DEC-2020,18.7,18.7,18.7,18.7,108458,105939,229
MANALIPETC,11-DEC-2020,33.6,34.9,33.6,34.25,928646,463564,2672
MANAPPURAM,11-DEC-2020,173.0,174.65,169.0,170.2,4562637,1262416,23962
MANGALAM,11-DEC-2020,144.0,144.9,140.0,141.2,40226,23377,1054
MANGCHEFER,11-DEC-2020,41.25,42.25,40.9,41.1,709600,430967,7430
MANGLMCEM,11-DEC-2020,221.3,229.8,221.3,222.6,56380,36292,1154
MANGTIMBER,11-DEC-2020,10.0,10.0,9.5,9.5,5212,4750,35
MANINDS,11-DEC-2020,80.0,84.9,80.0,80.5,405202,154666,3875
MANINFRA,11-DEC-2020,33.5,33.8,32.0,32.65,469395,254802,2156
MANUGRAPH,11-DEC-2020,12.9,12.9,11.85,12.25,5024,2537,119
MANXT50,11-DEC-2020,317.98,318.15,314.45,317.16,4321,3079,52
MARALOVER,11-DEC-2020,22.15,22.5,21.15,22.25,18093,16088,130
MARATHON,11-DEC-2020,84.05,93.4,84.05,91.45,62457,43310,1383
MARICO,11-DEC-2020,407.5,416.25,406.2,414.95,5433657,1362519,70123
MARINE,11-DEC-2020,212.05,215.0,202.95,210.95,52137,15836,606
MARKSANS,11-DEC-2020,62.0,62.3,59.8,60.4,1063706,536134,5349
MARUTI,11-DEC-2020,7779.95,7795.7,7700.0,7733.55,706875,183137,50626
MASFIN,11-DEC-2020,1010.75,1024.8,1000.0,1003.4,13928,7160,1357
MASTEK,11-DEC-2020,1083.25,1100.0,1051.0,1063.25,70427,27035,4723
MATRIMONY,11-DEC-2020,858.9,883.7,820.0,827.9,36115,16692,2537
MAWANASUG,11-DEC-2020,41.0,41.9,39.95,40.6,302643,126981,1944
MAXHEALTH,11-DEC-2020,142.0,149.0,140.0,140.75,337233,166934,5940
MAXIND,11-DEC-2020,61.2,61.55,60.0,60.2,109374,84668,1139
MAXVIL,11-DEC-2020,43.5,43.95,42.15,42.6,39687,26579,385
MAYURUNIQ,11-DEC-2020,285.05,289.9,280.8,282.45,41546,26942,1570
MAZDA,11-DEC-2020,549.2,568.4,544.65,546.9,4242,2089,395
MAZDOCK,11-DEC-2020,192.5,194.6,188.0,188.75,1610208,579305,12206
MBLINFRA,11-DEC-2020,12.15,12.65,11.8,12.65,426866,356204,748
MCDHOLDING,11-DEC-2020,34.0,35.95,33.0,33.5,404528,203500,2504
MCDOWELL-N,11-DEC-2020,597.9,602.75,586.1,593.4,1838624,423971,44572
MCL,11-DEC-2020,75.85,80.0,75.8,79.3,9380,8623,95
MCLEODRUSS,11-DEC-2020,24.1,24.65,23.25,24.15,308294,208848,1186
MCX,11-DEC-2020,1689.2,1700.0,1655.0,1668.0,221117,74838,14905
MEGASOFT,11-DEC-2020,10.0,10.4,9.85,9.9,74420,59077,230
MEGH,11-DEC-2020,79.6,82.7,79.6,81.5,851030,321013,7789
MEP,11-DEC-2020,19.5,19.5,17.7,17.85,389015,249535,1252
MERCATOR,11-DEC-2020,1.0,1.0,1.0,1.0,597318,597318,103
METALFORGE,11-DEC-2020,6.0,6.1,5.7,5.7,36783,33610,159
METROPOLIS,11-DEC-2020,1978.0,1999.0,1955.5,1990.4,61498,32638,7946
MFSL,11-DEC-2020,638.5,642.8,621.5,634.1,1699797,782913,40448
MGL,11-DEC-2020,1042.0,1064.5,1039.35,1059.2,817204,345686,28381
MHRIL,11-DEC-2020,209.8,217.5,209.25,210.5,105735,63664,2853
MIDHANI,11-DEC-2020,199.3,205.3,198.0,199.6,461859,142205,6981
MINDACORP,11-DEC-2020,87.7,91.45,86.5,88.0,2070443,939020,9603
MINDAIND,11-DEC-2020,390.0,394.0,383.8,386.4,46282,21424,1917
MINDTECK,11-DEC-2020,35.3,36.65,35.25,35.4,6702,4729,183
MINDTREE,11-DEC-2020,1444.0,1451.8,1422.05,1436.75,371319,68077,11774
MIRCELECTR,11-DEC-2020,9.45,10.15,9.2,9.7,2803794,2010953,3202
MIRZAINT,11-DEC-2020,56.65,61.25,56.45,58.7,2716421,710181,13654
MITTAL,11-DEC-2020,13.3,13.35,12.9,13.25,89276,73083,276
MMFL,11-DEC-2020,426.95,465.55,420.7,457.0,40161,20650,1797
MMP,11-DEC-2020,82.05,86.8,81.1,83.1,14863,11143,245
MMTC,11-DEC-2020,21.8,23.2,21.4,22.05,9382019,2823033,20161
MOHOTAIND,11-DEC-2020,10.05,10.2,9.75,9.95,24112,23174,104
MOIL,11-DEC-2020,142.5,144.8,141.2,141.8,312609,118537,4818
MOLDTKPAC,11-DEC-2020,288.55,292.95,288.1,290.1,22200,14113,1054
MONTECARLO,11-DEC-2020,234.9,237.5,233.05,234.3,22376,13557,876
MORARJEE,11-DEC-2020,14.3,15.3,13.55,14.4,23471,15264,189
MOREPENLAB,11-DEC-2020,31.5,32.5,30.75,30.9,2784337,1264972,6872
MOTHERSUMI,11-DEC-2020,156.05,156.8,152.0,154.3,6979140,2213947,34973
MOTILALOFS,11-DEC-2020,653.0,662.65,647.5,653.85,156385,103778,6502
MPHASIS,11-DEC-2020,1316.0,1332.25,1309.4,1316.05,184457,93889,13953
MPSLTD,11-DEC-2020,379.8,415.0,370.9,372.75,23258,11059,1473
MRF,11-DEC-2020,77990.0,78396.7,77300.0,77878.35,20832,4921,9803
MRO-TEK,11-DEC-2020,27.45,27.5,26.5,27.5,17731,17200,61
MRPL,11-DEC-2020,34.35,35.9,34.35,34.8,4119543,1591172,13430
MSPL,11-DEC-2020,7.8,8.4,7.7,8.0,70428,67641,79
MSTCLTD,11-DEC-2020,157.9,161.35,156.55,157.5,183722,113448,2330
MTEDUCARE,11-DEC-2020,11.5,11.65,11.2,11.25,140344,110156,479
MTNL,11-DEC-2020,11.0,11.55,10.65,10.9,5424642,2155160,15359
MUKANDENGG,11-DEC-2020,14.1,14.15,13.5,13.95,13407,11598,69
MUKANDLTD,11-DEC-2020,62.9,62.9,58.05,60.6,38796,27094,453
MUKTAARTS,11-DEC-2020,35.85,36.9,34.7,35.4,11942,9675,213
MUNJALAU,11-DEC-2020,58.4,61.8,57.4,60.25,530035,268835,3388
MUNJALSHOW,11-DEC-2020,140.0,151.5,140.0,144.4,178166,35195,3197
MURUDCERA,11-DEC-2020,19.5,19.7,18.95,19.2,121938,75233,540
MUTHOOTCAP,11-DEC-2020,428.6,434.0,417.05,420.65,21457,11087,1237
MUTHOOTFIN,11-DEC-2020,1191.1,1199.7,1169.0,1173.0,1653068,728560,58468
N100,11-DEC-2020,898.95,904.0,892.11,896.99,160114,146929,1134
NACLIND,11-DEC-2020,42.65,42.7,40.5,40.95,54606,41983,551
NAGREEKCAP,11-DEC-2020,5.0,5.0,5.0,5.0,350,350,1
NAGREEKEXP,11-DEC-2020,18.0,19.1,17.95,18.2,21260,18434,205
NAHARCAP,11-DEC-2020,79.75,79.75,76.2,78.45,7855,5786,192
NAHARINDUS,11-DEC-2020,34.25,38.0,34.25,37.1,34030,23912,325
NAHARPOLY,11-DEC-2020,86.05,88.0,85.5,86.25,31077,19807,610
NAHARSPING,11-DEC-2020,55.7,62.3,55.5,59.4,117087,57752,977
NAM-INDIA,11-DEC-2020,308.95,310.95,301.4,305.95,1226567,733314,32833
NATCOPHARM,11-DEC-2020,970.0,979.0,947.0,953.1,360554,197984,15211
NATHBIOGEN,11-DEC-2020,296.0,299.9,290.25,292.65,173339,96810,1747
NATIONALUM,11-DEC-2020,42.1,43.85,42.0,42.7,37535018,8314421,61810
NAUKRI,11-DEC-2020,4595.0,4739.9,4475.1,4521.35,847430,247708,66296
NAVINFLUOR,11-DEC-2020,2575.05,2589.0,2510.5,2536.9,82916,53897,11885
NAVKARCORP,11-DEC-2020,42.8,42.95,39.2,40.8,8766127,2416167,34935
NAVNETEDUL,11-DEC-2020,89.6,91.95,86.5,87.3,219005,96290,3573
NBCC,11-DEC-2020,28.15,30.2,28.15,29.65,30810203,9191872,42929
NBIFIN,11-DEC-2020,1650.45,1708.9,1650.45,1680.15,654,511,164
NBVENTURES,11-DEC-2020,55.0,56.15,54.0,54.2,801113,516866,3926
NCC,11-DEC-2020,55.0,57.5,55.0,57.0,11849580,3430557,41247
NCLIND,11-DEC-2020,143.1,147.05,142.15,143.15,274280,114296,3826
NCPSESDL24,11-DEC-2020,103.04,103.04,103.0,103.0,13627,13627,10
NDGL,11-DEC-2020,713.95,713.95,661.05,668.4,969,323,96
NDL,11-DEC-2020,23.85,25.0,23.55,24.3,42126,32769,346
NDRAUTO,11-DEC-2020,203.7,213.9,199.0,201.9,36387,24166,1089
NDTV,11-DEC-2020,40.3,40.3,37.1,38.45,29830,15599,240
NECCLTD,11-DEC-2020,10.0,10.55,9.55,10.55,192592,110732,516
NECLIFE,11-DEC-2020,20.7,20.8,20.0,20.2,448239,213039,1247
NELCAST,11-DEC-2020,60.7,61.65,60.05,60.35,97652,47869,1051
NELCO,11-DEC-2020,214.45,215.95,207.1,208.75,209482,86494,4824
NEOGEN,11-DEC-2020,796.0,804.95,755.2,762.05,61099,27165,4839
NESCO,11-DEC-2020,545.8,563.7,542.5,545.45,116201,43627,5040
NESTLEIND,11-DEC-2020,18300.0,18460.0,18200.0,18401.1,162941,45093,31963
NETF,11-DEC-2020,163.85,166.02,158.94,161.43,509,345,57
NETFCONSUM,11-DEC-2020,59.6,64.0,59.6,63.48,6386,5431,96
NETFDIVOPP,11-DEC-2020,32.49,34.48,32.0,34.2,2471,2105,59
NETFIT,11-DEC-2020,23.13,23.15,22.75,22.81,244207,185172,1132
NETFLTGILT,11-DEC-2020,22.39,22.4,22.31,22.33,61956,48843,196
NETFMID150,11-DEC-2020,77.99,78.19,77.23,77.55,83554,48286,554
NETFNIF100,11-DEC-2020,137.3,143.9,135.0,136.76,647,529,59
NETFNV20,11-DEC-2020,70.46,72.2,69.45,70.2,4845,4513,65
NETWORK18,11-DEC-2020,35.7,37.85,35.7,36.3,1565129,744471,4370
NEULANDLAB,11-DEC-2020,1107.9,1125.0,1083.45,1090.3,44519,16205,3390
NEWGEN,11-DEC-2020,270.65,273.75,265.0,266.2,40985,21932,2127
NEXTMEDIA,11-DEC-2020,5.5,5.95,5.5,5.95,12579,11945,75
NFL,11-DEC-2020,37.5,38.1,36.9,37.2,963702,428377,3184
NH,11-DEC-2020,388.0,393.7,381.75,386.1,124907,83442,3841
NHPC,11-DEC-2020,21.95,22.85,21.95,22.15,13049364,5273112,16797
NIACL,11-DEC-2020,130.05,134.35,128.0,131.95,1500624,695063,20460
NIFTYBEES,11-DEC-2020,148.0,148.0,142.8,143.93,1557017,493941,8444
NIFTYEES,11-DEC-2020,16509.15,17601.66,15648.0,16603.55,12,4,12
NIITLTD,11-DEC-2020,182.95,184.9,180.0,181.85,795498,295434,9937
NILAINFRA,11-DEC-2020,5.5,5.65,5.2,5.45,388411,234261,490
NILASPACES,11-DEC-2020,1.8,1.9,1.6,1.7,3070177,1883028,1432
NILKAMAL,11-DEC-2020,1400.0,1446.0,1400.0,1431.75,13624,7499,1983
NIPPOBATRY,11-DEC-2020,650.45,659.9,642.0,643.55,807,436,245
NITCO,11-DEC-2020,24.15,26.0,24.15,24.9,156280,104313,994
NKIND,11-DEC-2020,19.8,19.8,18.0,18.1,7822,5596,38
NLCINDIA,11-DEC-2020,54.15,57.0,54.15,56.55,2788338,1230174,10667
NMDC,11-DEC-2020,108.25,113.75,108.1,110.85,16465085,3812562,55363
NOCIL,11-DEC-2020,142.1,143.65,140.2,140.7,536906,250251,5026
NORBTEAEXP,11-DEC-2020,8.75,8.8,8.5,8.8,4615,4312,51
NOVARTIND,11-DEC-2020,652.35,708.95,652.35,693.35,165890,66083,8186
NPBET,11-DEC-2020,158.23,163.0,157.08,159.92,426,376,20
NRAIL,11-DEC-2020,208.5,216.65,208.5,211.5,23883,11562,814
NRBBEARING,11-DEC-2020,83.45,90.9,83.45,89.15,1625479,860172,11247
NSIL,11-DEC-2020,868.05,878.0,858.95,866.5,1821,1513,252
NTL,11-DEC-2020,1.0,1.1,1.0,1.05,66900,60900,61
NTPC,11-DEC-2020,97.9,102.9,97.65,102.4,63463638,19288272,137210
NUCLEUS,11-DEC-2020,558.35,579.0,552.1,578.8,131633,77388,6089
NXTDIGITAL,11-DEC-2020,580.4,597.05,577.85,580.35,20417,4453,606
OAL,11-DEC-2020,550.0,565.0,543.0,546.0,12707,7819,869
OBEROIRLTY,11-DEC-2020,526.0,541.5,515.1,519.65,728610,405990,11662
OCCL,11-DEC-2020,854.0,869.35,852.45,858.2,6734,3841,719
OFSS,11-DEC-2020,3154.95,3154.95,3111.05,3131.9,35009,23373,5213
OIL,11-DEC-2020,107.0,115.7,106.1,109.65,8526885,1502455,45710
OLECTRA,11-DEC-2020,95.0,103.05,94.25,101.0,845791,448776,8976
OMAXAUTO,11-DEC-2020,43.5,47.4,43.1,46.9,140083,81460,1482
OMAXE,11-DEC-2020,85.0,85.4,80.95,82.85,99986,55651,1795
OMMETALS,11-DEC-2020,20.5,21.1,20.25,20.65,56687,43417,223
ONELIFECAP,11-DEC-2020,7.6,8.4,7.6,7.95,8840,3736,36
ONGC,11-DEC-2020,92.6,104.4,92.6,96.8,146821189,22009296,364976
ONMOBILE,11-DEC-2020,58.0,59.95,57.6,59.7,952817,542755,3666
ONWARDTEC,11-DEC-2020,66.35,72.5,65.7,68.7,203678,115950,2270
ORBTEXP,11-DEC-2020,69.65,71.6,68.1,71.0,78267,34105,988
ORICONENT,11-DEC-2020,22.5,22.5,21.4,21.95,170335,119163,536
ORIENTABRA,11-DEC-2020,22.95,22.95,21.9,21.95,68177,45631,462
ORIENTALTL,11-DEC-2020,11.45,11.45,11.05,11.35,91384,67255,263
ORIENTBELL,11-DEC-2020,146.0,154.55,146.0,151.95,73140,56001,1425
ORIENTCEM,11-DEC-2020,77.95,80.55,77.6,78.5,427559,239868,3502
ORIENTELEC,11-DEC-2020,220.2,222.95,218.8,220.85,209656,119795,4745
ORIENTHOT,11-DEC-2020,26.25,26.9,25.75,26.3,87285,53196,430
ORIENTLTD,11-DEC-2020,87.35,87.4,78.8,84.5,301,210,10
ORIENTPPR,11-DEC-2020,20.2,20.9,20.2,20.45,723258,368013,1874
ORIENTREF,11-DEC-2020,217.3,222.0,213.7,220.1,134803,94135,3821
ORISSAMINE,11-DEC-2020,2449.0,2689.0,2449.0,2516.75,16156,7071,3722
ORTINLABSS,11-DEC-2020,27.0,27.9,24.6,25.25,77261,56303,476
OSWALAGRO,11-DEC-2020,11.1,11.1,10.6,10.95,53839,33930,308
PAEL,11-DEC-2020,2.05,2.1,2.05,2.1,146,146,3
PAGEIND,11-DEC-2020,24451.0,24598.0,23412.0,23557.9,63018,21908,15111
PAISALO,11-DEC-2020,460.0,460.0,432.25,456.95,15644,8317,525
PALASHSECU,11-DEC-2020,40.25,43.95,40.25,43.0,10066,7287,65
PANACEABIO,11-DEC-2020,246.0,253.0,241.3,245.45,2256735,717052,29189
PANACHE,11-DEC-2020,41.5,42.0,40.35,40.95,15433,2407,63
PANAMAPET,11-DEC-2020,88.15,101.4,88.15,98.35,1032948,350715,8648
PARACABLES,11-DEC-2020,7.6,7.8,7.15,7.65,177834,127110,358
PARAGMILK,11-DEC-2020,116.9,119.8,113.5,117.25,556469,241833,7672
PATELENG,11-DEC-2020,14.8,14.95,14.3,14.5,561403,342922,1549
PATINTLOG,11-DEC-2020,31.25,31.25,31.25,31.25,188494,174039,512
PATSPINLTD,11-DEC-2020,5.8,6.05,5.55,5.8,11696,9967,46
PCJEWELLER,11-DEC-2020,26.0,27.8,24.4,25.25,17709532,6873898,36907
PDMJEPAPER,11-DEC-2020,22.55,23.5,22.3,22.65,255284,123033,963
PDSMFL,11-DEC-2020,415.05,421.0,415.0,416.0,24312,24234,73
PEARLPOLY,11-DEC-2020,18.5,18.7,17.05,18.55,36686,27012,196
PEL,11-DEC-2020,1474.0,1474.0,1426.2,1433.85,953425,221591,37119
PENIND,11-DEC-2020,21.3,21.7,20.7,20.9,246703,145251,1032
PENINLAND,11-DEC-2020,6.25,6.3,6.0,6.25,243473,167091,618
PERSISTENT,11-DEC-2020,1236.3,1324.85,1236.0,1314.1,306212,182009,22127
PETRONET,11-DEC-2020,255.4,263.25,255.4,261.6,4131904,1558386,48668
PFC,11-DEC-2020,115.0,119.1,114.9,117.35,7682112,2365963,29013
PFIZER,11-DEC-2020,5231.15,5320.0,5227.0,5281.15,144394,32174,17096
PFOCUS,11-DEC-2020,43.8,45.0,43.0,43.5,84501,45310,825
PFS,11-DEC-2020,21.45,22.35,21.45,21.65,1603922,809426,3328
PGEL,11-DEC-2020,165.2,165.2,156.0,157.45,17748,12492,534
PGHH,11-DEC-2020,11198.0,11398.75,11155.8,11333.9,12437,7667,3148
PGHL,11-DEC-2020,6713.1,6775.0,6550.0,6621.1,6859,2688,2407
PGIL,11-DEC-2020,182.5,182.5,173.1,173.3,5945,4657,158
PHILIPCARB,11-DEC-2020,167.5,171.4,166.0,167.65,691074,288383,7323
PHOENIXLTD,11-DEC-2020,764.0,774.2,758.9,765.9,201355,147482,12004
PIDILITIND,11-DEC-2020,1658.4,1667.85,1630.1,1638.6,853053,222834,40833
PIIND,11-DEC-2020,2317.1,2373.85,2281.0,2305.0,338616,198356,26991
PILANIINVS,11-DEC-2020,2485.0,2485.0,2385.0,2414.75,15480,5319,811
PILITA,11-DEC-2020,9.35,9.75,9.05,9.6,282258,142214,261
PIONDIST,11-DEC-2020,115.25,116.95,113.6,114.65,7116,4431,190
PIONEEREMB,11-DEC-2020,28.7,28.7,27.55,28.35,45072,36904,171
PITTIENG,11-DEC-2020,51.0,51.0,48.5,48.9,197750,48629,2306
PLASTIBLEN,11-DEC-2020,250.1,254.0,240.0,249.75,23455,16943,774
PNB,11-DEC-2020,38.6,41.4,38.6,40.5,116536838,28739079,136808
PNBGILTS,11-DEC-2020,43.75,44.75,43.7,43.85,278991,157783,1650
PNBHOUSING,11-DEC-2020,375.45,382.0,371.5,378.05,151205,57236,3895
PNC,11-DEC-2020,17.4,17.75,16.45,16.9,14931,7280,171
PNCINFRA,11-DEC-2020,189.7,189.7,177.85,179.5,710352,260606,14674
PODDARHOUS,11-DEC-2020,178.75,189.0,178.75,180.05,6148,4893,233
PODDARMENT,11-DEC-2020,183.0,189.85,182.25,187.7,7422,4588,310
POKARNA,11-DEC-2020,183.0,188.65,179.2,180.9,146899,89634,3118
POLYCAB,11-DEC-2020,1039.0,1042.5,1031.4,1039.05,289067,169129,13766
POLYMED,11-DEC-2020,545.5,558.8,530.0,532.65,248405,99404,8782
POLYPLEX,11-DEC-2020,774.95,778.5,765.1,770.1,50021,31751,2133
PONNIERODE,11-DEC-2020,169.45,171.25,165.35,168.2,7387,4638,392
POWERGRID,11-DEC-2020,194.0,195.25,192.15,193.1,8367957,4258548,57617
POWERINDIA,11-DEC-2020,1256.0,1325.0,1233.4,1310.35,53738,31958,5516
POWERMECH,11-DEC-2020,428.45,433.7,419.0,421.4,52265,31578,1719
PPAP,11-DEC-2020,269.0,273.95,261.05,265.4,27859,15972,1487
PPL,11-DEC-2020,97.75,100.0,95.1,96.65,61135,37896,1336
PRABHAT,11-DEC-2020,68.55,69.9,68.55,69.45,17914,10666,272
PRADIP,11-DEC-2020,0.65,0.7,0.65,0.7,12689,12689,10
PRAENG,11-DEC-2020,9.0,10.6,8.75,10.55,285620,239063,650
PRAJIND,11-DEC-2020,109.2,117.0,108.95,112.95,6995567,2222636,37799
PRAKASH,11-DEC-2020,57.0,57.95,55.5,56.05,719133,379786,3264
PRAKASHSTL,11-DEC-2020,1.15,1.15,1.15,1.15,205655,205655,155
PRAXIS,11-DEC-2020,40.95,41.85,37.8,40.65,54004,34072,762
PRECAM,11-DEC-2020,46.2,46.85,44.5,44.7,203987,137993,1492
PRECWIRE,11-DEC-2020,162.4,162.5,156.5,157.8,15126,10425,571
PREMEXPLN,11-DEC-2020,135.2,138.0,132.5,133.95,9627,8225,262
PREMIER,11-DEC-2020,3.4,3.4,3.15,3.4,12694,12594,38
PREMIERPOL,11-DEC-2020,33.95,33.95,33.1,33.5,2801,1849,37
PRESSMN,11-DEC-2020,24.9,25.8,23.0,23.55,146736,95098,1072
PRESTIGE,11-DEC-2020,289.85,292.0,281.5,287.85,341893,150274,6592
PRICOLLTD,11-DEC-2020,48.85,48.9,47.1,47.4,148873,116366,1061
PRIMESECU,11-DEC-2020,49.4,50.3,46.35,47.05,37432,27115,453
PRINCEPIPE,11-DEC-2020,276.35,282.0,267.85,269.2,247565,136999,7195
PRIVISCL,11-DEC-2020,571.05,575.0,554.7,557.85,10746,8801,708
PROSEED,11-DEC-2020,0.45,0.45,0.45,0.45,192968,192801,207
PROZONINTU,11-DEC-2020,19.2,19.5,18.55,19.3,171378,124248,641
PRSMJOHNSN,11-DEC-2020,85.6,88.0,84.4,86.8,1325217,1156645,3498
PSB,11-DEC-2020,14.35,14.7,14.25,14.3,690315,444697,1153
PSPPROJECT,11-DEC-2020,405.0,409.8,398.0,400.0,31596,24542,2698
PSUBNKBEES,11-DEC-2020,20.35,21.1,19.9,20.02,831440,513075,1162
PTC,11-DEC-2020,60.0,63.75,59.55,61.55,3444143,1458855,18088
PTL,11-DEC-2020,43.7,44.35,43.2,43.85,48785,33610,364
PUNJABCHEM,11-DEC-2020,708.95,745.0,708.95,728.35,30521,24551,947
PURVA,11-DEC-2020,69.0,74.25,68.5,71.75,227058,99405,2218
PVR,11-DEC-2020,1486.9,1507.65,1455.05,1463.1,1399801,213052,38068
QGOLDHALF,11-DEC-2020,2133.0,2149.8,2123.0,2124.3,563,433,102
QNIFTY,11-DEC-2020,1399.0,1401.0,1391.0,1391.0,9,5,4
QUESS,11-DEC-2020,482.0,497.0,482.0,494.95,254029,161081,17400
QUICKHEAL,11-DEC-2020,157.85,160.85,156.0,157.1,131875,55913,2586
RADAAN,11-DEC-2020,1.0,1.05,0.95,1.0,192544,82592,89
RADICO,11-DEC-2020,459.8,466.0,454.0,455.25,195651,85182,4618
RAIN,11-DEC-2020,133.0,138.8,132.75,135.1,2223182,779279,16814
RAJESHEXPO,11-DEC-2020,477.4,483.0,472.0,476.7,86757,42036,6713
RAJRATAN,11-DEC-2020,412.05,423.75,410.0,416.85,7388,4274,475
RAJSREESUG,11-DEC-2020,16.9,16.9,15.6,15.9,39868,21216,338
RAJTV,11-DEC-2020,37.95,39.15,36.9,37.3,5476,3953,114
RALLIS,11-DEC-2020,287.05,289.35,285.0,285.45,224946,99943,5348
RAMANEWS,11-DEC-2020,14.35,14.8,14.25,14.45,56254,40982,218
RAMASTEEL,11-DEC-2020,50.0,50.0,47.35,48.9,11557,7378,180
RAMCOCEM,11-DEC-2020,839.55,847.65,825.3,845.2,787201,110546,13598
RAMCOIND,11-DEC-2020,220.95,224.65,219.55,221.8,61552,34914,2118
RAMCOSYS,11-DEC-2020,525.0,568.0,521.25,565.85,774746,251306,14795
RAMKY,11-DEC-2020,43.4,45.9,39.15,41.25,309164,203578,1938
RANASUG,11-DEC-2020,7.85,7.95,7.25,7.5,713816,444520,806
RANEENGINE,11-DEC-2020,219.6,227.45,216.05,221.45,7283,3683,562
RANEHOLDIN,11-DEC-2020,508.05,540.4,506.0,521.85,72714,30334,3203
RATNAMANI,11-DEC-2020,1601.75,1640.0,1587.35,1604.35,7449,4193,1124
RAYMOND,11-DEC-2020,330.1,336.5,325.1,330.0,680274,248048,11881
RBL,11-DEC-2020,696.85,720.0,696.85,715.85,20043,8568,1653
RBLBANK,11-DEC-2020,236.0,242.5,233.6,235.55,15252464,1724400,78582
RCF,11-DEC-2020,53.5,54.6,53.0,53.65,2888358,1122746,9455
RCOM,11-DEC-2020,2.4,2.4,2.4,2.4,2297194,2297194,1319
RECLTD,11-DEC-2020,131.0,137.3,130.7,136.15,10047548,3007662,41439
REDINGTON,11-DEC-2020,133.8,136.5,128.05,129.6,815005,368547,18099
REFEX,11-DEC-2020,113.65,115.5,107.5,109.5,271845,161458,3887
RELAXO,11-DEC-2020,743.8,747.9,728.0,739.0,145238,65354,8126
RELCAPITAL,11-DEC-2020,12.5,12.5,12.5,12.5,817322,817322,941
RELIANCE,11-DEC-2020,2013.0,2038.0,1974.25,2005.8,12434745,3553151,265002
RELIGARE,11-DEC-2020,69.1,71.9,68.0,69.05,390201,281027,2592
RELINFRA,11-DEC-2020,26.85,28.75,26.4,28.75,5908642,3956915,12145
REMSONSIND,11-DEC-2020,97.15,104.45,95.7,97.35,1699,1356,91
RENUKA,11-DEC-2020,12.1,12.3,11.65,11.85,4113211,1901899,3446
REPCOHOME,11-DEC-2020,251.2,260.0,251.15,255.7,155327,86537,4137
REPRO,11-DEC-2020,375.95,390.0,375.95,384.25,8419,6570,444
RESPONIND,11-DEC-2020,183.55,187.5,183.0,184.9,201565,39225,1567
REVATHI,11-DEC-2020,443.0,460.0,440.5,445.75,1513,915,159
RGL,11-DEC-2020,278.95,279.45,272.0,274.45,6896,5099,223
RHFL,11-DEC-2020,2.55,2.75,2.55,2.75,5794426,3409386,1879
RICOAUTO,11-DEC-2020,35.7,36.7,35.15,35.65,675462,380943,2714
RIIL,11-DEC-2020,412.05,417.7,396.65,404.95,264600,70926,6283
RITES,11-DEC-2020,264.8,269.2,263.6,265.15,271276,142290,3726
RKDL,11-DEC-2020,7.35,8.4,7.25,8.15,94525,62690,377
RKFORGE,11-DEC-2020,478.95,509.9,469.0,485.3,92613,22608,2664
RMCL,11-DEC-2020,3.75,3.75,3.75,3.75,12060,12060,31
RML,11-DEC-2020,230.4,240.0,230.35,233.5,23439,13084,943
RNAVAL,11-DEC-2020,3.4,3.55,3.4,3.55,4759891,3112283,2281
ROHLTD,11-DEC-2020,73.35,75.25,72.35,74.0,40456,25856,494
ROLLT,11-DEC-2020,3.05,3.05,3.05,3.05,25925,25925,20
ROLTA,11-DEC-2020,5.6,5.75,5.6,5.75,732393,539799,8933
ROML,11-DEC-2020,25.85,25.85,25.85,25.85,1459,1459,7
ROSSARI,11-DEC-2020,824.0,831.3,805.05,815.3,136544,59487,10729
ROSSELLIND,11-DEC-2020,130.05,136.4,130.05,131.15,26785,16932,599
ROUTE,11-DEC-2020,1136.0,1163.6,1121.1,1126.25,242217,79443,14976
RPGLIFE,11-DEC-2020,371.05,381.8,368.1,375.7,33432,18631,1597
RPPINFRA,11-DEC-2020,52.1,54.0,52.0,52.35,297040,170642,551
RSSOFTWARE,11-DEC-2020,25.0,25.35,23.1,23.7,107180,70365,570
RSWM,11-DEC-2020,119.45,124.9,116.65,120.95,75257,50874,1219
RSYSTEMS,11-DEC-2020,118.0,119.6,115.0,116.6,42880,34110,615
RTNINFRA,11-DEC-2020,6.4,6.55,6.3,6.3,901429,566887,792
RTNPOWER,11-DEC-2020,2.05,2.35,2.0,2.05,86433766,40992859,10415
RUBYMILLS,11-DEC-2020,185.55,191.95,170.1,185.15,9517,5883,409
RUCHIRA,11-DEC-2020,66.65,67.85,64.6,65.75,91151,55384,1133
RUPA,11-DEC-2020,233.4,236.9,229.0,229.45,24710,10680,1011
RUSHIL,11-DEC-2020,142.5,145.9,140.1,141.15,25774,13728,514
RVNL,11-DEC-2020,22.0,23.6,21.95,23.4,14279268,5225256,21949
SABTN,11-DEC-2020,1.95,1.95,1.95,1.95,2077,2077,4
SADBHAV,11-DEC-2020,61.95,66.85,61.6,64.0,943240,503256,6249
SADBHIN,11-DEC-2020,20.9,22.2,20.9,21.5,586536,336432,2368
SAFARI,11-DEC-2020,556.0,569.0,546.05,564.0,10092,3455,1230
SAGCEM,11-DEC-2020,720.4,745.55,715.0,718.75,29685,12457,1859
SAIL,11-DEC-2020,55.7,59.7,55.7,57.75,83591037,12633678,93844
SAKAR,11-DEC-2020,98.95,101.0,94.55,96.0,74001,50895,816
SAKHTISUG,11-DEC-2020,10.15,10.9,10.1,10.25,183800,112551,603
SAKSOFT,11-DEC-2020,327.0,333.0,320.5,325.75,16645,9864,844
SAKUMA,11-DEC-2020,6.0,6.0,5.75,5.8,468337,325053,552
SALASAR,11-DEC-2020,217.9,222.0,213.05,221.0,75327,32939,725
SALONA,11-DEC-2020,64.25,67.75,64.25,66.05,1743,1434,46
SALSTEEL,11-DEC-2020,3.6,3.75,3.6,3.7,34426,33419,99
SALZERELEC,11-DEC-2020,131.6,132.75,126.8,129.7,35344,19604,1139
SAMBHAAV,11-DEC-2020,2.4,2.4,2.2,2.35,205251,177802,180
SANCO,11-DEC-2020,14.0,14.0,13.65,13.9,25215,22056,78
SANDESH,11-DEC-2020,584.05,585.0,573.0,579.05,673,495,112
SANDHAR,11-DEC-2020,240.25,253.0,238.1,238.9,29252,9790,1477
SANGAMIND,11-DEC-2020,60.25,62.45,60.25,61.95,16655,13079,199
SANGHIIND,11-DEC-2020,32.35,33.5,31.5,32.9,2151279,1270820,4887
SANGHVIMOV,11-DEC-2020,109.0,109.0,103.8,105.5,14387,9668,252
SANGINITA,11-DEC-2020,29.4,29.6,28.55,29.6,161678,142156,612
SANOFI,11-DEC-2020,8000.0,8049.55,7870.0,7924.4,32486,16711,7158
SARDAEN,11-DEC-2020,320.0,333.95,319.1,320.6,59541,28439,2041
SAREGAMA,11-DEC-2020,771.15,771.15,743.5,747.45,14851,9938,1012
SARLAPOLY,11-DEC-2020,20.9,22.0,20.55,21.45,315332,215131,1007
SASKEN,11-DEC-2020,703.65,749.9,703.65,744.35,168150,72706,6324
SASTASUNDR,11-DEC-2020,130.15,132.2,127.0,127.5,19032,12560,387
SATIA,11-DEC-2020,96.6,96.6,93.25,94.85,102777,39979,1171
SATIN,11-DEC-2020,78.0,80.6,77.75,79.3,305677,158522,2386
SBICARD,11-DEC-2020,834.5,844.9,818.3,823.2,857936,388257,36370
SBIETFIT,11-DEC-2020,228.4,230.99,226.9,228.0,804,564,52
SBIETFPB,11-DEC-2020,170.49,170.49,167.02,168.26,713,562,30
SBIETFQLTY,11-DEC-2020,122.0,122.0,119.1,120.79,977,697,60
SBILIFE,11-DEC-2020,860.9,862.8,845.4,849.7,1939950,908076,81345
SBIN,11-DEC-2020,270.05,276.25,270.05,272.45,50255223,16618912,219426
SCAPDVR,11-DEC-2020,1.35,1.35,1.3,1.3,45877,36278,64
SCHAEFFLER,11-DEC-2020,4315.3,4395.25,4230.3,4343.85,21836,12955,2921
SCHAND,11-DEC-2020,73.1,80.35,69.5,70.05,1572539,695777,10110
SCHNEIDER,11-DEC-2020,87.8,88.65,84.6,85.9,306355,197893,2749
SCI,11-DEC-2020,89.5,89.5,83.45,84.0,13355608,4701768,59874
SDBL,11-DEC-2020,30.7,33.0,30.2,31.9,282510,173363,1322
SEAMECLTD,11-DEC-2020,480.0,490.0,473.65,485.3,130812,18240,2361
SELAN,11-DEC-2020,131.0,150.5,131.0,141.0,988811,234999,11316
SEPOWER,11-DEC-2020,3.0,3.0,2.8,2.9,95044,87186,150
SEQUENT,11-DEC-2020,174.6,174.6,169.7,170.7,823620,509704,20392
SESHAPAPER,11-DEC-2020,151.3,154.7,149.1,149.95,46274,26178,1181
SETCO,11-DEC-2020,12.05,12.75,11.85,12.0,127273,98938,438
SETF10GILT,11-DEC-2020,203.0,204.99,202.27,204.0,1873,1862,18
SETFGOLD,11-DEC-2020,4399.5,4401.05,4372.55,4386.65,6475,3956,1196
SETFNIF50,11-DEC-2020,139.92,140.45,138.8,139.79,140600,119389,869
SETFNIFBK,11-DEC-2020,303.94,306.64,301.46,304.55,67395,49799,906
SETFNN50,11-DEC-2020,327.02,331.38,326.1,328.71,4594,3978,201
SETUINFRA,11-DEC-2020,1.25,1.25,1.25,1.25,285533,280533,140
SEYAIND,11-DEC-2020,69.5,69.6,66.5,68.3,21330,10911,822
SFL,11-DEC-2020,1700.0,1720.05,1700.0,1700.7,6703,3587,681
SGL,11-DEC-2020,8.2,8.25,7.7,7.9,21946,15877,130
SHAHALLOYS,11-DEC-2020,9.5,9.6,9.25,9.55,2650,2646,42
SHALBY,11-DEC-2020,105.9,108.5,105.6,106.55,360713,91535,4297
SHALPAINTS,11-DEC-2020,73.45,86.0,72.3,83.4,3709313,757048,25907
SHANKARA,11-DEC-2020,349.95,356.15,345.45,347.55,55446,16075,2542
SHANTIGEAR,11-DEC-2020,122.7,127.75,122.65,125.0,189337,149910,1438
SHARDACROP,11-DEC-2020,284.0,284.65,276.65,277.6,17300,11003,1299
SHARDAMOTR,11-DEC-2020,1690.0,1790.0,1659.35,1769.45,13163,9401,1765
SHAREINDIA,11-DEC-2020,129.85,130.0,115.6,125.9,18352,1314,198
SHARIABEES,11-DEC-2020,340.0,340.0,326.4,337.0,774,596,43
SHEMAROO,11-DEC-2020,78.0,86.85,76.05,79.15,621063,235426,6277
SHIL,11-DEC-2020,146.7,151.5,142.0,142.8,231010,169755,3221
SHILPAMED,11-DEC-2020,482.85,489.4,472.45,475.1,1013213,295417,26492
SHIVAMAUTO,11-DEC-2020,20.6,21.0,20.5,20.65,74072,60570,441
SHIVAMILLS,11-DEC-2020,27.8,29.8,27.8,28.6,37103,26194,358
SHIVATEX,11-DEC-2020,87.9,92.75,87.6,91.35,6282,4887,127
SHK,11-DEC-2020,127.4,130.65,124.45,126.3,285769,131104,4205
SHOPERSTOP,11-DEC-2020,211.0,222.5,210.4,212.1,723337,193089,11318
SHRADHA,11-DEC-2020,61.5,64.5,61.5,62.15,2505,2505,9
SHREDIGCEM,11-DEC-2020,59.2,60.0,58.5,58.95,296360,176472,2282
SHREECEM,11-DEC-2020,23780.0,23958.0,23585.05,23805.0,54705,13974,13456
SHREEPUSHK,11-DEC-2020,117.9,118.9,115.25,115.9,86182,57865,1666
SHREERAMA,11-DEC-2020,8.75,8.75,7.85,8.05,114174,69826,232
SHRENIK,11-DEC-2020,5.9,5.9,5.05,5.1,4218610,3216618,3796
SHREYANIND,11-DEC-2020,88.5,88.5,84.5,85.55,24184,15755,547
SHREYAS,11-DEC-2020,69.85,71.45,66.55,68.9,65005,40760,511
SHRIRAMCIT,11-DEC-2020,1075.0,1089.95,1030.45,1045.75,110940,101658,2173
SHRIRAMEPC,11-DEC-2020,4.05,4.3,4.0,4.25,596296,469075,683
SHYAMCENT,11-DEC-2020,6.45,6.45,6.2,6.45,183601,164314,214
SHYAMTEL,11-DEC-2020,5.3,5.6,5.3,5.6,542,542,5
SICAGEN,11-DEC-2020,14.95,15.45,14.55,15.0,37261,29951,190
SICAL,11-DEC-2020,17.9,18.3,17.5,18.3,995127,709387,1542
SIEMENS,11-DEC-2020,1544.65,1547.7,1518.55,1535.75,398916,98269,26184
SIGIND,11-DEC-2020,22.75,26.1,22.7,25.1,120555,73754,740
SILINV,11-DEC-2020,167.2,206.0,167.15,205.75,113827,35097,3149
SIMBHALS,11-DEC-2020,8.4,8.4,7.8,7.85,49817,40387,443
SIMPLEXINF,11-DEC-2020,37.7,38.85,36.3,38.85,245564,194471,958
SINTERCOM,11-DEC-2020,78.7,78.7,76.0,76.0,4925,3424,39
SIRCA,11-DEC-2020,240.35,253.0,238.8,249.0,123438,66643,2807
SIS,11-DEC-2020,446.1,454.0,433.55,439.5,73515,28494,3663
SIYSIL,11-DEC-2020,180.7,181.6,173.6,175.15,105025,62154,1999
SJVN,11-DEC-2020,24.85,26.35,24.85,25.55,5554993,1649689,7993
SKFINDIA,11-DEC-2020,1659.9,1684.45,1655.35,1665.55,15105,8594,3806
SKIL,11-DEC-2020,2.45,2.45,2.45,2.45,199264,199264,73
SKIPPER,11-DEC-2020,59.45,61.35,59.45,59.8,59671,44297,484
SKMEGGPROD,11-DEC-2020,51.0,54.4,49.3,51.6,88123,26868,824
SMARTLINK,11-DEC-2020,89.5,94.9,86.95,94.0,183862,115866,1718
SMLISUZU,11-DEC-2020,482.0,490.0,474.15,478.65,25810,8117,1873
SMSLIFE,11-DEC-2020,627.6,639.0,627.6,633.2,3890,2332,380
SMSPHARMA,11-DEC-2020,97.7,98.65,96.95,97.55,151516,114787,1275
SNOWMAN,11-DEC-2020,64.75,70.0,63.5,64.9,18785155,7214263,69801
SOBHA,11-DEC-2020,319.45,326.0,318.15,320.45,182610,63476,3942
SOLARA,11-DEC-2020,1245.0,1284.7,1240.0,1257.85,50044,32530,4182
SOLARINDS,11-DEC-2020,1035.0,1047.5,1030.0,1034.5,9383,5234,1125
SOMANYCERA,11-DEC-2020,300.2,306.05,294.9,298.5,51802,28834,2201
SOMICONVEY,11-DEC-2020,26.6,28.5,23.4,24.65,28229,19731,179
SONATSOFTW,11-DEC-2020,352.3,360.9,352.3,354.95,1239793,921587,24506
SORILINFRA,11-DEC-2020,106.35,118.9,106.35,111.4,124122,55321,1990
SOTL,11-DEC-2020,729.55,741.2,725.4,732.65,15269,10721,912
SOUTHBANK,11-DEC-2020,10.1,10.15,9.65,9.8,21114425,13204718,15991
SOUTHWEST,11-DEC-2020,40.8,40.95,38.7,39.25,97764,89909,287
SPAL,11-DEC-2020,150.8,175.0,150.05,170.5,115384,78718,2281
SPANDANA,11-DEC-2020,733.0,754.05,720.0,729.65,36436,15094,3456
SPARC,11-DEC-2020,191.3,192.5,186.5,188.1,470203,213015,5059
SPECIALITY,11-DEC-2020,43.7,43.7,41.8,42.35,127129,66071,755
SPENCERS,11-DEC-2020,83.0,88.55,83.0,86.45,2147429,731009,16528
SPIC,11-DEC-2020,23.6,24.15,22.8,23.15,490633,235119,2075
SPICEJET,11-DEC-2020,103.5,108.0,100.6,106.15,29811868,8375462,119147
SPLIL,11-DEC-2020,33.45,34.3,32.4,33.75,62141,38910,539
SPMLINFRA,11-DEC-2020,13.15,13.2,13.0,13.2,255820,126366,399
SPTL,11-DEC-2020,3.45,3.5,3.35,3.35,3363187,2264607,1515
SREEL,11-DEC-2020,149.9,152.85,148.0,148.85,57083,48657,427
SREINFRA,11-DEC-2020,7.35,7.7,7.35,7.5,2500195,1178224,2523
SRF,11-DEC-2020,5330.6,5374.95,5239.9,5267.95,100993,26034,10102
SRHHYPOLTD,11-DEC-2020,236.4,244.0,236.1,238.3,11109,7700,390
SRIPIPES,11-DEC-2020,145.3,152.0,145.0,148.0,351063,197380,4147
SRPL,11-DEC-2020,31.5,31.65,30.0,30.95,3550,232,20
SRTRANSFIN,11-DEC-2020,1060.0,1075.1,1035.0,1043.25,3575835,529422,66505
SSWL,11-DEC-2020,519.4,525.0,512.0,514.6,26932,16254,1658
STAR,11-DEC-2020,810.0,821.55,775.1,784.6,886121,272499,25693
STARCEMENT,11-DEC-2020,95.6,96.8,93.1,93.75,167192,72553,2280
STARPAPER,11-DEC-2020,102.85,108.4,101.5,106.4,213807,119596,3210
STCINDIA,11-DEC-2020,80.3,82.45,78.3,78.95,81599,26320,1255
STEELCITY,11-DEC-2020,34.9,35.7,34.45,34.8,5686,2994,54
STEELXIND,11-DEC-2020,37.05,37.5,36.6,37.1,168536,110100,263
STEL,11-DEC-2020,65.25,65.25,63.25,64.3,19074,13971,238
STERTOOLS,11-DEC-2020,193.95,198.0,192.15,192.95,12918,8417,493
STLTECH,11-DEC-2020,165.9,168.5,160.1,162.0,1035843,640406,11631
SUBEXLTD,11-DEC-2020,31.0,31.6,29.65,29.85,8564937,4444990,18803
SUBROS,11-DEC-2020,304.7,328.0,304.5,323.1,303923,122042,14580
SUDARSCHEM,11-DEC-2020,490.35,495.0,481.3,483.45,128070,61533,4679
SUMEETINDS,11-DEC-2020,2.55,2.75,2.55,2.6,111959,87207,205
SUMICHEM,11-DEC-2020,311.7,312.8,303.3,304.6,381090,182389,6114
SUMIT,11-DEC-2020,13.0,13.05,11.75,12.1,311342,207299,874
SUMMITSEC,11-DEC-2020,535.05,543.0,530.1,536.15,2365,1637,213
SUNCLAYLTD,11-DEC-2020,2144.0,2280.0,2101.05,2183.55,28623,19564,4811
SUNDARAM,11-DEC-2020,1.55,1.55,1.45,1.55,216430,159573,254
SUNDARMFIN,11-DEC-2020,1813.0,1813.0,1774.0,1805.8,105289,51447,10296
SUNDARMHLD,11-DEC-2020,68.7,69.35,59.0,59.8,2894087,1452028,11045
SUNDRMBRAK,11-DEC-2020,296.85,309.0,290.05,304.75,12592,8237,1111
SUNDRMFAST,11-DEC-2020,525.7,545.05,525.7,543.0,101764,53134,9817
SUNFLAG,11-DEC-2020,59.8,61.4,58.7,59.05,560978,214218,3531
SUNPHARMA,11-DEC-2020,567.9,572.95,562.0,568.1,6968494,2121687,72802
SUNTECK,11-DEC-2020,323.5,344.7,323.5,327.6,414191,77508,9446
SUNTV,11-DEC-2020,475.0,482.4,466.0,469.85,4999383,808315,50102
SUPERHOUSE,11-DEC-2020,118.0,129.9,118.0,121.1,131601,40434,2853
SUPERSPIN,11-DEC-2020,5.5,5.5,5.05,5.15,109515,72757,276
SUPPETRO,11-DEC-2020,378.95,388.95,368.0,371.4,56419,26383,2314
SUPRAJIT,11-DEC-2020,199.0,208.8,197.0,202.55,319409,129685,6476
SUPREMEENG,11-DEC-2020,25.0,25.8,24.2,24.85,1866,1253,15
SUPREMEIND,11-DEC-2020,1712.4,1729.7,1683.55,1698.8,78572,45924,7906
SURANASOL,11-DEC-2020,8.5,8.6,8.15,8.45,79989,41105,193
SURANAT&P,11-DEC-2020,4.15,4.3,3.9,4.15,66552,52630,212
SURYALAXMI,11-DEC-2020,23.55,25.55,23.15,23.65,18928,15093,172
SURYAROSNI,11-DEC-2020,326.0,339.0,321.9,328.8,112086,57668,3312
SUTLEJTEX,11-DEC-2020,33.45,38.9,33.45,37.9,720521,412666,2598
SUULD,11-DEC-2020,103.5,112.4,101.0,102.5,73355,62357,380
SUVEN,11-DEC-2020,69.7,76.15,69.25,75.35,3940536,1125990,16374
SUVENPHAR,11-DEC-2020,403.05,410.0,398.5,406.95,284626,155490,20760
SWANENERGY,11-DEC-2020,135.0,135.0,130.0,131.05,197350,50857,2406
SWARAJENG,11-DEC-2020,1454.7,1454.7,1430.05,1434.25,23946,14979,2441
SWELECTES,11-DEC-2020,155.85,163.0,150.0,157.35,25965,18684,533
SWSOLAR,11-DEC-2020,260.0,266.0,255.55,262.4,142128,102865,2828
SYMPHONY,11-DEC-2020,910.0,920.0,900.0,903.25,106596,46966,6083
SYNGENE,11-DEC-2020,603.95,609.1,597.05,599.95,1236167,1034226,23350
TAINWALCHM,11-DEC-2020,70.95,76.65,68.55,73.0,34030,15150,811
TAJGVK,11-DEC-2020,140.9,143.45,140.65,141.15,96018,45686,2363
TAKE,11-DEC-2020,46.65,47.7,44.75,45.55,3842571,2172478,10956
TALBROAUTO,11-DEC-2020,149.85,164.0,145.05,148.75,39063,27405,682
TARMAT,11-DEC-2020,45.05,46.75,43.6,45.85,30381,19566,409
TASTYBITE,11-DEC-2020,10970.05,11199.15,10880.8,10933.15,944,477,552
TATACHEM,11-DEC-2020,511.55,514.0,504.3,508.15,5031540,1059239,44482
TATACOFFEE,11-DEC-2020,111.0,112.3,108.3,109.05,883790,399856,7389
TATACOMM,11-DEC-2020,1031.85,1048.0,1012.05,1036.45,57537,20711,3538
TATACONSUM,11-DEC-2020,584.8,589.35,570.55,576.4,3441778,934051,57735
TATAELXSI,11-DEC-2020,1623.0,1642.8,1596.05,1605.85,253651,59068,16060
TATAINVEST,11-DEC-2020,1004.0,1026.8,995.0,997.95,37385,16288,3257
TATAMETALI,11-DEC-2020,589.9,597.0,578.9,581.8,74436,40244,3134
TATAMOTORS,11-DEC-2020,177.95,181.45,176.5,178.85,43065542,7852559,177254
TATAMTRDVR,11-DEC-2020,75.15,76.45,74.0,74.7,3846396,1430707,14239
TATAPOWER,11-DEC-2020,72.75,74.1,72.15,72.8,36847385,8628637,69662
TATASTEEL,11-DEC-2020,614.9,625.45,614.25,621.7,16395698,3021386,172643
TATASTLBSL,11-DEC-2020,37.5,38.2,37.5,38.0,3055165,1476260,5416
TATASTLLP,11-DEC-2020,516.4,526.3,498.0,500.55,170649,111052,7201
TBZ,11-DEC-2020,46.05,48.3,46.05,46.55,350471,111065,2184
TCI,11-DEC-2020,274.9,280.0,250.15,254.95,330562,78602,9626
TCIDEVELOP,11-DEC-2020,311.0,320.0,308.7,318.7,143,53,26
TCIEXP,11-DEC-2020,927.0,929.2,887.0,889.5,26987,14465,3349
TCIFINANCE,11-DEC-2020,5.15,5.25,5.15,5.2,13272,10422,21
TCNSBRANDS,11-DEC-2020,418.05,423.45,411.95,415.95,13570,7798,1343
TCPLPACK,11-DEC-2020,415.0,415.0,398.1,409.1,5919,4718,280
TCS,11-DEC-2020,2792.7,2807.7,2764.55,2783.6,1795408,810401,90719
TDPOWERSYS,11-DEC-2020,129.65,133.0,129.0,129.6,29842,17233,727
TEAMLEASE,11-DEC-2020,2594.85,2732.0,2555.0,2704.8,39192,20727,7952
TECHM,11-DEC-2020,922.2,931.0,916.45,919.4,2398423,836095,87239
TECHNOE,11-DEC-2020,221.0,228.7,221.0,223.05,28799,17653,693
TEJASNET,11-DEC-2020,151.85,156.0,143.05,143.05,1003494,705201,11243
TERASOFT,11-DEC-2020,32.4,32.4,31.15,31.6,34039,25324,210
TEXINFRA,11-DEC-2020,41.7,42.75,41.5,42.05,104388,69310,815
TEXMOPIPES,11-DEC-2020,20.65,21.3,20.6,20.7,64024,44653,497
TEXRAIL,11-DEC-2020,28.45,28.75,27.5,27.8,1300363,922618,2876
TFCILTD,11-DEC-2020,48.0,50.6,47.6,49.0,784564,389747,3751
TGBHOTELS,11-DEC-2020,7.05,7.05,6.85,6.95,44243,41337,158
THANGAMAYL,11-DEC-2020,529.4,558.9,524.45,540.75,49939,27684,2495
THEINVEST,11-DEC-2020,156.9,156.9,146.25,154.4,7679,4111,345
THEMISMED,11-DEC-2020,366.8,377.55,364.65,369.55,9392,5949,365
THERMAX,11-DEC-2020,909.0,919.05,900.15,912.0,18180,8853,2410
THOMASCOOK,11-DEC-2020,52.3,52.3,50.1,50.9,458188,292778,3197
THYROCARE,11-DEC-2020,1017.0,1050.0,1016.0,1028.7,59847,25528,4566
TI,11-DEC-2020,23.8,25.15,22.05,23.05,480905,351141,1492
TIDEWATER,11-DEC-2020,4450.05,4478.75,4395.0,4402.9,2335,1567,621
TIIL,11-DEC-2020,338.25,364.0,338.2,355.35,63346,37347,1967
TIINDIA,11-DEC-2020,848.95,858.8,838.0,854.5,87144,41973,7191
TIL,11-DEC-2020,190.0,190.0,177.35,183.45,54190,41058,1942
TIMESGTY,11-DEC-2020,27.1,29.5,27.1,29.5,9082,4615,98
TIMETECHNO,11-DEC-2020,48.5,49.45,47.8,48.05,646008,379289,2246
TIMKEN,11-DEC-2020,1144.9,1149.7,1117.05,1126.8,20064,10451,3248
TINPLATE,11-DEC-2020,146.3,150.4,143.6,145.25,426110,125907,6862
TIPSINDLTD,11-DEC-2020,266.0,271.15,264.0,267.0,7787,5142,292
TIRUMALCHM,11-DEC-2020,106.0,108.7,103.6,105.3,567868,189938,5162
TITAN,11-DEC-2020,1427.5,1449.85,1423.0,1442.4,1398271,334885,46688
TMRVL,11-DEC-2020,12.35,12.6,11.75,12.2,86619,57630,439
TNPETRO,11-DEC-2020,42.0,42.45,41.0,41.45,323971,142177,2851
TNPL,11-DEC-2020,116.2,117.95,114.55,116.85,176963,85430,2252
TOKYOPLAST,11-DEC-2020,68.0,68.9,67.1,67.95,5078,3919,84
TORNTPHARM,11-DEC-2020,2648.0,2655.0,2620.0,2646.7,356343,127069,18994
TORNTPOWER,11-DEC-2020,324.2,327.35,320.7,323.6,923283,289169,10363
TOTAL,11-DEC-2020,61.25,61.3,57.25,59.35,12517,11210,135
TOUCHWOOD,11-DEC-2020,52.25,52.35,50.6,51.95,2671,2462,40
TPLPLASTEH,11-DEC-2020,153.0,166.5,152.2,159.9,61066,21347,712
TREEHOUSE,11-DEC-2020,6.75,7.05,6.6,7.05,144958,123845,240
TREJHARA,11-DEC-2020,51.4,51.5,46.6,46.6,193540,153439,1090
TRENT,11-DEC-2020,676.0,692.95,676.0,689.35,555016,258744,26191
TRF,11-DEC-2020,112.9,116.9,110.0,112.5,331961,139300,4000
TRIDENT,11-DEC-2020,9.85,10.1,9.75,9.85,12522959,5466748,34191
TRIGYN,11-DEC-2020,65.85,67.3,64.0,65.55,80351,48206,656
TRIL,11-DEC-2020,19.9,20.75,18.6,20.75,1808342,1072142,2718
TRITURBINE,11-DEC-2020,86.7,87.75,84.0,85.0,166164,89159,2467
TRIVENI,11-DEC-2020,75.8,77.5,75.2,76.8,904789,501964,5606
TTKHLTCARE,11-DEC-2020,599.0,635.0,592.65,596.35,11198,6608,842
TTKPRESTIG,11-DEC-2020,5840.1,5867.2,5701.85,5757.35,5741,3050,1665
TTL,11-DEC-2020,44.95,45.8,43.2,43.9,15801,6198,285
TV18BRDCST,11-DEC-2020,31.0,32.1,30.85,31.2,5734114,2394010,9083
TVSELECT,11-DEC-2020,133.0,150.5,130.35,147.3,1644121,454182,20322
TVSMOTOR,11-DEC-2020,505.5,513.35,478.6,484.2,8424113,1623618,102261
TVSSRICHAK,11-DEC-2020,1770.0,2128.95,1770.0,2068.85,718546,63802,52238
TVTODAY,11-DEC-2020,214.9,219.95,214.0,217.0,65886,33810,1696
TVVISION,11-DEC-2020,1.9,1.9,1.9,1.9,4962,4962,9
TWL,11-DEC-2020,51.85,52.4,50.5,51.35,384098,164069,2852
UBL,11-DEC-2020,1141.0,1176.0,1110.65,1157.4,1814495,353844,53315
UCALFUEL,11-DEC-2020,130.0,133.6,130.0,131.35,32825,13054,1413
UCOBANK,11-DEC-2020,13.6,13.8,13.3,13.4,3364390,1392315,4622
UFLEX,11-DEC-2020,390.0,393.9,382.0,383.95,68659,30309,2401
UFO,11-DEC-2020,80.25,82.95,79.6,80.45,657574,239846,5865
UGARSUGAR,11-DEC-2020,16.75,17.6,16.3,16.95,1022044,493167,2570
UJAAS,11-DEC-2020,3.2,3.4,2.85,2.95,42245837,26870674,8863
UJJIVAN,11-DEC-2020,283.0,286.55,278.85,282.85,436163,180935,11574
UJJIVANSFB,11-DEC-2020,39.0,39.7,38.75,38.85,1021659,595810,3940
ULTRACEMCO,11-DEC-2020,5005.0,5038.65,4956.0,5015.0,974421,343046,74469
UMANGDAIRY,11-DEC-2020,53.75,53.75,52.05,52.65,11908,7466,232
UMESLTD,11-DEC-2020,1.65,1.7,1.65,1.7,1564,1564,13
UNICHEMLAB,11-DEC-2020,261.1,266.95,261.1,262.95,49407,29955,2014
UNIDT,11-DEC-2020,260.0,268.85,260.0,264.1,13274,3602,282
UNIENTER,11-DEC-2020,63.0,67.85,61.1,65.2,105326,33155,2096
UNIONBANK,11-DEC-2020,32.7,33.85,32.7,33.15,10405596,3493774,24580
UNITEDTEA,11-DEC-2020,326.95,338.0,318.2,331.75,4650,3891,185
UNIVASTU,11-DEC-2020,31.65,32.5,31.65,31.7,903,870,26
UNIVCABLES,11-DEC-2020,151.0,155.3,148.5,150.2,136384,72701,2655
UNIVPHOTO,11-DEC-2020,165.65,183.95,164.15,175.75,4495,2895,248
UPL,11-DEC-2020,456.0,456.85,429.2,435.0,50283569,7630232,436004
URJA,11-DEC-2020,5.1,5.1,5.1,5.1,990451,990451,460
USHAMART,11-DEC-2020,26.4,26.7,25.0,25.45,1947754,1105870,2828
UTIAMC,11-DEC-2020,566.0,572.4,505.0,569.65,627470,374120,25022
UTIBANKETF,11-DEC-2020,305.21,307.5,304.68,305.35,429,274,25
UTINEXT50,11-DEC-2020,330.0,332.0,326.5,329.68,1153,1065,28
UTINIFTETF,11-DEC-2020,1430.0,1452.1,1430.0,1436.52,2355,2304,40
UTISENSETF,11-DEC-2020,488.92,492.9,486.96,488.0,607,350,81
UTISXN50,11-DEC-2020,347.26,347.26,347.26,347.26,17,9,3
UTTAMSTL,11-DEC-2020,7.35,7.5,7.2,7.25,180137,148665,335
UTTAMSUGAR,11-DEC-2020,97.5,99.35,95.55,96.25,165077,69107,2231
VADILALIND,11-DEC-2020,804.9,810.0,795.7,805.95,2218,1706,211
VAIBHAVGBL,11-DEC-2020,2109.0,2120.0,2077.0,2096.35,28312,25546,1808
VAISHALI,11-DEC-2020,35.0,35.7,34.35,34.9,15778,4280,88
VAKRANGEE,11-DEC-2020,44.1,47.95,44.0,47.95,12274097,5849787,18950
VALIANTORG,11-DEC-2020,3201.0,3205.0,3127.4,3150.15,13160,8806,2245
VARDHACRLC,11-DEC-2020,32.85,33.5,32.8,33.1,66753,54211,204
VARDMNPOLY,11-DEC-2020,11.8,11.9,10.5,11.2,107074,68854,498
VARROC,11-DEC-2020,408.0,422.3,401.0,406.75,181273,96555,10251
VASWANI,11-DEC-2020,6.4,6.45,6.05,6.25,30518,26121,55
VBL,11-DEC-2020,920.0,920.5,904.9,910.05,471886,396162,14733
VEDL,11-DEC-2020,145.4,147.65,142.55,146.5,25734091,5900484,77664
VENKEYS,11-DEC-2020,1694.0,1729.0,1675.25,1692.2,80241,17974,7071
VENUSREM,11-DEC-2020,146.35,147.9,140.25,142.65,73139,45995,1413
VERTOZ,11-DEC-2020,210.3,214.3,205.0,206.45,54988,19833,812
VESUVIUS,11-DEC-2020,1029.95,1035.15,1016.25,1028.6,8359,6863,414
VETO,11-DEC-2020,83.1,85.8,82.0,83.65,69346,59369,689
VGUARD,11-DEC-2020,186.0,190.35,185.55,186.85,294122,144157,10840
VHL,11-DEC-2020,1370.0,1455.0,1370.0,1437.65,821,585,59
VIDHIING,11-DEC-2020,124.3,127.45,122.05,123.3,58961,30632,912
VIJIFIN,11-DEC-2020,0.85,0.85,0.75,0.75,893917,534615,328
VIKASECO,11-DEC-2020,4.7,4.8,4.6,4.8,1431518,1124196,978
VIKASMCORP,11-DEC-2020,7.55,7.65,7.35,7.4,7360130,6614213,4474
VIKASPROP,11-DEC-2020,3.05,3.3,3.05,3.3,3298415,2243988,2214
VIKASWSP,11-DEC-2020,5.15,5.15,5.0,5.15,142564,111419,189
VIMTALABS,11-DEC-2020,173.5,174.0,165.0,169.45,40270,26362,847
VINATIORGA,11-DEC-2020,1150.0,1154.9,1111.1,1120.5,120643,86109,11553
VINDHYATEL,11-DEC-2020,850.0,867.0,843.0,856.4,11558,6621,1162
VINYLINDIA,11-DEC-2020,121.1,125.55,118.85,119.55,140712,54781,2820
VIPCLOTHNG,11-DEC-2020,11.9,11.9,11.2,11.3,81948,50504,306
VIPIND,11-DEC-2020,369.95,373.45,363.6,366.4,187515,66772,5775
VIPULLTD,11-DEC-2020,17.25,17.6,16.6,17.25,20571,17539,97
VISAKAIND,11-DEC-2020,398.95,398.95,384.95,389.85,30462,15644,1558
VISASTEEL,11-DEC-2020,6.95,7.15,6.85,6.95,28305,20239,128
VISHAL,11-DEC-2020,93.9,93.9,93.9,93.9,27859,27859,444
VISHNU,11-DEC-2020,173.55,182.4,172.05,179.8,18710,11337,302
VISHWARAJ,11-DEC-2020,121.05,128.8,120.0,123.6,12340,4636,379
VIVIDHA,11-DEC-2020,0.65,0.65,0.6,0.65,1675822,1235049,328
VIVIMEDLAB,11-DEC-2020,17.6,17.95,17.45,17.6,131519,90680,521
VLSFINANCE,11-DEC-2020,66.55,68.45,64.6,65.55,36080,28297,464
VMART,11-DEC-2020,2299.0,2353.3,2272.2,2335.15,34713,16714,4851
VOLTAMP,11-DEC-2020,1203.0,1265.95,1186.25,1250.6,31663,18822,3120
VOLTAS,11-DEC-2020,814.0,820.9,800.55,804.9,1054806,143540,16646
VRLLOG,11-DEC-2020,210.0,214.25,204.5,206.4,803688,314230,14647
VSSL,11-DEC-2020,112.75,119.05,112.7,118.25,23581,18936,460
VSTIND,11-DEC-2020,3889.9,4040.0,3811.3,3958.75,8835,4945,2477
VSTTILLERS,11-DEC-2020,1889.95,1909.0,1888.95,1903.35,7252,4789,1076
VTL,11-DEC-2020,984.9,992.15,965.25,977.25,138939,96760,3346
WABAG,11-DEC-2020,196.95,206.15,194.85,199.3,675951,261352,12032
WABCOINDIA,11-DEC-2020,5744.95,5744.95,5650.0,5665.5,1572,783,620
WALCHANNAG,11-DEC-2020,65.5,65.5,62.7,64.2,130215,84896,1469
WATERBASE,11-DEC-2020,109.6,125.6,109.5,124.1,1926739,859304,22278
WEBELSOLAR,11-DEC-2020,26.3,28.45,26.05,27.8,380413,224040,1490
WEIZMANIND,11-DEC-2020,55.5,59.65,55.5,59.65,129869,53556,1347
WELCORP,11-DEC-2020,132.95,136.8,129.65,134.75,2161917,873846,19969
WELENT,11-DEC-2020,91.8,92.8,91.0,91.7,128534,88471,1349
WELINV,11-DEC-2020,478.0,512.65,478.0,493.5,26501,12875,1887
WELSPUNIND,11-DEC-2020,67.9,70.55,67.5,70.55,1516551,1000490,6117
WENDT,11-DEC-2020,3211.9,3450.0,3165.0,3376.1,1961,713,999
WESTLIFE,11-DEC-2020,429.35,442.0,428.0,437.5,223821,113641,8561
WHEELS,11-DEC-2020,451.65,480.5,451.6,476.75,55168,33212,2633
WHIRLPOOL,11-DEC-2020,2095.0,2122.15,2072.0,2084.6,90378,60829,11161
WILLAMAGOR,11-DEC-2020,22.0,22.0,18.2,19.9,15115,8457,142
WINDMACHIN,11-DEC-2020,20.15,20.2,19.15,19.5,26027,19892,181
WIPRO,11-DEC-2020,357.4,360.0,352.65,353.5,5863616,2227808,51263
WOCKPHARMA,11-DEC-2020,540.0,549.0,510.1,517.75,1431485,423839,39837
WONDERLA,11-DEC-2020,217.0,223.1,211.25,213.0,379538,109347,8697
WORTH,11-DEC-2020,46.75,46.85,45.5,46.0,10979,8156,53
WSI,11-DEC-2020,4.2,4.2,4.15,4.2,40560,38510,54
WSTCSTPAPR,11-DEC-2020,175.65,177.0,173.05,174.25,97414,51438,2239
XCHANGING,11-DEC-2020,81.0,82.55,80.6,80.95,120918,110007,491
XELPMOC,11-DEC-2020,288.7,290.0,275.1,280.3,53029,33819,1577
YAARII,11-DEC-2020,83.2,83.2,83.2,83.2,18592,18592,99
YESBANK,11-DEC-2020,20.75,20.75,19.45,19.45,444459632,182044226,422031
ZEEL,11-DEC-2020,214.0,216.7,209.5,212.7,12922375,3592623,81974
ZEELEARN,11-DEC-2020,14.2,14.65,13.9,14.1,1618790,870302,2357
ZEEMEDIA,11-DEC-2020,6.1,6.3,5.95,6.05,4932681,3594842,3073
ZENITHEXPO,11-DEC-2020,83.0,84.3,80.0,84.3,30010,19860,481
ZENSARTECH,11-DEC-2020,254.75,267.0,252.0,254.65,449406,272115,8432
ZENTEC,11-DEC-2020,89.95,91.5,86.5,87.55,334558,161867,4100
ZODIACLOTH,11-DEC-2020,105.4,105.4,102.5,103.25,42449,32518,489
ZODJRDMKJ,11-DEC-2020,30.9,30.9,26.1,27.2,20264,12214,419
ZOTA,11-DEC-2020,143.4,154.0,141.1,149.55,70788,38635,861
ZUARI,11-DEC-2020,95.0,101.9,95.0,96.75,150043,84181,2225
ZUARIGLOB,11-DEC-2020,60.3,63.95,60.3,62.95,366803,213658,2376
ZYDUSWELL,11-DEC-2020,1907.0,1925.0,1860.0,1872.1,30689,14539,3634
