20MICRONS,14-DEC-2020,37.25,37.75,35.75,35.95,256198,165908,1616
21STCENMGM,14-DEC-2020,10.65,10.65,10.25,10.5,2649,1636,32
3IINFOTECH,14-DEC-2020,4.9,4.9,4.9,4.9,571949,571949,426
3MINDIA,14-DEC-2020,22634.0,23000.0,22350.0,22874.75,3237,1678,1958
3PLAND,14-DEC-2020,12.95,12.95,12.95,12.95,12050,10889,49
5PAISA,14-DEC-2020,329.05,334.95,324.7,325.2,13898,7838,491
A2ZINFRA,14-DEC-2020,4.85,4.85,4.65,4.7,366979,296130,484
AAKASH,14-DEC-2020,58.85,58.95,57.5,58.7,69014,26705,779
AARON,14-DEC-2020,51.0,52.2,47.45,51.0,12218,9981,143
AARTIDRUGS,14-DEC-2020,787.45,798.7,776.6,780.0,396516,202221,20977
AARTIIND,14-DEC-2020,1218.0,1248.0,1215.05,1226.45,296041,195912,14310
AARTISURF,14-DEC-2020,1065.45,1065.45,1065.45,1065.45,4298,4298,246
AARVEEDEN,14-DEC-2020,14.15,16.5,14.0,16.5,134048,95039,459
AARVI,14-DEC-2020,41.0,43.0,39.0,41.75,37438,26620,68
AAVAS,14-DEC-2020,1665.75,1725.0,1654.2,1668.85,74583,32297,12634
ABB,14-DEC-2020,1180.0,1180.0,1155.0,1161.4,119428,79111,7643
ABBOTINDIA,14-DEC-2020,16250.0,16699.9,16201.0,16504.9,44723,19088,11209
ABCAPITAL,14-DEC-2020,93.5,94.35,91.5,91.85,1995363,688313,9895
ABFRL,14-DEC-2020,159.55,160.7,159.05,159.95,815567,448200,7345
ABSLBANETF,14-DEC-2020,304.41,307.09,303.04,304.7,124,101,6
ABSLNN50ET,14-DEC-2020,310.0,315.0,305.2,313.0,62,45,24
ACC,14-DEC-2020,1619.85,1630.0,1610.0,1615.05,980845,167303,33814
ACCELYA,14-DEC-2020,971.3,998.9,954.95,991.95,8533,5822,828
ACCURACY,14-DEC-2020,32.8,32.8,32.8,32.8,250,250,1
ACE,14-DEC-2020,121.7,132.0,118.5,130.45,1541000,667705,17538
ADANIENT,14-DEC-2020,451.0,462.0,447.0,455.15,3762369,434749,40441
ADANIGAS,14-DEC-2020,360.0,362.3,354.5,358.95,1274108,660731,13846
ADANIGREEN,14-DEC-2020,1019.0,1028.1,995.1,1010.8,921358,558310,39961
ADANIPORTS,14-DEC-2020,468.6,472.45,463.1,467.0,5943652,1048729,69266
ADANIPOWER,14-DEC-2020,44.95,46.65,44.5,46.65,20526342,9064166,41940
ADANITRANS,14-DEC-2020,426.5,432.8,418.7,425.25,281810,110909,8307
ADFFOODS,14-DEC-2020,566.35,578.95,566.35,568.0,37205,17181,1634
ADHUNIKIND,14-DEC-2020,27.4,28.5,25.65,26.05,313212,194666,1580
ADORWELD,14-DEC-2020,262.75,284.0,258.7,281.0,250194,112101,5739
ADSL,14-DEC-2020,30.0,30.0,28.75,29.35,119297,62353,783
ADVENZYMES,14-DEC-2020,340.55,345.0,338.25,340.35,140088,49403,5923
AEGISCHEM,14-DEC-2020,250.45,254.4,247.0,248.55,188706,97103,6498
AFFLE,14-DEC-2020,3694.0,3710.95,3476.15,3693.9,90377,65010,9842
AGARIND,14-DEC-2020,99.0,101.5,99.0,99.8,16130,11579,299
AGRITECH,14-DEC-2020,39.25,41.45,39.25,40.35,13356,7503,252
AGROPHOS,14-DEC-2020,18.0,18.15,17.8,18.15,251274,211109,754
AHLEAST,14-DEC-2020,156.95,160.8,156.1,158.9,1420,875,112
AHLUCONT,14-DEC-2020,262.85,267.0,252.4,262.05,14388,9688,615
AHLWEST,14-DEC-2020,290.0,290.0,271.2,279.4,2765,1341,303
AIAENG,14-DEC-2020,1990.0,2007.0,1929.9,1945.95,136481,124822,3482
AIRAN,14-DEC-2020,18.7,18.7,17.0,17.65,88413,56004,478
AJANTPHARM,14-DEC-2020,1699.9,1705.0,1670.0,1680.85,51944,20617,4540
AJMERA,14-DEC-2020,137.45,142.7,132.2,133.45,707230,189200,12543
AKASH,14-DEC-2020,250.6,250.6,241.25,249.95,23408,21268,238
AKSHARCHEM,14-DEC-2020,238.0,249.3,236.0,246.95,89991,52985,3917
AKSHOPTFBR,14-DEC-2020,8.3,8.55,7.9,8.15,553842,337669,1055
AKZOINDIA,14-DEC-2020,2240.0,2240.0,2211.15,2223.9,5044,2798,1076
ALANKIT,14-DEC-2020,17.4,17.4,17.0,17.1,55854,45335,336
ALBERTDAVD,14-DEC-2020,454.9,470.25,451.0,457.35,25891,9452,1480
ALCHEM,14-DEC-2020,10.45,10.45,10.45,10.45,64386,64386,153
ALEMBICLTD,14-DEC-2020,100.85,104.3,100.5,102.6,472561,210369,4953
ALICON,14-DEC-2020,351.45,354.85,342.55,343.65,3026,1685,311
ALKALI,14-DEC-2020,50.7,51.45,48.75,49.3,39961,26937,403
ALKEM,14-DEC-2020,2897.0,2940.0,2896.25,2929.25,75247,37431,8749
ALKYLAMINE,14-DEC-2020,3880.0,3969.75,3839.65,3867.2,24455,11416,5444
ALLCARGO,14-DEC-2020,141.85,142.85,136.55,137.9,789702,337367,10329
ALLSEC,14-DEC-2020,259.95,269.9,247.2,267.65,27354,18550,832
ALMONDZ,14-DEC-2020,17.7,17.7,16.65,17.45,13070,9414,94
ALOKINDS,14-DEC-2020,24.3,24.3,23.05,23.6,7332296,4210997,14226
ALPSINDUS,14-DEC-2020,1.1,1.3,1.1,1.3,23953,20003,29
AMARAJABAT,14-DEC-2020,935.0,939.75,925.0,935.6,745919,168922,23184
AMBER,14-DEC-2020,2337.95,2350.0,2301.35,2324.3,107050,35800,13464
AMBIKCO,14-DEC-2020,825.0,873.0,825.0,859.8,52212,26084,3748
AMBUJACEM,14-DEC-2020,247.0,249.0,245.05,246.45,4162472,1485237,38790
AMDIND,14-DEC-2020,17.3,17.9,17.0,17.25,10496,6494,148
AMJLAND,14-DEC-2020,26.65,27.4,25.55,26.95,160786,95075,855
AMRUTANJAN,14-DEC-2020,501.9,508.8,498.0,499.65,37639,20081,2182
ANANTRAJ,14-DEC-2020,26.1,26.4,25.45,25.95,464932,331406,3038
ANDHRACEMT,14-DEC-2020,6.4,6.4,6.4,6.4,157598,157598,227
ANDHRAPAP,14-DEC-2020,211.9,214.9,207.3,212.9,43672,33480,983
ANDHRSUGAR,14-DEC-2020,314.5,321.0,312.15,319.25,79525,51487,2189
ANGELBRKG,14-DEC-2020,362.85,363.9,354.5,356.05,164219,75256,6119
ANIKINDS,14-DEC-2020,19.55,20.35,19.0,20.35,139221,114113,423
ANKITMETAL,14-DEC-2020,1.25,1.25,1.25,1.25,56697,56697,20
ANSALAPI,14-DEC-2020,6.65,6.75,6.2,6.75,105676,87841,147
ANSALHSG,14-DEC-2020,5.6,5.7,5.4,5.7,38829,36571,71
ANUP,14-DEC-2020,795.0,839.2,753.55,824.0,94187,46199,6800
APARINDS,14-DEC-2020,391.65,396.45,375.05,381.65,24013,12436,1454
APCL,14-DEC-2020,209.0,211.45,205.75,209.1,41883,20694,913
APCOTEXIND,14-DEC-2020,170.3,171.5,164.4,165.9,112367,76816,1942
APEX,14-DEC-2020,315.0,327.85,314.1,322.0,933345,310891,18087
APLAPOLLO,14-DEC-2020,3718.45,3845.0,3670.0,3814.8,68474,39078,9328
APLLTD,14-DEC-2020,1096.0,1097.0,1061.25,1087.45,258038,135977,11364
APOLLO,14-DEC-2020,129.0,129.0,125.25,125.85,60209,34316,1464
APOLLOHOSP,14-DEC-2020,2375.8,2390.35,2347.0,2356.8,800654,204354,27170
APOLLOPIPE,14-DEC-2020,663.7,669.0,650.0,660.0,9901,6425,800
APOLLOTYRE,14-DEC-2020,193.0,194.35,187.45,188.4,8127617,2479551,37045
APOLSINHOT,14-DEC-2020,591.0,599.6,560.0,562.6,6372,4330,401
APTECHT,14-DEC-2020,133.4,133.4,129.5,130.1,343992,180932,4204
ARCHIDPLY,14-DEC-2020,30.65,32.5,29.7,30.8,253782,143894,1688
ARCHIES,14-DEC-2020,14.3,14.75,14.1,14.35,63279,46128,246
ARCOTECH,14-DEC-2020,2.9,2.9,2.9,2.9,13808,13808,31
ARENTERP,14-DEC-2020,11.3,11.35,10.55,10.65,2052,1170,30
ARIES,14-DEC-2020,106.55,109.0,104.85,105.95,134085,42807,3213
ARIHANT,14-DEC-2020,19.95,20.8,19.05,20.05,8749,5635,100
ARIHANTSUP,14-DEC-2020,32.15,34.45,30.2,34.45,51124,35436,405
ARMANFIN,14-DEC-2020,669.95,793.65,665.2,771.75,79373,38778,5167
AROGRANITE,14-DEC-2020,39.5,39.95,39.45,39.65,24183,18924,214
ARROWGREEN,14-DEC-2020,53.35,56.6,51.45,54.8,8984,5374,359
ARSHIYA,14-DEC-2020,17.0,17.65,16.65,17.4,19024,18127,208
ARSSINFRA,14-DEC-2020,19.65,20.0,19.05,19.75,44172,39385,197
ARTEMISMED,14-DEC-2020,242.7,243.95,216.2,219.9,4637,2320,233
ARVIND,14-DEC-2020,44.25,46.2,43.7,45.65,2286249,792156,8944
ARVINDFASN,14-DEC-2020,159.0,159.75,152.65,154.15,321778,164701,4813
ARVSMART,14-DEC-2020,105.5,118.0,102.3,115.65,1534340,615958,15086
ASAHIINDIA,14-DEC-2020,270.95,275.85,264.5,272.85,48399,25022,1608
ASAHISONG,14-DEC-2020,241.0,246.6,235.0,243.75,89613,41792,1812
ASAL,14-DEC-2020,28.35,28.35,26.7,27.25,2789,1933,60
ASALCBR,14-DEC-2020,300.0,302.4,293.1,294.7,33831,16467,1512
ASHAPURMIN,14-DEC-2020,80.0,83.35,78.95,83.35,219054,153930,1081
ASHIANA,14-DEC-2020,104.0,107.95,102.25,104.95,102376,54189,1468
ASHOKA,14-DEC-2020,98.0,98.6,94.45,94.9,1450070,531930,12795
ASHOKLEY,14-DEC-2020,95.0,95.5,93.8,95.15,16826804,5841882,58482
ASIANHOTNR,14-DEC-2020,67.05,74.95,66.9,70.65,11131,7380,215
ASIANPAINT,14-DEC-2020,2530.0,2553.9,2521.0,2548.15,1280339,432932,69794
ASIANTILES,14-DEC-2020,291.7,294.45,285.15,287.55,142824,62999,3768
ASPINWALL,14-DEC-2020,135.75,142.5,131.1,139.05,2648,1952,103
ASTEC,14-DEC-2020,1074.95,1084.0,1052.6,1077.05,93055,46336,6710
ASTERDM,14-DEC-2020,162.85,164.0,159.9,161.7,141433,41725,3761
ASTRAL,14-DEC-2020,1479.4,1497.2,1468.65,1476.0,122998,43935,13063
ASTRAMICRO,14-DEC-2020,124.25,127.05,122.1,125.65,516556,293700,4579
ASTRAZEN,14-DEC-2020,4509.0,4549.0,4465.0,4477.0,24829,11703,3858
ASTRON,14-DEC-2020,55.8,56.6,54.0,54.4,80213,50297,1015
ATFL,14-DEC-2020,799.0,799.0,781.25,787.35,8732,4534,1153
ATLANTA,14-DEC-2020,9.0,9.3,9.0,9.25,31668,23095,182
ATUL,14-DEC-2020,6109.0,6130.0,6060.0,6074.5,20795,13612,7387
ATULAUTO,14-DEC-2020,190.45,192.35,189.05,190.75,118710,52273,2781
AUBANK,14-DEC-2020,910.0,932.0,902.0,929.45,294365,145777,14543
AURIONPRO,14-DEC-2020,82.2,82.2,79.4,79.95,13736,9915,207
AUROPHARMA,14-DEC-2020,898.5,905.95,887.9,889.4,1526583,521956,51343
AUSOMENT,14-DEC-2020,53.2,54.6,53.0,54.0,4897,3681,98
AUTOAXLES,14-DEC-2020,909.9,913.7,895.5,904.45,7897,6271,458
AUTOIND,14-DEC-2020,36.4,36.4,33.9,33.95,55347,36327,520
AUTOLITIND,14-DEC-2020,24.35,27.45,22.2,25.75,116900,61137,719
AVADHSUGAR,14-DEC-2020,222.95,226.3,218.25,222.2,96943,33763,2315
AVANTIFEED,14-DEC-2020,548.85,564.0,544.5,547.7,888924,275222,21954
AVTNPL,14-DEC-2020,46.1,46.4,45.65,45.95,106274,67711,861
AXISBANK,14-DEC-2020,616.0,623.8,612.4,615.9,14567480,4725895,166555
AXISBNKETF,14-DEC-2020,305.09,306.7,304.41,306.1,735,518,33
AXISCADES,14-DEC-2020,53.8,54.75,53.5,53.95,33833,24950,319
AXISGOLD,14-DEC-2020,42.69,42.98,42.5,42.54,70811,63586,1547
AXISNIFTY,14-DEC-2020,139.87,140.0,138.0,139.51,2630,1420,266
BAGFILMS,14-DEC-2020,4.05,4.1,3.65,3.7,761609,537265,877
BAJAJ-AUTO,14-DEC-2020,3327.65,3334.55,3265.0,3289.0,425416,110819,30515
BAJAJCON,14-DEC-2020,204.0,205.4,202.0,203.1,353327,133208,6935
BAJAJELEC,14-DEC-2020,606.95,610.4,594.25,597.25,152616,62948,4559
BAJAJFINSV,14-DEC-2020,9066.8,9066.8,8895.15,8933.5,444884,111819,48185
BAJAJHIND,14-DEC-2020,6.45,6.8,6.4,6.7,9641566,5739794,5519
BAJAJHLDNG,14-DEC-2020,3090.0,3114.0,3050.0,3059.35,46828,29229,3416
BAJFINANCE,14-DEC-2020,4857.5,4914.7,4848.0,4898.65,1786348,289606,83221
BALAJITELE,14-DEC-2020,70.45,71.5,69.3,69.75,202273,102656,1817
BALAMINES,14-DEC-2020,930.5,950.0,926.4,932.9,115378,47904,5575
BALAXI,14-DEC-2020,668.9,668.9,631.3,642.15,1174,609,150
BALKRISIND,14-DEC-2020,1665.7,1670.2,1636.0,1653.7,574777,236549,26254
BALMLAWRIE,14-DEC-2020,116.5,117.9,116.0,117.0,208040,85925,3035
BALRAMCHIN,14-DEC-2020,173.45,177.95,173.35,176.65,2321531,1114276,17677
BANARBEADS,14-DEC-2020,55.25,58.5,53.5,57.7,127843,66999,1310
BANARISUG,14-DEC-2020,1499.95,1510.0,1450.0,1466.0,613,420,200
BANCOINDIA,14-DEC-2020,144.2,148.8,144.0,146.8,553130,244404,8308
BANDHANBNK,14-DEC-2020,425.3,429.25,408.7,410.3,11062764,3103341,109437
BANG,14-DEC-2020,24.7,24.7,23.55,24.5,5396,4885,127
BANKA,14-DEC-2020,45.45,49.15,43.6,49.15,97081,94160,242
BANKBARODA,14-DEC-2020,66.35,67.5,66.15,67.0,40028589,8978556,70828
BANKBEES,14-DEC-2020,308.5,310.49,307.8,309.22,618838,256644,5118
BANKINDIA,14-DEC-2020,51.8,53.3,51.6,52.8,5390168,1724555,17157
BANSWRAS,14-DEC-2020,117.9,118.0,110.1,116.95,62583,38648,1200
BASF,14-DEC-2020,1611.15,1627.0,1580.05,1589.7,14876,8152,1332
BASML,14-DEC-2020,103.0,104.6,101.1,103.6,40243,29942,497
BATAINDIA,14-DEC-2020,1559.25,1636.2,1552.0,1627.95,1953303,276834,61249
BAYERCROP,14-DEC-2020,5274.0,5290.0,5191.55,5271.2,20694,11201,4381
BBL,14-DEC-2020,926.0,936.0,912.0,917.05,12994,5915,1478
BBTC,14-DEC-2020,1353.8,1370.35,1333.55,1341.45,48948,21267,3840
BCG,14-DEC-2020,5.05,5.1,4.8,4.9,7690561,6364936,13542
BCP,14-DEC-2020,8.55,8.55,7.5,7.6,457821,330373,1199
BDL,14-DEC-2020,339.95,342.7,335.3,338.45,159885,71970,6767
BEARDSELL,14-DEC-2020,10.45,10.5,8.9,9.6,30136,24319,69
BEDMUTHA,14-DEC-2020,24.9,25.0,24.0,25.0,21418,20999,236
BEL,14-DEC-2020,115.65,119.25,115.2,118.55,25002925,7150208,86031
BEML,14-DEC-2020,771.0,787.25,770.95,782.0,399238,87040,12431
BEPL,14-DEC-2020,130.1,139.3,130.1,138.05,1536283,695828,15428
BERGEPAINT,14-DEC-2020,679.0,686.7,678.0,681.15,709728,111046,15679
BFINVEST,14-DEC-2020,296.9,301.0,286.25,290.2,52311,25364,2336
BFUTILITIE,14-DEC-2020,294.9,300.0,287.0,290.25,321713,89125,7083
BGRENERGY,14-DEC-2020,51.35,55.4,48.8,53.45,438875,274547,3235
BHAGERIA,14-DEC-2020,165.9,174.9,165.0,170.4,505962,188771,9329
BHAGYANGR,14-DEC-2020,24.5,27.9,24.5,27.9,370251,244399,1299
BHAGYAPROP,14-DEC-2020,23.45,24.4,23.0,23.95,26263,22728,216
BHANDARI,14-DEC-2020,1.35,1.45,1.35,1.45,226844,194628,650
BHARATFORG,14-DEC-2020,555.0,555.9,540.05,541.15,1678590,579564,25146
BHARATGEAR,14-DEC-2020,83.0,92.6,76.65,80.0,110712,59620,2042
BHARATRAS,14-DEC-2020,9469.0,9699.75,9433.7,9462.8,2081,1193,835
BHARATWIRE,14-DEC-2020,31.9,31.9,28.55,30.5,33228,17678,248
BHARTIARTL,14-DEC-2020,507.0,512.0,501.15,503.05,13886923,5284910,162325
BHEL,14-DEC-2020,36.45,37.2,35.85,36.85,47189075,11234744,50461
BIL,14-DEC-2020,168.0,168.0,151.25,153.25,5597,4487,212
BINDALAGRO,14-DEC-2020,16.95,16.95,16.2,16.4,42539,29463,293
BIOCON,14-DEC-2020,459.0,461.2,450.55,454.0,3253116,1059406,47614
BIRLACABLE,14-DEC-2020,58.6,58.6,57.25,57.6,59274,29252,664
BIRLACORPN,14-DEC-2020,750.0,752.0,735.6,740.9,115306,57859,6897
BIRLAMONEY,14-DEC-2020,44.65,45.1,44.1,44.45,115301,60238,1183
BIRLATYRE,14-DEC-2020,39.8,41.0,39.15,41.0,805964,606389,3863
BLBLIMITED,14-DEC-2020,6.6,6.7,6.25,6.45,11180,8010,41
BLISSGVS,14-DEC-2020,175.0,179.7,173.25,176.3,601721,320084,2991
BLKASHYAP,14-DEC-2020,7.95,8.05,7.75,7.85,116128,100492,243
BLS,14-DEC-2020,92.95,95.0,91.0,93.05,120995,78484,1211
BLUEDART,14-DEC-2020,3880.0,3880.0,3800.0,3821.0,13514,8811,2991
BLUESTARCO,14-DEC-2020,780.15,798.7,779.0,792.3,66385,38043,7980
BODALCHEM,14-DEC-2020,78.45,78.7,75.6,76.8,629504,362066,3711
BOMDYEING,14-DEC-2020,74.25,74.95,73.15,73.65,1641725,699166,8248
BOROLTD,14-DEC-2020,172.7,185.8,171.5,185.8,278148,239112,2912
BORORENEW,14-DEC-2020,132.95,157.5,132.95,157.5,1700994,967030,16515
BOSCHLTD,14-DEC-2020,13279.0,13281.0,13060.0,13189.45,71210,19257,11753
BPCL,14-DEC-2020,401.5,406.0,398.6,405.45,11127235,3836070,125568
BPL,14-DEC-2020,22.8,23.4,22.5,23.05,75148,46704,630
BRFL,14-DEC-2020,12.3,13.5,11.75,13.3,212024,183972,552
BRIGADE,14-DEC-2020,236.8,240.8,231.85,237.25,226181,131713,5116
BRITANNIA,14-DEC-2020,3745.0,3792.0,3737.05,3776.95,685712,193959,41883
BRNL,14-DEC-2020,35.8,35.8,34.4,35.0,305128,208968,2212
BROOKS,14-DEC-2020,71.9,71.9,67.5,68.25,64528,45235,627
BSE,14-DEC-2020,616.15,628.0,611.0,623.85,779907,233811,20766
BSELINFRA,14-DEC-2020,1.15,1.15,1.1,1.15,370406,332989,203
BSHSL,14-DEC-2020,92.95,95.0,88.1,92.65,3434,2248,77
BSLGOLDETF,14-DEC-2020,4588.0,4588.0,4456.0,4482.5,227,168,89
BSLNIFTY,14-DEC-2020,148.8,149.34,147.17,148.2,450,343,27
BSOFT,14-DEC-2020,201.9,202.2,196.0,197.15,592266,385724,12349
BURGERKING,14-DEC-2020,112.5,135.0,108.4,135.0,186792834,58556398,849542
BURNPUR,14-DEC-2020,2.6,2.6,2.6,2.6,18565,18565,25
BUTTERFLY,14-DEC-2020,439.85,473.4,427.35,473.4,89346,59571,2141
BYKE,14-DEC-2020,21.0,23.1,20.95,22.5,410584,229434,1709
CADILAHC,14-DEC-2020,469.0,473.7,466.55,469.85,2084100,381144,19585
CALSOFT,14-DEC-2020,11.15,11.6,11.15,11.55,19376,13609,133
CAMLINFINE,14-DEC-2020,116.6,119.7,115.65,117.25,538004,298959,14405
CAMS,14-DEC-2020,1505.55,1533.0,1490.0,1509.75,240597,156235,34477
CANBK,14-DEC-2020,126.95,128.0,125.5,127.4,11127677,2719456,46279
CANFINHOME,14-DEC-2020,492.45,513.95,482.2,487.6,486842,294092,13062
CANTABIL,14-DEC-2020,355.5,359.25,352.0,357.05,103679,21054,5449
CAPACITE,14-DEC-2020,189.35,189.65,185.75,188.1,240963,130998,13410
CAPLIPOINT,14-DEC-2020,502.9,507.35,496.9,503.85,121887,70847,4656
CAPTRUST,14-DEC-2020,103.0,107.35,103.0,105.4,13651,9443,283
CARBORUNIV,14-DEC-2020,378.8,380.65,372.7,374.6,115565,73796,6195
CAREERP,14-DEC-2020,168.5,169.95,166.1,166.6,20423,12688,502
CARERATING,14-DEC-2020,542.4,542.4,520.0,523.35,123985,66239,5548
CASTROLIND,14-DEC-2020,130.6,131.7,127.55,127.85,1118600,709451,13442
CCHHL,14-DEC-2020,7.2,7.2,6.6,6.75,527934,415082,905
CCL,14-DEC-2020,268.9,268.9,256.0,257.25,285253,172568,7000
CDSL,14-DEC-2020,526.7,528.6,516.05,517.75,705502,330441,19239
CEATLTD,14-DEC-2020,1160.0,1170.9,1155.0,1164.6,89102,31997,4990
CEBBCO,14-DEC-2020,16.95,20.0,16.0,19.9,893543,394202,2381
CELEBRITY,14-DEC-2020,4.95,5.15,4.95,5.1,117262,108546,232
CENTENKA,14-DEC-2020,207.9,214.5,204.6,213.05,131221,77281,2993
CENTEXT,14-DEC-2020,6.7,6.7,5.2,6.1,763522,460281,1207
CENTRALBK,14-DEC-2020,15.2,15.6,14.85,14.95,12287520,5587609,13681
CENTRUM,14-DEC-2020,17.2,18.05,14.6,16.95,1210526,572582,2484
CENTUM,14-DEC-2020,385.1,386.05,362.1,366.7,29319,15217,1481
CENTURYPLY,14-DEC-2020,221.0,226.0,215.15,224.95,341240,95950,5975
CENTURYTEX,14-DEC-2020,375.7,382.0,373.1,376.25,803054,202913,11949
CERA,14-DEC-2020,3169.0,3230.0,3126.3,3205.3,5067,2639,2006
CEREBRAINT,14-DEC-2020,34.85,35.9,33.25,33.4,154712,96768,787
CESC,14-DEC-2020,624.25,629.9,619.2,627.5,140687,51079,3832
CESCVENT,14-DEC-2020,270.0,273.3,266.65,269.6,43897,26295,1284
CGCL,14-DEC-2020,295.7,296.95,287.0,294.3,178013,112195,2151
CGPOWER,14-DEC-2020,45.35,45.8,42.4,42.4,5675086,4389002,16634
CHALET,14-DEC-2020,195.75,209.0,194.0,204.4,1228316,480010,15803
CHAMBLFERT,14-DEC-2020,238.0,242.8,226.0,230.5,2576433,914713,38144
CHEMBOND,14-DEC-2020,165.4,166.35,162.0,163.5,7380,4729,452
CHEMCON,14-DEC-2020,432.6,434.05,424.0,425.75,196683,98618,8956
CHEMFAB,14-DEC-2020,139.2,144.0,138.4,140.75,12347,8659,229
CHENNPETRO,14-DEC-2020,105.85,111.8,104.5,110.9,3369285,872899,20622
CHOLAFIN,14-DEC-2020,370.0,374.7,366.7,371.75,2862937,974907,46515
CHOLAHLDNG,14-DEC-2020,525.5,530.0,523.05,529.2,60333,43313,2302
CHROMATIC,14-DEC-2020,0.95,0.95,0.85,0.9,254679,207936,163
CIGNITITEC,14-DEC-2020,426.9,435.2,416.6,425.55,35387,13687,1800
CINELINE,14-DEC-2020,38.0,38.9,37.45,38.25,68431,35208,640
CINEVISTA,14-DEC-2020,7.75,8.35,7.75,7.9,7574,6219,78
CIPLA,14-DEC-2020,778.3,793.3,776.35,789.3,19785595,4548183,309241
CLEDUCATE,14-DEC-2020,65.85,65.85,62.0,62.9,17380,11774,466
CLNINDIA,14-DEC-2020,354.5,360.45,354.5,359.05,32890,16988,1518
CMICABLES,14-DEC-2020,44.2,45.6,42.0,44.35,128254,69692,1576
CNOVAPETRO,14-DEC-2020,8.25,8.25,7.75,8.15,6404,4617,46
COALINDIA,14-DEC-2020,139.65,144.2,139.1,143.35,35605748,9100047,166024
COCHINSHIP,14-DEC-2020,362.95,362.95,357.0,359.85,293477,190619,8167
COFORGE,14-DEC-2020,2501.0,2519.0,2483.0,2503.15,135692,23836,10595
COLPAL,14-DEC-2020,1581.0,1630.0,1575.25,1625.45,1173625,479902,45895
COMPINFO,14-DEC-2020,18.2,18.4,17.4,17.75,426542,273731,1107
COMPUSOFT,14-DEC-2020,9.9,10.35,9.7,10.2,176489,147761,508
CONCOR,14-DEC-2020,402.7,408.1,401.2,404.0,2631263,1504181,23865
CONFIPET,14-DEC-2020,30.6,30.75,29.7,30.05,240334,172594,953
CONSOFINVT,14-DEC-2020,40.25,42.75,37.1,40.7,14752,13415,65
CONTROLPR,14-DEC-2020,219.7,224.8,215.9,218.2,23950,16871,855
CORALFINAC,14-DEC-2020,28.9,31.35,28.6,31.35,258001,162725,1011
CORDSCABLE,14-DEC-2020,44.3,47.0,43.25,46.05,411106,202199,2650
COROMANDEL,14-DEC-2020,795.0,812.75,787.05,801.0,534451,237842,21795
COSMOFILMS,14-DEC-2020,459.45,462.0,454.9,457.05,40812,27745,1899
CPSEETF,14-DEC-2020,20.65,21.2,20.49,21.1,9739086,8624381,5958
CREATIVE,14-DEC-2020,119.0,124.0,112.25,113.45,35920,11837,447
CREATIVEYE,14-DEC-2020,3.45,3.45,2.9,3.4,19466,16385,67
CREDITACC,14-DEC-2020,794.5,820.0,789.0,794.2,82185,40343,9247
CREST,14-DEC-2020,98.0,99.9,96.3,97.15,26873,16910,657
CRISIL,14-DEC-2020,1946.85,1946.85,1907.15,1919.5,21838,12772,3218
CROMPTON,14-DEC-2020,331.05,334.1,320.5,324.6,1001254,819614,23658
CSBBANK,14-DEC-2020,226.0,226.0,219.2,220.35,383204,183010,6347
CTE,14-DEC-2020,46.3,46.3,42.1,42.7,19657,11008,182
CUB,14-DEC-2020,177.95,186.9,177.0,185.1,3258211,1723150,28765
CUMMINSIND,14-DEC-2020,585.55,609.5,584.0,607.65,2356361,497933,37745
CUPID,14-DEC-2020,254.7,257.4,250.0,252.15,96679,59967,2483
CYBERTECH,14-DEC-2020,107.95,114.65,105.25,114.65,538751,359520,3420
CYIENT,14-DEC-2020,501.5,550.75,499.6,535.15,2104999,543238,54592
DAAWAT,14-DEC-2020,58.05,59.2,57.65,58.1,2485629,1259007,11289
DABUR,14-DEC-2020,517.0,518.95,512.4,513.6,3013023,1183838,45991
DALBHARAT,14-DEC-2020,1061.35,1079.15,1056.1,1067.35,102307,59720,12132
DALMIASUG,14-DEC-2020,149.7,151.8,149.3,150.75,155031,81108,2983
DAMODARIND,14-DEC-2020,31.0,31.4,29.05,30.6,28495,21697,164
DANGEE,14-DEC-2020,126.0,127.0,125.0,126.8,5197,3751,134
DATAMATICS,14-DEC-2020,96.3,99.0,94.1,95.2,371386,148933,5422
DBCORP,14-DEC-2020,89.0,89.5,86.5,87.4,437317,253633,5161
DBL,14-DEC-2020,395.95,397.0,382.6,387.9,158271,61861,4742
DBSTOCKBRO,14-DEC-2020,10.5,10.9,10.25,10.45,14794,7538,69
DCAL,14-DEC-2020,154.0,156.5,150.1,155.05,374309,178937,8267
DCBBANK,14-DEC-2020,117.95,124.6,117.05,123.55,4468634,1683927,33968
DCM,14-DEC-2020,39.0,40.8,36.0,36.35,364802,195223,2736
DCMFINSERV,14-DEC-2020,1.55,1.55,1.45,1.55,39490,35860,55
DCMNVL,14-DEC-2020,39.8,42.15,38.7,41.7,88241,61361,375
DCMSHRIRAM,14-DEC-2020,383.85,389.0,383.85,386.85,58421,46396,1045
DCW,14-DEC-2020,20.5,20.8,18.3,18.95,1084246,650433,1946
DECCANCE,14-DEC-2020,354.75,368.1,354.75,357.7,69037,37293,1856
DEEPAKFERT,14-DEC-2020,165.25,166.9,162.0,162.75,618623,253876,6752
DEEPAKNTR,14-DEC-2020,868.0,889.8,846.3,882.1,1023007,273983,30318
DEEPENR,14-DEC-2020,46.25,47.45,45.35,46.2,98099,56338,1007
DELTACORP,14-DEC-2020,164.4,166.7,160.0,165.2,4890887,1799780,35224
DEN,14-DEC-2020,69.4,69.7,68.9,69.1,179517,107288,2584
DENORA,14-DEC-2020,212.05,218.0,212.05,214.9,4427,2114,255
DFMFOODS,14-DEC-2020,399.15,405.95,391.0,394.1,34775,18509,1682
DGCONTENT,14-DEC-2020,14.35,14.35,12.45,13.75,19095,14855,133
DHAMPURSUG,14-DEC-2020,168.95,173.15,168.7,171.85,732612,285459,6785
DHANBANK,14-DEC-2020,13.9,13.9,13.55,13.6,615727,342775,1074
DHANI,14-DEC-2020,284.0,288.0,276.0,285.75,347393,242194,6790
DHANUKA,14-DEC-2020,745.7,753.9,742.0,746.95,38928,27928,3230
DHARSUGAR,14-DEC-2020,6.1,6.4,5.85,6.25,43284,33480,165
DHFL,14-DEC-2020,42.85,42.85,39.65,39.65,6084380,3285161,9826
DHUNINV,14-DEC-2020,260.15,271.5,230.9,260.4,7394,2568,576
DIAMONDYD,14-DEC-2020,688.9,688.9,674.0,674.75,1570,1139,190
DICIND,14-DEC-2020,389.9,397.5,388.1,395.3,6040,2704,478
DISHTV,14-DEC-2020,14.0,15.25,13.8,14.7,31935070,17405103,27382
DIVISLAB,14-DEC-2020,3650.0,3669.75,3584.6,3599.8,858167,409483,57289
DIXON,14-DEC-2020,12789.0,13395.8,12765.0,12900.5,63405,33964,21366
DLF,14-DEC-2020,218.25,218.65,212.3,213.5,7492250,1749606,47310
DLINKINDIA,14-DEC-2020,118.0,122.9,114.0,117.6,600890,129042,9871
DMART,14-DEC-2020,2715.0,2745.0,2651.25,2671.95,486459,153041,39870
DNAMEDIA,14-DEC-2020,0.55,0.55,0.55,0.55,10408,10138,18
DOLAT,14-DEC-2020,46.15,55.7,45.75,54.5,689805,339276,4648
DOLLAR,14-DEC-2020,179.95,184.5,178.5,183.55,69916,26712,1561
DONEAR,14-DEC-2020,32.8,32.8,31.5,31.9,45788,31682,554
DPABHUSHAN,14-DEC-2020,90.1,90.1,81.25,87.25,6726,5322,99
DPSCLTD,14-DEC-2020,12.1,12.2,11.75,11.85,21716,19270,152
DPWIRES,14-DEC-2020,82.15,86.0,82.15,85.1,14763,14004,72
DQE,14-DEC-2020,1.4,1.4,1.3,1.3,128270,92811,74
DREDGECORP,14-DEC-2020,295.75,314.9,291.0,305.15,768768,145606,19117
DRREDDY,14-DEC-2020,4952.0,5054.0,4952.0,5022.8,1183625,293425,78817
DSSL,14-DEC-2020,46.7,54.2,45.25,54.2,106688,70324,1117
DTIL,14-DEC-2020,264.0,268.95,262.0,266.1,5927,3728,420
DUCON,14-DEC-2020,6.65,6.65,6.65,6.65,42207,42207,30
DVL,14-DEC-2020,67.65,71.0,66.5,68.65,11728,7430,321
DWARKESH,14-DEC-2020,31.85,32.75,31.55,32.3,1784662,903460,6069
DYNAMATECH,14-DEC-2020,820.0,848.2,812.6,820.75,12182,7032,1236
DYNPRO,14-DEC-2020,235.0,239.0,233.0,234.2,56926,31915,1801
EASTSILK,14-DEC-2020,1.25,1.25,1.25,1.25,6315,6315,6
EBBETF0423,14-DEC-2020,1100.0,1128.2,1100.0,1109.2,2465,1972,61
EBBETF0425,14-DEC-2020,1025.8,1025.89,1024.05,1024.75,653,630,51
EBBETF0430,14-DEC-2020,1134.05,1134.05,1130.05,1132.85,7353,6958,109
EBBETF0431,14-DEC-2020,1017.05,1017.89,1013.0,1017.8,27048,26993,100
EBIXFOREX,14-DEC-2020,513.0,535.0,510.0,522.9,4114,2378,229
ECLERX,14-DEC-2020,830.0,844.0,810.8,814.5,189609,84077,8002
EDELWEISS,14-DEC-2020,75.0,78.5,74.0,77.95,1836388,1567685,13576
EICHERMOT,14-DEC-2020,2465.0,2465.0,2392.3,2400.45,2480823,1103635,101271
EIDPARRY,14-DEC-2020,342.0,345.9,338.1,338.65,386288,192552,9806
EIHAHOTELS,14-DEC-2020,263.8,308.35,258.55,300.55,306292,66021,9175
EIHOTEL,14-DEC-2020,100.55,102.55,99.5,101.65,901225,379158,9062
EIMCOELECO,14-DEC-2020,335.95,350.0,333.0,338.15,2971,1487,455
EKC,14-DEC-2020,53.0,53.0,51.0,51.15,540595,279741,1983
ELECON,14-DEC-2020,39.8,39.8,37.75,38.05,181784,96305,1590
ELECTCAST,14-DEC-2020,24.0,24.25,23.35,23.6,550591,372818,3082
ELECTHERM,14-DEC-2020,118.0,129.8,118.0,122.05,72231,34445,1717
ELGIEQUIP,14-DEC-2020,156.0,169.0,155.9,162.45,1676769,687697,29751
ELGIRUBCO,14-DEC-2020,23.9,25.0,23.5,23.65,88798,61371,406
EMAMILTD,14-DEC-2020,430.0,433.35,423.1,426.5,533223,362146,14961
EMAMIPAP,14-DEC-2020,83.45,97.0,81.15,87.7,31167,19412,617
EMAMIREAL,14-DEC-2020,51.25,51.9,49.7,51.5,47758,32550,429
EMKAY,14-DEC-2020,71.55,79.4,71.0,75.35,51877,36486,519
EMMBI,14-DEC-2020,79.75,81.7,78.2,79.5,31641,19188,468
ENDURANCE,14-DEC-2020,1169.05,1178.8,1150.5,1160.85,178898,140799,14528
ENERGYDEV,14-DEC-2020,10.2,10.25,10.0,10.25,110256,97322,292
ENGINERSIN,14-DEC-2020,75.85,79.55,75.7,79.05,6627104,3142301,23777
ENIL,14-DEC-2020,164.6,166.7,162.3,163.8,50420,44324,703
EPL,14-DEC-2020,261.0,262.0,258.05,260.45,70319,52064,5054
EQ30,14-DEC-2020,391.65,400.0,391.65,400.0,184,182,15
EQUITAS,14-DEC-2020,70.0,71.0,68.85,70.05,2902922,2102683,29527
EQUITASBNK,14-DEC-2020,37.7,37.85,36.1,37.6,1669172,1008441,6821
ERIS,14-DEC-2020,540.0,548.0,536.5,537.85,93705,45364,6255
EROSMEDIA,14-DEC-2020,23.35,25.2,22.0,24.85,1511777,592223,3280
ESABINDIA,14-DEC-2020,1557.0,1780.25,1557.0,1724.85,102677,26595,10376
ESCORTS,14-DEC-2020,1372.0,1372.0,1328.5,1332.8,1537324,565155,78605
ESSARSHPNG,14-DEC-2020,9.9,10.2,9.85,9.95,76279,62186,277
ESTER,14-DEC-2020,126.5,128.35,124.5,125.35,295152,84291,7629
EUROMULTI,14-DEC-2020,1.8,1.8,1.7,1.8,19144,18636,51
EUROTEXIND,14-DEC-2020,7.7,7.7,7.7,7.7,1000,1000,2
EVEREADY,14-DEC-2020,195.8,200.0,195.75,199.35,572000,402831,8730
EVERESTIND,14-DEC-2020,287.5,289.9,284.05,285.05,64964,39750,1505
EXCELINDUS,14-DEC-2020,890.55,895.0,870.0,872.65,11372,6422,1703
EXIDEIND,14-DEC-2020,194.6,196.85,192.2,193.65,2949100,633211,21181
EXPLEOSOL,14-DEC-2020,470.0,474.0,457.0,458.45,25114,17453,1296
FACT,14-DEC-2020,55.25,57.35,54.55,55.6,473614,118995,3005
FCL,14-DEC-2020,50.3,51.95,48.05,49.85,449465,259758,3299
FCONSUMER,14-DEC-2020,8.95,9.05,8.8,8.9,5231027,2551760,4798
FCSSOFT,14-DEC-2020,0.75,0.75,0.75,0.75,1330052,1330052,254
FDC,14-DEC-2020,348.8,353.0,346.25,347.35,77638,35546,2374
FEDERALBNK,14-DEC-2020,66.55,69.1,66.55,68.4,48793541,11065584,86227
FEL,14-DEC-2020,11.75,11.75,11.0,11.5,1918082,902780,2764
FELDVR,14-DEC-2020,15.45,15.45,14.65,15.0,52464,32813,221
FIEMIND,14-DEC-2020,540.8,544.9,532.4,537.8,18012,8237,1335
FILATEX,14-DEC-2020,39.9,41.95,39.5,41.15,1550535,1044974,3850
FINCABLES,14-DEC-2020,360.0,364.8,353.3,358.6,329755,187255,10043
FINEORG,14-DEC-2020,2527.95,2530.0,2481.0,2485.3,13848,7556,2146
FINPIPE,14-DEC-2020,636.0,649.9,635.1,640.25,46961,30764,5009
FLFL,14-DEC-2020,89.55,90.9,87.9,88.35,254541,162975,2186
FLUOROCHEM,14-DEC-2020,579.25,583.75,567.65,575.1,63545,48889,1540
FMGOETZE,14-DEC-2020,320.0,324.25,317.85,319.8,37968,18918,1203
FMNL,14-DEC-2020,20.6,20.8,19.0,19.5,84671,49069,478
FORCEMOT,14-DEC-2020,1430.0,1438.0,1390.3,1395.55,64942,25397,5190
FORTIS,14-DEC-2020,152.0,157.85,150.1,155.4,4544849,2901556,20836
FOSECOIND,14-DEC-2020,1229.0,1249.0,1224.1,1244.6,2553,1682,384
FRETAIL,14-DEC-2020,81.0,81.35,79.5,80.05,1889032,1153911,12145
FSC,14-DEC-2020,108.6,108.6,105.05,106.2,48798,32676,1079
FSL,14-DEC-2020,75.0,79.5,75.0,78.65,5510817,3149422,33734
GABRIEL,14-DEC-2020,113.7,114.9,111.8,113.2,141739,67458,2570
GAEL,14-DEC-2020,123.7,125.25,122.3,124.25,450858,231054,5107
GAIL,14-DEC-2020,127.0,128.2,125.1,125.45,20685428,4121778,65295
GAL,14-DEC-2020,3.1,3.25,3.1,3.2,43050,42549,80
GALAXYSURF,14-DEC-2020,1913.95,1913.95,1880.5,1886.8,16858,8042,3466
GALLANTT,14-DEC-2020,35.45,36.35,34.9,35.35,10199,8519,241
GALLISPAT,14-DEC-2020,32.5,33.2,31.6,31.95,8250,6928,79
GAMMNINFRA,14-DEC-2020,0.85,0.85,0.8,0.8,3507464,2132757,703
GANDHITUBE,14-DEC-2020,236.65,239.7,236.0,238.4,3463,2067,157
GANECOS,14-DEC-2020,327.5,335.9,321.0,322.95,29868,23415,499
GANESHHOUC,14-DEC-2020,30.35,33.25,30.35,32.95,37121,26800,212
GANGESSECU,14-DEC-2020,59.0,61.6,58.05,58.6,26493,15535,198
GARDENSILK,14-DEC-2020,12.5,12.6,12.05,12.6,55798,48799,200
GARFIBRES,14-DEC-2020,2190.0,2195.0,2140.0,2146.6,8919,6171,1640
GATI,14-DEC-2020,87.95,88.5,85.0,86.25,275329,162806,3616
GAYAHWS,14-DEC-2020,0.65,0.65,0.6,0.65,1342000,1087002,416
GAYAPROJ,14-DEC-2020,38.15,38.15,38.15,38.15,521550,521550,476
GBGLOBAL,14-DEC-2020,7.0,7.35,6.65,6.7,9877,7187,75
GDL,14-DEC-2020,115.05,120.0,115.05,116.65,302219,149768,4068
GEECEE,14-DEC-2020,81.05,84.0,81.0,81.8,9090,7485,305
GENESYS,14-DEC-2020,58.5,58.55,55.1,58.15,15889,12968,208
GENUSPAPER,14-DEC-2020,5.75,5.75,5.5,5.6,203210,137167,340
GENUSPOWER,14-DEC-2020,34.25,35.4,34.05,35.0,382354,257339,1189
GEOJITFSL,14-DEC-2020,57.35,59.5,56.0,57.25,993661,514448,5986
GEPIL,14-DEC-2020,298.4,305.75,295.0,305.75,654178,328082,10105
GESHIP,14-DEC-2020,285.7,290.0,282.75,285.6,417885,192064,14582
GET&D,14-DEC-2020,117.45,120.45,114.0,116.65,122917,49767,2597
GFLLIMITED,14-DEC-2020,86.65,86.65,84.2,85.15,34070,21755,490
GHCL,14-DEC-2020,196.0,198.1,194.0,195.45,259179,104461,3988
GICHSGFIN,14-DEC-2020,115.2,117.5,114.1,116.05,585823,219468,5027
GICRE,14-DEC-2020,142.9,144.7,141.6,142.75,355721,183372,6418
GILLANDERS,14-DEC-2020,41.95,42.1,40.35,42.1,36237,33648,89
GILLETTE,14-DEC-2020,5969.0,6200.0,5555.1,6008.1,23318,5022,4426
GINNIFILA,14-DEC-2020,21.3,21.4,19.75,21.1,148183,100915,557
GIPCL,14-DEC-2020,82.15,86.5,81.55,84.7,1548282,732088,11472
GISOLUTION,14-DEC-2020,2.0,2.0,2.0,2.0,18159,18159,5
GKWLIMITED,14-DEC-2020,730.0,730.0,641.0,653.05,6086,3387,811
GLAND,14-DEC-2020,2245.0,2273.0,2221.0,2224.4,167368,108689,11201
GLAXO,14-DEC-2020,1551.35,1560.0,1545.0,1549.85,21307,10958,2123
GLENMARK,14-DEC-2020,531.0,534.45,524.6,526.25,1022166,213972,14901
GLFL,14-DEC-2020,2.75,2.8,2.6,2.75,20002,19550,50
GLOBAL,14-DEC-2020,63.85,63.9,60.9,63.9,94083,84119,416
GLOBALVECT,14-DEC-2020,61.75,61.75,59.0,59.7,15215,8785,333
GLOBE,14-DEC-2020,61.7,62.3,59.4,61.35,7325,4768,33
GLOBOFFS,14-DEC-2020,8.6,8.6,8.35,8.6,7767,5898,53
GLOBUSSPR,14-DEC-2020,333.7,339.75,316.8,329.9,117218,49022,3243
GMBREW,14-DEC-2020,427.85,437.5,426.5,428.9,25972,11912,1113
GMDCLTD,14-DEC-2020,52.0,55.9,51.9,55.35,7458930,2344058,24326
GMMPFAUDLR,14-DEC-2020,3784.7,3795.0,3740.0,3744.1,17179,8891,3828
GMRINFRA,14-DEC-2020,26.7,27.3,26.35,27.15,12463946,4316203,22238
GNA,14-DEC-2020,257.3,262.0,256.4,258.45,21173,12957,1034
GNFC,14-DEC-2020,244.6,251.4,240.9,248.05,862491,316678,11744
GOCLCORP,14-DEC-2020,203.35,204.15,198.0,203.1,10002,7130,319
GODFRYPHLP,14-DEC-2020,1019.0,1034.0,1005.0,1008.4,85694,35584,7171
GODREJAGRO,14-DEC-2020,528.1,536.6,525.05,527.95,118238,43926,5376
GODREJCP,14-DEC-2020,732.0,732.9,722.1,723.25,939165,521496,32232
GODREJIND,14-DEC-2020,453.25,454.7,447.5,451.95,215860,158998,6076
GODREJPROP,14-DEC-2020,1303.4,1315.0,1280.85,1290.55,773433,151798,25317
GOKEX,14-DEC-2020,83.75,84.65,82.95,83.25,125156,78459,1103
GOKUL,14-DEC-2020,15.85,16.95,15.4,16.45,69438,48782,302
GOKULAGRO,14-DEC-2020,18.4,19.0,17.6,18.2,133681,73793,755
GOLDBEES,14-DEC-2020,42.77,42.8,42.54,42.56,2268861,1637368,12943
GOLDENTOBC,14-DEC-2020,33.15,33.15,30.1,31.25,10120,8756,98
GOLDIAM,14-DEC-2020,171.8,199.2,168.1,194.9,461568,197527,6425
GOLDSHARE,14-DEC-2020,4440.0,4474.45,4420.0,4424.7,1578,1191,378
GOLDTECH,14-DEC-2020,10.15,10.15,9.65,10.0,44353,29688,291
GOODLUCK,14-DEC-2020,49.8,58.6,49.15,58.1,1226202,450234,7476
GOODYEAR,14-DEC-2020,1066.0,1099.0,1052.25,1059.45,48064,31278,5936
GPIL,14-DEC-2020,475.05,485.0,465.1,480.3,113053,65172,2951
GPPL,14-DEC-2020,92.0,94.9,90.7,91.0,834200,545024,9978
GPTINFRA,14-DEC-2020,39.0,39.15,36.55,37.2,31535,21960,306
GRANULES,14-DEC-2020,388.1,390.75,379.5,380.25,1097035,740940,23662
GRAPHITE,14-DEC-2020,278.5,297.5,278.5,287.5,3528051,989794,52097
GRASIM,14-DEC-2020,906.65,924.0,906.3,911.45,2044684,613930,34287
GRAVITA,14-DEC-2020,53.55,60.1,53.55,58.0,1134686,517080,6612
GREAVESCOT,14-DEC-2020,84.4,85.5,83.35,85.1,1275985,659073,9801
GREENLAM,14-DEC-2020,838.0,838.0,798.15,800.0,17829,16203,696
GREENPANEL,14-DEC-2020,113.65,118.55,107.5,117.75,369080,259772,3276
GREENPLY,14-DEC-2020,114.85,117.9,111.0,112.4,437131,174540,4832
GREENPOWER,14-DEC-2020,2.45,2.6,2.4,2.5,9556166,6324281,10205
GRINDWELL,14-DEC-2020,670.2,678.75,655.0,658.0,17930,6997,2369
GROBTEA,14-DEC-2020,586.95,619.0,585.0,590.6,441,302,75
GRPLTD,14-DEC-2020,952.05,969.95,911.0,922.05,435,226,72
GRSE,14-DEC-2020,195.8,201.8,194.6,196.3,472501,195325,4518
GSCLCEMENT,14-DEC-2020,37.0,40.7,36.15,38.65,3566211,1193397,9081
GSFC,14-DEC-2020,77.9,78.15,75.5,76.35,1607500,662772,9239
GSPL,14-DEC-2020,234.0,234.0,228.35,233.05,649863,351674,12232
GSS,14-DEC-2020,46.7,47.0,45.0,45.3,40384,30688,345
GTL,14-DEC-2020,4.7,4.7,4.7,4.7,16529,16529,52
GTLINFRA,14-DEC-2020,0.75,0.75,0.7,0.75,20013285,14566317,1843
GTNIND,14-DEC-2020,10.4,11.15,10.4,11.1,5085,4885,16
GTNTEX,14-DEC-2020,5.8,5.8,5.8,5.8,92,92,2
GTPL,14-DEC-2020,129.8,132.7,124.3,125.4,151477,91456,2733
GUFICBIO,14-DEC-2020,125.9,125.9,120.9,122.3,138377,70655,2837
GUJALKALI,14-DEC-2020,353.45,358.5,349.7,351.65,182042,41259,6486
GUJAPOLLO,14-DEC-2020,199.5,203.9,197.15,198.75,3860,2160,163
GUJGASLTD,14-DEC-2020,350.0,360.6,347.8,359.4,1526224,597423,28076
GULFOILLUB,14-DEC-2020,760.0,774.55,757.45,766.45,41864,30607,2641
GULFPETRO,14-DEC-2020,47.25,47.25,44.55,45.2,77605,53833,663
GULPOLY,14-DEC-2020,81.3,82.45,78.95,81.15,55466,37082,845
HAL,14-DEC-2020,862.0,878.8,860.8,873.15,318900,139395,13753
HAPPSTMNDS,14-DEC-2020,324.0,326.9,320.0,320.7,740054,269392,15214
HARITASEAT,14-DEC-2020,480.4,489.0,477.95,481.6,13639,7496,270
HARRMALAYA,14-DEC-2020,119.0,120.9,114.5,115.05,113441,50731,2287
HATHWAY,14-DEC-2020,34.8,35.6,33.5,34.15,489589,332569,2689
HATSUN,14-DEC-2020,805.3,809.3,777.1,785.2,86887,37891,6489
HAVELLS,14-DEC-2020,829.5,830.55,822.1,826.95,628450,227878,17572
HBANKETF,14-DEC-2020,302.72,306.4,302.72,305.75,2549,2526,83
HBLPOWER,14-DEC-2020,27.85,28.45,26.7,27.1,683424,393534,3154
HBSL,14-DEC-2020,6.95,6.95,6.95,6.95,765,765,7
HCC,14-DEC-2020,8.3,9.25,7.95,8.65,27793906,10262807,14452
HCG,14-DEC-2020,161.8,185.7,159.2,171.2,1029851,322026,15496
HCL-INSYS,14-DEC-2020,9.4,9.4,8.95,9.0,777363,546158,1327
HCLTECH,14-DEC-2020,866.1,875.65,858.1,873.0,5143894,2491901,114180
HDFC,14-DEC-2020,2306.7,2315.65,2270.55,2302.65,3160235,1884770,130954
HDFCAMC,14-DEC-2020,2849.0,2852.0,2804.15,2841.8,204663,84365,24683
HDFCBANK,14-DEC-2020,1383.0,1388.0,1368.0,1372.15,8611025,4356567,226700
HDFCLIFE,14-DEC-2020,667.45,668.0,653.25,655.75,2696137,1516435,84322
HDFCMFGETF,14-DEC-2020,4390.0,4392.75,4355.0,4360.35,8190,5974,865
HDFCNIFETF,14-DEC-2020,1400.0,1426.9,1400.0,1419.55,529,484,88
HDFCSENETF,14-DEC-2020,4890.0,4916.0,4890.0,4915.0,124,93,39
HEG,14-DEC-2020,844.65,897.75,838.25,876.1,2604781,466227,79569
HEIDELBERG,14-DEC-2020,209.0,211.5,206.05,208.8,196130,109459,3809
HEMIPROP,14-DEC-2020,77.9,79.0,75.1,78.4,1932148,1012168,8847
HERCULES,14-DEC-2020,124.5,124.5,118.7,120.85,111036,41364,1610
HERITGFOOD,14-DEC-2020,330.0,332.0,317.0,328.4,264987,109330,6804
HEROMOTOCO,14-DEC-2020,3214.0,3214.0,3105.0,3113.65,1421591,490290,85526
HESTERBIO,14-DEC-2020,1757.75,1764.25,1726.0,1738.25,2967,2291,361
HEXATRADEX,14-DEC-2020,34.45,35.8,33.15,35.0,19325,12916,129
HFCL,14-DEC-2020,22.5,23.2,21.7,22.6,11143550,4885651,17507
HGINFRA,14-DEC-2020,223.95,230.8,222.1,222.85,29218,15532,1216
HGS,14-DEC-2020,1158.0,1249.9,1150.1,1201.5,104806,33039,10417
HIKAL,14-DEC-2020,171.6,172.0,169.05,169.25,351950,199451,4624
HIL,14-DEC-2020,2030.0,2075.0,2014.0,2026.25,10428,6036,1683
HILTON,14-DEC-2020,11.85,11.85,11.5,11.85,23115,21004,63
HIMATSEIDE,14-DEC-2020,147.95,148.0,142.0,143.5,364231,190530,6431
HINDALCO,14-DEC-2020,245.95,248.15,244.05,246.35,10448747,3882214,61615
HINDCOMPOS,14-DEC-2020,219.55,225.4,219.5,223.95,7409,5502,455
HINDCOPPER,14-DEC-2020,45.0,53.15,44.55,53.05,18679294,5140285,49358
HINDMOTORS,14-DEC-2020,6.85,6.95,6.55,6.8,267026,197813,687
HINDNATGLS,14-DEC-2020,35.0,40.0,33.65,38.9,145813,109951,1144
HINDOILEXP,14-DEC-2020,92.0,103.75,91.4,100.0,3032666,991036,21619
HINDPETRO,14-DEC-2020,219.4,229.75,218.05,228.7,20815265,7008375,141936
HINDUNILVR,14-DEC-2020,2380.95,2391.4,2356.15,2370.75,1575632,797372,105773
HINDZINC,14-DEC-2020,243.45,247.2,241.4,242.55,440451,175555,7220
HIRECT,14-DEC-2020,150.5,152.1,147.5,148.65,20508,13301,636
HISARMETAL,14-DEC-2020,85.0,86.4,83.1,84.15,4522,2514,158
HITECH,14-DEC-2020,199.45,199.5,194.15,197.9,68461,35605,339
HITECHCORP,14-DEC-2020,116.6,124.0,112.2,116.05,26073,16241,370
HLVLTD,14-DEC-2020,5.25,5.45,5.05,5.35,550482,419567,729
HMVL,14-DEC-2020,57.05,58.45,56.5,57.75,57602,38139,518
HNDFDS,14-DEC-2020,1157.9,1174.0,1125.0,1130.9,7829,5611,897
HNGSNGBEES,14-DEC-2020,355.5,355.5,349.0,351.49,2546,2284,125
HONAUT,14-DEC-2020,31300.0,31995.0,31210.0,31821.8,3763,1620,2171
HONDAPOWER,14-DEC-2020,1040.0,1069.0,1030.45,1060.35,30977,14286,2922
HOVS,14-DEC-2020,41.5,42.15,39.7,40.15,29570,18754,410
HPL,14-DEC-2020,38.7,39.6,38.0,38.3,171982,132533,1861
HSCL,14-DEC-2020,42.6,43.35,42.5,43.1,2168333,1237603,7055
HSIL,14-DEC-2020,107.0,110.8,106.0,109.95,221409,131979,5483
HTMEDIA,14-DEC-2020,16.3,17.0,15.8,16.7,500502,288919,1228
HUBTOWN,14-DEC-2020,14.5,15.2,14.05,14.65,87472,71325,352
HUDCO,14-DEC-2020,39.9,40.45,39.25,39.65,1646539,761841,5530
HUHTAMAKI,14-DEC-2020,311.9,312.2,303.0,304.3,65153,48541,1704
IBMFNIFTY,14-DEC-2020,130.63,137.75,130.63,134.98,414,192,41
IBREALEST,14-DEC-2020,68.25,69.5,68.2,68.65,3384102,2316617,21626
IBULHSGFIN,14-DEC-2020,194.95,196.95,193.05,194.45,5397358,997230,35176
ICEMAKE,14-DEC-2020,106.0,109.9,102.1,106.85,94657,69167,957
ICICI500,14-DEC-2020,183.0,216.9,181.05,183.0,976,694,147
ICICIALPLV,14-DEC-2020,138.01,138.01,131.0,135.1,356,226,32
ICICIB22,14-DEC-2020,31.21,32.45,31.21,32.35,466373,389489,8247
ICICIBANK,14-DEC-2020,518.1,527.8,518.1,525.8,26369591,11211522,292263
ICICIBANKN,14-DEC-2020,282.1,306.54,282.1,304.94,6160,2640,255
ICICIBANKP,14-DEC-2020,166.3,168.32,166.3,167.81,8013,7190,79
ICICIGI,14-DEC-2020,1479.7,1493.9,1469.0,1489.75,1086597,758601,44060
ICICIGOLD,14-DEC-2020,41.2,44.1,41.2,43.6,368775,335950,1310
ICICILIQ,14-DEC-2020,1000.0,1000.0,999.5,999.99,37815,37475,72
ICICILOVOL,14-DEC-2020,112.7,112.7,106.25,110.78,140686,136906,398
ICICIM150,14-DEC-2020,77.5,78.3,77.5,78.2,1836,1616,41
ICICIMCAP,14-DEC-2020,75.0,77.09,75.0,76.57,2628,1722,132
ICICINF100,14-DEC-2020,160.2,160.2,142.7,147.17,6921,5082,185
ICICINIFTY,14-DEC-2020,143.26,144.25,142.75,144.0,291489,147230,6907
ICICINV20,14-DEC-2020,68.3,70.3,68.3,69.76,3924,2582,459
ICICINXT50,14-DEC-2020,32.33,32.7,31.1,32.52,9095,6996,248
ICICIPRULI,14-DEC-2020,500.0,500.4,484.9,490.25,855417,378191,19747
ICICISENSX,14-DEC-2020,490.0,499.69,488.0,499.12,2613,1428,89
ICICITECH,14-DEC-2020,227.0,234.1,225.05,228.33,16990,16371,68
ICIL,14-DEC-2020,154.0,159.7,151.0,153.7,127736,94423,4673
ICRA,14-DEC-2020,2755.1,2788.3,2640.0,2693.8,14549,8432,2210
IDBI,14-DEC-2020,41.75,41.95,40.55,41.05,1790713,734666,5685
IDBIGOLD,14-DEC-2020,4578.65,4578.65,4501.0,4513.35,89,72,36
IDEA,14-DEC-2020,10.25,10.4,9.9,10.05,275807086,79433762,169351
IDFC,14-DEC-2020,39.4,41.25,39.25,40.55,12293878,8103586,24366
IDFCFIRSTB,14-DEC-2020,37.9,38.0,37.5,37.75,15159919,4442112,37514
IDFNIFTYET,14-DEC-2020,145.74,149.0,140.7,143.21,1007,501,70
IEX,14-DEC-2020,218.35,220.3,211.55,213.2,1021428,528295,13950
IFBAGRO,14-DEC-2020,483.0,579.1,483.0,579.1,195128,57801,10391
IFBIND,14-DEC-2020,1080.0,1210.0,1067.5,1163.95,485725,118056,24377
IFCI,14-DEC-2020,10.7,10.95,9.85,10.25,13009248,5039604,118121
IFGLEXPOR,14-DEC-2020,192.0,203.5,192.0,197.7,13550,8000,492
IGARASHI,14-DEC-2020,340.0,346.85,333.45,339.1,128854,49928,4301
IGL,14-DEC-2020,486.2,499.0,483.5,495.45,3835715,1074937,55603
IGPL,14-DEC-2020,470.0,479.9,462.0,470.05,20271,13552,787
IIFL,14-DEC-2020,117.15,120.9,117.15,118.3,974926,295533,8455
IIFLSEC,14-DEC-2020,48.0,48.4,46.65,47.35,376711,227165,1823
IIFLWAM,14-DEC-2020,1046.15,1089.9,1046.15,1064.6,28277,17291,4242
IITL,14-DEC-2020,84.05,88.25,81.1,83.05,13185,11239,124
IMAGICAA,14-DEC-2020,7.4,7.45,6.5,7.0,681543,494508,1013
IMFA,14-DEC-2020,300.1,302.95,294.0,298.6,12188,6450,983
IMPAL,14-DEC-2020,606.0,624.5,595.0,603.05,6572,4276,635
IMPEXFERRO,14-DEC-2020,0.75,0.8,0.75,0.75,34793,34493,59
INDBANK,14-DEC-2020,12.4,12.6,12.05,12.2,65060,55463,314
INDHOTEL,14-DEC-2020,128.85,130.25,127.8,128.45,1286919,542788,15160
INDIACEM,14-DEC-2020,149.15,154.95,149.1,152.05,1789581,762791,17479
INDIAGLYCO,14-DEC-2020,305.9,319.0,305.2,309.05,620427,172736,15520
INDIAMART,14-DEC-2020,5399.0,5399.95,5330.0,5387.85,41060,30784,12089
INDIANB,14-DEC-2020,85.95,97.75,85.9,95.9,14205688,3218838,54897
INDIANCARD,14-DEC-2020,105.5,114.65,105.5,113.15,6067,3819,203
INDIANHUME,14-DEC-2020,195.4,203.0,192.9,198.7,169161,85522,4062
INDIGO,14-DEC-2020,1728.0,1732.5,1697.5,1715.1,1161901,329644,40702
INDLMETER,14-DEC-2020,20.05,20.05,19.05,19.45,4949,4475,40
INDNIPPON,14-DEC-2020,363.8,363.95,354.7,355.4,10258,5958,525
INDOCO,14-DEC-2020,285.9,289.75,278.5,280.05,102926,56283,3533
INDORAMA,14-DEC-2020,37.8,37.8,34.3,34.55,258009,182737,1337
INDOSTAR,14-DEC-2020,328.0,334.65,315.0,317.65,97619,32562,3485
INDOTECH,14-DEC-2020,114.45,114.45,109.1,110.9,9029,5104,375
INDOTHAI,14-DEC-2020,22.55,23.1,21.35,22.95,10387,8196,58
INDOWIND,14-DEC-2020,4.35,4.75,4.3,4.6,370291,270066,509
INDRAMEDCO,14-DEC-2020,62.0,62.1,59.5,60.1,478437,259397,3979
INDSWFTLAB,14-DEC-2020,61.85,63.45,59.25,61.8,72524,55512,571
INDTERRAIN,14-DEC-2020,34.7,35.25,33.65,34.7,307721,208896,1512
INDUSINDBK,14-DEC-2020,927.0,935.0,918.05,921.25,5936096,961735,107627
INEOSSTYRO,14-DEC-2020,780.55,844.0,773.95,830.25,261123,102403,9412
INFOBEAN,14-DEC-2020,135.0,135.0,130.0,132.3,14561,8242,267
INFRABEES,14-DEC-2020,373.0,379.98,373.0,378.97,642,456,39
INFRATEL,14-DEC-2020,245.15,253.15,241.05,246.35,10264387,1730844,79420
INFY,14-DEC-2020,1169.4,1172.6,1148.2,1164.55,6728187,3574438,186990
INGERRAND,14-DEC-2020,637.6,643.9,630.6,637.75,32331,17230,3980
INOXLEISUR,14-DEC-2020,292.95,293.65,287.5,289.35,586921,317071,13895
INOXWIND,14-DEC-2020,57.9,59.85,56.15,58.25,523487,289626,3833
INSECTICID,14-DEC-2020,452.6,481.0,451.25,467.75,101015,37638,3466
INSPIRISYS,14-DEC-2020,29.9,32.15,29.9,32.15,89972,62849,298
INTEGRA,14-DEC-2020,1.4,1.4,1.4,1.4,4089,4089,7
INTELLECT,14-DEC-2020,286.0,300.75,286.0,300.75,535022,335438,10635
INTENTECH,14-DEC-2020,37.25,39.2,36.1,38.7,52555,39285,436
INVENTURE,14-DEC-2020,24.9,25.45,23.65,23.9,45329,28115,252
IOB,14-DEC-2020,11.6,11.7,11.35,11.55,3278842,1611557,4216
IOC,14-DEC-2020,95.0,96.8,94.6,96.2,34961172,9447858,89098
IOLCP,14-DEC-2020,770.1,774.45,763.95,765.5,154724,82814,5754
IPCALAB,14-DEC-2020,2229.9,2257.9,2211.0,2228.1,335234,196081,54677
IRB,14-DEC-2020,114.55,115.45,112.45,113.2,340454,174485,3960
IRCON,14-DEC-2020,91.4,91.6,89.7,90.55,706812,321822,5116
IRCTC,14-DEC-2020,1424.9,1508.7,1422.05,1479.0,9444600,2057690,273051
ISEC,14-DEC-2020,471.0,474.0,464.05,465.6,759961,505900,23389
ISFT,14-DEC-2020,67.2,68.65,63.4,65.15,19517,13569,462
ISMTLTD,14-DEC-2020,10.85,11.5,10.85,11.0,171617,136114,351
ITC,14-DEC-2020,217.95,218.6,215.0,215.9,26990063,8649787,160180
ITDC,14-DEC-2020,275.0,288.4,275.0,282.15,93270,26211,3323
ITDCEM,14-DEC-2020,57.65,61.0,57.05,59.75,1439185,550931,7822
ITI,14-DEC-2020,128.1,135.25,127.3,132.85,1424436,661050,13268
IVZINGOLD,14-DEC-2020,4411.0,4449.0,4401.0,4405.6,43,27,18
IVZINNIFTY,14-DEC-2020,1450.4,1462.1,1450.4,1461.8,25,12,8
IZMO,14-DEC-2020,54.0,56.1,53.25,53.9,58631,34552,886
J&KBANK,14-DEC-2020,24.95,25.0,24.3,24.5,2696600,1400001,6332
JAGRAN,14-DEC-2020,45.55,46.9,45.0,46.2,1414758,703892,6113
JAGSNPHARM,14-DEC-2020,68.45,77.7,65.9,71.7,697872,267920,6805
JAIBALAJI,14-DEC-2020,20.95,20.95,19.85,20.2,6653,5487,51
JAICORPLTD,14-DEC-2020,94.8,95.3,92.15,93.25,933877,282008,4801
JAMNAAUTO,14-DEC-2020,55.05,56.25,54.9,55.25,1796131,1288223,5020
JASH,14-DEC-2020,229.85,229.9,222.35,224.5,7893,5471,247
JAYAGROGN,14-DEC-2020,124.8,126.0,120.65,122.3,20976,9358,661
JAYBARMARU,14-DEC-2020,250.0,254.0,250.0,251.6,22263,9944,945
JAYNECOIND,14-DEC-2020,5.85,5.85,5.85,5.85,8619,8619,23
JAYSREETEA,14-DEC-2020,74.4,75.45,72.5,72.95,227188,83131,2228
JBCHEPHARM,14-DEC-2020,1007.8,1069.0,995.3,1022.2,144642,84108,15370
JBFIND,14-DEC-2020,10.6,10.6,10.25,10.6,67940,56088,1207
JBMA,14-DEC-2020,275.25,280.0,273.8,276.75,20104,12961,735
JCHAC,14-DEC-2020,2215.0,2230.35,2186.1,2193.9,31016,4600,1520
JHS,14-DEC-2020,20.25,22.0,20.1,22.0,246128,197397,826
JINDALPHOT,14-DEC-2020,32.2,32.2,32.2,32.2,20982,20910,169
JINDALPOLY,14-DEC-2020,465.1,478.0,465.05,473.3,22922,13946,1721
JINDALSAW,14-DEC-2020,77.0,77.7,75.7,76.9,1330110,419702,6568
JINDALSTEL,14-DEC-2020,264.85,269.4,261.0,263.3,9956703,1844392,60047
JINDRILL,14-DEC-2020,98.0,99.9,96.0,97.75,54006,25131,950
JINDWORLD,14-DEC-2020,49.95,59.15,48.75,59.15,488023,153481,4679
JISLDVREQS,14-DEC-2020,12.65,13.2,12.3,13.0,154626,92196,437
JISLJALEQS,14-DEC-2020,19.3,20.05,18.6,20.05,5507530,3229615,5563
JKCEMENT,14-DEC-2020,1950.0,1970.0,1921.05,1936.6,110735,72188,6165
JKIL,14-DEC-2020,135.0,137.7,133.65,135.95,86205,58307,1658
JKLAKSHMI,14-DEC-2020,345.0,347.8,340.1,340.7,257872,161017,6278
JKPAPER,14-DEC-2020,104.1,104.8,102.7,103.4,1053544,438303,8755
JKTYRE,14-DEC-2020,83.0,84.0,78.55,79.8,1405548,715630,8479
JMA,14-DEC-2020,32.65,32.9,31.15,32.3,10760,10118,98
JMCPROJECT,14-DEC-2020,68.0,68.9,66.25,66.6,159258,89533,1907
JMFINANCIL,14-DEC-2020,82.95,84.5,82.25,83.25,8149922,6554471,15455
JMTAUTOLTD,14-DEC-2020,2.75,2.75,2.55,2.6,2226050,1231898,1390
JOCIL,14-DEC-2020,177.3,186.0,170.0,183.95,24189,12857,469
JPASSOCIAT,14-DEC-2020,7.9,7.9,7.7,7.9,16885709,10041192,6002
JPINFRATEC,14-DEC-2020,2.5,2.5,2.5,2.5,1615286,1615285,332
JPOLYINVST,14-DEC-2020,20.2,20.2,18.5,19.8,4905,3373,104
JPPOWER,14-DEC-2020,4.15,4.25,4.0,4.1,116279644,55591862,26769
JSL,14-DEC-2020,68.35,70.15,66.6,66.85,676609,362016,3779
JSLHISAR,14-DEC-2020,133.8,137.5,131.4,132.8,788627,351605,8799
JSWENERGY,14-DEC-2020,68.35,68.75,67.0,67.9,976105,482626,4542
JSWHL,14-DEC-2020,3449.95,4038.5,3404.75,3963.95,17478,9975,2108
JSWISPL,14-DEC-2020,28.0,28.1,27.0,27.4,601779,429085,1350
JSWSTEEL,14-DEC-2020,363.95,364.9,356.3,357.5,4927085,763413,42798
JTEKTINDIA,14-DEC-2020,83.75,88.55,83.45,86.15,559542,261418,5328
JUBILANT,14-DEC-2020,810.0,832.95,798.25,809.75,349226,138887,13101
JUBLFOOD,14-DEC-2020,2667.0,2678.95,2592.05,2633.65,891501,203034,40822
JUBLINDS,14-DEC-2020,252.9,253.5,237.95,245.3,72620,33071,2181
JUMPNET,14-DEC-2020,17.7,17.7,17.1,17.7,2002683,1508503,1818
JUNIORBEES,14-DEC-2020,342.0,342.0,330.5,335.6,63688,41633,3490
JUSTDIAL,14-DEC-2020,615.9,632.1,610.0,617.4,891393,194161,26447
JYOTHYLAB,14-DEC-2020,142.0,149.0,141.5,145.3,2942090,1140668,29633
KABRAEXTRU,14-DEC-2020,94.45,96.15,91.9,94.95,52753,39856,620
KAJARIACER,14-DEC-2020,669.9,679.0,660.0,676.7,151505,88240,5392
KAKATCEM,14-DEC-2020,188.5,192.0,187.1,188.85,18765,10958,460
KALPATPOWR,14-DEC-2020,325.0,326.9,317.05,319.9,476180,237096,11599
KAMATHOTEL,14-DEC-2020,37.5,41.8,36.5,40.8,1813717,592524,8164
KAMDHENU,14-DEC-2020,109.85,111.3,101.8,107.45,202473,80810,4129
KANANIIND,14-DEC-2020,3.8,4.1,3.8,4.0,37003,14589,60
KANORICHEM,14-DEC-2020,45.95,47.0,44.75,45.1,40656,25575,466
KANSAINER,14-DEC-2020,554.0,557.9,542.0,549.45,207118,146724,12392
KARDA,14-DEC-2020,129.55,130.4,123.0,125.95,10406,4762,232
KARMAENG,14-DEC-2020,12.65,13.95,11.7,13.0,19820,18057,201
KARURVYSYA,14-DEC-2020,47.8,48.45,46.05,47.9,5376599,2620197,20274
KAUSHALYA,14-DEC-2020,1.95,1.95,1.95,1.95,5181,5181,13
KAYA,14-DEC-2020,287.0,294.6,282.0,288.8,13308,9879,633
KCP,14-DEC-2020,70.95,71.9,69.7,71.0,250221,141399,2076
KCPSUGIND,14-DEC-2020,17.25,17.3,16.75,17.1,459567,284861,978
KDDL,14-DEC-2020,221.9,221.9,201.05,203.85,4813,3274,216
KEC,14-DEC-2020,384.95,384.95,357.0,368.0,952693,231053,20798
KECL,14-DEC-2020,15.95,15.95,15.45,15.65,61701,52695,288
KEERTI,14-DEC-2020,28.5,28.5,26.35,27.1,26441,11093,62
KEI,14-DEC-2020,420.05,425.95,415.1,421.15,118517,78569,7025
KELLTONTEC,14-DEC-2020,63.2,70.5,60.0,69.55,3472635,1500793,11711
KENNAMET,14-DEC-2020,863.6,904.85,863.6,876.05,9550,5530,756
KESORAMIND,14-DEC-2020,50.0,53.35,50.0,52.65,1597245,745399,6588
KEYFINSERV,14-DEC-2020,94.05,94.05,94.0,94.05,9653,8626,150
KHADIM,14-DEC-2020,125.65,143.95,125.2,134.7,1609843,483913,25950
KHAICHEM,14-DEC-2020,22.3,23.5,22.05,22.85,334750,163391,1899
KHANDSE,14-DEC-2020,9.6,10.5,9.15,10.1,14816,9623,137
KICL,14-DEC-2020,1398.0,1398.0,1357.0,1385.0,1436,897,338
KINGFA,14-DEC-2020,532.3,591.0,532.3,577.4,18478,8291,1393
KIOCL,14-DEC-2020,142.85,142.85,142.85,142.85,220692,187682,965
KIRIINDUS,14-DEC-2020,465.55,466.9,455.0,456.45,82322,47691,6667
KIRLFER,14-DEC-2020,146.75,147.2,142.0,142.85,94731,66847,2634
KIRLOSBROS,14-DEC-2020,134.9,135.25,129.0,133.35,112882,45458,3528
KIRLOSENG,14-DEC-2020,122.0,123.05,121.0,121.85,105064,58401,1772
KIRLOSIND,14-DEC-2020,802.05,820.0,790.2,798.15,1880,1464,272
KITEX,14-DEC-2020,116.8,116.9,113.05,113.8,191107,102792,2372
KKCL,14-DEC-2020,820.0,855.0,801.0,824.0,933,674,192
KMSUGAR,14-DEC-2020,11.95,12.2,11.6,11.9,394806,224241,621
KNRCON,14-DEC-2020,299.3,299.65,295.05,296.35,82673,42718,5223
KOKUYOCMLN,14-DEC-2020,67.95,69.1,67.25,68.25,187601,108229,2710
KOLTEPATIL,14-DEC-2020,211.6,215.5,208.5,209.3,61242,27099,1540
KOPRAN,14-DEC-2020,133.5,135.4,131.3,132.45,256137,161152,3104
KOTAKBANK,14-DEC-2020,1934.0,1946.9,1899.0,1939.35,3456971,1701387,112465
KOTAKBKETF,14-DEC-2020,309.0,311.08,308.97,309.74,11637,7972,647
KOTAKGOLD,14-DEC-2020,431.95,432.75,427.15,427.75,41585,29320,965
KOTAKNIFTY,14-DEC-2020,140.66,141.5,140.66,141.34,20795,12683,419
KOTAKNV20,14-DEC-2020,69.9,71.8,69.9,71.25,34278,29611,112
KOTAKPSUBK,14-DEC-2020,184.4,184.99,181.03,182.75,23764,13478,368
KOTARISUG,14-DEC-2020,19.45,19.5,18.5,18.65,40299,29659,306
KOTHARIPET,14-DEC-2020,19.5,19.7,18.8,19.05,104081,58888,327
KOTHARIPRO,14-DEC-2020,73.25,74.9,71.0,71.95,10252,6232,386
KPITTECH,14-DEC-2020,110.6,113.95,110.1,111.0,362789,173577,4814
KPRMILL,14-DEC-2020,878.95,879.75,842.75,875.8,48213,23655,4750
KRBL,14-DEC-2020,253.4,256.0,249.1,250.95,428350,248680,8848
KREBSBIO,14-DEC-2020,108.5,111.0,103.1,103.95,19576,11583,459
KRIDHANINF,14-DEC-2020,4.4,4.4,4.4,4.4,385707,384204,157
KSB,14-DEC-2020,617.0,638.5,617.0,631.85,43175,26565,3171
KSCL,14-DEC-2020,534.65,541.8,524.0,528.05,642642,238511,13759
KSL,14-DEC-2020,248.8,255.5,245.55,246.8,82311,37393,2863
KTKBANK,14-DEC-2020,57.95,60.4,57.5,58.95,4053250,1263120,11234
KUANTUM,14-DEC-2020,53.9,53.9,51.45,52.35,23943,14541,266
KWALITY,14-DEC-2020,3.45,3.45,3.25,3.35,1069052,741862,987
L&TFH,14-DEC-2020,90.6,91.8,90.4,90.65,9214497,2235982,26230
LALPATHLAB,14-DEC-2020,2197.6,2197.6,2131.0,2140.8,100161,53543,12706
LAMBODHARA,14-DEC-2020,54.65,54.65,54.65,54.65,118895,115494,259
LAOPALA,14-DEC-2020,225.9,231.2,221.05,225.0,99125,45351,2929
LASA,14-DEC-2020,81.0,82.7,79.0,81.25,94773,58480,1395
LAURUSLABS,14-DEC-2020,329.0,331.8,326.5,328.4,1532748,958140,26179
LAXMIMACH,14-DEC-2020,4350.0,4649.9,4350.0,4594.55,19233,6271,4562
LEMONTREE,14-DEC-2020,45.15,45.45,43.5,44.15,1343058,793939,7829
LFIC,14-DEC-2020,65.0,67.95,65.0,66.05,356,336,6
LGBBROSLTD,14-DEC-2020,278.0,282.15,274.8,279.0,54254,33689,1381
LGBFORGE,14-DEC-2020,4.15,4.15,3.8,4.0,143517,105066,257
LIBAS,14-DEC-2020,33.0,33.8,32.55,32.9,54060,24686,759
LIBERTSHOE,14-DEC-2020,153.0,158.7,152.0,156.1,450627,178242,7385
LICHSGFIN,14-DEC-2020,355.0,366.45,354.85,363.6,8536381,3161428,86325
LICNETFGSC,14-DEC-2020,22.84,22.84,21.76,22.3,5357,4264,92
LICNETFN50,14-DEC-2020,135.01,137.8,134.0,136.29,719,445,131
LICNETFSEN,14-DEC-2020,498.7,523.8,496.0,500.0,261,179,142
LICNFNHGP,14-DEC-2020,138.0,138.0,132.2,135.27,1617,1075,130
LIKHITHA,14-DEC-2020,162.25,167.0,160.9,165.25,233652,103295,3861
LINCOLN,14-DEC-2020,241.3,241.95,236.0,236.7,42137,25676,1556
LINCPEN,14-DEC-2020,185.85,185.9,180.15,182.7,5643,3738,212
LINDEINDIA,14-DEC-2020,921.0,969.0,908.95,943.95,349862,89661,15204
LIQUIDBEES,14-DEC-2020,1000.0,1000.01,999.13,1000.0,949240,631544,5018
LIQUIDETF,14-DEC-2020,999.99,1000.01,999.99,999.99,52781,42300,72
LOKESHMACH,14-DEC-2020,31.45,31.95,30.6,31.15,41383,25329,262
LOTUSEYE,14-DEC-2020,32.45,32.45,31.6,31.7,6565,5239,42
LOVABLE,14-DEC-2020,99.9,103.0,97.1,98.05,83727,47556,1246
LPDC,14-DEC-2020,1.75,1.8,1.75,1.75,15763,15763,33
LSIL,14-DEC-2020,1.05,1.1,1.0,1.1,11517174,5249936,1576
LT,14-DEC-2020,1198.1,1263.9,1198.1,1249.65,9723233,3067692,231243
LTI,14-DEC-2020,3289.0,3319.0,3211.1,3234.95,264171,124153,34256
LTTS,14-DEC-2020,1848.0,1849.9,1803.0,1817.6,78014,35521,6047
LUMAXIND,14-DEC-2020,1367.3,1400.0,1361.0,1384.55,3203,1792,550
LUMAXTECH,14-DEC-2020,119.0,122.0,118.05,118.75,56307,25422,1467
LUPIN,14-DEC-2020,945.0,949.7,937.1,941.45,1434903,335950,23851
LUXIND,14-DEC-2020,1557.95,1574.95,1541.0,1554.7,31952,2972,1483
LYKALABS,14-DEC-2020,21.85,22.95,21.55,22.55,77538,58934,344
LYPSAGEMS,14-DEC-2020,5.5,6.2,4.9,5.95,368189,213345,865
M&M,14-DEC-2020,731.65,737.4,710.0,711.7,4183639,1290359,87675
M&MFIN,14-DEC-2020,174.0,174.75,170.1,172.45,9996013,4849321,65827
M100,14-DEC-2020,21.57,21.69,21.4,21.58,102576,76891,596
M50,14-DEC-2020,131.52,135.0,131.52,132.71,807,643,33
MAANALU,14-DEC-2020,84.15,86.0,83.15,85.25,20856,5790,720
MACPOWER,14-DEC-2020,99.0,105.0,91.75,102.65,21204,14242,336
MADHAV,14-DEC-2020,32.75,33.35,32.0,32.6,36478,29914,233
MADHUCON,14-DEC-2020,5.0,5.0,4.9,5.0,54989,54988,76
MADRASFERT,14-DEC-2020,19.65,20.45,19.2,19.9,295140,105767,1151
MAESGETF,14-DEC-2020,23.8,27.5,22.53,23.13,5912,3088,47
MAGADSUGAR,14-DEC-2020,120.5,121.0,115.0,118.0,18713,10262,497
MAGMA,14-DEC-2020,42.45,42.55,41.0,41.5,798496,524883,5095
MAGNUM,14-DEC-2020,4.8,5.1,4.65,5.1,36023,29213,63
MAHABANK,14-DEC-2020,14.65,14.8,14.2,14.3,2700136,1455109,4272
MAHASTEEL,14-DEC-2020,103.9,103.9,97.55,98.4,19908,15066,375
MAHEPC,14-DEC-2020,157.8,157.8,152.85,154.05,126252,58521,2209
MAHINDCIE,14-DEC-2020,155.0,158.0,151.75,152.8,76036,51849,1849
MAHLIFE,14-DEC-2020,337.5,339.55,326.9,329.35,21841,10935,1143
MAHLOG,14-DEC-2020,418.0,420.0,406.0,407.65,97442,53923,4663
MAHSCOOTER,14-DEC-2020,3645.0,3650.0,3600.0,3609.7,4045,2612,863
MAHSEAMLES,14-DEC-2020,310.25,317.55,310.1,312.05,64554,28539,1904
MAITHANALL,14-DEC-2020,565.0,575.25,560.5,562.45,35092,16735,2558
MAJESCO,14-DEC-2020,1001.0,1001.0,968.0,972.0,429279,371149,3802
MALUPAPER,14-DEC-2020,32.3,33.1,32.0,32.5,38119,24241,510
MAN50ETF,14-DEC-2020,142.23,143.8,137.7,138.55,151912,151850,47
MANAKALUCO,14-DEC-2020,9.95,9.95,9.1,9.1,38559,28263,198
MANAKCOAT,14-DEC-2020,6.6,6.6,6.6,6.6,9572,9572,19
MANAKSIA,14-DEC-2020,61.25,64.8,61.15,63.0,868395,438609,7114
MANAKSTEEL,14-DEC-2020,19.6,19.6,19.6,19.6,17507,17507,69
MANALIPETC,14-DEC-2020,34.55,35.35,33.85,34.65,535954,256015,1995
MANAPPURAM,14-DEC-2020,171.5,172.9,169.4,172.5,3935766,1500102,28703
MANGALAM,14-DEC-2020,144.0,148.6,140.5,142.45,120434,43756,2122
MANGCHEFER,14-DEC-2020,41.7,44.9,41.6,44.1,3345169,2140891,29789
MANGLMCEM,14-DEC-2020,223.75,229.0,222.8,225.9,35416,17696,1058
MANGTIMBER,14-DEC-2020,9.95,9.95,9.05,9.05,8117,7870,40
MANINDS,14-DEC-2020,81.5,83.0,80.5,80.85,176769,86009,2380
MANINFRA,14-DEC-2020,32.95,33.4,32.7,33.05,304778,206063,1499
MANUGRAPH,14-DEC-2020,12.85,13.45,12.25,13.35,33225,32585,168
MANXT50,14-DEC-2020,317.85,319.04,317.85,318.9,2530,1530,18
MARALOVER,14-DEC-2020,23.85,24.4,21.75,24.15,54768,43493,324
MARATHON,14-DEC-2020,95.95,100.55,95.95,100.55,84369,61207,854
MARICO,14-DEC-2020,417.95,420.8,411.8,414.1,4859693,856503,57235
MARINE,14-DEC-2020,214.9,224.95,208.4,210.6,50276,34981,396
MARKSANS,14-DEC-2020,60.8,61.4,59.75,60.05,2059252,532666,9338
MARUTI,14-DEC-2020,7810.0,7825.0,7655.0,7696.8,1038032,282168,85812
MASFIN,14-DEC-2020,1004.05,1012.9,995.0,999.4,8858,5953,834
MASTEK,14-DEC-2020,1070.0,1073.75,1025.5,1037.55,96425,58028,6419
MATRIMONY,14-DEC-2020,836.1,867.0,815.0,856.1,60859,46624,2069
MAWANASUG,14-DEC-2020,43.9,44.0,41.4,41.7,356778,205196,2201
MAXHEALTH,14-DEC-2020,141.95,142.25,137.2,138.9,338606,194596,9204
MAXIND,14-DEC-2020,60.85,64.5,60.3,64.0,542883,402405,3835
MAXVIL,14-DEC-2020,42.45,44.9,41.85,42.65,84072,47934,579
MAYURUNIQ,14-DEC-2020,283.9,293.8,282.6,290.0,66498,41988,2825
MAZDA,14-DEC-2020,554.7,559.85,543.0,547.6,3425,1787,308
MAZDOCK,14-DEC-2020,189.35,195.3,189.05,194.15,1642855,587797,14666
MBLINFRA,14-DEC-2020,13.2,13.25,13.0,13.25,357626,277670,460
MCDHOLDING,14-DEC-2020,34.25,39.95,33.2,38.4,463250,195983,2749
MCDOWELL-N,14-DEC-2020,596.9,603.0,592.5,595.65,1388614,383988,31979
MCL,14-DEC-2020,82.95,83.0,75.05,78.35,9111,2821,166
MCLEODRUSS,14-DEC-2020,24.15,24.3,23.35,23.9,495611,333593,1316
MCX,14-DEC-2020,1678.0,1710.4,1663.0,1702.4,313099,81592,16759
MEGASOFT,14-DEC-2020,10.1,10.15,9.55,9.6,44623,38231,163
MEGH,14-DEC-2020,81.95,82.5,80.3,81.7,737644,295155,7372
MEP,14-DEC-2020,18.4,18.9,16.8,17.2,629401,363312,2106
MERCATOR,14-DEC-2020,1.05,1.05,1.05,1.05,123141,123141,60
METALFORGE,14-DEC-2020,5.9,5.95,5.75,5.9,12844,12765,70
METROPOLIS,14-DEC-2020,1996.85,1999.0,1940.8,1947.9,104267,72123,13272
MFSL,14-DEC-2020,632.0,641.0,626.3,636.9,2248707,540270,34290
MGL,14-DEC-2020,1065.0,1098.7,1061.6,1076.25,2660270,956096,132339
MHRIL,14-DEC-2020,212.6,214.2,205.0,206.15,99120,63391,3509
MIDHANI,14-DEC-2020,201.5,204.5,197.5,200.35,471239,157437,6543
MINDACORP,14-DEC-2020,88.5,93.95,88.1,92.95,2511029,1019319,12444
MINDAIND,14-DEC-2020,389.0,391.0,382.6,384.55,60389,30474,3051
MINDTECK,14-DEC-2020,36.8,37.15,36.55,37.15,20348,19003,141
MINDTREE,14-DEC-2020,1436.6,1445.1,1417.55,1437.05,273214,71109,10199
MIRCELECTR,14-DEC-2020,10.15,10.65,10.1,10.65,381407,331061,392
MIRZAINT,14-DEC-2020,57.4,59.25,56.95,57.85,917362,290263,5361
MITTAL,14-DEC-2020,13.25,13.5,12.65,13.15,101960,78699,390
MMFL,14-DEC-2020,460.0,478.0,432.5,436.05,40722,22039,2132
MMP,14-DEC-2020,85.95,99.7,84.0,90.1,37904,16524,395
MMTC,14-DEC-2020,22.35,26.2,21.6,25.95,24918135,4423527,42010
MOHOTAIND,14-DEC-2020,10.2,10.2,8.25,9.7,131609,115179,166
MOIL,14-DEC-2020,142.5,147.0,142.5,145.3,587825,255120,7204
MOLDTKPAC,14-DEC-2020,290.05,291.5,287.05,288.35,16025,9437,683
MONTECARLO,14-DEC-2020,235.0,237.7,234.0,234.45,22211,13357,678
MORARJEE,14-DEC-2020,15.6,15.6,13.75,14.45,10895,7796,128
MOREPENLAB,14-DEC-2020,31.2,32.4,30.55,31.8,2433939,992693,6544
MOTHERSUMI,14-DEC-2020,155.8,158.95,154.6,156.5,9542856,3991061,62217
MOTILALOFS,14-DEC-2020,656.95,661.25,648.1,652.2,78002,47230,4058
MPHASIS,14-DEC-2020,1329.0,1334.2,1318.15,1326.95,118322,57826,6613
MPSLTD,14-DEC-2020,371.05,379.75,371.05,372.45,9525,5790,751
MRF,14-DEC-2020,78400.0,78400.0,77300.0,77547.65,15865,3716,7354
MRO-TEK,14-DEC-2020,26.5,28.85,26.5,28.3,3030,2462,30
MRPL,14-DEC-2020,35.15,37.2,35.15,36.9,12736861,4296946,24741
MSPL,14-DEC-2020,8.35,8.8,7.2,8.25,69058,42030,247
MSTCLTD,14-DEC-2020,158.65,173.3,157.8,166.05,1031369,270188,13083
MTEDUCARE,14-DEC-2020,11.7,11.7,11.2,11.3,154896,127000,420
MTNL,14-DEC-2020,11.1,11.55,10.75,11.2,3096086,1280396,7733
MUKANDENGG,14-DEC-2020,13.85,14.25,13.3,13.75,15914,12418,80
MUKANDLTD,14-DEC-2020,58.45,61.9,58.45,60.1,50686,31287,906
MUKTAARTS,14-DEC-2020,35.4,35.9,34.0,34.5,13333,10500,227
MUNJALAU,14-DEC-2020,61.8,65.4,61.25,64.5,5052687,1322888,24868
MUNJALSHOW,14-DEC-2020,145.05,150.0,145.0,145.6,61901,21050,1367
MURUDCERA,14-DEC-2020,19.0,19.45,19.0,19.35,133536,75654,527
MUTHOOTCAP,14-DEC-2020,424.8,430.05,410.0,413.5,28165,18504,1753
MUTHOOTFIN,14-DEC-2020,1173.0,1198.5,1173.0,1191.3,1686703,543372,41831
N100,14-DEC-2020,909.95,910.0,897.0,898.95,15772,10431,1200
NACLIND,14-DEC-2020,41.5,42.9,40.1,40.4,105807,77566,670
NAGREEKCAP,14-DEC-2020,5.25,5.25,5.25,5.25,25,25,1
NAGREEKEXP,14-DEC-2020,18.6,19.25,17.15,17.7,19859,15361,142
NAHARCAP,14-DEC-2020,76.75,81.75,76.75,79.95,7578,6558,233
NAHARINDUS,14-DEC-2020,37.0,38.4,36.25,37.5,35212,28322,362
NAHARPOLY,14-DEC-2020,86.0,89.0,85.0,87.1,40252,28224,666
NAHARSPING,14-DEC-2020,61.9,62.0,59.3,61.7,50338,34216,543
NAM-INDIA,14-DEC-2020,306.5,308.45,303.7,305.05,511108,299579,14218
NATCOPHARM,14-DEC-2020,953.1,968.0,938.1,956.45,451560,209734,17818
NATHBIOGEN,14-DEC-2020,291.0,295.5,282.05,283.75,92336,58885,1846
NATIONALUM,14-DEC-2020,42.95,43.5,42.4,43.1,12423554,3375816,20488
NAUKRI,14-DEC-2020,4560.0,4695.0,4481.0,4672.55,657862,113467,44719
NAVINFLUOR,14-DEC-2020,2534.0,2558.0,2500.0,2504.05,52951,30067,9892
NAVKARCORP,14-DEC-2020,40.85,41.3,38.3,38.85,1364195,581004,6428
NAVNETEDUL,14-DEC-2020,88.0,89.5,85.6,86.4,265538,207110,2815
NBCC,14-DEC-2020,31.3,31.75,30.6,31.25,39690320,13248685,59928
NBIFIN,14-DEC-2020,1680.15,1711.0,1680.15,1698.95,651,603,121
NBVENTURES,14-DEC-2020,55.6,59.65,55.0,58.8,3951141,1899879,23893
NCC,14-DEC-2020,57.1,58.55,57.0,57.7,9403828,2907592,29913
NCLIND,14-DEC-2020,144.3,145.5,142.0,142.95,176837,102111,2945
NCPSESDL24,14-DEC-2020,99.91,103.09,99.91,103.09,406,388,8
NDGL,14-DEC-2020,661.95,690.0,660.0,678.25,350,253,37
NDL,14-DEC-2020,24.8,25.0,23.8,24.5,36730,26029,352
NDRAUTO,14-DEC-2020,207.8,207.8,198.3,201.9,16015,10072,538
NDTV,14-DEC-2020,39.35,39.35,37.25,39.15,45079,38385,247
NECCLTD,14-DEC-2020,11.3,11.6,11.0,11.6,129581,100174,362
NECLIFE,14-DEC-2020,20.4,20.6,20.0,20.1,234273,136968,839
NELCAST,14-DEC-2020,60.1,63.2,60.1,62.8,289716,137734,2087
NELCO,14-DEC-2020,210.7,211.5,206.0,206.95,92951,61302,2120
NEOGEN,14-DEC-2020,771.2,771.2,720.1,731.3,40838,24049,2927
NESCO,14-DEC-2020,548.8,549.35,501.5,540.65,73145,35273,3771
NESTLEIND,14-DEC-2020,18354.7,18679.0,18300.0,18591.8,130713,29782,28893
NETF,14-DEC-2020,165.4,165.4,160.1,161.86,650,610,56
NETFCONSUM,14-DEC-2020,65.3,65.3,62.0,63.93,3221,3012,102
NETFDIVOPP,14-DEC-2020,34.6,34.6,33.4,33.45,550,510,39
NETFIT,14-DEC-2020,23.0,23.0,22.72,22.85,168607,116778,1033
NETFLTGILT,14-DEC-2020,25.0,25.0,22.31,22.37,30559,23327,89
NETFMID150,14-DEC-2020,78.0,78.37,77.56,77.89,110716,78881,600
NETFNIF100,14-DEC-2020,140.0,140.0,138.0,138.09,421,282,34
NETFNV20,14-DEC-2020,75.0,75.0,70.1,71.73,8120,5126,50
NETWORK18,14-DEC-2020,36.55,37.3,36.3,36.8,876025,416721,2166
NEULANDLAB,14-DEC-2020,1085.1,1098.85,1053.0,1061.2,55540,30904,3658
NEWGEN,14-DEC-2020,270.35,270.35,266.35,267.85,36994,20931,2117
NEXTMEDIA,14-DEC-2020,6.5,6.5,6.0,6.5,13362,12853,57
NFL,14-DEC-2020,37.45,38.6,37.15,37.7,1452476,462901,4372
NH,14-DEC-2020,391.65,396.75,385.5,394.9,84926,51044,4473
NHPC,14-DEC-2020,22.35,22.65,22.05,22.3,9106208,4418667,11817
NIACL,14-DEC-2020,132.0,136.15,131.5,132.05,903112,393388,14359
NIFTYBEES,14-DEC-2020,144.99,145.7,143.45,144.32,2254461,1089066,10098
NIFTYEES,14-DEC-2020,16500.0,17494.95,16500.0,17092.95,15,12,12
NIITLTD,14-DEC-2020,181.0,184.45,179.5,180.05,830222,379762,6570
NILAINFRA,14-DEC-2020,5.6,6.2,5.45,5.75,1193984,793904,840
NILASPACES,14-DEC-2020,1.75,1.75,1.55,1.65,1649147,1001151,1000
NILKAMAL,14-DEC-2020,1430.0,1443.0,1427.7,1429.95,5833,4115,1175
NIPPOBATRY,14-DEC-2020,650.05,651.0,638.05,645.9,1280,802,245
NITCO,14-DEC-2020,24.9,26.1,24.3,24.65,62598,52199,447
NKIND,14-DEC-2020,19.5,19.8,18.1,18.25,5806,4548,39
NLCINDIA,14-DEC-2020,57.4,58.4,57.1,57.45,2074142,1231799,8606
NMDC,14-DEC-2020,112.5,117.75,112.5,116.65,27178676,8772865,83778
NOCIL,14-DEC-2020,141.25,143.5,140.6,141.0,627930,264313,6223
NORBTEAEXP,14-DEC-2020,8.8,9.2,8.7,9.15,20261,19584,47
NOVARTIND,14-DEC-2020,699.0,704.9,685.35,687.3,17245,11671,949
NPBET,14-DEC-2020,164.71,164.71,157.15,161.97,275,258,29
NRAIL,14-DEC-2020,212.15,215.0,208.0,209.85,27522,19305,640
NRBBEARING,14-DEC-2020,96.9,98.0,90.25,91.4,3090722,1399175,21415
NSIL,14-DEC-2020,861.05,898.9,861.0,882.15,2795,2178,326
NTL,14-DEC-2020,1.15,1.15,1.05,1.15,112306,87100,105
NTPC,14-DEC-2020,103.45,105.35,103.0,104.6,45802433,15545865,144823
NUCLEUS,14-DEC-2020,590.0,607.7,588.2,607.7,175361,112528,6827
NXTDIGITAL,14-DEC-2020,585.3,585.35,555.2,574.45,13967,1916,680
OAL,14-DEC-2020,555.0,555.0,523.1,539.0,22247,12628,1505
OBEROIRLTY,14-DEC-2020,523.45,527.0,515.5,518.05,193186,80938,7737
OCCL,14-DEC-2020,861.0,863.95,841.35,844.85,11430,6412,864
OFSS,14-DEC-2020,3168.95,3170.0,3120.0,3133.45,37811,28631,3702
OIL,14-DEC-2020,110.5,118.5,110.5,116.85,4215835,1409178,26979
OLECTRA,14-DEC-2020,101.0,106.9,98.0,99.65,596331,444806,7104
OMAXAUTO,14-DEC-2020,47.5,50.7,47.5,48.95,237329,140156,2083
OMAXE,14-DEC-2020,84.9,89.0,84.0,87.35,167317,111939,2558
OMMETALS,14-DEC-2020,21.65,21.65,20.05,20.7,91747,72385,402
ONELIFECAP,14-DEC-2020,8.3,8.3,7.8,8.2,1775,1741,17
ONGC,14-DEC-2020,98.25,102.55,97.45,101.5,75021883,20778259,235590
ONMOBILE,14-DEC-2020,61.4,61.8,57.75,58.5,301496,205991,1955
ONWARDTEC,14-DEC-2020,69.25,82.4,68.0,82.4,1371920,406488,10425
ORBTEXP,14-DEC-2020,72.05,73.8,70.0,70.6,63416,32291,906
ORICONENT,14-DEC-2020,21.65,22.3,21.65,21.85,85105,64264,294
ORIENTABRA,14-DEC-2020,22.25,22.7,21.8,22.25,55427,32739,436
ORIENTALTL,14-DEC-2020,11.9,11.9,11.1,11.15,50814,43094,138
ORIENTBELL,14-DEC-2020,154.9,157.9,152.5,153.9,17592,14037,351
ORIENTCEM,14-DEC-2020,79.0,79.9,76.8,77.95,436340,262125,4391
ORIENTELEC,14-DEC-2020,222.0,223.8,219.05,221.3,140641,76129,4795
ORIENTHOT,14-DEC-2020,26.8,28.0,26.4,27.45,102361,67120,458
ORIENTLTD,14-DEC-2020,84.65,84.65,80.0,84.0,587,458,36
ORIENTPPR,14-DEC-2020,20.7,21.1,20.25,20.35,680015,383453,1647
ORIENTREF,14-DEC-2020,221.25,235.0,219.6,225.9,153987,131366,1423
ORISSAMINE,14-DEC-2020,2538.8,2645.0,2520.0,2562.35,11382,4816,1998
ORTINLABSS,14-DEC-2020,25.75,27.75,25.4,27.7,92379,64268,699
OSWALAGRO,14-DEC-2020,10.95,11.25,10.6,10.9,138200,89041,537
PAEL,14-DEC-2020,2.15,2.15,2.15,2.15,157,157,2
PAGEIND,14-DEC-2020,23819.0,24125.0,23603.3,24000.75,42501,11230,13967
PAISALO,14-DEC-2020,459.95,464.0,448.7,457.9,93892,80748,861
PALASHSECU,14-DEC-2020,43.95,43.95,42.05,42.1,553,474,7
PANACEABIO,14-DEC-2020,244.9,252.0,235.95,239.55,590242,284440,9501
PANACHE,14-DEC-2020,42.0,42.0,40.0,41.5,18396,7296,87
PANAMAPET,14-DEC-2020,100.6,101.5,94.4,97.5,254879,140803,3671
PARACABLES,14-DEC-2020,7.8,8.3,7.65,7.9,332550,212538,574
PARAGMILK,14-DEC-2020,119.0,122.7,115.2,115.6,1425822,762115,13695
PATELENG,14-DEC-2020,14.1,16.6,14.1,16.1,2784908,1631817,5577
PATINTLOG,14-DEC-2020,33.45,33.45,30.2,31.25,244526,130167,1447
PATSPINLTD,14-DEC-2020,5.8,6.0,5.55,5.75,9503,8637,49
PCJEWELLER,14-DEC-2020,25.25,25.75,23.05,23.2,9920994,4444090,21850
PDMJEPAPER,14-DEC-2020,23.0,23.0,22.15,22.2,97119,68747,473
PDSMFL,14-DEC-2020,419.8,426.95,413.0,422.5,30476,30121,112
PEARLPOLY,14-DEC-2020,17.9,20.4,17.9,20.3,40967,26969,218
PEL,14-DEC-2020,1444.0,1444.0,1415.3,1422.55,747538,199420,26267
PENIND,14-DEC-2020,20.9,21.7,20.85,21.1,86817,63995,470
PENINLAND,14-DEC-2020,6.4,6.55,6.4,6.55,286658,233541,309
PERSISTENT,14-DEC-2020,1320.0,1343.95,1272.2,1283.95,118883,87437,9414
PETRONET,14-DEC-2020,263.65,268.0,262.0,266.75,5789457,2532262,60573
PFC,14-DEC-2020,118.1,122.6,117.7,121.35,9589424,2357327,37522
PFIZER,14-DEC-2020,5398.0,5398.0,5250.0,5310.3,196059,46454,21091
PFOCUS,14-DEC-2020,43.5,43.95,41.5,42.05,63164,38750,617
PFS,14-DEC-2020,21.7,22.2,21.4,21.65,1027266,538140,2448
PGEL,14-DEC-2020,159.0,165.25,159.0,160.45,21112,16248,369
PGHH,14-DEC-2020,11206.0,11456.1,11206.0,11403.45,6620,2938,1718
PGHL,14-DEC-2020,6650.0,6753.15,6619.8,6695.15,10948,5317,3000
PGIL,14-DEC-2020,177.8,179.95,173.0,174.15,7032,5921,114
PHILIPCARB,14-DEC-2020,168.15,171.3,166.8,167.9,718460,172643,7983
PHOENIXLTD,14-DEC-2020,773.45,783.4,761.0,771.75,358027,263241,10951
PIDILITIND,14-DEC-2020,1649.8,1652.5,1624.0,1627.3,373871,200440,25193
PIIND,14-DEC-2020,2316.4,2364.0,2290.0,2335.95,324162,217307,31805
PILANIINVS,14-DEC-2020,2445.0,2479.95,2390.0,2464.05,4506,3087,738
PILITA,14-DEC-2020,9.75,10.25,9.55,9.75,920870,764673,491
PIONDIST,14-DEC-2020,116.9,116.9,114.45,114.85,6291,2611,87
PIONEEREMB,14-DEC-2020,28.3,29.25,27.7,29.05,50423,29523,361
PITTIENG,14-DEC-2020,48.75,51.9,47.75,50.3,207312,45099,2228
PLASTIBLEN,14-DEC-2020,250.05,251.15,243.1,243.8,9952,5277,527
PNB,14-DEC-2020,41.0,41.5,40.7,41.25,52117435,14583958,71255
PNBGILTS,14-DEC-2020,44.5,44.6,43.0,43.55,287832,177774,1482
PNBHOUSING,14-DEC-2020,380.95,380.95,373.0,374.8,150344,44756,4045
PNC,14-DEC-2020,17.1,17.8,16.15,16.6,20748,11661,155
PNCINFRA,14-DEC-2020,181.3,181.4,177.0,177.95,208134,141668,3222
PODDARHOUS,14-DEC-2020,182.0,183.9,175.1,179.0,5863,3789,115
PODDARMENT,14-DEC-2020,190.0,191.5,183.75,186.15,8374,4449,475
POKARNA,14-DEC-2020,184.5,184.5,175.15,177.3,90875,54571,1754
POLYCAB,14-DEC-2020,1045.0,1045.0,1031.5,1037.75,339888,217949,12949
POLYMED,14-DEC-2020,535.85,542.0,530.45,532.65,53346,23948,2438
POLYPLEX,14-DEC-2020,773.0,778.8,760.0,764.1,26941,16302,2376
PONNIERODE,14-DEC-2020,169.4,174.0,168.8,170.05,6764,3897,272
POWERGRID,14-DEC-2020,196.0,197.0,192.8,194.3,11428254,5370546,69004
POWERINDIA,14-DEC-2020,1324.9,1371.0,1313.25,1360.7,68199,44919,4378
POWERMECH,14-DEC-2020,423.5,426.85,416.3,422.8,59574,40268,1849
PPAP,14-DEC-2020,266.9,292.7,266.9,283.3,211208,112482,5116
PPL,14-DEC-2020,99.0,99.0,94.2,95.9,56545,40977,764
PRABHAT,14-DEC-2020,70.45,74.6,70.2,71.5,246109,109686,2073
PRADIP,14-DEC-2020,0.75,0.75,0.75,0.75,12493,11493,16
PRAENG,14-DEC-2020,10.4,11.35,10.3,11.2,399401,341842,716
PRAJIND,14-DEC-2020,113.6,115.0,110.4,114.35,2516587,689938,19051
PRAKASH,14-DEC-2020,57.7,58.4,55.25,55.5,698710,410439,2849
PRAKASHSTL,14-DEC-2020,1.1,1.1,1.1,1.1,177861,177861,137
PRAXIS,14-DEC-2020,40.5,43.0,38.8,39.9,23705,18981,250
PRECAM,14-DEC-2020,45.0,47.65,45.0,45.95,219418,109625,1326
PRECWIRE,14-DEC-2020,163.65,165.0,156.15,159.9,21886,11215,729
PREMEXPLN,14-DEC-2020,133.95,140.9,133.95,135.45,15180,8080,533
PREMIER,14-DEC-2020,3.55,3.55,3.5,3.55,10764,10564,37
PREMIERPOL,14-DEC-2020,34.9,40.2,34.7,39.75,427764,195870,699
PRESSMN,14-DEC-2020,24.05,24.5,23.2,24.2,586065,572217,407
PRESTIGE,14-DEC-2020,288.9,289.3,281.0,281.95,396099,236945,5726
PRICOLLTD,14-DEC-2020,47.8,51.8,47.15,49.4,525169,283654,2678
PRIMESECU,14-DEC-2020,48.25,48.35,46.75,47.1,4589,2883,161
PRINCEPIPE,14-DEC-2020,271.9,275.9,269.05,269.6,185412,145440,2101
PRIVISCL,14-DEC-2020,555.0,569.45,555.0,557.65,6600,5035,576
PROSEED,14-DEC-2020,0.5,0.5,0.5,0.5,154643,154643,118
PROZONINTU,14-DEC-2020,19.85,19.85,19.05,19.15,137652,94698,545
PRSMJOHNSN,14-DEC-2020,87.4,94.5,87.1,90.75,929839,618420,6834
PSB,14-DEC-2020,14.9,14.9,14.3,14.35,691544,406339,1397
PSPPROJECT,14-DEC-2020,405.0,410.35,395.0,405.85,64307,45357,2602
PSUBNKBEES,14-DEC-2020,20.12,20.47,19.95,20.36,567171,420467,1114
PTC,14-DEC-2020,61.9,62.7,61.35,61.75,1005672,584051,7010
PTL,14-DEC-2020,44.0,44.15,43.05,43.75,34910,21862,484
PUNJABCHEM,14-DEC-2020,743.2,764.0,721.1,745.05,17698,11131,1191
PURVA,14-DEC-2020,72.1,73.0,70.05,70.85,115743,61320,1247
PVR,14-DEC-2020,1475.0,1481.85,1447.1,1473.1,981767,138847,27434
QGOLDHALF,14-DEC-2020,2129.8,2149.95,2109.0,2116.75,768,545,107
QNIFTY,14-DEC-2020,1403.0,1403.0,1399.0,1400.0,110,100,6
QUESS,14-DEC-2020,495.0,504.0,487.0,489.9,148223,93223,6726
QUICKHEAL,14-DEC-2020,157.8,163.4,157.5,162.0,432641,165785,6552
RADAAN,14-DEC-2020,1.05,1.05,0.95,1.05,101929,65929,72
RADICO,14-DEC-2020,457.8,465.45,457.8,460.05,167982,79450,6189
RAIN,14-DEC-2020,136.15,138.0,133.55,135.0,1625796,599407,11497
RAJESHEXPO,14-DEC-2020,480.5,488.0,480.5,481.7,123603,80599,3862
RAJRATAN,14-DEC-2020,418.6,428.95,417.0,425.2,10971,6433,436
RAJSREESUG,14-DEC-2020,16.65,16.65,15.75,16.15,21701,16802,123
RAJTV,14-DEC-2020,37.3,37.9,34.25,35.25,11004,9139,152
RALLIS,14-DEC-2020,286.4,292.35,285.6,290.0,351602,163193,11140
RAMANEWS,14-DEC-2020,14.85,14.85,14.2,14.5,59126,35981,178
RAMASTEEL,14-DEC-2020,50.95,50.95,48.25,48.95,6029,4497,107
RAMCOCEM,14-DEC-2020,848.1,856.0,833.0,837.45,604242,129537,15459
RAMCOIND,14-DEC-2020,221.95,230.0,220.85,227.15,97115,50519,2693
RAMCOSYS,14-DEC-2020,570.7,616.25,570.0,606.35,886565,293462,19259
RAMKY,14-DEC-2020,42.8,48.75,41.55,48.1,507589,282205,3018
RANASUG,14-DEC-2020,7.5,7.7,6.8,7.2,666881,441834,618
RANEENGINE,14-DEC-2020,224.95,229.9,220.15,224.1,13254,5162,518
RANEHOLDIN,14-DEC-2020,529.9,541.0,523.0,536.75,39411,25362,1953
RATNAMANI,14-DEC-2020,1625.0,1625.0,1538.3,1575.9,24522,13034,3674
RAYMOND,14-DEC-2020,332.65,335.4,329.55,331.75,592658,228992,10356
RBL,14-DEC-2020,715.0,770.0,707.05,746.75,31400,13568,2468
RBLBANK,14-DEC-2020,238.4,239.2,234.2,234.85,10984815,1408569,57986
RCF,14-DEC-2020,54.5,57.0,53.8,56.05,8579840,2943466,28611
RCOM,14-DEC-2020,2.5,2.5,2.5,2.5,2506026,2506026,1439
RECLTD,14-DEC-2020,136.25,140.6,136.0,139.5,9462272,2804943,44123
REDINGTON,14-DEC-2020,130.4,134.8,127.45,134.3,468108,256051,19174
REFEX,14-DEC-2020,112.0,112.0,104.3,105.05,244397,144970,4120
RELAXO,14-DEC-2020,745.15,746.95,726.0,728.6,180858,108762,10186
RELCAPITAL,14-DEC-2020,13.1,13.1,13.1,13.1,559282,559282,912
RELIANCE,14-DEC-2020,2007.95,2015.0,1986.35,1991.3,7989830,2832392,248928
RELIGARE,14-DEC-2020,69.65,72.5,67.7,71.1,927169,559774,4445
RELINFRA,14-DEC-2020,30.15,30.15,29.1,30.15,8344991,3734663,15508
REMSONSIND,14-DEC-2020,97.3,103.45,95.95,99.9,1908,1432,73
RENUKA,14-DEC-2020,12.1,13.0,11.8,13.0,7210861,3657065,5606
REPCOHOME,14-DEC-2020,260.8,261.7,252.0,252.85,112863,64210,2118
REPL,14-DEC-2020,100.8,100.8,97.55,99.85,22756,14052,255
REPRO,14-DEC-2020,399.95,429.0,393.5,404.15,21277,11314,1428
RESPONIND,14-DEC-2020,185.8,200.0,185.15,194.0,291522,33711,4275
REVATHI,14-DEC-2020,447.05,454.0,438.0,442.1,1382,677,142
RGL,14-DEC-2020,276.9,277.0,266.15,270.1,42431,4700,439
RHFL,14-DEC-2020,2.8,2.85,2.8,2.85,974533,644113,642
RICOAUTO,14-DEC-2020,36.0,36.3,35.6,35.85,435201,264841,1649
RIIL,14-DEC-2020,408.15,409.8,398.65,402.95,145888,44510,3617
RITES,14-DEC-2020,265.15,271.4,257.2,259.8,709941,372771,13742
RKDL,14-DEC-2020,8.4,8.4,7.55,8.0,47674,32416,210
RKFORGE,14-DEC-2020,495.45,495.45,487.65,490.15,11840,8600,886
RMCL,14-DEC-2020,3.9,3.9,3.9,3.9,143031,138029,110
RML,14-DEC-2020,233.85,237.8,230.05,233.65,22710,8154,1138
RNAVAL,14-DEC-2020,3.7,3.7,3.6,3.7,5175276,2739366,2232
ROHLTD,14-DEC-2020,74.75,78.8,73.55,76.85,128146,58837,1444
ROLLT,14-DEC-2020,3.2,3.2,3.2,3.2,19937,19937,14
ROLTA,14-DEC-2020,5.9,6.0,5.8,6.0,524133,427373,12371
ROML,14-DEC-2020,27.1,27.1,27.1,27.1,33,33,3
ROSSARI,14-DEC-2020,829.7,837.0,805.5,814.25,81655,24192,5253
ROSSELLIND,14-DEC-2020,134.4,134.75,129.1,130.7,14193,8793,476
ROUTE,14-DEC-2020,1139.7,1147.0,1100.45,1109.9,182987,66625,12832
RPGLIFE,14-DEC-2020,376.1,377.8,371.5,372.3,21436,12789,911
RPPINFRA,14-DEC-2020,52.65,53.5,51.1,53.0,31499,23162,411
RSSOFTWARE,14-DEC-2020,23.7,24.75,22.85,23.05,51567,36322,314
RSWM,14-DEC-2020,120.9,133.0,117.35,133.0,122935,107975,1161
RSYSTEMS,14-DEC-2020,117.2,122.9,115.5,120.65,140857,66814,1726
RTNINFRA,14-DEC-2020,6.45,6.6,6.15,6.6,423264,352152,583
RTNPOWER,14-DEC-2020,2.1,2.45,1.95,2.3,207769258,94416679,48016
RUBYMILLS,14-DEC-2020,188.75,190.0,184.0,188.55,4930,2804,212
RUCHIRA,14-DEC-2020,67.1,67.1,64.2,64.65,68153,42609,926
RUPA,14-DEC-2020,231.0,231.5,226.5,228.6,17365,7091,853
RUSHIL,14-DEC-2020,143.9,149.8,142.0,148.5,77962,48305,1451
RVNL,14-DEC-2020,23.65,23.8,23.05,23.25,7742390,3625194,12584
S&SPOWER,14-DEC-2020,10.2,10.2,10.2,10.2,844,844,6
SADBHAV,14-DEC-2020,65.4,66.7,64.0,64.8,350435,219102,2971
SADBHIN,14-DEC-2020,21.8,22.3,20.3,21.8,865417,751285,1799
SAFARI,14-DEC-2020,566.0,567.9,540.05,547.0,10919,6969,764
SAGCEM,14-DEC-2020,721.0,729.8,713.8,717.15,43523,22328,1786
SAIL,14-DEC-2020,58.05,60.2,58.05,58.55,50554044,9912907,63303
SAKAR,14-DEC-2020,97.9,99.85,93.45,95.65,39238,25387,523
SAKHTISUG,14-DEC-2020,11.0,11.1,10.5,11.0,464350,264328,1054
SAKSOFT,14-DEC-2020,333.2,338.0,322.25,326.45,21462,11210,922
SAKUMA,14-DEC-2020,5.95,6.0,5.8,5.95,594821,429155,1000
SALASAR,14-DEC-2020,221.2,228.0,221.0,223.75,63843,31001,581
SALONA,14-DEC-2020,68.95,69.35,65.1,67.6,2067,607,77
SALSTEEL,14-DEC-2020,3.85,3.85,3.7,3.85,61238,56835,93
SALZERELEC,14-DEC-2020,128.25,132.6,128.1,130.1,47168,28242,1886
SAMBHAAV,14-DEC-2020,2.45,2.45,2.25,2.3,72177,55774,95
SANCO,14-DEC-2020,14.1,14.1,13.6,13.7,25479,23219,85
SANDESH,14-DEC-2020,561.35,597.6,561.35,590.0,2574,1351,419
SANDHAR,14-DEC-2020,239.9,255.55,237.0,240.6,33699,11278,2046
SANGAMIND,14-DEC-2020,62.0,64.0,61.5,63.4,12248,8894,167
SANGHIIND,14-DEC-2020,33.5,35.9,33.25,34.55,6339298,2869360,15679
SANGHVIMOV,14-DEC-2020,105.55,108.8,104.35,105.85,21075,17154,278
SANGINITA,14-DEC-2020,30.95,31.05,30.1,31.05,97468,83990,293
SANOFI,14-DEC-2020,7900.05,8036.0,7786.25,8002.35,18451,12790,3935
SARDAEN,14-DEC-2020,326.4,335.0,321.95,329.9,65748,35466,2522
SAREGAMA,14-DEC-2020,750.35,755.0,720.0,737.1,39453,21830,2493
SARLAPOLY,14-DEC-2020,22.0,24.6,21.5,24.05,972554,554214,2857
SASKEN,14-DEC-2020,755.05,794.0,751.35,762.5,394606,84935,15748
SASTASUNDR,14-DEC-2020,129.8,129.8,116.35,127.2,18155,13352,529
SATIA,14-DEC-2020,96.35,96.6,93.1,94.3,54966,29247,716
SATIN,14-DEC-2020,81.5,81.8,78.1,79.7,165002,117657,1347
SBICARD,14-DEC-2020,827.0,835.0,812.05,814.9,953777,482847,39071
SBIETFIT,14-DEC-2020,229.87,229.87,226.01,228.84,1241,788,70
SBIETFPB,14-DEC-2020,171.9,174.9,167.1,169.21,592,503,46
SBIETFQLTY,14-DEC-2020,122.7,122.7,119.1,121.3,947,913,56
SBILIFE,14-DEC-2020,855.0,858.3,848.05,850.2,1186967,790494,80285
SBIN,14-DEC-2020,274.0,276.15,272.35,274.2,31946501,8886488,200577
SCAPDVR,14-DEC-2020,1.35,1.35,1.3,1.3,39345,33874,48
SCHAEFFLER,14-DEC-2020,4365.0,4365.0,4256.0,4287.3,5017,3321,1708
SCHAND,14-DEC-2020,70.25,74.7,69.5,71.65,734473,502032,6601
SCHNEIDER,14-DEC-2020,86.4,90.4,86.4,89.65,1531769,1209668,10237
SCI,14-DEC-2020,83.5,86.95,81.1,84.15,7269628,2071088,34910
SDBL,14-DEC-2020,32.55,32.85,30.8,31.9,193159,136163,1035
SEAMECLTD,14-DEC-2020,488.0,512.25,472.25,484.1,177747,18556,3471
SELAN,14-DEC-2020,139.1,153.7,137.05,143.9,538085,108954,9512
SEPOWER,14-DEC-2020,3.1,3.15,2.9,3.15,113408,75802,179
SEQUENT,14-DEC-2020,172.45,172.45,165.8,167.55,659412,395236,13162
SESHAPAPER,14-DEC-2020,151.8,153.0,148.0,151.2,42364,26384,1026
SETCO,14-DEC-2020,11.75,12.6,11.75,12.55,141095,84252,325
SETF10GILT,14-DEC-2020,207.9,207.9,202.0,203.95,66,56,10
SETFGOLD,14-DEC-2020,4399.95,5044.6,4366.0,4374.4,8199,4685,1061
SETFNIF50,14-DEC-2020,148.2,148.2,139.7,140.36,92363,52377,1036
SETFNIFBK,14-DEC-2020,304.45,306.72,304.45,305.74,232006,213324,684
SETFNN50,14-DEC-2020,329.0,332.0,321.16,331.84,3531,2840,274
SETUINFRA,14-DEC-2020,1.35,1.35,1.35,1.35,210960,209960,111
SEYAIND,14-DEC-2020,68.0,72.0,67.0,71.75,129975,61744,1963
SFL,14-DEC-2020,1684.05,1709.0,1633.1,1649.15,7413,3116,1422
SGL,14-DEC-2020,8.05,8.15,7.9,7.95,26047,24339,131
SHAHALLOYS,14-DEC-2020,9.75,10.0,9.25,9.25,2125,2019,13
SHALBY,14-DEC-2020,106.1,108.55,103.95,104.4,250549,104875,4178
SHALPAINTS,14-DEC-2020,86.4,95.4,85.5,90.25,2904634,680123,25020
SHANKARA,14-DEC-2020,349.95,353.05,344.0,345.5,26911,11799,1171
SHANTIGEAR,14-DEC-2020,126.8,126.8,125.0,125.05,79467,68693,541
SHARDACROP,14-DEC-2020,281.0,283.0,275.05,278.75,27244,14978,1450
SHARDAMOTR,14-DEC-2020,1792.0,1841.0,1750.25,1764.6,9378,5990,1623
SHAREINDIA,14-DEC-2020,129.8,151.05,126.0,151.05,320183,289382,1504
SHARIABEES,14-DEC-2020,342.0,342.0,336.5,340.58,119,92,32
SHEMAROO,14-DEC-2020,79.0,79.2,76.5,77.65,94441,46214,1164
SHIL,14-DEC-2020,141.45,147.45,140.1,144.9,91313,59558,1455
SHILPAMED,14-DEC-2020,479.7,488.0,471.1,479.7,276777,101734,9754
SHIVAMAUTO,14-DEC-2020,20.85,21.0,20.3,20.9,66247,54684,310
SHIVAMILLS,14-DEC-2020,29.45,29.95,28.7,29.2,14660,7471,113
SHIVATEX,14-DEC-2020,91.35,96.0,88.25,94.95,16654,11052,283
SHK,14-DEC-2020,126.95,128.7,122.1,122.9,320037,159791,3190
SHOPERSTOP,14-DEC-2020,211.6,218.35,208.1,209.55,204276,93951,4156
SHRADHA,14-DEC-2020,62.0,63.0,61.25,63.0,4552,4552,20
SHREDIGCEM,14-DEC-2020,59.1,60.0,57.6,57.95,591952,367134,4619
SHREECEM,14-DEC-2020,23810.0,23986.7,23652.0,23722.2,35173,10099,12221
SHREEPUSHK,14-DEC-2020,117.65,134.9,116.1,124.25,937488,292567,12345
SHREERAMA,14-DEC-2020,8.1,8.45,7.75,8.25,45780,25234,160
SHRENIK,14-DEC-2020,5.3,5.45,5.0,5.1,3063708,1976467,3042
SHREYANIND,14-DEC-2020,85.6,89.95,85.5,87.75,31728,17290,656
SHREYAS,14-DEC-2020,68.95,70.0,66.15,69.4,31997,24276,276
SHRIRAMCIT,14-DEC-2020,1094.0,1094.0,1052.0,1064.6,25447,14799,2622
SHRIRAMEPC,14-DEC-2020,4.1,4.4,4.0,4.3,794296,565341,999
SHYAMCENT,14-DEC-2020,6.75,6.75,6.75,6.75,25554,25544,71
SHYAMTEL,14-DEC-2020,5.85,5.85,5.75,5.85,3334,3334,11
SICAGEN,14-DEC-2020,15.5,15.75,15.2,15.65,34493,27215,204
SICAL,14-DEC-2020,19.6,20.1,17.15,20.1,3028176,1711236,5654
SIEMENS,14-DEC-2020,1541.0,1555.0,1525.55,1544.45,299059,68533,17381
SIGIND,14-DEC-2020,25.7,30.05,25.35,29.1,225202,118263,2045
SILINV,14-DEC-2020,215.05,229.85,215.05,222.0,76194,29985,2857
SIMBHALS,14-DEC-2020,7.8,8.2,7.55,8.2,38231,29661,206
SIMPLEXINF,14-DEC-2020,40.75,40.75,37.35,39.95,667331,536082,1870
SINTERCOM,14-DEC-2020,76.0,77.45,74.0,74.0,7750,4752,27
SIRCA,14-DEC-2020,250.8,251.6,244.0,245.35,37947,29087,1144
SIS,14-DEC-2020,441.85,459.9,441.05,453.05,210392,81956,7575
SIYSIL,14-DEC-2020,176.0,182.0,175.25,180.4,153748,98395,2318
SJVN,14-DEC-2020,25.85,26.3,25.85,25.95,4424749,3532863,19434
SKFINDIA,14-DEC-2020,1665.55,1682.1,1650.0,1657.65,13535,8231,2259
SKIL,14-DEC-2020,2.55,2.55,2.55,2.55,147547,147547,41
SKIPPER,14-DEC-2020,60.95,61.45,59.75,61.15,65052,46707,574
SKMEGGPROD,14-DEC-2020,54.0,61.9,53.05,61.9,1072696,412892,6842
SMARTLINK,14-DEC-2020,102.0,102.0,95.05,97.15,451005,183756,6250
SMLISUZU,14-DEC-2020,478.0,482.0,470.55,473.4,18689,8709,1064
SMSLIFE,14-DEC-2020,636.05,643.95,619.0,622.5,3447,2013,404
SMSPHARMA,14-DEC-2020,97.9,98.9,92.65,96.8,185917,113288,1992
SNOWMAN,14-DEC-2020,66.4,66.4,60.7,61.25,5632789,3196442,26765
SOBHA,14-DEC-2020,321.2,327.8,318.0,319.85,367028,198759,10942
SOLARA,14-DEC-2020,1254.0,1268.0,1232.2,1249.25,27823,15771,2883
SOLARINDS,14-DEC-2020,1060.0,1105.0,1055.5,1088.55,95622,34433,6257
SOMANYCERA,14-DEC-2020,300.0,333.6,299.0,325.5,372162,198305,8718
SOMICONVEY,14-DEC-2020,25.65,27.95,22.2,25.05,21038,11181,218
SONATSOFTW,14-DEC-2020,356.0,358.7,349.5,351.35,626043,344850,13753
SORILINFRA,14-DEC-2020,116.0,116.7,91.55,105.7,143684,67565,2306
SOTL,14-DEC-2020,755.0,760.1,738.5,750.05,37434,29510,1508
SOUTHBANK,14-DEC-2020,9.95,10.0,9.55,9.6,14770920,10005076,14607
SOUTHWEST,14-DEC-2020,39.85,39.9,38.7,39.0,10157,9075,89
SPAL,14-DEC-2020,172.7,177.45,165.2,171.35,47939,25601,1425
SPANDANA,14-DEC-2020,739.95,747.55,733.05,738.4,27521,18961,1489
SPARC,14-DEC-2020,189.0,190.5,185.0,185.95,404213,178964,5199
SPECIALITY,14-DEC-2020,42.5,45.5,42.5,44.7,442285,192379,2308
SPENCERS,14-DEC-2020,86.5,87.8,83.55,83.9,914995,500068,5241
SPIC,14-DEC-2020,23.45,23.6,22.65,23.05,384262,210426,1441
SPICEJET,14-DEC-2020,107.45,107.9,102.0,102.55,13401494,5897571,63141
SPLIL,14-DEC-2020,33.75,34.8,33.1,33.85,59861,32738,482
SPMLINFRA,14-DEC-2020,13.3,14.5,12.05,14.5,429275,306622,1008
SPTL,14-DEC-2020,3.2,3.35,3.2,3.2,4247050,2689819,1825
SREEL,14-DEC-2020,149.8,151.5,148.9,149.25,45423,40063,404
SREINFRA,14-DEC-2020,7.6,7.75,7.3,7.45,1705198,863207,1517
SRF,14-DEC-2020,5299.0,5348.45,5240.3,5311.8,134670,38872,15846
SRHHYPOLTD,14-DEC-2020,241.45,242.95,238.3,240.25,12905,10942,237
SRIPIPES,14-DEC-2020,149.0,150.0,145.1,147.75,145666,87330,2252
SRPL,14-DEC-2020,30.95,30.95,30.1,30.9,3538,192,21
SRTRANSFIN,14-DEC-2020,1060.0,1073.8,1046.4,1070.0,2996029,356135,54880
SSWL,14-DEC-2020,517.2,524.9,511.1,515.1,22004,14257,1425
STAR,14-DEC-2020,790.85,812.0,790.0,794.75,539313,88328,18297
STARCEMENT,14-DEC-2020,94.0,95.6,93.5,93.75,157581,78253,2263
STARPAPER,14-DEC-2020,107.55,109.8,105.8,109.35,263494,156196,4344
STCINDIA,14-DEC-2020,79.0,82.85,78.7,82.85,137286,76054,2026
STEELCITY,14-DEC-2020,36.5,41.0,34.5,39.15,65329,44081,300
STEELXIND,14-DEC-2020,37.1,41.0,37.1,39.65,277157,170943,994
STEL,14-DEC-2020,65.9,65.9,63.0,63.9,19987,11721,282
STERTOOLS,14-DEC-2020,204.0,205.0,198.55,201.2,120244,82936,2874
STLTECH,14-DEC-2020,163.0,164.2,160.0,163.3,542989,281030,8309
SUBEXLTD,14-DEC-2020,29.5,30.85,28.8,29.1,6466769,3306881,17381
SUBROS,14-DEC-2020,325.0,332.0,323.7,325.8,100597,48764,4481
SUDARSCHEM,14-DEC-2020,486.95,496.0,478.15,494.35,184926,90130,5716
SUMEETINDS,14-DEC-2020,2.6,2.7,2.5,2.6,134566,111408,112
SUMICHEM,14-DEC-2020,305.1,307.9,299.75,301.3,330697,153165,7318
SUMIT,14-DEC-2020,12.1,12.5,11.05,11.6,77202,56771,335
SUMMITSEC,14-DEC-2020,530.55,542.25,526.15,531.25,2978,2287,309
SUNCLAYLTD,14-DEC-2020,2250.0,2350.0,2126.95,2200.8,15463,12987,772
SUNDARAM,14-DEC-2020,1.55,1.6,1.5,1.5,332071,233151,280
SUNDARMFIN,14-DEC-2020,1798.0,1845.0,1781.55,1805.6,142332,62653,9656
SUNDARMHLD,14-DEC-2020,61.6,68.9,59.8,67.4,1902134,1007506,7700
SUNDRMBRAK,14-DEC-2020,304.75,308.95,298.6,305.5,4249,2768,360
SUNDRMFAST,14-DEC-2020,544.0,561.2,540.1,558.1,352145,122442,14429
SUNFLAG,14-DEC-2020,59.7,61.0,59.25,59.8,615422,307745,3551
SUNPHARMA,14-DEC-2020,568.35,578.65,568.35,576.25,8582193,2892651,102415
SUNTECK,14-DEC-2020,332.55,332.55,324.2,326.8,160078,56630,5565
SUNTV,14-DEC-2020,472.1,496.4,472.0,493.35,7837269,1098859,67147
SUPERHOUSE,14-DEC-2020,118.0,123.0,117.5,120.15,47271,17369,1124
SUPERSPIN,14-DEC-2020,5.4,5.4,5.05,5.2,36839,29380,174
SUPPETRO,14-DEC-2020,371.0,399.95,371.0,388.5,69880,44397,2590
SUPRAJIT,14-DEC-2020,203.55,204.45,198.25,199.55,101209,67764,3330
SUPREMEENG,14-DEC-2020,23.65,25.4,23.65,24.05,43436,33945,93
SUPREMEIND,14-DEC-2020,1710.0,1750.0,1700.05,1742.25,69494,38619,7828
SURANASOL,14-DEC-2020,8.45,8.75,8.15,8.25,108643,83873,222
SURANAT&P,14-DEC-2020,4.15,4.4,4.05,4.15,84181,63394,237
SURYALAXMI,14-DEC-2020,24.95,24.95,23.0,23.95,21376,15137,193
SURYAROSNI,14-DEC-2020,330.0,349.65,325.8,347.4,201980,96666,4397
SUTLEJTEX,14-DEC-2020,40.0,43.9,39.55,43.2,1043229,604959,4695
SUULD,14-DEC-2020,108.0,110.45,100.25,101.1,37104,25759,295
SUVEN,14-DEC-2020,77.0,82.85,77.0,82.85,3299615,1377022,17375
SUVENPHAR,14-DEC-2020,407.0,420.0,398.15,417.5,491952,246494,31667
SWANENERGY,14-DEC-2020,131.7,133.75,130.5,131.3,130569,14373,2076
SWARAJENG,14-DEC-2020,1441.45,1448.0,1430.5,1435.35,7327,4456,1130
SWELECTES,14-DEC-2020,157.0,158.05,153.35,155.05,8187,5646,240
SWSOLAR,14-DEC-2020,267.7,268.05,258.5,261.55,105578,64379,2483
SYMPHONY,14-DEC-2020,910.0,932.3,907.6,924.25,226381,87615,9819
SYNGENE,14-DEC-2020,607.2,616.8,603.0,612.05,563532,286811,28479
TAINWALCHM,14-DEC-2020,75.5,76.4,70.3,75.05,65448,24547,1033
TAJGVK,14-DEC-2020,142.05,146.4,142.05,144.5,250862,90980,4500
TAKE,14-DEC-2020,46.35,47.25,45.75,45.95,2493008,1452375,7487
TALBROAUTO,14-DEC-2020,152.05,152.8,148.2,149.4,8709,6259,270
TARMAT,14-DEC-2020,47.5,48.5,46.1,46.55,16902,9881,396
TASTYBITE,14-DEC-2020,11000.0,11500.0,11000.0,11368.05,4063,1375,1748
TATACHEM,14-DEC-2020,510.0,513.45,506.2,509.5,3385649,690324,33122
TATACOFFEE,14-DEC-2020,109.65,110.7,108.1,108.5,684216,317049,4435
TATACOMM,14-DEC-2020,1031.15,1050.0,1027.95,1030.75,37756,19643,3215
TATACONSUM,14-DEC-2020,579.8,583.0,572.1,577.0,2482828,805792,46273
TATAELXSI,14-DEC-2020,1613.9,1635.0,1590.0,1600.15,256187,81315,18097
TATAINVEST,14-DEC-2020,1009.0,1054.5,1001.1,1024.1,162621,77086,13487
TATAMETALI,14-DEC-2020,584.5,610.0,584.0,601.3,181670,81754,7201
TATAMOTORS,14-DEC-2020,181.0,181.5,176.7,177.65,33186273,5086607,132474
TATAMTRDVR,14-DEC-2020,75.3,76.75,75.0,75.85,3422647,1538570,7463
TATAPOWER,14-DEC-2020,73.45,74.1,72.8,73.45,20767955,4891823,48115
TATASTEEL,14-DEC-2020,626.75,638.9,625.3,626.75,17722715,4134640,185063
TATASTLBSL,14-DEC-2020,38.4,39.4,38.25,38.55,4172482,2047459,6470
TATASTLLP,14-DEC-2020,507.05,539.0,504.0,516.7,293517,123285,10826
TBZ,14-DEC-2020,46.85,49.3,46.05,48.65,618716,275877,3325
TCI,14-DEC-2020,255.7,265.5,252.95,261.55,51742,18143,3482
TCIDEVELOP,14-DEC-2020,318.7,318.7,310.0,314.0,243,38,154
TCIEXP,14-DEC-2020,898.0,908.05,870.0,888.2,17699,7882,2333
TCIFINANCE,14-DEC-2020,5.1,5.25,5.1,5.25,3255,2755,11
TCNSBRANDS,14-DEC-2020,424.95,424.95,412.0,418.95,10269,6138,761
TCPLPACK,14-DEC-2020,410.0,415.0,397.0,401.45,5057,3730,304
TCS,14-DEC-2020,2802.0,2804.0,2756.25,2797.7,2483658,1487586,112781
TDPOWERSYS,14-DEC-2020,130.5,132.9,128.6,129.55,35837,25578,722
TEAMLEASE,14-DEC-2020,2704.8,2724.65,2650.0,2662.65,11168,4875,3208
TECHM,14-DEC-2020,924.0,924.25,906.05,909.4,3239051,1559498,134811
TECHNOE,14-DEC-2020,229.8,229.8,222.0,223.1,9901,7761,523
TEJASNET,14-DEC-2020,138.0,143.7,135.9,135.9,949964,510162,11915
TERASOFT,14-DEC-2020,32.2,32.5,31.0,31.45,32025,20649,390
TEXINFRA,14-DEC-2020,42.8,44.45,41.95,43.75,320446,187233,1478
TEXMOPIPES,14-DEC-2020,21.7,22.2,20.7,21.9,421141,262210,1339
TEXRAIL,14-DEC-2020,28.15,30.8,27.7,30.25,3631446,2084216,7764
TFCILTD,14-DEC-2020,49.45,50.35,48.6,49.55,640370,276271,2864
TGBHOTELS,14-DEC-2020,7.25,7.25,6.65,6.65,29559,26645,115
THANGAMAYL,14-DEC-2020,535.0,549.9,535.0,536.35,13045,8692,767
THEINVEST,14-DEC-2020,152.0,162.95,143.2,154.95,4572,2731,161
THEMISMED,14-DEC-2020,375.0,376.7,368.45,373.3,12181,8712,373
THERMAX,14-DEC-2020,916.0,919.95,904.6,908.95,12594,6396,1521
THOMASCOOK,14-DEC-2020,51.6,51.6,50.05,50.25,422539,266395,2616
THYROCARE,14-DEC-2020,1039.0,1039.0,1006.55,1014.15,52740,25189,3867
TI,14-DEC-2020,23.2,25.05,23.0,23.8,360581,271184,1175
TIDEWATER,14-DEC-2020,4460.0,4499.9,4450.0,4470.1,5308,1846,874
TIIL,14-DEC-2020,368.0,368.0,352.05,356.05,32214,20818,845
TIINDIA,14-DEC-2020,859.8,868.4,836.1,846.15,206211,171501,8766
TIL,14-DEC-2020,183.45,187.45,176.0,177.75,8358,5613,480
TIMESGTY,14-DEC-2020,30.3,30.9,29.05,30.8,14866,4877,92
TIMETECHNO,14-DEC-2020,48.8,49.0,45.6,46.2,1038449,767826,3360
TIMKEN,14-DEC-2020,1125.0,1135.0,1100.0,1119.55,27506,14494,3703
TINPLATE,14-DEC-2020,146.2,158.0,146.2,152.9,1681396,540860,22935
TIPSINDLTD,14-DEC-2020,269.8,269.8,260.75,263.75,7526,5002,301
TIRUMALCHM,14-DEC-2020,105.55,108.8,103.1,107.95,977178,317459,7956
TITAN,14-DEC-2020,1451.0,1469.5,1445.0,1463.45,2453825,571517,67765
TMRVL,14-DEC-2020,12.45,12.7,12.0,12.15,50876,39757,342
TNPETRO,14-DEC-2020,42.5,42.5,41.7,42.05,241412,134656,2148
TNPL,14-DEC-2020,117.45,118.75,115.1,115.55,187037,119821,2599
TOKYOPLAST,14-DEC-2020,71.65,71.65,66.55,69.9,3991,2209,186
TORNTPHARM,14-DEC-2020,2643.7,2710.95,2641.35,2703.8,465356,188079,24646
TORNTPOWER,14-DEC-2020,325.2,336.85,323.75,335.7,2524397,833703,33649
TOTAL,14-DEC-2020,58.5,62.3,57.05,62.3,21754,19373,182
TOUCHWOOD,14-DEC-2020,51.95,53.7,49.3,52.85,1809,1594,58
TPLPLASTEH,14-DEC-2020,163.0,175.0,156.55,173.3,165963,42549,1287
TREEHOUSE,14-DEC-2020,7.05,7.4,6.7,6.7,454139,256567,404
TREJHARA,14-DEC-2020,44.3,44.3,44.3,44.3,8973,8973,85
TRENT,14-DEC-2020,695.0,704.4,693.0,699.8,683921,368757,26513
TRF,14-DEC-2020,110.4,111.8,108.1,108.8,40580,27119,737
TRIDENT,14-DEC-2020,10.2,10.2,9.85,9.95,8803186,6306774,34870
TRIGYN,14-DEC-2020,66.9,67.9,65.3,65.85,51136,31761,546
TRIL,14-DEC-2020,22.8,22.8,21.1,22.8,3209244,1868008,4813
TRITURBINE,14-DEC-2020,84.95,85.1,82.55,83.15,85061,58045,1368
TRIVENI,14-DEC-2020,77.7,78.7,76.6,77.65,854610,445809,5930
TTKHLTCARE,14-DEC-2020,609.8,624.8,596.0,599.9,14264,9725,673
TTKPRESTIG,14-DEC-2020,5818.8,5818.8,5702.0,5719.2,5714,4079,1486
TTL,14-DEC-2020,44.15,44.9,43.0,43.7,6313,4111,290
TV18BRDCST,14-DEC-2020,31.4,32.1,31.1,31.6,3795873,1501650,7472
TVSELECT,14-DEC-2020,146.3,149.0,140.9,142.8,240237,114299,4889
TVSMOTOR,14-DEC-2020,489.8,489.9,477.5,487.65,2539870,404016,36215
TVSSRICHAK,14-DEC-2020,1996.0,2077.95,1963.2,1992.9,128953,21445,12437
TVTODAY,14-DEC-2020,218.1,222.7,213.95,214.6,87844,55714,2085
TVVISION,14-DEC-2020,1.95,1.95,1.95,1.95,3098,3098,5
TWL,14-DEC-2020,51.8,54.3,50.65,53.8,938951,352866,5777
UBL,14-DEC-2020,1149.9,1171.8,1145.2,1158.1,394487,106089,14913
UCALFUEL,14-DEC-2020,132.0,133.85,129.55,130.3,29102,14586,963
UCOBANK,14-DEC-2020,13.5,13.65,13.3,13.4,2018643,1039250,4831
UFLEX,14-DEC-2020,384.05,387.35,377.8,378.95,90042,58650,2873
UFO,14-DEC-2020,81.35,84.7,80.55,82.95,631292,203867,4189
UGARSUGAR,14-DEC-2020,17.2,17.4,16.75,16.9,292257,167695,1389
UJAAS,14-DEC-2020,2.95,3.1,2.7,2.7,38554265,28811693,9634
UJJIVAN,14-DEC-2020,284.0,288.0,282.15,283.7,496906,170115,10076
UJJIVANSFB,14-DEC-2020,39.25,39.55,38.85,39.05,964041,569969,3385
ULTRACEMCO,14-DEC-2020,5015.0,5080.0,4995.7,5073.75,919851,516455,47469
UMANGDAIRY,14-DEC-2020,55.65,62.25,54.5,58.1,578341,146124,4262
UMESLTD,14-DEC-2020,1.75,1.75,1.7,1.75,60838,60238,80
UNICHEMLAB,14-DEC-2020,263.1,265.0,260.05,260.55,43317,24048,1807
UNIDT,14-DEC-2020,260.95,269.0,260.3,264.35,8873,2886,64
UNIENTER,14-DEC-2020,64.8,67.0,62.5,63.1,48073,23119,1487
UNIONBANK,14-DEC-2020,34.2,34.5,33.6,33.85,10476417,3229950,17369
UNITEDTEA,14-DEC-2020,331.6,332.5,321.0,328.0,954,630,78
UNIVASTU,14-DEC-2020,33.0,33.0,31.8,32.2,1905,1443,50
UNIVCABLES,14-DEC-2020,151.65,153.0,145.55,146.45,47177,26962,1080
UNIVPHOTO,14-DEC-2020,177.0,185.0,169.95,178.05,13228,10346,303
UPL,14-DEC-2020,433.0,443.9,431.8,442.15,14595495,2880594,138461
URJA,14-DEC-2020,5.35,5.35,5.35,5.35,408781,408781,424
USHAMART,14-DEC-2020,25.9,26.8,25.45,26.65,1429411,909440,2557
UTIAMC,14-DEC-2020,571.0,579.8,563.6,575.5,976365,629821,34129
UTIBANKETF,14-DEC-2020,306.24,308.48,306.24,308.17,71,69,11
UTINEXT50,14-DEC-2020,330.0,335.0,329.95,330.92,420,378,36
UTINIFTETF,14-DEC-2020,1446.0,1446.0,1439.6,1441.3,221,207,28
UTISENSETF,14-DEC-2020,490.0,494.99,480.05,492.23,453,347,80
UTISXN50,14-DEC-2020,343.27,359.78,343.27,359.78,31,15,11
UTTAMSTL,14-DEC-2020,7.35,7.5,7.05,7.3,166495,129377,321
UTTAMSUGAR,14-DEC-2020,96.95,98.7,96.65,97.2,84037,40409,1311
VADILALIND,14-DEC-2020,800.0,810.0,786.85,792.25,4515,3800,315
VAIBHAVGBL,14-DEC-2020,2138.3,2138.3,2076.0,2080.5,10468,8273,3306
VAISHALI,14-DEC-2020,34.9,40.35,33.8,38.3,110489,59962,750
VAKRANGEE,14-DEC-2020,49.25,52.2,49.25,50.6,11193454,6758850,31840
VALIANTORG,14-DEC-2020,3200.0,3240.0,3158.65,3193.55,19260,13134,2910
VARDHACRLC,14-DEC-2020,33.5,34.35,33.2,34.0,107318,78846,343
VARDMNPOLY,14-DEC-2020,12.0,12.0,10.3,10.85,36584,28058,222
VARROC,14-DEC-2020,409.9,415.0,406.0,406.9,64285,39239,2198
VASWANI,14-DEC-2020,6.55,6.55,6.25,6.45,31973,27315,73
VBL,14-DEC-2020,914.95,918.8,888.7,901.9,542609,335781,32902
VEDL,14-DEC-2020,147.95,149.5,145.9,146.65,18641959,4961040,71213
VENKEYS,14-DEC-2020,1717.0,1750.0,1703.05,1710.45,130389,34603,9118
VENUSREM,14-DEC-2020,145.0,145.0,139.05,142.5,24350,17007,659
VERTOZ,14-DEC-2020,206.45,216.0,205.8,209.45,137752,70677,978
VESUVIUS,14-DEC-2020,1032.95,1039.3,1015.0,1018.15,8121,7066,448
VETO,14-DEC-2020,82.5,87.0,81.7,86.0,51897,43132,679
VGUARD,14-DEC-2020,188.0,190.8,186.0,190.1,607744,326287,17972
VHL,14-DEC-2020,1480.0,1480.0,1435.55,1454.65,300,193,40
VIDHIING,14-DEC-2020,124.55,126.0,120.3,123.6,33555,22851,849
VIJIFIN,14-DEC-2020,0.8,0.8,0.7,0.7,537475,344814,255
VIKASECO,14-DEC-2020,4.85,5.0,4.8,5.0,1699606,1395124,1033
VIKASMCORP,14-DEC-2020,7.65,7.75,7.6,7.75,4165553,3492970,5035
VIKASPROP,14-DEC-2020,3.35,3.45,3.25,3.4,3878574,2191534,2681
VIKASWSP,14-DEC-2020,5.25,5.4,5.25,5.3,335819,314072,497
VIMTALABS,14-DEC-2020,172.0,186.35,172.0,184.9,151116,90584,2599
VINATIORGA,14-DEC-2020,1125.0,1139.0,1111.1,1115.05,81057,55892,6815
VINDHYATEL,14-DEC-2020,865.0,870.05,841.55,853.65,5934,3035,725
VINYLINDIA,14-DEC-2020,121.0,123.0,116.0,117.6,119962,62121,3327
VIPCLOTHNG,14-DEC-2020,11.1,11.85,11.1,11.85,178499,126746,268
VIPIND,14-DEC-2020,370.0,370.95,364.0,365.5,178073,72134,5417
VIPULLTD,14-DEC-2020,17.85,17.85,16.8,17.2,4222,2741,75
VISAKAIND,14-DEC-2020,401.3,401.45,385.95,398.3,61327,30857,3051
VISASTEEL,14-DEC-2020,7.2,7.2,6.75,6.8,26004,23210,143
VISHAL,14-DEC-2020,92.05,92.05,92.05,92.05,59768,59768,661
VISHNU,14-DEC-2020,182.95,190.25,176.0,187.85,33774,18960,1054
VISHWARAJ,14-DEC-2020,122.05,124.95,121.4,122.75,1002,656,55
VIVIDHA,14-DEC-2020,0.65,0.7,0.6,0.65,4392571,3475637,642
VIVIMEDLAB,14-DEC-2020,17.95,18.3,17.25,17.3,339317,158869,902
VLSFINANCE,14-DEC-2020,66.15,72.0,66.05,70.4,128357,83057,1225
VMART,14-DEC-2020,2312.25,2464.95,2312.25,2415.35,49310,16144,6384
VOLTAMP,14-DEC-2020,1256.7,1262.0,1209.0,1216.1,12803,5733,1813
VOLTAS,14-DEC-2020,806.1,814.9,804.2,808.05,619636,153720,14810
VRLLOG,14-DEC-2020,208.9,209.5,203.5,207.9,379261,187889,8791
VSSL,14-DEC-2020,120.0,121.0,117.0,120.4,31197,26248,460
VSTIND,14-DEC-2020,3975.0,4015.0,3888.0,3903.4,6517,3909,1894
VSTTILLERS,14-DEC-2020,1915.0,1918.9,1895.0,1908.85,8314,4779,1302
VTL,14-DEC-2020,1039.95,1039.95,980.0,988.65,60836,45107,2505
WABAG,14-DEC-2020,200.9,218.05,200.9,215.2,1852277,662987,29691
WABCOINDIA,14-DEC-2020,5720.0,5765.5,5670.05,5695.3,1878,885,654
WALCHANNAG,14-DEC-2020,64.0,65.5,63.0,64.05,116323,66535,1234
WATERBASE,14-DEC-2020,136.4,145.9,136.0,141.75,13004950,1296701,92001
WEBELSOLAR,14-DEC-2020,28.4,30.55,27.6,30.55,456931,294558,1737
WEIZMANIND,14-DEC-2020,64.7,65.6,62.0,65.6,30260,22318,267
WELCORP,14-DEC-2020,134.75,136.0,129.5,129.8,1469570,891922,12239
WELENT,14-DEC-2020,92.05,95.45,92.0,93.95,232169,171653,1885
WELINV,14-DEC-2020,494.0,494.0,444.15,444.15,5474,3957,390
WELSPUNIND,14-DEC-2020,73.2,74.05,73.0,74.05,540275,524949,1302
WENDT,14-DEC-2020,3477.0,3477.0,3272.0,3387.75,748,243,540
WESTLIFE,14-DEC-2020,444.0,450.0,423.0,425.6,394789,132232,11355
WHEELS,14-DEC-2020,489.0,496.6,475.0,479.1,31108,20246,1744
WHIRLPOOL,14-DEC-2020,2110.0,2124.0,2090.95,2095.1,81747,55939,11399
WILLAMAGOR,14-DEC-2020,20.05,21.85,18.55,21.7,77918,49526,498
WINDMACHIN,14-DEC-2020,19.9,20.45,18.8,19.05,30274,21756,196
WIPRO,14-DEC-2020,353.5,354.55,347.1,349.35,11501839,6170558,106951
WOCKPHARMA,14-DEC-2020,523.0,523.5,503.35,507.1,571153,200846,16853
WONDERLA,14-DEC-2020,215.5,219.0,210.0,213.25,124377,43649,2945
WORTH,14-DEC-2020,46.4,47.8,46.0,46.35,6124,5095,45
WSI,14-DEC-2020,4.2,4.4,4.2,4.4,5626,5106,18
WSTCSTPAPR,14-DEC-2020,175.5,176.5,171.3,173.05,130622,75686,2848
XCHANGING,14-DEC-2020,81.85,81.9,80.3,80.75,146366,134505,455
XELPMOC,14-DEC-2020,287.0,290.0,272.6,286.3,39571,24383,1369
YAARII,14-DEC-2020,87.35,87.35,79.05,79.05,831332,430362,3720
YESBANK,14-DEC-2020,19.4,19.45,18.5,18.5,136661650,78874109,179971
ZEEL,14-DEC-2020,215.0,217.8,213.5,215.4,11216924,2421461,56115
ZEELEARN,14-DEC-2020,14.05,14.65,13.9,14.3,1916817,879314,2492
ZEEMEDIA,14-DEC-2020,6.65,6.65,6.35,6.6,14828319,10930388,9574
ZENITHEXPO,14-DEC-2020,88.9,92.7,79.15,92.7,27952,13836,635
ZENSARTECH,14-DEC-2020,257.8,257.8,243.5,244.85,216407,111773,5873
ZENTEC,14-DEC-2020,88.4,88.65,86.1,86.5,226632,133232,2778
ZODIACLOTH,14-DEC-2020,103.95,104.05,102.5,103.25,53030,39318,761
ZODJRDMKJ,14-DEC-2020,27.55,29.7,27.3,29.55,3602,2716,150
ZOTA,14-DEC-2020,155.1,155.1,150.15,150.9,37121,18546,654
ZUARI,14-DEC-2020,96.75,101.0,96.0,96.75,75141,36323,1125
ZUARIGLOB,14-DEC-2020,63.0,64.45,60.7,61.2,321831,261692,1418
ZYDUSWELL,14-DEC-2020,1881.5,1896.0,1865.0,1879.25,14462,7622,2638
