20MICRONS,16-DEC-2020,36.0,37.5,35.3,36.8,144941,106668,812
21STCENMGM,16-DEC-2020,10.7,10.75,10.35,10.6,6077,5202,40
3IINFOTECH,16-DEC-2020,5.35,5.35,5.35,5.35,1183395,1183395,516
3MINDIA,16-DEC-2020,23098.1,23100.0,22700.0,22849.1,8180,6900,1681
3PLAND,16-DEC-2020,11.75,11.75,11.75,11.75,5397,5397,29
5PAISA,16-DEC-2020,328.95,328.95,315.0,317.15,20126,17743,708
A2ZINFRA,16-DEC-2020,4.75,4.95,4.45,4.9,730918,485563,590
AAKASH,16-DEC-2020,59.0,65.2,58.0,60.4,33680,12946,556
AARON,16-DEC-2020,50.35,52.85,49.0,50.7,23191,20239,154
AARTIDRUGS,16-DEC-2020,779.8,782.8,766.0,767.6,342836,182881,18604
AARTIIND,16-DEC-2020,1225.85,1226.0,1207.15,1216.7,633485,576357,12763
AARTISURF,16-DEC-2020,1129.8,1174.6,1081.2,1124.55,93999,39670,7170
AARVEEDEN,16-DEC-2020,21.75,21.75,20.0,21.75,251735,155581,958
AARVI,16-DEC-2020,45.15,47.9,43.15,45.7,7282,4729,92
AAVAS,16-DEC-2020,1665.2,1686.5,1651.4,1657.0,41470,24725,7319
ABB,16-DEC-2020,1159.3,1206.75,1157.65,1194.9,323251,151700,15679
ABBOTINDIA,16-DEC-2020,16451.0,16599.0,16202.0,16276.6,19505,10365,7380
ABCAPITAL,16-DEC-2020,91.5,92.3,90.95,91.25,1607510,544469,7351
ABFRL,16-DEC-2020,161.3,167.3,160.05,163.6,4495845,1364986,38004
ABSLBANETF,16-DEC-2020,304.09,307.62,294.8,306.34,460,244,25
ABSLNN50ET,16-DEC-2020,310.0,310.0,300.5,310.0,20,16,9
ACC,16-DEC-2020,1644.95,1649.8,1624.25,1633.1,821837,167538,23003
ACCELYA,16-DEC-2020,1032.0,1047.0,1020.0,1020.95,11617,6612,1356
ACCURACY,16-DEC-2020,36.1,36.1,36.1,36.1,400,400,2
ACE,16-DEC-2020,133.0,133.25,130.0,131.55,392387,196155,4165
ADANIENT,16-DEC-2020,462.5,467.55,457.55,463.25,4088505,326366,40984
ADANIGAS,16-DEC-2020,356.5,361.25,355.15,358.85,1303648,724076,16515
ADANIGREEN,16-DEC-2020,1019.75,1029.9,1011.1,1019.4,451443,287863,31475
ADANIPORTS,16-DEC-2020,480.0,480.45,473.15,475.55,5452263,1329344,70859
ADANIPOWER,16-DEC-2020,48.5,48.7,46.0,46.9,10394329,5468582,32195
ADANITRANS,16-DEC-2020,434.9,435.15,425.3,431.65,342088,168063,7954
ADFFOODS,16-DEC-2020,551.1,605.9,551.1,600.25,177750,59330,5836
ADHUNIKIND,16-DEC-2020,26.0,27.8,25.2,27.8,94748,72767,470
ADORWELD,16-DEC-2020,279.35,279.4,271.9,273.55,31659,18504,1140
ADSL,16-DEC-2020,30.0,30.3,29.2,29.7,93082,55900,651
ADVENZYMES,16-DEC-2020,351.25,352.7,341.25,343.75,157746,80115,6457
AEGISCHEM,16-DEC-2020,246.0,248.0,240.0,241.85,140004,81600,5258
AFFLE,16-DEC-2020,4046.3,4072.45,3952.1,4025.8,323059,142321,26280
AGARIND,16-DEC-2020,103.0,110.0,101.05,104.35,49176,36310,578
AGRITECH,16-DEC-2020,40.9,40.9,38.6,39.75,21047,15432,257
AGROPHOS,16-DEC-2020,20.0,20.0,19.55,20.0,150000,125689,419
AHLEAST,16-DEC-2020,171.3,188.95,171.3,179.8,42909,26527,1165
AHLUCONT,16-DEC-2020,262.6,268.8,262.0,262.85,12882,6879,589
AHLWEST,16-DEC-2020,276.65,284.8,276.6,280.25,3168,1923,213
AIAENG,16-DEC-2020,1950.5,2007.0,1940.0,1983.35,35710,21027,5000
AIRAN,16-DEC-2020,16.5,17.25,16.5,16.95,28328,26225,255
AJANTPHARM,16-DEC-2020,1687.0,1704.85,1680.05,1689.3,57795,20453,4820
AJMERA,16-DEC-2020,138.9,151.4,137.0,145.35,1150419,224431,17484
AKASH,16-DEC-2020,251.0,251.0,237.3,245.65,18155,14776,238
AKSHARCHEM,16-DEC-2020,251.45,252.0,246.05,246.85,34003,20764,1718
AKSHOPTFBR,16-DEC-2020,8.2,8.2,7.8,7.9,321070,210377,650
AKZOINDIA,16-DEC-2020,2265.0,2310.0,2219.25,2287.55,17053,7978,3020
ALANKIT,16-DEC-2020,17.05,17.4,16.8,16.95,100098,73484,412
ALBERTDAVD,16-DEC-2020,455.0,460.4,447.05,449.4,19210,12070,1083
ALCHEM,16-DEC-2020,11.45,11.45,10.45,10.45,175813,161337,666
ALEMBICLTD,16-DEC-2020,103.5,104.85,102.95,103.35,369023,164109,3767
ALICON,16-DEC-2020,338.95,349.9,332.0,337.3,3024,1875,174
ALKALI,16-DEC-2020,49.95,53.0,49.0,51.25,122906,39946,1422
ALKEM,16-DEC-2020,2905.0,2910.0,2881.0,2896.1,94352,74843,6083
ALKYLAMINE,16-DEC-2020,3800.0,3889.8,3796.0,3816.5,26247,12799,5351
ALLCARGO,16-DEC-2020,137.0,138.85,135.5,136.1,286547,159192,4332
ALLSEC,16-DEC-2020,266.95,271.8,252.75,256.1,16590,9976,820
ALMONDZ,16-DEC-2020,18.2,18.6,17.85,18.3,26828,13895,108
ALOKINDS,16-DEC-2020,23.2,23.2,22.7,22.85,6619111,3524436,11606
ALPSINDUS,16-DEC-2020,1.7,1.7,1.7,1.7,45048,41032,69
AMARAJABAT,16-DEC-2020,942.0,963.25,941.25,958.1,877871,180054,24966
AMBER,16-DEC-2020,2370.5,2409.95,2338.95,2358.05,276307,141881,19856
AMBIKCO,16-DEC-2020,845.0,858.0,832.0,839.0,14290,10392,925
AMBUJACEM,16-DEC-2020,249.1,249.7,245.1,247.25,7488289,3149687,51549
AMDIND,16-DEC-2020,17.4,20.3,16.65,20.3,325175,182397,637
AMJLAND,16-DEC-2020,26.05,27.0,25.25,25.65,32841,24673,299
AMRUTANJAN,16-DEC-2020,509.75,525.0,505.05,511.6,121967,43251,7714
ANANTRAJ,16-DEC-2020,25.8,26.7,25.5,26.35,1166470,752907,3932
ANDHRACEMT,16-DEC-2020,6.75,6.8,6.35,6.45,359557,215237,689
ANDHRAPAP,16-DEC-2020,210.0,215.5,207.2,212.55,54804,34286,1287
ANDHRSUGAR,16-DEC-2020,342.0,347.25,330.1,332.65,202209,97638,5699
ANGELBRKG,16-DEC-2020,359.0,363.75,357.0,360.45,213563,137119,3615
ANIKINDS,16-DEC-2020,23.0,24.55,22.8,24.55,91156,70766,272
ANKITMETAL,16-DEC-2020,1.35,1.35,1.35,1.35,42005,42004,14
ANSALAPI,16-DEC-2020,7.3,7.4,6.7,7.2,768057,504990,720
ANSALHSG,16-DEC-2020,6.05,6.05,5.7,5.9,210186,103156,303
ANUP,16-DEC-2020,783.6,802.0,762.0,771.5,25411,16909,1267
APARINDS,16-DEC-2020,379.65,382.65,363.0,369.05,60552,45950,1766
APCL,16-DEC-2020,205.35,211.3,205.35,207.55,30634,13797,882
APCOTEXIND,16-DEC-2020,168.05,172.5,166.4,167.15,115353,81895,1199
APEX,16-DEC-2020,319.65,323.0,318.0,318.8,119847,56425,2942
APLAPOLLO,16-DEC-2020,783.5,796.9,780.55,790.2,246840,118485,11456
APLLTD,16-DEC-2020,1075.0,1117.9,1066.05,1104.35,317579,172807,13935
APOLLO,16-DEC-2020,127.45,128.5,125.0,125.75,81405,45174,1862
APOLLOHOSP,16-DEC-2020,2369.0,2411.25,2360.0,2389.7,948217,227413,34143
APOLLOPIPE,16-DEC-2020,679.8,679.8,657.4,661.25,16162,9989,1089
APOLLOTYRE,16-DEC-2020,191.0,200.0,190.4,196.7,20035196,2445132,87280
APOLSINHOT,16-DEC-2020,591.9,603.0,572.7,574.75,1362,905,108
APTECHT,16-DEC-2020,140.0,144.0,137.55,139.5,976755,342652,12813
ARCHIDPLY,16-DEC-2020,30.7,31.25,29.55,30.15,50336,28204,686
ARCHIES,16-DEC-2020,14.2,14.65,14.2,14.35,47796,37812,247
ARCOTECH,16-DEC-2020,2.85,3.05,2.85,3.05,153075,97853,183
ARENTERP,16-DEC-2020,11.35,11.35,10.6,11.1,6467,4454,75
ARIES,16-DEC-2020,108.55,111.4,107.1,108.2,81405,37269,1746
ARIHANT,16-DEC-2020,18.95,20.35,18.95,19.5,1496,1429,24
ARIHANTSUP,16-DEC-2020,35.95,37.6,35.0,37.5,42715,42148,115
ARMANFIN,16-DEC-2020,748.5,749.9,730.5,736.65,8141,4992,692
AROGRANITE,16-DEC-2020,41.65,49.05,41.0,48.35,1132628,252683,4298
ARROWGREEN,16-DEC-2020,56.9,58.0,52.1,54.75,9656,4453,177
ARSHIYA,16-DEC-2020,17.35,17.75,16.8,16.95,21571,14315,145
ARSSINFRA,16-DEC-2020,19.75,20.8,19.75,20.8,59541,54186,205
ARTEMISMED,16-DEC-2020,224.95,224.95,218.0,219.35,1127,924,44
ARVIND,16-DEC-2020,47.45,48.8,46.7,48.0,2561619,853462,9098
ARVINDFASN,16-DEC-2020,152.95,164.85,152.95,162.3,1367072,635430,15487
ARVSMART,16-DEC-2020,122.0,134.9,120.6,123.4,7966646,1615133,54097
ASAHIINDIA,16-DEC-2020,269.5,269.5,262.1,263.7,35376,18173,1135
ASAHISONG,16-DEC-2020,274.0,282.85,267.65,271.1,119806,67799,3572
ASAL,16-DEC-2020,28.2,28.2,27.1,27.45,9064,8464,375
ASALCBR,16-DEC-2020,293.0,301.0,292.65,299.5,42292,23210,1276
ASHAPURMIN,16-DEC-2020,90.9,91.85,89.05,91.05,364066,254774,1615
ASHIANA,16-DEC-2020,103.3,109.55,103.3,104.85,160405,76296,2116
ASHOKA,16-DEC-2020,95.2,95.95,92.8,93.0,1248910,681327,13747
ASHOKLEY,16-DEC-2020,95.5,100.45,95.5,100.05,69348851,16372742,208236
ASIANHOTNR,16-DEC-2020,68.95,77.9,68.55,73.55,127356,42208,1451
ASIANPAINT,16-DEC-2020,2540.0,2587.9,2537.6,2582.45,1920875,579318,97258
ASIANTILES,16-DEC-2020,285.0,291.95,281.8,288.55,130948,35530,3147
ASPINWALL,16-DEC-2020,134.55,138.55,134.0,135.45,3153,1568,54
ASTEC,16-DEC-2020,1113.2,1139.0,1107.35,1126.75,143208,78777,7374
ASTERDM,16-DEC-2020,170.7,171.75,167.35,169.5,824078,627903,5690
ASTRAL,16-DEC-2020,1479.25,1499.9,1467.1,1495.4,73763,38873,7402
ASTRAMICRO,16-DEC-2020,128.0,129.15,124.1,124.8,524728,151702,5156
ASTRAZEN,16-DEC-2020,4440.0,4470.0,4409.0,4424.05,23938,11639,3531
ASTRON,16-DEC-2020,53.5,56.05,53.1,54.0,37149,16954,522
ATFL,16-DEC-2020,786.45,854.9,778.3,821.05,56402,29622,4035
ATLANTA,16-DEC-2020,9.55,9.55,9.1,9.4,31647,24578,218
ATUL,16-DEC-2020,5990.0,6054.9,5952.0,6032.0,68908,52123,6960
ATULAUTO,16-DEC-2020,193.5,194.85,191.0,191.25,102297,55482,2191
AUBANK,16-DEC-2020,924.9,926.9,910.1,915.8,256234,139517,8582
AURIONPRO,16-DEC-2020,80.9,83.0,79.25,81.0,20391,11294,368
AUROPHARMA,16-DEC-2020,878.0,884.5,870.2,875.7,2264825,956255,56746
AUSOMENT,16-DEC-2020,54.45,54.8,53.25,53.65,13636,9522,178
AUTOAXLES,16-DEC-2020,920.5,1030.0,908.15,983.5,72484,45048,4580
AUTOIND,16-DEC-2020,36.9,36.9,34.3,35.3,31657,18935,300
AUTOLITIND,16-DEC-2020,24.5,25.8,24.35,24.55,15916,12346,170
AVADHSUGAR,16-DEC-2020,235.05,244.45,226.2,229.75,375847,138986,7059
AVANTIFEED,16-DEC-2020,544.45,550.4,540.75,545.35,222079,83611,6255
AVTNPL,16-DEC-2020,46.35,51.0,46.3,50.35,1191093,604014,4756
AXISBANK,16-DEC-2020,613.55,614.9,604.8,606.1,14860853,5079344,148177
AXISBNKETF,16-DEC-2020,315.0,315.0,305.67,306.15,375,153,25
AXISCADES,16-DEC-2020,56.45,58.8,55.75,58.8,186530,147756,809
AXISGOLD,16-DEC-2020,42.55,43.39,42.31,43.15,74942,60993,1435
AXISNIFTY,16-DEC-2020,141.18,141.9,140.63,141.54,2695,2531,89
BAGFILMS,16-DEC-2020,3.65,3.9,3.65,3.75,482424,394883,416
BAJAJ-AUTO,16-DEC-2020,3289.0,3308.45,3252.0,3303.5,616704,204698,34755
BAJAJCON,16-DEC-2020,212.75,222.0,210.2,219.9,1597210,627780,22330
BAJAJELEC,16-DEC-2020,595.45,611.85,595.1,608.15,146054,38782,5382
BAJAJFINSV,16-DEC-2020,9369.6,9450.0,9212.0,9257.7,761170,84109,59184
BAJAJHIND,16-DEC-2020,6.75,7.2,6.65,6.75,13899555,7224315,9066
BAJAJHLDNG,16-DEC-2020,3145.0,3170.9,3105.0,3148.95,58222,28000,7563
BAJFINANCE,16-DEC-2020,5199.0,5225.0,5120.0,5146.6,3269184,460768,150808
BALAJITELE,16-DEC-2020,71.5,71.9,69.25,69.95,282075,134511,2147
BALAMINES,16-DEC-2020,930.0,955.9,923.05,939.4,116228,38593,6139
BALAXI,16-DEC-2020,659.95,659.95,631.95,633.7,1071,799,147
BALKRISIND,16-DEC-2020,1620.0,1652.9,1619.95,1634.05,837937,207616,26651
BALMLAWRIE,16-DEC-2020,116.85,120.3,115.7,118.6,652041,268264,6560
BALRAMCHIN,16-DEC-2020,184.5,185.8,175.0,177.15,4497473,1605398,37828
BANARBEADS,16-DEC-2020,59.25,59.8,55.05,56.95,16011,9755,315
BANARISUG,16-DEC-2020,1480.05,1480.05,1450.0,1460.4,1979,1690,187
BANCOINDIA,16-DEC-2020,146.75,147.4,142.05,143.15,321880,63680,6933
BANDHANBNK,16-DEC-2020,415.9,418.45,408.85,410.15,3743529,1110874,50507
BANG,16-DEC-2020,24.9,24.95,23.8,24.4,4607,3549,78
BANKA,16-DEC-2020,59.0,59.45,57.1,59.45,55362,52407,223
BANKBARODA,16-DEC-2020,67.7,67.9,65.65,66.4,33186305,6677640,57596
BANKBEES,16-DEC-2020,308.43,310.54,307.71,309.01,379184,94235,4320
BANKINDIA,16-DEC-2020,52.5,53.0,50.55,51.5,2842067,858321,10539
BANSWRAS,16-DEC-2020,111.9,114.0,107.2,112.45,21330,11856,642
BASF,16-DEC-2020,1647.75,1673.0,1622.8,1664.1,69108,41558,5544
BASML,16-DEC-2020,108.8,114.7,107.0,111.45,134440,75349,1916
BATAINDIA,16-DEC-2020,1608.3,1626.0,1593.15,1610.45,626550,160850,20907
BAYERCROP,16-DEC-2020,5223.85,5363.95,5162.45,5341.3,41230,19495,6245
BBL,16-DEC-2020,945.0,945.0,920.0,928.8,26470,10645,2323
BBTC,16-DEC-2020,1332.0,1360.0,1332.0,1336.55,77933,25102,5067
BCG,16-DEC-2020,4.85,4.9,4.8,4.85,6313433,5549594,10634
BCP,16-DEC-2020,7.45,7.6,7.15,7.2,234149,165465,446
BDL,16-DEC-2020,341.5,342.05,338.3,341.0,215488,111882,4336
BEARDSELL,16-DEC-2020,9.95,10.0,9.55,9.8,25224,16400,52
BEDMUTHA,16-DEC-2020,27.55,27.55,27.55,27.55,14354,14277,180
BEL,16-DEC-2020,119.0,120.7,117.35,118.1,12908375,3545104,47053
BEML,16-DEC-2020,779.1,812.0,772.5,799.9,1038646,202816,29153
BEPL,16-DEC-2020,144.0,144.85,138.5,140.15,800314,490986,7583
BERGEPAINT,16-DEC-2020,684.75,692.1,682.25,689.75,692935,240762,19823
BFINVEST,16-DEC-2020,305.9,313.8,300.85,305.25,83876,20573,3631
BFUTILITIE,16-DEC-2020,300.65,312.6,296.15,301.45,694569,155309,12526
BGRENERGY,16-DEC-2020,54.3,55.45,52.7,52.95,168139,103060,1991
BHAGERIA,16-DEC-2020,170.0,173.5,165.0,165.9,96382,63940,2043
BHAGYANGR,16-DEC-2020,35.0,35.0,31.2,33.85,363166,181774,2437
BHAGYAPROP,16-DEC-2020,24.8,25.4,23.1,24.5,2907,2512,76
BHANDARI,16-DEC-2020,1.4,1.45,1.35,1.35,407508,318190,871
BHARATFORG,16-DEC-2020,565.0,567.25,550.75,556.7,3279346,655044,49537
BHARATGEAR,16-DEC-2020,94.25,95.75,91.25,93.0,611368,243695,5580
BHARATRAS,16-DEC-2020,9460.0,9494.0,9331.0,9380.95,1475,788,664
BHARATWIRE,16-DEC-2020,33.85,33.85,31.05,32.9,37022,25551,241
BHARTIARTL,16-DEC-2020,504.2,518.8,502.1,516.2,17381441,6305309,164008
BHEL,16-DEC-2020,36.65,36.95,36.1,36.35,31631032,6344341,31451
BIL,16-DEC-2020,157.5,157.5,150.0,151.4,5883,5034,198
BINDALAGRO,16-DEC-2020,16.6,18.65,15.75,17.2,418644,202009,1543
BIOCON,16-DEC-2020,459.0,462.5,455.4,460.0,3074459,634525,37941
BIRLACABLE,16-DEC-2020,57.1,58.9,56.9,57.25,78344,38244,834
BIRLACORPN,16-DEC-2020,727.0,738.9,722.35,728.1,107142,55991,4350
BIRLAMONEY,16-DEC-2020,44.0,44.9,43.85,44.15,169586,80200,1307
BIRLATYRE,16-DEC-2020,37.05,37.05,37.05,37.05,176597,176284,1730
BLBLIMITED,16-DEC-2020,6.15,6.15,5.9,5.9,10875,10875,34
BLISSGVS,16-DEC-2020,177.8,181.0,175.0,177.35,435552,212447,3747
BLKASHYAP,16-DEC-2020,7.95,8.2,7.8,8.2,703832,694576,169
BLS,16-DEC-2020,93.9,94.6,92.0,92.5,72638,44651,857
BLUEDART,16-DEC-2020,3924.85,3953.65,3860.45,3898.9,10452,6071,2202
BLUESTARCO,16-DEC-2020,788.0,788.8,775.0,782.6,51784,30426,6303
BODALCHEM,16-DEC-2020,75.8,78.0,75.0,76.0,558545,249460,4352
BOMDYEING,16-DEC-2020,73.5,80.6,73.2,78.65,11594339,3677780,46218
BOROLTD,16-DEC-2020,193.85,198.6,188.3,191.85,296750,138832,5688
BORORENEW,16-DEC-2020,170.0,178.85,156.15,164.1,1119253,371540,15731
BOSCHLTD,16-DEC-2020,13290.0,13560.05,13255.0,13324.15,108504,19785,17222
BPCL,16-DEC-2020,402.8,405.95,398.3,399.6,7103491,2073024,77132
BPL,16-DEC-2020,23.15,23.95,23.05,23.15,101769,44095,849
BRFL,16-DEC-2020,14.85,14.85,13.7,13.7,239027,192881,623
BRIGADE,16-DEC-2020,238.1,244.0,236.25,241.25,510480,363321,4943
BRITANNIA,16-DEC-2020,3766.2,3786.0,3745.0,3752.6,466183,184894,33613
BRNL,16-DEC-2020,35.4,36.8,34.6,35.85,472869,254718,2964
BROOKS,16-DEC-2020,68.8,68.8,66.3,66.95,33547,22735,242
BSE,16-DEC-2020,629.9,634.95,619.0,624.15,430519,159171,13677
BSELINFRA,16-DEC-2020,1.2,1.2,1.15,1.15,231135,164807,140
BSHSL,16-DEC-2020,93.75,93.75,90.0,93.0,853,448,17
BSLGOLDETF,16-DEC-2020,4525.05,4562.0,4514.0,4532.2,153,79,79
BSLNIFTY,16-DEC-2020,148.0,150.0,148.0,150.0,334,227,18
BSOFT,16-DEC-2020,201.7,205.9,198.5,203.2,1134431,734064,14975
BURGERKING,16-DEC-2020,184.0,194.4,178.9,194.4,21103499,6317902,171487
BURNPUR,16-DEC-2020,2.8,2.8,2.8,2.8,136681,106257,152
BUTTERFLY,16-DEC-2020,486.0,497.7,475.5,482.45,56564,33508,1636
BYKE,16-DEC-2020,22.5,23.0,22.0,22.1,79762,55329,448
CADILAHC,16-DEC-2020,471.0,472.85,465.9,469.0,2630386,556213,25480
CALSOFT,16-DEC-2020,12.25,12.3,11.5,11.95,42485,24288,157
CAMLINFINE,16-DEC-2020,118.8,124.0,118.2,121.4,515960,279872,10753
CAMS,16-DEC-2020,1509.0,1538.0,1495.05,1509.35,102512,42456,10238
CANBK,16-DEC-2020,123.9,125.85,118.6,119.95,39064487,17124426,110420
CANFINHOME,16-DEC-2020,491.2,492.8,475.0,477.4,540373,323644,19483
CANTABIL,16-DEC-2020,357.3,380.0,355.3,369.25,111265,20876,4260
CAPACITE,16-DEC-2020,188.8,190.0,187.05,187.65,203202,31887,4581
CAPLIPOINT,16-DEC-2020,515.0,520.25,510.1,514.1,233356,125465,7648
CAPTRUST,16-DEC-2020,106.9,106.9,102.0,104.5,22113,14890,349
CARBORUNIV,16-DEC-2020,389.0,389.0,376.6,378.2,94617,39966,2928
CAREERP,16-DEC-2020,166.75,173.95,164.75,172.9,72368,30192,1670
CARERATING,16-DEC-2020,535.0,549.0,525.0,531.8,141403,58906,5587
CASTROLIND,16-DEC-2020,126.9,128.0,125.9,126.3,1281397,831998,21139
CCHHL,16-DEC-2020,6.15,6.15,6.15,6.15,30213,30213,91
CCL,16-DEC-2020,262.0,268.45,260.0,267.25,248518,145333,6023
CDSL,16-DEC-2020,518.4,522.0,512.75,516.95,800742,371885,20757
CEATLTD,16-DEC-2020,1159.0,1191.8,1106.8,1139.35,466589,89457,17828
CEBBCO,16-DEC-2020,19.5,19.5,17.55,17.7,183368,142529,929
CELEBRITY,16-DEC-2020,4.9,5.1,4.9,5.0,70486,60697,155
CENTENKA,16-DEC-2020,214.0,221.0,213.1,217.2,169334,78848,3596
CENTEXT,16-DEC-2020,6.15,6.3,5.55,5.9,279692,197416,654
CENTRALBK,16-DEC-2020,14.8,14.9,14.4,14.5,7331600,3440878,11642
CENTRUM,16-DEC-2020,17.05,17.2,16.85,16.95,552402,411822,911
CENTUM,16-DEC-2020,370.95,414.9,363.35,404.45,177265,80730,4854
CENTURYPLY,16-DEC-2020,221.3,229.8,219.0,227.2,410656,145877,8751
CENTURYTEX,16-DEC-2020,379.55,398.75,379.55,396.65,2264152,720222,27613
CERA,16-DEC-2020,3449.0,3481.0,3353.3,3382.5,13551,3797,3646
CEREBRAINT,16-DEC-2020,31.9,32.7,31.5,31.65,203671,169899,671
CESC,16-DEC-2020,615.5,619.5,613.0,615.2,163140,74187,6759
CESCVENT,16-DEC-2020,274.95,274.95,271.0,273.35,29229,15661,1282
CGCL,16-DEC-2020,295.0,296.4,293.5,294.15,272615,217333,2505
CGPOWER,16-DEC-2020,41.7,43.1,41.0,43.1,8637064,5721364,14820
CHALET,16-DEC-2020,201.6,206.7,198.0,199.1,265091,159568,5151
CHAMBLFERT,16-DEC-2020,239.0,239.5,227.5,229.35,991743,490430,17514
CHEMBOND,16-DEC-2020,163.35,170.95,162.1,169.3,28755,17021,648
CHEMCON,16-DEC-2020,432.95,441.65,429.05,431.75,237265,94416,8613
CHEMFAB,16-DEC-2020,140.45,141.2,136.5,137.65,6391,4136,214
CHENNPETRO,16-DEC-2020,109.85,112.25,108.6,110.75,1556439,464206,9877
CHOLAFIN,16-DEC-2020,380.9,386.25,374.9,377.5,6207977,1096210,62022
CHOLAHLDNG,16-DEC-2020,540.0,540.0,524.25,529.9,454210,314916,15065
CHROMATIC,16-DEC-2020,0.85,0.9,0.8,0.9,220460,186112,102
CIGNITITEC,16-DEC-2020,432.75,435.0,427.0,429.8,23100,12411,977
CINELINE,16-DEC-2020,41.0,41.05,38.6,39.0,201329,79622,1503
CINEVISTA,16-DEC-2020,8.2,8.2,7.9,7.95,7724,7606,31
CIPLA,16-DEC-2020,790.35,790.35,782.3,786.8,3817724,1140038,63525
CLEDUCATE,16-DEC-2020,70.0,71.7,68.1,70.05,67969,29758,1125
CLNINDIA,16-DEC-2020,380.0,382.9,374.0,378.6,78516,41083,3448
CMICABLES,16-DEC-2020,45.8,46.25,43.15,45.1,102212,51822,895
CNOVAPETRO,16-DEC-2020,7.95,7.95,7.45,7.95,15033,11711,30
COALINDIA,16-DEC-2020,144.35,146.0,143.5,145.5,16119571,5570068,61093
COCHINSHIP,16-DEC-2020,361.8,384.3,358.55,376.35,1746730,532524,26566
COFORGE,16-DEC-2020,2545.0,2552.85,2505.0,2534.1,236588,62606,14987
COLPAL,16-DEC-2020,1609.7,1627.45,1598.1,1611.5,447789,151251,16807
COMPINFO,16-DEC-2020,17.95,17.95,16.65,16.9,563271,288913,1825
COMPUSOFT,16-DEC-2020,9.65,10.0,9.45,9.55,68099,51829,313
CONCOR,16-DEC-2020,416.0,417.65,406.25,407.85,3238410,1498070,50008
CONFIPET,16-DEC-2020,33.3,35.4,32.65,34.25,1656656,1018010,5308
CONSOFINVT,16-DEC-2020,43.75,44.75,43.0,43.65,24782,22807,117
CONTROLPR,16-DEC-2020,225.0,242.7,223.05,236.95,88245,39905,3300
CORALFINAC,16-DEC-2020,27.2,30.8,26.0,29.1,242394,107930,1272
CORDSCABLE,16-DEC-2020,46.9,48.0,46.15,46.9,104982,82243,795
COROMANDEL,16-DEC-2020,790.0,803.5,778.0,799.5,592456,309556,19172
COSMOFILMS,16-DEC-2020,450.8,457.6,450.0,452.8,31816,18075,1349
CPSEETF,16-DEC-2020,21.3,21.48,21.18,21.37,10594316,9462882,3187
CREATIVE,16-DEC-2020,113.0,114.0,108.4,110.0,39843,13412,442
CREATIVEYE,16-DEC-2020,3.6,3.6,3.05,3.35,12234,9740,79
CREDITACC,16-DEC-2020,780.6,792.55,775.35,782.7,34286,17256,3836
CREST,16-DEC-2020,107.45,115.0,104.35,107.05,79386,45843,3175
CRISIL,16-DEC-2020,1905.85,1915.0,1889.2,1899.6,18679,12012,2275
CROMPTON,16-DEC-2020,336.65,368.1,336.65,362.55,3260375,1762293,77724
CSBBANK,16-DEC-2020,216.4,218.45,214.5,215.65,203323,97138,3792
CTE,16-DEC-2020,42.15,43.9,41.1,43.3,8812,5117,145
CUB,16-DEC-2020,188.3,189.8,186.5,188.55,1897832,1111689,72694
CUMMINSIND,16-DEC-2020,603.1,605.6,592.0,595.1,1530565,756833,21297
CUPID,16-DEC-2020,247.1,253.8,246.5,250.45,113541,68841,2255
CYBERMEDIA,16-DEC-2020,2.3,2.3,2.3,2.3,11,11,2
CYBERTECH,16-DEC-2020,149.5,151.3,146.0,151.3,456411,275094,3473
CYIENT,16-DEC-2020,531.05,550.0,528.0,545.35,930404,478531,23041
DAAWAT,16-DEC-2020,60.0,61.9,58.85,60.05,6159747,3326078,29365
DABUR,16-DEC-2020,515.4,519.55,512.3,513.65,3925836,1321468,55883
DALBHARAT,16-DEC-2020,1080.0,1109.0,1062.7,1086.6,192482,98039,19358
DALMIASUG,16-DEC-2020,154.25,157.0,149.05,150.75,450215,184075,5485
DAMODARIND,16-DEC-2020,29.5,31.4,28.55,31.0,21801,16388,99
DANGEE,16-DEC-2020,135.0,139.0,130.0,136.15,18236,7205,382
DATAMATICS,16-DEC-2020,94.0,95.75,85.2,91.85,184034,92301,2479
DBCORP,16-DEC-2020,86.95,89.4,86.3,86.75,384863,232252,10093
DBL,16-DEC-2020,402.0,412.8,395.0,400.25,430119,114649,9897
DBSTOCKBRO,16-DEC-2020,10.8,10.8,10.15,10.55,8769,7083,55
DCAL,16-DEC-2020,164.5,166.4,157.7,159.0,489893,243766,7842
DCBBANK,16-DEC-2020,124.35,125.0,120.15,121.3,1258232,533962,10578
DCM,16-DEC-2020,34.35,34.75,31.65,32.05,151361,94607,1410
DCMFINSERV,16-DEC-2020,1.65,1.65,1.65,1.65,9585,9585,11
DCMNVL,16-DEC-2020,42.2,43.5,41.7,41.75,37699,28067,215
DCMSHRIRAM,16-DEC-2020,387.4,391.95,384.1,384.7,69791,48972,1494
DCW,16-DEC-2020,18.85,19.05,18.6,18.7,848623,720880,821
DECCANCE,16-DEC-2020,395.0,396.0,377.0,378.95,288502,118983,8444
DEEPAKFERT,16-DEC-2020,166.8,169.65,164.6,165.4,603438,267484,6836
DEEPAKNTR,16-DEC-2020,878.0,931.9,873.0,910.25,3126180,651145,85067
DEEPENR,16-DEC-2020,46.2,46.7,44.7,45.45,45727,28681,748
DELTACORP,16-DEC-2020,173.5,174.35,170.75,171.7,2339287,873774,19598
DEN,16-DEC-2020,69.3,70.95,68.65,69.25,961502,375393,11036
DENORA,16-DEC-2020,222.0,248.7,216.05,238.15,42795,21368,1805
DFMFOODS,16-DEC-2020,396.0,403.45,393.0,400.4,56512,33663,1818
DGCONTENT,16-DEC-2020,12.5,13.8,12.5,13.75,7494,4894,77
DHAMPURSUG,16-DEC-2020,181.1,183.9,176.25,177.6,1703924,715282,17547
DHANBANK,16-DEC-2020,13.55,13.65,12.9,13.25,729660,380160,1287
DHANI,16-DEC-2020,291.0,331.0,287.05,303.5,3633348,1328031,33058
DHANUKA,16-DEC-2020,738.0,744.25,731.15,740.7,46512,26498,3903
DHARSUGAR,16-DEC-2020,6.25,6.25,5.75,6.1,39295,27898,177
DHFL,16-DEC-2020,35.85,37.0,35.85,35.85,4922567,3845152,7795
DHUNINV,16-DEC-2020,258.0,267.35,258.0,260.25,1234,827,173
DIAMONDYD,16-DEC-2020,662.35,728.0,662.35,709.95,28337,13927,2125
DICIND,16-DEC-2020,399.95,404.9,395.25,398.3,3325,1714,260
DISHTV,16-DEC-2020,15.05,15.2,14.1,14.25,13668052,8762576,13423
DIVISLAB,16-DEC-2020,3652.2,3727.0,3636.0,3717.9,1097589,327126,56891
DIXON,16-DEC-2020,13182.9,13695.0,12951.0,13334.95,96925,57361,26824
DLF,16-DEC-2020,215.65,240.4,214.5,235.4,69126114,14857284,268618
DLINKINDIA,16-DEC-2020,116.4,118.5,115.5,116.15,310251,95527,4944
DMART,16-DEC-2020,2650.05,2678.45,2605.0,2627.05,452432,158989,44658
DNAMEDIA,16-DEC-2020,0.6,0.65,0.6,0.65,67042,66822,36
DOLAT,16-DEC-2020,57.05,61.4,55.8,58.2,619648,306690,4424
DOLLAR,16-DEC-2020,210.9,227.9,210.0,223.85,1670986,440634,36929
DONEAR,16-DEC-2020,32.55,38.5,32.55,37.55,1332828,425303,5740
DPABHUSHAN,16-DEC-2020,87.8,88.0,86.7,87.0,3510,3400,31
DPSCLTD,16-DEC-2020,11.1,11.85,11.0,11.5,75687,61070,245
DPWIRES,16-DEC-2020,87.95,90.35,87.1,88.1,2812,1745,83
DQE,16-DEC-2020,1.4,1.4,1.3,1.3,35164,34286,33
DREDGECORP,16-DEC-2020,297.9,314.0,295.25,302.35,416082,70669,10145
DRREDDY,16-DEC-2020,5050.0,5051.75,5006.0,5038.95,832456,276802,53788
DSSL,16-DEC-2020,68.05,77.75,65.55,77.75,659891,201208,8651
DTIL,16-DEC-2020,269.7,269.7,262.1,265.65,2413,1816,213
DUCON,16-DEC-2020,7.25,7.25,6.65,7.25,597465,356918,1191
DVL,16-DEC-2020,69.0,70.95,67.75,70.25,12365,10061,313
DWARKESH,16-DEC-2020,34.5,35.4,33.0,33.4,5029009,2559255,14325
DYNAMATECH,16-DEC-2020,815.5,824.95,815.0,817.35,9017,5252,784
DYNPRO,16-DEC-2020,237.15,242.0,233.2,235.45,72488,31466,1863
EASTSILK,16-DEC-2020,1.3,1.35,1.3,1.35,7190,7190,3
EBANK,16-DEC-2020,3410.29,3410.29,3100.01,3250.0,18,10,8
EBBETF0423,16-DEC-2020,1109.0,1109.0,1108.0,1108.01,3065,2725,44
EBBETF0425,16-DEC-2020,1024.6,1025.5,1024.05,1025.04,914,907,45
EBBETF0430,16-DEC-2020,1131.0,1133.98,1131.0,1132.19,13076,10986,141
EBBETF0431,16-DEC-2020,1015.2,1018.24,1015.2,1018.03,12233,12229,75
EBIXFOREX,16-DEC-2020,512.5,524.45,510.0,514.05,3134,1675,232
ECLERX,16-DEC-2020,825.0,830.9,805.0,815.7,111056,62458,5122
EDELWEISS,16-DEC-2020,76.5,76.8,74.4,74.7,953433,737584,7220
EICHERMOT,16-DEC-2020,2500.0,2506.45,2446.0,2470.1,1462297,324144,73815
EIDPARRY,16-DEC-2020,340.0,344.45,338.85,342.1,243765,119076,5213
EIHAHOTELS,16-DEC-2020,297.05,301.9,290.25,293.45,21708,11113,1101
EIHOTEL,16-DEC-2020,101.8,102.75,99.55,100.45,927390,394564,6573
EIMCOELECO,16-DEC-2020,335.0,346.0,334.85,340.0,2993,1788,117
EKC,16-DEC-2020,52.4,52.4,49.4,49.9,169054,114702,1499
ELECON,16-DEC-2020,38.35,38.8,37.25,38.0,251689,151426,1757
ELECTCAST,16-DEC-2020,23.25,23.4,22.5,22.8,781394,534066,4256
ELECTHERM,16-DEC-2020,121.95,125.0,119.4,122.4,37094,19505,571
ELGIEQUIP,16-DEC-2020,163.0,163.0,159.65,160.9,181936,146456,3207
ELGIRUBCO,16-DEC-2020,23.4,24.0,23.0,23.55,39792,29550,266
EMAMILTD,16-DEC-2020,424.4,429.0,417.0,418.4,850867,639459,31024
EMAMIPAP,16-DEC-2020,88.35,89.1,81.0,86.25,17949,8784,278
EMAMIREAL,16-DEC-2020,50.35,51.65,49.8,50.55,24626,16926,254
EMKAY,16-DEC-2020,77.65,77.65,74.25,74.55,19184,13359,406
EMMBI,16-DEC-2020,78.95,81.35,78.6,78.8,27072,12616,349
ENDURANCE,16-DEC-2020,1160.0,1175.0,1152.1,1170.25,71902,48504,6093
ENERGYDEV,16-DEC-2020,11.25,11.25,11.0,11.25,37985,33812,142
ENGINERSIN,16-DEC-2020,79.3,79.5,78.3,78.35,2868161,1617329,16089
ENIL,16-DEC-2020,162.25,171.5,161.15,166.3,480384,403381,6446
EPL,16-DEC-2020,262.0,262.0,258.3,259.15,80249,62693,3130
EQ30,16-DEC-2020,394.05,408.0,381.0,408.0,83,55,38
EQUITAS,16-DEC-2020,70.25,70.3,69.4,69.6,1206330,672925,25220
EQUITASBNK,16-DEC-2020,38.5,39.4,38.3,38.95,2540422,1854391,13818
ERIS,16-DEC-2020,542.55,561.4,539.0,549.6,477489,179567,16556
EROSMEDIA,16-DEC-2020,25.5,25.8,24.45,24.55,276028,196215,1251
ESABINDIA,16-DEC-2020,1700.0,1827.0,1660.1,1747.55,16749,8938,2123
ESCORTS,16-DEC-2020,1350.0,1363.95,1333.15,1340.25,2268659,808313,92756
ESSARSHPNG,16-DEC-2020,11.75,11.75,9.8,11.25,246445,149675,680
ESTER,16-DEC-2020,125.1,133.0,123.55,130.2,996208,398628,13300
EUROMULTI,16-DEC-2020,1.9,1.9,1.85,1.9,11617,10467,59
EVEREADY,16-DEC-2020,198.8,199.9,195.2,196.15,252648,141601,3274
EVERESTIND,16-DEC-2020,287.35,301.95,286.35,299.75,185075,71967,4616
EXCELINDUS,16-DEC-2020,871.85,873.95,857.05,866.9,10094,4611,1697
EXIDEIND,16-DEC-2020,194.1,197.45,192.4,192.95,5641085,2293089,44607
EXPLEOSOL,16-DEC-2020,474.0,477.9,468.0,469.9,17528,11500,933
FACT,16-DEC-2020,56.95,58.05,55.05,55.3,439932,165352,2778
FCL,16-DEC-2020,51.75,55.0,51.05,53.2,641653,384569,3609
FCONSUMER,16-DEC-2020,8.85,8.9,8.7,8.75,3529746,1758392,3753
FCSSOFT,16-DEC-2020,0.75,0.75,0.65,0.7,9027660,4808246,1596
FDC,16-DEC-2020,347.25,349.3,343.45,343.85,86871,52685,2673
FEDERALBNK,16-DEC-2020,68.25,68.5,67.5,67.75,19517091,4231080,36217
FEL,16-DEC-2020,11.55,11.75,11.5,11.55,2245239,1428802,5739
FELDVR,16-DEC-2020,14.95,15.65,14.7,15.0,122072,69988,991
FIEMIND,16-DEC-2020,531.15,539.9,525.0,531.35,29178,18925,1517
FILATEX,16-DEC-2020,43.6,44.95,43.3,43.65,900880,560551,3511
FINCABLES,16-DEC-2020,362.0,367.35,356.2,364.4,301193,169410,15948
FINEORG,16-DEC-2020,2499.8,2540.0,2483.3,2498.7,74356,66254,2986
FINPIPE,16-DEC-2020,633.8,642.0,630.15,634.9,52135,27597,4802
FLFL,16-DEC-2020,88.0,89.4,87.5,87.65,139576,91876,1401
FLUOROCHEM,16-DEC-2020,585.75,613.0,583.05,598.85,358727,168818,11792
FMGOETZE,16-DEC-2020,318.0,319.95,316.0,316.9,29158,13431,855
FMNL,16-DEC-2020,20.0,20.0,19.25,19.55,17496,12021,216
FORCEMOT,16-DEC-2020,1384.4,1432.45,1380.05,1393.75,100333,18894,7139
FORTIS,16-DEC-2020,159.5,162.0,156.55,158.0,1698199,958249,16889
FOSECOIND,16-DEC-2020,1244.45,1275.0,1244.45,1252.15,1669,951,341
FRETAIL,16-DEC-2020,80.9,81.1,79.15,79.4,1617158,995903,12594
FSC,16-DEC-2020,108.95,108.95,102.8,106.0,50223,33389,884
FSL,16-DEC-2020,79.45,80.4,78.65,80.0,3216997,2097342,29777
G5,16-DEC-2020,47.74,47.76,47.7,47.73,1654,857,21
GABRIEL,16-DEC-2020,111.55,112.9,110.1,110.7,197508,125109,4228
GAEL,16-DEC-2020,122.3,124.5,120.65,122.7,140624,84263,1552
GAIL,16-DEC-2020,126.5,126.85,123.85,124.4,18903163,6870953,60257
GAL,16-DEC-2020,3.2,3.25,3.05,3.2,28619,27941,68
GALAXYSURF,16-DEC-2020,2004.95,2067.95,1986.65,2027.3,129131,38821,12314
GALLANTT,16-DEC-2020,35.35,38.15,34.35,37.0,160230,69122,1171
GALLISPAT,16-DEC-2020,31.9,35.3,31.85,33.95,182300,72256,1006
GAMMNINFRA,16-DEC-2020,0.75,0.8,0.7,0.8,1787597,1590820,515
GANDHITUBE,16-DEC-2020,236.1,250.0,236.0,248.2,14839,10271,554
GANECOS,16-DEC-2020,329.5,339.8,325.0,326.45,62500,42754,1539
GANESHHOUC,16-DEC-2020,32.0,32.8,31.55,32.0,41730,33640,227
GANGESSECU,16-DEC-2020,59.0,63.9,58.5,60.2,48092,22033,297
GARDENSILK,16-DEC-2020,12.5,13.0,12.2,12.5,73773,56864,301
GARFIBRES,16-DEC-2020,2235.0,2255.0,2210.0,2238.1,14369,8499,2883
GATI,16-DEC-2020,85.1,87.0,83.95,84.35,296457,183450,3333
GAYAHWS,16-DEC-2020,0.75,0.75,0.7,0.75,2705987,1593760,532
GAYAPROJ,16-DEC-2020,38.8,40.7,37.8,39.2,3606755,2032768,10355
GBGLOBAL,16-DEC-2020,7.15,7.15,6.65,7.0,5649,4803,121
GDL,16-DEC-2020,116.0,122.7,115.0,119.85,318831,190964,4312
GEECEE,16-DEC-2020,95.0,95.0,88.8,93.85,51917,31505,1553
GENESYS,16-DEC-2020,57.3,59.65,55.2,57.5,19204,11957,320
GENUSPAPER,16-DEC-2020,5.55,6.15,5.55,6.0,1060515,718740,833
GENUSPOWER,16-DEC-2020,35.0,38.45,34.7,36.55,910702,472292,3714
GEOJITFSL,16-DEC-2020,57.0,57.4,54.55,55.7,391582,258815,2690
GEPIL,16-DEC-2020,305.0,305.55,302.0,303.1,93596,59511,2632
GESHIP,16-DEC-2020,287.4,294.0,283.5,286.65,596752,224338,21388
GET&D,16-DEC-2020,122.1,124.0,119.0,119.85,101565,52518,2605
GFLLIMITED,16-DEC-2020,86.75,95.15,85.15,92.0,228029,129089,2439
GFSTEELS,16-DEC-2020,2.2,2.2,2.2,2.2,2401,2401,9
GHCL,16-DEC-2020,196.2,201.6,196.2,198.1,425169,169584,7799
GICHSGFIN,16-DEC-2020,118.0,119.0,116.4,117.85,1042567,419224,9514
GICRE,16-DEC-2020,142.25,142.65,140.2,141.35,332516,162109,4394
GILLANDERS,16-DEC-2020,46.4,46.4,46.35,46.4,8887,8342,45
GILLETTE,16-DEC-2020,5895.0,5950.0,5850.0,5889.95,7205,2326,1893
GINNIFILA,16-DEC-2020,22.4,22.4,20.7,21.4,101758,85986,340
GIPCL,16-DEC-2020,88.8,89.9,86.55,87.85,980262,389394,8993
GISOLUTION,16-DEC-2020,2.1,2.1,2.1,2.1,550,550,2
GKWLIMITED,16-DEC-2020,611.0,627.15,601.9,616.55,2095,1003,228
GLAND,16-DEC-2020,2199.0,2252.2,2190.0,2196.2,411542,298663,15061
GLAXO,16-DEC-2020,1554.85,1557.6,1540.0,1550.55,37192,29644,2024
GLENMARK,16-DEC-2020,516.4,529.3,516.0,524.75,1563932,421061,28019
GLFL,16-DEC-2020,2.65,2.85,2.65,2.65,18501,17999,32
GLOBAL,16-DEC-2020,69.65,70.4,69.2,70.4,24633,24608,100
GLOBALVECT,16-DEC-2020,59.0,60.0,57.55,58.65,22040,11285,285
GLOBE,16-DEC-2020,61.55,62.9,59.75,61.65,30435,11197,97
GLOBOFFS,16-DEC-2020,9.45,9.45,9.4,9.45,27178,26957,23
GLOBUSSPR,16-DEC-2020,330.2,333.5,322.2,323.7,92732,58085,2233
GMBREW,16-DEC-2020,440.0,443.95,435.0,439.65,37308,21956,1431
GMDCLTD,16-DEC-2020,54.9,55.65,54.5,54.75,1759441,827427,6958
GMMPFAUDLR,16-DEC-2020,3747.0,3747.0,3700.0,3710.5,24157,9305,4860
GMRINFRA,16-DEC-2020,28.8,29.35,27.8,28.0,29219702,5762920,39617
GNA,16-DEC-2020,259.9,268.55,258.15,264.5,75550,38958,2002
GNFC,16-DEC-2020,247.55,252.9,244.75,246.9,1240287,280547,15107
GOCLCORP,16-DEC-2020,206.0,206.9,201.05,205.5,8053,5223,278
GODFRYPHLP,16-DEC-2020,1005.1,1018.0,996.0,998.9,65302,23184,4446
GODREJAGRO,16-DEC-2020,531.15,532.45,527.35,529.15,70161,40916,3469
GODREJCP,16-DEC-2020,729.9,730.0,715.65,720.65,1186100,601943,22290
GODREJIND,16-DEC-2020,459.9,483.35,450.0,474.65,493769,146847,14673
GODREJPROP,16-DEC-2020,1297.0,1404.85,1297.0,1348.15,4027361,419814,101032
GOKEX,16-DEC-2020,82.75,97.3,82.75,95.1,3515311,868407,21886
GOKUL,16-DEC-2020,16.85,18.05,16.05,18.05,197726,130966,517
GOKULAGRO,16-DEC-2020,18.2,20.85,16.6,20.75,722421,339215,1998
GOLDBEES,16-DEC-2020,43.09,43.42,42.96,43.33,2952775,1922254,8214
GOLDENTOBC,16-DEC-2020,36.8,42.15,35.8,42.15,98195,82655,592
GOLDIAM,16-DEC-2020,203.7,206.85,196.55,198.8,87760,40006,2611
GOLDSHARE,16-DEC-2020,4440.15,4465.0,4440.0,4445.6,1198,781,250
GOLDTECH,16-DEC-2020,10.65,11.15,10.15,11.15,99525,70281,239
GOODLUCK,16-DEC-2020,57.0,58.0,54.6,55.5,168615,90032,1791
GOODYEAR,16-DEC-2020,983.3,1018.0,952.65,1002.45,61101,26880,4674
GPIL,16-DEC-2020,482.0,488.0,477.0,478.35,70090,42735,2028
GPPL,16-DEC-2020,90.8,91.8,89.5,90.95,2827684,2354609,13118
GPTINFRA,16-DEC-2020,36.05,39.0,36.05,37.5,23018,12003,221
GRANULES,16-DEC-2020,385.7,387.3,379.95,380.15,1175186,819525,40194
GRAPHITE,16-DEC-2020,290.0,295.9,287.0,288.8,914964,273107,14806
GRASIM,16-DEC-2020,920.4,925.3,911.0,914.8,1390116,568109,23696
GRAVITA,16-DEC-2020,61.9,66.4,56.5,63.25,575828,229998,3492
GREAVESCOT,16-DEC-2020,88.7,90.5,88.2,88.85,3533208,1301456,25597
GREENLAM,16-DEC-2020,820.0,822.0,804.9,812.35,10228,8416,337
GREENPANEL,16-DEC-2020,123.4,123.4,116.5,117.5,103867,87249,788
GREENPLY,16-DEC-2020,111.4,113.75,111.0,111.85,453032,233477,3557
GREENPOWER,16-DEC-2020,2.45,2.55,2.4,2.5,1893701,1284055,2747
GRINDWELL,16-DEC-2020,646.4,674.0,636.45,664.95,45737,26173,4064
GROBTEA,16-DEC-2020,585.95,610.0,581.6,587.3,718,299,92
GRPLTD,16-DEC-2020,920.05,965.0,904.0,934.65,984,665,99
GRSE,16-DEC-2020,198.55,218.4,196.1,215.05,2385547,662169,27018
GSCLCEMENT,16-DEC-2020,39.4,39.4,37.5,38.0,560730,367649,2001
GSFC,16-DEC-2020,77.0,79.5,76.3,76.75,1203969,505969,6480
GSPL,16-DEC-2020,236.9,238.7,229.05,230.1,1543566,1021360,25465
GSS,16-DEC-2020,45.8,54.2,45.35,53.6,390062,227026,2977
GTL,16-DEC-2020,5.1,5.1,5.1,5.1,26477,26477,70
GTLINFRA,16-DEC-2020,0.7,0.75,0.7,0.7,9025306,7260708,2449
GTNIND,16-DEC-2020,11.3,11.85,11.0,11.75,14895,11150,81
GTNTEX,16-DEC-2020,6.2,6.2,6.1,6.1,1315,1315,6
GTPL,16-DEC-2020,124.45,127.6,123.75,124.35,101604,40461,1898
GUFICBIO,16-DEC-2020,118.85,122.85,118.0,118.65,199408,115152,3374
GUJALKALI,16-DEC-2020,349.1,357.8,349.1,353.05,105069,56409,2521
GUJAPOLLO,16-DEC-2020,201.0,212.95,200.0,209.25,20208,14336,1176
GUJGASLTD,16-DEC-2020,361.65,363.65,359.5,360.65,399028,220252,9348
GULFOILLUB,16-DEC-2020,762.05,762.05,749.8,751.3,18819,11990,1985
GULFPETRO,16-DEC-2020,47.9,49.5,47.0,47.6,291113,109361,2146
GULPOLY,16-DEC-2020,80.45,81.0,80.0,80.2,37240,23494,361
HAL,16-DEC-2020,874.5,885.0,868.3,880.05,386506,139600,16209
HAPPSTMNDS,16-DEC-2020,323.0,327.8,321.5,323.7,749318,248227,13833
HARITASEAT,16-DEC-2020,495.7,497.4,472.0,485.9,8071,5966,270
HARRMALAYA,16-DEC-2020,114.15,122.75,114.15,117.4,201210,88792,3311
HATHWAY,16-DEC-2020,33.95,35.15,33.3,34.4,1024783,466003,3441
HATSUN,16-DEC-2020,772.9,784.75,769.3,772.8,52171,19377,3830
HAVELLS,16-DEC-2020,862.0,905.0,860.35,901.15,8084435,1709989,111901
HBANKETF,16-DEC-2020,307.0,308.0,305.25,305.81,2163,1975,82
HBLPOWER,16-DEC-2020,26.9,27.45,26.9,27.15,355944,223326,1446
HBSL,16-DEC-2020,6.7,6.7,6.7,6.7,20,20,2
HCC,16-DEC-2020,10.95,10.95,9.7,9.8,27378783,17060581,29413
HCG,16-DEC-2020,169.65,174.0,166.4,171.95,129643,56677,2175
HCL-INSYS,16-DEC-2020,9.3,9.3,8.95,8.95,446222,353525,886
HCLTECH,16-DEC-2020,886.25,892.0,878.45,885.05,4378179,1891475,105667
HDFC,16-DEC-2020,2377.95,2443.4,2365.5,2424.65,6532346,3207571,215995
HDFCAMC,16-DEC-2020,2822.95,2875.75,2805.0,2862.7,508637,219861,52479
HDFCBANK,16-DEC-2020,1404.0,1416.8,1394.5,1410.7,8416046,3610360,207995
HDFCLIFE,16-DEC-2020,655.4,655.75,647.25,648.7,2540833,1360332,69780
HDFCMFGETF,16-DEC-2020,4406.05,4448.4,4403.0,4442.85,7335,4354,711
HDFCNIFETF,16-DEC-2020,1437.32,1440.0,1429.7,1437.38,1102,804,115
HDFCSENETF,16-DEC-2020,4920.0,4970.0,4850.01,4950.0,129,93,33
HEG,16-DEC-2020,880.0,887.0,866.0,868.55,435293,110932,13426
HEIDELBERG,16-DEC-2020,210.0,213.5,210.0,211.6,415397,314522,8256
HEMIPROP,16-DEC-2020,78.0,79.0,76.6,77.3,1853079,913782,10825
HERCULES,16-DEC-2020,125.0,129.5,120.5,125.2,654051,136249,8202
HERITGFOOD,16-DEC-2020,321.55,324.7,315.0,316.1,59277,32223,1831
HEROMOTOCO,16-DEC-2020,3130.1,3145.0,3105.0,3117.5,1025407,409451,67723
HESTERBIO,16-DEC-2020,1726.7,1753.5,1726.7,1747.3,2750,1120,489
HEXATRADEX,16-DEC-2020,38.35,38.35,36.2,38.0,68836,44720,196
HFCL,16-DEC-2020,24.2,24.55,23.6,23.95,10341141,4780231,13201
HGINFRA,16-DEC-2020,238.8,238.8,231.0,234.0,319840,77757,8316
HGS,16-DEC-2020,1243.0,1268.0,1175.0,1187.35,30463,18088,2806
HIKAL,16-DEC-2020,171.8,172.0,168.95,169.35,507730,309603,5887
HIL,16-DEC-2020,2041.35,2067.15,2030.0,2038.55,8386,5884,1220
HILTON,16-DEC-2020,11.65,12.2,11.1,11.15,20042,17232,117
HIMATSEIDE,16-DEC-2020,146.0,159.6,145.2,159.6,1714925,783279,15620
HINDALCO,16-DEC-2020,248.0,252.15,245.9,251.45,19222530,8002639,118904
HINDCOMPOS,16-DEC-2020,227.95,239.7,218.05,235.15,33219,18794,1367
HINDCOPPER,16-DEC-2020,51.8,60.4,51.75,58.25,21806916,4586809,67334
HINDMOTORS,16-DEC-2020,7.25,7.75,7.0,7.4,792352,592986,1355
HINDNATGLS,16-DEC-2020,39.05,40.05,37.0,37.65,98257,77820,821
HINDOILEXP,16-DEC-2020,98.15,99.3,95.15,95.75,575388,281050,5624
HINDPETRO,16-DEC-2020,228.9,234.4,228.55,230.6,9412453,3706040,85373
HINDUNILVR,16-DEC-2020,2317.1,2354.9,2303.0,2343.95,1748634,655677,91157
HINDZINC,16-DEC-2020,244.0,245.0,239.5,242.15,1099848,515658,17426
HIRECT,16-DEC-2020,152.2,158.0,150.1,150.5,24275,13259,1028
HISARMETAL,16-DEC-2020,88.0,89.45,85.6,86.4,6576,5289,149
HITECH,16-DEC-2020,199.45,206.9,179.0,200.95,85861,28085,846
HITECHCORP,16-DEC-2020,114.1,117.8,113.0,114.55,1173,1018,46
HLVLTD,16-DEC-2020,5.35,5.4,5.2,5.25,400496,302789,403
HMVL,16-DEC-2020,57.1,64.2,57.1,60.05,416455,196442,2638
HNDFDS,16-DEC-2020,1130.0,1139.9,1089.9,1103.4,7526,4844,1053
HNGSNGBEES,16-DEC-2020,348.0,355.8,345.0,345.26,6385,5901,140
HONAUT,16-DEC-2020,32199.0,32948.9,31827.05,32752.3,5606,2156,3311
HONDAPOWER,16-DEC-2020,1172.0,1172.0,1136.75,1144.1,45254,11495,4715
HOTELRUGBY,16-DEC-2020,1.35,1.35,1.35,1.35,50,50,1
HOVS,16-DEC-2020,39.2,40.55,39.0,39.2,13710,9465,196
HPL,16-DEC-2020,38.15,39.7,38.15,38.6,236021,140592,1818
HSCL,16-DEC-2020,44.1,45.6,43.8,44.95,5129277,2447346,16137
HSIL,16-DEC-2020,106.5,107.15,105.0,105.4,94635,53513,3504
HTMEDIA,16-DEC-2020,17.0,17.35,16.9,17.0,313891,248321,885
HUBTOWN,16-DEC-2020,14.6,14.9,13.75,14.05,102937,77086,380
HUDCO,16-DEC-2020,40.0,40.45,39.85,40.05,1881833,860534,6823
HUHTAMAKI,16-DEC-2020,302.0,307.55,300.2,305.6,38740,23758,1197
IBMFNIFTY,16-DEC-2020,134.4,135.8,132.86,134.98,5663,5373,100
IBREALEST,16-DEC-2020,69.55,80.05,68.85,76.3,28954893,9985398,117105
IBULHSGFIN,16-DEC-2020,194.2,217.0,194.0,206.35,61294528,8914764,332011
ICEMAKE,16-DEC-2020,117.55,117.7,115.0,115.45,67117,53229,867
ICICI500,16-DEC-2020,190.84,190.84,183.75,184.54,1473,568,114
ICICIALPLV,16-DEC-2020,134.8,136.0,134.6,135.82,575,396,20
ICICIB22,16-DEC-2020,32.45,32.45,31.98,32.21,295310,231088,41733
ICICIBANK,16-DEC-2020,520.05,521.7,511.1,512.45,24263586,12409385,248492
ICICIBANKN,16-DEC-2020,305.05,310.0,304.23,305.6,3511,2254,209
ICICIBANKP,16-DEC-2020,167.9,169.97,166.95,167.15,2399,674,91
ICICIGI,16-DEC-2020,1462.7,1490.0,1459.35,1479.35,554075,417651,29260
ICICIGOLD,16-DEC-2020,49.7,49.7,43.86,44.25,94955,54297,1207
ICICILIQ,16-DEC-2020,999.95,1000.01,999.95,999.99,14764,10568,54
ICICILOVOL,16-DEC-2020,105.0,122.0,105.0,111.78,32613,30799,201
ICICIM150,16-DEC-2020,78.5,79.0,78.5,78.8,4493,4489,28
ICICIMCAP,16-DEC-2020,78.64,84.4,75.92,78.22,23941,11206,198
ICICINF100,16-DEC-2020,150.0,150.0,145.5,148.08,1838,949,112
ICICINIFTY,16-DEC-2020,130.7,162.3,130.7,144.83,56744,38102,3179
ICICINV20,16-DEC-2020,70.5,70.8,68.5,69.91,2992,1946,266
ICICINXT50,16-DEC-2020,33.3,33.3,32.01,32.61,7564,6371,160
ICICIPRULI,16-DEC-2020,481.8,488.0,481.2,486.25,2329667,1600348,28073
ICICISENSX,16-DEC-2020,501.99,502.0,499.25,500.85,1592,819,74
ICICITECH,16-DEC-2020,225.05,230.45,225.05,229.86,2875,2718,43
ICIL,16-DEC-2020,150.0,155.0,146.5,151.9,169564,101279,3791
ICRA,16-DEC-2020,2705.0,2785.0,2677.0,2752.75,5435,3845,930
IDBI,16-DEC-2020,43.45,43.9,42.0,42.2,4232049,1700399,11560
IDBIGOLD,16-DEC-2020,4615.95,4749.0,4541.0,4578.45,529,389,93
IDEA,16-DEC-2020,9.95,10.15,9.8,10.0,162488886,51100487,119414
IDFC,16-DEC-2020,40.15,41.45,39.7,40.4,19120068,12917252,26107
IDFCFIRSTB,16-DEC-2020,38.0,38.15,37.55,37.75,14987280,3676085,43003
IDFNIFTYET,16-DEC-2020,142.5,146.0,142.0,142.36,207,124,44
IEX,16-DEC-2020,220.0,221.9,217.3,219.65,923782,650660,28642
IFBAGRO,16-DEC-2020,588.0,592.5,560.6,564.6,61676,26543,4082
IFBIND,16-DEC-2020,1144.45,1200.0,1121.05,1138.95,174080,82231,8375
IFCI,16-DEC-2020,9.6,10.05,9.5,9.75,6952858,2302212,88978
IFGLEXPOR,16-DEC-2020,193.0,198.45,192.0,193.1,3707,2390,188
IGARASHI,16-DEC-2020,339.25,345.8,336.75,338.95,100744,43888,3530
IGL,16-DEC-2020,490.0,494.35,485.3,487.55,2531010,839668,39006
IGPL,16-DEC-2020,465.5,465.5,445.0,450.2,28996,20035,868
IIFL,16-DEC-2020,117.25,118.25,116.1,116.85,313747,133780,3588
IIFLSEC,16-DEC-2020,47.5,47.7,46.6,47.0,499366,368466,1434
IIFLWAM,16-DEC-2020,1067.4,1077.0,1032.0,1048.6,17115,10600,2374
IITL,16-DEC-2020,82.0,83.9,79.4,80.3,576,444,28
IMAGICAA,16-DEC-2020,7.1,7.1,6.4,6.5,363120,299549,524
IMFA,16-DEC-2020,293.35,302.0,293.35,294.15,13277,7464,719
IMPAL,16-DEC-2020,611.95,622.45,606.4,614.8,1897,1507,184
IMPEXFERRO,16-DEC-2020,0.85,0.85,0.85,0.85,25496,25355,24
INDBANK,16-DEC-2020,11.9,12.2,11.7,11.9,87211,60033,279
INDHOTEL,16-DEC-2020,130.1,132.35,128.55,130.05,3573669,1700278,18578
INDIACEM,16-DEC-2020,151.6,153.0,150.45,150.8,744123,334127,7006
INDIAGLYCO,16-DEC-2020,309.8,313.0,302.2,304.55,118912,48977,3137
INDIAMART,16-DEC-2020,5420.0,5550.0,5420.0,5503.55,135595,83642,30179
INDIANB,16-DEC-2020,93.0,93.9,91.8,92.4,3543599,1231984,19095
INDIANCARD,16-DEC-2020,115.0,130.0,115.0,126.15,26833,15046,575
INDIANHUME,16-DEC-2020,195.2,199.05,193.1,195.35,67913,30506,2106
INDIGO,16-DEC-2020,1678.4,1683.75,1637.05,1655.85,1085904,199625,32556
INDLMETER,16-DEC-2020,19.0,19.85,18.65,19.3,4325,3525,28
INDNIPPON,16-DEC-2020,361.85,366.2,353.55,359.1,28542,19012,1008
INDOCO,16-DEC-2020,274.05,276.2,270.05,273.1,290085,215921,8200
INDORAMA,16-DEC-2020,31.3,34.45,31.3,34.45,42982,35566,291
INDOSTAR,16-DEC-2020,318.5,363.0,314.45,350.25,636794,67575,16961
INDOTECH,16-DEC-2020,119.85,119.85,115.55,117.65,19294,14597,390
INDOTHAI,16-DEC-2020,23.85,25.0,23.6,24.85,25961,20757,198
INDOWIND,16-DEC-2020,4.35,4.35,4.0,4.05,181246,161637,430
INDRAMEDCO,16-DEC-2020,59.05,59.4,58.1,58.4,204379,120124,2191
INDSWFTLAB,16-DEC-2020,60.6,62.7,60.15,61.6,73901,51822,837
INDTERRAIN,16-DEC-2020,34.5,36.35,34.2,35.8,1161130,584348,5819
INDUSINDBK,16-DEC-2020,932.0,937.75,915.0,921.8,6068477,1826760,126850
INEOSSTYRO,16-DEC-2020,824.0,831.0,802.0,805.7,26088,16676,1572
INFOBEAN,16-DEC-2020,134.85,135.0,131.0,133.95,25717,16198,409
INFRABEES,16-DEC-2020,381.0,382.96,378.21,381.18,636,532,52
INFRATEL,16-DEC-2020,248.0,248.8,243.65,245.3,3945751,860618,37112
INFY,16-DEC-2020,1160.0,1168.9,1153.6,1165.7,7788404,4190351,158579
INGERRAND,16-DEC-2020,636.0,649.9,631.9,640.5,31953,14109,2072
INOXLEISUR,16-DEC-2020,284.85,287.0,281.2,282.0,674743,417736,12623
INOXWIND,16-DEC-2020,60.0,65.05,58.9,65.05,774425,408830,5053
INSECTICID,16-DEC-2020,472.75,477.0,466.25,468.05,19495,11989,1213
INSPIRISYS,16-DEC-2020,33.15,34.8,32.95,33.9,105010,79030,682
INTEGRA,16-DEC-2020,1.5,1.5,1.5,1.5,1408,1408,2
INTELLECT,16-DEC-2020,313.85,330.6,308.6,318.95,545466,271901,12832
INTENTECH,16-DEC-2020,39.3,39.5,36.5,38.85,29494,22479,195
INVENTURE,16-DEC-2020,20.6,22.5,17.6,18.9,117897,76882,718
IOB,16-DEC-2020,11.25,11.35,11.15,11.2,1952544,1030960,5399
IOC,16-DEC-2020,96.5,97.5,95.8,96.35,22630689,5368236,63438
IOLCP,16-DEC-2020,756.2,779.0,756.2,765.0,283079,108239,12934
IPCALAB,16-DEC-2020,2263.5,2274.5,2215.0,2250.2,417287,239087,51536
IRB,16-DEC-2020,112.0,116.8,111.2,114.75,749006,342462,6767
IRCON,16-DEC-2020,90.3,91.4,90.05,90.3,634581,300319,5444
IRCTC,16-DEC-2020,1453.8,1455.9,1420.0,1423.4,3560008,1441224,131431
ISEC,16-DEC-2020,456.15,459.35,450.0,451.95,782384,492980,25119
ISFT,16-DEC-2020,64.35,67.7,64.35,67.4,16179,9338,254
ISMTLTD,16-DEC-2020,12.1,12.1,12.1,12.1,78517,78508,110
ITC,16-DEC-2020,213.75,215.55,213.5,214.0,19551630,8195929,97686
ITDC,16-DEC-2020,278.0,287.0,278.0,279.95,64811,18405,2221
ITDCEM,16-DEC-2020,60.0,60.8,58.1,58.6,630054,328025,3954
ITI,16-DEC-2020,131.75,133.85,130.0,131.15,993216,219171,10913
IVZINGOLD,16-DEC-2020,4452.0,4499.0,4427.0,4458.0,39,27,13
IVZINNIFTY,16-DEC-2020,1462.75,1462.75,1462.75,1462.75,4,4,1
IZMO,16-DEC-2020,53.0,53.5,49.2,50.25,62054,36602,898
J&KBANK,16-DEC-2020,24.2,24.45,24.0,24.05,2182496,1251999,7237
JAGRAN,16-DEC-2020,46.35,46.75,45.5,45.65,605290,255055,2479
JAGSNPHARM,16-DEC-2020,74.7,75.1,71.4,73.25,134035,77129,1642
JAIBALAJI,16-DEC-2020,19.5,19.7,19.0,19.6,14957,13636,65
JAICORPLTD,16-DEC-2020,93.95,98.7,93.45,96.65,3529203,662723,20985
JAMNAAUTO,16-DEC-2020,58.35,59.5,58.0,58.7,4513188,2102843,13183
JASH,16-DEC-2020,226.95,228.5,220.0,220.55,11978,10736,206
JAYAGROGN,16-DEC-2020,118.95,119.95,116.25,117.1,14124,9073,454
JAYBARMARU,16-DEC-2020,256.0,260.5,255.3,256.35,47031,14107,1725
JAYNECOIND,16-DEC-2020,6.4,6.4,5.85,5.9,349179,279614,413
JAYSREETEA,16-DEC-2020,72.5,74.8,71.8,72.75,203565,76976,2359
JBCHEPHARM,16-DEC-2020,1086.9,1095.0,1056.0,1082.45,123150,70247,14660
JBFIND,16-DEC-2020,11.65,11.65,11.65,11.65,79253,79243,777
JBMA,16-DEC-2020,271.65,282.5,271.65,273.0,34207,15427,1276
JCHAC,16-DEC-2020,2219.0,2245.0,2200.0,2231.05,10150,5056,1621
JHS,16-DEC-2020,25.8,26.6,24.6,26.6,731115,500398,2138
JINDALPHOT,16-DEC-2020,29.1,29.1,29.1,29.1,11249,11249,72
JINDALPOLY,16-DEC-2020,469.0,474.65,466.5,468.95,17636,11785,1113
JINDALSAW,16-DEC-2020,80.75,81.9,79.0,79.35,2602335,901421,15185
JINDALSTEL,16-DEC-2020,275.0,287.35,273.15,285.6,16676228,3983761,97828
JINDRILL,16-DEC-2020,97.0,97.8,95.4,96.2,13468,10777,380
JINDWORLD,16-DEC-2020,57.35,59.2,56.3,56.8,364383,95747,4216
JISLDVREQS,16-DEC-2020,12.8,12.95,12.4,12.65,85419,52628,285
JISLJALEQS,16-DEC-2020,20.0,20.2,19.3,19.4,4194434,2135455,4951
JKCEMENT,16-DEC-2020,1937.35,1969.0,1921.0,1940.55,228322,163603,8115
JKIL,16-DEC-2020,135.85,139.75,135.0,135.8,133065,89469,3158
JKLAKSHMI,16-DEC-2020,343.9,345.95,337.0,337.95,273922,164153,6425
JKPAPER,16-DEC-2020,103.45,104.5,103.1,103.55,1084219,524747,8695
JKTYRE,16-DEC-2020,78.75,80.9,76.5,77.7,5050423,1652350,20181
JMA,16-DEC-2020,34.7,34.7,33.25,33.35,23561,17156,206
JMCPROJECT,16-DEC-2020,68.85,72.0,66.8,69.85,1542779,522897,10309
JMFINANCIL,16-DEC-2020,87.8,93.95,86.3,91.35,24113380,11290347,76548
JMTAUTOLTD,16-DEC-2020,2.65,2.7,2.6,2.65,582660,419937,706
JOCIL,16-DEC-2020,180.1,186.95,180.05,183.9,8813,5701,239
JPASSOCIAT,16-DEC-2020,7.2,7.35,7.2,7.2,37016465,20651692,7782
JPINFRATEC,16-DEC-2020,2.3,2.35,2.3,2.3,3065244,1908235,889
JPOLYINVST,16-DEC-2020,18.25,19.35,18.05,18.25,5803,4923,45
JPPOWER,16-DEC-2020,3.55,3.6,3.35,3.35,59946432,35131497,13432
JSL,16-DEC-2020,67.4,68.8,67.15,67.7,471332,209616,5549
JSLHISAR,16-DEC-2020,135.95,138.45,133.2,135.25,613176,310898,9379
JSWENERGY,16-DEC-2020,66.85,71.3,66.0,69.1,4171351,1610127,20289
JSWHL,16-DEC-2020,4156.0,4225.0,4018.1,4055.05,3346,1939,1068
JSWISPL,16-DEC-2020,29.5,30.15,28.0,28.95,915219,583464,1681
JSWSTEEL,16-DEC-2020,370.0,372.5,364.5,370.6,7762252,1250105,62178
JTEKTINDIA,16-DEC-2020,86.8,94.35,86.5,91.4,1746257,578122,14347
JUBILANT,16-DEC-2020,815.0,820.65,801.95,805.7,142203,74131,5629
JUBLFOOD,16-DEC-2020,2608.0,2691.3,2579.05,2676.15,970316,170523,52649
JUBLINDS,16-DEC-2020,243.15,247.5,241.0,241.55,24925,13433,904
JUMPNET,16-DEC-2020,17.05,17.05,17.05,17.05,66437,66437,183
JUNIORBEES,16-DEC-2020,338.0,338.0,321.0,334.65,100058,76200,2449
JUSTDIAL,16-DEC-2020,612.0,623.45,608.5,612.9,544581,93949,14388
JYOTHYLAB,16-DEC-2020,143.5,144.25,142.05,142.4,449945,267556,5092
KABRAEXTRU,16-DEC-2020,92.15,94.8,92.15,92.7,19050,15362,352
KAJARIACER,16-DEC-2020,672.0,682.55,670.2,676.55,180448,114653,5730
KAKATCEM,16-DEC-2020,194.9,202.0,193.05,194.8,43847,25326,1282
KALPATPOWR,16-DEC-2020,322.65,327.5,316.55,319.45,1127628,858163,11221
KAMATHOTEL,16-DEC-2020,39.0,39.65,38.5,38.7,133868,83958,1044
KAMDHENU,16-DEC-2020,105.2,118.0,105.2,112.45,278688,140271,3979
KANANIIND,16-DEC-2020,3.75,4.0,3.75,3.95,2690,2355,19
KANORICHEM,16-DEC-2020,44.3,46.55,44.15,45.35,83129,47024,657
KANSAINER,16-DEC-2020,552.7,554.9,546.0,550.2,178802,146834,4729
KARDA,16-DEC-2020,126.75,127.0,123.2,125.55,7106,5650,316
KARMAENG,16-DEC-2020,14.9,14.9,13.25,14.0,8662,6716,102
KARURVYSYA,16-DEC-2020,47.85,48.0,46.4,47.7,3966653,2005396,16434
KAUSHALYA,16-DEC-2020,1.95,1.95,1.9,1.9,19608,18607,58
KAYA,16-DEC-2020,292.0,297.95,285.15,289.45,7929,5258,438
KCP,16-DEC-2020,74.1,74.95,72.2,73.1,447505,282777,2799
KCPSUGIND,16-DEC-2020,17.6,17.9,16.6,16.9,972387,428329,2411
KDDL,16-DEC-2020,202.0,224.0,201.0,209.7,8468,4408,905
KEC,16-DEC-2020,372.7,378.5,371.5,376.65,229312,124550,6171
KECL,16-DEC-2020,15.3,15.7,15.05,15.25,60087,45665,411
KEERTI,16-DEC-2020,27.65,27.65,26.2,26.25,15709,11824,58
KEI,16-DEC-2020,453.35,466.45,451.05,460.35,575392,186228,21494
KELLTONTEC,16-DEC-2020,71.4,72.95,69.05,71.85,1736727,738099,5757
KENNAMET,16-DEC-2020,867.6,907.0,853.25,901.95,39231,19691,1546
KESORAMIND,16-DEC-2020,60.5,64.9,60.5,62.05,3116546,1427005,16021
KEYFINSERV,16-DEC-2020,97.85,97.85,92.25,94.1,12028,8324,358
KHADIM,16-DEC-2020,134.55,135.8,130.0,130.85,186867,103066,3535
KHAICHEM,16-DEC-2020,23.8,23.9,23.0,23.15,187141,112269,1149
KHANDSE,16-DEC-2020,11.0,11.5,10.2,10.65,14050,8440,97
KICL,16-DEC-2020,1426.05,1426.05,1385.0,1411.2,2040,1658,348
KINGFA,16-DEC-2020,625.0,625.0,608.05,614.9,11630,9252,475
KIOCL,16-DEC-2020,164.8,164.8,149.25,155.6,742882,367752,14463
KIRIINDUS,16-DEC-2020,458.8,478.0,456.0,463.65,120481,51182,5918
KIRLFER,16-DEC-2020,142.65,144.7,140.15,140.6,135982,118348,1053
KIRLOSBROS,16-DEC-2020,137.0,138.0,132.1,135.7,57253,32253,1555
KIRLOSENG,16-DEC-2020,121.65,125.25,121.0,121.8,291594,176521,3959
KIRLOSIND,16-DEC-2020,817.95,818.95,800.0,804.6,4233,3325,175
KITEX,16-DEC-2020,112.95,117.8,112.95,116.0,447317,203427,4420
KKCL,16-DEC-2020,829.25,855.0,816.1,842.75,2531,1841,291
KMSUGAR,16-DEC-2020,13.8,13.95,11.75,12.5,1527977,916292,2473
KNRCON,16-DEC-2020,314.0,318.0,312.95,315.4,330787,129250,7983
KOKUYOCMLN,16-DEC-2020,67.9,70.8,67.3,67.8,284184,115813,3235
KOLTEPATIL,16-DEC-2020,211.95,231.85,211.95,221.85,909076,170942,15965
KOPRAN,16-DEC-2020,134.4,137.5,133.0,136.2,327000,192707,3773
KOTAKBANK,16-DEC-2020,1965.0,1965.0,1936.55,1952.55,2764698,1303047,117822
KOTAKBKETF,16-DEC-2020,311.0,311.99,308.49,309.16,90423,83655,566
KOTAKGOLD,16-DEC-2020,433.95,437.7,430.3,435.9,47939,28787,916
KOTAKNIFTY,16-DEC-2020,142.47,142.65,141.61,142.32,86772,67377,383
KOTAKNV20,16-DEC-2020,69.1,71.2,69.1,70.87,6309,4173,80
KOTAKPSUBK,16-DEC-2020,182.98,182.98,177.0,178.21,30589,12245,370
KOTARISUG,16-DEC-2020,20.7,21.8,19.7,19.95,256807,154847,741
KOTHARIPET,16-DEC-2020,18.9,19.35,18.65,18.95,46731,29557,229
KOTHARIPRO,16-DEC-2020,73.85,73.85,71.15,72.65,5789,4312,173
KPITTECH,16-DEC-2020,110.5,115.7,109.35,114.05,1664792,983017,12418
KPRMILL,16-DEC-2020,889.4,934.9,885.85,912.75,146673,48522,7247
KRBL,16-DEC-2020,251.0,252.45,246.75,248.35,556853,375566,8966
KREBSBIO,16-DEC-2020,107.7,113.0,104.15,111.0,24003,19205,411
KRIDHANINF,16-DEC-2020,4.35,4.7,4.35,4.35,410246,264530,519
KSB,16-DEC-2020,642.0,644.9,631.0,635.35,24089,15196,1648
KSCL,16-DEC-2020,545.0,547.45,532.0,536.1,443890,218868,9274
KSL,16-DEC-2020,256.0,268.8,255.1,262.8,567382,202731,13761
KTKBANK,16-DEC-2020,58.5,61.4,57.8,59.9,5515564,2073996,14433
KUANTUM,16-DEC-2020,53.6,59.0,52.75,57.6,122143,86907,1400
KWALITY,16-DEC-2020,3.25,3.4,3.25,3.35,926991,708617,832
L&TFH,16-DEC-2020,95.0,96.0,92.75,93.05,17937686,4853783,48553
LALPATHLAB,16-DEC-2020,2181.0,2204.0,2134.0,2175.75,130776,74811,11602
LAMBODHARA,16-DEC-2020,50.25,52.1,44.45,50.45,233315,124378,2401
LAOPALA,16-DEC-2020,226.4,227.95,223.2,224.15,70959,39342,1742
LASA,16-DEC-2020,81.7,89.0,79.5,88.0,877029,266491,6144
LAURUSLABS,16-DEC-2020,329.4,344.9,327.65,338.95,6296660,2835693,66814
LAXMIMACH,16-DEC-2020,4700.0,4840.0,4650.0,4765.8,10201,4388,2645
LEMONTREE,16-DEC-2020,43.5,43.9,43.2,43.3,812742,592124,4873
LFIC,16-DEC-2020,67.5,71.5,67.5,69.6,689,584,17
LGBBROSLTD,16-DEC-2020,281.0,289.7,280.0,285.9,131445,66403,3144
LGBFORGE,16-DEC-2020,3.75,4.0,3.7,3.95,164715,137734,251
LIBAS,16-DEC-2020,32.1,32.85,32.1,32.55,43107,17607,581
LIBERTSHOE,16-DEC-2020,153.95,157.0,152.8,153.3,148825,52343,2708
LICHSGFIN,16-DEC-2020,377.6,391.0,373.2,380.15,9186894,2643099,108849
LICNETFGSC,16-DEC-2020,22.6,22.8,22.1,22.11,26683,17606,103
LICNETFN50,16-DEC-2020,137.1,137.19,133.8,136.4,853,728,68
LICNETFSEN,16-DEC-2020,501.61,507.99,478.79,489.5,746,232,126
LICNFNHGP,16-DEC-2020,138.08,145.0,136.0,144.08,2932,2756,113
LIKHITHA,16-DEC-2020,164.1,166.1,163.0,164.85,141912,49557,1566
LINCOLN,16-DEC-2020,235.95,237.4,232.0,233.1,49577,25808,1593
LINCPEN,16-DEC-2020,181.1,186.8,179.6,181.7,11124,8307,318
LINDEINDIA,16-DEC-2020,942.4,942.4,922.0,930.75,46763,22494,3348
LIQUIDBEES,16-DEC-2020,1002.39,1002.39,999.13,1000.0,645323,517685,3492
LIQUIDETF,16-DEC-2020,1000.0,1000.01,999.99,999.99,11612,7369,39
LOKESHMACH,16-DEC-2020,30.95,30.95,29.6,30.5,24617,15561,249
LOTUSEYE,16-DEC-2020,33.55,33.55,31.3,31.45,20654,16603,123
LOVABLE,16-DEC-2020,98.8,107.1,96.15,107.0,691010,393693,5835
LPDC,16-DEC-2020,1.8,1.85,1.8,1.85,18128,18128,19
LSIL,16-DEC-2020,1.05,1.05,1.0,1.0,1773723,1695184,688
LT,16-DEC-2020,1256.25,1278.0,1247.05,1268.25,5729223,2356469,134570
LTI,16-DEC-2020,3265.5,3315.0,3265.05,3288.95,364862,207206,44020
LTTS,16-DEC-2020,1836.0,1850.0,1831.0,1842.4,286219,165291,11107
LUMAXIND,16-DEC-2020,1445.45,1459.65,1412.0,1423.35,17975,7873,1517
LUMAXTECH,16-DEC-2020,117.0,138.25,117.0,133.95,2935882,526381,33083
LUPIN,16-DEC-2020,953.25,963.9,942.3,960.35,3019484,830608,63159
LUXIND,16-DEC-2020,1579.5,1619.95,1571.25,1579.4,34019,7749,3252
LYKALABS,16-DEC-2020,22.7,23.35,22.35,22.65,34217,27802,261
LYPSAGEMS,16-DEC-2020,6.05,6.3,5.5,5.7,150956,119587,351
M&M,16-DEC-2020,737.1,746.25,726.2,731.95,11262389,2314976,169513
M&MFIN,16-DEC-2020,179.15,183.95,178.0,181.95,14195119,4795602,74439
M100,16-DEC-2020,21.79,21.79,21.41,21.75,122768,97545,353
M50,16-DEC-2020,133.66,134.18,132.74,133.98,744,463,23
MAANALU,16-DEC-2020,85.3,95.2,84.15,87.95,135743,37837,2649
MACPOWER,16-DEC-2020,96.5,101.0,94.0,96.3,10724,6554,231
MADHAV,16-DEC-2020,33.5,39.0,32.25,39.0,250788,88331,1441
MADHUCON,16-DEC-2020,5.5,5.5,5.5,5.5,48834,48833,40
MADRASFERT,16-DEC-2020,22.6,22.75,21.3,21.5,1529341,788504,6674
MAESGETF,16-DEC-2020,23.34,23.43,23.26,23.42,13221,12632,43
MAGADSUGAR,16-DEC-2020,125.6,129.0,120.0,124.6,94021,52621,2022
MAGMA,16-DEC-2020,42.5,44.5,42.3,43.55,1168146,614431,3814
MAGNUM,16-DEC-2020,5.1,5.1,4.8,4.9,4619,4338,36
MAHABANK,16-DEC-2020,14.25,14.55,14.2,14.25,2288828,1344047,5440
MAHASTEEL,16-DEC-2020,101.5,101.5,98.2,99.45,17506,10363,299
MAHEPC,16-DEC-2020,164.5,172.8,162.6,169.5,739972,349902,8590
MAHINDCIE,16-DEC-2020,150.2,156.0,150.2,154.95,100532,61042,3625
MAHLIFE,16-DEC-2020,328.6,338.9,327.05,335.45,92396,52844,2773
MAHLOG,16-DEC-2020,414.0,415.0,409.0,410.95,92205,72674,1956
MAHSCOOTER,16-DEC-2020,3849.0,3849.0,3781.25,3830.5,17386,11567,2302
MAHSEAMLES,16-DEC-2020,302.9,329.75,302.9,323.85,194128,86217,4342
MAITHANALL,16-DEC-2020,560.1,567.4,558.0,564.0,36274,23191,1737
MAJESCO,16-DEC-2020,989.5,989.8,974.65,975.1,3146064,2265711,118606
MALUPAPER,16-DEC-2020,32.8,33.85,31.15,32.3,69158,42083,428
MAN50ETF,16-DEC-2020,139.05,139.8,138.9,139.71,430598,429525,764
MANAKALUCO,16-DEC-2020,8.8,9.4,8.7,8.75,13051,11517,78
MANAKCOAT,16-DEC-2020,7.2,7.2,6.7,7.0,71902,46378,223
MANAKSIA,16-DEC-2020,64.0,64.0,61.0,61.35,114304,84083,1225
MANAKSTEEL,16-DEC-2020,21.55,21.55,21.55,21.55,22045,22045,52
MANALIPETC,16-DEC-2020,34.45,35.6,34.2,35.0,1364328,822427,3486
MANAPPURAM,16-DEC-2020,175.25,177.2,173.1,173.8,6597591,1887957,35465
MANGALAM,16-DEC-2020,141.2,143.9,139.3,139.65,63920,49316,1154
MANGCHEFER,16-DEC-2020,44.5,44.7,43.55,44.0,1055187,723004,16317
MANGLMCEM,16-DEC-2020,228.0,234.45,226.0,227.85,119883,85792,1889
MANGTIMBER,16-DEC-2020,9.25,9.4,8.85,9.25,4188,3280,37
MANINDS,16-DEC-2020,83.6,92.65,83.05,86.1,3113864,744132,24857
MANINFRA,16-DEC-2020,35.1,36.25,34.2,35.1,3240779,1203382,11320
MANUGRAPH,16-DEC-2020,13.0,14.0,12.05,12.2,17267,13835,120
MANXT50,16-DEC-2020,320.0,320.25,318.75,319.87,2195,1289,33
MARALOVER,16-DEC-2020,24.2,25.4,23.45,25.1,19486,17568,115
MARATHON,16-DEC-2020,104.5,105.95,100.15,104.35,38082,24223,587
MARICO,16-DEC-2020,412.0,416.85,411.5,413.15,2722563,946143,24391
MARINE,16-DEC-2020,207.6,213.9,207.6,210.25,112643,6246,529
MARKSANS,16-DEC-2020,60.15,60.5,59.65,60.05,1321219,567160,5692
MARUTI,16-DEC-2020,7820.0,7899.0,7770.0,7796.35,963504,219833,78504
MASFIN,16-DEC-2020,1004.4,1017.7,988.7,1015.0,24825,13892,2245
MASTEK,16-DEC-2020,1095.0,1124.0,1072.0,1093.5,131684,51127,8710
MATRIMONY,16-DEC-2020,853.95,862.9,838.1,840.85,9468,6086,643
MAWANASUG,16-DEC-2020,42.7,43.1,41.1,41.4,467316,255609,2383
MAXHEALTH,16-DEC-2020,138.4,140.6,138.0,138.85,422878,246229,6626
MAXIND,16-DEC-2020,67.1,67.4,63.1,63.8,665608,436462,4720
MAXVIL,16-DEC-2020,44.9,48.0,44.65,46.6,561766,381246,2712
MAYURUNIQ,16-DEC-2020,297.65,307.2,295.0,300.65,191186,127419,5595
MAZDA,16-DEC-2020,555.05,555.05,536.55,545.2,6332,3188,435
MAZDOCK,16-DEC-2020,191.75,227.9,191.5,220.3,20419578,3779344,171698
MBLINFRA,16-DEC-2020,14.55,14.55,14.55,14.55,96747,96747,74
MCDHOLDING,16-DEC-2020,39.55,40.9,38.05,39.55,182864,87989,1746
MCDOWELL-N,16-DEC-2020,598.0,600.0,591.3,594.85,1655310,990322,27739
MCL,16-DEC-2020,82.5,83.5,75.55,81.0,6703,2496,186
MCLEODRUSS,16-DEC-2020,23.2,23.45,22.75,23.05,390582,284864,1007
MCX,16-DEC-2020,1711.0,1730.0,1696.0,1705.8,229649,90330,10820
MEGASOFT,16-DEC-2020,9.6,10.0,9.35,9.35,59704,39414,197
MEGH,16-DEC-2020,81.0,81.4,80.25,80.45,624815,261482,6470
MEP,16-DEC-2020,17.1,18.6,15.95,16.05,1467260,881749,3042
MERCATOR,16-DEC-2020,1.15,1.15,1.15,1.15,261742,261742,94
METALFORGE,16-DEC-2020,5.8,6.35,5.75,6.0,38334,29557,197
METROPOLIS,16-DEC-2020,1961.05,1972.8,1929.0,1939.95,154248,84376,8824
MFSL,16-DEC-2020,640.85,656.5,635.0,641.4,3485380,1850223,60427
MGL,16-DEC-2020,1060.0,1072.5,1052.5,1062.6,603753,139854,28766
MHRIL,16-DEC-2020,209.3,212.75,205.3,206.75,387261,362805,2398
MIDHANI,16-DEC-2020,202.8,211.9,202.25,208.4,1897052,636064,27184
MINDACORP,16-DEC-2020,95.0,96.0,92.5,93.25,739656,437930,4168
MINDAIND,16-DEC-2020,384.0,392.0,382.0,390.45,99807,38596,3178
MINDTECK,16-DEC-2020,40.8,40.95,40.75,40.95,10633,9236,76
MINDTREE,16-DEC-2020,1475.05,1484.0,1455.05,1459.5,895448,309812,27143
MIRCELECTR,16-DEC-2020,11.9,12.25,11.7,12.25,504811,400083,633
MIRZAINT,16-DEC-2020,57.45,58.6,57.3,57.6,362496,167934,2412
MITTAL,16-DEC-2020,13.0,13.05,12.4,12.85,105854,86820,271
MMFL,16-DEC-2020,441.95,445.0,435.05,441.05,8437,4731,372
MMP,16-DEC-2020,91.05,94.45,89.0,90.6,20667,14970,327
MMTC,16-DEC-2020,24.45,25.75,24.3,24.75,10422918,1773800,19332
MOHOTAIND,16-DEC-2020,10.2,10.2,9.55,9.85,28299,22890,90
MOIL,16-DEC-2020,144.75,147.6,144.1,144.8,364928,131542,5287
MOLDTKPAC,16-DEC-2020,291.75,291.75,282.35,284.9,21513,13466,1077
MONTECARLO,16-DEC-2020,243.0,277.3,239.8,269.9,688366,120038,15512
MORARJEE,16-DEC-2020,14.85,15.3,14.25,14.55,41278,23350,282
MOREPENLAB,16-DEC-2020,32.5,32.6,31.5,31.65,2562620,1378825,5952
MOTHERSUMI,16-DEC-2020,158.0,159.0,155.5,156.75,9368489,2737694,42830
MOTILALOFS,16-DEC-2020,649.7,652.5,633.3,635.7,162384,99898,5289
MPHASIS,16-DEC-2020,1331.45,1371.0,1320.95,1358.45,494746,281597,28685
MPSLTD,16-DEC-2020,371.25,379.0,365.0,371.3,9124,6300,837
MRF,16-DEC-2020,77383.0,79180.4,77380.0,78618.85,29876,7076,13915
MRO-TEK,16-DEC-2020,29.3,29.55,29.3,29.55,7896,7296,42
MRPL,16-DEC-2020,36.75,36.9,36.25,36.35,1743874,874619,4822
MSPL,16-DEC-2020,9.7,9.95,9.5,9.95,19491,15050,148
MSTCLTD,16-DEC-2020,164.1,168.5,162.1,163.05,432577,163051,6471
MTEDUCARE,16-DEC-2020,11.45,11.6,11.1,11.35,190618,167864,347
MTNL,16-DEC-2020,10.9,11.3,10.9,10.95,2321440,1012210,9208
MUKANDENGG,16-DEC-2020,13.55,14.35,13.5,14.0,20401,16078,105
MUKANDLTD,16-DEC-2020,61.0,65.0,59.8,62.0,293804,121633,1553
MUKTAARTS,16-DEC-2020,35.2,36.2,34.05,35.6,40312,29970,249
MUNJALAU,16-DEC-2020,64.5,64.65,63.05,63.3,332378,162314,2896
MUNJALSHOW,16-DEC-2020,143.3,146.15,142.5,144.4,51313,22391,1223
MURUDCERA,16-DEC-2020,22.4,22.55,20.5,20.95,504442,223273,2197
MUTHOOTCAP,16-DEC-2020,439.5,439.5,427.0,428.45,19242,13313,1075
MUTHOOTFIN,16-DEC-2020,1215.6,1230.0,1209.0,1217.55,2674862,733257,70040
N100,16-DEC-2020,923.0,923.0,911.5,916.54,171972,158981,1137
NACLIND,16-DEC-2020,40.6,44.25,40.0,43.4,260637,204558,1685
NAGREEKCAP,16-DEC-2020,5.5,5.5,5.45,5.45,766,766,3
NAGREEKEXP,16-DEC-2020,18.8,18.85,17.2,17.85,5553,4830,58
NAHARCAP,16-DEC-2020,80.1,82.5,77.5,81.8,17294,7603,397
NAHARINDUS,16-DEC-2020,37.95,42.45,37.9,41.45,79219,61383,592
NAHARPOLY,16-DEC-2020,90.9,93.0,90.0,90.7,51930,34875,787
NAHARSPING,16-DEC-2020,61.5,65.7,60.0,64.85,141398,93556,979
NAM-INDIA,16-DEC-2020,305.1,313.75,303.0,311.45,1234625,670967,16061
NATCOPHARM,16-DEC-2020,950.1,956.95,945.05,949.55,221377,151620,5944
NATHBIOGEN,16-DEC-2020,283.0,285.0,276.05,277.75,41810,18505,1832
NATIONALUM,16-DEC-2020,43.2,44.6,43.05,44.35,29114062,8532837,38990
NAUKRI,16-DEC-2020,4675.0,4710.0,4590.0,4601.15,449230,168663,39114
NAVINFLUOR,16-DEC-2020,2525.0,2548.65,2496.0,2498.95,56207,35031,8549
NAVKARCORP,16-DEC-2020,38.45,40.45,38.25,39.2,1253315,513955,5094
NAVNETEDUL,16-DEC-2020,88.8,88.8,86.0,86.95,192014,113195,2490
NBCC,16-DEC-2020,31.4,32.4,31.25,31.65,23594342,7303287,34584
NBIFIN,16-DEC-2020,1671.1,1705.0,1671.0,1693.6,613,516,121
NBVENTURES,16-DEC-2020,60.7,61.5,57.5,58.75,1372009,797547,6522
NCC,16-DEC-2020,57.9,59.0,57.1,58.65,8997624,3713420,22814
NCLIND,16-DEC-2020,141.5,144.5,141.5,143.2,148479,74575,2124
NCPSESDL24,16-DEC-2020,102.91,102.96,102.91,102.95,51272,51272,8
NDGL,16-DEC-2020,672.0,679.95,660.0,662.2,195,88,36
NDL,16-DEC-2020,24.2,26.55,24.05,26.5,211459,137975,1020
NDRAUTO,16-DEC-2020,198.0,203.0,195.6,198.3,5581,3458,235
NDTV,16-DEC-2020,40.35,40.5,39.5,39.5,51186,40802,247
NECCLTD,16-DEC-2020,12.8,13.0,12.15,12.15,75851,66866,238
NECLIFE,16-DEC-2020,21.25,21.3,20.6,20.8,407442,240709,1279
NELCAST,16-DEC-2020,65.0,66.9,63.8,64.75,538709,200897,4294
NELCO,16-DEC-2020,209.0,213.7,207.5,208.55,130891,46559,3688
NEOGEN,16-DEC-2020,727.0,740.5,696.0,699.05,118661,88429,4279
NESCO,16-DEC-2020,545.15,555.0,540.0,541.85,65784,35909,3416
NESTLEIND,16-DEC-2020,18398.0,18734.95,18250.15,18323.45,221607,53756,41641
NETF,16-DEC-2020,166.36,166.36,166.0,166.0,134,134,25
NETFCONSUM,16-DEC-2020,68.0,68.0,62.85,63.43,12839,7298,284
NETFDIVOPP,16-DEC-2020,34.73,35.3,32.11,34.65,1250,1002,79
NETFIT,16-DEC-2020,23.07,23.09,22.86,23.04,191519,134156,997
NETFLTGILT,16-DEC-2020,25.0,25.0,21.53,22.37,31030,18179,152
NETFMID150,16-DEC-2020,78.55,79.45,78.54,79.4,92615,61247,660
NETFNIF100,16-DEC-2020,138.1,142.8,135.29,142.0,370,246,58
NETFNV20,16-DEC-2020,72.29,72.87,71.65,72.05,2516,1901,44
NETWORK18,16-DEC-2020,36.6,39.75,36.25,39.15,6912043,3031994,14629
NEULANDLAB,16-DEC-2020,1049.9,1080.0,1033.1,1039.65,77212,40903,5309
NEWGEN,16-DEC-2020,270.0,273.5,261.95,265.05,70881,36959,2380
NEXTMEDIA,16-DEC-2020,7.1,7.1,7.1,7.1,3090,3090,22
NFL,16-DEC-2020,40.25,41.6,40.1,40.25,3112806,1673066,8606
NH,16-DEC-2020,407.0,415.65,405.75,412.6,206407,130227,9490
NHPC,16-DEC-2020,22.75,23.65,22.65,23.2,27385510,11636575,30241
NIACL,16-DEC-2020,130.7,133.0,129.75,130.4,435715,178341,6995
NIFTYBEES,16-DEC-2020,159.0,159.0,144.0,145.82,1258149,410820,7316
NIITLTD,16-DEC-2020,178.95,180.5,174.1,175.7,1201556,375472,10531
NILAINFRA,16-DEC-2020,5.6,5.8,5.3,5.4,241384,168588,386
NILASPACES,16-DEC-2020,1.65,1.65,1.55,1.6,488477,317302,414
NILKAMAL,16-DEC-2020,1423.0,1435.0,1409.25,1423.45,10939,5323,1479
NIPPOBATRY,16-DEC-2020,656.0,666.0,643.25,650.0,5576,1468,901
NITCO,16-DEC-2020,25.7,26.5,25.45,25.65,51715,39522,370
NKIND,16-DEC-2020,19.4,19.6,18.1,18.7,4779,3272,42
NLCINDIA,16-DEC-2020,56.7,57.5,56.5,57.15,863942,475466,3650
NMDC,16-DEC-2020,117.4,120.8,113.9,114.6,27425138,7023414,78955
NOCIL,16-DEC-2020,140.55,152.9,140.5,151.05,8011144,2473955,64690
NORBTEAEXP,16-DEC-2020,9.6,9.6,9.05,9.15,5720,5080,45
NOVARTIND,16-DEC-2020,707.3,727.0,707.3,710.35,38525,22839,1934
NPBET,16-DEC-2020,164.0,164.0,157.19,160.7,319,235,35
NRAIL,16-DEC-2020,212.25,235.0,211.3,229.1,261906,117460,7648
NRBBEARING,16-DEC-2020,94.0,94.0,91.5,91.85,622087,356114,6120
NSIL,16-DEC-2020,900.45,917.7,900.45,901.9,2408,2137,248
NTL,16-DEC-2020,1.25,1.35,1.2,1.35,98669,96737,103
NTPC,16-DEC-2020,106.95,107.25,104.55,104.9,25184934,6932788,64219
NUCLEUS,16-DEC-2020,594.9,607.0,586.0,598.05,54467,33134,4153
NXTDIGITAL,16-DEC-2020,602.65,610.45,570.95,576.7,15953,3449,658
OAL,16-DEC-2020,533.0,565.0,516.0,540.5,31797,15646,2089
OBEROIRLTY,16-DEC-2020,514.0,542.75,513.05,534.8,696082,226098,19976
OCCL,16-DEC-2020,868.95,868.95,846.05,851.05,3332,1845,431
OFSS,16-DEC-2020,3149.1,3149.1,3105.0,3112.15,65304,55367,5391
OIL,16-DEC-2020,115.0,118.0,114.2,115.65,1423003,535640,9247
OILCOUNTUB,16-DEC-2020,5.4,5.9,5.4,5.9,14440,14440,45
OLECTRA,16-DEC-2020,107.95,108.7,103.0,104.25,291215,192750,3402
OMAXAUTO,16-DEC-2020,48.8,48.9,47.3,47.55,42177,28276,794
OMAXE,16-DEC-2020,86.0,87.4,86.0,86.55,64385,48780,769
OMMETALS,16-DEC-2020,20.8,21.35,20.5,21.35,59314,51841,337
ONELIFECAP,16-DEC-2020,7.95,8.55,7.95,8.3,5100,3500,23
ONGC,16-DEC-2020,101.9,103.6,100.65,102.9,34618175,8799050,123046
ONMOBILE,16-DEC-2020,58.5,59.3,56.1,56.85,232317,163102,2099
ONWARDTEC,16-DEC-2020,93.0,97.1,86.5,88.05,607872,254018,8729
ORBTEXP,16-DEC-2020,68.45,75.05,68.35,73.4,108051,38376,1336
ORICONENT,16-DEC-2020,21.45,22.5,21.35,22.05,213766,126529,596
ORIENTABRA,16-DEC-2020,21.3,24.2,21.3,23.0,552049,243142,2384
ORIENTALTL,16-DEC-2020,11.3,11.75,11.25,11.35,30993,26323,89
ORIENTBELL,16-DEC-2020,152.0,152.0,144.0,147.8,37563,27485,591
ORIENTCEM,16-DEC-2020,78.2,79.2,76.5,76.75,441879,255591,2743
ORIENTELEC,16-DEC-2020,225.6,229.5,224.0,227.0,294238,152182,8090
ORIENTHOT,16-DEC-2020,26.75,28.95,26.25,27.95,348440,178522,1381
ORIENTLTD,16-DEC-2020,84.9,86.5,82.45,83.15,1510,1123,63
ORIENTPPR,16-DEC-2020,20.25,20.75,20.25,20.4,437309,231604,1202
ORIENTREF,16-DEC-2020,222.05,233.05,221.6,230.35,133169,93255,3609
ORISSAMINE,16-DEC-2020,2551.95,2600.0,2530.0,2544.6,8882,4903,1592
ORTINLABSS,16-DEC-2020,25.6,28.0,25.6,26.4,26574,21105,243
OSWALAGRO,16-DEC-2020,11.2,11.5,10.7,11.2,166317,118613,548
PAEL,16-DEC-2020,2.25,2.25,2.25,2.25,543,543,2
PAGEIND,16-DEC-2020,24729.0,26000.0,24564.7,25889.55,92846,24208,25545
PAISALO,16-DEC-2020,464.15,500.0,464.1,495.05,84748,29224,2039
PALASHSECU,16-DEC-2020,43.25,45.5,41.65,44.6,10767,9342,100
PANACEABIO,16-DEC-2020,240.3,244.55,236.0,236.75,206431,98491,3930
PANACHE,16-DEC-2020,41.65,42.45,40.0,40.2,39736,17725,161
PANAMAPET,16-DEC-2020,98.85,101.4,97.8,99.15,224465,134749,2615
PARACABLES,16-DEC-2020,8.1,8.35,7.65,7.9,353075,290198,561
PARAGMILK,16-DEC-2020,116.7,117.7,114.65,115.1,420195,203168,3937
PATELENG,16-DEC-2020,16.1,16.5,15.4,15.8,645229,422292,1743
PATINTLOG,16-DEC-2020,30.3,31.5,30.15,30.55,40528,24004,361
PATSPINLTD,16-DEC-2020,6.1,6.2,5.75,6.15,11537,10722,40
PCJEWELLER,16-DEC-2020,24.35,24.9,23.6,23.85,4341834,1642761,8495
PDMJEPAPER,16-DEC-2020,22.65,22.65,21.55,21.65,117167,88311,576
PDSMFL,16-DEC-2020,417.05,417.25,416.0,417.0,46332,46253,106
PEARLPOLY,16-DEC-2020,20.7,21.6,19.8,20.8,65260,56484,114
PEL,16-DEC-2020,1463.0,1466.75,1430.0,1457.6,1727084,323124,61379
PENIND,16-DEC-2020,20.9,22.3,20.7,22.0,309500,227510,1241
PENINLAND,16-DEC-2020,6.9,7.0,6.65,7.0,556359,413627,555
PERSISTENT,16-DEC-2020,1305.4,1325.0,1289.55,1305.6,72320,52876,7201
PETRONET,16-DEC-2020,269.0,269.7,263.05,264.1,5622320,2136247,57445
PFC,16-DEC-2020,121.85,123.4,119.5,120.25,5714254,1480683,21078
PFIZER,16-DEC-2020,5210.5,5279.0,5210.1,5256.7,73188,34500,10546
PFOCUS,16-DEC-2020,44.8,46.2,43.55,44.4,188163,91273,1211
PFS,16-DEC-2020,21.3,21.5,20.85,20.9,953654,585648,2156
PGEL,16-DEC-2020,165.0,166.0,157.75,164.9,35184,21004,559
PGHH,16-DEC-2020,11302.0,11449.9,11160.3,11205.55,5202,2569,1842
PGHL,16-DEC-2020,6740.0,6849.9,6651.95,6811.55,13815,6415,4023
PGIL,16-DEC-2020,179.05,195.0,174.1,191.55,38934,30824,839
PHILIPCARB,16-DEC-2020,166.55,168.25,163.05,163.8,620507,296166,6977
PHOENIXLTD,16-DEC-2020,773.0,780.0,765.0,771.45,92870,61792,16543
PIDILITIND,16-DEC-2020,1626.0,1640.9,1620.0,1625.95,1083111,807367,23174
PIIND,16-DEC-2020,2360.0,2378.2,2282.0,2292.1,313387,202389,48586
PILANIINVS,16-DEC-2020,2580.0,2580.0,2490.05,2507.95,2809,1170,458
PILITA,16-DEC-2020,10.3,10.5,9.9,10.2,172017,98886,282
PIONDIST,16-DEC-2020,115.7,117.1,114.95,115.2,4099,2812,97
PIONEEREMB,16-DEC-2020,31.35,31.35,29.45,30.35,18503,9540,244
PITTIENG,16-DEC-2020,52.55,54.7,51.1,51.6,208986,42053,2171
PLASTIBLEN,16-DEC-2020,244.4,257.7,244.0,252.6,19221,9586,475
PNB,16-DEC-2020,39.6,39.6,37.25,37.95,214696891,49486321,230780
PNBGILTS,16-DEC-2020,43.6,43.9,43.15,43.25,249971,179292,1438
PNBHOUSING,16-DEC-2020,379.7,384.75,376.0,377.35,481203,177527,11052
PNC,16-DEC-2020,15.95,17.0,15.55,16.4,11944,6470,141
PNCINFRA,16-DEC-2020,179.0,179.0,175.75,176.85,346506,238017,3416
PODDARHOUS,16-DEC-2020,182.2,191.05,176.75,182.85,8153,5575,210
PODDARMENT,16-DEC-2020,182.6,190.0,182.6,187.4,4873,3280,277
POKARNA,16-DEC-2020,176.0,178.85,171.0,172.6,50512,33242,1113
POLYCAB,16-DEC-2020,1022.0,1060.0,1012.0,1044.6,707023,387871,19638
POLYMED,16-DEC-2020,525.5,529.7,514.05,517.05,82012,50720,3337
POLYPLEX,16-DEC-2020,762.85,779.8,761.0,774.95,47319,25946,3471
PONNIERODE,16-DEC-2020,171.0,175.1,167.5,168.9,20656,9474,613
POWERGRID,16-DEC-2020,194.7,196.85,192.55,196.2,19701552,12382656,61478
POWERINDIA,16-DEC-2020,1361.0,1379.35,1313.25,1349.15,27881,21353,1476
POWERMECH,16-DEC-2020,443.8,446.0,432.0,440.25,45972,30023,1618
PPAP,16-DEC-2020,277.0,283.9,269.0,271.8,36488,21242,1485
PPL,16-DEC-2020,96.0,101.4,96.0,98.25,158701,98609,1601
PRABHAT,16-DEC-2020,71.4,72.0,70.1,70.65,26224,18207,393
PRADIP,16-DEC-2020,0.75,0.75,0.7,0.75,23872,23872,14
PRAENG,16-DEC-2020,12.5,12.5,11.05,11.65,75321,50096,287
PRAJIND,16-DEC-2020,114.1,114.6,109.0,110.05,1873158,721568,11283
PRAKASH,16-DEC-2020,55.5,56.4,54.55,55.3,620935,369368,2511
PRAKASHSTL,16-DEC-2020,1.0,1.0,1.0,1.0,118290,117290,114
PRAXIS,16-DEC-2020,39.1,40.9,38.45,39.25,10511,6376,210
PRECAM,16-DEC-2020,45.1,46.5,45.0,45.25,123407,75420,1218
PRECWIRE,16-DEC-2020,157.25,161.0,157.2,159.7,22944,16700,470
PREMEXPLN,16-DEC-2020,151.0,157.3,147.1,149.1,46893,31181,834
PREMIER,16-DEC-2020,3.85,3.85,3.85,3.85,8206,8206,38
PREMIERPOL,16-DEC-2020,40.65,48.4,40.65,46.45,356298,117824,1346
PRESSMN,16-DEC-2020,27.0,27.5,25.1,25.6,77420,50635,684
PRESTIGE,16-DEC-2020,273.4,281.4,273.4,279.4,1302713,724091,11858
PRICOLLTD,16-DEC-2020,53.0,55.35,52.3,52.7,2788271,1372748,13158
PRIMESECU,16-DEC-2020,48.75,49.0,47.55,47.85,12823,6335,247
PRINCEPIPE,16-DEC-2020,267.0,269.8,263.1,264.25,73354,44493,2111
PRIVISCL,16-DEC-2020,570.0,570.05,558.0,559.35,14211,9240,1228
PROSEED,16-DEC-2020,0.6,0.6,0.6,0.6,132392,132392,59
PROZONINTU,16-DEC-2020,19.4,21.3,19.4,21.3,1003732,661194,1621
PRSMJOHNSN,16-DEC-2020,90.45,92.7,89.65,91.55,310354,203390,2685
PSB,16-DEC-2020,14.2,14.4,14.0,14.15,618047,356719,979
PSPPROJECT,16-DEC-2020,415.45,423.0,409.0,421.15,166208,86363,5525
PSUBNKBEES,16-DEC-2020,20.1,20.34,19.6,19.79,367173,244932,948
PTC,16-DEC-2020,63.5,63.7,62.55,62.95,1373144,635815,9658
PTL,16-DEC-2020,43.5,46.75,42.5,45.15,225745,110682,1555
PUNJABCHEM,16-DEC-2020,750.0,777.0,750.0,770.45,16863,10853,1012
PURVA,16-DEC-2020,71.8,75.7,70.2,73.75,393660,229825,4096
PVR,16-DEC-2020,1459.25,1466.85,1416.2,1426.25,1183573,184996,33197
QGOLDHALF,16-DEC-2020,2140.0,2153.0,2116.65,2150.05,1704,943,149
QNIFTY,16-DEC-2020,1406.0,1413.0,1406.0,1413.0,7,3,6
QUESS,16-DEC-2020,486.0,498.5,480.0,486.9,107724,46498,5931
QUICKHEAL,16-DEC-2020,160.65,162.9,159.55,160.25,167080,75609,3048
RADAAN,16-DEC-2020,1.0,1.05,1.0,1.05,68681,43180,57
RADICO,16-DEC-2020,466.8,468.6,458.6,460.5,109284,50802,3097
RAIN,16-DEC-2020,134.5,136.65,131.5,132.5,1340379,558575,10163
RAJESHEXPO,16-DEC-2020,477.3,481.5,473.0,476.2,84004,30048,3331
RAJRATAN,16-DEC-2020,440.0,452.0,430.4,448.4,20599,12533,1000
RAJSREESUG,16-DEC-2020,17.6,17.85,16.6,17.15,122162,75378,490
RAJTV,16-DEC-2020,36.0,37.15,35.0,35.5,32236,16902,253
RALLIS,16-DEC-2020,291.6,295.0,288.5,289.8,399763,210223,7151
RAMANEWS,16-DEC-2020,14.7,14.7,14.35,14.5,24124,13689,113
RAMASTEEL,16-DEC-2020,49.85,49.85,47.75,48.5,15206,6001,305
RAMCOCEM,16-DEC-2020,849.0,858.0,842.6,855.8,450020,150017,7886
RAMCOIND,16-DEC-2020,229.3,230.0,223.15,224.4,32214,19420,1224
RAMCOSYS,16-DEC-2020,603.9,605.0,582.1,589.25,247564,104164,10993
RAMKY,16-DEC-2020,51.9,54.4,51.0,51.45,363350,193219,2335
RANASUG,16-DEC-2020,7.4,7.75,7.35,7.55,1212257,732604,1074
RANEENGINE,16-DEC-2020,230.0,236.55,225.15,230.65,16441,8679,817
RANEHOLDIN,16-DEC-2020,527.2,570.0,526.1,558.5,103598,52058,4934
RATNAMANI,16-DEC-2020,1584.0,1649.0,1552.35,1570.05,61160,15274,6866
RAYMOND,16-DEC-2020,334.8,349.0,334.05,345.7,2445732,831826,32716
RBL,16-DEC-2020,738.8,748.0,723.85,728.7,24857,7294,2171
RBLBANK,16-DEC-2020,238.2,244.0,237.75,241.8,13238721,2404211,78260
RCF,16-DEC-2020,57.4,58.15,57.0,57.6,4433239,1840277,13078
RCOM,16-DEC-2020,2.3,2.3,2.3,2.3,6871666,6871651,4974
RECLTD,16-DEC-2020,142.0,143.5,140.6,141.35,6086419,1382986,33613
REDINGTON,16-DEC-2020,137.5,137.5,132.2,133.95,330669,143488,7850
REFEX,16-DEC-2020,109.55,110.0,105.0,106.15,155267,69380,2430
RELAXO,16-DEC-2020,740.0,763.0,736.0,760.05,462018,158220,15080
RELCAPITAL,16-DEC-2020,13.5,13.85,13.25,13.85,4829535,2778428,5655
RELIANCE,16-DEC-2020,1988.0,1994.95,1965.7,1976.55,8565904,3281219,233001
RELIGARE,16-DEC-2020,70.75,70.75,69.2,69.95,343446,251567,1442
RELINFRA,16-DEC-2020,27.7,29.5,27.65,28.4,4612768,2351382,8795
REMSONSIND,16-DEC-2020,96.95,102.75,96.95,100.5,2308,1709,54
RENUKA,16-DEC-2020,13.5,14.7,13.35,13.6,20309414,7491920,17680
REPCOHOME,16-DEC-2020,247.9,252.5,246.1,248.0,210805,124207,4300
REPL,16-DEC-2020,102.95,102.95,97.15,101.6,4424,4301,41
REPRO,16-DEC-2020,401.45,410.0,391.55,394.5,12936,5774,938
RESPONIND,16-DEC-2020,195.0,197.5,189.3,193.45,214236,28094,3307
REVATHI,16-DEC-2020,507.9,514.8,475.1,503.35,14348,6465,943
RGL,16-DEC-2020,271.0,274.0,269.85,270.8,5440,4595,124
RHFL,16-DEC-2020,2.7,2.7,2.65,2.65,1269131,979898,912
RICOAUTO,16-DEC-2020,35.5,37.2,35.4,36.5,1294772,676157,4874
RIIL,16-DEC-2020,403.65,418.5,403.65,410.25,472600,91558,9758
RITES,16-DEC-2020,274.5,280.5,272.2,277.5,1182302,580638,16331
RKDL,16-DEC-2020,8.15,9.6,7.65,9.6,358469,192536,605
RKFORGE,16-DEC-2020,489.05,512.95,489.0,500.9,28461,20977,1401
RMCL,16-DEC-2020,3.85,3.85,3.6,3.6,68599,68494,142
RML,16-DEC-2020,249.0,260.0,244.8,257.35,115042,50554,3995
RNAVAL,16-DEC-2020,3.4,3.55,3.4,3.45,6125928,3647358,2685
ROHLTD,16-DEC-2020,80.0,81.05,76.7,77.2,90836,48669,862
ROLLT,16-DEC-2020,3.5,3.5,3.5,3.5,12331,12331,13
ROLTA,16-DEC-2020,6.2,6.35,6.1,6.35,534291,397900,10180
ROML,16-DEC-2020,29.85,29.85,29.85,29.85,1329,1329,9
ROSSARI,16-DEC-2020,823.1,837.95,819.0,826.0,518045,276543,14488
ROSSELLIND,16-DEC-2020,139.95,142.5,137.05,138.15,45474,33976,1033
ROUTE,16-DEC-2020,1129.6,1140.0,1120.0,1125.45,186477,86835,15932
RPGLIFE,16-DEC-2020,372.9,374.85,366.5,368.8,15457,8298,931
RPPINFRA,16-DEC-2020,52.0,54.95,52.0,52.45,279018,142658,533
RSSOFTWARE,16-DEC-2020,23.95,24.25,22.6,23.3,65480,50186,353
RSWM,16-DEC-2020,142.2,142.2,133.05,136.95,71175,59240,949
RSYSTEMS,16-DEC-2020,125.0,127.95,124.0,125.3,55803,35715,1387
RTNINFRA,16-DEC-2020,6.75,6.9,6.65,6.9,239211,212663,311
RTNPOWER,16-DEC-2020,2.1,2.25,2.05,2.2,76142348,39360590,18717
RUBYMILLS,16-DEC-2020,188.4,203.0,186.55,197.95,22186,11291,865
RUCHIRA,16-DEC-2020,63.95,66.7,63.0,65.3,65050,34200,909
RUPA,16-DEC-2020,240.0,253.95,239.85,243.05,220295,63276,6431
RUSHIL,16-DEC-2020,150.85,153.9,145.3,146.55,28436,18565,842
RVNL,16-DEC-2020,23.3,24.4,23.1,23.8,18363754,6782701,24760
S&SPOWER,16-DEC-2020,9.7,9.7,9.7,9.7,77,77,1
SADBHAV,16-DEC-2020,66.5,69.4,66.05,68.1,1043976,623328,9613
SADBHIN,16-DEC-2020,21.7,23.05,21.35,22.25,1213642,591112,3153
SAFARI,16-DEC-2020,548.0,550.9,521.2,545.65,6145,3669,501
SAGCEM,16-DEC-2020,716.65,725.0,706.15,708.3,25010,15433,1234
SAIL,16-DEC-2020,59.1,60.9,59.0,60.15,54374458,8710906,69337
SAKAR,16-DEC-2020,100.2,102.2,97.2,101.35,53179,34844,496
SAKHTISUG,16-DEC-2020,11.0,11.5,10.8,11.05,329155,176335,861
SAKSOFT,16-DEC-2020,323.55,325.95,320.4,321.45,18367,10515,720
SAKUMA,16-DEC-2020,6.05,6.05,5.85,5.85,200008,143772,335
SALASAR,16-DEC-2020,229.8,229.8,223.25,225.25,66147,13289,695
SALONA,16-DEC-2020,68.5,68.7,65.5,68.7,2207,1412,88
SALSTEEL,16-DEC-2020,3.85,3.95,3.65,3.65,65218,50258,102
SALZERELEC,16-DEC-2020,128.7,131.5,128.5,130.45,49532,30022,1072
SAMBHAAV,16-DEC-2020,2.25,2.3,2.1,2.25,82680,58551,100
SANCO,16-DEC-2020,14.5,14.5,13.85,14.15,56687,39689,99
SANDESH,16-DEC-2020,618.0,636.0,601.05,627.1,5819,2092,1066
SANDHAR,16-DEC-2020,242.4,243.95,236.0,242.35,20587,9788,1287
SANGAMIND,16-DEC-2020,69.8,73.05,67.15,71.05,129565,69976,1216
SANGHIIND,16-DEC-2020,35.65,36.0,34.4,34.75,1914004,977544,3784
SANGHVIMOV,16-DEC-2020,107.85,108.0,102.5,106.65,53631,41715,736
SANGINITA,16-DEC-2020,34.2,34.2,31.0,31.1,688256,437570,2096
SANOFI,16-DEC-2020,8020.0,8020.0,7886.25,7930.7,65037,46007,8240
SARDAEN,16-DEC-2020,330.15,340.85,326.7,329.7,57138,31180,1534
SAREGAMA,16-DEC-2020,745.0,746.3,726.25,731.1,32255,27852,934
SARLAPOLY,16-DEC-2020,25.1,26.6,24.55,25.25,552999,329892,1776
SASKEN,16-DEC-2020,745.0,753.25,735.25,742.5,24067,11074,1426
SASTASUNDR,16-DEC-2020,126.0,129.75,125.05,125.85,21111,18009,329
SATIA,16-DEC-2020,97.9,97.9,93.2,93.55,140191,74223,1221
SATIN,16-DEC-2020,78.9,80.0,77.95,78.05,113690,79958,2715
SBICARD,16-DEC-2020,825.0,832.5,821.1,827.2,825128,314096,24365
SBIETFIT,16-DEC-2020,227.1,230.0,227.1,229.97,1057,941,48
SBIETFPB,16-DEC-2020,169.1,172.0,169.01,171.24,592,467,28
SBIETFQLTY,16-DEC-2020,122.9,122.9,121.3,121.74,770,629,61
SBILIFE,16-DEC-2020,861.2,861.5,850.5,857.5,1618300,1085262,79202
SBIN,16-DEC-2020,272.8,273.65,268.5,269.4,24844177,4406059,150489
SCAPDVR,16-DEC-2020,1.3,1.35,1.25,1.35,392484,279011,119
SCHAEFFLER,16-DEC-2020,4237.0,4337.0,4219.05,4293.05,4065,2097,1857
SCHAND,16-DEC-2020,81.25,82.0,76.1,78.9,1835226,1014750,9875
SCHNEIDER,16-DEC-2020,93.0,93.7,89.55,89.95,600325,397937,5957
SCI,16-DEC-2020,86.8,87.5,84.55,85.6,3648793,1089501,17969
SDBL,16-DEC-2020,31.65,33.0,31.1,31.7,306853,188998,1033
SEAMECLTD,16-DEC-2020,477.05,500.0,469.1,483.2,156782,30456,1741
SELAN,16-DEC-2020,140.75,142.95,138.1,139.35,46826,26797,1134
SEPOWER,16-DEC-2020,3.6,3.6,3.3,3.45,135370,94390,266
SEQUENT,16-DEC-2020,172.5,174.5,169.1,172.6,683256,446409,9945
SESHAPAPER,16-DEC-2020,150.1,155.4,147.65,148.7,73251,52211,1228
SETCO,16-DEC-2020,12.85,13.1,12.5,12.75,288599,170497,612
SETF10GILT,16-DEC-2020,204.9,204.9,202.5,202.99,436,336,29
SETFGOLD,16-DEC-2020,4400.0,4449.0,4391.55,4445.25,8785,5065,1180
SETFNIF50,16-DEC-2020,149.1,149.1,140.76,141.7,73946,42227,788
SETFNIFBK,16-DEC-2020,306.3,307.74,304.5,306.53,104650,74100,758
SETFNN50,16-DEC-2020,331.57,333.85,330.03,333.13,7233,6194,158
SETUINFRA,16-DEC-2020,1.3,1.3,1.25,1.25,265272,187832,131
SEYAIND,16-DEC-2020,72.95,72.95,67.0,69.6,41153,27182,710
SFL,16-DEC-2020,1641.0,1675.0,1626.05,1640.3,30108,22574,4795
SGL,16-DEC-2020,8.2,8.2,7.95,8.1,20464,15581,94
SHAHALLOYS,16-DEC-2020,9.25,9.65,9.2,9.25,4668,3123,29
SHALBY,16-DEC-2020,105.7,106.8,104.35,104.75,155265,50006,2362
SHALPAINTS,16-DEC-2020,89.45,90.5,86.05,86.65,310808,193649,3998
SHANKARA,16-DEC-2020,361.5,366.35,355.5,357.15,102753,38383,4023
SHANTIGEAR,16-DEC-2020,128.0,128.9,123.05,124.95,118227,92899,774
SHARDACROP,16-DEC-2020,276.0,279.9,275.0,277.75,23150,13661,1114
SHARDAMOTR,16-DEC-2020,1801.15,1855.0,1785.0,1817.85,8116,5004,1301
SHAREINDIA,16-DEC-2020,172.0,177.9,162.2,170.25,124421,47945,2951
SHARIABEES,16-DEC-2020,339.5,341.09,337.52,341.0,10703,10660,31
SHEMAROO,16-DEC-2020,84.25,84.75,80.5,83.4,183234,114486,2201
SHIL,16-DEC-2020,142.0,144.85,140.0,141.0,64599,42425,787
SHILPAMED,16-DEC-2020,474.0,479.95,465.0,467.95,381095,206056,10541
SHIVAMAUTO,16-DEC-2020,21.5,21.9,21.5,21.9,204408,198144,406
SHIVAMILLS,16-DEC-2020,29.05,29.4,28.75,29.05,4174,4128,51
SHIVATEX,16-DEC-2020,92.6,102.95,92.6,102.1,22416,18916,243
SHK,16-DEC-2020,117.55,121.0,112.8,114.1,1034510,666935,13600
SHOPERSTOP,16-DEC-2020,208.6,212.75,207.25,210.3,148654,75694,2900
SHRADHA,16-DEC-2020,65.0,67.95,65.0,67.0,15231,13159,62
SHREDIGCEM,16-DEC-2020,57.75,59.5,57.7,58.0,591990,265440,2984
SHREECEM,16-DEC-2020,24389.0,24488.9,24145.7,24259.1,53857,19065,14566
SHREEPUSHK,16-DEC-2020,129.6,133.0,128.0,129.3,159782,95881,3244
SHREERAMA,16-DEC-2020,8.35,9.0,8.05,8.55,261745,148508,404
SHRENIK,16-DEC-2020,5.1,5.1,4.55,4.55,5523589,3249230,4823
SHREYANIND,16-DEC-2020,89.5,89.5,85.5,86.15,18514,11087,423
SHREYAS,16-DEC-2020,71.65,71.65,68.35,69.7,30380,19983,277
SHRIRAMCIT,16-DEC-2020,1066.0,1082.0,1035.0,1050.05,24834,9577,3164
SHRIRAMEPC,16-DEC-2020,4.05,5.0,4.05,5.0,2104031,1499021,1508
SHYAMCENT,16-DEC-2020,7.4,7.4,7.4,7.4,49051,49051,45
SHYAMTEL,16-DEC-2020,6.4,6.4,6.4,6.4,1551,1551,9
SICAGEN,16-DEC-2020,17.2,17.2,16.8,17.2,34504,25503,123
SICAL,16-DEC-2020,19.0,19.0,16.85,16.85,1673115,1024129,4182
SIEMENS,16-DEC-2020,1548.0,1549.65,1533.0,1541.95,163374,32081,11030
SIGIND,16-DEC-2020,28.5,30.5,27.4,29.45,41634,28594,354
SILINV,16-DEC-2020,213.0,218.85,203.8,207.3,3899,3114,232
SIMBHALS,16-DEC-2020,9.0,9.0,8.6,9.0,59626,43009,192
SIMPLEXINF,16-DEC-2020,39.8,41.05,39.55,41.05,473220,230106,1068
SINTERCOM,16-DEC-2020,76.0,77.0,68.0,76.9,5848,3757,63
SIRCA,16-DEC-2020,254.0,254.0,244.9,245.6,56795,37854,752
SIS,16-DEC-2020,465.45,477.4,463.05,470.8,243546,115475,11474
SIYSIL,16-DEC-2020,207.0,214.0,202.1,206.8,713469,194411,12303
SJVN,16-DEC-2020,26.0,26.95,25.95,26.35,14809587,8568524,13764
SKFINDIA,16-DEC-2020,1680.0,1692.0,1671.1,1676.0,14850,8691,3431
SKIL,16-DEC-2020,2.65,2.75,2.55,2.75,1516346,1318296,418
SKIPPER,16-DEC-2020,62.8,65.05,61.2,63.55,229471,136095,1555
SKMEGGPROD,16-DEC-2020,60.1,62.5,59.55,60.15,103753,59029,1176
SMARTLINK,16-DEC-2020,94.55,94.55,91.0,92.45,36381,15995,595
SMLISUZU,16-DEC-2020,484.9,488.35,476.85,481.95,19534,8289,1193
SMSLIFE,16-DEC-2020,629.95,634.0,622.5,631.05,5007,3756,346
SMSPHARMA,16-DEC-2020,109.5,114.4,108.1,110.85,854994,455937,9940
SNOWMAN,16-DEC-2020,59.5,61.45,58.45,58.85,4335854,2116711,18017
SOBHA,16-DEC-2020,323.0,341.0,322.1,337.6,1333666,515208,24561
SOLARA,16-DEC-2020,1240.0,1245.7,1229.0,1230.65,33383,25485,3080
SOLARINDS,16-DEC-2020,1086.0,1095.0,1082.0,1085.4,10131,6179,973
SOMANYCERA,16-DEC-2020,324.0,329.0,316.75,319.65,75210,44531,2218
SOMICONVEY,16-DEC-2020,25.4,29.0,25.0,28.3,68762,40104,641
SONATSOFTW,16-DEC-2020,355.9,357.5,352.1,353.6,152315,88130,4907
SORILINFRA,16-DEC-2020,104.0,117.75,104.0,113.8,304252,117165,4323
SOTL,16-DEC-2020,744.95,744.95,726.0,729.1,22400,16221,1269
SOUTHBANK,16-DEC-2020,9.2,9.4,9.15,9.2,10890063,7316062,11604
SOUTHWEST,16-DEC-2020,40.45,41.0,38.0,40.8,64625,63046,127
SPAL,16-DEC-2020,173.2,180.0,168.15,169.95,32617,18717,864
SPANDANA,16-DEC-2020,750.0,750.0,725.6,737.25,214027,197416,3271
SPARC,16-DEC-2020,185.0,189.8,184.8,187.45,473861,161268,5515
SPECIALITY,16-DEC-2020,49.0,52.4,47.5,51.7,1045498,553935,4742
SPENCERS,16-DEC-2020,84.0,84.75,83.05,83.25,410289,225752,3197
SPIC,16-DEC-2020,23.15,23.7,22.85,22.95,483411,216002,1404
SPICEJET,16-DEC-2020,103.4,107.3,102.0,105.3,14804001,5166214,54404
SPLIL,16-DEC-2020,34.0,34.0,32.95,33.15,36917,27911,267
SPMLINFRA,16-DEC-2020,14.95,15.5,13.7,14.25,400533,306459,1091
SPTL,16-DEC-2020,2.9,3.2,2.9,3.2,5234019,2637519,1765
SREEL,16-DEC-2020,147.3,149.75,145.55,146.3,41477,37206,441
SREINFRA,16-DEC-2020,7.25,7.3,6.9,6.95,1968015,1371917,1956
SRF,16-DEC-2020,5255.55,5357.8,5222.0,5343.05,196024,40251,16221
SRHHYPOLTD,16-DEC-2020,239.0,247.0,235.55,244.7,34914,31580,515
SRIPIPES,16-DEC-2020,147.6,148.0,144.9,145.7,103811,77211,2858
SRPL,16-DEC-2020,30.85,31.4,30.45,31.35,7577,3482,43
SRTRANSFIN,16-DEC-2020,1102.85,1108.0,1065.0,1073.05,3596858,699636,72314
SSWL,16-DEC-2020,518.25,529.0,515.5,519.95,36913,21649,1463
STAR,16-DEC-2020,790.0,812.95,775.3,782.05,510127,132701,17705
STARCEMENT,16-DEC-2020,93.5,94.7,93.5,93.7,107180,59224,1462
STARPAPER,16-DEC-2020,114.2,117.8,113.4,116.9,494253,216996,6241
STCINDIA,16-DEC-2020,80.95,82.5,79.65,80.1,97373,24699,1579
STEELCITY,16-DEC-2020,38.1,38.15,35.15,36.3,40979,36365,189
STEELXIND,16-DEC-2020,41.55,46.5,39.0,39.85,677747,333974,2612
STEL,16-DEC-2020,62.75,64.7,62.5,64.3,24082,15122,222
STERTOOLS,16-DEC-2020,206.85,209.0,200.0,200.7,63497,38297,2002
STLTECH,16-DEC-2020,163.15,165.2,161.0,164.25,723002,340437,9638
SUBEXLTD,16-DEC-2020,29.75,30.85,29.3,29.55,5000919,2292535,10793
SUBROS,16-DEC-2020,322.0,337.9,318.0,328.0,197875,72642,7453
SUDARSCHEM,16-DEC-2020,492.0,492.0,481.2,483.25,107949,47442,3902
SUMEETINDS,16-DEC-2020,2.6,2.65,2.45,2.6,178984,146280,133
SUMICHEM,16-DEC-2020,301.7,307.3,299.55,300.5,404030,194064,9690
SUMIT,16-DEC-2020,10.8,11.5,10.8,10.85,45806,43296,158
SUMMITSEC,16-DEC-2020,538.4,538.95,533.05,538.45,1881,1369,195
SUNCLAYLTD,16-DEC-2020,2609.9,2700.0,2545.05,2664.9,24090,10292,4603
SUNDARAM,16-DEC-2020,1.45,1.5,1.45,1.5,314608,306183,274
SUNDARMFIN,16-DEC-2020,1823.0,1860.0,1811.35,1849.2,119433,57212,7527
SUNDARMHLD,16-DEC-2020,74.4,79.8,72.35,78.05,1085600,604126,6738
SUNDRMBRAK,16-DEC-2020,312.95,312.95,301.55,305.3,5481,2725,278
SUNDRMFAST,16-DEC-2020,559.8,571.0,552.0,567.1,134122,78114,5700
SUNFLAG,16-DEC-2020,61.25,61.9,59.75,60.1,465325,175156,2940
SUNPHARMA,16-DEC-2020,571.0,578.5,571.0,576.6,5135499,1474762,67943
SUNTECK,16-DEC-2020,321.2,331.65,317.8,320.25,886570,302317,24698
SUNTV,16-DEC-2020,502.0,509.4,496.3,506.15,3198584,413775,36340
SUPERHOUSE,16-DEC-2020,125.0,125.0,117.0,118.85,30967,20514,500
SUPERSPIN,16-DEC-2020,5.5,5.55,5.25,5.3,24549,15953,106
SUPPETRO,16-DEC-2020,396.0,406.9,386.2,391.25,98031,60551,3835
SUPRAJIT,16-DEC-2020,206.7,206.9,200.0,203.6,121546,63276,3884
SUPREMEENG,16-DEC-2020,24.0,24.8,24.0,24.7,5008,5008,14
SUPREMEIND,16-DEC-2020,1700.55,1739.0,1700.55,1723.1,64813,36457,11514
SURANASOL,16-DEC-2020,8.55,8.55,8.15,8.4,119221,75670,281
SURANAT&P,16-DEC-2020,4.05,4.85,4.0,4.85,653138,455803,444
SURYALAXMI,16-DEC-2020,26.25,27.4,25.3,25.5,14945,11279,202
SURYAROSNI,16-DEC-2020,343.95,349.8,337.9,339.55,124924,71430,2709
SUTLEJTEX,16-DEC-2020,45.1,49.85,43.15,48.7,1654039,701687,6226
SUULD,16-DEC-2020,107.85,107.85,100.75,101.3,30233,22821,174
SUVEN,16-DEC-2020,99.0,100.2,95.35,100.2,3256981,1317979,10368
SUVENPHAR,16-DEC-2020,431.9,439.8,422.6,429.5,504507,261575,27950
SWANENERGY,16-DEC-2020,131.15,136.5,130.5,135.6,158958,29762,2695
SWARAJENG,16-DEC-2020,1426.65,1435.0,1414.0,1418.55,4603,2787,745
SWELECTES,16-DEC-2020,162.0,164.9,157.0,158.25,12028,8546,323
SWSOLAR,16-DEC-2020,258.0,279.25,256.5,269.25,648418,367896,10125
SYMPHONY,16-DEC-2020,929.0,938.0,925.0,930.15,85090,40285,4630
SYNGENE,16-DEC-2020,616.4,634.0,608.95,616.75,1439355,588058,49733
TAINWALCHM,16-DEC-2020,75.95,87.9,72.75,83.75,637310,144086,5461
TAJGVK,16-DEC-2020,146.7,146.7,144.05,144.35,95980,52131,1633
TAKE,16-DEC-2020,45.7,51.85,45.45,49.6,14872233,5253738,48454
TALBROAUTO,16-DEC-2020,148.0,151.3,146.5,147.55,16585,10395,463
TARMAT,16-DEC-2020,45.75,47.9,43.4,46.7,23148,17604,402
TASTYBITE,16-DEC-2020,11250.0,11400.0,11232.0,11293.7,661,284,482
TATACHEM,16-DEC-2020,504.7,505.7,494.25,498.2,4084107,918943,47712
TATACOFFEE,16-DEC-2020,108.25,109.4,108.25,108.6,514464,220546,3496
TATACOMM,16-DEC-2020,1035.0,1058.05,1032.5,1048.85,72987,40066,3785
TATACONSUM,16-DEC-2020,574.9,585.2,573.7,583.6,3686970,1489429,63090
TATAELXSI,16-DEC-2020,1642.0,1657.95,1640.5,1649.2,197921,57839,11741
TATAINVEST,16-DEC-2020,1029.0,1043.1,1017.55,1022.7,28447,14485,2735
TATAMETALI,16-DEC-2020,602.2,614.6,596.65,599.9,117676,69199,5098
TATAMOTORS,16-DEC-2020,181.0,183.8,180.1,182.55,51259394,9694869,176362
TATAMTRDVR,16-DEC-2020,76.6,77.2,75.6,76.05,4295841,1285305,12630
TATAPOWER,16-DEC-2020,75.5,76.45,74.65,76.15,36595158,10449953,59773
TATASTEEL,16-DEC-2020,641.2,649.45,638.2,643.4,16040256,3422575,145903
TATASTLBSL,16-DEC-2020,39.45,40.15,39.2,39.8,4213606,1979421,7331
TATASTLLP,16-DEC-2020,519.0,528.75,519.0,524.95,139132,62993,4276
TBZ,16-DEC-2020,46.95,51.2,46.8,48.3,1666448,535038,7202
TCI,16-DEC-2020,260.5,262.75,256.25,258.7,16204,9679,694
TCIDEVELOP,16-DEC-2020,314.0,329.8,312.0,316.2,1168,215,665
TCIEXP,16-DEC-2020,906.0,906.0,870.1,900.15,15019,9553,1630
TCIFINANCE,16-DEC-2020,5.0,5.25,5.0,5.25,1359,1339,11
TCNSBRANDS,16-DEC-2020,422.05,496.7,422.05,471.7,389070,59500,16672
TCPLPACK,16-DEC-2020,400.05,413.0,400.05,410.55,6318,4821,373
TCS,16-DEC-2020,2779.0,2819.8,2760.45,2814.2,2565149,1358603,109504
TDPOWERSYS,16-DEC-2020,130.8,132.55,128.0,129.35,109008,79151,2079
TEAMLEASE,16-DEC-2020,2605.0,2657.85,2605.0,2611.1,10082,4559,2333
TECHIN,16-DEC-2020,2.95,2.95,2.75,2.75,700,700,3
TECHM,16-DEC-2020,935.0,935.0,917.0,921.55,2799394,1158023,64740
TECHNOE,16-DEC-2020,236.0,238.8,228.15,231.05,40715,24200,1531
TEJASNET,16-DEC-2020,124.5,135.6,124.5,135.6,880115,478067,5978
TERASOFT,16-DEC-2020,32.0,33.9,31.05,31.9,79262,39294,537
TEXINFRA,16-DEC-2020,42.85,43.65,42.5,43.05,82958,43757,588
TEXMOPIPES,16-DEC-2020,22.95,23.2,21.7,21.95,240094,166291,887
TEXRAIL,16-DEC-2020,32.95,32.95,31.3,32.25,1900056,918109,8319
TFCILTD,16-DEC-2020,50.25,52.8,49.4,51.55,1441480,536737,5387
TFL,16-DEC-2020,2.5,2.6,2.5,2.6,1649,1649,6
TGBHOTELS,16-DEC-2020,6.05,6.65,6.05,6.2,35163,31447,118
THANGAMAYL,16-DEC-2020,527.1,567.35,527.1,557.2,45459,28989,2449
THEINVEST,16-DEC-2020,153.0,154.95,150.1,153.2,2598,1880,103
THEMISMED,16-DEC-2020,367.35,372.55,360.1,363.5,10037,5580,452
THERMAX,16-DEC-2020,886.0,899.0,883.3,894.85,86721,74522,5345
THOMASCOOK,16-DEC-2020,50.4,51.4,49.55,49.95,726645,395417,4105
THYROCARE,16-DEC-2020,1019.8,1023.9,983.1,988.65,137094,78719,10484
TI,16-DEC-2020,23.25,24.3,22.65,22.9,176411,122329,686
TIDEWATER,16-DEC-2020,4458.0,4494.95,4400.0,4429.85,3395,1601,735
TIIL,16-DEC-2020,352.9,357.8,335.0,340.85,25732,17512,919
TIINDIA,16-DEC-2020,822.0,837.7,815.0,825.5,59050,20756,4884
TIL,16-DEC-2020,168.0,175.9,168.0,171.75,3902,2528,234
TIMESGTY,16-DEC-2020,30.4,30.4,28.5,28.85,3074,725,43
TIMETECHNO,16-DEC-2020,47.85,48.8,47.35,48.2,496660,229215,2093
TIMKEN,16-DEC-2020,1107.0,1107.0,1084.0,1094.45,20130,10143,2105
TINPLATE,16-DEC-2020,151.5,157.85,150.7,154.3,1512759,437659,19902
TIPSINDLTD,16-DEC-2020,268.85,270.5,263.0,263.55,5091,3378,243
TIRUMALCHM,16-DEC-2020,106.5,110.45,105.6,107.65,1183743,318278,8764
TITAN,16-DEC-2020,1477.0,1510.0,1469.2,1504.45,2638988,684922,88649
TMRVL,16-DEC-2020,12.45,12.45,11.9,11.95,96795,75129,409
TNPETRO,16-DEC-2020,43.0,43.4,42.1,42.7,311290,171674,2318
TNPL,16-DEC-2020,115.25,118.0,115.25,116.05,211204,83406,2150
TOKYOPLAST,16-DEC-2020,68.05,70.0,67.5,68.35,7455,5030,155
TORNTPHARM,16-DEC-2020,2751.0,2802.0,2725.5,2788.95,569546,175907,25283
TORNTPOWER,16-DEC-2020,334.5,335.3,329.65,330.75,1248807,479582,12943
TOTAL,16-DEC-2020,60.7,63.7,60.5,62.2,32856,29245,181
TOUCHWOOD,16-DEC-2020,53.55,53.55,52.5,53.4,1846,1609,29
TPLPLASTEH,16-DEC-2020,174.45,174.5,167.4,171.6,8819,5530,511
TREEHOUSE,16-DEC-2020,7.0,7.05,6.65,6.9,126460,90522,268
TREJHARA,16-DEC-2020,40.0,44.2,40.0,44.2,324954,185156,1166
TRENT,16-DEC-2020,716.5,724.0,706.0,716.2,1410592,980366,42577
TRF,16-DEC-2020,108.0,108.25,104.2,105.4,33258,14548,749
TRIDENT,16-DEC-2020,10.0,10.0,9.75,9.8,7962515,4212922,11473
TRIGYN,16-DEC-2020,66.4,68.25,64.25,68.0,169735,85723,1267
TRIL,16-DEC-2020,23.6,23.6,22.4,22.5,588924,402944,1767
TRITURBINE,16-DEC-2020,85.0,88.1,84.15,84.65,173548,104895,1986
TRIVENI,16-DEC-2020,80.5,81.7,78.2,78.45,1453732,723685,11314
TTKHLTCARE,16-DEC-2020,581.05,614.0,581.05,596.15,9170,6015,500
TTKPRESTIG,16-DEC-2020,5676.0,5790.0,5676.0,5765.05,4554,3048,1003
TTL,16-DEC-2020,44.0,49.0,44.0,47.45,146546,60671,1516
TV18BRDCST,16-DEC-2020,31.3,33.3,31.3,33.05,21729618,8883215,23460
TVSELECT,16-DEC-2020,144.25,149.9,142.0,143.3,192900,102294,3505
TVSMOTOR,16-DEC-2020,488.0,495.35,485.05,494.3,1927424,349125,26946
TVSSRICHAK,16-DEC-2020,1960.0,2048.95,1960.0,2019.15,66165,17331,6536
TVTODAY,16-DEC-2020,215.0,219.95,215.0,216.95,95945,59977,2038
TVVISION,16-DEC-2020,2.1,2.1,2.1,2.1,561,561,5
TWL,16-DEC-2020,53.8,54.3,52.85,53.15,359983,218952,2439
UBL,16-DEC-2020,1168.55,1193.4,1151.0,1157.15,1236531,411805,38100
UCALFUEL,16-DEC-2020,130.5,134.0,128.1,129.35,29667,15018,1053
UCOBANK,16-DEC-2020,13.25,13.4,13.1,13.1,2082490,1152518,5306
UFLEX,16-DEC-2020,380.0,398.35,380.0,391.0,189567,87256,5605
UFO,16-DEC-2020,81.85,92.75,81.85,89.3,2928243,883329,22285
UGARSUGAR,16-DEC-2020,18.15,19.8,18.15,18.35,1552960,896111,3482
UJAAS,16-DEC-2020,2.85,3.05,2.7,2.85,25482647,12340210,4724
UJJIVAN,16-DEC-2020,285.8,296.0,285.8,291.05,1042776,333596,16733
UJJIVANSFB,16-DEC-2020,38.9,39.85,38.85,39.25,1516892,829926,4859
ULTRACEMCO,16-DEC-2020,5160.0,5225.0,5094.25,5113.0,630475,174704,45958
UMANGDAIRY,16-DEC-2020,57.3,57.5,54.7,56.45,60817,30026,832
UMESLTD,16-DEC-2020,1.85,1.85,1.85,1.85,420,420,5
UNICHEMLAB,16-DEC-2020,261.1,263.15,259.0,259.7,39684,23298,1745
UNIDT,16-DEC-2020,268.9,268.9,262.05,262.9,11614,2988,171
UNIENTER,16-DEC-2020,63.95,66.45,62.75,64.6,34615,8528,1046
UNIONBANK,16-DEC-2020,33.6,33.85,32.5,32.8,7712498,3163184,15570
UNITEDTEA,16-DEC-2020,322.1,330.85,322.1,325.4,1998,1076,101
UNIVASTU,16-DEC-2020,33.4,34.5,31.55,33.4,2737,2145,70
UNIVCABLES,16-DEC-2020,147.5,148.5,144.6,146.3,24890,15834,675
UNIVPHOTO,16-DEC-2020,184.8,184.8,176.0,177.25,5463,4011,281
UPL,16-DEC-2020,453.85,461.5,451.5,459.65,11503251,4561561,117472
URJA,16-DEC-2020,5.85,5.85,5.85,5.85,509663,509663,403
USHAMART,16-DEC-2020,29.0,31.3,27.95,30.7,5953849,3496056,10776
UTIAMC,16-DEC-2020,575.25,576.0,567.7,569.05,411452,226627,12420
UTIBANKETF,16-DEC-2020,307.1,310.0,305.61,308.25,85,48,20
UTINEXT50,16-DEC-2020,331.0,335.0,331.0,331.7,362,347,25
UTINIFTETF,16-DEC-2020,1449.7,1459.0,1449.7,1459.0,2427,2421,36
UTISENSETF,16-DEC-2020,494.0,496.05,490.0,495.13,195,103,46
UTTAMSTL,16-DEC-2020,7.15,7.35,7.0,7.35,304057,231591,311
UTTAMSUGAR,16-DEC-2020,99.5,115.7,99.5,107.2,1154186,352662,13980
VADILALIND,16-DEC-2020,789.2,794.35,785.0,788.55,2142,1964,125
VAIBHAVGBL,16-DEC-2020,2104.65,2175.0,2100.0,2168.1,13480,8785,3583
VAISHALI,16-DEC-2020,37.3,38.75,35.85,36.7,39142,19386,255
VAKRANGEE,16-DEC-2020,53.4,55.0,53.1,54.45,8494981,4529498,20740
VALIANTORG,16-DEC-2020,3219.0,3290.0,3190.0,3251.25,30158,19934,2892
VARDHACRLC,16-DEC-2020,34.6,34.6,33.55,33.55,38649,31213,178
VARDMNPOLY,16-DEC-2020,10.05,12.0,10.05,12.0,105347,84409,302
VARROC,16-DEC-2020,403.0,407.95,398.0,399.95,62087,38554,2774
VASWANI,16-DEC-2020,6.25,6.4,5.85,6.0,8037,7778,173
VBL,16-DEC-2020,925.0,984.0,921.65,974.9,685215,281566,39052
VEDL,16-DEC-2020,147.3,153.5,146.5,148.0,32956572,9092105,108117
VENKEYS,16-DEC-2020,1715.0,1731.0,1700.0,1703.3,43196,13460,3376
VENUSREM,16-DEC-2020,140.0,141.4,136.0,139.6,27891,18724,541
VERTOZ,16-DEC-2020,208.9,217.1,206.85,211.35,64817,21185,1041
VESUVIUS,16-DEC-2020,1063.45,1073.3,1042.0,1069.05,5804,4300,452
VETO,16-DEC-2020,82.55,86.4,82.55,83.8,30086,24540,350
VGUARD,16-DEC-2020,199.7,199.7,195.55,196.85,776187,405445,19609
VHL,16-DEC-2020,1466.0,1496.75,1419.95,1424.65,1141,837,158
VIDHIING,16-DEC-2020,122.1,123.0,120.1,120.85,35341,24406,926
VIJIFIN,16-DEC-2020,0.65,0.75,0.65,0.65,610159,272091,228
VIKASECO,16-DEC-2020,5.25,5.4,4.9,4.9,3638973,1699855,925
VIKASMCORP,16-DEC-2020,8.25,8.5,7.7,7.7,22364132,9283816,7636
VIKASPROP,16-DEC-2020,3.3,3.35,3.2,3.2,1776650,962694,2748
VIKASWSP,16-DEC-2020,5.45,5.45,5.0,5.05,431445,354985,506
VIMTALABS,16-DEC-2020,189.05,189.1,180.8,181.75,49451,35990,1069
VINATIORGA,16-DEC-2020,1142.0,1165.0,1135.0,1154.65,112693,53316,6868
VINDHYATEL,16-DEC-2020,851.45,851.45,830.0,839.15,7169,4743,501
VINYLINDIA,16-DEC-2020,118.0,124.8,116.75,119.6,216434,84053,4539
VIPCLOTHNG,16-DEC-2020,11.25,12.1,11.25,12.1,69949,55262,187
VIPIND,16-DEC-2020,363.1,369.6,362.0,363.3,156228,60005,5041
VIPULLTD,16-DEC-2020,16.8,17.3,16.3,17.1,14703,11008,127
VISAKAIND,16-DEC-2020,399.4,399.85,387.4,389.0,37170,23542,1323
VISASTEEL,16-DEC-2020,7.0,7.15,6.75,6.95,31514,20524,111
VISHAL,16-DEC-2020,58.95,61.35,58.95,61.35,241640,222374,1289
VISHNU,16-DEC-2020,185.95,189.0,182.0,184.75,4268,3057,144
VISHWARAJ,16-DEC-2020,123.0,123.65,121.25,122.35,2171,1597,70
VIVIDHA,16-DEC-2020,0.75,0.75,0.7,0.75,1839016,1306785,305
VIVIMEDLAB,16-DEC-2020,17.1,18.0,17.1,17.8,368756,241754,1051
VLSFINANCE,16-DEC-2020,71.7,71.75,68.95,69.15,51506,42454,487
VMART,16-DEC-2020,2355.0,2387.95,2301.35,2319.9,32598,21140,6937
VOLTAMP,16-DEC-2020,1310.0,1315.0,1245.0,1296.6,39966,15846,5207
VOLTAS,16-DEC-2020,835.0,844.45,822.2,838.45,1721453,313237,33429
VRLLOG,16-DEC-2020,208.85,211.2,207.7,209.05,320732,166210,8280
VSSL,16-DEC-2020,123.0,123.0,115.7,119.1,27988,20748,274
VSTIND,16-DEC-2020,3863.2,4538.2,3791.3,3814.95,8703,4651,1729
VSTTILLERS,16-DEC-2020,1914.0,1925.0,1900.0,1906.15,6492,3548,1205
VTL,16-DEC-2020,1034.6,1034.6,1001.0,1011.25,45484,28758,3548
WABAG,16-DEC-2020,213.75,223.7,209.2,218.3,1388286,423684,19369
WABCOINDIA,16-DEC-2020,5645.0,5741.55,5645.0,5684.1,1216,786,525
WALCHANNAG,16-DEC-2020,66.9,66.9,64.0,64.6,141149,78467,1595
WATERBASE,16-DEC-2020,131.55,135.0,131.0,131.8,365028,113307,6072
WEBELSOLAR,16-DEC-2020,35.25,35.25,34.5,35.25,357238,243386,551
WEIZMANIND,16-DEC-2020,62.0,62.0,59.25,59.25,7519,7519,87
WELCORP,16-DEC-2020,140.0,141.3,136.45,137.1,3296637,1626202,24525
WELENT,16-DEC-2020,93.0,93.95,90.0,91.1,124236,72815,1631
WELINV,16-DEC-2020,365.1,399.75,359.8,368.8,29523,15527,1637
WELSPUNIND,16-DEC-2020,76.3,76.3,73.1,73.5,685337,460627,4774
WENDT,16-DEC-2020,3375.05,3390.0,3332.0,3356.25,702,178,506
WESTLIFE,16-DEC-2020,421.0,492.0,417.0,469.7,3654581,616599,73412
WHEELS,16-DEC-2020,467.3,486.0,467.3,473.6,12465,8100,932
WHIRLPOOL,16-DEC-2020,2174.8,2205.4,2138.55,2183.6,149021,83878,8528
WILLAMAGOR,16-DEC-2020,21.1,21.85,19.75,20.05,16633,13643,154
WINDMACHIN,16-DEC-2020,19.95,20.15,19.1,19.95,65871,56387,157
WIPRO,16-DEC-2020,353.9,358.95,353.2,358.4,6666272,3502841,62089
WOCKPHARMA,16-DEC-2020,514.7,518.6,507.05,508.7,410072,133108,12935
WONDERLA,16-DEC-2020,220.0,220.0,213.0,214.85,276096,75443,6900
WORTH,16-DEC-2020,46.05,51.4,45.35,50.25,135257,84173,790
WSI,16-DEC-2020,4.4,4.4,4.0,4.15,36625,33681,104
WSTCSTPAPR,16-DEC-2020,172.55,176.45,171.45,171.8,182684,111359,3475
XCHANGING,16-DEC-2020,80.05,81.0,78.3,79.55,34917,20388,470
XELPMOC,16-DEC-2020,285.8,285.8,271.05,273.7,27186,19216,979
YAARII,16-DEC-2020,72.55,78.85,72.55,78.85,265948,171233,1374
YESBANK,16-DEC-2020,18.7,19.2,18.4,18.85,250939029,94718721,207284
ZEEL,16-DEC-2020,232.0,236.9,228.75,231.9,26452726,3221099,138983
ZEELEARN,16-DEC-2020,14.75,15.25,14.5,14.75,4157316,2177837,4940
ZEEMEDIA,16-DEC-2020,7.45,7.45,6.85,6.85,5440624,4479905,4438
ZENITHEXPO,16-DEC-2020,99.75,99.75,90.25,90.25,15756,11465,435
ZENSARTECH,16-DEC-2020,242.5,244.4,237.5,238.75,124490,63676,3154
ZENTEC,16-DEC-2020,91.1,91.65,88.5,89.15,211827,117447,3040
ZODIACLOTH,16-DEC-2020,112.0,116.85,111.25,112.65,329929,177933,3143
ZODJRDMKJ,16-DEC-2020,28.3,29.55,28.05,29.1,1178,807,108
ZOTA,16-DEC-2020,150.55,151.75,147.25,147.75,19340,6938,240
ZUARI,16-DEC-2020,98.9,101.5,97.25,97.75,153826,93365,1606
ZUARIGLOB,16-DEC-2020,63.6,65.5,63.0,63.45,133904,61848,1102
ZYDUSWELL,16-DEC-2020,1884.0,1885.0,1851.1,1866.25,22561,12054,2675
