20MICRONS,24-DEC-2020,40.65,40.95,36.25,37.8,444734,212456,2741
21STCENMGM,24-DEC-2020,10.35,10.35,10.05,10.05,3047,2448,20
3IINFOTECH,24-DEC-2020,5.4,5.4,5.4,5.4,1841070,1841070,863
3MINDIA,24-DEC-2020,21280.0,21290.0,21100.0,21153.2,2538,1450,1618
3PLAND,24-DEC-2020,8.85,9.75,8.85,9.75,4718,4528,24
5PAISA,24-DEC-2020,288.45,299.95,280.0,296.45,30294,17260,1400
A2ZINFRA,24-DEC-2020,4.65,4.8,4.6,4.7,393685,314613,418
AAKASH,24-DEC-2020,67.8,67.8,65.9,66.75,42398,17730,517
AARON,24-DEC-2020,50.0,51.4,48.0,49.2,12766,6918,70
AARTIDRUGS,24-DEC-2020,720.0,725.9,702.0,705.45,441406,238639,19974
AARTIIND,24-DEC-2020,1210.4,1230.0,1199.0,1205.3,147128,86298,9883
AARTISURF,24-DEC-2020,1072.2,1072.2,1014.8,1049.5,70016,26386,4472
AARVEEDEN,24-DEC-2020,17.85,19.65,17.85,17.85,156212,81436,649
AARVI,24-DEC-2020,43.95,48.65,40.6,43.6,30835,9744,353
AAVAS,24-DEC-2020,1716.65,1750.0,1691.0,1699.2,23926,13625,6627
ABB,24-DEC-2020,1218.0,1230.0,1200.0,1206.55,246220,180626,9813
ABBOTINDIA,24-DEC-2020,15940.0,15940.0,15600.0,15727.4,13290,7532,6418
ABCAPITAL,24-DEC-2020,86.6,87.7,83.8,84.8,2193074,723767,14144
ABFRL,24-DEC-2020,158.9,167.75,156.35,164.1,4072865,1937623,34149
ABSLBANETF,24-DEC-2020,285.6,353.0,285.6,303.0,134,131,10
ABSLNN50ET,24-DEC-2020,318.8,327.04,317.0,317.19,53,45,14
ACC,24-DEC-2020,1690.0,1694.4,1605.2,1614.65,3608554,503765,110159
ACCELYA,24-DEC-2020,973.0,996.0,954.0,957.4,8916,3528,1354
ACCURACY,24-DEC-2020,39.3,39.3,36.8,37.2,15960,14275,72
ACE,24-DEC-2020,139.0,139.85,132.0,135.45,524982,223389,6620
ADANIENT,24-DEC-2020,465.0,479.85,462.4,473.65,7985151,1137899,71535
ADANIGAS,24-DEC-2020,371.25,373.0,364.0,368.55,2634135,1291973,18813
ADANIGREEN,24-DEC-2020,1058.0,1059.0,1021.0,1036.2,406594,199905,19350
ADANIPORTS,24-DEC-2020,474.9,482.9,466.0,478.55,7679078,951519,95603
ADANIPOWER,24-DEC-2020,47.6,48.65,47.3,47.9,9978164,5612133,23260
ADANITRANS,24-DEC-2020,430.0,435.0,425.65,428.1,401346,151936,10836
ADFFOODS,24-DEC-2020,563.0,589.9,563.0,574.0,56984,20607,3068
ADORWELD,24-DEC-2020,261.5,270.0,261.5,263.9,18781,9957,856
ADSL,24-DEC-2020,30.8,31.8,30.5,30.75,317762,179739,1183
ADVENZYMES,24-DEC-2020,328.7,331.0,324.0,325.25,124878,54469,5326
AEGISCHEM,24-DEC-2020,242.9,250.9,241.75,245.8,264801,132933,7519
AFFLE,24-DEC-2020,3870.0,3910.0,3800.0,3827.7,48901,19408,8892
AGARIND,24-DEC-2020,99.95,102.1,98.05,99.85,8162,4992,196
AGROPHOS,24-DEC-2020,14.75,15.5,14.75,14.75,273977,243664,685
AHLEAST,24-DEC-2020,169.95,177.9,163.25,168.25,2664,1706,158
AHLUCONT,24-DEC-2020,251.0,259.95,249.0,251.2,11343,5127,650
AHLWEST,24-DEC-2020,272.0,272.0,252.6,264.8,1838,775,258
AIAENG,24-DEC-2020,2000.65,2033.3,1976.8,1996.4,46279,38148,2957
AIRAN,24-DEC-2020,17.7,17.95,17.05,17.45,67595,44425,318
AJANTPHARM,24-DEC-2020,1635.0,1675.0,1620.0,1672.05,97673,36903,9209
AJMERA,24-DEC-2020,134.25,135.7,130.8,132.35,115224,37179,2483
AKASH,24-DEC-2020,256.0,256.0,238.5,243.05,21487,21451,59
AKSHARCHEM,24-DEC-2020,237.95,241.6,232.35,236.5,35338,16879,2486
AKSHOPTFBR,24-DEC-2020,8.05,8.05,7.5,7.85,625079,357043,826
AKZOINDIA,24-DEC-2020,2222.9,2240.55,2216.5,2234.15,12196,7416,3271
ALANKIT,24-DEC-2020,16.6,16.6,15.95,16.3,57426,43107,285
ALBERTDAVD,24-DEC-2020,439.55,443.4,432.3,437.75,11805,8226,538
ALEMBICLTD,24-DEC-2020,100.55,102.0,99.1,99.65,262484,148070,2859
ALICON,24-DEC-2020,341.15,345.95,332.0,334.75,8402,3893,575
ALKALI,24-DEC-2020,48.55,49.7,47.05,48.6,58170,20372,638
ALKEM,24-DEC-2020,2899.95,2929.0,2850.1,2916.0,40675,19263,5127
ALKYLAMINE,24-DEC-2020,3957.0,4020.0,3890.1,3936.0,30622,13088,5465
ALLCARGO,24-DEC-2020,135.9,138.0,131.0,132.2,351499,140729,4935
ALLSEC,24-DEC-2020,263.15,270.55,258.0,269.6,19343,14117,486
ALMONDZ,24-DEC-2020,21.4,21.5,20.25,20.8,16894,6449,164
ALOKINDS,24-DEC-2020,21.5,21.7,21.25,21.35,9298726,4322826,12154
ALPSINDUS,24-DEC-2020,1.9,1.9,1.85,1.85,16863,13811,27
AMARAJABAT,24-DEC-2020,952.95,958.5,931.15,934.7,454051,81846,15351
AMBER,24-DEC-2020,2314.0,2377.9,2314.0,2343.35,83458,20710,8921
AMBIKCO,24-DEC-2020,819.0,830.0,791.0,804.35,19007,13287,1215
AMBUJACEM,24-DEC-2020,255.0,260.9,245.0,246.7,24151514,4005707,170487
AMDIND,24-DEC-2020,20.2,20.2,18.6,19.0,22596,15738,303
AMJLAND,24-DEC-2020,27.05,27.9,26.2,27.5,36736,16597,323
AMRUTANJAN,24-DEC-2020,512.0,514.9,489.2,499.2,61041,27963,3115
ANANTRAJ,24-DEC-2020,24.9,25.75,23.95,24.2,674570,454731,2345
ANDHRACEMT,24-DEC-2020,6.0,6.2,5.75,6.1,514864,257927,606
ANDHRAPAP,24-DEC-2020,213.3,217.45,209.0,209.6,35585,18915,1394
ANDHRSUGAR,24-DEC-2020,317.05,321.8,311.9,318.0,65573,32762,2261
ANGELBRKG,24-DEC-2020,338.5,344.0,335.0,337.7,231309,158671,9076
ANKITMETAL,24-DEC-2020,1.45,1.45,1.4,1.45,57538,46270,83
ANSALHSG,24-DEC-2020,5.9,5.9,5.6,5.85,65975,50685,150
ANUP,24-DEC-2020,725.0,745.0,700.0,724.2,22011,9367,2665
APARINDS,24-DEC-2020,346.1,353.95,342.15,345.35,30128,17041,2004
APCL,24-DEC-2020,205.1,210.0,202.45,204.85,48891,26688,1045
APCOTEXIND,24-DEC-2020,160.3,160.4,157.9,158.5,38074,24047,765
APEX,24-DEC-2020,304.0,310.0,302.45,304.15,127415,48642,3693
APLAPOLLO,24-DEC-2020,765.0,769.85,755.0,761.0,137662,82415,5128
APLLTD,24-DEC-2020,1075.0,1084.5,1066.15,1072.25,129829,84054,11545
APOLLO,24-DEC-2020,116.2,121.5,116.2,119.05,57130,27231,1363
APOLLOHOSP,24-DEC-2020,2435.0,2452.85,2405.3,2413.05,543157,166311,29074
APOLLOPIPE,24-DEC-2020,650.0,668.9,650.0,664.3,19012,13757,1152
APOLLOTYRE,24-DEC-2020,180.0,181.25,174.75,175.4,6913495,984453,35574
APOLSINHOT,24-DEC-2020,593.0,617.1,593.0,600.5,1578,873,259
APTECHT,24-DEC-2020,151.5,159.65,151.05,153.65,1718075,360266,25881
ARCHIDPLY,24-DEC-2020,29.0,29.5,28.05,28.3,26351,13899,433
ARCHIES,24-DEC-2020,13.6,14.2,13.35,13.4,58621,43445,556
ARENTERP,24-DEC-2020,11.9,12.15,11.25,11.85,6630,5404,27
ARIES,24-DEC-2020,99.6,103.2,97.6,99.25,131726,59458,2679
ARIHANT,24-DEC-2020,20.1,22.55,20.1,22.45,8359,6174,143
ARIHANTSUP,24-DEC-2020,34.1,34.1,30.9,31.0,29673,27869,94
ARMANFIN,24-DEC-2020,731.15,747.95,720.0,726.05,6003,3015,590
AROGRANITE,24-DEC-2020,42.4,43.75,41.2,43.5,112802,47860,1079
ARROWGREEN,24-DEC-2020,54.95,59.6,53.5,57.8,19104,11935,615
ARSHIYA,24-DEC-2020,15.7,16.0,15.0,16.0,54228,46131,508
ARSSINFRA,24-DEC-2020,22.3,22.3,22.3,22.3,12865,12865,52
ARVIND,24-DEC-2020,46.6,47.7,46.15,46.7,1283020,478837,5873
ARVINDFASN,24-DEC-2020,152.0,155.8,149.0,152.95,346338,152714,5573
ARVSMART,24-DEC-2020,109.6,113.5,106.55,109.7,124733,68458,2739
ASAHIINDIA,24-DEC-2020,255.0,296.0,252.05,272.8,2287400,320421,41503
ASAHISONG,24-DEC-2020,245.0,255.0,243.4,248.4,41456,24496,1419
ASAL,24-DEC-2020,25.75,26.8,25.7,26.05,5636,4227,60
ASALCBR,24-DEC-2020,299.0,301.5,296.1,299.2,102988,60950,3523
ASHAPURMIN,24-DEC-2020,98.3,98.3,95.4,98.3,354369,201549,891
ASHIANA,24-DEC-2020,99.9,102.7,98.2,100.8,48588,24533,961
ASHOKA,24-DEC-2020,95.45,97.0,92.0,93.0,2330719,888143,13449
ASHOKLEY,24-DEC-2020,95.9,96.75,94.8,95.25,18550356,4443968,56583
ASIANHOTNR,24-DEC-2020,73.05,78.0,72.0,75.05,9540,7666,181
ASIANPAINT,24-DEC-2020,2658.0,2658.0,2613.0,2648.25,1143202,232195,56095
ASIANTILES,24-DEC-2020,286.0,286.0,278.15,279.95,93809,15650,2144
ASPINWALL,24-DEC-2020,142.45,163.1,135.15,163.1,35431,18038,623
ASTEC,24-DEC-2020,1199.0,1227.35,1186.05,1221.2,94109,48161,7605
ASTERDM,24-DEC-2020,171.0,171.0,163.0,165.5,93493,54764,2720
ASTRAL,24-DEC-2020,1589.0,1634.55,1573.0,1586.4,166565,58428,23510
ASTRAMICRO,24-DEC-2020,121.9,125.4,118.7,119.4,237077,113575,2771
ASTRAZEN,24-DEC-2020,4390.0,4419.0,4310.0,4319.85,77055,35544,8373
ASTRON,24-DEC-2020,52.95,53.5,51.05,51.9,54702,33100,619
ATFL,24-DEC-2020,823.7,838.9,810.1,816.85,86978,83394,894
ATLANTA,24-DEC-2020,8.55,8.55,8.05,8.3,16596,10072,164
ATUL,24-DEC-2020,6569.95,6700.0,6472.0,6501.8,39507,13868,9021
ATULAUTO,24-DEC-2020,181.9,184.5,180.45,180.95,61628,29737,1739
AUBANK,24-DEC-2020,870.0,880.0,853.1,867.85,793479,441047,54205
AURIONPRO,24-DEC-2020,97.0,97.8,94.45,96.6,29362,22785,713
AUROPHARMA,24-DEC-2020,902.5,912.0,878.25,909.0,4176663,1103227,90819
AUSOMENT,24-DEC-2020,53.0,54.95,50.7,51.25,7247,4017,149
AUTOAXLES,24-DEC-2020,1039.0,1040.5,990.0,1014.4,21146,10697,1980
AUTOIND,24-DEC-2020,35.3,35.3,32.05,33.1,21712,16759,211
AUTOLITIND,24-DEC-2020,23.75,23.8,22.5,22.75,11651,9172,179
AVADHSUGAR,24-DEC-2020,208.85,224.0,207.2,219.65,207787,76792,3698
AVANTIFEED,24-DEC-2020,514.95,522.3,510.0,514.95,313385,111966,11405
AVTNPL,24-DEC-2020,50.25,51.9,49.0,49.55,259046,130263,1999
AXISBANK,24-DEC-2020,595.0,614.0,594.15,610.2,15488083,3419704,176525
AXISBNKETF,24-DEC-2020,300.0,304.0,300.0,302.9,1064,941,34
AXISCADES,24-DEC-2020,55.15,56.6,54.95,55.8,88055,67294,709
AXISGOLD,24-DEC-2020,43.8,43.8,43.44,43.63,34856,27221,1031
AXISNIFTY,24-DEC-2020,140.7,142.48,140.7,142.29,5268,4667,104
BAJAJ-AUTO,24-DEC-2020,3318.0,3423.55,3316.05,3374.75,1567636,283572,77876
BAJAJCON,24-DEC-2020,219.9,219.9,211.0,212.9,275069,123037,7795
BAJAJELEC,24-DEC-2020,615.0,623.0,605.2,611.1,96861,19629,4052
BAJAJFINSV,24-DEC-2020,9083.6,9123.95,8964.1,8992.55,498397,97864,46597
BAJAJHIND,24-DEC-2020,6.55,6.6,6.1,6.2,5495639,2664740,4676
BAJAJHLDNG,24-DEC-2020,3080.05,3110.95,3052.05,3073.05,25067,10466,3778
BAJFINANCE,24-DEC-2020,5138.95,5218.95,5106.0,5184.9,2625559,452788,130673
BALAJITELE,24-DEC-2020,66.5,66.55,63.0,64.2,144751,74581,1898
BALAMINES,24-DEC-2020,914.3,939.0,908.5,925.3,142312,43211,6229
BALAXI,24-DEC-2020,614.75,635.05,606.95,628.15,2824,2338,226
BALKRISIND,24-DEC-2020,1566.0,1583.65,1552.25,1555.8,319838,64484,17279
BALMLAWRIE,24-DEC-2020,116.75,117.8,115.0,116.15,241170,104816,3893
BALRAMCHIN,24-DEC-2020,177.7,179.6,172.15,175.3,1195635,674812,10170
BANARBEADS,24-DEC-2020,56.95,58.0,55.0,55.15,6886,3811,127
BANARISUG,24-DEC-2020,1458.5,1458.5,1400.0,1402.4,1218,986,173
BANCOINDIA,24-DEC-2020,137.15,138.7,134.0,135.2,79803,40575,1518
BANDHANBNK,24-DEC-2020,407.0,409.0,394.95,398.15,5255643,1479852,82279
BANG,24-DEC-2020,30.85,31.3,29.3,30.05,12938,8118,389
BANKA,24-DEC-2020,51.95,53.0,49.1,49.1,12013,10759,148
BANKBARODA,24-DEC-2020,61.05,63.25,60.6,60.85,39083563,4817509,62701
BANKBEES,24-DEC-2020,301.8,306.46,301.0,305.28,629002,221815,7348
BANKINDIA,24-DEC-2020,49.35,49.75,48.6,48.9,2688514,677585,11088
BANSWRAS,24-DEC-2020,117.85,118.0,112.0,112.75,4377,2612,281
BASF,24-DEC-2020,1572.95,1597.4,1544.95,1584.35,12251,5025,1693
BASML,24-DEC-2020,130.0,135.0,126.25,134.0,56658,39499,826
BATAINDIA,24-DEC-2020,1584.0,1591.65,1557.0,1567.85,397535,55974,16193
BAYERCROP,24-DEC-2020,5399.0,5515.0,5275.0,5493.1,56372,30729,8982
BBL,24-DEC-2020,874.0,915.0,855.0,874.1,36483,11065,3515
BBTC,24-DEC-2020,1286.9,1288.7,1262.0,1266.8,34006,14915,4081
BCG,24-DEC-2020,6.95,6.95,6.8,6.95,6482387,3376243,2465
BDL,24-DEC-2020,324.45,332.0,324.45,329.05,192610,95858,5904
BEARDSELL,24-DEC-2020,11.25,11.4,10.55,10.8,30138,29477,922
BECTORFOOD,24-DEC-2020,500.0,600.0,500.0,594.2,37066792,10373253,899495
BEDMUTHA,24-DEC-2020,26.1,27.0,25.8,26.05,5526,3735,43
BEL,24-DEC-2020,116.15,118.15,114.3,114.9,9418724,2085409,42019
BEML,24-DEC-2020,998.7,1053.0,974.0,984.9,4388702,651767,169028
BEPL,24-DEC-2020,135.0,136.65,132.25,133.1,367075,190134,4197
BERGEPAINT,24-DEC-2020,738.45,738.45,721.65,731.05,992652,158483,21184
BFINVEST,24-DEC-2020,293.0,297.4,288.1,290.05,16786,7567,826
BFUTILITIE,24-DEC-2020,283.0,288.0,278.05,279.9,192854,56185,5219
BHAGERIA,24-DEC-2020,158.4,159.65,152.55,155.65,70274,39528,1704
BHAGYANGR,24-DEC-2020,35.0,36.95,32.75,33.35,151521,85025,1405
BHAGYAPROP,24-DEC-2020,24.8,25.15,24.25,24.5,12975,12215,69
BHANDARI,24-DEC-2020,1.45,1.65,1.4,1.6,1308099,945289,1065
BHARATFORG,24-DEC-2020,505.0,540.9,505.0,526.6,4567503,709375,78170
BHARATRAS,24-DEC-2020,9444.0,9556.55,9260.0,9295.7,2291,893,1085
BHARATWIRE,24-DEC-2020,31.8,31.8,30.2,31.15,11030,6476,229
BHARTIARTL,24-DEC-2020,520.0,523.0,510.45,517.3,20849597,5055582,208082
BHEL,24-DEC-2020,34.3,34.55,33.6,33.8,29009900,5517406,37195
BIL,24-DEC-2020,146.0,150.0,144.0,146.7,1801,1551,71
BINDALAGRO,24-DEC-2020,15.75,16.7,15.75,15.8,62443,47035,491
BIOCON,24-DEC-2020,486.25,486.25,472.9,481.95,2511169,490574,32861
BIRLACABLE,24-DEC-2020,53.2,54.65,52.65,53.3,49608,28375,599
BIRLACORPN,24-DEC-2020,715.0,724.85,700.0,701.95,154821,68358,8852
BIRLAMONEY,24-DEC-2020,42.1,49.0,41.95,45.25,1603474,396912,8759
BIRLATYRE,24-DEC-2020,31.95,31.95,30.2,30.2,2102250,1126094,6544
BLBLIMITED,24-DEC-2020,6.0,6.05,5.55,5.55,11720,7830,33
BLISSGVS,24-DEC-2020,182.5,187.0,178.25,186.1,1063278,513335,7740
BLKASHYAP,24-DEC-2020,8.75,8.75,8.3,8.75,314404,262780,206
BLS,24-DEC-2020,86.8,87.8,83.3,84.65,54499,28255,684
BLUEDART,24-DEC-2020,3888.2,3945.05,3875.0,3925.7,58507,53608,1898
BLUESTARCO,24-DEC-2020,799.9,815.0,782.0,788.95,116385,26014,7582
BODALCHEM,24-DEC-2020,77.15,80.2,77.15,78.2,1425304,615893,9413
BOMDYEING,24-DEC-2020,77.0,77.9,74.0,74.8,2005707,746186,12044
BOROLTD,24-DEC-2020,205.0,214.65,199.0,202.25,785144,329480,13888
BORORENEW,24-DEC-2020,235.95,245.15,208.0,231.4,4609637,1290964,67666
BOSCHLTD,24-DEC-2020,12730.0,12903.95,12646.5,12686.3,46406,8969,9688
BPCL,24-DEC-2020,376.4,381.25,375.55,377.55,6065886,1308638,67844
BPL,24-DEC-2020,23.0,23.0,21.6,22.0,74165,51943,840
BRFL,24-DEC-2020,14.2,14.2,13.3,13.45,177335,132007,392
BRIGADE,24-DEC-2020,245.0,248.75,238.65,247.25,141516,72858,3571
BRITANNIA,24-DEC-2020,3655.0,3683.9,3590.05,3618.25,579767,162807,45275
BRNL,24-DEC-2020,32.75,33.75,32.65,33.0,65813,41682,769
BROOKS,24-DEC-2020,63.0,64.8,61.15,61.65,31331,17665,323
BSE,24-DEC-2020,620.0,626.85,613.3,616.15,381973,121712,12136
BSELINFRA,24-DEC-2020,1.15,1.15,1.1,1.1,80103,48474,96
BSHSL,24-DEC-2020,94.0,94.0,89.5,89.5,1103,599,11
BSLGOLDETF,24-DEC-2020,4629.8,4629.8,4575.1,4589.7,221,129,64
BSLNIFTY,24-DEC-2020,150.0,152.79,147.11,148.74,1506,1080,44
BSOFT,24-DEC-2020,263.0,276.0,251.45,254.7,3827784,1280689,76301
BURGERKING,24-DEC-2020,192.85,196.5,178.0,180.9,25703631,7708890,302336
BUTTERFLY,24-DEC-2020,471.0,475.0,456.9,467.75,37796,23997,1019
CADILAHC,24-DEC-2020,477.8,491.7,470.0,489.5,5254900,1667194,55590
CALSOFT,24-DEC-2020,11.1,11.2,10.75,10.95,17775,9185,94
CAMLINFINE,24-DEC-2020,118.9,129.4,117.2,124.95,2106136,516327,22325
CAMS,24-DEC-2020,1688.0,1733.5,1676.0,1695.1,257655,101465,20858
CANBK,24-DEC-2020,121.9,122.75,118.5,120.75,16040047,3661074,58385
CANFINHOME,24-DEC-2020,483.6,489.0,476.15,487.3,247208,96430,10134
CANTABIL,24-DEC-2020,380.0,380.0,371.9,377.8,85266,17528,3573
CAPACITE,24-DEC-2020,182.1,185.55,179.5,181.0,91435,25857,4185
CAPLIPOINT,24-DEC-2020,508.0,515.1,504.1,506.6,235262,93364,9278
CAPTRUST,24-DEC-2020,92.8,100.2,92.8,100.2,15493,9688,488
CARBORUNIV,24-DEC-2020,385.8,388.0,376.0,387.25,135153,84310,6232
CAREERP,24-DEC-2020,165.4,168.0,162.45,164.15,14299,8899,474
CARERATING,24-DEC-2020,524.9,527.0,514.45,517.1,117197,64440,4755
CASTROLIND,24-DEC-2020,124.8,125.9,124.0,124.4,838046,445640,12087
CCL,24-DEC-2020,263.7,267.5,263.0,263.8,78595,52102,2159
CDSL,24-DEC-2020,519.5,522.85,513.15,517.85,556662,207757,14159
CEATLTD,24-DEC-2020,1073.6,1084.05,1051.75,1060.4,135857,46953,7478
CEBBCO,24-DEC-2020,16.05,16.8,16.05,16.3,70320,54391,327
CELEBRITY,24-DEC-2020,5.5,5.5,5.0,5.25,41316,26567,143
CENTENKA,24-DEC-2020,207.05,208.55,201.2,206.9,37042,21689,1281
CENTRALBK,24-DEC-2020,14.0,14.7,13.75,13.85,5873835,2880984,8312
CENTRUM,24-DEC-2020,16.6,16.6,15.8,16.15,2529986,1300947,2134
CENTUM,24-DEC-2020,393.95,399.95,371.35,375.15,26225,10440,1406
CENTURYPLY,24-DEC-2020,234.0,244.1,232.5,241.0,432108,168580,8108
CENTURYTEX,24-DEC-2020,394.0,399.5,387.0,392.5,985831,297207,15621
CERA,24-DEC-2020,3259.65,3555.0,3258.95,3439.15,41632,5785,8113
CEREBRAINT,24-DEC-2020,33.45,33.8,32.15,32.45,111909,69379,649
CESC,24-DEC-2020,596.7,613.5,596.15,605.4,271506,90454,8517
CESCVENT,24-DEC-2020,267.25,291.9,267.25,288.8,308772,132574,7412
CGCL,24-DEC-2020,311.0,317.5,301.5,306.1,114021,14676,6349
CGPOWER,24-DEC-2020,43.1,43.1,41.6,43.1,4302500,2670028,4383
CHALET,24-DEC-2020,189.95,194.4,182.45,183.55,512620,295866,6951
CHAMBLFERT,24-DEC-2020,228.05,233.4,223.25,230.2,854854,252036,15541
CHEMBOND,24-DEC-2020,171.0,180.0,170.5,174.2,32869,17552,921
CHEMCON,24-DEC-2020,412.0,417.4,410.1,411.05,269205,103998,10227
CHEMFAB,24-DEC-2020,139.6,142.4,138.95,139.4,3923,2690,120
CHENNPETRO,24-DEC-2020,99.2,106.8,99.0,104.4,2619907,679484,20152
CHOLAFIN,24-DEC-2020,378.3,383.05,374.25,376.35,3098846,679241,73716
CHOLAHLDNG,24-DEC-2020,544.0,549.9,532.55,538.45,188642,117918,7387
CIGNITITEC,24-DEC-2020,404.9,407.95,393.05,396.0,36814,21395,2003
CINELINE,24-DEC-2020,36.5,36.95,35.4,35.95,62132,37409,580
CINEVISTA,24-DEC-2020,7.4,8.0,7.35,7.45,38382,12980,62
CIPLA,24-DEC-2020,828.8,834.9,815.3,833.2,7294578,1194478,111654
CLEDUCATE,24-DEC-2020,62.75,64.15,62.05,62.5,7580,4205,228
CLNINDIA,24-DEC-2020,359.3,363.95,356.0,357.95,25225,12139,1436
COALINDIA,24-DEC-2020,136.35,139.1,135.6,136.25,14518171,3132841,66150
COCHINSHIP,24-DEC-2020,358.2,359.5,350.25,352.15,292146,158444,7757
COFORGE,24-DEC-2020,2621.1,2687.0,2590.3,2652.55,602180,55627,29594
COLPAL,24-DEC-2020,1567.65,1579.35,1553.05,1568.85,222933,60981,11651
COMPINFO,24-DEC-2020,15.8,16.4,15.1,15.3,491183,279077,1771
CONCOR,24-DEC-2020,394.5,396.35,390.0,392.2,1378601,509167,32809
CONFIPET,24-DEC-2020,33.25,39.15,31.7,36.9,6710144,2910768,11578
CONSOFINVT,24-DEC-2020,44.7,44.7,40.25,41.95,4524,3343,30
CONTROLPR,24-DEC-2020,227.95,231.9,221.05,227.2,18401,11882,686
CORALFINAC,24-DEC-2020,25.4,25.7,23.75,24.1,25717,17715,304
CORDSCABLE,24-DEC-2020,45.0,48.3,45.0,46.4,111256,58265,1052
COROMANDEL,24-DEC-2020,797.5,807.2,786.0,802.1,313900,191011,11054
COSMOFILMS,24-DEC-2020,458.65,459.65,442.4,448.8,48361,29835,2834
CPSEETF,24-DEC-2020,20.49,20.56,19.76,20.27,2813673,2120406,1951
CREATIVE,24-DEC-2020,112.0,113.0,110.0,111.95,20094,2339,143
CREATIVEYE,24-DEC-2020,3.65,3.7,3.65,3.7,68915,68915,80
CREDITACC,24-DEC-2020,800.2,809.45,770.1,777.85,184441,128962,9482
CREST,24-DEC-2020,101.55,103.95,96.0,98.85,14660,8231,465
CRISIL,24-DEC-2020,1914.0,1922.0,1894.65,1897.05,10263,7334,995
CROMPTON,24-DEC-2020,357.95,359.55,351.45,356.35,1235974,878680,58120
CSBBANK,24-DEC-2020,227.0,228.0,220.5,221.8,370294,239317,3779
CTE,24-DEC-2020,43.5,43.5,40.05,41.5,14262,7790,184
CUB,24-DEC-2020,182.1,182.95,175.75,178.2,1489723,611146,30344
CUMMINSIND,24-DEC-2020,588.0,593.55,571.3,574.55,1179334,305732,33167
CUPID,24-DEC-2020,233.25,251.0,230.45,248.75,250198,126707,4155
CYBERTECH,24-DEC-2020,176.0,182.45,160.0,172.3,1241672,464734,19381
CYIENT,24-DEC-2020,520.0,520.9,505.75,508.55,300866,163452,9461
DAAWAT,24-DEC-2020,56.3,56.9,54.7,54.85,1520513,898601,9078
DABUR,24-DEC-2020,515.0,515.75,508.3,514.55,2894330,1301520,38298
DALBHARAT,24-DEC-2020,1044.9,1063.0,1015.0,1026.3,120764,44496,13025
DALMIASUG,24-DEC-2020,141.6,144.7,138.75,141.45,148677,60802,2186
DAMODARIND,24-DEC-2020,32.2,37.6,32.2,35.0,196709,86176,1499
DANGEE,24-DEC-2020,134.0,136.5,128.0,130.85,6647,4298,171
DATAMATICS,24-DEC-2020,117.3,120.8,113.55,115.8,728255,262811,9378
DBCORP,24-DEC-2020,82.75,82.85,81.0,81.2,137646,85458,2827
DBL,24-DEC-2020,391.0,392.0,383.5,389.25,168132,76902,5930
DBSTOCKBRO,24-DEC-2020,9.9,10.65,9.9,10.0,2101,1748,37
DCAL,24-DEC-2020,142.2,144.65,139.1,140.4,400794,228157,5392
DCBBANK,24-DEC-2020,113.7,116.6,113.6,115.55,1502689,700531,12176
DCMFINSERV,24-DEC-2020,1.55,1.6,1.5,1.6,8101,8006,24
DCMSHRIRAM,24-DEC-2020,380.0,389.0,378.0,381.5,228328,90335,6472
DCW,24-DEC-2020,20.4,20.4,19.4,19.5,760518,516379,1543
DECCANCE,24-DEC-2020,352.5,360.05,346.0,347.4,52712,29363,2108
DEEPAKFERT,24-DEC-2020,156.0,157.5,153.25,154.4,236864,116708,3759
DEEPAKNTR,24-DEC-2020,918.25,935.0,900.0,908.0,581414,162123,24029
DEEPENR,24-DEC-2020,43.0,44.25,41.6,42.4,40849,20595,595
DELTACORP,24-DEC-2020,156.7,161.95,156.5,160.4,2768286,1010502,18315
DEN,24-DEC-2020,64.4,66.5,62.5,63.15,1192576,535535,10268
DENORA,24-DEC-2020,257.7,257.7,238.65,242.7,23943,8679,1072
DFMFOODS,24-DEC-2020,394.7,414.0,384.35,404.15,198418,131615,4969
DGCONTENT,24-DEC-2020,12.05,13.5,12.05,12.75,5718,4093,89
DHAMPURSUG,24-DEC-2020,171.5,173.9,166.95,170.7,455420,143727,6207
DHANBANK,24-DEC-2020,13.0,13.0,12.6,12.7,405601,253954,879
DHANI,24-DEC-2020,304.65,327.2,303.75,322.1,1854975,863182,20206
DHANUKA,24-DEC-2020,747.9,747.9,733.55,737.2,39412,24224,5094
DHFL,24-DEC-2020,32.25,32.25,29.25,29.75,18918654,8219017,40619
DHUNINV,24-DEC-2020,247.95,259.8,247.95,250.9,1408,698,201
DIAMONDYD,24-DEC-2020,689.9,706.0,675.15,681.3,10391,3495,754
DICIND,24-DEC-2020,387.45,395.0,382.1,387.6,3654,2006,330
DISHTV,24-DEC-2020,16.05,16.2,14.45,14.75,37428715,17880816,30662
DIVISLAB,24-DEC-2020,3705.0,3757.0,3692.05,3749.6,656706,162984,41728
DIXON,24-DEC-2020,12751.15,12968.85,12700.0,12718.0,33291,17057,13648
DLF,24-DEC-2020,230.0,233.25,224.3,226.1,12434884,758525,73167
DLINKINDIA,24-DEC-2020,111.45,112.9,109.15,110.05,125195,63971,2256
DMART,24-DEC-2020,2661.85,2700.0,2604.8,2673.1,432162,147845,32319
DOLAT,24-DEC-2020,53.95,55.3,52.2,52.95,113700,71299,853
DOLLAR,24-DEC-2020,225.95,229.2,224.0,225.1,74484,53915,1686
DONEAR,24-DEC-2020,34.3,34.6,32.6,33.25,51849,30766,434
DPABHUSHAN,24-DEC-2020,83.85,87.0,83.85,86.75,3531,2949,105
DPSCLTD,24-DEC-2020,11.2,11.5,10.9,11.1,14633,10359,136
DPWIRES,24-DEC-2020,85.4,86.4,81.3,83.45,4311,3404,84
DQE,24-DEC-2020,1.45,1.45,1.35,1.45,41228,37989,68
DREDGECORP,24-DEC-2020,294.1,302.75,290.5,291.75,161065,41997,3852
DRREDDY,24-DEC-2020,5247.0,5247.0,5165.0,5201.8,675636,123756,51937
DSSL,24-DEC-2020,65.95,66.0,62.3,66.0,62242,38139,583
DTIL,24-DEC-2020,263.7,263.7,252.4,256.5,4108,3062,317
DVL,24-DEC-2020,63.8,65.65,62.0,62.3,11484,9981,286
DWARKESH,24-DEC-2020,31.55,32.15,30.7,31.35,1198722,495166,4049
DYNAMATECH,24-DEC-2020,771.0,799.5,771.0,775.15,10427,4984,954
DYNPRO,24-DEC-2020,234.6,238.0,229.9,236.2,136251,90286,2213
EASTSILK,24-DEC-2020,1.4,1.4,1.4,1.4,2200,2200,2
EBANK,24-DEC-2020,3280.0,3286.0,3280.0,3285.99,12,10,4
EBBETF0423,24-DEC-2020,1109.0,1110.49,1109.0,1110.3,19043,13518,83
EBBETF0425,24-DEC-2020,1026.5,1026.99,1025.65,1025.65,46140,46127,51
EBBETF0430,24-DEC-2020,1132.05,1133.93,1131.0,1133.05,6944,6846,61
EBBETF0431,24-DEC-2020,1016.05,1016.89,1014.25,1015.38,8617,8601,80
EBIXFOREX,24-DEC-2020,511.95,511.95,478.75,487.2,1838,1212,192
ECLERX,24-DEC-2020,890.0,905.0,851.0,878.05,413940,111284,18365
EDELWEISS,24-DEC-2020,71.35,72.85,69.0,70.95,596374,380638,8316
EICHERMOT,24-DEC-2020,2459.0,2474.0,2427.5,2436.75,599386,119031,37455
EIDPARRY,24-DEC-2020,325.2,329.8,321.0,323.8,213308,102502,7199
EIHAHOTELS,24-DEC-2020,275.0,278.3,270.0,271.25,11033,6449,516
EIHOTEL,24-DEC-2020,93.3,95.5,90.6,91.15,519425,287155,10374
EIMCOELECO,24-DEC-2020,324.85,344.0,324.85,340.05,1263,527,235
EKC,24-DEC-2020,47.9,49.65,46.5,49.65,200237,146977,1113
ELECON,24-DEC-2020,36.95,39.5,36.3,37.4,531914,180069,4428
ELECTCAST,24-DEC-2020,21.4,21.75,20.85,21.05,1524204,1050383,2643
ELECTHERM,24-DEC-2020,112.5,118.4,112.5,114.9,21559,11865,433
ELGIEQUIP,24-DEC-2020,158.45,160.35,155.0,158.2,119842,88219,1618
ELGIRUBCO,24-DEC-2020,23.0,23.25,22.25,22.45,27008,20242,112
EMAMILTD,24-DEC-2020,423.8,433.85,417.85,428.25,382929,188400,8765
EMAMIPAP,24-DEC-2020,111.45,111.45,102.0,104.15,33823,19111,807
EMAMIREAL,24-DEC-2020,51.15,51.15,48.7,49.0,30709,26037,314
EMKAY,24-DEC-2020,69.3,71.85,68.5,69.55,18795,14633,334
EMMBI,24-DEC-2020,74.65,76.9,73.0,73.7,15765,9646,438
ENDURANCE,24-DEC-2020,1189.0,1250.0,1183.5,1240.6,310864,170545,17904
ENERGYDEV,24-DEC-2020,8.8,8.95,8.35,8.5,139742,111842,360
ENGINERSIN,24-DEC-2020,77.3,77.6,76.75,76.95,1832973,1104508,8443
ENIL,24-DEC-2020,157.15,159.75,154.15,157.3,38423,28571,542
EPL,24-DEC-2020,252.4,263.0,252.4,261.7,142075,108586,5897
EQ30,24-DEC-2020,409.32,409.32,391.01,409.0,164,97,56
EQUITAS,24-DEC-2020,67.1,68.5,66.0,66.05,1539306,768124,11965
EQUITASBNK,24-DEC-2020,36.65,36.85,36.0,36.5,1575992,1079720,15080
ERIS,24-DEC-2020,591.95,605.0,585.85,595.15,378857,196465,22441
EROSMEDIA,24-DEC-2020,24.0,24.7,23.1,23.2,197913,143036,717
ESABINDIA,24-DEC-2020,1759.05,1790.0,1752.05,1782.45,9035,3641,1008
ESCORTS,24-DEC-2020,1267.0,1281.35,1240.55,1259.75,1372662,410411,64721
ESSARSHPNG,24-DEC-2020,10.6,10.8,10.3,10.5,59464,37032,295
ESTER,24-DEC-2020,118.5,121.9,117.05,118.1,234414,93473,4531
EUROMULTI,24-DEC-2020,1.9,2.1,1.9,1.95,32181,22520,72
EVEREADY,24-DEC-2020,188.75,188.75,185.0,185.95,263016,204882,2461
EVERESTIND,24-DEC-2020,303.85,321.0,295.7,315.7,229511,110761,6265
EXCELINDUS,24-DEC-2020,834.7,850.0,830.0,833.5,16488,8715,2158
EXIDEIND,24-DEC-2020,186.85,188.4,183.0,183.4,3476114,1320510,32523
EXPLEOSOL,24-DEC-2020,539.45,562.7,519.0,527.85,90978,47348,4370
FACT,24-DEC-2020,54.35,54.9,53.35,53.95,569332,167870,3609
FCL,24-DEC-2020,51.1,51.15,41.55,48.4,616186,324691,3856
FCONSUMER,24-DEC-2020,8.2,8.55,8.15,8.35,5993291,2735908,4255
FDC,24-DEC-2020,331.25,333.5,328.1,331.0,139273,74362,4922
FEDERALBNK,24-DEC-2020,64.3,66.05,64.3,65.2,27730531,5228186,51982
FEL,24-DEC-2020,11.05,11.3,11.0,11.3,961751,566567,1375
FELDVR,24-DEC-2020,14.15,14.2,13.55,13.9,48887,30803,282
FIEMIND,24-DEC-2020,520.0,522.25,497.1,513.15,19967,12370,1504
FILATEX,24-DEC-2020,45.2,45.9,44.55,45.4,539148,367454,2590
FINCABLES,24-DEC-2020,341.0,351.95,337.6,349.85,231546,127456,8216
FINEORG,24-DEC-2020,2362.15,2475.0,2362.15,2468.25,37205,16232,5545
FINPIPE,24-DEC-2020,629.0,633.65,610.65,615.25,40405,22823,3829
FLFL,24-DEC-2020,86.0,88.1,85.0,86.7,376511,194661,2255
FLUOROCHEM,24-DEC-2020,569.65,578.0,560.1,563.45,23937,14338,1738
FMGOETZE,24-DEC-2020,311.25,317.1,308.55,309.35,11381,7951,503
FMNL,24-DEC-2020,20.1,20.4,19.0,19.55,125362,74039,592
FORCEMOT,24-DEC-2020,1326.0,1393.75,1326.0,1365.55,112724,24649,9478
FORTIS,24-DEC-2020,154.95,157.1,153.2,154.05,1328722,901911,12752
FOSECOIND,24-DEC-2020,1316.85,1342.25,1285.0,1290.75,2045,1393,377
FRETAIL,24-DEC-2020,77.4,78.35,76.15,77.05,2862431,1579661,14499
FSC,24-DEC-2020,104.0,104.8,102.5,102.95,74388,50474,1080
FSL,24-DEC-2020,80.45,94.2,80.1,91.9,21917980,8282645,96342
G5,24-DEC-2020,47.76,47.78,47.7,47.74,6830,6396,10
GABRIEL,24-DEC-2020,104.45,105.9,100.75,101.5,253528,147961,6586
GAEL,24-DEC-2020,115.5,117.7,113.45,114.2,103231,57930,1477
GAIL,24-DEC-2020,119.0,123.0,119.0,120.15,20610640,3047338,70872
GAL,24-DEC-2020,3.15,3.25,3.05,3.2,64161,61605,80
GALAXYSURF,24-DEC-2020,1945.4,1979.0,1891.9,1944.15,122607,98240,7098
GALLANTT,24-DEC-2020,37.45,38.9,36.5,36.75,23619,13239,277
GALLISPAT,24-DEC-2020,36.95,36.95,34.7,35.85,48814,30382,433
GAMMNINFRA,24-DEC-2020,0.75,0.8,0.75,0.8,899769,652431,356
GANDHITUBE,24-DEC-2020,245.75,248.95,240.6,243.45,15070,5173,888
GANECOS,24-DEC-2020,343.0,349.7,342.05,347.5,33382,25951,1281
GANESHHOUC,24-DEC-2020,32.15,32.3,31.05,31.25,19661,13437,192
GANGESSECU,24-DEC-2020,59.0,69.5,58.1,61.4,21776,12052,223
GARDENSILK,24-DEC-2020,12.6,13.65,12.6,13.3,42669,29303,407
GARFIBRES,24-DEC-2020,2175.35,2197.9,2153.6,2179.75,7554,4871,2036
GATI,24-DEC-2020,86.2,87.0,84.05,86.3,397567,238877,5600
GAYAPROJ,24-DEC-2020,38.95,39.8,38.2,38.65,1011947,743288,3145
GDL,24-DEC-2020,116.7,116.95,113.8,115.2,77910,42539,5156
GEECEE,24-DEC-2020,84.0,85.0,83.15,84.3,21141,15520,634
GENESYS,24-DEC-2020,52.95,55.0,52.3,53.2,14785,8622,164
GENUSPAPER,24-DEC-2020,8.0,8.25,7.65,7.8,702810,480695,1079
GENUSPOWER,24-DEC-2020,35.6,39.7,35.25,38.75,1444633,819267,6120
GEOJITFSL,24-DEC-2020,55.75,58.0,54.0,56.9,1342525,546469,6787
GEPIL,24-DEC-2020,283.9,291.0,280.65,284.35,73682,45042,2745
GESHIP,24-DEC-2020,260.0,262.45,254.55,257.25,130905,61873,4639
GET&D,24-DEC-2020,113.85,118.4,113.85,116.3,111619,61977,2583
GFLLIMITED,24-DEC-2020,87.9,90.05,86.0,86.85,52975,28372,507
GFSTEELS,24-DEC-2020,2.2,2.2,2.1,2.1,1619,1619,5
GHCL,24-DEC-2020,195.05,201.2,193.65,199.6,210712,89982,4308
GICHSGFIN,24-DEC-2020,119.05,120.6,116.1,116.7,994561,350563,9087
GICRE,24-DEC-2020,141.9,146.4,139.55,141.05,1341106,412044,15061
GILLANDERS,24-DEC-2020,45.1,45.25,45.1,45.25,3298,3298,20
GILLETTE,24-DEC-2020,5898.0,5919.95,5795.0,5823.9,5825,2554,1648
GINNIFILA,24-DEC-2020,20.9,21.2,20.6,21.2,97589,81702,284
GIPCL,24-DEC-2020,87.55,87.55,84.7,85.2,218797,127891,2172
GISOLUTION,24-DEC-2020,2.6,2.6,2.5,2.6,3337,3337,15
GLAND,24-DEC-2020,2360.0,2429.0,2339.0,2408.35,575779,300869,37157
GLAXO,24-DEC-2020,1540.0,1549.85,1526.0,1532.5,22344,8646,2562
GLENMARK,24-DEC-2020,497.5,504.9,489.6,496.2,1940686,370025,29362
GLFL,24-DEC-2020,2.35,2.4,2.25,2.3,13178,11742,37
GLOBAL,24-DEC-2020,64.05,69.8,64.0,66.75,165509,162538,86
GLOBALVECT,24-DEC-2020,58.25,61.75,57.2,57.9,31474,16064,557
GLOBE,24-DEC-2020,61.35,64.65,55.0,63.3,109881,54883,295
GLOBOFFS,24-DEC-2020,10.4,10.4,9.5,10.2,38403,25712,192
GLOBUSSPR,24-DEC-2020,314.7,316.9,310.05,311.6,36345,22027,1518
GMBREW,24-DEC-2020,437.7,446.0,433.15,440.0,33383,15885,1394
GMDCLTD,24-DEC-2020,50.8,51.2,49.3,49.75,1113237,511011,7077
GMMPFAUDLR,24-DEC-2020,3600.0,3619.95,3565.0,3583.55,26227,12484,4836
GMRINFRA,24-DEC-2020,26.4,26.4,25.45,25.8,13627031,3194624,27941
GNA,24-DEC-2020,248.0,255.0,248.0,252.45,32624,17694,1270
GNFC,24-DEC-2020,220.1,232.4,220.05,228.75,1684621,674079,19412
GOCLCORP,24-DEC-2020,200.65,205.7,191.0,195.7,9519,4522,404
GODFRYPHLP,24-DEC-2020,965.0,1025.0,960.65,984.1,279760,62352,13599
GODHA,24-DEC-2020,36.3,36.3,36.3,36.3,8625,8625,13
GODREJAGRO,24-DEC-2020,536.0,538.95,530.0,532.75,121101,66118,9752
GODREJCP,24-DEC-2020,716.35,732.65,716.35,721.0,1648257,569027,29276
GODREJIND,24-DEC-2020,432.1,436.2,430.45,434.55,155707,107218,11838
GODREJPROP,24-DEC-2020,1381.8,1398.0,1355.0,1364.1,960588,73048,27081
GOKEX,24-DEC-2020,91.8,92.2,88.0,89.3,172170,98663,2265
GOKUL,24-DEC-2020,17.7,17.7,16.25,16.85,61413,50744,275
GOKULAGRO,24-DEC-2020,19.45,19.45,17.65,18.25,52232,31969,387
GOLDBEES,24-DEC-2020,48.98,48.98,43.58,43.73,3703880,2908159,8713
GOLDENTOBC,24-DEC-2020,59.8,59.8,54.05,55.1,51746,27669,834
GOLDIAM,24-DEC-2020,224.0,226.3,214.1,217.3,127835,60921,3596
GOLDSHARE,24-DEC-2020,4511.85,4511.85,4470.0,4488.2,670,370,241
GOLDTECH,24-DEC-2020,10.9,10.9,10.1,10.5,38923,31299,142
GOODLUCK,24-DEC-2020,54.0,55.5,53.65,54.2,110787,63909,1035
GOODYEAR,24-DEC-2020,964.9,980.0,951.0,955.25,15163,7982,1703
GPIL,24-DEC-2020,446.55,470.85,446.55,453.25,301124,145305,5746
GPPL,24-DEC-2020,91.15,93.0,91.15,92.5,291932,186523,2876
GPTINFRA,24-DEC-2020,35.6,37.8,34.15,36.85,188516,99881,1041
GRANULES,24-DEC-2020,368.0,375.9,364.0,372.8,1548124,791877,41840
GRAPHITE,24-DEC-2020,297.2,303.1,292.45,297.4,1208273,420951,20133
GRASIM,24-DEC-2020,906.65,911.85,891.1,897.15,1420321,639150,24383
GRAVITA,24-DEC-2020,70.2,71.8,68.95,69.1,385042,207814,2998
GREAVESCOT,24-DEC-2020,83.85,84.5,81.0,82.75,1084970,405023,7367
GREENLAM,24-DEC-2020,769.95,792.0,746.65,756.5,3838,2936,381
GREENPANEL,24-DEC-2020,115.0,115.2,112.0,115.2,38121,37048,227
GREENPLY,24-DEC-2020,112.35,115.9,109.8,111.0,812815,404320,8994
GREENPOWER,24-DEC-2020,2.45,2.55,2.4,2.45,4858744,2718364,1601
GRINDWELL,24-DEC-2020,690.0,720.0,681.4,703.05,96360,29461,9070
GROBTEA,24-DEC-2020,551.95,652.35,551.95,652.35,3126,2234,523
GRPLTD,24-DEC-2020,904.05,915.0,855.05,870.6,1800,657,357
GRSE,24-DEC-2020,198.5,198.5,192.2,193.65,87351,44774,1762
GSCLCEMENT,24-DEC-2020,37.7,38.4,36.1,37.25,280567,146181,1770
GSFC,24-DEC-2020,70.6,72.6,70.3,72.05,1504707,618557,6711
GSPL,24-DEC-2020,208.65,214.75,208.0,212.85,754283,378045,16528
GSS,24-DEC-2020,51.0,53.0,50.4,51.3,87049,54925,933
GTL,24-DEC-2020,5.1,5.15,5.05,5.1,119318,90223,438
GTLINFRA,24-DEC-2020,0.75,0.75,0.65,0.75,36821890,18997962,3570
GTNTEX,24-DEC-2020,6.35,6.35,6.35,6.35,2758,2258,7
GTPL,24-DEC-2020,132.0,134.7,127.2,127.95,251622,113906,4516
GUFICBIO,24-DEC-2020,119.8,120.35,117.65,118.5,90197,61451,1367
GUJALKALI,24-DEC-2020,356.25,363.0,348.35,353.1,130465,49587,3877
GUJAPOLLO,24-DEC-2020,204.4,204.4,197.05,201.2,7490,2735,428
GUJGASLTD,24-DEC-2020,364.2,379.95,364.2,375.7,1325824,565154,32929
GULFOILLUB,24-DEC-2020,748.9,748.9,720.0,725.4,12633,6338,1661
GULFPETRO,24-DEC-2020,48.3,48.3,45.9,46.5,89672,48126,822
GULPOLY,24-DEC-2020,79.55,80.45,76.5,77.15,22457,15453,332
HAL,24-DEC-2020,811.65,826.45,808.95,822.25,334943,118397,29081
HAPPSTMNDS,24-DEC-2020,358.9,361.7,341.7,347.05,2424058,510215,32080
HARITASEAT,24-DEC-2020,484.3,484.35,477.15,480.2,2816,2298,132
HARRMALAYA,24-DEC-2020,115.85,117.75,112.25,113.05,54405,29893,915
HATHWAY,24-DEC-2020,34.8,35.0,33.2,33.7,1710667,814085,9783
HATSUN,24-DEC-2020,730.0,730.0,713.2,716.9,34806,19968,2638
HAVELLS,24-DEC-2020,898.6,912.25,891.0,895.9,1528919,298286,34279
HBANKETF,24-DEC-2020,306.48,306.48,288.33,303.39,3881,3650,125
HBLPOWER,24-DEC-2020,30.3,31.65,30.3,30.9,1722815,929448,7048
HCC,24-DEC-2020,8.9,9.15,8.65,9.05,9073282,3425827,6068
HCG,24-DEC-2020,166.85,170.4,162.15,164.65,76346,37048,2707
HCL-INSYS,24-DEC-2020,9.1,9.1,8.75,8.85,304281,214959,950
HCLTECH,24-DEC-2020,927.95,928.25,910.7,919.35,4390561,1482546,85401
HDFC,24-DEC-2020,2417.0,2464.65,2411.05,2455.15,2723426,1164270,90401
HDFCAMC,24-DEC-2020,2970.0,2990.0,2880.0,2891.45,397620,196521,38097
HDFCBANK,24-DEC-2020,1389.4,1404.0,1377.0,1397.1,7476094,3493062,207764
HDFCLIFE,24-DEC-2020,651.7,663.6,649.0,657.25,3776278,1326599,68947
HDFCMFGETF,24-DEC-2020,4481.0,4488.45,4467.0,4472.6,8074,5856,489
HDFCNIFETF,24-DEC-2020,1440.0,1453.39,1440.0,1452.04,782,543,85
HDFCSENETF,24-DEC-2020,5025.0,5030.99,4955.0,5003.79,239,127,56
HEG,24-DEC-2020,893.9,907.7,880.2,885.3,486383,113235,19449
HEIDELBERG,24-DEC-2020,214.0,218.0,212.0,214.8,340694,168851,8496
HEMIPROP,24-DEC-2020,72.25,73.1,70.7,71.45,755915,369643,5657
HERCULES,24-DEC-2020,123.4,124.45,120.8,121.25,111186,55419,2312
HERITGFOOD,24-DEC-2020,299.0,303.3,288.35,290.25,76870,49374,2552
HEROMOTOCO,24-DEC-2020,3045.0,3083.7,3030.0,3073.1,640601,134802,35236
HESTERBIO,24-DEC-2020,1763.25,1775.0,1715.0,1732.0,2660,1375,513
HEXATRADEX,24-DEC-2020,35.05,35.95,33.55,33.85,11526,8451,70
HFCL,24-DEC-2020,26.2,26.45,25.15,25.4,11642916,5007462,16358
HGINFRA,24-DEC-2020,217.0,222.0,215.0,218.45,54506,28293,1763
HGS,24-DEC-2020,1130.0,1143.25,1095.0,1104.7,13279,6583,1938
HIKAL,24-DEC-2020,166.2,169.35,164.0,166.1,348571,127023,5274
HIL,24-DEC-2020,2258.0,2269.45,2153.3,2183.25,18624,9359,3780
HILTON,24-DEC-2020,11.2,11.35,10.5,11.3,23710,19197,211
HIMATSEIDE,24-DEC-2020,146.75,148.8,142.5,143.3,170493,89705,3554
HINDALCO,24-DEC-2020,237.9,244.65,236.1,236.95,14541771,2320259,100324
HINDCOMPOS,24-DEC-2020,220.45,229.0,220.1,222.5,3955,2130,360
HINDCOPPER,24-DEC-2020,61.7,62.45,59.65,60.4,3021392,1100067,12001
HINDMOTORS,24-DEC-2020,7.8,7.9,7.55,7.8,351779,242854,643
HINDNATGLS,24-DEC-2020,32.5,36.95,32.5,34.9,219269,143006,1169
HINDOILEXP,24-DEC-2020,91.4,92.9,88.5,89.85,662365,287152,5440
HINDPETRO,24-DEC-2020,211.45,215.5,211.05,213.65,5615342,2086835,41220
HINDUNILVR,24-DEC-2020,2382.5,2410.0,2360.05,2402.25,2489444,1115413,112249
HINDZINC,24-DEC-2020,244.0,247.65,240.55,241.65,1119509,361117,16596
HIRECT,24-DEC-2020,145.5,149.9,143.1,144.0,18368,9599,464
HISARMETAL,24-DEC-2020,85.1,86.95,81.2,83.15,9510,5493,161
HITECH,24-DEC-2020,220.0,220.0,198.3,204.6,116812,68953,775
HITECHCORP,24-DEC-2020,111.0,112.6,106.0,107.25,6949,5177,124
HLVLTD,24-DEC-2020,4.9,5.1,4.9,5.05,125190,87904,284
HMVL,24-DEC-2020,54.95,58.0,54.5,56.5,101667,61530,2644
HNDFDS,24-DEC-2020,1218.0,1312.3,1200.0,1298.5,44789,16935,4471
HNGSNGBEES,24-DEC-2020,334.0,337.0,325.01,334.0,775,682,60
HONAUT,24-DEC-2020,37500.0,38870.0,37350.25,38250.35,23005,10658,10362
HONDAPOWER,24-DEC-2020,1089.0,1089.05,1045.05,1058.0,11577,5800,1496
HOTELRUGBY,24-DEC-2020,1.25,1.25,1.25,1.25,5384,5384,7
HPL,24-DEC-2020,42.65,43.4,41.25,41.7,325968,184089,1920
HSCL,24-DEC-2020,43.1,43.6,41.7,41.9,2662040,1555841,10042
HSIL,24-DEC-2020,109.55,114.85,107.05,110.8,626312,330872,9941
HTMEDIA,24-DEC-2020,15.65,15.9,15.3,15.7,90646,59779,332
HUBTOWN,24-DEC-2020,13.75,13.85,13.5,13.7,29385,23197,150
HUDCO,24-DEC-2020,39.35,39.65,38.6,38.85,1184883,488790,3812
HUHTAMAKI,24-DEC-2020,289.9,298.2,287.15,295.0,73094,42538,2821
IBMFNIFTY,24-DEC-2020,135.6,137.98,132.25,134.0,810,423,58
IBREALEST,24-DEC-2020,71.8,74.7,70.2,72.45,8110677,3128713,31151
IBULHSGFIN,24-DEC-2020,204.5,209.6,201.1,204.6,23594132,4063434,154175
ICEMAKE,24-DEC-2020,101.15,107.95,101.15,103.75,35445,25211,587
ICICI500,24-DEC-2020,186.05,186.05,183.6,184.36,1465,818,94
ICICIALPLV,24-DEC-2020,138.0,138.0,135.82,137.29,2563,1315,48
ICICIB22,24-DEC-2020,31.49,31.59,30.45,31.26,368973,233725,6466
ICICIBANK,24-DEC-2020,506.75,515.95,505.1,513.55,17576807,6829704,161245
ICICIBANKN,24-DEC-2020,297.99,302.99,297.99,301.05,5020,3907,204
ICICIBANKP,24-DEC-2020,163.4,166.0,163.4,164.96,3822,2310,122
ICICIGI,24-DEC-2020,1457.25,1495.0,1457.25,1484.05,590435,271767,25426
ICICIGOLD,24-DEC-2020,44.52,44.8,44.46,44.61,479999,340987,878
ICICILIQ,24-DEC-2020,1000.0,1000.0,999.0,999.77,38927,38444,111
ICICILOVOL,24-DEC-2020,114.7,114.7,108.16,112.07,138344,126625,313
ICICIM150,24-DEC-2020,78.0,78.9,77.7,77.81,5408,3933,50
ICICIMCAP,24-DEC-2020,78.23,78.4,77.0,77.16,17719,11358,155
ICICINF100,24-DEC-2020,147.5,149.77,147.5,148.93,1983,1224,135
ICICINIFTY,24-DEC-2020,162.8,162.8,141.25,145.59,76069,46607,3346
ICICINV20,24-DEC-2020,71.0,71.9,69.5,70.83,3133,2631,318
ICICINXT50,24-DEC-2020,31.72,32.79,31.72,32.55,11539,7204,157
ICICIPRULI,24-DEC-2020,487.1,508.0,484.8,496.15,3762372,1153291,60708
ICICISENSX,24-DEC-2020,504.6,507.0,499.72,505.79,928,454,87
ICICITECH,24-DEC-2020,254.7,254.7,239.45,241.7,316256,309161,324
ICIL,24-DEC-2020,149.25,155.65,148.65,153.0,141732,98387,1794
ICRA,24-DEC-2020,2754.0,2830.3,2754.0,2795.15,23612,22418,727
IDBI,24-DEC-2020,33.4,33.75,31.7,31.9,14837518,9022844,38670
IDBIGOLD,24-DEC-2020,4601.0,4646.7,4600.0,4600.55,141,117,43
IDEA,24-DEC-2020,10.6,10.65,9.95,10.1,409236971,105042492,248999
IDFC,24-DEC-2020,37.9,37.95,37.0,37.35,2810191,1685717,10605
IDFCFIRSTB,24-DEC-2020,36.15,36.5,35.65,35.9,18306842,4650418,36519
IDFNIFTYET,24-DEC-2020,140.7,145.0,140.01,144.13,213,82,40
IEX,24-DEC-2020,214.35,217.9,212.5,213.1,502025,272246,9244
IFBAGRO,24-DEC-2020,485.25,493.0,458.05,465.3,45966,24756,2313
IFBIND,24-DEC-2020,1140.95,1170.05,1115.0,1121.4,43490,15244,3353
IFCI,24-DEC-2020,9.45,9.65,9.05,9.25,5113786,2244441,88208
IFGLEXPOR,24-DEC-2020,209.95,213.7,201.0,203.0,8269,5369,537
IGARASHI,24-DEC-2020,336.5,343.65,331.0,331.95,46652,23705,2714
IGL,24-DEC-2020,490.0,497.95,485.25,489.15,1712124,514279,36478
IGPL,24-DEC-2020,439.95,442.0,414.85,418.75,43478,29645,2116
IIFL,24-DEC-2020,113.5,115.0,110.7,112.4,340114,145422,5542
IIFLSEC,24-DEC-2020,45.0,46.0,45.0,45.25,263699,174557,1026
IIFLWAM,24-DEC-2020,1004.4,1024.15,975.0,983.45,21165,15978,3138
IMFA,24-DEC-2020,276.95,287.3,275.0,277.45,24846,12314,999
IMPAL,24-DEC-2020,609.75,611.95,557.95,585.95,44949,44234,301
INDBANK,24-DEC-2020,11.85,12.2,11.15,11.35,148053,88581,630
INDHOTEL,24-DEC-2020,126.45,126.7,120.6,121.35,1776314,698403,14960
INDIACEM,24-DEC-2020,144.65,149.65,142.3,144.55,1213879,332648,10276
INDIAGLYCO,24-DEC-2020,285.8,292.0,284.15,288.3,77873,33134,2439
INDIAMART,24-DEC-2020,6050.0,6274.85,5995.0,6211.65,101942,46174,16916
INDIANB,24-DEC-2020,86.0,87.95,85.9,86.4,2513484,768126,12868
INDIANCARD,24-DEC-2020,124.0,132.0,124.0,129.9,5647,3551,242
INDIANHUME,24-DEC-2020,181.2,188.0,181.2,184.0,31049,17067,915
INDIGO,24-DEC-2020,1650.0,1673.0,1615.15,1643.8,1599459,162935,45542
INDNIPPON,24-DEC-2020,374.8,375.0,359.0,360.95,17119,11118,992
INDOCO,24-DEC-2020,284.9,295.6,280.5,294.55,310629,170956,7797
INDORAMA,24-DEC-2020,38.75,38.75,36.3,37.35,100104,75111,629
INDOSTAR,24-DEC-2020,326.5,339.85,318.55,322.45,42424,15644,1766
INDOTECH,24-DEC-2020,112.5,127.9,108.45,121.1,277652,89982,2554
INDOTHAI,24-DEC-2020,25.6,26.1,24.7,25.85,10626,8901,60
INDRAMEDCO,24-DEC-2020,58.2,58.9,57.1,58.25,309792,84342,3748
INDSWFTLAB,24-DEC-2020,61.15,61.15,59.55,61.15,57989,46898,128
INDTERRAIN,24-DEC-2020,34.9,35.0,34.05,34.2,370827,216478,1117
INDUSINDBK,24-DEC-2020,862.0,870.0,849.1,852.8,10293688,2758347,157849
INDUSTOWER,24-DEC-2020,237.6,243.5,235.15,239.1,3503211,1154348,24291
INEOSSTYRO,24-DEC-2020,799.0,799.0,765.0,771.0,9753,6178,816
INFIBEAM,24-DEC-2020,87.0,93.0,84.8,86.2,497533,369163,2935
INFOBEAN,24-DEC-2020,134.7,134.7,128.0,132.15,21899,14096,420
INFRABEES,24-DEC-2020,373.95,384.0,369.01,375.19,1389,986,54
INFY,24-DEC-2020,1249.9,1249.9,1226.0,1236.05,7313885,2637421,172066
INGERRAND,24-DEC-2020,637.0,637.0,628.05,631.5,11152,7375,896
INOXLEISUR,24-DEC-2020,282.9,282.9,276.6,278.05,490192,221139,12056
INOXWIND,24-DEC-2020,59.2,60.95,58.0,59.55,196552,152817,1048
INSECTICID,24-DEC-2020,453.0,472.2,453.0,460.65,20580,9524,1591
INSPIRISYS,24-DEC-2020,34.95,35.85,33.0,33.4,18609,12288,175
INTELLECT,24-DEC-2020,313.0,316.65,302.55,304.0,158390,92793,4306
INTENTECH,24-DEC-2020,41.45,45.45,41.45,44.2,82109,47417,695
INVENTURE,24-DEC-2020,17.25,17.3,16.3,16.95,68816,56604,245
IOB,24-DEC-2020,10.8,10.85,10.55,10.6,1977841,607043,2564
IOC,24-DEC-2020,88.25,91.25,88.25,90.25,21997837,3339294,57440
IOLCP,24-DEC-2020,720.0,729.85,711.0,714.5,151246,66423,8537
IPCALAB,24-DEC-2020,2160.1,2189.4,2155.0,2164.2,209013,104206,17476
IRB,24-DEC-2020,105.25,109.7,105.25,107.2,240030,101824,3146
IRCON,24-DEC-2020,88.9,88.9,86.2,87.1,782825,363175,19090
IRCTC,24-DEC-2020,1421.0,1428.4,1403.2,1408.95,1242982,426031,41958
ISEC,24-DEC-2020,453.85,456.5,448.9,449.45,316322,170701,12102
ISFT,24-DEC-2020,66.9,67.5,65.0,65.75,9686,5503,192
ISMTLTD,24-DEC-2020,12.3,12.3,11.4,11.9,164212,116715,401
ITC,24-DEC-2020,210.0,210.65,205.6,208.6,22768284,5342678,121521
ITDC,24-DEC-2020,345.0,354.0,335.0,344.3,3277509,369562,57382
ITDCEM,24-DEC-2020,60.35,61.6,57.7,58.0,652862,316502,5605
ITI,24-DEC-2020,127.85,130.75,127.3,128.05,725599,211830,9340
IVZINGOLD,24-DEC-2020,4540.0,4590.0,4510.0,4580.25,64,44,16
IZMO,24-DEC-2020,51.7,51.7,48.6,50.05,42119,23339,517
J&KBANK,24-DEC-2020,23.45,23.45,22.95,23.1,1367174,736564,3445
JAGRAN,24-DEC-2020,42.95,42.95,41.3,41.95,236630,128423,1645
JAGSNPHARM,24-DEC-2020,73.35,73.5,69.4,70.55,142494,74350,1499
JAIBALAJI,24-DEC-2020,18.0,18.2,17.45,17.5,15335,12733,83
JAICORPLTD,24-DEC-2020,90.8,92.45,90.15,91.2,749337,183578,5367
JAMNAAUTO,24-DEC-2020,58.0,59.35,56.5,58.3,1404811,717409,10938
JASH,24-DEC-2020,218.05,234.0,215.95,219.7,8528,5484,243
JAYAGROGN,24-DEC-2020,117.5,121.0,110.45,112.3,48125,20748,1845
JAYBARMARU,24-DEC-2020,239.65,245.95,238.0,240.0,22173,10083,816
JAYSREETEA,24-DEC-2020,71.05,71.35,68.5,69.15,85178,45110,1252
JBCHEPHARM,24-DEC-2020,1054.85,1059.7,1021.0,1031.95,102176,81307,6319
JBMA,24-DEC-2020,262.7,269.9,259.5,263.5,21487,12467,776
JCHAC,24-DEC-2020,2280.0,2562.5,2240.0,2530.25,243923,45342,25911
JHS,24-DEC-2020,20.9,22.55,20.9,22.3,76010,59875,342
JINDALPOLY,24-DEC-2020,469.95,473.65,462.0,464.8,11134,6333,640
JINDALSAW,24-DEC-2020,75.2,75.95,72.35,73.25,974718,393950,5308
JINDALSTEL,24-DEC-2020,264.75,269.5,258.0,259.25,10510931,1413030,117714
JINDRILL,24-DEC-2020,82.95,86.05,82.2,83.9,56615,37521,964
JINDWORLD,24-DEC-2020,54.7,57.0,53.3,56.3,257408,47318,3349
JISLDVREQS,24-DEC-2020,12.65,12.75,11.9,12.1,27520,21548,194
JISLJALEQS,24-DEC-2020,18.25,18.7,17.9,18.1,1297110,810482,2238
JKCEMENT,24-DEC-2020,1945.0,1980.0,1902.0,1913.2,57326,24939,5532
JKIL,24-DEC-2020,131.0,132.45,128.0,128.9,53655,33822,961
JKLAKSHMI,24-DEC-2020,343.0,345.0,335.05,337.1,203891,108566,6767
JKPAPER,24-DEC-2020,108.2,109.15,105.65,106.15,1027165,397386,8931
JKTYRE,24-DEC-2020,75.3,75.45,72.0,72.85,1035342,482363,9207
JMA,24-DEC-2020,32.2,33.0,32.15,32.75,11817,11013,62
JMCPROJECT,24-DEC-2020,65.8,66.55,64.4,64.9,100474,57871,1045
JMFINANCIL,24-DEC-2020,84.9,85.9,83.8,85.25,1575922,848557,13908
JMTAUTOLTD,24-DEC-2020,2.6,2.65,2.55,2.6,420676,278364,443
JOCIL,24-DEC-2020,176.45,178.1,167.2,171.15,4961,3409,161
JPASSOCIAT,24-DEC-2020,6.5,6.5,5.95,6.15,57093673,28362096,13085
JPPOWER,24-DEC-2020,3.3,3.35,3.1,3.15,21249301,11623523,5904
JSL,24-DEC-2020,71.95,74.25,71.2,72.1,1684684,655104,7717
JSLHISAR,24-DEC-2020,146.0,153.8,142.35,145.25,1244298,349400,15067
JSWENERGY,24-DEC-2020,69.5,70.15,68.0,68.3,1207158,573147,4818
JSWHL,24-DEC-2020,4008.2,4039.9,3933.95,3983.25,21207,20460,377
JSWISPL,24-DEC-2020,27.65,28.1,27.0,27.95,481611,373430,918
JSWSTEEL,24-DEC-2020,367.9,378.95,365.0,366.25,8104991,1123259,64943
JTEKTINDIA,24-DEC-2020,87.9,90.45,86.5,87.3,245976,99588,2625
JUBILANT,24-DEC-2020,830.0,875.0,828.0,865.45,1685236,695041,46726
JUBLFOOD,24-DEC-2020,2790.0,2792.4,2694.0,2707.5,877167,127248,51748
JUBLINDS,24-DEC-2020,235.0,242.05,232.0,236.05,29907,15597,1058
JUMPNET,24-DEC-2020,15.25,15.25,15.25,15.25,24671,24536,140
JUNIORBEES,24-DEC-2020,343.0,343.0,321.0,334.94,79936,64151,6183
JUSTDIAL,24-DEC-2020,625.0,634.0,612.15,617.05,628958,103868,21775
JYOTHYLAB,24-DEC-2020,141.35,150.85,141.35,148.3,1443350,788650,14569
KABRAEXTRU,24-DEC-2020,103.0,103.0,96.55,97.4,50051,35745,864
KAJARIACER,24-DEC-2020,701.15,709.9,680.1,689.2,399181,267808,13258
KAKATCEM,24-DEC-2020,187.95,192.3,182.4,185.0,19154,11764,658
KALPATPOWR,24-DEC-2020,307.0,313.5,298.05,307.15,360882,144221,8774
KAMATHOTEL,24-DEC-2020,38.7,41.95,38.05,38.35,276248,126642,2042
KAMDHENU,24-DEC-2020,105.9,108.0,102.15,103.0,53440,34295,870
KANANIIND,24-DEC-2020,3.9,3.9,3.65,3.75,5065,3140,25
KANORICHEM,24-DEC-2020,43.85,43.9,42.4,42.75,34062,21124,257
KANSAINER,24-DEC-2020,571.7,585.0,556.1,561.05,509203,305001,29049
KARDA,24-DEC-2020,114.45,117.85,113.0,113.95,44923,40036,192
KARMAENG,24-DEC-2020,13.0,13.0,12.3,12.8,2779,2245,33
KARURVYSYA,24-DEC-2020,46.3,47.0,45.1,45.45,1904398,808722,6588
KAYA,24-DEC-2020,270.0,279.0,265.0,269.7,18646,12692,1404
KCP,24-DEC-2020,69.9,70.5,67.8,68.4,274656,162666,1917
KCPSUGIND,24-DEC-2020,16.45,17.85,16.0,16.4,1989352,497409,3403
KDDL,24-DEC-2020,209.9,211.0,197.0,209.85,4316,3130,168
KEC,24-DEC-2020,360.5,369.75,360.3,365.05,165476,91228,4486
KECL,24-DEC-2020,12.8,13.05,12.45,13.05,158045,96060,608
KEERTI,24-DEC-2020,26.0,26.9,26.0,26.9,706,706,5
KEI,24-DEC-2020,490.0,490.0,480.35,482.25,63457,36009,3843
KELLTONTEC,24-DEC-2020,74.4,74.4,70.5,72.45,2499837,1393598,3442
KENNAMET,24-DEC-2020,889.9,891.65,860.85,870.05,2047,1445,315
KESORAMIND,24-DEC-2020,63.15,64.4,60.0,60.6,1066781,531066,5486
KEYFINSERV,24-DEC-2020,80.0,83.45,80.0,83.2,5944,3872,150
KHADIM,24-DEC-2020,121.45,122.25,117.3,118.05,109528,45946,2514
KHAICHEM,24-DEC-2020,25.65,26.3,24.55,24.9,512923,144050,3867
KHANDSE,24-DEC-2020,21.15,21.15,21.15,21.15,11015,10014,56
KICL,24-DEC-2020,1390.0,1391.9,1369.95,1388.5,1653,1178,234
KINGFA,24-DEC-2020,568.55,584.0,555.4,564.45,1928,1044,364
KIOCL,24-DEC-2020,150.55,150.55,141.6,144.35,107233,66361,2473
KIRIINDUS,24-DEC-2020,572.4,573.75,540.6,544.55,346585,166318,9518
KIRLFER,24-DEC-2020,138.9,139.95,135.0,135.95,59916,38231,2001
KIRLOSBROS,24-DEC-2020,124.95,127.95,124.0,124.9,108455,57494,1856
KIRLOSENG,24-DEC-2020,115.85,117.3,112.85,114.8,97738,65381,2305
KIRLOSIND,24-DEC-2020,800.0,815.0,790.0,792.5,1823,880,209
KITEX,24-DEC-2020,108.7,110.9,107.1,108.05,121989,62451,1889
KKCL,24-DEC-2020,819.95,838.0,788.0,793.95,1805,1107,209
KMSUGAR,24-DEC-2020,12.0,12.35,11.45,11.8,375024,168366,862
KNRCON,24-DEC-2020,334.0,337.9,326.0,327.65,303362,166388,6547
KOKUYOCMLN,24-DEC-2020,65.85,68.5,64.5,65.65,399972,84341,4224
KOLTEPATIL,24-DEC-2020,238.85,245.95,226.55,239.15,490207,93043,11227
KOPRAN,24-DEC-2020,128.5,131.25,127.65,130.35,250183,164869,2691
KOTAKBANK,24-DEC-2020,1918.0,1978.0,1917.0,1960.6,3337164,1305455,103380
KOTAKBKETF,24-DEC-2020,302.5,307.75,302.5,306.91,22804,13529,468
KOTAKGOLD,24-DEC-2020,437.6,439.9,437.15,438.2,35206,28752,809
KOTAKNIFTY,24-DEC-2020,142.0,143.66,142.0,143.42,27106,22413,525
KOTAKNV20,24-DEC-2020,71.6,73.44,71.35,72.1,3728,2036,85
KOTAKPSUBK,24-DEC-2020,168.0,172.0,166.0,168.56,16649,10473,321
KOTARISUG,24-DEC-2020,19.6,19.95,18.5,18.8,54270,31986,216
KOTHARIPET,24-DEC-2020,20.5,21.45,19.55,20.7,201911,128186,666
KOTHARIPRO,24-DEC-2020,71.8,71.8,67.0,67.3,8177,6220,173
KPITTECH,24-DEC-2020,122.95,123.7,118.0,119.2,1378861,631892,19790
KPRMILL,24-DEC-2020,886.5,892.0,869.0,875.25,27693,12321,2571
KRBL,24-DEC-2020,248.25,249.1,244.75,247.5,200817,106519,3455
KREBSBIO,24-DEC-2020,112.7,115.45,106.95,114.8,32582,24422,707
KSB,24-DEC-2020,628.0,630.65,612.0,624.0,19370,8885,1853
KSCL,24-DEC-2020,514.8,522.3,510.1,511.25,174405,77949,5431
KSL,24-DEC-2020,262.9,276.9,262.0,269.5,618837,250805,11693
KTKBANK,24-DEC-2020,54.1,55.6,53.9,54.55,2397858,693383,7457
KUANTUM,24-DEC-2020,52.25,52.4,50.35,50.9,12815,5327,468
KWALITY,24-DEC-2020,3.05,3.2,3.0,3.15,634786,272087,576
L&TFH,24-DEC-2020,90.3,91.95,89.65,90.4,16900233,4133206,46371
LALPATHLAB,24-DEC-2020,2249.0,2293.0,2222.65,2272.1,119621,54730,12454
LAMBODHARA,24-DEC-2020,50.5,50.65,46.0,47.35,32164,18450,450
LAOPALA,24-DEC-2020,227.45,229.9,222.35,227.4,232167,144141,3540
LASA,24-DEC-2020,83.75,84.6,81.6,82.2,67934,35167,1099
LAURUSLABS,24-DEC-2020,347.0,354.4,346.0,348.3,2543680,1090370,33855
LAXMIMACH,24-DEC-2020,4785.0,4865.25,4647.0,4684.4,5090,2586,1723
LEMONTREE,24-DEC-2020,42.0,42.55,38.5,39.5,4118618,2059609,14463
LFIC,24-DEC-2020,71.2,71.2,65.4,66.95,1017,566,27
LGBBROSLTD,24-DEC-2020,272.0,276.0,262.65,271.85,53039,31804,1624
LIBAS,24-DEC-2020,31.95,33.1,31.5,32.8,83966,32888,535
LIBERTSHOE,24-DEC-2020,146.5,147.8,144.65,145.5,66146,24463,1435
LICHSGFIN,24-DEC-2020,359.95,370.75,359.1,362.25,7350846,1158407,72185
LICNETFGSC,24-DEC-2020,22.73,22.73,21.8,21.82,124945,111221,142
LICNETFN50,24-DEC-2020,137.01,139.0,136.31,137.05,1711,1523,78
LICNETFSEN,24-DEC-2020,488.4,495.0,480.2,480.2,107,73,36
LICNFNHGP,24-DEC-2020,133.3,137.99,133.3,136.38,153,133,27
LIKHITHA,24-DEC-2020,159.5,160.0,155.5,156.3,116354,35468,3508
LINCOLN,24-DEC-2020,227.3,228.65,218.05,221.0,85710,49073,2424
LINCPEN,24-DEC-2020,178.2,184.0,178.15,179.3,3958,2621,180
LINDEINDIA,24-DEC-2020,963.0,996.95,952.85,965.1,95596,34067,7512
LIQUIDBEES,24-DEC-2020,1000.93,1000.93,999.13,1000.0,921299,784271,3867
LIQUIDETF,24-DEC-2020,1000.04,1000.04,999.99,1000.0,19414,14083,87
LOKESHMACH,24-DEC-2020,30.15,32.8,30.05,32.25,109435,60351,483
LOTUSEYE,24-DEC-2020,31.3,32.4,30.25,30.8,39764,35259,205
LPDC,24-DEC-2020,1.7,1.8,1.7,1.75,3138,3129,15
LT,24-DEC-2020,1275.0,1281.0,1253.5,1262.2,3277840,1012481,81994
LTI,24-DEC-2020,3674.95,3674.95,3601.0,3625.6,239343,82227,34554
LTTS,24-DEC-2020,2333.95,2390.0,2285.35,2348.65,372973,120857,25541
LUMAXIND,24-DEC-2020,1385.5,1416.95,1375.1,1385.85,3880,1955,613
LUMAXTECH,24-DEC-2020,128.0,128.0,123.0,125.15,45432,28489,1229
LUPIN,24-DEC-2020,969.0,981.5,961.85,976.2,2227518,514864,43242
LUXIND,24-DEC-2020,1604.95,1618.7,1593.25,1599.35,41736,10702,1648
LYKALABS,24-DEC-2020,23.3,23.3,22.35,23.3,285745,203511,875
M&M,24-DEC-2020,712.5,722.55,700.1,710.9,3373695,944838,68218
M&MFIN,24-DEC-2020,174.45,176.75,171.1,171.5,5936999,1561557,31907
M100,24-DEC-2020,22.0,23.0,21.43,21.62,86013,62555,514
M50,24-DEC-2020,134.35,134.49,132.88,133.87,3422,3155,40
MAANALU,24-DEC-2020,84.6,87.7,83.25,83.55,27711,10875,883
MACPOWER,24-DEC-2020,96.6,97.0,90.6,92.2,15042,10472,214
MADHAV,24-DEC-2020,40.45,40.5,36.55,37.05,40539,21484,494
MADRASFERT,24-DEC-2020,20.55,21.15,19.6,20.05,288243,118749,1048
MAESGETF,24-DEC-2020,23.52,24.63,22.77,23.67,76417,74435,802
MAGADSUGAR,24-DEC-2020,116.15,120.5,114.1,118.65,28732,14902,710
MAGMA,24-DEC-2020,41.4,41.95,40.1,41.35,497519,241936,3474
MAGNUM,24-DEC-2020,4.85,5.1,4.6,4.85,16445,13607,46
MAHABANK,24-DEC-2020,13.65,13.7,13.05,13.25,2598079,1232003,4007
MAHASTEEL,24-DEC-2020,98.0,99.8,96.15,97.2,21132,4519,383
MAHEPC,24-DEC-2020,161.8,165.0,158.1,161.05,321877,144052,5199
MAHINDCIE,24-DEC-2020,160.2,165.85,160.2,163.55,119859,75854,3246
MAHLIFE,24-DEC-2020,337.65,338.75,333.35,335.2,11362,6067,796
MAHLOG,24-DEC-2020,409.0,430.0,404.1,411.8,141036,117201,4437
MAHSCOOTER,24-DEC-2020,3687.25,3765.0,3687.25,3731.8,4521,1998,1005
MAHSEAMLES,24-DEC-2020,331.0,342.9,331.0,332.95,112455,50715,3555
MAITHANALL,24-DEC-2020,539.0,547.0,529.75,530.75,25716,12972,1975
MAJESCO,24-DEC-2020,12.8,12.8,12.8,12.8,9854,9854,390
MAN50ETF,24-DEC-2020,139.26,140.5,139.26,140.47,20943,20591,250
MANAKALUCO,24-DEC-2020,8.75,8.75,8.25,8.4,4601,3807,67
MANAKCOAT,24-DEC-2020,7.6,7.6,7.0,7.0,99799,61137,205
MANAKSIA,24-DEC-2020,56.15,56.55,54.65,55.5,66149,40288,880
MANAKSTEEL,24-DEC-2020,20.2,20.25,19.15,20.25,108305,76056,405
MANALIPETC,24-DEC-2020,33.15,36.2,32.65,35.4,3118415,1283187,9712
MANAPPURAM,24-DEC-2020,165.95,167.5,163.5,164.05,4039264,1312072,23325
MANGALAM,24-DEC-2020,136.9,138.65,133.0,133.8,61715,26758,933
MANGCHEFER,24-DEC-2020,42.95,43.4,40.35,40.95,999682,705492,12767
MANGLMCEM,24-DEC-2020,220.0,224.5,218.0,220.65,31270,16332,1261
MANGTIMBER,24-DEC-2020,8.9,9.0,8.45,8.9,3248,2878,19
MANINDS,24-DEC-2020,80.7,81.8,78.0,78.55,309540,179098,4881
MANINFRA,24-DEC-2020,33.4,33.6,32.1,32.6,433236,214667,2028
MANUGRAPH,24-DEC-2020,11.1,11.7,10.6,11.3,3577,1874,84
MANXT50,24-DEC-2020,319.35,321.43,317.53,319.06,2756,2052,79
MARATHON,24-DEC-2020,97.95,101.0,92.15,95.3,125390,86896,608
MARICO,24-DEC-2020,408.0,412.25,399.0,401.3,2539386,634445,35758
MARINE,24-DEC-2020,206.0,221.8,206.0,219.4,136023,24052,1037
MARKSANS,24-DEC-2020,59.5,59.7,57.75,58.05,1093070,639900,5275
MARUTI,24-DEC-2020,7507.25,7532.75,7414.2,7446.05,589281,112711,50741
MASFIN,24-DEC-2020,922.0,952.0,909.65,922.6,39258,14029,3139
MASTEK,24-DEC-2020,1120.0,1133.05,1080.0,1097.25,94633,38648,6841
MATRIMONY,24-DEC-2020,815.0,824.9,810.0,816.0,5059,3394,288
MAXHEALTH,24-DEC-2020,142.8,144.4,141.0,141.4,246100,140578,4155
MAXIND,24-DEC-2020,60.45,61.65,59.65,59.9,164232,97697,1335
MAXVIL,24-DEC-2020,43.4,43.4,40.7,41.55,95562,68057,743
MAYURUNIQ,24-DEC-2020,291.15,293.45,284.05,287.2,44126,28598,1414
MAZDA,24-DEC-2020,534.95,537.1,508.0,514.6,16192,11166,887
MAZDOCK,24-DEC-2020,215.75,218.2,210.15,212.4,1053802,368484,15629
MBLINFRA,24-DEC-2020,19.05,19.05,18.7,19.05,358978,177178,504
MCDOWELL-N,24-DEC-2020,565.35,576.7,565.0,569.35,1878518,544128,31327
MCL,24-DEC-2020,106.3,107.0,98.9,99.45,41129,31458,479
MCLEODRUSS,24-DEC-2020,22.0,22.7,21.05,21.2,475007,345062,1235
MCX,24-DEC-2020,1678.0,1742.0,1678.0,1731.7,326932,123409,23551
MEGASOFT,24-DEC-2020,9.55,9.75,9.0,9.25,68179,55091,174
MEGH,24-DEC-2020,80.25,80.65,78.0,78.8,633224,318986,4166
MEP,24-DEC-2020,17.05,17.4,16.4,16.6,210006,122506,671
METROPOLIS,24-DEC-2020,1968.0,1975.0,1936.0,1949.1,78868,40661,10482
MFSL,24-DEC-2020,686.0,697.5,672.0,682.3,2212430,500909,47373
MGEL,24-DEC-2020,48.35,56.95,46.5,48.55,34401,23765,485
MGL,24-DEC-2020,1061.9,1072.2,1046.5,1051.0,384752,63556,12464
MHRIL,24-DEC-2020,207.15,207.95,200.1,200.85,134144,106650,3687
MIDHANI,24-DEC-2020,198.8,213.9,198.65,205.9,1213663,220600,17643
MINDACORP,24-DEC-2020,86.9,89.8,86.0,88.4,965974,482569,7688
MINDAIND,24-DEC-2020,396.0,405.45,396.0,401.8,102120,58205,4688
MINDTECK,24-DEC-2020,45.7,46.3,44.75,46.3,33168,26726,262
MINDTREE,24-DEC-2020,1600.0,1622.8,1570.15,1597.7,1576565,212311,59237
MIRCELECTR,24-DEC-2020,12.4,12.55,11.8,12.3,703520,473817,1044
MIRZAINT,24-DEC-2020,54.9,55.5,53.8,54.0,267648,135578,1845
MITTAL,24-DEC-2020,12.45,12.5,11.4,11.45,179405,104298,511
MMFL,24-DEC-2020,412.5,412.5,399.05,404.9,10033,6900,777
MMP,24-DEC-2020,80.05,86.0,78.05,81.35,4350,3532,118
MMTC,24-DEC-2020,23.6,24.25,22.55,23.05,3053822,800751,6010
MOHOTAIND,24-DEC-2020,8.8,9.8,8.45,8.55,268789,127883,399
MOIL,24-DEC-2020,136.25,142.0,136.25,138.75,407873,151276,4612
MOLDTKPAC,24-DEC-2020,285.0,286.0,276.4,281.8,28276,17547,1128
MONTECARLO,24-DEC-2020,250.9,252.0,241.4,243.85,33501,18329,1477
MOREPENLAB,24-DEC-2020,30.2,30.5,29.5,29.7,1450820,658647,4235
MOTHERSUMI,24-DEC-2020,152.05,155.4,151.55,154.05,8304064,2710430,36155
MOTILALOFS,24-DEC-2020,620.0,627.6,602.7,611.45,71162,42809,4136
MPHASIS,24-DEC-2020,1572.8,1584.9,1535.05,1554.55,573967,222575,25585
MPSLTD,24-DEC-2020,360.95,370.85,360.0,362.95,8519,4528,453
MRF,24-DEC-2020,76400.0,76549.95,75550.0,75892.35,14445,4286,6607
MRO-TEK,24-DEC-2020,34.6,37.5,34.05,36.2,36136,32938,245
MRPL,24-DEC-2020,34.2,34.95,33.25,34.15,3086160,1209730,8422
MSPL,24-DEC-2020,8.3,9.1,8.3,8.35,145557,109676,258
MSTCLTD,24-DEC-2020,169.9,171.7,164.0,164.55,1132569,580426,12403
MTEDUCARE,24-DEC-2020,10.2,10.2,9.8,9.9,118237,97115,321
MTNL,24-DEC-2020,14.8,14.8,13.35,13.9,5287751,2034877,8051
MUKANDENGG,24-DEC-2020,12.2,12.9,11.85,12.2,7575,6521,54
MUKANDLTD,24-DEC-2020,60.25,61.2,59.55,59.65,30451,20798,236
MUKTAARTS,24-DEC-2020,32.15,32.65,30.6,31.15,18732,15476,203
MUNJALAU,24-DEC-2020,58.75,59.35,57.75,58.5,157858,75751,2010
MUNJALSHOW,24-DEC-2020,137.55,144.8,137.55,142.25,49023,25634,1056
MURUDCERA,24-DEC-2020,21.4,21.5,20.1,20.3,140673,78563,676
MUTHOOTCAP,24-DEC-2020,403.55,425.0,399.0,404.6,37254,27436,832
MUTHOOTFIN,24-DEC-2020,1200.0,1204.15,1185.0,1187.95,807787,223664,28974
N100,24-DEC-2020,941.0,941.0,917.11,920.15,21456,17297,1048
NACLIND,24-DEC-2020,42.7,42.7,41.5,42.1,34285,25923,364
NAGREEKCAP,24-DEC-2020,5.55,6.0,5.55,6.0,23,23,2
NAGREEKEXP,24-DEC-2020,17.65,19.0,17.6,18.5,34201,28768,162
NAHARCAP,24-DEC-2020,89.5,97.65,85.0,91.75,107196,38412,1421
NAHARPOLY,24-DEC-2020,98.0,103.0,93.4,95.9,780197,300492,8267
NAHARSPING,24-DEC-2020,76.7,81.8,74.0,77.4,121259,77257,1574
NAM-INDIA,24-DEC-2020,304.2,307.95,301.45,304.85,758467,493578,27051
NATCOPHARM,24-DEC-2020,926.0,943.4,922.4,932.0,249362,167587,11963
NATHBIOGEN,24-DEC-2020,271.95,278.0,270.2,272.65,128742,65788,5219
NATIONALUM,24-DEC-2020,41.4,42.6,40.65,40.9,17138511,3097848,20240
NAUKRI,24-DEC-2020,4640.0,4700.0,4608.7,4623.35,254033,85922,25570
NAVINFLUOR,24-DEC-2020,2550.0,2574.9,2516.15,2550.0,44173,21026,8459
NAVKARCORP,24-DEC-2020,38.55,38.85,37.65,38.15,504637,249034,1959
NAVNETEDUL,24-DEC-2020,83.1,84.0,81.6,82.85,281811,177397,3519
NBCC,24-DEC-2020,29.75,30.45,29.5,29.75,9682506,2872692,14388
NBIFIN,24-DEC-2020,1635.2,1683.85,1610.0,1631.15,151,119,29
NBVENTURES,24-DEC-2020,56.1,56.1,54.45,54.8,530970,313279,3418
NCC,24-DEC-2020,57.4,58.4,54.6,57.45,16677325,3834452,44204
NCLIND,24-DEC-2020,139.9,145.8,138.5,143.2,375435,175842,5142
NCPSESDL24,24-DEC-2020,102.95,102.98,102.95,102.95,14003,14003,6
NDGL,24-DEC-2020,615.95,657.0,615.95,657.0,32,10,7
NDL,24-DEC-2020,27.7,27.7,26.0,26.95,51150,40084,417
NDRAUTO,24-DEC-2020,209.0,212.65,198.0,200.25,12975,9793,390
NDTV,24-DEC-2020,39.95,40.0,38.65,39.45,42529,32575,235
NECCLTD,24-DEC-2020,10.7,10.7,10.0,10.15,89805,82450,219
NECLIFE,24-DEC-2020,22.25,22.6,21.2,21.55,562850,314413,1639
NELCAST,24-DEC-2020,63.0,63.45,61.05,61.35,107838,76890,1198
NELCO,24-DEC-2020,196.9,197.7,191.9,193.65,44458,20374,1382
NEOGEN,24-DEC-2020,732.0,776.3,723.05,748.1,116109,32813,6274
NESCO,24-DEC-2020,527.35,551.0,527.35,543.2,125945,69464,5117
NESTLEIND,24-DEC-2020,18612.2,18830.0,18372.6,18566.35,125437,38503,25355
NETF,24-DEC-2020,165.28,165.28,165.28,165.28,152,135,29
NETFCONSUM,24-DEC-2020,62.6,65.0,62.37,62.75,12390,12147,65
NETFDIVOPP,24-DEC-2020,31.6,35.7,31.11,33.89,1035,965,67
NETFIT,24-DEC-2020,24.89,24.89,24.05,24.23,644095,461732,2137
NETFLTGILT,24-DEC-2020,22.35,22.37,22.31,22.36,41361,40665,82
NETFMID150,24-DEC-2020,77.6,78.5,76.56,78.0,163924,108388,594
NETFNIF100,24-DEC-2020,144.1,150.0,139.0,139.44,944,769,107
NETFNV20,24-DEC-2020,70.86,74.0,70.86,72.73,10396,10110,68
NETWORK18,24-DEC-2020,37.2,38.25,36.5,36.65,1602178,583353,4439
NEULANDLAB,24-DEC-2020,1085.2,1108.65,1062.0,1081.75,76395,39352,5302
NEWGEN,24-DEC-2020,275.4,277.0,266.75,269.9,52484,21018,2283
NFL,24-DEC-2020,37.9,38.45,36.8,37.05,1286808,507693,4568
NH,24-DEC-2020,429.1,434.0,421.2,431.15,217503,129299,18020
NHPC,24-DEC-2020,22.9,23.4,22.6,23.15,11798558,5150011,17726
NIACL,24-DEC-2020,127.0,139.75,125.05,132.25,3394585,679292,42012
NIFTYBEES,24-DEC-2020,154.7,154.7,144.45,146.52,1837640,762454,15633
NIFTYEES,24-DEC-2020,17500.0,17500.0,17500.0,17500.0,1,1,1
NIITLTD,24-DEC-2020,195.15,205.0,195.1,200.45,4151045,1285793,39215
NILAINFRA,24-DEC-2020,5.75,5.75,5.3,5.4,373421,271800,331
NILKAMAL,24-DEC-2020,1423.35,1445.0,1416.55,1425.2,8337,6160,1107
NIPPOBATRY,24-DEC-2020,640.0,645.0,625.65,632.0,4427,2321,515
NITCO,24-DEC-2020,24.2,25.4,24.2,25.4,64030,46068,423
NKIND,24-DEC-2020,24.2,24.2,21.1,22.25,6792,5996,80
NLCINDIA,24-DEC-2020,54.6,54.9,53.8,54.0,814584,464130,5389
NMDC,24-DEC-2020,112.35,115.4,109.7,113.35,14584792,3087694,47090
NOCIL,24-DEC-2020,145.0,146.55,143.0,143.75,748358,292682,6960
NORBTEAEXP,24-DEC-2020,9.15,9.35,8.65,9.25,7164,5785,37
NOVARTIND,24-DEC-2020,705.6,712.0,689.0,694.45,13337,8486,1009
NPBET,24-DEC-2020,159.75,162.47,155.2,161.49,120,117,14
NRAIL,24-DEC-2020,228.0,233.95,222.25,224.6,16200,10922,613
NRBBEARING,24-DEC-2020,102.0,103.25,97.15,98.05,880001,433562,8400
NSIL,24-DEC-2020,889.7,913.4,881.0,888.3,2015,1709,162
NTL,24-DEC-2020,1.25,1.25,1.15,1.15,102531,81482,72
NTPC,24-DEC-2020,99.3,101.5,99.0,99.95,23052394,4374806,59423
NUCLEUS,24-DEC-2020,611.55,621.95,585.65,599.85,83774,44507,4129
NXTDIGITAL,24-DEC-2020,548.75,550.0,527.0,530.05,3478,2451,346
OAL,24-DEC-2020,536.0,564.0,536.0,546.75,20521,12475,1195
OBEROIRLTY,24-DEC-2020,553.0,564.8,521.35,533.2,714037,213484,38756
OCCL,24-DEC-2020,829.95,835.0,823.85,826.15,3339,2323,622
OFSS,24-DEC-2020,3159.6,3272.0,3151.0,3220.0,137758,75841,13569
OIL,24-DEC-2020,106.3,111.2,106.1,108.9,2305243,459435,14899
OLECTRA,24-DEC-2020,113.5,115.5,110.0,113.8,383640,244431,3815
OMAXAUTO,24-DEC-2020,44.3,44.9,42.3,44.15,19611,11067,449
OMAXE,24-DEC-2020,83.4,83.4,78.15,79.85,35325,25535,489
OMMETALS,24-DEC-2020,21.15,21.15,19.3,19.45,68196,48045,349
ONGC,24-DEC-2020,92.5,95.5,92.15,93.15,46351620,8291050,164672
ONMOBILE,24-DEC-2020,56.65,58.0,55.75,56.1,361969,233837,1742
ONWARDTEC,24-DEC-2020,98.0,98.0,88.3,89.05,462283,227423,5656
ORBTEXP,24-DEC-2020,66.9,67.85,66.0,66.9,10331,8049,188
ORICONENT,24-DEC-2020,22.15,22.85,21.05,21.6,96566,60179,561
ORIENTABRA,24-DEC-2020,22.0,23.55,21.65,22.4,494835,212808,1459
ORIENTALTL,24-DEC-2020,10.85,11.15,10.8,11.05,308504,301578,90
ORIENTBELL,24-DEC-2020,184.8,199.0,181.0,185.8,261512,107196,5378
ORIENTCEM,24-DEC-2020,84.85,87.1,81.1,83.65,641401,251971,4408
ORIENTELEC,24-DEC-2020,221.35,225.0,218.5,220.3,82020,38258,3907
ORIENTHOT,24-DEC-2020,25.85,26.55,25.0,25.45,56754,28600,398
ORIENTLTD,24-DEC-2020,80.75,83.5,75.15,78.95,1388,1203,56
ORIENTPPR,24-DEC-2020,21.2,21.4,20.45,20.7,612198,307744,1701
ORIENTREF,24-DEC-2020,227.0,230.05,221.05,227.3,53294,37760,1402
ORISSAMINE,24-DEC-2020,2500.2,2574.9,2450.0,2491.25,11221,6285,1750
ORTINLABSS,24-DEC-2020,26.7,26.75,25.15,25.8,25909,15132,231
OSWALAGRO,24-DEC-2020,11.0,11.1,10.6,10.75,66984,51360,326
PAEL,24-DEC-2020,2.35,2.35,2.35,2.35,50,50,2
PAGEIND,24-DEC-2020,27895.0,28020.55,27311.0,27478.5,45833,6297,13369
PAISALO,24-DEC-2020,508.0,530.0,472.95,520.6,3961356,3825505,6026
PANACEABIO,24-DEC-2020,231.9,236.0,230.05,231.15,167716,86385,2887
PANACHE,24-DEC-2020,39.25,40.8,39.1,39.9,17359,2015,57
PANAMAPET,24-DEC-2020,93.95,104.85,93.95,102.25,844999,293127,8679
PARACABLES,24-DEC-2020,7.45,7.6,7.2,7.25,144177,95628,305
PARAGMILK,24-DEC-2020,113.15,114.9,110.65,111.2,457897,227708,4585
PATELENG,24-DEC-2020,15.9,15.9,15.1,15.25,564254,379122,1544
PATINTLOG,24-DEC-2020,31.1,32.0,30.05,30.55,93343,41921,711
PCJEWELLER,24-DEC-2020,26.2,26.4,24.7,24.9,4069455,1933476,8161
PDMJEPAPER,24-DEC-2020,24.0,24.1,22.5,22.7,226437,162957,1056
PDSMFL,24-DEC-2020,415.0,424.7,400.0,420.0,116985,107519,621
PEARLPOLY,24-DEC-2020,18.5,19.5,18.1,19.25,2751,2601,26
PEL,24-DEC-2020,1430.5,1440.95,1395.0,1406.6,1137404,155443,39142
PENIND,24-DEC-2020,19.9,21.6,19.35,20.95,512528,272067,3105
PENINLAND,24-DEC-2020,6.8,6.95,6.35,6.35,598855,342182,715
PERSISTENT,24-DEC-2020,1455.0,1472.0,1415.4,1449.45,145244,66932,12102
PETRONET,24-DEC-2020,251.45,253.0,245.15,246.1,3401978,1682847,29697
PFC,24-DEC-2020,114.0,116.65,113.5,114.15,4496131,912321,34716
PFIZER,24-DEC-2020,5223.1,5237.95,5190.2,5225.3,39513,24901,5918
PFOCUS,24-DEC-2020,52.0,52.4,45.75,51.4,859211,282916,5602
PFS,24-DEC-2020,19.9,20.1,19.5,19.65,837781,507364,2096
PGEL,24-DEC-2020,151.85,151.9,145.05,149.0,12465,6388,247
PGHH,24-DEC-2020,11055.85,11198.0,10922.1,11086.95,5290,3441,1487
PGHL,24-DEC-2020,7141.0,7350.0,7050.0,7110.75,28721,11543,6302
PGIL,24-DEC-2020,202.0,202.0,190.0,192.1,7391,4157,322
PHILIPCARB,24-DEC-2020,166.0,166.95,161.2,164.65,1055500,400502,18402
PHOENIXLTD,24-DEC-2020,735.0,747.95,730.05,743.0,45546,22997,2883
PIDILITIND,24-DEC-2020,1745.0,1752.55,1714.6,1731.85,532060,161312,22503
PIIND,24-DEC-2020,2234.9,2262.45,2210.0,2227.0,135757,62381,15383
PILANIINVS,24-DEC-2020,2475.0,2547.95,2463.55,2512.2,13314,3350,1252
PILITA,24-DEC-2020,10.3,10.5,9.5,9.55,116708,53671,245
PIONDIST,24-DEC-2020,114.0,115.0,111.6,112.5,38899,17929,500
PIONEEREMB,24-DEC-2020,32.45,35.8,31.5,34.4,148990,47148,1630
PITTIENG,24-DEC-2020,52.6,57.35,49.4,54.25,589732,192865,3440
PLASTIBLEN,24-DEC-2020,254.0,254.0,247.0,248.65,3096,2053,188
PNB,24-DEC-2020,32.2,32.6,31.4,31.45,111190598,42494277,137705
PNBGILTS,24-DEC-2020,41.6,46.9,40.85,44.85,3202155,755351,11987
PNBHOUSING,24-DEC-2020,354.25,360.5,349.25,354.8,141481,56575,4336
PNC,24-DEC-2020,16.95,18.4,16.3,17.0,159044,82777,664
PNCINFRA,24-DEC-2020,172.55,174.55,167.2,169.95,999833,640132,20467
PODDARHOUS,24-DEC-2020,171.95,177.0,168.0,170.8,1074,699,77
PODDARMENT,24-DEC-2020,183.55,184.4,180.0,182.55,3809,2041,265
POKARNA,24-DEC-2020,174.4,175.0,168.7,170.0,68764,40115,1483
POLYCAB,24-DEC-2020,1040.0,1059.9,1038.5,1056.65,337559,154889,28260
POLYMED,24-DEC-2020,520.6,521.65,511.55,515.75,26907,15498,1718
POLYPLEX,24-DEC-2020,746.1,752.7,727.0,730.75,69000,41254,4742
PONNIERODE,24-DEC-2020,162.95,168.0,162.15,165.8,9707,2860,636
POWERGRID,24-DEC-2020,190.25,192.25,189.45,190.0,7281646,3760902,25895
POWERINDIA,24-DEC-2020,1370.55,1386.85,1321.15,1328.65,15844,10171,1902
POWERMECH,24-DEC-2020,417.55,427.5,417.55,423.95,27312,15634,1107
PPAP,24-DEC-2020,269.0,269.9,257.85,259.0,19504,13307,784
PPL,24-DEC-2020,97.0,97.0,93.6,93.85,60281,42665,698
PRABHAT,24-DEC-2020,68.15,71.1,67.6,69.55,110597,40641,968
PRAJIND,24-DEC-2020,106.2,109.45,103.85,108.2,1903525,860844,19089
PRAKASH,24-DEC-2020,53.0,54.5,51.8,53.1,736277,435502,3527
PRAXIS,24-DEC-2020,39.55,40.2,38.45,39.45,42486,40165,294
PRECAM,24-DEC-2020,46.05,47.0,44.0,45.7,205822,110114,1746
PRECWIRE,24-DEC-2020,158.7,158.7,151.2,156.4,19608,9836,546
PREMEXPLN,24-DEC-2020,174.85,175.0,154.65,159.2,64078,31882,1012
PREMIER,24-DEC-2020,3.85,3.9,3.6,3.85,30777,26642,114
PREMIERPOL,24-DEC-2020,40.0,41.0,37.8,38.65,8078,5146,238
PRESSMN,24-DEC-2020,23.9,25.2,22.0,24.2,465778,331734,1465
PRESTIGE,24-DEC-2020,267.45,272.5,265.0,266.75,298498,163396,7436
PRICOLLTD,24-DEC-2020,48.45,49.5,47.6,47.85,142852,82246,1296
PRIMESECU,24-DEC-2020,45.85,46.5,45.3,45.95,12291,6984,155
PRINCEPIPE,24-DEC-2020,266.75,283.85,261.95,271.7,632942,345503,17044
PRIVISCL,24-DEC-2020,563.05,564.95,546.0,549.5,15437,9848,768
PROZONINTU,24-DEC-2020,20.6,20.7,19.55,20.1,141300,78873,603
PRSMJOHNSN,24-DEC-2020,89.1,91.2,88.0,88.75,247196,141611,2278
PSB,24-DEC-2020,13.45,13.45,13.15,13.25,200663,125540,662
PSPPROJECT,24-DEC-2020,417.4,421.7,410.25,414.8,102745,14686,2288
PSUBNKBEES,24-DEC-2020,18.67,19.33,18.51,18.8,291001,196788,801
PTC,24-DEC-2020,59.0,59.7,57.25,58.05,928456,479871,5261
PTL,24-DEC-2020,43.5,43.5,42.5,43.2,17349,13159,194
PUNJABCHEM,24-DEC-2020,735.6,758.0,733.05,749.9,3388,1889,274
PURVA,24-DEC-2020,76.55,80.0,76.55,77.65,322291,193513,2040
PVR,24-DEC-2020,1322.7,1340.0,1260.0,1279.8,1896425,285786,51514
QGOLDHALF,24-DEC-2020,2184.8,2185.05,2165.0,2171.9,733,553,73
QNIFTY,24-DEC-2020,1406.0,1423.0,1406.0,1420.85,9,5,4
QUESS,24-DEC-2020,475.0,475.0,450.05,466.95,534926,458895,11720
QUICKHEAL,24-DEC-2020,160.5,162.9,158.1,158.9,267856,91425,7612
RADAAN,24-DEC-2020,1.05,1.05,1.0,1.05,22954,22954,31
RADICO,24-DEC-2020,454.3,455.5,446.25,448.75,214489,94552,10619
RAIN,24-DEC-2020,121.9,125.8,120.85,124.4,1800127,731681,16472
RAJESHEXPO,24-DEC-2020,490.6,498.8,486.0,487.25,94957,38074,4707
RAJRATAN,24-DEC-2020,434.9,434.9,421.35,429.9,3973,2309,312
RAJSREESUG,24-DEC-2020,16.0,16.35,15.55,15.9,26301,16491,163
RAJTV,24-DEC-2020,37.0,37.95,36.3,36.6,37573,19385,264
RALLIS,24-DEC-2020,272.85,277.4,271.25,274.55,134030,54432,3398
RAMANEWS,24-DEC-2020,15.3,16.5,15.05,15.65,246475,136295,522
RAMASTEEL,24-DEC-2020,46.0,47.4,45.0,45.25,4058,2223,170
RAMCOCEM,24-DEC-2020,803.0,815.65,775.0,777.15,644379,162890,20008
RAMCOIND,24-DEC-2020,219.65,224.75,219.65,220.1,25669,15273,836
RAMCOSYS,24-DEC-2020,613.0,613.9,591.0,608.7,299282,145931,7751
RAMKY,24-DEC-2020,54.4,55.9,51.3,53.4,681979,415321,4128
RANASUG,24-DEC-2020,7.15,7.45,7.0,7.15,371896,234269,490
RANEENGINE,24-DEC-2020,272.0,281.75,260.5,263.7,10450,4192,497
RANEHOLDIN,24-DEC-2020,619.0,632.1,585.05,590.25,42157,14008,2463
RATNAMANI,24-DEC-2020,1598.95,1598.95,1541.05,1560.25,9761,3915,1162
RAYMOND,24-DEC-2020,351.8,351.8,337.15,341.95,813573,225722,14928
RBL,24-DEC-2020,779.3,783.0,762.2,768.9,12001,5727,1209
RBLBANK,24-DEC-2020,223.0,225.75,218.7,220.35,15688836,2060759,91642
RCF,24-DEC-2020,52.9,53.4,52.05,52.5,1534183,660269,6485
RCOM,24-DEC-2020,2.0,2.0,2.0,2.0,3386201,3386201,1314
RECLTD,24-DEC-2020,132.5,135.6,132.5,133.9,3968612,631107,21336
REDINGTON,24-DEC-2020,133.7,135.4,131.75,132.95,146388,86836,4443
REFEX,24-DEC-2020,106.0,107.15,102.65,105.8,480199,187442,5460
RELAXO,24-DEC-2020,791.0,809.6,781.0,805.05,977239,609322,15315
RELIANCE,24-DEC-2020,1947.0,1998.8,1945.9,1994.15,9588577,2141157,250116
RELIGARE,24-DEC-2020,69.55,73.7,68.55,72.1,3545168,2094189,8501
RELINFRA,24-DEC-2020,26.75,26.75,26.0,26.75,3628934,1459791,3933
REMSONSIND,24-DEC-2020,95.5,101.55,95.5,97.25,556,346,25
RENUKA,24-DEC-2020,12.95,13.2,12.35,12.7,5579951,2583929,5360
REPCOHOME,24-DEC-2020,239.0,244.95,237.1,239.25,195322,113552,7014
REPL,24-DEC-2020,118.85,119.75,111.3,112.15,3864,2824,88
REPRO,24-DEC-2020,384.4,397.85,370.0,376.0,10274,5125,956
RESPONIND,24-DEC-2020,188.6,193.0,186.5,189.3,90470,11875,723
REVATHI,24-DEC-2020,446.2,494.75,439.9,483.2,4235,2104,346
RGL,24-DEC-2020,285.05,297.5,282.25,286.2,4449,2749,357
RICOAUTO,24-DEC-2020,34.0,34.7,33.4,34.05,403106,181986,2194
RIIL,24-DEC-2020,391.7,398.6,388.85,391.25,186226,41859,4888
RITES,24-DEC-2020,271.9,271.9,265.2,266.2,298405,160556,4498
RKDL,24-DEC-2020,9.7,9.9,9.15,9.3,92321,57330,221
RKEC,24-DEC-2020,51.7,55.0,48.3,49.85,109355,55087,1195
RKFORGE,24-DEC-2020,494.0,494.0,463.0,468.65,13779,8216,708
RML,24-DEC-2020,254.0,259.65,245.45,248.85,9740,5265,563
RNAVAL,24-DEC-2020,3.35,3.35,3.2,3.3,5420539,2697104,1861
ROHLTD,24-DEC-2020,72.7,74.45,71.2,72.3,34368,20428,556
ROLTA,24-DEC-2020,5.65,6.0,5.65,5.85,360420,243706,17351
ROML,24-DEC-2020,39.8,39.8,39.8,39.8,10352,10352,9
ROSSARI,24-DEC-2020,965.0,980.0,921.0,933.65,443483,75810,19401
ROSSELLIND,24-DEC-2020,122.0,129.9,122.0,125.25,14761,9221,505
ROUTE,24-DEC-2020,1138.9,1155.1,1110.65,1121.0,304496,85335,17435
RPGLIFE,24-DEC-2020,367.15,371.2,364.0,365.85,15518,8490,896
RPPINFRA,24-DEC-2020,52.9,53.15,50.55,51.0,44843,28807,389
RSSOFTWARE,24-DEC-2020,25.2,25.85,22.65,23.45,108658,70678,630
RSYSTEMS,24-DEC-2020,127.8,128.0,120.05,120.9,54364,32083,1475
RTNINFRA,24-DEC-2020,6.3,6.6,6.3,6.6,301982,251523,380
RTNPOWER,24-DEC-2020,2.4,2.6,2.3,2.35,74053944,35947677,13686
RUBYMILLS,24-DEC-2020,199.3,202.05,188.25,193.05,12249,7063,525
RUPA,24-DEC-2020,239.0,243.75,239.0,239.9,39046,23273,1026
RUSHIL,24-DEC-2020,142.05,146.0,140.35,143.45,23579,8647,808
RVNL,24-DEC-2020,23.3,23.4,22.75,22.85,3553197,1472020,10655
SADBHAV,24-DEC-2020,65.0,65.05,62.0,62.9,489428,286880,3908
SADBHIN,24-DEC-2020,20.6,20.65,19.8,20.25,360107,271385,714
SAFARI,24-DEC-2020,517.0,534.95,517.0,521.3,7605,4912,563
SAGCEM,24-DEC-2020,632.65,651.05,626.9,632.05,44720,20070,2759
SAIL,24-DEC-2020,60.0,62.6,59.9,60.25,89470214,16818533,100402
SAKAR,24-DEC-2020,102.5,102.5,98.95,100.0,36132,18297,224
SAKHTISUG,24-DEC-2020,10.2,10.3,9.85,10.05,100696,53983,271
SAKSOFT,24-DEC-2020,366.8,391.65,364.8,378.7,166342,55646,4748
SAKUMA,24-DEC-2020,6.85,6.95,6.45,6.55,537460,375638,722
SALASAR,24-DEC-2020,230.0,234.9,225.0,231.85,80121,11071,758
SALONA,24-DEC-2020,72.3,72.3,67.25,69.1,1330,758,87
SALSTEEL,24-DEC-2020,3.85,3.95,3.7,3.9,68246,43706,81
SALZERELEC,24-DEC-2020,124.05,125.25,121.25,122.6,35065,21266,764
SAMBHAAV,24-DEC-2020,2.15,2.25,2.05,2.1,12343,9659,39
SANCO,24-DEC-2020,13.95,14.05,13.5,13.75,33700,22695,97
SANDESH,24-DEC-2020,612.05,632.0,594.0,602.6,3335,1827,484
SANDHAR,24-DEC-2020,238.0,238.75,235.0,236.5,5516,4138,398
SANGAMIND,24-DEC-2020,69.85,70.95,68.05,68.9,17305,12894,261
SANGHIIND,24-DEC-2020,31.25,32.4,31.25,31.55,1107155,714359,4408
SANGHVIMOV,24-DEC-2020,103.8,106.8,102.8,105.15,20785,16284,473
SANGINITA,24-DEC-2020,29.5,29.5,28.4,28.75,108411,78385,476
SANOFI,24-DEC-2020,8089.9,8169.35,8036.3,8155.65,14453,8505,3805
SARDAEN,24-DEC-2020,307.05,324.85,307.05,311.0,65371,29591,2393
SAREGAMA,24-DEC-2020,728.8,762.0,716.1,740.9,37251,14941,2293
SARLAPOLY,24-DEC-2020,22.9,23.5,21.7,22.25,142004,89679,614
SASKEN,24-DEC-2020,732.0,736.7,723.05,726.85,16003,7456,1433
SASTASUNDR,24-DEC-2020,126.7,130.0,126.0,128.15,195696,190443,585
SATIA,24-DEC-2020,94.7,94.75,88.25,90.55,99891,63505,1357
SATIN,24-DEC-2020,74.05,75.0,71.75,72.05,130042,89291,2431
SBICARD,24-DEC-2020,832.0,839.4,830.5,835.2,664515,314333,27820
SBIETFIT,24-DEC-2020,248.0,249.8,240.2,242.89,2478,1798,117
SBIETFPB,24-DEC-2020,166.5,168.49,164.11,168.26,1586,1197,33
SBIETFQLTY,24-DEC-2020,124.9,124.97,122.51,123.6,5738,3274,109
SBILIFE,24-DEC-2020,857.9,879.7,851.25,873.9,2659479,873332,68635
SBIN,24-DEC-2020,265.0,268.85,264.65,266.85,28585509,6820426,167695
SCAPDVR,24-DEC-2020,1.45,1.5,1.35,1.4,158729,123071,246
SCHAEFFLER,24-DEC-2020,4261.4,4320.85,4175.0,4244.25,1367,865,596
SCHAND,24-DEC-2020,71.7,71.7,66.5,68.05,267249,143280,2644
SCHNEIDER,24-DEC-2020,82.8,84.05,80.75,81.3,411011,250657,3249
SCI,24-DEC-2020,92.0,93.45,87.1,89.45,5079977,1554427,28071
SDBL,24-DEC-2020,30.0,31.0,29.65,30.15,124633,84924,739
SEAMECLTD,24-DEC-2020,447.8,447.85,435.0,439.5,109216,4027,1063
SELAN,24-DEC-2020,129.8,132.7,121.25,124.6,92300,39735,2231
SEPOWER,24-DEC-2020,3.1,3.15,2.9,3.05,32526,23347,86
SEQUENT,24-DEC-2020,174.1,176.0,169.45,170.9,689490,331357,16359
SESHAPAPER,24-DEC-2020,150.5,152.9,146.2,148.95,30724,18222,766
SETCO,24-DEC-2020,11.75,12.25,11.55,11.85,67966,37538,227
SETF10GILT,24-DEC-2020,201.6,204.45,201.25,203.4,1324,1116,22
SETFGOLD,24-DEC-2020,4494.5,4494.5,4461.65,4473.8,4086,2297,514
SETFNIF50,24-DEC-2020,141.25,143.0,141.0,142.9,365974,299650,1105
SETFNIFBK,24-DEC-2020,297.92,303.98,297.92,302.86,31970,18204,640
SETFNN50,24-DEC-2020,329.0,333.99,329.0,332.19,10627,8145,217
SEYAIND,24-DEC-2020,64.5,64.75,63.0,64.1,14845,10906,317
SFL,24-DEC-2020,1648.75,1700.0,1631.75,1679.95,7710,3800,1194
SGL,24-DEC-2020,8.9,8.9,7.5,7.95,62062,40979,354
SHAHALLOYS,24-DEC-2020,9.4,9.45,9.2,9.4,15147,10518,42
SHALBY,24-DEC-2020,105.6,116.0,104.4,113.7,2748779,723970,20892
SHALPAINTS,24-DEC-2020,88.4,94.5,88.4,91.95,1949464,727204,15830
SHANKARA,24-DEC-2020,351.35,354.15,346.95,349.35,25941,11872,1474
SHANTIGEAR,24-DEC-2020,127.8,127.9,121.65,122.55,77336,38065,1934
SHARDACROP,24-DEC-2020,273.15,274.0,265.2,269.55,15868,9298,1122
SHARDAMOTR,24-DEC-2020,1748.0,1793.0,1748.0,1784.15,4156,3061,460
SHAREINDIA,24-DEC-2020,167.95,172.0,166.0,170.0,14499,8921,279
SHARIABEES,24-DEC-2020,357.0,357.0,347.93,349.15,948,659,33
SHIL,24-DEC-2020,154.0,157.0,145.3,153.3,241485,165285,4256
SHILPAMED,24-DEC-2020,440.0,449.0,437.85,442.85,181907,103951,4610
SHIVAMAUTO,24-DEC-2020,21.25,21.95,20.55,20.75,89779,62002,320
SHIVAMILLS,24-DEC-2020,29.7,29.7,29.0,29.55,2247,2134,28
SHIVATEX,24-DEC-2020,105.25,108.0,105.25,106.85,1895,1864,56
SHK,24-DEC-2020,122.0,125.0,119.75,121.8,1045425,485806,14911
SHOPERSTOP,24-DEC-2020,203.85,206.65,176.15,201.0,346914,114272,7627
SHRADHA,24-DEC-2020,66.0,70.0,66.0,68.05,5317,4178,54
SHREDIGCEM,24-DEC-2020,60.4,60.55,57.3,57.5,852945,448655,4315
SHREECEM,24-DEC-2020,24190.0,24259.95,23554.1,23826.75,47939,12178,13574
SHREEPUSHK,24-DEC-2020,121.85,123.75,119.0,121.6,73874,34706,1560
SHREERAMA,24-DEC-2020,8.85,9.2,8.35,9.0,90492,65062,234
SHRENIK,24-DEC-2020,4.7,5.05,4.5,4.85,1813457,1322419,1648
SHREYANIND,24-DEC-2020,92.0,92.0,87.1,88.05,29977,18318,632
SHREYAS,24-DEC-2020,67.45,67.45,65.0,65.65,30712,16770,338
SHRIRAMCIT,24-DEC-2020,1058.85,1077.0,1041.0,1046.7,29491,14238,4285
SHRIRAMEPC,24-DEC-2020,5.2,5.2,4.65,4.8,515610,321568,843
SHYAMCENT,24-DEC-2020,5.8,5.95,5.6,5.75,155131,119339,400
SHYAMTEL,24-DEC-2020,7.0,7.45,6.9,7.4,1952,1902,8
SICAGEN,24-DEC-2020,14.8,16.15,14.8,15.55,13126,7350,143
SIEMENS,24-DEC-2020,1545.0,1555.0,1518.0,1550.75,430344,78747,23701
SIGIND,24-DEC-2020,26.4,26.45,25.3,25.6,12627,10947,176
SILINV,24-DEC-2020,196.2,204.0,196.2,201.4,2730,2099,99
SIMBHALS,24-DEC-2020,8.0,8.2,7.8,7.9,19147,16895,36
SIMPLEXINF,24-DEC-2020,39.8,40.3,38.85,39.25,143512,86998,847
SINTERCOM,24-DEC-2020,83.0,83.0,77.0,80.95,3792,3121,28
SIRCA,24-DEC-2020,249.7,249.7,245.1,247.25,16926,12753,417
SIS,24-DEC-2020,444.4,449.75,432.25,436.65,132992,84313,4195
SIYSIL,24-DEC-2020,196.8,197.8,190.0,192.15,151165,60448,3235
SJVN,24-DEC-2020,25.8,25.85,25.15,25.3,6788986,4266254,14414
SKFINDIA,24-DEC-2020,1690.0,1690.0,1660.0,1674.85,10597,5976,1857
SKIL,24-DEC-2020,2.75,2.75,2.7,2.75,231594,193693,146
SKIPPER,24-DEC-2020,61.85,63.05,60.3,61.8,60729,40236,568
SKMEGGPROD,24-DEC-2020,55.0,58.8,55.0,56.75,124195,47076,1630
SMLISUZU,24-DEC-2020,452.0,464.8,441.65,451.95,34182,14862,1756
SMSLIFE,24-DEC-2020,625.0,625.0,600.25,609.5,3302,1782,357
SMSPHARMA,24-DEC-2020,107.9,108.9,104.1,106.15,163570,105771,1904
SNOWMAN,24-DEC-2020,53.6,54.9,51.5,52.15,2558056,1338455,11277
SOBHA,24-DEC-2020,329.7,342.0,328.4,338.75,278723,127765,9583
SOLARA,24-DEC-2020,1209.8,1212.0,1177.55,1194.65,38385,22921,3908
SOLARINDS,24-DEC-2020,1063.05,1086.0,1059.9,1072.5,16551,8251,1470
SOMANYCERA,24-DEC-2020,331.0,335.1,317.0,327.7,124673,67303,5321
SOMICONVEY,24-DEC-2020,28.4,28.4,25.6,25.8,8652,6923,116
SONATSOFTW,24-DEC-2020,381.8,396.15,377.1,389.35,1201967,292909,21884
SORILINFRA,24-DEC-2020,108.3,110.9,106.25,106.95,147694,66187,2040
SOTL,24-DEC-2020,742.0,742.0,720.95,723.7,15205,12873,594
SOUTHBANK,24-DEC-2020,9.1,9.3,8.8,8.95,16483107,5658040,65892
SOUTHWEST,24-DEC-2020,41.9,41.9,40.35,40.55,30831,29470,62
SPAL,24-DEC-2020,150.35,153.8,149.25,151.05,18880,9745,529
SPANDANA,24-DEC-2020,730.9,744.05,715.0,718.55,54711,39561,2397
SPARC,24-DEC-2020,180.0,188.0,180.0,185.6,955138,292075,10191
SPECIALITY,24-DEC-2020,51.9,51.9,47.45,49.05,562880,210019,5611
SPENCERS,24-DEC-2020,80.45,82.55,79.4,80.5,434548,206058,4190
SPIC,24-DEC-2020,22.75,24.55,22.5,23.8,1792009,709683,5180
SPICEJET,24-DEC-2020,99.0,99.45,94.65,95.25,14782311,5745706,55229
SPLIL,24-DEC-2020,32.85,32.9,31.5,31.8,18462,11863,181
SREEL,24-DEC-2020,145.7,147.0,144.0,144.25,37811,30767,668
SREINFRA,24-DEC-2020,6.8,7.0,6.55,6.75,1058519,484395,1207
SRF,24-DEC-2020,5569.8,5643.75,5456.05,5482.75,180071,24889,16103
SRHHYPOLTD,24-DEC-2020,244.8,246.0,238.75,239.9,19012,13552,587
SRIPIPES,24-DEC-2020,142.75,144.95,139.85,143.35,211487,152443,3267
SRPL,24-DEC-2020,32.0,33.0,30.55,30.95,5816,4060,33
SRTRANSFIN,24-DEC-2020,974.35,1029.6,970.1,996.6,6604181,986064,129718
SSWL,24-DEC-2020,490.0,501.0,483.2,487.4,40493,19897,2516
STAR,24-DEC-2020,796.0,865.0,796.0,853.3,1626589,526526,49265
STARCEMENT,24-DEC-2020,91.3,94.3,91.3,91.95,158007,71993,2222
STARPAPER,24-DEC-2020,117.9,119.55,115.0,116.1,109696,48598,2049
STCINDIA,24-DEC-2020,78.8,79.7,75.0,76.6,31777,17820,678
STEELCITY,24-DEC-2020,34.6,34.85,33.15,34.05,3920,3226,68
STEELXIND,24-DEC-2020,38.0,40.0,37.5,39.4,228488,82615,552
STEL,24-DEC-2020,62.85,64.9,61.6,62.1,15966,10894,250
STERTOOLS,24-DEC-2020,203.7,204.0,195.05,196.4,10438,5906,537
STLTECH,24-DEC-2020,171.5,172.25,166.15,168.2,733889,312991,8801
SUBEXLTD,24-DEC-2020,31.3,31.3,28.9,29.7,9069458,4800119,19089
SUBROS,24-DEC-2020,322.55,330.0,322.55,328.4,54071,38886,1950
SUDARSCHEM,24-DEC-2020,472.05,476.75,467.2,469.95,78660,42597,2929
SUMICHEM,24-DEC-2020,295.0,298.6,291.05,293.5,220817,121218,3899
SUMMITSEC,24-DEC-2020,529.0,529.75,511.5,527.45,1308,932,182
SUNCLAYLTD,24-DEC-2020,2698.85,2700.1,2555.1,2660.25,6604,4271,1204
SUNDARAM,24-DEC-2020,1.5,1.5,1.4,1.45,337693,211338,234
SUNDARMFIN,24-DEC-2020,1778.0,1799.9,1759.75,1790.85,41056,28744,2993
SUNDARMHLD,24-DEC-2020,74.1,75.0,72.0,74.05,178412,117110,1163
SUNDRMBRAK,24-DEC-2020,320.0,320.5,307.05,309.3,1971,1265,223
SUNDRMFAST,24-DEC-2020,541.05,549.05,529.1,531.55,50461,24007,3760
SUNFLAG,24-DEC-2020,57.5,58.9,56.25,57.0,360408,189771,2473
SUNPHARMA,24-DEC-2020,574.6,595.0,572.15,590.45,7486583,1972382,107906
SUNTECK,24-DEC-2020,332.0,354.0,329.05,349.65,1924772,482881,26059
SUNTV,24-DEC-2020,498.95,499.0,482.0,484.45,3505462,671873,48566
SUPERHOUSE,24-DEC-2020,114.85,115.8,111.6,112.8,35343,21390,701
SUPERSPIN,24-DEC-2020,5.05,5.05,4.8,4.85,17709,13235,56
SUPPETRO,24-DEC-2020,356.25,366.05,351.0,354.15,37391,24310,4517
SUPRAJIT,24-DEC-2020,195.05,198.0,190.0,190.45,101356,70907,4517
SUPREMEENG,24-DEC-2020,24.25,24.35,22.7,22.95,4374,4324,19
SUPREMEIND,24-DEC-2020,1677.4,1688.3,1660.0,1673.55,32125,18520,5544
SURANASOL,24-DEC-2020,9.2,9.2,8.4,8.5,91405,58832,294
SURANAT&P,24-DEC-2020,5.55,5.65,4.65,4.9,649140,333810,1048
SURYALAXMI,24-DEC-2020,30.8,32.1,29.15,31.75,43719,36470,388
SURYAROSNI,24-DEC-2020,379.8,383.4,366.05,368.65,112564,56093,4274
SUTLEJTEX,24-DEC-2020,43.8,44.6,42.4,43.45,154345,93135,846
SUULD,24-DEC-2020,104.9,104.9,95.0,101.2,14461,8561,149
SUVEN,24-DEC-2020,85.55,90.0,82.15,85.2,5527965,1954121,32338
SUVENPHAR,24-DEC-2020,444.8,464.0,434.7,460.25,576816,292133,36291
SWANENERGY,24-DEC-2020,130.85,131.4,128.2,130.0,123292,7459,893
SWARAJENG,24-DEC-2020,1346.0,1370.5,1341.1,1344.45,14464,10389,1208
SWELECTES,24-DEC-2020,167.8,169.5,164.0,169.5,33128,32231,365
SWSOLAR,24-DEC-2020,227.35,228.9,220.0,224.25,670039,381281,31409
SYMPHONY,24-DEC-2020,935.0,1009.5,930.0,984.45,564960,136829,30430
SYNGENE,24-DEC-2020,621.0,622.8,606.0,610.5,449119,277374,19820
TAINWALCHM,24-DEC-2020,73.45,76.9,72.1,72.75,13124,4778,292
TAJGVK,24-DEC-2020,134.9,136.9,132.5,133.9,122934,67962,2976
TAKE,24-DEC-2020,49.65,50.4,47.75,48.35,2301089,1073599,8388
TALBROAUTO,24-DEC-2020,141.85,144.2,138.7,141.7,19615,14836,458
TANLA,24-DEC-2020,662.0,662.0,622.0,662.0,1008581,530285,12969
TARMAT,24-DEC-2020,56.95,60.6,54.5,55.6,43999,24628,704
TASTYBITE,24-DEC-2020,12400.0,12653.75,12250.0,12514.15,2835,1016,1261
TATACHEM,24-DEC-2020,478.55,485.4,473.1,476.2,3224567,472557,43987
TATACOFFEE,24-DEC-2020,107.45,107.55,103.9,104.65,655284,289350,5356
TATACOMM,24-DEC-2020,1090.0,1144.95,1056.0,1070.9,575255,190753,22627
TATACONSUM,24-DEC-2020,615.0,616.1,597.05,601.0,5295707,1511193,74792
TATAELXSI,24-DEC-2020,1790.0,1800.0,1737.1,1759.65,531128,122479,25917
TATAINVEST,24-DEC-2020,1012.0,1026.05,985.95,996.15,26165,9543,2699
TATAMETALI,24-DEC-2020,592.1,609.95,587.0,588.3,116380,67200,6205
TATAMOTORS,24-DEC-2020,172.0,178.0,172.0,175.95,73831319,7951187,254698
TATAMTRDVR,24-DEC-2020,71.9,73.35,71.0,72.85,6037366,1929359,23658
TATAPOWER,24-DEC-2020,74.6,75.6,74.25,74.5,23223241,4918320,46453
TATASTEEL,24-DEC-2020,625.3,636.95,619.25,622.3,12090740,1837695,109825
TATASTLBSL,24-DEC-2020,38.6,39.2,38.0,38.15,2473563,969247,4413
TATASTLLP,24-DEC-2020,527.65,531.1,515.0,523.25,93901,36776,3646
TBZ,24-DEC-2020,48.3,48.7,47.0,47.25,186641,77880,1602
TCI,24-DEC-2020,247.0,249.0,241.1,243.9,14348,8320,569
TCIDEVELOP,24-DEC-2020,350.05,350.05,322.0,329.0,1295,172,940
TCIEXP,24-DEC-2020,915.0,929.7,906.15,925.05,31289,21731,2013
TCNSBRANDS,24-DEC-2020,458.0,466.9,451.1,461.1,25090,15244,1375
TCPLPACK,24-DEC-2020,371.85,398.0,371.85,384.05,11232,4716,1261
TCS,24-DEC-2020,2909.0,2921.35,2883.2,2909.35,1807144,569310,76405
TDPOWERSYS,24-DEC-2020,129.8,134.7,128.25,133.4,132675,94800,1796
TEAMLEASE,24-DEC-2020,2539.0,2595.95,2525.0,2563.15,12363,6520,4298
TECHIN,24-DEC-2020,2.75,2.75,2.75,2.75,10,10,2
TECHM,24-DEC-2020,951.0,956.0,934.8,947.25,2510775,640417,57183
TECHNOE,24-DEC-2020,204.55,207.05,197.6,201.5,128576,97383,2682
TEJASNET,24-DEC-2020,129.0,133.95,128.0,129.95,775481,336436,11769
TERASOFT,24-DEC-2020,54.5,54.65,48.0,49.25,801864,351492,7455
TEXINFRA,24-DEC-2020,41.8,42.45,40.55,41.55,190150,168023,641
TEXMOPIPES,24-DEC-2020,21.4,22.25,21.0,21.05,98710,75118,454
TEXRAIL,24-DEC-2020,31.0,31.5,30.25,30.6,707314,369092,2756
TFCILTD,24-DEC-2020,48.85,48.95,46.9,47.2,255026,145363,1741
TFL,24-DEC-2020,2.5,2.7,2.5,2.7,4186,4186,7
THANGAMAYL,24-DEC-2020,574.0,591.15,552.75,559.0,19375,12026,1404
THEINVEST,24-DEC-2020,144.95,151.0,132.0,139.45,10254,5290,308
THEMISMED,24-DEC-2020,365.0,374.0,353.6,359.0,3297,1707,217
THERMAX,24-DEC-2020,904.65,934.0,902.0,924.1,67947,37969,6642
THOMASCOOK,24-DEC-2020,45.8,46.7,44.3,45.8,514918,243113,3088
THYROCARE,24-DEC-2020,928.5,939.7,920.0,931.85,101393,40005,5839
TI,24-DEC-2020,25.0,27.65,23.85,27.1,1267321,637436,4690
TIDEWATER,24-DEC-2020,4412.95,4450.0,4385.75,4438.05,1208,803,440
TIIL,24-DEC-2020,339.95,343.75,335.0,337.65,5541,3714,262
TIINDIA,24-DEC-2020,817.0,817.0,796.65,798.25,263533,238860,5742
TIL,24-DEC-2020,170.8,170.85,163.95,167.65,12305,6628,494
TIMESGTY,24-DEC-2020,27.55,28.45,27.5,27.5,59,57,8
TIMETECHNO,24-DEC-2020,47.85,48.0,46.25,47.0,274653,187500,1337
TIMKEN,24-DEC-2020,1146.25,1169.8,1135.0,1163.8,43789,28003,3620
TINPLATE,24-DEC-2020,147.95,149.7,145.55,146.25,399556,140419,6019
TIPSINDLTD,24-DEC-2020,299.95,299.95,286.0,288.9,74944,63119,821
TIRUMALCHM,24-DEC-2020,103.8,103.8,100.05,100.8,457862,211714,4285
TITAN,24-DEC-2020,1520.0,1520.0,1486.0,1495.9,1947894,424319,60059
TMRVL,24-DEC-2020,11.65,11.65,10.9,11.2,41728,23221,313
TNPETRO,24-DEC-2020,42.2,43.95,41.25,42.8,704688,241161,6643
TNPL,24-DEC-2020,125.4,126.15,121.5,122.45,130950,69006,2223
TOKYOPLAST,24-DEC-2020,76.9,76.9,71.5,73.4,15395,10143,271
TORNTPHARM,24-DEC-2020,2813.6,2835.05,2766.45,2785.35,225747,26624,13164
TORNTPOWER,24-DEC-2020,327.0,329.45,318.15,318.75,599251,157667,10632
TOTAL,24-DEC-2020,64.6,66.75,63.65,66.65,50117,46391,162
TOUCHWOOD,24-DEC-2020,52.95,52.95,49.2,49.75,1097,566,29
TPLPLASTEH,24-DEC-2020,155.6,162.85,155.1,156.55,4491,2961,197
TREEHOUSE,24-DEC-2020,6.6,6.9,6.6,6.65,11606,8119,58
TREJHARA,24-DEC-2020,41.45,41.45,40.05,41.45,71475,55440,312
TRENT,24-DEC-2020,683.0,691.65,675.0,684.75,1132681,836574,24081
TRIDENT,24-DEC-2020,9.5,9.65,9.2,9.35,12286109,4654070,18439
TRIGYN,24-DEC-2020,72.6,73.2,70.0,73.1,367461,210070,1510
TRITURBINE,24-DEC-2020,79.7,82.75,79.7,81.15,27523,14388,594
TRIVENI,24-DEC-2020,74.35,75.15,71.5,72.6,288693,124777,2993
TTKHLTCARE,24-DEC-2020,570.0,586.0,551.35,578.05,3036,1956,349
TTKPRESTIG,24-DEC-2020,5747.0,6047.9,5747.0,5990.15,26092,10584,5020
TTL,24-DEC-2020,46.7,48.0,46.3,46.9,15127,12081,132
TV18BRDCST,24-DEC-2020,31.4,32.2,31.0,31.15,5899026,2497999,8429
TVSMOTOR,24-DEC-2020,486.6,495.0,477.6,479.75,1694333,443427,22150
TVSSRICHAK,24-DEC-2020,1846.0,1885.0,1822.25,1838.85,6915,3442,1168
TVTODAY,24-DEC-2020,219.85,222.3,219.25,221.2,52157,29695,1585
TWL,24-DEC-2020,51.0,51.8,50.1,50.6,387769,187487,2499
UBL,24-DEC-2020,1145.0,1156.45,1122.15,1126.4,446402,67858,15604
UCALFUEL,24-DEC-2020,125.9,126.9,122.2,123.95,11386,6734,410
UCOBANK,24-DEC-2020,12.6,12.75,12.4,12.45,1919310,910012,2968
UFLEX,24-DEC-2020,377.0,379.65,369.45,373.55,53501,30014,1780
UFO,24-DEC-2020,84.25,87.95,83.7,86.85,534631,231400,4881
UGARSUGAR,24-DEC-2020,16.45,18.6,15.9,17.55,1380247,356288,3287
UJAAS,24-DEC-2020,2.8,2.85,2.75,2.8,3883981,2648596,1936
UJJIVAN,24-DEC-2020,275.7,278.0,273.0,274.45,365173,121886,8844
UJJIVANSFB,24-DEC-2020,38.45,39.1,38.0,38.2,857127,422931,4004
ULTRACEMCO,24-DEC-2020,5099.0,5124.35,5011.65,5044.75,431767,122631,45707
UMANGDAIRY,24-DEC-2020,52.5,57.4,52.0,53.6,49182,29546,834
UNICHEMLAB,24-DEC-2020,250.25,254.0,249.5,251.25,34714,19506,1063
UNIDT,24-DEC-2020,270.0,279.95,267.5,273.4,17142,4227,343
UNIENTER,24-DEC-2020,67.95,69.0,66.5,67.45,25601,10878,669
UNIONBANK,24-DEC-2020,30.0,30.35,29.8,29.9,5092535,1620573,8290
UNITEDTEA,24-DEC-2020,321.85,326.0,317.55,324.05,675,376,71
UNIVASTU,24-DEC-2020,33.3,35.5,33.3,33.4,7223,5598,94
UNIVCABLES,24-DEC-2020,140.0,142.75,136.0,137.9,14155,8854,403
UNIVPHOTO,24-DEC-2020,165.55,175.0,162.0,162.55,2462,1702,128
UPL,24-DEC-2020,454.9,456.6,448.0,449.4,4384445,972491,51884
USHAMART,24-DEC-2020,29.95,30.85,29.5,30.2,1562679,870249,3270
UTIAMC,24-DEC-2020,555.0,563.0,550.4,559.25,768729,499650,25644
UTIBANKETF,24-DEC-2020,299.25,305.52,299.25,304.95,202,143,31
UTINEXT50,24-DEC-2020,333.0,335.0,328.38,331.37,754,505,47
UTINIFTETF,24-DEC-2020,1462.08,1467.3,1455.4,1462.56,1119,1108,52
UTISENSETF,24-DEC-2020,495.0,500.0,495.0,500.0,502,299,50
UTISXN50,24-DEC-2020,367.2,375.0,364.5,364.5,86,84,14
UTTAMSTL,24-DEC-2020,7.9,7.9,7.35,7.35,174667,104654,374
UTTAMSUGAR,24-DEC-2020,103.15,105.8,100.1,102.25,171166,51628,2249
VADILALIND,24-DEC-2020,760.0,771.0,760.0,761.9,4775,3631,201
VAIBHAVGBL,24-DEC-2020,2148.0,2237.0,2102.35,2198.65,28396,18165,4637
VAISHALI,24-DEC-2020,34.1,40.55,34.0,40.55,379155,132584,2224
VAKRANGEE,24-DEC-2020,56.7,58.35,56.7,58.3,7838186,4210556,13434
VALIANTORG,24-DEC-2020,1680.0,1991.0,1605.5,1614.25,58934,31563,5815
VARDHACRLC,24-DEC-2020,33.4,33.4,31.75,32.25,11820,7784,114
VARDMNPOLY,24-DEC-2020,14.8,15.45,14.5,14.6,88874,46764,516
VARROC,24-DEC-2020,390.0,393.95,378.05,380.1,114446,71546,10972
VASWANI,24-DEC-2020,5.35,5.8,5.35,5.8,2832,2432,13
VBL,24-DEC-2020,905.0,932.0,895.0,917.9,234063,54484,18727
VEDL,24-DEC-2020,155.5,170.7,155.1,162.85,270968028,95559912,437456
VENKEYS,24-DEC-2020,1639.6,1714.45,1635.3,1671.75,204590,32250,16054
VENUSREM,24-DEC-2020,131.45,136.95,131.45,133.25,34889,29087,356
VERTOZ,24-DEC-2020,209.6,217.0,202.0,211.85,66343,14920,1417
VESUVIUS,24-DEC-2020,1090.0,1129.0,1073.2,1091.1,24480,16541,1082
VETO,24-DEC-2020,84.95,85.4,79.0,79.55,95681,62590,1083
VGUARD,24-DEC-2020,191.1,192.0,187.0,188.35,264759,137480,9219
VHL,24-DEC-2020,1487.0,1487.0,1411.6,1420.4,510,373,56
VIDHIING,24-DEC-2020,120.75,120.75,116.5,117.0,28693,21241,629
VIKASECO,24-DEC-2020,4.35,4.45,4.05,4.4,7686584,3573572,1882
VIKASMCORP,24-DEC-2020,6.6,6.6,6.05,6.05,14478578,7684559,10509
VIKASPROP,24-DEC-2020,3.0,3.0,2.9,3.0,3114637,994727,5181
VIKASWSP,24-DEC-2020,4.85,4.95,4.8,4.95,281726,217986,243
VIMTALABS,24-DEC-2020,174.8,175.75,168.7,170.7,37029,24233,932
VINATIORGA,24-DEC-2020,1140.0,1165.0,1140.0,1154.3,71474,31723,5183
VINDHYATEL,24-DEC-2020,802.7,838.5,789.75,811.6,12064,6947,1133
VINYLINDIA,24-DEC-2020,126.5,128.3,124.0,124.85,167785,67186,3678
VIPCLOTHNG,24-DEC-2020,12.7,12.8,12.2,12.6,235366,156324,534
VIPIND,24-DEC-2020,349.9,354.6,345.0,350.45,392589,150606,16039
VIPULLTD,24-DEC-2020,21.8,22.3,20.8,20.95,27149,16091,270
VISAKAIND,24-DEC-2020,387.0,387.5,375.35,376.7,22141,10589,1086
VISASTEEL,24-DEC-2020,6.45,6.45,6.2,6.4,18539,15247,65
VISHAL,24-DEC-2020,64.05,64.05,64.05,64.05,57368,57321,631
VISHNU,24-DEC-2020,165.0,174.95,160.0,164.8,14692,8975,450
VISHWARAJ,24-DEC-2020,120.0,123.0,118.0,121.35,7290,4556,49
VIVIMEDLAB,24-DEC-2020,18.35,18.9,18.3,18.45,141565,95139,472
VLSFINANCE,24-DEC-2020,68.0,69.95,66.0,67.85,95451,51735,960
VMART,24-DEC-2020,2490.0,2519.55,2428.0,2500.95,17762,5695,3282
VOLTAMP,24-DEC-2020,1192.1,1225.0,1185.15,1206.3,9124,4359,2428
VOLTAS,24-DEC-2020,826.7,828.45,808.1,810.95,1223847,184264,28502
VRLLOG,24-DEC-2020,195.0,200.2,195.0,198.6,320156,194908,4892
VSSL,24-DEC-2020,126.95,127.0,121.5,125.85,24658,20493,286
VSTIND,24-DEC-2020,3740.0,3851.1,3727.0,3767.45,4447,2214,1314
VSTTILLERS,24-DEC-2020,1877.35,1877.35,1843.6,1854.35,7013,4368,1023
VTL,24-DEC-2020,1026.4,1045.0,1015.0,1038.8,28098,17842,3538
WABAG,24-DEC-2020,208.85,216.9,203.35,207.15,691330,250868,9848
WABCOINDIA,24-DEC-2020,5744.0,5880.0,5650.0,5670.9,2305,1238,849
WALCHANNAG,24-DEC-2020,61.15,62.0,59.1,59.85,115549,63168,1444
WATERBASE,24-DEC-2020,124.4,134.0,123.95,131.7,1353248,265453,19298
WEBELSOLAR,24-DEC-2020,40.85,41.65,37.85,38.35,363744,196327,1664
WEIZMANIND,24-DEC-2020,48.0,50.75,48.0,50.75,28719,16461,305
WELCORP,24-DEC-2020,127.5,129.5,123.8,124.9,892308,392991,13041
WELENT,24-DEC-2020,87.2,88.9,83.0,84.9,93199,57932,1443
WELINV,24-DEC-2020,366.15,372.1,350.05,355.8,2654,1389,236
WELSPUNIND,24-DEC-2020,70.0,70.8,68.55,69.15,442279,295291,3019
WENDT,24-DEC-2020,3275.0,3275.0,3132.05,3158.85,846,250,531
WESTLIFE,24-DEC-2020,430.1,438.5,421.55,430.8,184626,64260,6173
WHEELS,24-DEC-2020,477.0,511.9,472.35,498.65,215015,71076,8243
WHIRLPOOL,24-DEC-2020,2299.9,2579.9,2265.35,2528.0,857777,172027,74475
WILLAMAGOR,24-DEC-2020,22.0,22.7,20.7,20.75,36143,30313,283
WIPRO,24-DEC-2020,386.45,386.7,378.65,382.2,12240172,2017851,121303
WOCKPHARMA,24-DEC-2020,494.0,496.2,483.0,490.4,455149,113599,14115
WONDERLA,24-DEC-2020,212.9,215.75,200.7,203.05,201858,93538,6706
WORTH,24-DEC-2020,48.95,50.3,46.1,47.05,16814,2887,98
WSTCSTPAPR,24-DEC-2020,176.0,178.1,169.3,169.95,383359,294821,4215
XCHANGING,24-DEC-2020,87.9,89.0,83.9,87.6,556576,308362,3063
XELPMOC,24-DEC-2020,279.8,285.0,275.0,276.6,33248,18075,1015
YAARII,24-DEC-2020,79.7,79.7,74.55,76.75,392785,137611,3218
YESBANK,24-DEC-2020,17.9,18.0,17.3,17.55,124638448,53112988,99752
ZEEL,24-DEC-2020,219.0,222.45,215.5,217.3,14303972,2549874,71460
ZEELEARN,24-DEC-2020,13.6,14.2,13.6,13.95,1100069,581515,1676
ZEEMEDIA,24-DEC-2020,6.3,6.4,6.1,6.3,3486557,2171160,2708
ZENSARTECH,24-DEC-2020,237.7,240.9,233.4,236.25,121153,53544,3996
ZENTEC,24-DEC-2020,92.0,92.4,88.75,89.2,318164,179099,4216
ZODIACLOTH,24-DEC-2020,107.9,110.9,105.35,106.7,113216,58973,1669
ZODJRDMKJ,24-DEC-2020,28.55,29.9,28.15,28.3,1648,1375,37
ZOTA,24-DEC-2020,147.0,147.0,143.0,146.65,16596,4197,133
ZUARI,24-DEC-2020,91.0,94.0,91.0,92.45,235368,214993,881
ZUARIGLOB,24-DEC-2020,63.95,64.05,61.45,62.55,269999,242654,1363
ZYDUSWELL,24-DEC-2020,1919.0,2010.0,1886.0,1947.6,53382,39197,6375
