20MICRONS,30-DEC-2020,39.25,42.0,39.0,40.45,162138,114328,1092
21STCENMGM,30-DEC-2020,10.35,10.35,10.15,10.25,1328,1326,13
3IINFOTECH,30-DEC-2020,6.15,6.15,6.15,6.15,725359,725359,550
3MINDIA,30-DEC-2020,21365.0,21365.0,20711.0,20865.6,5617,3386,2449
3PLAND,30-DEC-2020,11.05,11.05,10.55,10.95,14678,13748,113
5PAISA,30-DEC-2020,317.2,317.95,308.0,310.15,9796,5281,493
A2ZINFRA,30-DEC-2020,4.8,4.8,4.6,4.7,248841,170052,353
AAKASH,30-DEC-2020,72.0,72.0,69.7,71.25,53761,24754,678
AARON,30-DEC-2020,53.05,53.05,50.8,52.0,2054,897,33
AARTIDRUGS,30-DEC-2020,708.4,717.0,695.55,703.6,365365,122022,13194
AARTIIND,30-DEC-2020,1231.0,1237.05,1207.3,1219.4,194180,96653,8871
AARTISURF,30-DEC-2020,1018.0,1028.95,990.0,1002.55,12751,8087,1723
AARVEEDEN,30-DEC-2020,18.85,18.85,17.3,18.35,17228,9475,178
AARVI,30-DEC-2020,46.5,54.65,44.1,54.45,382869,243157,1618
AAVAS,30-DEC-2020,1694.0,1695.0,1660.0,1688.1,15171,7336,3003
ABB,30-DEC-2020,1205.7,1239.9,1201.25,1208.9,197431,67514,11079
ABBOTINDIA,30-DEC-2020,15800.0,15840.05,15600.0,15628.4,11997,6440,4117
ABCAPITAL,30-DEC-2020,84.5,86.0,83.25,85.7,2260956,688476,13561
ABFRL,30-DEC-2020,166.0,166.65,162.95,165.3,734100,306138,7696
ABSLBANETF,30-DEC-2020,308.17,310.0,308.17,310.0,6,6,3
ABSLNN50ET,30-DEC-2020,312.0,312.0,302.0,307.14,210,102,55
ACC,30-DEC-2020,1619.9,1652.55,1600.0,1648.25,1718433,538113,45974
ACCELYA,30-DEC-2020,950.5,967.6,950.3,954.75,2360,1549,499
ACCURACY,30-DEC-2020,36.95,36.95,35.45,36.8,818,816,15
ACE,30-DEC-2020,137.7,138.7,134.65,136.0,208781,100974,2743
ADANIENT,30-DEC-2020,489.2,496.0,478.4,484.15,5419517,888795,61643
ADANIGAS,30-DEC-2020,377.0,389.65,369.5,380.4,3641617,1032438,45240
ADANIGREEN,30-DEC-2020,1039.9,1060.0,1028.0,1052.95,374589,187953,20605
ADANIPORTS,30-DEC-2020,484.0,487.6,478.15,485.4,3736356,330789,53291
ADANIPOWER,30-DEC-2020,50.7,51.1,49.25,50.05,6146258,2874514,17709
ADANITRANS,30-DEC-2020,432.65,447.4,425.0,436.2,1324653,466581,25136
ADFFOODS,30-DEC-2020,600.0,602.65,580.0,591.1,46558,26999,2124
ADORWELD,30-DEC-2020,269.0,273.45,267.1,268.9,18979,11994,579
ADSL,30-DEC-2020,35.5,35.5,35.5,35.5,12747,12747,68
ADVENZYMES,30-DEC-2020,325.0,327.95,320.0,321.85,104536,42631,3773
AEGISCHEM,30-DEC-2020,250.9,254.6,245.3,250.2,186165,74080,6121
AFFLE,30-DEC-2020,3790.0,3817.55,3761.0,3771.45,27253,12446,5487
AGARIND,30-DEC-2020,101.25,108.0,100.05,105.7,54404,35266,752
AGROPHOS,30-DEC-2020,16.75,17.0,16.2,17.0,150086,117913,497
AHLEAST,30-DEC-2020,163.05,169.7,161.0,164.85,3099,1115,115
AHLUCONT,30-DEC-2020,266.2,269.2,258.05,263.45,50432,40494,1081
AHLWEST,30-DEC-2020,265.85,269.0,262.0,265.85,269,255,25
AIAENG,30-DEC-2020,2023.45,2030.0,1984.95,1995.0,23591,14582,3554
AIRAN,30-DEC-2020,18.7,19.1,18.05,19.1,79762,73489,341
AJANTPHARM,30-DEC-2020,1675.0,1685.0,1665.0,1669.35,43738,23588,4547
AJMERA,30-DEC-2020,141.0,142.95,137.55,141.1,166972,41542,3606
AKASH,30-DEC-2020,235.0,235.0,223.1,231.55,51187,47253,210
AKSHARCHEM,30-DEC-2020,249.3,263.0,247.75,257.85,154358,65835,4579
AKSHOPTFBR,30-DEC-2020,7.85,7.85,7.55,7.75,254750,149169,465
AKZOINDIA,30-DEC-2020,2339.05,2444.4,2299.95,2401.55,28789,18850,4386
ALANKIT,30-DEC-2020,18.5,19.0,17.75,18.9,939358,629850,2303
ALBERTDAVD,30-DEC-2020,442.45,447.05,433.1,444.45,8544,4545,664
ALEMBICLTD,30-DEC-2020,106.1,109.0,103.0,107.5,646287,251300,8077
ALICON,30-DEC-2020,337.25,344.6,336.2,339.3,3220,1211,353
ALKALI,30-DEC-2020,47.5,47.5,46.6,47.1,8093,6376,227
ALKEM,30-DEC-2020,2952.0,2958.0,2905.05,2928.45,42969,21785,4030
ALKYLAMINE,30-DEC-2020,3863.3,3917.0,3801.15,3846.35,17074,6472,3398
ALLCARGO,30-DEC-2020,133.95,137.0,131.5,133.65,676395,266934,10743
ALLSEC,30-DEC-2020,298.35,314.5,282.0,303.85,109557,34784,3775
ALMONDZ,30-DEC-2020,19.8,20.95,19.8,20.55,8350,5284,51
ALOKINDS,30-DEC-2020,21.3,21.45,20.9,21.25,5516297,2610167,8258
ALPSINDUS,30-DEC-2020,1.7,1.7,1.7,1.7,9115,9115,14
AMARAJABAT,30-DEC-2020,940.95,945.8,930.0,935.95,701642,106978,15493
AMBER,30-DEC-2020,2381.0,2394.9,2340.0,2379.45,66663,27785,10402
AMBIKCO,30-DEC-2020,851.3,860.0,825.65,834.8,12203,8759,871
AMBUJACEM,30-DEC-2020,245.5,253.0,241.7,252.4,10481131,3208664,72214
AMDIND,30-DEC-2020,20.3,20.55,19.15,19.6,29979,19866,241
AMJLAND,30-DEC-2020,26.35,26.95,25.0,26.0,26468,18084,236
AMRUTANJAN,30-DEC-2020,507.35,507.35,498.0,500.65,37659,17536,1954
ANANTRAJ,30-DEC-2020,27.65,27.65,26.3,27.15,795226,350345,2621
ANDHRACEMT,30-DEC-2020,6.05,6.2,5.9,6.15,311840,222630,599
ANDHRAPAP,30-DEC-2020,211.0,215.3,208.0,212.0,44063,21110,715
ANDHRSUGAR,30-DEC-2020,314.45,321.9,311.95,318.55,54770,23251,1945
ANGELBRKG,30-DEC-2020,342.95,344.0,329.5,332.35,351295,188621,21641
ANKITMETAL,30-DEC-2020,1.6,1.6,1.6,1.6,20526,20526,41
ANSALHSG,30-DEC-2020,6.7,6.7,6.4,6.7,38523,31587,112
ANUP,30-DEC-2020,727.0,727.0,705.65,715.3,9173,4388,1579
APARINDS,30-DEC-2020,351.05,354.2,345.3,347.4,31401,24219,961
APCL,30-DEC-2020,209.5,217.8,207.9,214.1,84721,47350,2013
APCOTEXIND,30-DEC-2020,159.5,169.0,157.1,167.6,199661,105579,3231
APEX,30-DEC-2020,314.25,315.15,306.6,308.8,74812,36681,2325
APLAPOLLO,30-DEC-2020,827.7,840.75,805.9,835.35,394092,268240,17058
APLLTD,30-DEC-2020,1050.8,1056.9,1021.0,1033.15,184497,106687,11507
APOLLO,30-DEC-2020,122.2,123.8,119.8,121.9,77992,33320,1280
APOLLOHOSP,30-DEC-2020,2382.85,2404.0,2351.2,2396.35,569168,84668,23796
APOLLOPIPE,30-DEC-2020,678.5,678.5,663.0,672.9,11482,8644,844
APOLLOTYRE,30-DEC-2020,181.8,182.35,178.5,179.9,5749554,1119934,32470
APOLSINHOT,30-DEC-2020,594.1,596.0,552.25,581.0,6779,4041,458
APTECHT,30-DEC-2020,155.0,155.35,151.1,153.0,301422,95562,5638
ARCHIDPLY,30-DEC-2020,30.95,31.5,30.1,30.6,81559,36519,857
ARCHIES,30-DEC-2020,14.75,14.75,14.3,14.3,57008,48857,199
ARENTERP,30-DEC-2020,12.8,12.95,12.15,12.2,1960,1952,34
ARIES,30-DEC-2020,104.35,104.4,101.1,101.7,56913,26426,1411
ARIHANT,30-DEC-2020,22.9,23.5,21.15,23.05,3513,2768,111
ARIHANTSUP,30-DEC-2020,30.1,32.8,30.1,32.8,12691,8796,164
ARMANFIN,30-DEC-2020,752.0,763.0,732.0,734.4,5139,2680,620
AROGRANITE,30-DEC-2020,51.55,52.4,47.9,50.15,205655,107360,1853
ARROWGREEN,30-DEC-2020,59.1,60.85,58.45,60.3,4313,2993,281
ARSHIYA,30-DEC-2020,18.45,18.45,18.45,18.45,23614,23614,35
ARSSINFRA,30-DEC-2020,25.75,25.75,25.0,25.75,48533,45437,182
ARVIND,30-DEC-2020,45.55,47.8,44.35,47.05,2438650,652325,14694
ARVINDFASN,30-DEC-2020,159.0,159.3,155.05,157.15,217283,126445,2870
ARVSMART,30-DEC-2020,115.45,115.45,111.9,113.35,71416,32931,1558
ASAHIINDIA,30-DEC-2020,270.9,299.5,270.0,278.6,1086581,219588,21270
ASAHISONG,30-DEC-2020,240.05,252.4,238.15,249.2,19327,10116,781
ASAL,30-DEC-2020,25.9,25.9,25.3,25.45,2483,1603,82
ASALCBR,30-DEC-2020,311.6,316.2,309.65,311.25,132960,69231,3305
ASHAPURMIN,30-DEC-2020,102.8,110.8,102.8,103.55,924851,476045,7187
ASHIANA,30-DEC-2020,105.45,105.9,102.65,103.3,44691,25572,721
ASHOKA,30-DEC-2020,90.95,90.95,88.55,90.15,612323,234714,4973
ASHOKLEY,30-DEC-2020,95.0,95.0,93.75,94.8,13273848,2766310,44552
ASIANHOTNR,30-DEC-2020,73.65,77.7,72.05,74.15,7385,3501,151
ASIANPAINT,30-DEC-2020,2694.0,2742.85,2680.35,2734.4,1614643,192271,61711
ASIANTILES,30-DEC-2020,282.5,283.0,279.8,281.2,144725,70683,2046
ASPINWALL,30-DEC-2020,178.45,178.45,168.0,175.2,6191,5390,160
ASTEC,30-DEC-2020,1262.95,1299.0,1235.35,1286.45,121797,49003,7959
ASTERDM,30-DEC-2020,165.45,168.0,163.35,167.05,93146,46674,2816
ASTRAL,30-DEC-2020,1600.0,1745.0,1596.05,1717.05,429551,98994,35095
ASTRAMICRO,30-DEC-2020,119.75,127.5,118.55,123.95,642512,273597,5478
ASTRAZEN,30-DEC-2020,4557.4,4772.0,4458.95,4642.3,700072,164379,68280
ASTRON,30-DEC-2020,52.05,52.3,51.0,51.65,24361,14285,269
ATFL,30-DEC-2020,901.0,908.8,863.6,878.45,29503,6865,3696
ATLANTA,30-DEC-2020,8.15,8.55,8.05,8.25,8132,5409,98
ATUL,30-DEC-2020,6400.0,6520.0,6333.0,6480.2,23037,13985,4555
ATULAUTO,30-DEC-2020,182.5,182.5,177.5,178.85,72502,42879,1989
AUBANK,30-DEC-2020,855.0,860.0,841.65,852.45,591396,335278,34434
AURIONPRO,30-DEC-2020,95.1,95.95,92.15,92.75,14854,10785,217
AUROPHARMA,30-DEC-2020,906.0,909.0,892.15,906.75,1667050,403960,35390
AUSOMENT,30-DEC-2020,51.9,52.5,50.8,51.35,2919,2192,49
AUTOAXLES,30-DEC-2020,1022.1,1046.05,996.55,1017.25,87948,74736,2091
AUTOIND,30-DEC-2020,36.0,36.9,34.35,35.8,14650,11095,186
AUTOLITIND,30-DEC-2020,24.95,25.8,23.25,24.95,22149,15263,204
AVADHSUGAR,30-DEC-2020,219.15,222.85,212.05,216.7,82267,29193,2253
AVANTIFEED,30-DEC-2020,538.0,538.0,440.1,522.55,436417,171837,16264
AVTNPL,30-DEC-2020,49.8,49.8,48.2,48.35,150418,45187,1975
AXISBANK,30-DEC-2020,632.25,634.0,618.2,625.1,10262221,2239876,123098
AXISBNKETF,30-DEC-2020,310.54,313.1,309.11,312.26,1645,1412,49
AXISCADES,30-DEC-2020,57.0,60.0,56.0,56.55,110898,57745,1494
AXISGOLD,30-DEC-2020,43.95,43.95,43.5,43.54,106784,93810,1032
AXISNIFTY,30-DEC-2020,144.67,144.67,143.28,144.32,1491,1125,89
BAJAJ-AUTO,30-DEC-2020,3437.2,3472.85,3405.25,3448.15,639180,139346,39108
BAJAJCON,30-DEC-2020,220.0,220.8,215.0,215.85,193911,92579,8873
BAJAJELEC,30-DEC-2020,612.0,618.0,606.95,613.55,54223,14820,2560
BAJAJFINSV,30-DEC-2020,9000.0,9020.95,8921.0,8961.7,491074,117083,42488
BAJAJHIND,30-DEC-2020,6.15,6.25,6.0,6.1,1738553,806098,1807
BAJAJHLDNG,30-DEC-2020,3086.45,3125.0,3047.8,3105.0,24651,10035,3822
BAJFINANCE,30-DEC-2020,5200.5,5348.0,5174.0,5334.15,3864700,450414,176883
BALAJITELE,30-DEC-2020,70.25,71.5,67.95,68.8,755562,286954,5770
BALAMINES,30-DEC-2020,920.7,948.0,916.9,935.15,232084,66326,9316
BALAXI,30-DEC-2020,641.95,650.0,631.05,642.9,622,346,131
BALKRISIND,30-DEC-2020,1573.0,1623.95,1570.0,1615.05,2106717,298646,57597
BALMLAWRIE,30-DEC-2020,132.0,132.0,126.65,128.45,1825678,428782,23549
BALRAMCHIN,30-DEC-2020,171.3,172.9,168.5,169.85,970232,465889,7469
BANARBEADS,30-DEC-2020,58.6,58.85,57.05,57.3,4642,3660,122
BANARISUG,30-DEC-2020,1415.4,1440.0,1402.3,1416.8,229,128,104
BANCOINDIA,30-DEC-2020,145.9,149.0,143.1,147.9,234688,117009,4591
BANDHANBNK,30-DEC-2020,416.5,416.5,402.5,406.1,6415631,2159012,90923
BANG,30-DEC-2020,30.0,30.9,29.6,30.4,7148,5315,129
BANKA,30-DEC-2020,50.4,50.45,48.1,49.1,6580,4438,185
BANKBARODA,30-DEC-2020,63.0,63.25,60.75,62.1,33108560,4848663,57846
BANKBEES,30-DEC-2020,315.47,316.0,311.21,313.94,806142,321377,9706
BANKINDIA,30-DEC-2020,49.8,49.9,48.8,49.2,3155428,553421,11192
BANSWRAS,30-DEC-2020,130.45,130.45,120.25,126.0,63947,59012,475
BASF,30-DEC-2020,1632.0,1660.0,1612.5,1641.65,26175,16037,2392
BASML,30-DEC-2020,135.0,136.95,134.0,135.0,8454,5538,210
BATAINDIA,30-DEC-2020,1580.0,1588.55,1570.0,1581.1,320841,67346,12032
BAYERCROP,30-DEC-2020,5506.0,5530.0,5410.0,5490.45,13449,7314,3591
BBL,30-DEC-2020,880.05,898.7,872.1,878.75,15377,8186,1616
BBTC,30-DEC-2020,1302.0,1302.0,1274.95,1294.45,33650,12142,2774
BCG,30-DEC-2020,7.95,7.95,7.95,7.95,450484,450484,335
BDL,30-DEC-2020,329.9,337.0,326.0,330.25,185264,55462,5278
BEARDSELL,30-DEC-2020,11.0,11.5,9.6,9.85,89221,60742,237
BECTORFOOD,30-DEC-2020,520.0,538.0,507.15,514.75,5803600,935442,202685
BEDMUTHA,30-DEC-2020,28.2,28.75,27.45,27.9,10970,6647,70
BEL,30-DEC-2020,115.0,115.3,113.4,114.4,6332210,1991492,25013
BEML,30-DEC-2020,991.5,991.5,959.0,965.7,834824,255023,34683
BEPL,30-DEC-2020,133.15,139.5,132.3,137.25,540552,213887,5423
BERGEPAINT,30-DEC-2020,744.0,755.55,738.5,753.45,843800,137211,15533
BFINVEST,30-DEC-2020,292.5,303.5,291.6,298.15,81038,16625,3576
BFUTILITIE,30-DEC-2020,282.0,297.45,278.65,291.3,590155,129723,13996
BHAGERIA,30-DEC-2020,155.85,157.2,155.05,155.7,41905,30256,646
BHAGYANGR,30-DEC-2020,34.95,34.95,33.3,34.1,41399,29739,359
BHAGYAPROP,30-DEC-2020,24.25,24.3,22.5,23.85,4047,3555,66
BHANDARI,30-DEC-2020,2.45,2.45,2.45,2.45,399693,349692,214
BHARATFORG,30-DEC-2020,521.4,526.0,513.35,517.6,1583260,517558,22087
BHARATRAS,30-DEC-2020,9599.0,10190.0,9432.85,9929.65,38872,9715,10031
BHARATWIRE,30-DEC-2020,32.5,35.6,32.45,35.05,119245,66865,670
BHARTIARTL,30-DEC-2020,523.4,523.4,513.3,516.15,10494434,4281397,140094
BHEL,30-DEC-2020,36.1,36.4,34.95,35.4,55267922,14498491,70194
BIL,30-DEC-2020,149.1,149.95,146.05,148.45,2212,1380,146
BINDALAGRO,30-DEC-2020,16.1,16.35,15.6,15.95,23554,15762,218
BIOCON,30-DEC-2020,462.0,463.65,453.25,458.7,3511633,967618,38458
BIRLACABLE,30-DEC-2020,56.0,56.0,52.2,54.85,46341,23761,624
BIRLACORPN,30-DEC-2020,712.7,733.9,707.0,730.3,461890,205387,11922
BIRLAMONEY,30-DEC-2020,46.8,46.85,44.55,45.1,517635,202366,3065
BIRLATYRE,30-DEC-2020,30.9,31.45,29.15,29.6,1054148,669072,4908
BLBLIMITED,30-DEC-2020,6.1,6.15,5.85,5.95,9758,8835,37
BLISSGVS,30-DEC-2020,189.7,221.0,187.0,205.4,3338532,1028388,33776
BLKASHYAP,30-DEC-2020,9.55,10.0,9.55,10.0,383480,326173,303
BLS,30-DEC-2020,86.05,87.5,84.8,86.7,29696,16719,419
BLUEDART,30-DEC-2020,4089.0,4144.0,4001.95,4105.0,44148,22214,7380
BLUESTARCO,30-DEC-2020,797.7,805.0,790.0,801.55,85990,41127,7331
BODALCHEM,30-DEC-2020,80.7,81.8,78.0,80.75,659223,233311,4482
BOMDYEING,30-DEC-2020,75.35,77.0,73.5,76.6,2119514,547507,11260
BOROLTD,30-DEC-2020,236.5,242.9,225.7,242.9,1458773,467806,24365
BORORENEW,30-DEC-2020,302.75,307.9,285.15,307.9,4462549,1234488,41226
BOSCHLTD,30-DEC-2020,12875.0,12950.0,12667.0,12818.55,50895,12755,8691
BPCL,30-DEC-2020,382.0,384.2,378.8,382.85,3091717,718362,33913
BPL,30-DEC-2020,21.6,22.35,21.6,21.9,47704,33934,392
BRFL,30-DEC-2020,12.9,12.9,12.1,12.1,310432,279772,523
BRIGADE,30-DEC-2020,243.5,249.3,242.3,246.1,98228,59987,3873
BRITANNIA,30-DEC-2020,3602.25,3605.85,3564.0,3583.9,407808,168736,46331
BRNL,30-DEC-2020,33.65,33.75,32.6,33.55,80073,67335,708
BROOKS,30-DEC-2020,65.65,65.65,63.55,64.5,34076,20124,289
BSE,30-DEC-2020,617.0,617.95,606.55,609.2,218172,96074,7597
BSELINFRA,30-DEC-2020,1.15,1.15,1.1,1.15,210874,172210,158
BSHSL,30-DEC-2020,97.0,97.0,92.5,92.55,940,494,37
BSLGOLDETF,30-DEC-2020,4629.45,4629.45,4582.0,4599.25,238,122,69
BSLNIFTY,30-DEC-2020,153.0,154.0,152.23,152.91,481,291,27
BSOFT,30-DEC-2020,252.0,257.0,246.05,253.8,1057293,350015,18920
BURGERKING,30-DEC-2020,173.85,181.5,168.8,175.6,9613637,2070622,108226
BUTTERFLY,30-DEC-2020,476.0,476.0,455.55,463.55,17263,8449,771
CADILAHC,30-DEC-2020,482.9,482.9,475.8,479.35,1839434,234487,21566
CALSOFT,30-DEC-2020,10.9,11.0,10.05,10.15,60704,30468,315
CAMLINFINE,30-DEC-2020,124.95,126.0,119.55,123.9,270099,113453,5984
CAMS,30-DEC-2020,1888.0,1890.0,1752.45,1796.35,830410,258557,36833
CANBK,30-DEC-2020,127.0,130.7,123.6,129.35,45699701,14473128,117642
CANFINHOME,30-DEC-2020,500.0,501.0,490.0,496.65,310217,149113,13736
CANTABIL,30-DEC-2020,426.9,426.9,380.55,386.65,110260,38800,4084
CAPACITE,30-DEC-2020,181.6,188.0,180.0,184.1,146109,43104,4499
CAPLIPOINT,30-DEC-2020,505.1,507.05,497.1,503.1,110446,72287,3072
CAPTRUST,30-DEC-2020,102.05,104.9,95.6,103.45,12789,7320,538
CARBORUNIV,30-DEC-2020,404.0,418.65,394.5,404.7,584781,195983,23080
CAREERP,30-DEC-2020,163.85,163.9,159.6,160.35,12386,8218,383
CARERATING,30-DEC-2020,526.7,543.0,520.0,530.65,469531,175660,17276
CASTROLIND,30-DEC-2020,122.9,125.75,121.4,123.55,3167185,1629860,25143
CCL,30-DEC-2020,268.9,268.9,263.35,264.9,63955,37940,3719
CDSL,30-DEC-2020,521.9,527.5,515.45,524.8,545847,205089,21194
CEATLTD,30-DEC-2020,1075.0,1084.8,1051.55,1071.5,167838,36033,7490
CEBBCO,30-DEC-2020,20.4,20.9,19.35,20.55,279681,199431,1148
CELEBRITY,30-DEC-2020,5.5,5.5,5.15,5.3,160241,143184,194
CENTENKA,30-DEC-2020,207.95,211.9,204.55,206.1,47397,26214,1040
CENTRALBK,30-DEC-2020,14.0,14.0,13.65,13.75,3143924,1512401,4803
CENTRUM,30-DEC-2020,17.1,17.2,15.9,16.8,1121610,491117,1728
CENTUM,30-DEC-2020,412.0,473.0,401.1,440.8,624468,454285,11766
CENTURYPLY,30-DEC-2020,235.95,237.5,230.45,233.85,233297,71288,3872
CENTURYTEX,30-DEC-2020,394.1,399.9,390.5,395.75,871725,239835,14731
CERA,30-DEC-2020,3500.0,3550.0,3397.95,3420.3,11499,4572,2534
CEREBRAINT,30-DEC-2020,36.45,36.55,33.1,33.8,265997,169426,1135
CESC,30-DEC-2020,610.15,613.15,605.2,609.5,277179,114713,8321
CESCVENT,30-DEC-2020,338.0,346.75,328.45,337.95,187074,75192,5807
CGCL,30-DEC-2020,303.7,312.35,303.7,310.15,89429,28654,2948
CGPOWER,30-DEC-2020,45.5,46.3,44.75,45.7,3826766,2529270,7358
CHALET,30-DEC-2020,180.05,186.75,180.05,184.05,162142,61196,2847
CHAMBLFERT,30-DEC-2020,235.9,239.5,230.0,232.3,968455,526336,14365
CHEMBOND,30-DEC-2020,177.0,183.7,171.8,179.75,40054,16175,1021
CHEMCON,30-DEC-2020,418.95,442.75,413.35,435.9,2402565,1438068,37814
CHEMFAB,30-DEC-2020,145.5,148.55,141.05,145.95,31711,13849,809
CHENNPETRO,30-DEC-2020,105.65,107.9,103.5,106.0,928200,259686,9005
CHOLAFIN,30-DEC-2020,383.85,386.05,376.35,384.9,2218568,460610,52845
CHOLAHLDNG,30-DEC-2020,550.3,551.7,536.65,544.55,354783,297747,7865
CIGNITITEC,30-DEC-2020,393.05,420.0,383.3,386.15,36205,23979,1391
CINELINE,30-DEC-2020,37.0,38.4,36.35,36.85,190030,59529,1271
CINEVISTA,30-DEC-2020,7.1,7.6,6.95,7.3,24264,20204,105
CIPLA,30-DEC-2020,830.0,830.0,816.05,823.8,2715404,530980,49155
CLEDUCATE,30-DEC-2020,63.0,64.8,62.8,64.1,7726,6160,121
CLNINDIA,30-DEC-2020,363.6,373.5,361.75,366.8,30434,19890,1443
COALINDIA,30-DEC-2020,136.75,136.75,134.2,135.6,14180071,3473147,62490
COCHINSHIP,30-DEC-2020,368.9,386.75,360.7,382.05,1262298,499134,20980
COFORGE,30-DEC-2020,2687.0,2708.0,2657.05,2694.6,240135,28961,15145
COLPAL,30-DEC-2020,1576.3,1582.0,1563.1,1579.0,271490,106732,11158
COMPINFO,30-DEC-2020,16.1,16.6,15.5,15.95,466748,182712,1643
CONCOR,30-DEC-2020,399.1,401.5,392.15,398.85,1596712,437446,19953
CONFIPET,30-DEC-2020,41.4,41.45,39.3,39.9,741419,319232,3163
CONSOFINVT,30-DEC-2020,42.0,43.75,41.15,41.55,8735,7845,36
CONTROLPR,30-DEC-2020,236.0,264.9,226.5,253.9,215271,81363,7084
CORALFINAC,30-DEC-2020,23.7,23.9,22.75,23.05,15796,13370,185
CORDSCABLE,30-DEC-2020,46.45,46.95,45.2,45.95,11450,6591,236
COROMANDEL,30-DEC-2020,815.1,815.25,793.25,803.25,7149481,1917336,105882
COSMOFILMS,30-DEC-2020,461.2,462.7,452.0,456.35,31061,21722,1294
CPSEETF,30-DEC-2020,20.49,20.49,20.1,20.35,1324916,862878,1243
CREATIVE,30-DEC-2020,114.0,114.5,105.15,109.3,19445,3345,215
CREATIVEYE,30-DEC-2020,4.45,4.45,4.05,4.4,129059,118527,202
CREDITACC,30-DEC-2020,782.05,783.0,765.0,767.75,62819,42831,3634
CREST,30-DEC-2020,102.55,102.55,98.2,100.05,14382,9563,241
CRISIL,30-DEC-2020,1907.7,1922.65,1895.0,1918.65,7494,4193,1275
CROMPTON,30-DEC-2020,368.7,372.0,357.0,368.35,2838088,1966671,70599
CSBBANK,30-DEC-2020,222.9,222.9,216.0,217.0,198742,122381,3198
CTE,30-DEC-2020,42.35,44.4,41.2,44.2,27966,19302,330
CUB,30-DEC-2020,179.95,180.0,177.0,178.1,1059595,715062,13723
CUMMINSIND,30-DEC-2020,571.8,586.0,567.15,571.65,2212476,364669,30545
CUPID,30-DEC-2020,251.1,256.3,245.0,249.55,712297,152487,11568
CYBERMEDIA,30-DEC-2020,2.9,2.9,2.9,2.9,100,100,1
CYBERTECH,30-DEC-2020,164.45,166.0,156.0,157.4,486412,198487,7842
CYIENT,30-DEC-2020,515.0,518.0,509.0,514.7,199644,104795,12994
DAAWAT,30-DEC-2020,58.0,60.0,56.7,58.05,4065172,1320071,21141
DABUR,30-DEC-2020,530.0,540.5,524.35,539.55,6666770,2271223,102502
DALBHARAT,30-DEC-2020,1060.3,1090.0,1035.1,1077.75,210404,82298,10847
DALMIASUG,30-DEC-2020,140.1,142.9,140.0,141.2,79393,29513,1491
DAMODARIND,30-DEC-2020,35.0,36.7,33.8,34.4,14949,11471,169
DANGEE,30-DEC-2020,134.0,134.0,130.05,133.2,16256,15823,99
DATAMATICS,30-DEC-2020,106.95,116.0,105.0,114.35,373018,175567,4490
DBCORP,30-DEC-2020,82.0,82.15,80.6,81.65,120421,65904,1822
DBL,30-DEC-2020,394.8,398.7,389.0,394.45,120443,46185,2972
DBSTOCKBRO,30-DEC-2020,10.55,10.55,10.15,10.35,235,118,12
DCAL,30-DEC-2020,140.25,140.9,136.5,137.0,429229,294375,7913
DCBBANK,30-DEC-2020,118.35,120.5,117.0,120.1,1672849,798428,11441
DCMFINSERV,30-DEC-2020,1.75,1.75,1.7,1.7,2057,2057,15
DCMSHRIRAM,30-DEC-2020,389.95,399.0,385.0,389.4,69178,29983,2620
DCW,30-DEC-2020,19.8,19.85,19.1,19.45,517684,339937,1324
DECCANCE,30-DEC-2020,371.6,380.0,361.15,376.3,125093,60016,3891
DEEPAKFERT,30-DEC-2020,156.45,161.4,154.6,158.15,398094,140503,6649
DEEPAKNTR,30-DEC-2020,924.0,935.0,910.5,927.85,523199,116576,17847
DEEPENR,30-DEC-2020,44.35,44.5,43.55,43.85,14410,8269,258
DELTACORP,30-DEC-2020,162.75,164.1,160.4,162.7,1736278,470410,14410
DEN,30-DEC-2020,62.4,62.95,62.0,62.45,135393,71777,2176
DENORA,30-DEC-2020,246.95,246.95,236.45,239.65,10986,4969,715
DFMFOODS,30-DEC-2020,391.1,427.0,391.1,425.3,171733,111774,5381
DGCONTENT,30-DEC-2020,13.2,14.3,12.65,14.3,53518,51972,146
DHAMPURSUG,30-DEC-2020,166.3,171.5,165.8,167.5,403966,117490,4832
DHANBANK,30-DEC-2020,13.45,13.55,13.15,13.25,331094,186904,831
DHANI,30-DEC-2020,341.0,344.95,332.0,337.0,626340,327822,7148
DHANUKA,30-DEC-2020,800.0,802.4,782.0,784.95,95502,58088,4178
DHFL,30-DEC-2020,25.6,28.2,25.6,28.2,14843184,4835118,23277
DHUNINV,30-DEC-2020,253.6,264.95,253.6,260.1,2854,2095,194
DIAMONDYD,30-DEC-2020,672.95,675.8,649.85,651.6,10258,8655,659
DICIND,30-DEC-2020,410.0,418.85,400.1,410.4,15816,7277,921
DISHTV,30-DEC-2020,13.0,13.5,12.6,13.35,22422051,8844698,20773
DIVISLAB,30-DEC-2020,3790.0,3820.0,3760.85,3799.7,407940,139287,26196
DIXON,30-DEC-2020,13500.0,13571.0,13301.85,13368.45,27262,13620,11585
DLF,30-DEC-2020,232.5,237.0,228.5,235.95,9073150,792149,51837
DLINKINDIA,30-DEC-2020,118.0,119.65,116.0,117.3,205138,107999,3733
DMART,30-DEC-2020,2666.2,2725.0,2642.35,2680.3,479318,245520,37221
DOLAT,30-DEC-2020,53.5,57.5,52.3,56.35,317609,128923,1530
DOLLAR,30-DEC-2020,241.0,241.9,234.2,237.65,151060,73765,3926
DONEAR,30-DEC-2020,35.55,35.55,33.75,34.5,51818,23710,570
DPABHUSHAN,30-DEC-2020,90.55,91.3,83.05,85.9,11319,8359,157
DPSCLTD,30-DEC-2020,11.2,11.2,10.8,11.1,20225,14895,110
DPWIRES,30-DEC-2020,87.0,87.0,83.4,84.5,1548,1318,66
DQE,30-DEC-2020,1.5,1.55,1.5,1.55,46685,46673,35
DREDGECORP,30-DEC-2020,302.8,339.9,296.2,331.55,2019078,362616,49507
DRREDDY,30-DEC-2020,5191.45,5191.45,5142.5,5170.95,475269,101988,32851
DSSL,30-DEC-2020,64.65,66.0,62.0,62.55,33840,17956,667
DTIL,30-DEC-2020,264.9,264.9,255.0,260.05,2809,1932,223
DVL,30-DEC-2020,71.55,77.45,71.4,77.45,108556,77389,1025
DWARKESH,30-DEC-2020,31.15,31.75,30.55,31.1,631807,245419,2337
DYNAMATECH,30-DEC-2020,777.05,792.0,770.0,771.3,6480,4422,459
DYNPRO,30-DEC-2020,248.2,248.25,240.35,244.6,51661,28362,1334
EASTSILK,30-DEC-2020,1.4,1.4,1.4,1.4,7965,7965,9
EBANK,30-DEC-2020,3314.65,3425.05,3155.7,3294.57,13,10,6
EBBETF0423,30-DEC-2020,1110.25,1111.0,1110.25,1110.96,10207,10206,58
EBBETF0425,30-DEC-2020,1026.24,1026.99,1023.76,1026.99,11287,11137,19
EBBETF0430,30-DEC-2020,1135.95,1136.99,1132.55,1135.09,1329,1306,42
EBBETF0431,30-DEC-2020,1018.49,1018.49,1017.0,1017.42,10554,10228,72
EBIXFOREX,30-DEC-2020,500.05,509.95,495.1,500.4,1672,1278,95
ECLERX,30-DEC-2020,910.0,910.35,892.9,901.45,63726,33923,4920
EDELWEISS,30-DEC-2020,71.3,71.3,69.2,70.3,499616,300130,6372
EICHERMOT,30-DEC-2020,2479.0,2525.0,2454.35,2517.35,2429452,298315,91824
EIDPARRY,30-DEC-2020,353.5,366.0,344.05,352.25,3273940,797051,48679
EIHAHOTELS,30-DEC-2020,271.0,282.3,261.15,280.7,32713,13913,1499
EIHOTEL,30-DEC-2020,89.5,90.95,88.15,90.6,409020,215936,5542
EIMCOELECO,30-DEC-2020,347.85,347.85,335.0,336.0,2039,825,262
EKC,30-DEC-2020,55.7,56.6,52.35,52.55,449680,314553,2576
ELECON,30-DEC-2020,41.45,42.55,40.1,41.6,850905,451229,5936
ELECTCAST,30-DEC-2020,20.55,21.2,20.4,20.5,830709,602941,4112
ELECTHERM,30-DEC-2020,113.25,116.0,112.2,114.45,20322,14295,394
ELGIEQUIP,30-DEC-2020,155.2,157.55,153.45,154.85,86725,52366,2127
ELGIRUBCO,30-DEC-2020,22.4,23.4,22.0,22.3,24182,16753,139
EMAMILTD,30-DEC-2020,423.15,426.9,421.5,423.45,896597,691446,18437
EMAMIPAP,30-DEC-2020,107.9,107.9,103.15,105.25,7118,4325,157
EMAMIREAL,30-DEC-2020,50.8,50.95,49.0,49.75,13314,10767,253
EMKAY,30-DEC-2020,79.0,83.95,77.95,81.65,128100,55338,1575
EMMBI,30-DEC-2020,75.2,76.4,74.5,75.65,16712,13149,249
ENDURANCE,30-DEC-2020,1307.0,1350.0,1283.2,1344.7,256951,115732,16295
ENERGYDEV,30-DEC-2020,9.75,9.75,9.75,9.75,60859,60858,81
ENGINERSIN,30-DEC-2020,78.75,79.45,77.8,78.95,2993049,1505744,13676
ENIL,30-DEC-2020,159.65,162.95,156.05,159.0,229863,129901,6037
EPL,30-DEC-2020,260.0,261.1,254.05,260.05,454384,413542,8269
EQ30,30-DEC-2020,414.06,417.64,395.0,402.11,162,132,62
EQUITAS,30-DEC-2020,66.7,68.5,66.05,68.05,2087058,1467372,10262
EQUITASBNK,30-DEC-2020,37.55,37.65,36.3,37.5,1483158,1239575,5313
ERIS,30-DEC-2020,584.0,584.0,570.0,572.3,48894,19062,4397
EROSMEDIA,30-DEC-2020,23.4,23.5,22.5,22.95,113932,75368,730
ESABINDIA,30-DEC-2020,1820.0,1905.0,1807.95,1868.65,10755,4843,1399
ESCORTS,30-DEC-2020,1277.0,1283.65,1254.6,1265.15,1853063,358472,52306
ESSARSHPNG,30-DEC-2020,10.0,10.85,9.9,10.15,58831,42503,218
ESTER,30-DEC-2020,119.85,119.85,116.8,117.4,128968,63707,2670
EUROTEXIND,30-DEC-2020,7.95,8.15,7.95,8.15,1945,1945,2
EVEREADY,30-DEC-2020,206.95,210.8,203.15,209.2,1119642,595569,12169
EVERESTIND,30-DEC-2020,320.0,332.7,314.95,318.5,144394,52456,5083
EXCELINDUS,30-DEC-2020,855.0,855.0,836.25,841.15,9347,4568,1401
EXIDEIND,30-DEC-2020,192.9,193.5,187.75,191.35,5451885,1254776,36356
EXPLEOSOL,30-DEC-2020,515.0,535.0,509.0,521.5,30662,14959,1806
FACT,30-DEC-2020,65.0,65.0,60.75,61.3,1458739,421424,7926
FCL,30-DEC-2020,67.4,69.9,60.1,63.8,5111429,1813365,28901
FCONSUMER,30-DEC-2020,8.35,8.45,8.3,8.4,4342828,2104605,3626
FDC,30-DEC-2020,327.95,327.95,323.0,325.65,124130,77741,3462
FEDERALBNK,30-DEC-2020,67.65,68.0,66.3,67.25,19496396,3879087,31793
FEL,30-DEC-2020,11.45,11.45,11.3,11.35,1110408,779787,1648
FELDVR,30-DEC-2020,14.5,14.9,13.7,14.4,59839,23301,271
FIEMIND,30-DEC-2020,543.9,570.25,540.0,559.8,118518,56581,7052
FILATEX,30-DEC-2020,46.2,46.9,44.5,46.1,1503178,1309432,1765
FINCABLES,30-DEC-2020,347.0,350.8,339.8,340.6,99848,57251,4402
FINEORG,30-DEC-2020,2520.0,2534.0,2485.0,2513.6,17436,10632,2318
FINPIPE,30-DEC-2020,650.0,654.45,637.7,646.65,53584,29867,3198
FLFL,30-DEC-2020,86.0,86.25,85.0,85.85,149771,82058,1188
FLUOROCHEM,30-DEC-2020,566.5,578.75,561.55,569.0,34780,23003,1455
FMGOETZE,30-DEC-2020,311.4,316.95,310.3,312.15,6156,4320,331
FMNL,30-DEC-2020,19.55,19.9,18.05,19.1,78345,42045,356
FORCEMOT,30-DEC-2020,1360.0,1377.0,1345.0,1356.4,27888,8748,3129
FORTIS,30-DEC-2020,155.1,156.2,151.4,154.3,1309215,564645,13231
FOSECOIND,30-DEC-2020,1316.05,1324.0,1294.0,1307.1,1497,937,357
FRETAIL,30-DEC-2020,77.55,77.55,76.6,77.25,1370522,829874,7859
FSC,30-DEC-2020,102.0,103.7,101.0,102.25,48209,33506,1086
FSL,30-DEC-2020,104.65,104.9,98.8,99.2,5364013,2098017,46753
G5,30-DEC-2020,49.22,49.22,45.89,47.8,15074,11458,36
GABRIEL,30-DEC-2020,106.2,107.55,104.0,106.0,186547,64997,2619
GAEL,30-DEC-2020,116.5,118.5,114.85,116.75,92178,56661,1662
GAIL,30-DEC-2020,123.9,124.2,121.6,123.1,11547865,2539062,36162
GAL,30-DEC-2020,3.25,3.25,3.1,3.2,18966,17684,41
GALAXYSURF,30-DEC-2020,2010.25,2018.05,1989.5,1997.05,16580,8833,2295
GALLANTT,30-DEC-2020,38.5,39.9,38.2,39.05,19701,13249,217
GALLISPAT,30-DEC-2020,36.75,36.9,35.05,35.75,20796,14706,230
GAMMNINFRA,30-DEC-2020,0.8,0.8,0.75,0.75,748610,718468,578
GANDHITUBE,30-DEC-2020,245.15,254.0,243.4,248.65,9173,3121,616
GANECOS,30-DEC-2020,362.95,379.0,361.05,375.3,88314,61462,2836
GANESHHOUC,30-DEC-2020,32.9,32.9,31.3,31.95,28835,20048,173
GANGESSECU,30-DEC-2020,60.05,62.4,60.05,62.25,379,301,16
GARDENSILK,30-DEC-2020,13.55,13.55,12.6,12.85,75291,44511,335
GARFIBRES,30-DEC-2020,2191.2,2257.0,2159.1,2250.35,19503,13672,2742
GATI,30-DEC-2020,90.65,98.9,88.2,97.8,5755830,2548707,26613
GAYAPROJ,30-DEC-2020,37.8,38.2,37.0,37.35,210695,142002,1356
GDL,30-DEC-2020,121.75,124.95,119.1,121.4,169645,64463,7176
GEECEE,30-DEC-2020,85.85,86.1,82.85,83.7,18331,14266,466
GENESYS,30-DEC-2020,61.5,61.5,61.25,61.5,11426,11386,84
GENUSPAPER,30-DEC-2020,7.45,7.45,6.9,7.2,856740,482104,1197
GENUSPOWER,30-DEC-2020,41.05,41.3,39.3,39.8,304309,130348,2218
GEOJITFSL,30-DEC-2020,57.9,58.0,55.5,55.95,399259,212363,2393
GEPIL,30-DEC-2020,285.0,286.0,277.1,285.05,68794,46955,2362
GESHIP,30-DEC-2020,263.0,266.0,258.55,264.15,209809,108426,9719
GET&D,30-DEC-2020,116.0,122.4,114.2,118.6,154700,63362,3116
GFLLIMITED,30-DEC-2020,90.0,91.7,89.1,89.65,22826,14599,332
GFSTEELS,30-DEC-2020,2.05,2.1,2.05,2.1,1478,1478,7
GHCL,30-DEC-2020,209.55,213.4,203.8,205.2,545222,157224,12320
GICHSGFIN,30-DEC-2020,119.3,119.3,116.25,117.95,336330,109214,3897
GICRE,30-DEC-2020,140.95,141.35,138.7,139.45,187391,99764,2286
GILLANDERS,30-DEC-2020,50.45,50.45,46.6,48.55,14725,10669,188
GILLETTE,30-DEC-2020,5817.0,5852.0,5762.45,5795.85,4639,2322,1332
GINNIFILA,30-DEC-2020,22.2,22.5,20.55,22.35,137092,105581,462
GIPCL,30-DEC-2020,84.6,84.6,80.0,83.35,141443,73740,3149
GISOLUTION,30-DEC-2020,2.9,2.9,2.8,2.85,15567,13067,28
GLAND,30-DEC-2020,2355.8,2363.7,2296.0,2351.0,243725,110651,21389
GLAXO,30-DEC-2020,1587.0,1610.0,1577.95,1601.45,25274,11697,3328
GLENMARK,30-DEC-2020,500.0,500.35,492.75,499.25,1490678,435548,25466
GLFL,30-DEC-2020,2.25,2.4,2.2,2.2,28028,25150,54
GLOBAL,30-DEC-2020,70.75,70.75,64.3,64.65,23928,15584,284
GLOBE,30-DEC-2020,60.2,64.0,59.7,60.7,9123,4780,48
GLOBOFFS,30-DEC-2020,9.1,9.4,8.95,9.15,23862,16150,90
GLOBUSSPR,30-DEC-2020,311.9,330.0,311.9,319.35,287208,113913,7435
GMDCLTD,30-DEC-2020,50.75,52.35,49.7,51.65,1020004,464766,6079
GMMPFAUDLR,30-DEC-2020,3740.0,3847.0,3681.0,3770.45,86827,33749,14704
GMRINFRA,30-DEC-2020,27.0,28.1,26.3,27.4,146111191,71167730,67279
GNA,30-DEC-2020,259.0,260.15,254.1,256.35,98489,75392,1737
GNFC,30-DEC-2020,228.1,228.4,221.1,222.5,749457,383607,10559
GOCLCORP,30-DEC-2020,196.05,199.95,193.0,194.15,8838,4849,461
GODFRYPHLP,30-DEC-2020,976.0,991.15,965.55,974.85,48452,11586,4001
GODHA,30-DEC-2020,40.45,40.55,38.0,40.55,6868,6723,24
GODREJAGRO,30-DEC-2020,539.7,539.7,533.0,535.7,97701,34867,5706
GODREJCP,30-DEC-2020,745.0,756.9,738.3,749.15,2188175,733364,48607
GODREJIND,30-DEC-2020,436.0,441.0,420.2,423.75,256257,111422,14313
GODREJPROP,30-DEC-2020,1412.0,1417.85,1375.0,1393.75,1084354,169111,34483
GOKEX,30-DEC-2020,91.85,92.85,90.7,91.85,221361,111136,3553
GOKUL,30-DEC-2020,17.45,18.0,16.5,17.75,98219,60085,412
GOKULAGRO,30-DEC-2020,18.95,19.0,17.75,18.15,45819,31579,480
GOLDBEES,30-DEC-2020,43.78,43.8,43.53,43.58,3364504,2661777,9842
GOLDENTOBC,30-DEC-2020,53.95,54.55,50.0,51.1,27685,18980,495
GOLDIAM,30-DEC-2020,235.65,235.65,222.4,225.45,132764,69278,4287
GOLDSHARE,30-DEC-2020,4548.45,4575.0,4515.0,4520.3,1875,1442,402
GOLDTECH,30-DEC-2020,10.4,11.0,9.65,10.4,125710,44410,346
GOODLUCK,30-DEC-2020,54.0,56.0,53.4,55.0,62152,26969,826
GOODYEAR,30-DEC-2020,978.9,978.9,957.05,959.95,9641,5825,1106
GPIL,30-DEC-2020,453.9,463.0,441.05,458.5,87965,40230,3893
GPPL,30-DEC-2020,99.45,101.75,97.5,99.85,2407974,841470,26095
GPTINFRA,30-DEC-2020,41.95,41.95,38.8,40.3,178017,84899,1561
GRANULES,30-DEC-2020,370.9,370.9,361.3,363.35,928292,495769,21329
GRAPHITE,30-DEC-2020,312.0,313.25,302.0,307.25,965013,292833,17322
GRASIM,30-DEC-2020,911.1,938.95,897.3,934.4,2280218,550024,45659
GRAVITA,30-DEC-2020,72.5,74.5,70.3,72.75,684799,263082,4348
GREAVESCOT,30-DEC-2020,86.7,87.7,85.5,86.4,1012757,429331,8318
GREENLAM,30-DEC-2020,787.85,791.0,779.0,786.1,7250,6189,652
GREENPANEL,30-DEC-2020,122.9,124.45,117.35,122.35,111670,79750,668
GREENPLY,30-DEC-2020,111.2,118.95,109.0,114.3,1547742,645093,14826
GREENPOWER,30-DEC-2020,2.45,2.45,2.35,2.4,1581275,727841,3213
GRINDWELL,30-DEC-2020,726.0,747.25,713.0,722.95,52273,34427,4261
GROBTEA,30-DEC-2020,828.75,828.75,762.5,827.8,9501,4948,584
GRPLTD,30-DEC-2020,900.05,905.0,861.0,876.3,291,234,37
GRSE,30-DEC-2020,198.1,198.5,194.4,195.4,204795,104747,3641
GSCLCEMENT,30-DEC-2020,37.0,38.75,36.25,38.0,879155,300380,4006
GSFC,30-DEC-2020,75.75,75.75,73.2,73.5,648267,343636,4089
GSPL,30-DEC-2020,220.0,224.5,215.25,223.65,965352,725241,11288
GSS,30-DEC-2020,54.5,56.0,52.5,54.0,130405,69444,1127
GTL,30-DEC-2020,5.85,5.85,5.8,5.85,72872,38683,102
GTLINFRA,30-DEC-2020,0.75,0.75,0.7,0.75,6812221,4410125,2636
GTNTEX,30-DEC-2020,6.5,6.65,6.5,6.65,14136,14086,8
GTPL,30-DEC-2020,124.15,124.95,120.6,124.4,49138,23992,869
GUFICBIO,30-DEC-2020,117.2,118.45,116.4,117.05,39527,21934,647
GUJALKALI,30-DEC-2020,356.35,363.0,353.35,358.5,133223,45007,4109
GUJAPOLLO,30-DEC-2020,205.5,205.7,197.1,200.35,8269,3359,636
GUJGASLTD,30-DEC-2020,383.3,384.65,374.3,382.2,544797,178855,16326
GULFOILLUB,30-DEC-2020,765.0,765.0,718.0,719.0,21305,11383,1725
GULFPETRO,30-DEC-2020,47.4,47.7,45.55,46.05,40007,24633,633
GULPOLY,30-DEC-2020,84.9,84.9,81.2,82.35,46901,27135,560
HAL,30-DEC-2020,840.0,840.0,823.0,831.05,193476,46941,9770
HAPPSTMNDS,30-DEC-2020,350.9,351.0,340.2,344.65,1178851,238770,18317
HARITASEAT,30-DEC-2020,480.95,481.0,474.05,477.35,4193,3186,208
HARRMALAYA,30-DEC-2020,116.5,118.55,113.6,115.65,51601,33851,1867
HATHWAY,30-DEC-2020,32.5,32.8,32.3,32.7,279539,189042,1925
HATSUN,30-DEC-2020,727.1,740.55,714.0,727.35,39670,17900,2341
HAVELLS,30-DEC-2020,908.0,910.3,897.3,904.65,886047,213437,29227
HBANKETF,30-DEC-2020,315.0,315.0,309.25,312.53,2513,1661,124
HBLPOWER,30-DEC-2020,43.2,43.4,39.1,40.35,4322065,1931680,19507
HCC,30-DEC-2020,9.2,9.35,8.95,9.05,5356344,1615296,3421
HCG,30-DEC-2020,165.0,165.9,160.5,162.25,116842,79207,2507
HCL-INSYS,30-DEC-2020,8.85,8.9,8.6,8.8,186787,146397,796
HCLTECH,30-DEC-2020,938.0,950.0,931.0,940.7,6382809,1795890,129019
HDFC,30-DEC-2020,2518.95,2525.0,2483.0,2518.05,2902423,1494677,105288
HDFCAMC,30-DEC-2020,2924.8,2927.0,2876.1,2908.7,237351,117531,30217
HDFCBANK,30-DEC-2020,1439.9,1439.9,1413.0,1432.5,8108363,3247668,137892
HDFCLIFE,30-DEC-2020,679.0,679.0,667.0,675.7,2886107,1217129,60576
HDFCMFGETF,30-DEC-2020,4497.95,4497.95,4458.0,4463.05,6524,4336,563
HDFCNIFETF,30-DEC-2020,1473.46,1473.46,1459.86,1465.12,2097,1860,101
HDFCSENETF,30-DEC-2020,5048.73,5048.73,5011.01,5022.51,483,389,71
HEG,30-DEC-2020,957.95,957.95,923.0,931.8,554990,129405,19359
HEIDELBERG,30-DEC-2020,217.2,234.75,215.5,229.25,1662151,430978,22658
HEMIPROP,30-DEC-2020,74.7,88.25,72.5,88.25,10574707,4734955,42521
HERCULES,30-DEC-2020,121.0,125.0,120.0,121.3,65247,26377,1618
HERITGFOOD,30-DEC-2020,302.0,302.5,295.0,299.65,58059,34180,1909
HEROMOTOCO,30-DEC-2020,3080.0,3107.95,3065.6,3101.4,505754,100432,32464
HESTERBIO,30-DEC-2020,1706.9,1730.0,1691.55,1723.2,2707,1225,371
HEXATRADEX,30-DEC-2020,34.9,36.0,33.85,35.55,15088,9352,106
HFCL,30-DEC-2020,26.1,26.35,25.4,25.6,8309094,2911827,12022
HGINFRA,30-DEC-2020,216.65,221.4,215.1,219.15,126447,98909,4396
HGS,30-DEC-2020,1171.0,1171.0,1124.0,1133.2,18101,11244,2136
HIKAL,30-DEC-2020,166.8,168.35,164.1,165.0,272141,110782,4969
HIL,30-DEC-2020,2175.45,2199.0,2146.0,2173.4,8689,4759,1428
HILTON,30-DEC-2020,12.2,12.2,11.25,11.6,10203,8294,124
HIMATSEIDE,30-DEC-2020,141.5,141.7,138.2,139.25,113034,64286,2002
HINDALCO,30-DEC-2020,236.4,239.15,232.65,237.4,8480116,1298629,46855
HINDCOMPOS,30-DEC-2020,226.45,233.9,225.6,226.8,2940,2114,175
HINDCOPPER,30-DEC-2020,63.4,63.85,61.0,62.3,3494447,845701,14631
HINDMOTORS,30-DEC-2020,7.65,7.8,7.4,7.65,197210,123773,523
HINDNATGLS,30-DEC-2020,35.95,37.0,35.0,35.15,45444,24312,443
HINDOILEXP,30-DEC-2020,90.95,90.95,86.0,87.35,384828,215947,4899
HINDPETRO,30-DEC-2020,215.2,216.9,214.05,216.45,3945034,1732332,48944
HINDUNILVR,30-DEC-2020,2390.0,2414.65,2376.0,2406.6,1924886,692444,86753
HINDZINC,30-DEC-2020,239.85,240.4,238.0,239.2,439356,267417,15438
HIRECT,30-DEC-2020,153.5,155.85,150.1,153.35,45754,18268,1653
HISARMETAL,30-DEC-2020,82.8,86.35,80.5,84.2,40728,14704,542
HITECH,30-DEC-2020,209.7,209.7,199.0,200.45,52306,18386,292
HITECHCORP,30-DEC-2020,111.0,114.55,107.65,113.2,4498,3203,114
HLVLTD,30-DEC-2020,5.1,5.15,5.0,5.1,103222,63576,208
HMVL,30-DEC-2020,56.05,57.5,54.25,55.85,18830,11486,243
HNDFDS,30-DEC-2020,1746.0,1750.0,1550.0,1597.0,118436,42281,13690
HNGSNGBEES,30-DEC-2020,337.0,339.99,336.5,339.28,478,405,41
HONAUT,30-DEC-2020,37040.15,37849.75,36905.0,37528.3,6004,1864,3662
HONDAPOWER,30-DEC-2020,1043.0,1062.0,1043.0,1052.5,5583,2987,975
HPL,30-DEC-2020,42.95,43.6,42.15,42.45,164165,101960,1138
HSCL,30-DEC-2020,43.7,44.1,42.7,43.75,2722938,1342168,9253
HSIL,30-DEC-2020,123.95,124.45,116.05,117.55,311701,172148,5998
HTMEDIA,30-DEC-2020,16.0,16.15,15.7,16.0,97538,71981,215
HUBTOWN,30-DEC-2020,15.8,15.8,15.5,15.8,89896,82475,247
HUDCO,30-DEC-2020,40.0,40.35,39.6,39.95,1296112,430210,3594
HUHTAMAKI,30-DEC-2020,309.15,318.0,305.0,310.05,120985,56583,3466
IBMFNIFTY,30-DEC-2020,142.3,142.3,136.02,140.55,1020,566,172
IBREALEST,30-DEC-2020,76.6,80.85,74.7,79.3,7770515,2191725,29229
IBULHSGFIN,30-DEC-2020,216.5,217.3,211.35,214.85,15652743,1685588,100986
ICEMAKE,30-DEC-2020,102.7,105.35,98.05,105.2,53815,36047,557
ICICI500,30-DEC-2020,195.0,199.89,187.0,188.25,783,493,109
ICICIALPLV,30-DEC-2020,138.0,138.48,137.06,138.3,272,255,20
ICICIB22,30-DEC-2020,31.71,31.75,31.36,31.68,270858,230626,5509
ICICIBANK,30-DEC-2020,531.65,533.0,524.55,528.75,21365141,9162752,174183
ICICIBANKN,30-DEC-2020,316.0,316.0,307.59,311.07,4350,2778,268
ICICIBANKP,30-DEC-2020,171.6,171.6,169.0,169.67,3252,2445,111
ICICIGI,30-DEC-2020,1520.0,1540.3,1496.25,1510.1,721897,269633,40970
ICICIGOLD,30-DEC-2020,44.61,45.1,44.51,44.6,66332,58227,719
ICICILIQ,30-DEC-2020,999.99,1000.01,999.0,999.99,17603,15926,38
ICICILOVOL,30-DEC-2020,114.7,114.7,113.0,113.95,4043,3172,297
ICICIM150,30-DEC-2020,79.5,79.5,78.22,78.79,1081,718,25
ICICIMCAP,30-DEC-2020,78.0,78.45,77.18,77.78,3050,2466,115
ICICINF100,30-DEC-2020,152.0,157.0,150.33,151.74,1018,797,84
ICICINIFTY,30-DEC-2020,158.0,158.0,147.03,148.07,92877,71042,2298
ICICINV20,30-DEC-2020,72.0,72.6,71.03,71.6,3635,2835,311
ICICINXT50,30-DEC-2020,33.18,33.18,32.62,32.79,35894,25349,170
ICICIPRULI,30-DEC-2020,500.0,502.4,491.4,498.75,763177,211694,20260
ICICISENSX,30-DEC-2020,513.99,513.99,503.95,512.36,1639,1125,67
ICICITECH,30-DEC-2020,251.55,254.7,243.59,244.04,255370,248980,203
ICIL,30-DEC-2020,146.5,147.0,142.5,143.6,123955,105677,1611
ICRA,30-DEC-2020,2927.3,2937.1,2855.15,2912.45,1371,1055,255
IDBI,30-DEC-2020,31.5,31.85,30.8,30.85,8457561,5489127,22569
IDBIGOLD,30-DEC-2020,4501.0,4660.0,4035.95,4609.8,119,75,60
IDEA,30-DEC-2020,10.35,10.35,10.05,10.2,196181871,43132317,132941
IDFC,30-DEC-2020,38.0,38.0,37.15,37.4,4011419,2407317,20642
IDFCFIRSTB,30-DEC-2020,36.85,36.95,35.9,36.65,19633682,3622705,46206
IDFNIFTYET,30-DEC-2020,144.0,146.0,144.0,144.83,927,891,41
IEX,30-DEC-2020,218.95,226.95,215.55,222.9,986980,673580,10844
IFBAGRO,30-DEC-2020,489.15,491.65,475.9,478.6,25502,11971,1721
IFBIND,30-DEC-2020,1195.65,1198.0,1150.9,1165.65,48840,19830,3810
IFCI,30-DEC-2020,9.35,9.35,9.05,9.15,2344104,1171611,40369
IFGLEXPOR,30-DEC-2020,264.9,294.6,249.0,294.6,329630,127728,8268
IGARASHI,30-DEC-2020,330.1,336.7,327.15,332.75,36476,17019,1582
IGL,30-DEC-2020,516.5,519.5,502.4,505.55,6424050,748552,68414
IGPL,30-DEC-2020,430.6,432.8,421.0,424.55,31050,23651,1090
IIFL,30-DEC-2020,114.3,115.0,111.7,112.65,346472,113116,3423
IIFLSEC,30-DEC-2020,48.0,48.4,47.1,47.45,1430184,616953,5322
IIFLWAM,30-DEC-2020,1003.0,1012.55,975.35,1001.45,39103,33870,2189
IMFA,30-DEC-2020,280.0,283.95,276.6,279.15,20534,16474,658
IMPAL,30-DEC-2020,576.75,589.5,562.6,580.15,3491,1795,566
INDBANK,30-DEC-2020,11.25,11.45,11.05,11.15,49812,23836,256
INDHOTEL,30-DEC-2020,123.0,123.35,120.35,121.85,903525,427006,7760
INDIACEM,30-DEC-2020,145.05,174.05,142.35,174.05,30862625,6130741,155841
INDIAGLYCO,30-DEC-2020,290.9,320.95,290.9,314.4,928079,309708,20869
INDIAMART,30-DEC-2020,6250.0,6283.05,6200.0,6251.05,37478,18136,8751
INDIANB,30-DEC-2020,88.4,89.1,86.25,87.05,2534807,434633,11451
INDIANCARD,30-DEC-2020,130.9,136.8,125.0,129.1,6566,4106,235
INDIANHUME,30-DEC-2020,194.0,195.4,190.1,191.5,42443,24124,1035
INDIGO,30-DEC-2020,1695.0,1700.45,1677.25,1689.7,1065369,83488,31631
INDNIPPON,30-DEC-2020,357.05,360.45,353.0,355.0,6915,3634,376
INDOCO,30-DEC-2020,291.85,300.9,286.8,297.9,136434,61520,4168
INDORAMA,30-DEC-2020,39.2,40.15,37.25,40.05,233619,164665,951
INDOSTAR,30-DEC-2020,323.9,323.9,313.0,314.95,53937,20627,1744
INDOTECH,30-DEC-2020,116.0,116.05,113.5,113.9,8019,4893,192
INDOTHAI,30-DEC-2020,25.05,27.3,25.05,27.1,7324,6298,70
INDRAMEDCO,30-DEC-2020,58.2,58.6,57.05,57.5,142294,54374,1819
INDSWFTLAB,30-DEC-2020,61.5,63.0,60.7,62.0,64724,57918,352
INDTERRAIN,30-DEC-2020,34.85,36.75,34.25,35.75,1063027,607941,3523
INDUSINDBK,30-DEC-2020,919.05,922.7,888.0,899.05,11462263,1303510,180536
INDUSTOWER,30-DEC-2020,236.05,237.4,229.05,231.45,4714009,1575903,36736
INEOSSTYRO,30-DEC-2020,823.5,832.9,801.1,820.95,19535,12618,1236
INFIBEAM,30-DEC-2020,85.7,87.4,84.3,85.85,212525,99836,2677
INFOBEAN,30-DEC-2020,152.9,152.9,147.1,152.9,103962,69065,1186
INFRABEES,30-DEC-2020,383.0,388.52,376.5,378.55,1511,896,53
INFY,30-DEC-2020,1253.0,1253.3,1238.15,1246.8,5194690,2378603,107704
INGERRAND,30-DEC-2020,648.2,659.4,642.25,654.75,29247,16639,1906
INOXLEISUR,30-DEC-2020,283.3,283.3,278.25,280.75,258645,124665,5940
INOXWIND,30-DEC-2020,59.95,59.95,57.7,58.55,101074,74380,1023
INSECTICID,30-DEC-2020,460.0,469.75,460.0,466.65,15264,8965,1163
INSPIRISYS,30-DEC-2020,35.65,37.0,34.65,35.0,28830,22233,175
INTELLECT,30-DEC-2020,322.0,330.0,315.5,316.85,388850,188681,8504
INTENTECH,30-DEC-2020,44.0,45.4,43.0,43.45,54846,30935,464
INVENTURE,30-DEC-2020,17.4,17.4,16.6,17.0,9466,7532,100
IOB,30-DEC-2020,10.65,10.7,10.4,10.5,1351599,475281,1858
IOC,30-DEC-2020,91.35,91.7,90.0,90.9,13421049,2866111,32960
IOLCP,30-DEC-2020,780.0,783.8,748.45,752.9,555580,157045,18305
IPCALAB,30-DEC-2020,2167.5,2194.0,2147.1,2175.5,198361,77992,25259
IRB,30-DEC-2020,110.0,111.4,109.0,109.75,206869,92860,2719
IRCON,30-DEC-2020,87.4,87.95,86.55,86.9,386147,186515,10479
IRCTC,30-DEC-2020,1420.0,1443.0,1408.0,1434.95,1637204,702566,55821
ISEC,30-DEC-2020,460.0,462.0,453.05,455.45,344596,210156,9688
ISFT,30-DEC-2020,66.1,68.85,65.35,67.3,18038,11865,155
ISMTLTD,30-DEC-2020,11.75,11.95,11.2,11.4,198558,164144,284
ITC,30-DEC-2020,212.7,213.5,209.55,211.15,18925262,5157075,104450
ITDC,30-DEC-2020,328.0,348.8,323.0,330.95,400448,62647,10634
ITDCEM,30-DEC-2020,58.9,68.3,57.55,66.4,6300188,1505485,29364
ITI,30-DEC-2020,127.6,130.9,125.25,127.8,572078,134334,6594
IVZINGOLD,30-DEC-2020,4551.0,4551.0,4530.1,4539.0,50,46,15
IVZINNIFTY,30-DEC-2020,1489.15,1579.0,1489.15,1512.75,23,10,6
IZMO,30-DEC-2020,48.55,48.55,46.0,48.0,30841,16211,408
J&KBANK,30-DEC-2020,23.05,23.15,22.8,22.95,1077689,608545,2588
JAGRAN,30-DEC-2020,42.35,43.2,41.8,42.95,309473,149241,1731
JAGSNPHARM,30-DEC-2020,71.65,72.8,69.8,70.5,87608,50834,1188
JAIBALAJI,30-DEC-2020,18.6,19.5,18.6,19.4,33681,27831,119
JAICORPLTD,30-DEC-2020,91.65,96.25,90.15,94.65,2061243,415102,10993
JAMNAAUTO,30-DEC-2020,59.7,61.5,58.5,61.05,1952479,874479,10865
JASH,30-DEC-2020,223.0,224.05,215.6,220.0,2906,2371,87
JAYAGROGN,30-DEC-2020,122.9,122.9,117.0,119.15,59183,29879,1649
JAYBARMARU,30-DEC-2020,249.7,254.0,242.95,246.65,40323,14263,1282
JAYSREETEA,30-DEC-2020,71.25,72.25,70.0,70.6,108769,42700,1506
JBCHEPHARM,30-DEC-2020,1016.0,1034.0,1000.05,1006.85,56758,33981,5213
JBMA,30-DEC-2020,281.25,281.25,276.0,279.35,19254,8961,777
JCHAC,30-DEC-2020,2571.0,2580.6,2500.1,2540.35,30317,16643,4648
JHS,30-DEC-2020,25.75,25.75,24.0,24.35,182881,127504,557
JINDALPOLY,30-DEC-2020,461.7,462.55,453.65,457.25,10038,6157,594
JINDALSAW,30-DEC-2020,76.8,76.9,75.2,75.85,774650,302720,3824
JINDALSTEL,30-DEC-2020,263.3,268.9,260.2,265.95,9449170,1025459,67616
JINDRILL,30-DEC-2020,89.65,89.65,83.85,86.7,21328,12397,460
JINDWORLD,30-DEC-2020,56.7,57.4,54.1,55.0,222745,40445,2901
JISLDVREQS,30-DEC-2020,12.05,12.7,12.0,12.2,29577,21786,131
JISLJALEQS,30-DEC-2020,19.0,19.05,18.5,18.7,1188643,821129,1762
JKCEMENT,30-DEC-2020,1915.0,1964.85,1904.65,1942.05,113439,32514,10341
JKIL,30-DEC-2020,133.7,134.95,130.1,134.0,96418,49396,2508
JKLAKSHMI,30-DEC-2020,336.4,350.0,333.4,345.35,716815,278988,11978
JKPAPER,30-DEC-2020,104.9,106.45,104.45,104.9,522684,229272,4729
JKTYRE,30-DEC-2020,74.5,75.4,73.8,74.9,1811190,697638,13022
JMA,30-DEC-2020,32.6,32.6,32.0,32.0,18116,17948,94
JMCPROJECT,30-DEC-2020,68.55,69.8,67.8,68.3,398220,159089,2785
JMFINANCIL,30-DEC-2020,84.55,84.75,82.7,83.55,1006585,403279,7496
JMTAUTOLTD,30-DEC-2020,2.6,2.6,2.55,2.6,378849,250155,433
JOCIL,30-DEC-2020,174.95,184.45,171.05,181.8,47290,21127,902
JPASSOCIAT,30-DEC-2020,7.05,7.05,7.05,7.05,2563401,2562900,1541
JPPOWER,30-DEC-2020,3.2,3.2,3.1,3.2,13404379,9824839,3664
JSL,30-DEC-2020,82.4,82.4,76.1,77.0,2679121,1191291,15436
JSLHISAR,30-DEC-2020,150.0,152.8,141.15,142.95,1140360,564302,14980
JSWENERGY,30-DEC-2020,68.95,69.1,67.8,68.7,982505,427538,3768
JSWHL,30-DEC-2020,3957.05,3969.7,3830.0,3896.7,974,651,210
JSWISPL,30-DEC-2020,28.6,29.85,28.6,29.15,289322,206678,779
JSWSTEEL,30-DEC-2020,382.8,387.9,378.65,386.1,4637174,511117,50463
JTEKTINDIA,30-DEC-2020,88.8,90.35,87.8,88.35,262068,103696,2522
JUBILANT,30-DEC-2020,879.0,879.0,845.0,848.0,790745,307205,33627
JUBLFOOD,30-DEC-2020,2725.0,2725.55,2666.45,2682.15,700963,99367,37678
JUBLINDS,30-DEC-2020,243.5,243.5,233.2,235.05,22429,14394,569
JUMPNET,30-DEC-2020,15.45,15.5,15.0,15.5,1277973,778504,1870
JUNIORBEES,30-DEC-2020,345.0,345.0,318.0,339.5,87763,77965,5243
JUSTDIAL,30-DEC-2020,613.9,648.0,611.65,633.05,2794851,495339,71003
JYOTHYLAB,30-DEC-2020,148.0,150.0,142.65,146.95,923703,325737,10290
KABRAEXTRU,30-DEC-2020,99.95,100.8,98.05,98.65,35130,25328,654
KAJARIACER,30-DEC-2020,690.9,698.7,682.0,689.65,170105,76830,7403
KAKATCEM,30-DEC-2020,185.55,203.55,183.1,195.55,122247,51962,2486
KALPATPOWR,30-DEC-2020,311.7,325.0,311.7,318.15,815574,272576,18145
KAMATHOTEL,30-DEC-2020,38.2,38.2,36.5,36.65,109890,82126,631
KAMDHENU,30-DEC-2020,111.0,113.25,105.95,110.05,46811,22917,1050
KANANIIND,30-DEC-2020,3.8,3.8,3.7,3.7,711,621,7
KANORICHEM,30-DEC-2020,52.4,52.4,48.0,48.35,601855,269995,5119
KANSAINER,30-DEC-2020,580.25,632.35,569.2,624.6,1247753,672013,51887
KARDA,30-DEC-2020,118.0,118.65,108.0,118.5,130457,78816,700
KARMAENG,30-DEC-2020,12.5,12.95,11.5,12.4,698,505,23
KARURVYSYA,30-DEC-2020,46.4,46.4,45.15,45.6,1269237,563366,6309
KAYA,30-DEC-2020,276.8,276.8,269.0,271.65,19227,13390,980
KCP,30-DEC-2020,70.45,74.65,70.0,73.35,787199,327387,5794
KCPSUGIND,30-DEC-2020,16.25,17.0,16.1,16.55,268497,137871,688
KDDL,30-DEC-2020,218.45,230.0,213.5,228.85,7667,6618,342
KEC,30-DEC-2020,369.5,371.9,362.2,366.8,106541,42859,4325
KECL,30-DEC-2020,14.9,15.05,14.65,15.05,164936,112222,715
KEERTI,30-DEC-2020,25.3,25.6,25.0,25.5,3774,3774,19
KEI,30-DEC-2020,488.5,495.5,484.2,490.1,266265,169101,18791
KELLTONTEC,30-DEC-2020,79.05,83.8,76.8,77.6,7344725,2439572,32747
KENNAMET,30-DEC-2020,871.2,872.4,856.0,871.25,2008,1486,216
KESORAMIND,30-DEC-2020,66.4,67.4,63.55,65.0,1785722,781544,8748
KEYFINSERV,30-DEC-2020,86.9,86.9,80.2,82.0,4762,2654,147
KHADIM,30-DEC-2020,120.0,121.45,118.0,118.35,103183,55708,2276
KHAICHEM,30-DEC-2020,29.85,29.95,27.95,28.4,1416528,763495,5088
KHANDSE,30-DEC-2020,21.0,21.0,20.05,20.05,3069,3067,44
KICL,30-DEC-2020,1433.95,1433.95,1401.35,1421.75,1023,681,254
KINGFA,30-DEC-2020,549.95,574.8,543.95,565.75,6169,4131,464
KIOCL,30-DEC-2020,140.7,141.0,137.05,138.1,50667,24933,1718
KIRIINDUS,30-DEC-2020,522.0,556.15,515.1,544.9,570185,289082,13006
KIRLFER,30-DEC-2020,141.8,142.3,137.75,140.7,62883,53708,1216
KIRLOSBROS,30-DEC-2020,130.8,130.8,126.5,127.4,64208,36400,1548
KIRLOSENG,30-DEC-2020,129.0,129.0,124.5,126.65,204752,89929,3251
KIRLOSIND,30-DEC-2020,790.55,804.95,780.05,798.95,1880,1205,223
KITEX,30-DEC-2020,113.3,113.4,110.0,110.9,160132,94673,2407
KKCL,30-DEC-2020,830.05,850.0,810.0,831.45,1585,369,217
KMSUGAR,30-DEC-2020,11.95,12.25,11.7,11.95,164255,87393,503
KNRCON,30-DEC-2020,328.55,328.6,325.0,326.05,101132,44407,3929
KOKUYOCMLN,30-DEC-2020,65.85,66.0,64.95,65.15,73278,38003,1293
KOLTEPATIL,30-DEC-2020,236.75,244.0,231.0,241.3,133867,36369,3444
KOPRAN,30-DEC-2020,145.5,145.5,137.0,143.25,556523,313756,6273
KOTAKBANK,30-DEC-2020,2003.2,2027.0,1999.0,2017.95,2657431,822271,88204
KOTAKBKETF,30-DEC-2020,316.45,316.45,312.18,314.8,77003,9015,702
KOTAKGOLD,30-DEC-2020,437.95,445.0,437.1,437.7,22285,19088,526
KOTAKNIFTY,30-DEC-2020,145.99,146.0,144.36,145.59,62498,42685,471
KOTAKNV20,30-DEC-2020,74.97,74.97,72.0,72.43,9588,6024,97
KOTAKPSUBK,30-DEC-2020,178.0,178.0,171.11,172.82,25968,12894,325
KOTARISUG,30-DEC-2020,19.0,19.35,18.65,18.8,59577,43469,173
KOTHARIPET,30-DEC-2020,20.05,20.3,19.1,19.45,42192,37109,199
KOTHARIPRO,30-DEC-2020,76.65,76.65,73.0,73.9,13374,8943,285
KPITTECH,30-DEC-2020,131.1,137.7,128.0,134.15,2967113,932936,42321
KPRMILL,30-DEC-2020,872.45,885.0,868.6,876.0,39734,18761,4948
KRBL,30-DEC-2020,250.0,256.75,247.05,251.35,610058,168800,11386
KREBSBIO,30-DEC-2020,141.6,145.0,135.0,138.15,114834,63892,1986
KSB,30-DEC-2020,648.3,649.95,634.6,641.35,21800,9191,1869
KSCL,30-DEC-2020,529.4,532.2,517.6,520.65,187858,86485,5451
KSL,30-DEC-2020,285.25,285.25,275.8,279.1,200207,81480,5151
KTKBANK,30-DEC-2020,59.5,60.0,57.2,58.3,4142432,1378902,12115
KUANTUM,30-DEC-2020,50.75,51.65,48.8,49.7,13518,7006,493
KWALITY,30-DEC-2020,3.1,3.1,3.0,3.05,398969,232121,401
L&TFH,30-DEC-2020,94.25,94.45,92.15,93.1,8911296,2495040,24063
LALPATHLAB,30-DEC-2020,2328.9,2331.9,2288.2,2318.7,72318,32284,8320
LAMBODHARA,30-DEC-2020,49.8,50.0,48.25,48.45,19002,14517,324
LAOPALA,30-DEC-2020,238.55,243.5,232.7,241.6,278075,129132,8014
LASA,30-DEC-2020,85.9,86.0,83.0,84.1,88344,53834,1225
LAURUSLABS,30-DEC-2020,348.1,353.4,341.1,350.05,1537979,861585,21619
LAXMIMACH,30-DEC-2020,4623.5,4647.95,4550.0,4582.95,4145,2590,1200
LEMONTREE,30-DEC-2020,40.75,40.9,39.6,40.3,1327542,756900,4895
LFIC,30-DEC-2020,71.8,72.0,68.7,69.95,1110,780,26
LGBBROSLTD,30-DEC-2020,294.85,297.95,288.45,291.6,65687,23297,2326
LIBAS,30-DEC-2020,33.35,39.6,32.7,36.5,733183,367944,2693
LIBERTSHOE,30-DEC-2020,148.9,148.9,146.55,147.4,40435,19173,856
LICHSGFIN,30-DEC-2020,366.0,366.0,356.1,360.3,4395587,631501,50789
LICNETFGSC,30-DEC-2020,22.19,22.19,21.99,22.0,16919,16903,55
LICNETFN50,30-DEC-2020,142.5,142.5,137.0,140.47,1549,557,233
LICNETFSEN,30-DEC-2020,490.25,496.24,481.36,488.8,330,104,108
LICNFNHGP,30-DEC-2020,133.96,139.5,133.96,138.35,25,20,10
LIKHITHA,30-DEC-2020,167.5,167.5,153.0,163.0,99918,31585,1709
LINCOLN,30-DEC-2020,237.0,248.45,237.0,245.1,543558,213518,12036
LINCPEN,30-DEC-2020,180.25,182.8,178.3,179.2,1344,850,117
LINDEINDIA,30-DEC-2020,970.0,992.4,958.0,972.8,44882,14087,3314
LIQUIDBEES,30-DEC-2020,1002.3,1002.3,999.13,1000.0,767825,586472,3649
LIQUIDETF,30-DEC-2020,1000.04,1000.04,999.99,999.99,12446,9095,81
LOKESHMACH,30-DEC-2020,35.1,35.1,32.95,33.95,58007,34475,663
LOTUSEYE,30-DEC-2020,32.1,33.0,31.25,32.65,13243,12435,82
LPDC,30-DEC-2020,1.75,1.75,1.7,1.7,5933,5744,36
LT,30-DEC-2020,1288.2,1296.35,1271.0,1292.05,2866392,799493,56395
LTI,30-DEC-2020,3609.95,3674.9,3565.8,3661.15,269551,145319,28010
LTTS,30-DEC-2020,2372.1,2384.55,2310.0,2338.65,225448,178512,11042
LUMAXIND,30-DEC-2020,1387.9,1387.9,1375.0,1379.95,4237,2450,471
LUMAXTECH,30-DEC-2020,125.85,125.85,121.0,121.75,40553,22288,1040
LUPIN,30-DEC-2020,982.0,982.0,964.5,977.6,1911823,583550,30835
LUXIND,30-DEC-2020,1690.0,1690.0,1649.0,1659.4,42342,13460,2750
LYKALABS,30-DEC-2020,29.55,29.55,29.55,29.55,29902,29902,87
M&M,30-DEC-2020,710.0,724.3,704.35,720.7,3219036,1074919,63378
M&MFIN,30-DEC-2020,176.0,176.3,172.1,174.25,5520968,1986419,37902
M100,30-DEC-2020,21.99,22.12,21.0,21.79,148988,125830,480
M50,30-DEC-2020,133.93,136.22,133.93,136.0,1507,1130,21
MAANALU,30-DEC-2020,101.0,103.0,98.7,102.25,63834,30311,1660
MACPOWER,30-DEC-2020,112.0,114.0,105.3,110.75,14318,9882,208
MADHAV,30-DEC-2020,40.7,40.8,38.25,40.05,49418,25826,311
MADRASFERT,30-DEC-2020,21.3,21.3,20.4,20.65,201057,96881,756
MAESGETF,30-DEC-2020,24.05,24.09,23.88,24.01,225876,221609,2243
MAGADSUGAR,30-DEC-2020,117.2,121.0,116.0,117.55,12854,6189,445
MAGMA,30-DEC-2020,42.1,42.5,41.1,41.35,239964,133652,1335
MAGNUM,30-DEC-2020,4.85,4.9,4.85,4.85,28563,28503,26
MAHABANK,30-DEC-2020,13.15,13.25,12.95,13.05,1228306,621121,2107
MAHASTEEL,30-DEC-2020,98.45,98.8,96.0,97.9,7691,4072,207
MAHEPC,30-DEC-2020,158.8,159.2,156.0,158.05,77689,35467,1455
MAHINDCIE,30-DEC-2020,170.45,174.85,167.9,170.4,205008,78211,4559
MAHLIFE,30-DEC-2020,365.95,366.45,355.5,364.35,38780,21692,1032
MAHLOG,30-DEC-2020,420.0,424.85,412.0,422.55,49278,30150,3676
MAHSCOOTER,30-DEC-2020,3793.3,3887.8,3728.0,3847.65,9180,4792,1756
MAHSEAMLES,30-DEC-2020,326.0,328.9,323.15,324.85,53719,26107,1350
MAITHANALL,30-DEC-2020,576.9,587.0,573.05,584.0,55769,36989,3094
MAJESCO,30-DEC-2020,14.75,14.75,14.75,14.75,18506,18506,514
MAN50ETF,30-DEC-2020,142.73,142.73,141.69,142.43,533,353,37
MANAKALUCO,30-DEC-2020,8.5,8.9,7.8,8.5,25066,20292,86
MANAKCOAT,30-DEC-2020,7.55,7.6,7.0,7.6,83195,62680,100
MANAKSIA,30-DEC-2020,58.7,59.75,57.4,58.85,41802,18204,817
MANAKSTEEL,30-DEC-2020,23.4,23.4,22.35,23.4,154963,125681,310
MANALIPETC,30-DEC-2020,36.5,36.5,35.4,35.7,476015,255053,1899
MANAPPURAM,30-DEC-2020,167.1,167.2,163.8,165.6,4409096,682058,30260
MANGALAM,30-DEC-2020,141.9,143.0,138.0,140.4,56386,31602,1026
MANGCHEFER,30-DEC-2020,42.75,43.8,42.1,43.35,537138,331693,6971
MANGLMCEM,30-DEC-2020,226.65,241.5,223.0,237.75,339312,156652,6488
MANGTIMBER,30-DEC-2020,9.25,9.25,8.8,8.9,3331,3046,21
MANINDS,30-DEC-2020,81.6,82.1,80.7,81.2,137466,89355,1612
MANINFRA,30-DEC-2020,34.75,34.75,33.55,33.85,606093,284611,2900
MANUGRAPH,30-DEC-2020,11.65,11.75,11.0,11.3,6294,5178,85
MANXT50,30-DEC-2020,321.57,322.17,320.0,322.17,1542,1379,47
MARATHON,30-DEC-2020,95.7,98.65,94.6,97.1,6019,4508,170
MARICO,30-DEC-2020,409.0,410.5,401.0,403.45,2148370,570752,34091
MARINE,30-DEC-2020,226.7,229.0,215.55,221.2,92042,62563,642
MARKSANS,30-DEC-2020,62.3,62.3,59.6,60.65,1876046,960836,8981
MARUTI,30-DEC-2020,7497.0,7635.0,7430.0,7612.9,1029800,201109,81204
MASFIN,30-DEC-2020,936.2,947.8,913.5,936.65,20738,10528,1669
MASTEK,30-DEC-2020,1185.0,1193.0,1156.95,1168.0,89277,36556,6474
MATRIMONY,30-DEC-2020,943.9,969.9,911.3,924.4,93085,25476,6442
MAXHEALTH,30-DEC-2020,141.6,142.4,140.05,140.5,152396,78975,2627
MAXIND,30-DEC-2020,63.0,63.15,61.25,61.55,147524,85130,1334
MAXVIL,30-DEC-2020,43.0,44.0,42.15,43.45,75424,48358,503
MAYURUNIQ,30-DEC-2020,299.0,326.6,297.9,311.8,882355,279275,38993
MAZDA,30-DEC-2020,499.0,514.75,499.0,505.1,10295,4987,528
MAZDOCK,30-DEC-2020,214.0,225.7,210.8,221.15,4562158,865400,48566
MBLINFRA,30-DEC-2020,22.05,22.05,19.95,22.05,1006507,461296,1793
MCDOWELL-N,30-DEC-2020,574.5,580.5,571.6,577.75,1858973,453700,33592
MCL,30-DEC-2020,102.9,104.3,93.0,94.85,67558,55763,623
MCLEODRUSS,30-DEC-2020,21.1,21.45,20.75,21.0,182343,143433,482
MCX,30-DEC-2020,1760.1,1775.0,1739.3,1756.2,163291,56745,13313
MEGASOFT,30-DEC-2020,9.4,9.9,9.35,9.9,120675,82200,259
MEGH,30-DEC-2020,85.3,85.5,83.0,84.05,1441612,512426,8864
MEP,30-DEC-2020,18.6,18.8,18.15,18.5,178552,101660,648
METROPOLIS,30-DEC-2020,1959.95,1969.0,1950.0,1959.75,49753,34736,6694
MFSL,30-DEC-2020,681.95,690.25,673.0,683.85,852229,158993,26604
MGEL,30-DEC-2020,48.0,51.5,44.6,47.35,24459,14892,347
MGL,30-DEC-2020,1095.0,1095.0,1065.6,1070.4,1084657,115483,28301
MHRIL,30-DEC-2020,211.0,215.0,207.0,208.6,272381,148092,6289
MIDHANI,30-DEC-2020,200.8,201.85,196.0,196.95,487667,265118,8705
MINDACORP,30-DEC-2020,92.0,92.9,90.0,90.4,460587,221830,3729
MINDAIND,30-DEC-2020,407.0,410.0,395.0,397.75,94111,42272,3882
MINDTECK,30-DEC-2020,53.55,53.55,51.5,53.55,60858,42805,1022
MINDTREE,30-DEC-2020,1625.0,1635.4,1607.7,1629.95,903715,190615,37963
MIRCELECTR,30-DEC-2020,12.2,12.25,11.7,12.0,315366,212685,581
MIRZAINT,30-DEC-2020,55.25,55.25,54.2,54.45,155314,67205,1415
MITTAL,30-DEC-2020,11.4,11.4,10.55,10.85,242091,125021,376
MMFL,30-DEC-2020,400.0,402.85,379.9,396.5,13570,9742,568
MMP,30-DEC-2020,82.9,90.0,78.0,82.6,51763,38745,493
MMTC,30-DEC-2020,25.6,27.75,24.6,27.15,19717790,3338716,33281
MOHOTAIND,30-DEC-2020,13.0,14.65,12.5,13.05,2417025,1027995,5974
MOIL,30-DEC-2020,138.85,146.35,137.85,145.1,695334,282060,8900
MOLDTKPAC,30-DEC-2020,283.95,284.0,279.2,279.7,12594,8206,858
MONTECARLO,30-DEC-2020,256.8,260.0,251.0,252.45,118526,42280,5049
MOREPENLAB,30-DEC-2020,31.8,32.0,30.6,31.25,2999824,1173111,8557
MOTHERSUMI,30-DEC-2020,159.05,161.4,155.3,160.55,9475346,2962876,50235
MOTILALOFS,30-DEC-2020,606.0,609.7,595.4,601.2,76105,40454,3163
MPHASIS,30-DEC-2020,1545.1,1599.0,1526.1,1590.4,261785,104635,24117
MPSLTD,30-DEC-2020,368.5,371.8,359.0,360.25,8799,5737,725
MRF,30-DEC-2020,75561.05,77672.75,75300.0,76925.1,16171,3318,8833
MRO-TEK,30-DEC-2020,36.5,39.25,36.0,38.2,24831,21516,87
MRPL,30-DEC-2020,34.5,35.9,34.0,35.25,4340790,1050265,10712
MSPL,30-DEC-2020,8.45,8.45,7.9,8.0,64094,56749,163
MSTCLTD,30-DEC-2020,167.0,167.5,163.5,165.2,245943,111595,4104
MTEDUCARE,30-DEC-2020,10.3,10.3,8.95,9.1,1752511,1481722,3249
MTNL,30-DEC-2020,13.7,13.7,13.25,13.5,1470108,704131,2596
MUKANDENGG,30-DEC-2020,12.7,12.7,11.95,12.3,1679,1388,36
MUKANDLTD,30-DEC-2020,63.0,63.75,62.5,62.7,24444,18652,293
MUKTAARTS,30-DEC-2020,32.8,32.8,32.05,32.5,14473,8889,249
MUNJALAU,30-DEC-2020,60.1,60.5,59.5,60.2,139659,72610,1317
MUNJALSHOW,30-DEC-2020,145.5,145.5,141.3,143.15,55564,13010,1148
MURUDCERA,30-DEC-2020,20.65,21.0,20.35,20.6,112188,53618,468
MUTHOOTCAP,30-DEC-2020,405.0,409.7,388.05,401.95,30545,14227,1235
MUTHOOTFIN,30-DEC-2020,1216.0,1218.85,1201.0,1212.45,604708,107703,18741
N100,30-DEC-2020,934.24,935.89,926.0,927.8,25863,17666,2185
NACLIND,30-DEC-2020,43.45,46.2,42.15,44.75,440527,216589,2855
NAGREEKCAP,30-DEC-2020,6.1,6.1,5.75,6.1,2749,1650,11
NAGREEKEXP,30-DEC-2020,21.35,21.35,19.95,20.25,55109,40598,328
NAHARCAP,30-DEC-2020,86.9,93.0,86.9,89.95,25211,4381,619
NAHARPOLY,30-DEC-2020,97.1,99.25,96.25,96.75,62525,34327,1001
NAHARSPING,30-DEC-2020,79.0,80.0,77.05,78.45,43273,31099,535
NAM-INDIA,30-DEC-2020,304.95,305.95,299.45,300.2,772028,571190,17683
NATCOPHARM,30-DEC-2020,963.0,972.0,945.65,968.5,326215,196974,9151
NATHBIOGEN,30-DEC-2020,270.95,277.15,267.05,268.25,149315,91101,1561
NATIONALUM,30-DEC-2020,42.15,42.45,41.0,41.55,19762936,6395007,20744
NAUKRI,30-DEC-2020,4717.0,4792.0,4673.7,4777.7,507298,94756,39635
NAVINFLUOR,30-DEC-2020,2626.0,2628.25,2590.0,2601.35,45737,22200,6617
NAVKARCORP,30-DEC-2020,41.45,42.85,39.9,42.3,2621672,1080401,10665
NAVNETEDUL,30-DEC-2020,82.8,84.5,81.55,83.4,148228,89597,3528
NBCC,30-DEC-2020,29.7,29.9,28.95,29.4,5744945,1600659,9612
NBIFIN,30-DEC-2020,1573.95,1647.5,1573.95,1621.45,883,682,214
NBVENTURES,30-DEC-2020,63.8,64.8,62.4,62.9,1888182,931333,15733
NCC,30-DEC-2020,60.2,60.25,58.5,58.9,7852524,2217196,18195
NCLIND,30-DEC-2020,143.1,154.0,142.1,149.0,884826,262077,10074
NCPSESDL24,30-DEC-2020,103.07,103.1,102.97,103.03,6076,6051,5
NDGL,30-DEC-2020,658.05,702.0,633.5,700.1,1228,996,143
NDL,30-DEC-2020,26.95,27.2,26.05,27.1,23553,17346,211
NDRAUTO,30-DEC-2020,221.05,221.05,211.0,215.75,7425,5049,395
NDTV,30-DEC-2020,40.3,40.4,38.85,39.7,14495,11037,254
NECCLTD,30-DEC-2020,9.9,9.9,9.25,9.25,142098,120309,332
NECLIFE,30-DEC-2020,22.15,22.35,21.5,21.6,318785,178214,1033
NELCAST,30-DEC-2020,62.1,64.0,61.3,61.9,131981,41359,1370
NELCO,30-DEC-2020,194.1,199.8,192.35,195.65,95993,33791,2479
NEOGEN,30-DEC-2020,745.0,753.7,714.45,727.6,28522,16540,2066
NESCO,30-DEC-2020,540.9,554.0,532.85,547.5,95361,42913,4782
NESTLEIND,30-DEC-2020,18399.5,18468.0,18230.0,18379.25,93654,32611,25109
NETF,30-DEC-2020,170.28,170.28,170.28,170.28,53,48,16
NETFCONSUM,30-DEC-2020,64.0,64.0,62.8,63.14,3370,3193,64
NETFDIVOPP,30-DEC-2020,31.16,39.7,31.16,34.04,8020,4078,135
NETFIT,30-DEC-2020,24.89,24.89,24.41,24.59,579138,456357,1728
NETFLTGILT,30-DEC-2020,22.4,22.45,22.37,22.42,46284,39153,112
NETFMID150,30-DEC-2020,78.7,79.05,78.03,78.86,51544,31991,412
NETFNIF100,30-DEC-2020,145.0,147.33,141.46,142.73,1437,1153,66
NETFNV20,30-DEC-2020,74.0,74.3,72.5,74.04,983,713,51
NETWORK18,30-DEC-2020,36.2,36.8,35.9,36.15,633183,272178,1895
NEULANDLAB,30-DEC-2020,1132.0,1137.9,1090.0,1097.05,55449,29075,3841
NEWGEN,30-DEC-2020,272.0,275.95,270.2,271.75,32823,13937,2542
NFL,30-DEC-2020,38.7,38.7,37.6,37.85,861281,366226,3212
NH,30-DEC-2020,444.9,453.5,423.95,448.95,463222,215214,19538
NHPC,30-DEC-2020,23.2,23.2,22.9,23.15,4260935,2533458,6694
NIACL,30-DEC-2020,131.6,131.6,127.9,129.15,288137,130432,5006
NIFTYBEES,30-DEC-2020,149.41,149.5,148.1,149.27,1664595,530155,13851
NIFTYEES,30-DEC-2020,17800.0,18050.0,17701.0,17701.0,5,3,5
NIITLTD,30-DEC-2020,204.9,205.0,198.7,200.65,856262,468358,10307
NILAINFRA,30-DEC-2020,6.1,6.1,5.8,5.95,611788,432566,339
NILKAMAL,30-DEC-2020,1560.8,1560.8,1525.0,1531.75,24335,9569,2430
NIPPOBATRY,30-DEC-2020,734.0,742.0,700.1,716.15,11046,4961,1121
NITCO,30-DEC-2020,24.55,25.75,24.55,25.6,62090,39322,325
NKIND,30-DEC-2020,19.15,21.95,19.15,20.5,1012,735,18
NLCINDIA,30-DEC-2020,54.2,56.25,54.2,55.65,742379,369434,3000
NMDC,30-DEC-2020,114.7,116.9,112.7,115.9,7861589,2596854,19193
NOCIL,30-DEC-2020,146.4,146.6,142.35,143.5,605451,268291,8140
NORBTEAEXP,30-DEC-2020,9.5,9.55,8.95,9.3,6946,5844,63
NOVARTIND,30-DEC-2020,695.3,698.95,686.05,688.75,11396,7552,648
NPBET,30-DEC-2020,167.8,167.8,158.02,165.87,748,437,80
NRAIL,30-DEC-2020,220.25,222.95,214.0,220.9,29767,19152,693
NRBBEARING,30-DEC-2020,102.7,102.7,99.7,100.4,321075,152292,3609
NSIL,30-DEC-2020,907.85,911.3,905.0,907.6,1055,941,140
NTL,30-DEC-2020,1.15,1.25,1.15,1.25,50240,47312,44
NTPC,30-DEC-2020,99.0,99.65,98.2,99.1,30281285,14082636,78676
NUCLEUS,30-DEC-2020,647.95,650.0,630.0,641.4,101190,63053,5198
NXTDIGITAL,30-DEC-2020,537.4,545.95,520.9,529.7,3067,2148,206
OAL,30-DEC-2020,567.0,567.0,550.0,557.3,8859,5141,841
OBEROIRLTY,30-DEC-2020,544.0,570.7,539.1,567.95,662053,199727,24422
OCCL,30-DEC-2020,818.95,830.25,810.0,823.9,5979,3662,1521
OFSS,30-DEC-2020,3228.75,3238.5,3202.0,3225.15,32849,21491,4816
OIL,30-DEC-2020,111.05,111.5,109.5,110.55,623880,224061,6936
OLECTRA,30-DEC-2020,130.4,137.65,126.85,136.5,2383003,992243,17732
OMAXAUTO,30-DEC-2020,43.15,45.5,43.15,44.95,31252,22408,529
OMAXE,30-DEC-2020,80.5,82.7,80.0,82.05,39947,28781,496
OMMETALS,30-DEC-2020,19.85,20.75,19.55,20.25,161484,53166,529
ONGC,30-DEC-2020,93.5,94.5,92.75,93.25,15960705,3320942,57160
ONMOBILE,30-DEC-2020,62.0,64.85,62.0,64.85,737094,455784,1844
ONWARDTEC,30-DEC-2020,99.35,105.0,95.25,103.55,736584,263019,9394
ORBTEXP,30-DEC-2020,67.65,78.2,67.2,72.35,219123,61300,2698
ORICONENT,30-DEC-2020,21.8,22.85,21.5,22.6,153715,81922,731
ORIENTABRA,30-DEC-2020,23.2,23.65,21.1,22.75,243544,128379,1117
ORIENTALTL,30-DEC-2020,11.4,11.4,11.05,11.05,45566,44009,44
ORIENTBELL,30-DEC-2020,204.65,212.0,195.0,197.35,42727,20740,1183
ORIENTCEM,30-DEC-2020,83.4,87.8,82.2,86.7,1431439,564897,9886
ORIENTELEC,30-DEC-2020,230.0,230.5,222.8,226.7,128675,95105,4287
ORIENTHOT,30-DEC-2020,25.85,25.9,24.2,24.95,23071,18612,257
ORIENTLTD,30-DEC-2020,78.65,81.0,78.65,80.8,714,497,26
ORIENTPPR,30-DEC-2020,20.45,20.5,20.05,20.2,295622,154637,864
ORIENTREF,30-DEC-2020,238.5,260.65,231.05,250.2,480622,189784,10478
ORISSAMINE,30-DEC-2020,2468.0,2570.0,2451.85,2511.9,10132,4041,2389
ORTINLABSS,30-DEC-2020,26.5,28.25,25.25,28.15,300319,134428,1887
OSWALAGRO,30-DEC-2020,10.35,10.6,9.75,10.35,46756,35313,240
PAGEIND,30-DEC-2020,27719.95,27719.95,27009.95,27336.1,22713,4040,7924
PAISALO,30-DEC-2020,736.45,736.45,667.05,682.5,305862,97605,11363
PANACEABIO,30-DEC-2020,230.1,247.9,228.0,244.9,893428,279321,15432
PANACHE,30-DEC-2020,42.0,42.0,39.25,41.75,19311,6009,68
PANAMAPET,30-DEC-2020,102.4,104.65,99.2,100.65,98729,61642,1536
PARACABLES,30-DEC-2020,7.5,7.5,7.15,7.25,95933,65483,262
PARAGMILK,30-DEC-2020,113.0,113.45,110.1,111.5,361838,181452,4741
PATELENG,30-DEC-2020,14.95,15.0,14.5,14.65,443303,305381,2581
PATINTLOG,30-DEC-2020,31.95,32.0,30.1,30.8,304625,142060,1425
PCJEWELLER,30-DEC-2020,24.7,25.6,24.3,25.3,3527044,1059709,7580
PDMJEPAPER,30-DEC-2020,22.4,22.4,21.6,22.0,70569,44189,421
PDSMFL,30-DEC-2020,454.95,458.5,447.9,456.75,4937,4474,162
PEARLPOLY,30-DEC-2020,20.7,21.05,19.8,20.4,32751,20537,294
PEL,30-DEC-2020,1426.2,1440.0,1402.9,1435.8,848528,160603,31695
PENIND,30-DEC-2020,21.95,22.4,21.2,21.5,140941,84955,604
PENINLAND,30-DEC-2020,6.4,6.5,6.1,6.1,446418,294291,382
PERSISTENT,30-DEC-2020,1465.05,1539.0,1465.05,1532.4,286715,142969,31252
PETRONET,30-DEC-2020,247.9,251.3,246.1,246.5,3765161,1633085,41465
PFC,30-DEC-2020,116.0,116.45,113.6,114.55,3906421,1153094,15869
PFIZER,30-DEC-2020,5159.95,5159.95,5105.0,5112.5,45279,21160,7042
PFOCUS,30-DEC-2020,55.55,55.95,52.7,53.6,223440,117951,2104
PFS,30-DEC-2020,20.5,20.65,20.15,20.25,493708,317101,1133
PGEL,30-DEC-2020,142.05,143.45,137.55,142.2,7740,5449,268
PGHH,30-DEC-2020,11199.8,11344.0,11011.0,11183.05,19796,4285,5148
PGHL,30-DEC-2020,6954.6,7039.95,6841.55,6857.65,10603,5158,2725
PGIL,30-DEC-2020,195.05,202.0,188.1,198.6,14051,8610,347
PHILIPCARB,30-DEC-2020,167.35,174.5,164.0,171.45,4077502,940947,40449
PHOENIXLTD,30-DEC-2020,757.9,766.8,746.4,763.05,220668,154048,23228
PIDILITIND,30-DEC-2020,1754.5,1769.95,1740.6,1749.7,711918,213178,23592
PIIND,30-DEC-2020,2221.3,2230.0,2200.0,2209.9,111539,56253,16457
PILANIINVS,30-DEC-2020,2909.0,2925.0,2825.2,2848.35,18983,10411,3018
PILITA,30-DEC-2020,10.0,10.55,9.8,9.9,55797,22864,167
PIONDIST,30-DEC-2020,114.5,115.95,113.15,114.05,40393,18724,776
PIONEEREMB,30-DEC-2020,37.6,37.9,36.0,37.15,61540,31983,525
PITTIENG,30-DEC-2020,55.3,57.25,55.3,55.7,184517,36821,1331
PLASTIBLEN,30-DEC-2020,272.65,272.65,258.4,262.75,42563,25336,1102
PNB,30-DEC-2020,33.7,33.7,32.35,32.75,92597922,26726588,88887
PNBGILTS,30-DEC-2020,44.05,45.3,43.7,44.3,407412,214894,2249
PNBHOUSING,30-DEC-2020,360.0,362.65,355.1,357.05,81832,34954,3119
PNC,30-DEC-2020,26.7,26.85,24.5,24.9,696285,301460,2844
PNCINFRA,30-DEC-2020,171.2,174.9,169.5,173.45,128451,76571,2661
PODDARHOUS,30-DEC-2020,177.95,179.0,169.6,177.75,1873,1477,44
PODDARMENT,30-DEC-2020,183.7,190.0,182.1,187.55,9040,5087,331
POLYCAB,30-DEC-2020,1043.0,1043.85,1025.0,1032.95,105024,54342,12718
POLYMED,30-DEC-2020,512.65,523.0,510.3,512.1,48443,31920,2165
POLYPLEX,30-DEC-2020,720.25,722.05,714.1,718.75,59322,36755,2623
PONNIERODE,30-DEC-2020,161.25,163.35,160.0,162.95,3563,2607,176
POWERGRID,30-DEC-2020,190.0,190.65,186.8,190.2,10762081,8026123,31062
POWERINDIA,30-DEC-2020,1313.6,1340.0,1295.9,1305.15,10761,6034,1358
POWERMECH,30-DEC-2020,427.65,436.2,423.0,431.75,28378,16477,1380
PPAP,30-DEC-2020,262.1,264.6,257.45,263.35,10719,7670,360
PPL,30-DEC-2020,93.8,99.8,91.8,97.1,207400,128850,1706
PRABHAT,30-DEC-2020,70.9,73.5,70.2,72.95,125198,93153,759
PRAJIND,30-DEC-2020,112.5,121.0,101.35,114.65,15660929,2886158,115778
PRAKASH,30-DEC-2020,53.9,56.35,52.6,53.95,1217821,696965,5617
PRAXIS,30-DEC-2020,41.9,45.15,41.0,43.65,97086,70996,785
PRECAM,30-DEC-2020,43.95,45.9,43.6,44.85,222355,115151,1743
PRECWIRE,30-DEC-2020,156.95,157.35,151.35,156.2,16854,11095,604
PREMEXPLN,30-DEC-2020,160.55,168.5,156.0,166.45,223056,62920,2808
PREMIER,30-DEC-2020,4.2,4.2,3.85,4.2,13713,13586,67
PREMIERPOL,30-DEC-2020,39.6,39.85,37.95,38.35,14728,7964,397
PRESSMN,30-DEC-2020,24.85,24.85,23.25,24.05,23414,18575,214
PRESTIGE,30-DEC-2020,270.0,270.9,261.6,264.9,639926,399254,26143
PRICOLLTD,30-DEC-2020,47.45,47.45,46.2,46.8,303722,187778,1327
PRIMESECU,30-DEC-2020,45.3,45.9,45.0,45.15,10961,6917,164
PRINCEPIPE,30-DEC-2020,284.4,299.9,278.1,298.9,1679751,1088224,20323
PRIVISCL,30-DEC-2020,554.55,554.55,532.7,536.45,15488,10994,1047
PROZONINTU,30-DEC-2020,20.4,20.4,19.6,20.15,83721,62394,418
PRSMJOHNSN,30-DEC-2020,87.1,93.7,86.55,90.25,750719,208428,6072
PSB,30-DEC-2020,13.3,13.5,13.05,13.1,390445,162360,802
PSPPROJECT,30-DEC-2020,412.0,416.2,410.45,414.25,95894,9723,2026
PSUBNKBEES,30-DEC-2020,19.48,19.74,18.9,19.23,159014,91637,501
PTC,30-DEC-2020,60.4,60.95,59.75,59.9,1480902,743733,11428
PTL,30-DEC-2020,43.9,44.9,43.0,43.9,22855,13275,373
PUNJABCHEM,30-DEC-2020,793.95,819.0,781.2,786.9,6529,4926,389
PURVA,30-DEC-2020,84.4,85.15,81.9,83.75,632582,403704,4912
PVR,30-DEC-2020,1303.9,1318.35,1286.0,1290.0,891060,153698,30717
QGOLDHALF,30-DEC-2020,2155.2,2172.0,2131.0,2166.9,523,387,87
QNIFTY,30-DEC-2020,1441.0,1441.0,1441.0,1441.0,5,5,1
QUESS,30-DEC-2020,534.65,548.0,521.0,542.5,621318,233262,29916
QUICKHEAL,30-DEC-2020,180.0,182.8,174.1,175.05,1969709,650824,36883
RADAAN,30-DEC-2020,1.05,1.05,1.0,1.05,42265,42245,36
RADICO,30-DEC-2020,452.0,462.0,446.0,451.65,695349,273800,16861
RAIN,30-DEC-2020,129.3,129.3,126.25,126.9,987742,356172,6992
RAJESHEXPO,30-DEC-2020,492.9,495.05,481.3,486.8,107848,41894,6709
RAJRATAN,30-DEC-2020,443.0,448.9,432.65,435.3,6994,4955,398
RAJSREESUG,30-DEC-2020,15.7,16.35,15.35,15.35,14468,7655,142
RAJTV,30-DEC-2020,36.05,36.75,35.9,36.3,12694,8158,254
RALLIS,30-DEC-2020,282.65,290.5,281.5,282.8,839399,349130,28394
RAMANEWS,30-DEC-2020,15.4,15.9,15.2,15.35,61674,30636,236
RAMASTEEL,30-DEC-2020,46.1,48.7,44.55,47.55,9038,7645,137
RAMCOCEM,30-DEC-2020,781.0,819.9,773.1,813.9,1648249,299180,32732
RAMCOIND,30-DEC-2020,225.2,234.0,222.15,228.0,439364,365900,3555
RAMCOSYS,30-DEC-2020,597.55,615.95,591.05,599.8,122988,46771,4186
RAMKY,30-DEC-2020,56.0,57.9,48.0,54.95,106736,49832,923
RANASUG,30-DEC-2020,7.05,7.15,6.95,7.0,242059,178346,338
RANEENGINE,30-DEC-2020,283.8,283.8,267.2,272.25,3443,1825,211
RANEHOLDIN,30-DEC-2020,645.05,655.0,624.0,628.7,17002,6077,1316
RATNAMANI,30-DEC-2020,1553.0,1576.15,1528.15,1572.65,6921,3386,1167
RAYMOND,30-DEC-2020,341.95,341.95,332.75,335.7,493991,191109,8410
RBL,30-DEC-2020,785.0,788.5,775.0,777.4,6874,4104,622
RBLBANK,30-DEC-2020,232.9,234.0,228.1,232.5,11720240,1234253,70795
RCF,30-DEC-2020,55.0,55.0,53.25,53.8,1561113,589534,5936
RCOM,30-DEC-2020,2.05,2.05,1.95,2.05,18406306,8612883,8249
RECLTD,30-DEC-2020,135.1,135.45,131.35,132.6,4619727,1256671,19563
REDINGTON,30-DEC-2020,134.05,134.4,132.05,133.6,63380,29324,2032
RELAXO,30-DEC-2020,800.05,812.0,796.55,801.3,119421,26902,6165
RELIANCE,30-DEC-2020,1995.25,2007.2,1975.55,1995.5,10173132,3159950,234486
RELIGARE,30-DEC-2020,72.75,72.75,69.7,70.55,322105,217515,2571
RELINFRA,30-DEC-2020,26.85,28.15,26.15,27.45,2816859,1342149,6140
REMSONSIND,30-DEC-2020,96.45,102.5,96.35,100.05,3138,2734,47
RENUKA,30-DEC-2020,12.45,12.45,11.6,12.0,2741955,1694802,2597
REPCOHOME,30-DEC-2020,238.0,238.35,233.0,234.45,111927,68873,2703
REPL,30-DEC-2020,114.95,115.05,109.0,110.35,13874,11365,204
REPRO,30-DEC-2020,410.05,410.05,395.25,399.75,11931,5946,1836
RESPONIND,30-DEC-2020,188.5,192.7,186.0,187.3,76112,4933,837
REVATHI,30-DEC-2020,480.0,486.05,465.35,482.9,1602,717,286
RGL,30-DEC-2020,289.95,295.0,281.85,284.7,8238,4153,687
RICOAUTO,30-DEC-2020,36.0,36.9,35.55,36.45,615354,274206,3042
RIIL,30-DEC-2020,394.0,407.05,390.0,401.65,310768,68376,7759
RITES,30-DEC-2020,268.95,272.5,266.85,269.2,643777,164923,13350
RKDL,30-DEC-2020,9.25,9.45,8.7,9.3,36044,29772,119
RKEC,30-DEC-2020,47.15,48.0,43.5,45.05,53791,43302,450
RKFORGE,30-DEC-2020,492.05,495.0,480.0,484.5,6782,2575,448
RML,30-DEC-2020,266.7,270.5,258.0,261.5,18667,9579,734
RNAVAL,30-DEC-2020,3.2,3.2,3.05,3.1,2514316,1297459,1109
ROHLTD,30-DEC-2020,72.15,72.35,71.05,71.7,21864,11889,338
ROLTA,30-DEC-2020,5.85,5.85,5.55,5.6,273330,173067,5616
ROML,30-DEC-2020,45.95,45.95,45.95,45.95,1232,1232,47
ROSSARI,30-DEC-2020,1008.9,1009.0,945.1,949.4,237543,78160,11163
ROSSELLIND,30-DEC-2020,129.0,132.0,126.25,128.1,39360,15389,924
ROUTE,30-DEC-2020,1133.0,1136.2,1100.0,1107.4,272687,103569,18060
RPGLIFE,30-DEC-2020,368.7,370.9,363.05,366.35,19520,9338,965
RPPINFRA,30-DEC-2020,56.0,58.0,53.1,56.95,209913,153940,847
RSSOFTWARE,30-DEC-2020,24.1,24.15,23.05,23.45,29588,16279,262
RSYSTEMS,30-DEC-2020,121.75,125.0,121.0,121.25,51575,30006,826
RTNINFRA,30-DEC-2020,6.95,7.1,6.75,6.9,462245,376792,683
RTNPOWER,30-DEC-2020,2.45,2.5,2.35,2.4,16754070,10023203,11214
RUBYMILLS,30-DEC-2020,197.15,203.7,197.1,198.65,9050,6585,263
RUPA,30-DEC-2020,315.0,317.9,287.3,289.7,1057526,335533,22775
RUSHIL,30-DEC-2020,146.85,146.85,140.5,141.1,13295,7388,375
RVNL,30-DEC-2020,22.9,23.0,22.55,22.85,2263079,927004,9221
SADBHAV,30-DEC-2020,62.1,63.5,60.8,61.6,539000,277737,3243
SADBHIN,30-DEC-2020,21.4,21.4,20.7,21.0,207274,106602,769
SAFARI,30-DEC-2020,520.1,534.35,515.3,525.7,8130,4635,543
SAGCEM,30-DEC-2020,663.0,685.35,633.55,675.75,51302,21529,2805
SAIL,30-DEC-2020,64.6,70.9,63.65,69.75,74151917,16893149,107800
SAKAR,30-DEC-2020,98.65,101.6,96.5,98.4,22087,9308,258
SAKHTISUG,30-DEC-2020,10.25,10.45,10.05,10.25,53460,31231,218
SAKSOFT,30-DEC-2020,389.0,393.0,381.05,382.7,34346,22018,1310
SAKUMA,30-DEC-2020,7.25,7.65,7.0,7.5,1758822,1141861,1552
SALASAR,30-DEC-2020,236.0,240.0,234.0,238.7,61477,14446,862
SALONA,30-DEC-2020,72.25,72.25,67.55,68.55,247,68,51
SALSTEEL,30-DEC-2020,4.15,4.25,4.0,4.2,144026,92100,198
SALZERELEC,30-DEC-2020,130.85,130.85,127.0,127.8,40361,22960,855
SAMBHAAV,30-DEC-2020,2.05,2.15,1.95,2.1,115927,104057,51
SANCO,30-DEC-2020,13.5,13.85,13.0,13.45,45955,22290,131
SANDESH,30-DEC-2020,637.95,638.0,615.15,629.1,205,108,78
SANDHAR,30-DEC-2020,236.8,236.8,231.5,234.9,33752,29447,883
SANGAMIND,30-DEC-2020,77.95,83.95,76.05,80.15,106918,54521,1613
SANGHIIND,30-DEC-2020,31.95,35.3,31.8,34.75,7061990,2951427,16131
SANGHVIMOV,30-DEC-2020,107.0,110.0,105.3,107.75,19150,16901,254
SANGINITA,30-DEC-2020,28.95,29.05,27.75,28.65,80765,66971,297
SANOFI,30-DEC-2020,8252.65,8371.0,8180.0,8329.75,13640,9025,3060
SARDAEN,30-DEC-2020,316.25,339.7,311.2,334.05,370711,77677,11448
SAREGAMA,30-DEC-2020,813.85,835.0,788.8,814.8,49529,19891,3585
SARLAPOLY,30-DEC-2020,22.55,24.0,22.5,23.7,268557,181969,980
SASKEN,30-DEC-2020,831.0,831.0,808.25,815.6,42596,18550,2721
SASTASUNDR,30-DEC-2020,130.9,130.9,125.1,128.1,9410,6113,357
SATIA,30-DEC-2020,92.5,92.5,89.5,90.4,40983,21602,613
SATIN,30-DEC-2020,71.25,75.2,70.15,73.9,433747,271815,3599
SBICARD,30-DEC-2020,846.0,853.5,841.15,850.85,906380,370339,28053
SBIETFIT,30-DEC-2020,244.39,245.0,243.0,244.91,923,570,59
SBIETFPB,30-DEC-2020,175.4,175.4,170.0,172.3,1442,1373,49
SBIETFQLTY,30-DEC-2020,126.0,126.0,124.2,124.95,2249,1306,82
SBILIFE,30-DEC-2020,902.0,911.0,890.8,902.95,1969826,730409,64813
SBIN,30-DEC-2020,278.0,278.7,272.5,276.9,30971894,6530230,163939
SCAPDVR,30-DEC-2020,1.4,1.4,1.3,1.35,49873,40219,59
SCHAEFFLER,30-DEC-2020,4617.0,4750.0,4512.0,4648.3,20323,3318,5448
SCHAND,30-DEC-2020,67.25,67.3,65.2,65.75,112635,83650,1084
SCHNEIDER,30-DEC-2020,83.0,86.0,82.0,85.7,563009,272158,5287
SCI,30-DEC-2020,86.0,91.8,84.0,89.8,6133882,1454998,32749
SDBL,30-DEC-2020,34.0,34.0,32.1,32.9,235444,107754,1455
SEAMECLTD,30-DEC-2020,437.0,475.0,431.65,460.6,131401,19490,1414
SELAN,30-DEC-2020,123.0,126.65,121.3,125.1,56896,25262,1407
SEPOWER,30-DEC-2020,3.1,3.15,2.85,3.1,2320326,2192774,334
SEQUENT,30-DEC-2020,169.6,170.4,168.3,169.75,303885,200537,5887
SESHAPAPER,30-DEC-2020,147.65,150.9,146.0,148.5,31236,11662,736
SETCO,30-DEC-2020,11.85,11.95,11.5,11.55,106490,72739,326
SETF10GILT,30-DEC-2020,202.7,203.9,202.15,202.15,80,75,7
SETFGOLD,30-DEC-2020,4496.95,4496.95,4462.7,4465.5,6054,4333,906
SETFNIF50,30-DEC-2020,145.0,145.38,143.91,145.0,437647,405965,1008
SETFNIFBK,30-DEC-2020,312.79,313.93,308.5,311.39,293109,265992,784
SETFNN50,30-DEC-2020,335.99,335.99,331.06,334.36,4237,2826,198
SEYAIND,30-DEC-2020,63.55,63.75,62.0,63.1,9189,7850,205
SFL,30-DEC-2020,1694.95,1724.2,1676.45,1716.65,7814,3555,1266
SGL,30-DEC-2020,8.65,8.65,8.15,8.2,22852,16560,145
SHAHALLOYS,30-DEC-2020,9.0,9.0,8.6,8.7,2444,2294,26
SHALBY,30-DEC-2020,112.4,113.25,107.3,108.05,310606,135141,4881
SHALPAINTS,30-DEC-2020,91.4,91.9,88.2,89.75,131787,61286,1964
SHANKARA,30-DEC-2020,352.0,354.55,347.4,349.25,23391,10014,1052
SHANTIGEAR,30-DEC-2020,123.0,123.4,121.5,122.25,45080,24040,2023
SHARDACROP,30-DEC-2020,277.0,278.0,266.8,268.95,34018,20592,1428
SHARDAMOTR,30-DEC-2020,1780.0,1806.3,1737.05,1798.75,3625,2684,432
SHAREINDIA,30-DEC-2020,168.0,171.9,166.1,170.65,14866,10865,246
SHARIABEES,30-DEC-2020,282.9,354.14,282.9,351.03,265,158,39
SHIL,30-DEC-2020,159.5,162.45,152.0,160.8,147140,100997,2557
SHILPAMED,30-DEC-2020,451.6,451.85,438.8,443.2,169082,84950,7169
SHIVAMAUTO,30-DEC-2020,19.85,20.1,19.45,19.7,86480,63825,356
SHIVAMILLS,30-DEC-2020,31.0,32.0,30.6,31.4,2546,2301,47
SHIVATEX,30-DEC-2020,108.8,113.2,106.05,112.65,17745,16930,170
SHK,30-DEC-2020,123.3,123.35,118.25,119.25,326642,191456,9220
SHOPERSTOP,30-DEC-2020,204.45,204.45,198.65,199.75,127850,70300,2913
SHRADHA,30-DEC-2020,69.45,69.45,65.45,67.85,476,366,26
SHREDIGCEM,30-DEC-2020,60.7,63.85,59.3,62.95,2627217,947918,12517
SHREECEM,30-DEC-2020,23872.3,24701.6,23750.0,24599.95,57743,12094,14739
SHREEPUSHK,30-DEC-2020,121.0,131.5,118.95,130.0,391835,178883,6347
SHREERAMA,30-DEC-2020,8.8,8.8,8.2,8.4,41092,34780,170
SHRENIK,30-DEC-2020,4.15,4.25,4.05,4.25,3445581,2641921,2182
SHREYANIND,30-DEC-2020,93.5,93.5,89.1,89.9,30931,20972,619
SHREYAS,30-DEC-2020,65.5,65.5,62.6,62.6,96560,73583,435
SHRIRAMCIT,30-DEC-2020,1068.25,1079.95,1060.0,1062.9,8611,5143,1370
SHRIRAMEPC,30-DEC-2020,5.0,5.0,4.65,4.7,363197,291962,469
SHYAMCENT,30-DEC-2020,6.2,6.5,5.9,6.5,173001,115695,360
SHYAMTEL,30-DEC-2020,6.7,6.7,6.7,6.7,999,999,4
SICAGEN,30-DEC-2020,16.05,16.4,15.6,15.85,12082,10848,130
SIEMENS,30-DEC-2020,1577.2,1582.0,1560.5,1573.35,194774,35133,13079
SIGIND,30-DEC-2020,25.0,26.9,25.0,25.4,17481,13591,173
SILINV,30-DEC-2020,202.0,206.5,201.7,204.15,2383,1497,116
SIMBHALS,30-DEC-2020,7.45,7.65,7.35,7.4,13588,13272,44
SIMPLEXINF,30-DEC-2020,38.15,39.6,38.1,39.25,109125,77575,601
SINTERCOM,30-DEC-2020,78.3,81.0,78.25,79.1,7180,5725,56
SIRCA,30-DEC-2020,297.9,306.0,281.3,294.4,193467,78108,4729
SIS,30-DEC-2020,440.0,445.0,431.65,437.75,114072,65681,4653
SIYSIL,30-DEC-2020,196.0,198.9,193.55,196.35,57909,23529,1241
SJVN,30-DEC-2020,25.3,25.6,25.2,25.3,1179965,643675,2048
SKFINDIA,30-DEC-2020,1737.35,1737.35,1710.0,1716.3,33573,24856,2326
SKIL,30-DEC-2020,3.05,3.05,3.05,3.05,52433,52433,27
SKIPPER,30-DEC-2020,62.8,62.8,61.0,61.55,38958,29947,354
SKMEGGPROD,30-DEC-2020,58.5,63.05,56.1,59.1,266138,101976,2541
SMLISUZU,30-DEC-2020,461.4,469.0,458.0,465.15,13408,5919,1055
SMSLIFE,30-DEC-2020,613.85,625.0,602.8,612.05,5711,3632,251
SMSPHARMA,30-DEC-2020,111.5,114.9,108.6,113.95,325856,167753,3396
SNOWMAN,30-DEC-2020,67.0,71.25,62.1,69.45,43512696,9896018,134059
SOBHA,30-DEC-2020,355.2,389.0,347.6,382.5,1382181,401509,46808
SOLARA,30-DEC-2020,1173.2,1208.9,1161.25,1186.65,57316,29518,7230
SOLARINDS,30-DEC-2020,1092.0,1093.0,1080.0,1088.8,17976,13124,2030
SOMANYCERA,30-DEC-2020,324.35,330.0,322.05,322.75,38074,26997,2950
SOMICONVEY,30-DEC-2020,29.55,29.55,27.4,28.5,11362,8098,192
SONATSOFTW,30-DEC-2020,388.1,401.0,388.1,398.05,482808,243742,19898
SORILINFRA,30-DEC-2020,135.0,146.4,124.0,137.95,2011973,534196,26426
SOTL,30-DEC-2020,724.05,732.55,714.95,719.5,8560,7002,701
SOUTHBANK,30-DEC-2020,9.2,9.3,9.0,9.05,11427099,4353656,41080
SOUTHWEST,30-DEC-2020,40.9,42.5,40.5,41.65,16037,9086,117
SPAL,30-DEC-2020,158.5,162.0,155.6,157.9,14018,9191,491
SPANDANA,30-DEC-2020,744.1,750.0,736.6,740.9,21027,15097,1135
SPARC,30-DEC-2020,183.8,183.8,180.55,181.55,210255,89808,2600
SPECIALITY,30-DEC-2020,47.2,49.5,46.65,47.2,274438,99316,1751
SPENCERS,30-DEC-2020,82.15,89.9,81.55,86.95,3659700,1064171,26080
SPIC,30-DEC-2020,24.1,25.4,23.2,24.55,3593455,1137720,9242
SPICEJET,30-DEC-2020,94.9,97.45,91.0,95.15,6797673,1974573,36672
SPLIL,30-DEC-2020,35.45,35.45,33.55,34.3,20212,14824,206
SREEL,30-DEC-2020,145.45,147.9,144.05,145.9,37477,31921,360
SREINFRA,30-DEC-2020,6.6,6.7,6.35,6.65,1062020,621941,1151
SRF,30-DEC-2020,5500.0,5591.45,5480.0,5516.95,186725,28895,18169
SRHHYPOLTD,30-DEC-2020,236.05,245.0,236.05,243.6,29613,20385,727
SRIPIPES,30-DEC-2020,148.5,148.5,144.0,147.0,124955,88655,4855
SRPL,30-DEC-2020,30.8,30.8,29.5,29.9,9016,7410,36
SRTRANSFIN,30-DEC-2020,1043.0,1055.0,1032.4,1039.05,4040813,486694,79371
SSWL,30-DEC-2020,494.25,508.7,494.0,506.8,18463,11036,1250
STAR,30-DEC-2020,917.5,917.5,875.1,891.1,625402,116251,18985
STARCEMENT,30-DEC-2020,92.4,104.0,92.0,101.8,9137963,1349249,45412
STARPAPER,30-DEC-2020,114.95,114.95,111.65,113.65,60797,25943,1268
STCINDIA,30-DEC-2020,81.65,84.2,80.15,83.4,133358,49398,1987
STEELCITY,30-DEC-2020,34.05,34.1,33.05,33.1,4750,3739,77
STEELXIND,30-DEC-2020,39.5,44.4,39.5,43.2,341696,203277,1201
STEL,30-DEC-2020,73.8,73.8,70.0,70.95,33178,17778,514
STERTOOLS,30-DEC-2020,196.35,197.95,192.05,195.85,7788,3405,531
STLTECH,30-DEC-2020,180.7,189.9,179.15,188.5,7720148,1963602,71647
SUBEXLTD,30-DEC-2020,28.9,29.35,28.1,28.7,3085910,1360615,7606
SUBROS,30-DEC-2020,338.0,344.65,331.0,343.0,58655,30065,2785
SUDARSCHEM,30-DEC-2020,476.0,492.9,470.2,478.55,170760,52956,5310
SUMICHEM,30-DEC-2020,295.75,296.15,292.05,292.75,147677,80134,3234
SUMMITSEC,30-DEC-2020,539.35,539.95,527.05,536.65,1760,1139,175
SUNCLAYLTD,30-DEC-2020,2693.9,2693.9,2603.4,2618.35,64419,54755,10309
SUNDARAM,30-DEC-2020,1.4,1.45,1.35,1.4,989910,593736,484
SUNDARMFIN,30-DEC-2020,1780.0,1839.9,1760.0,1816.85,22333,10391,2751
SUNDARMHLD,30-DEC-2020,74.0,77.9,72.3,76.35,214304,115393,1698
SUNDRMBRAK,30-DEC-2020,305.25,314.0,305.0,306.1,3182,2040,323
SUNDRMFAST,30-DEC-2020,531.0,531.0,513.0,522.4,125201,36681,7399
SUNFLAG,30-DEC-2020,59.7,61.6,58.55,60.85,590632,245587,3222
SUNPHARMA,30-DEC-2020,595.0,595.0,581.5,584.0,5589703,1469930,67592
SUNTECK,30-DEC-2020,347.0,361.85,344.1,356.05,332936,71773,6455
SUNTV,30-DEC-2020,486.0,487.5,475.05,480.5,1748005,435019,27041
SUPERHOUSE,30-DEC-2020,114.9,115.4,113.0,114.3,16112,11875,390
SUPERSPIN,30-DEC-2020,4.7,4.7,4.5,4.6,91664,86119,87
SUPPETRO,30-DEC-2020,340.75,357.4,340.75,355.65,83162,55443,3450
SUPRAJIT,30-DEC-2020,196.8,204.35,196.0,200.85,151814,74778,3798
SUPREMEENG,30-DEC-2020,23.5,24.95,23.2,24.35,9582,6036,29
SUPREMEIND,30-DEC-2020,1679.0,1680.0,1634.0,1639.95,44573,32052,5439
SURANASOL,30-DEC-2020,9.0,9.0,8.65,8.7,58741,41966,226
SURANAT&P,30-DEC-2020,4.95,5.0,4.75,4.85,176933,88401,266
SURYALAXMI,30-DEC-2020,32.5,32.5,30.85,31.0,28495,21536,228
SURYAROSNI,30-DEC-2020,368.0,371.0,361.5,363.25,29730,17982,1170
SUTLEJTEX,30-DEC-2020,45.2,48.4,43.75,47.1,4453118,4206673,2811
SUULD,30-DEC-2020,105.05,105.85,103.0,103.65,31588,10197,194
SUVEN,30-DEC-2020,95.65,97.0,91.4,92.6,1902661,857406,14069
SUVENPHAR,30-DEC-2020,462.1,468.0,453.0,455.9,513328,295742,44129
SWANENERGY,30-DEC-2020,136.0,139.35,131.65,137.55,169974,26735,2603
SWARAJENG,30-DEC-2020,1420.9,1465.0,1407.6,1426.1,30652,13649,3281
SWELECTES,30-DEC-2020,196.0,196.1,190.05,196.1,48108,36636,528
SWSOLAR,30-DEC-2020,223.05,245.5,222.5,236.2,1482889,801834,82172
SYMPHONY,30-DEC-2020,1026.0,1029.0,994.4,1018.45,78807,32029,8444
SYNGENE,30-DEC-2020,604.6,616.7,601.0,610.4,347359,139560,10297
TAINWALCHM,30-DEC-2020,72.3,79.5,72.3,75.65,56920,22579,1106
TAJGVK,30-DEC-2020,134.2,134.5,132.1,132.65,105557,61198,2625
TAKE,30-DEC-2020,55.7,55.7,52.55,52.8,5605983,2498292,19819
TALBROAUTO,30-DEC-2020,145.95,145.95,140.45,142.05,12168,9698,379
TANLA,30-DEC-2020,766.3,766.3,693.4,709.35,1537294,576458,43559
TARMAT,30-DEC-2020,53.55,54.9,52.5,53.45,21755,11788,364
TASTYBITE,30-DEC-2020,12260.0,12385.0,11956.0,12037.65,1409,444,744
TATACHEM,30-DEC-2020,485.0,485.1,474.15,479.7,2842106,420463,34406
TATACOFFEE,30-DEC-2020,106.0,106.75,105.0,105.55,286870,125129,2827
TATACOMM,30-DEC-2020,1085.2,1085.2,1055.1,1075.9,102742,31518,4718
TATACONSUM,30-DEC-2020,598.8,604.0,590.05,594.35,2297999,1065412,36023
TATAELXSI,30-DEC-2020,1855.0,1860.0,1821.0,1851.65,245023,61656,13138
TATAINVEST,30-DEC-2020,1014.0,1014.45,991.3,998.25,20019,11446,1290
TATAMETALI,30-DEC-2020,609.95,615.9,601.0,608.8,62444,29696,2897
TATAMOTORS,30-DEC-2020,183.1,185.4,180.4,184.15,38576159,3253674,140846
TATAMTRDVR,30-DEC-2020,76.3,77.25,74.6,76.8,3336184,1218398,9650
TATAPOWER,30-DEC-2020,76.95,76.95,75.2,75.8,17918812,4442468,42221
TATASTEEL,30-DEC-2020,632.95,643.95,624.05,640.45,11514428,2116820,104168
TATASTLBSL,30-DEC-2020,38.8,40.1,38.3,39.9,6437076,3151429,4977
TATASTLLP,30-DEC-2020,553.65,555.0,542.3,551.55,51130,23058,2268
TBZ,30-DEC-2020,54.9,63.75,53.5,61.0,2720038,748060,17273
TCI,30-DEC-2020,250.85,254.0,247.0,250.95,26632,7376,940
TCIDEVELOP,30-DEC-2020,315.95,323.05,310.0,315.35,2334,1502,606
TCIEXP,30-DEC-2020,925.0,930.0,910.0,925.0,16940,10116,2962
TCNSBRANDS,30-DEC-2020,456.9,456.9,440.35,447.85,28652,22251,1154
TCPLPACK,30-DEC-2020,396.85,396.85,376.2,389.75,5534,2209,744
TCS,30-DEC-2020,2934.4,2947.7,2902.0,2909.3,2637968,1441442,87612
TDPOWERSYS,30-DEC-2020,151.8,154.2,146.5,152.7,205942,117925,3207
TEAMLEASE,30-DEC-2020,2558.0,2558.0,2502.0,2541.05,13396,10278,2295
TECHIN,30-DEC-2020,2.95,3.0,2.9,2.9,2801,2801,11
TECHM,30-DEC-2020,970.0,985.0,967.8,983.25,6389605,1649540,104717
TECHNOE,30-DEC-2020,228.2,228.9,212.8,219.65,148454,67572,4085
TEJASNET,30-DEC-2020,126.0,130.65,122.5,130.65,608232,350318,3796
TERASOFT,30-DEC-2020,48.5,51.85,47.65,51.85,411065,188779,2308
TEXINFRA,30-DEC-2020,43.35,46.5,42.15,45.4,261923,167922,1999
TEXMOPIPES,30-DEC-2020,20.95,21.05,20.6,20.8,38859,25779,244
TEXRAIL,30-DEC-2020,31.95,32.2,31.15,31.55,1072613,479634,3108
TFCILTD,30-DEC-2020,47.15,49.95,46.75,48.95,1028841,340820,6006
TFL,30-DEC-2020,2.7,2.7,2.7,2.7,22,22,3
THANGAMAYL,30-DEC-2020,595.0,618.8,591.0,607.9,28201,6977,2444
THEMISMED,30-DEC-2020,365.55,368.95,361.05,363.25,3749,2001,170
THERMAX,30-DEC-2020,910.0,914.95,895.0,907.15,25906,17693,1999
THOMASCOOK,30-DEC-2020,46.2,47.15,45.1,46.95,461403,209961,3019
THYROCARE,30-DEC-2020,923.7,927.95,906.0,908.4,84861,39724,5097
TI,30-DEC-2020,31.5,32.25,29.8,30.55,619132,364978,2538
TIDEWATER,30-DEC-2020,4441.45,4499.95,4425.0,4452.85,2640,1410,610
TIIL,30-DEC-2020,347.8,347.85,337.0,339.65,9652,7490,399
TIINDIA,30-DEC-2020,806.2,806.2,791.0,793.3,34007,23356,2173
TIL,30-DEC-2020,171.9,184.0,168.0,179.7,19548,11651,851
TIMESGTY,30-DEC-2020,27.1,27.7,26.7,27.65,1268,982,70
TIMETECHNO,30-DEC-2020,48.9,50.85,48.2,49.8,2113496,670257,9475
TIMKEN,30-DEC-2020,1243.65,1318.7,1148.9,1306.25,393551,115257,25896
TINPLATE,30-DEC-2020,147.95,151.95,144.3,149.7,471295,148358,6650
TIPSINDLTD,30-DEC-2020,309.45,349.0,301.5,328.0,160202,43775,5554
TIRUMALCHM,30-DEC-2020,99.75,100.3,98.0,99.4,425773,197290,3633
TITAN,30-DEC-2020,1548.0,1555.7,1533.3,1552.6,1151230,233823,45663
TMRVL,30-DEC-2020,12.35,12.35,11.75,12.05,78369,60129,411
TNPETRO,30-DEC-2020,42.5,43.15,42.25,42.4,171445,95539,2248
TNPL,30-DEC-2020,122.25,123.0,120.2,121.45,85921,45608,1509
TOKYOPLAST,30-DEC-2020,72.45,73.75,70.0,71.25,7063,4750,302
TORNTPHARM,30-DEC-2020,2759.8,2800.0,2736.0,2793.0,308553,105676,18531
TORNTPOWER,30-DEC-2020,319.0,320.9,314.25,319.6,610145,183694,11878
TOTAL,30-DEC-2020,66.0,66.5,62.3,65.75,19793,14285,232
TOUCHWOOD,30-DEC-2020,51.0,51.5,48.0,51.4,2078,1615,56
TPLPLASTEH,30-DEC-2020,150.0,158.0,150.0,157.05,2833,2242,165
TREEHOUSE,30-DEC-2020,6.85,6.95,6.5,6.6,125565,95817,166
TREJHARA,30-DEC-2020,41.95,41.95,39.1,39.4,48778,38681,420
TRENT,30-DEC-2020,674.6,690.25,650.0,677.55,662060,361639,30643
TRIDENT,30-DEC-2020,9.8,9.85,9.5,9.7,11005401,3366450,13198
TRIGYN,30-DEC-2020,81.9,84.55,76.6,84.55,506110,268230,2427
TRITURBINE,30-DEC-2020,82.0,82.0,79.05,79.95,81196,45137,1186
TRIVENI,30-DEC-2020,72.0,72.65,71.2,71.7,340503,165861,3039
TTKHLTCARE,30-DEC-2020,581.7,597.0,581.6,586.7,3635,2890,372
TTKPRESTIG,30-DEC-2020,6249.0,6249.0,6145.0,6177.25,7350,3011,2056
TTL,30-DEC-2020,62.6,62.6,53.6,55.25,193298,88666,2231
TV18BRDCST,30-DEC-2020,31.1,31.4,30.85,31.05,2522532,1136499,3802
TVSMOTOR,30-DEC-2020,489.45,489.45,480.0,486.5,831686,112117,12017
TVSSRICHAK,30-DEC-2020,1877.65,1930.0,1856.9,1871.35,8281,3073,1409
TVTODAY,30-DEC-2020,227.0,231.0,226.3,229.6,145847,104528,3028
TWL,30-DEC-2020,54.0,55.4,52.15,53.7,2518556,717836,11267
UBL,30-DEC-2020,1157.0,1168.8,1145.0,1159.9,696591,225032,30033
UCALFUEL,30-DEC-2020,122.4,124.4,122.05,123.85,28375,16942,552
UCOBANK,30-DEC-2020,12.8,12.8,12.6,12.65,963936,419698,9519
UFLEX,30-DEC-2020,376.95,377.65,372.05,375.0,39441,24137,1233
UFO,30-DEC-2020,90.3,91.05,87.6,89.5,274247,106589,3056
UGARSUGAR,30-DEC-2020,16.9,17.45,16.8,16.9,157606,69139,636
UJAAS,30-DEC-2020,2.8,2.8,2.7,2.8,4351340,2151511,1807
UJJIVAN,30-DEC-2020,277.6,280.75,271.65,275.8,312348,119309,5858
UJJIVANSFB,30-DEC-2020,39.8,40.2,39.1,39.75,998454,464361,3378
ULTRACEMCO,30-DEC-2020,5157.05,5400.0,5120.05,5354.75,1002535,209677,61838
UMANGDAIRY,30-DEC-2020,53.05,54.4,52.5,53.45,11292,6424,252
UNICHEMLAB,30-DEC-2020,267.0,267.0,257.45,261.05,52926,29962,1806
UNIDT,30-DEC-2020,272.0,275.95,265.0,275.35,19936,5920,307
UNIENTER,30-DEC-2020,68.65,71.3,66.2,67.85,23651,9554,863
UNIONBANK,30-DEC-2020,32.45,32.7,31.4,31.95,9694902,1916215,14529
UNITEDTEA,30-DEC-2020,332.0,332.0,322.45,328.1,690,372,60
UNIVASTU,30-DEC-2020,34.7,34.7,32.75,33.05,352,266,19
UNIVCABLES,30-DEC-2020,141.95,141.95,136.65,138.75,15622,10768,374
UNIVPHOTO,30-DEC-2020,162.2,172.0,160.4,161.9,2060,1669,268
UPL,30-DEC-2020,464.0,472.4,461.25,467.1,21753642,2468703,217429
USHAMART,30-DEC-2020,32.75,35.95,30.8,35.55,4802316,2388036,10701
UTIAMC,30-DEC-2020,560.0,565.5,555.85,561.05,158523,111365,11287
UTIBANKETF,30-DEC-2020,317.3,317.3,310.0,312.93,235,198,47
UTINEXT50,30-DEC-2020,335.8,336.0,333.46,335.32,833,581,23
UTINIFTETF,30-DEC-2020,1486.83,1489.54,1479.45,1489.0,206,175,38
UTISENSETF,30-DEC-2020,516.1,516.1,506.55,514.63,862,782,82
UTISXN50,30-DEC-2020,362.25,370.0,362.2,366.0,52,41,14
UTTAMSTL,30-DEC-2020,7.5,7.55,7.35,7.5,139584,108421,339
UTTAMSUGAR,30-DEC-2020,99.9,102.9,99.9,101.0,69636,21995,1388
VADILALIND,30-DEC-2020,755.1,769.0,753.85,757.85,4858,4146,190
VAIBHAVGBL,30-DEC-2020,2252.0,2459.95,2252.0,2420.05,64435,36540,6500
VAISHALI,30-DEC-2020,64.15,64.15,58.5,63.95,941812,423255,5387
VAKRANGEE,30-DEC-2020,64.0,67.15,63.75,66.75,12441807,5861488,20305
VALIANTORG,30-DEC-2020,1571.05,1579.95,1539.9,1552.1,21754,16203,1794
VARDHACRLC,30-DEC-2020,36.35,37.35,35.6,36.2,139998,83935,768
VARDMNPOLY,30-DEC-2020,14.45,14.8,13.5,14.05,46213,26280,337
VARROC,30-DEC-2020,396.25,398.85,388.0,390.55,62852,32333,3811
VASWANI,30-DEC-2020,6.1,6.1,5.6,6.1,32220,24590,55
VBL,30-DEC-2020,904.9,916.9,887.0,902.65,357235,189559,18409
VEDL,30-DEC-2020,160.15,162.5,156.1,162.05,24689065,4845304,98709
VENKEYS,30-DEC-2020,1708.95,1767.7,1698.0,1738.25,654225,107317,42154
VENUSREM,30-DEC-2020,135.05,150.55,134.6,147.05,474849,266016,4374
VERTOZ,30-DEC-2020,214.3,214.3,205.85,207.95,38086,16284,579
VESUVIUS,30-DEC-2020,1140.0,1140.0,1111.15,1123.25,130864,116872,2057
VETO,30-DEC-2020,81.45,81.45,78.6,79.5,21734,17712,294
VGUARD,30-DEC-2020,187.9,187.9,185.3,186.6,261879,150197,8762
VHL,30-DEC-2020,1450.1,1475.0,1421.1,1431.65,491,310,68
VIDHIING,30-DEC-2020,119.0,120.0,117.3,119.25,34021,22543,524
VIKASECO,30-DEC-2020,3.9,4.2,3.8,4.15,9195953,5257814,2386
VIKASMCORP,30-DEC-2020,5.65,6.0,5.65,5.65,12657688,6217297,7669
VIKASPROP,30-DEC-2020,2.9,2.95,2.9,2.9,1655749,1214796,1365
VIKASWSP,30-DEC-2020,4.95,4.95,4.7,4.75,497327,361143,553
VIMTALABS,30-DEC-2020,174.0,175.9,171.1,172.45,38871,15785,975
VINATIORGA,30-DEC-2020,1230.0,1255.0,1209.0,1219.7,316481,114261,18338
VINDHYATEL,30-DEC-2020,845.95,847.55,823.0,832.6,7375,4719,798
VINYLINDIA,30-DEC-2020,123.8,131.7,123.0,125.95,239118,77508,4793
VIPCLOTHNG,30-DEC-2020,12.65,12.8,12.1,12.6,68054,41913,265
VIPIND,30-DEC-2020,356.7,357.0,349.5,351.85,123112,49525,5678
VIPULLTD,30-DEC-2020,20.0,20.0,19.0,19.25,56515,34252,320
VISAKAIND,30-DEC-2020,375.1,392.25,375.0,388.05,80725,33849,2660
VISASTEEL,30-DEC-2020,6.3,6.7,6.3,6.55,58819,38744,254
VISHAL,30-DEC-2020,60.35,60.35,60.35,60.35,12350,12350,130
VISHNU,30-DEC-2020,208.0,219.25,206.1,219.25,49890,26263,690
VISHWARAJ,30-DEC-2020,120.05,122.3,119.05,120.05,4329,4163,53
VIVIMEDLAB,30-DEC-2020,18.15,18.15,17.65,17.75,78090,57721,364
VLSFINANCE,30-DEC-2020,68.85,68.9,66.0,67.85,18028,10651,346
VMART,30-DEC-2020,2498.1,2540.0,2370.95,2464.35,31094,12548,4981
VOLTAMP,30-DEC-2020,1236.95,1265.0,1219.95,1255.6,10546,6046,1997
VOLTAS,30-DEC-2020,820.0,821.0,810.1,819.8,897917,181412,23299
VRLLOG,30-DEC-2020,202.65,206.5,199.4,205.15,361714,117304,5726
VSSL,30-DEC-2020,120.5,120.5,118.0,118.9,12612,10626,265
VSTIND,30-DEC-2020,3780.0,3780.05,3711.0,3723.35,5143,3276,1292
VSTTILLERS,30-DEC-2020,1869.4,1890.0,1849.8,1858.45,6451,3648,858
VTL,30-DEC-2020,1086.95,1099.95,1070.05,1094.0,70497,56190,3711
WABAG,30-DEC-2020,201.3,206.75,198.6,201.65,262745,100627,5735
WABCOINDIA,30-DEC-2020,5656.1,5697.0,5609.95,5615.3,1432,750,562
WALCHANNAG,30-DEC-2020,59.85,63.6,58.4,62.2,270338,94095,2532
WATERBASE,30-DEC-2020,130.0,130.8,126.6,128.55,204556,60818,4000
WEBELSOLAR,30-DEC-2020,43.0,43.75,41.05,43.75,408026,306418,1656
WEIZMANIND,30-DEC-2020,48.5,50.95,47.3,47.95,13356,5971,245
WELCORP,30-DEC-2020,131.2,136.8,127.35,135.2,1816958,641884,16337
WELENT,30-DEC-2020,88.9,88.9,84.05,85.45,156369,98092,1493
WELINV,30-DEC-2020,354.05,364.0,351.0,357.55,2564,1034,267
WELSPUNIND,30-DEC-2020,69.3,69.55,66.3,66.65,946911,684327,4959
WENDT,30-DEC-2020,3095.05,3135.0,3051.0,3092.5,183,115,81
WESTLIFE,30-DEC-2020,436.95,459.0,427.1,452.5,713401,377013,22006
WHEELS,30-DEC-2020,492.5,498.95,478.1,483.15,28697,14802,1754
WHIRLPOOL,30-DEC-2020,2509.0,2648.85,2454.0,2586.85,115299,37084,10718
WILLAMAGOR,30-DEC-2020,20.65,21.25,20.0,20.2,4333,3735,63
WIPRO,30-DEC-2020,385.0,386.6,382.8,384.4,7188435,1504855,79271
WOCKPHARMA,30-DEC-2020,513.0,558.0,501.8,550.5,5970291,1144791,128619
WONDERLA,30-DEC-2020,206.15,208.6,203.2,205.85,43802,21283,2241
WORTH,30-DEC-2020,54.9,54.9,51.7,53.0,10421,7087,202
WSTCSTPAPR,30-DEC-2020,171.4,173.8,171.0,172.0,109048,65509,2566
XCHANGING,30-DEC-2020,90.3,90.95,88.0,88.4,270416,151251,2462
XELPMOC,30-DEC-2020,351.35,351.35,351.35,351.35,22797,22797,162
YAARII,30-DEC-2020,87.15,87.15,83.0,87.15,566631,291330,2532
YESBANK,30-DEC-2020,17.7,17.85,17.45,17.75,79131606,30992476,72499
ZEEL,30-DEC-2020,220.0,220.05,214.5,219.15,11515691,2357801,62488
ZEELEARN,30-DEC-2020,13.65,13.65,13.35,13.45,330388,192045,754
ZEEMEDIA,30-DEC-2020,5.9,6.15,5.8,5.9,1417300,1005459,1520
ZENSARTECH,30-DEC-2020,237.0,245.8,234.8,239.5,85375,41347,3196
ZENTEC,30-DEC-2020,87.55,92.0,86.0,89.9,463733,187405,4739
ZODIACLOTH,30-DEC-2020,108.95,109.0,106.85,107.9,16983,9188,305
ZODJRDMKJ,30-DEC-2020,28.05,29.95,28.05,29.55,1697,1205,108
ZOTA,30-DEC-2020,155.0,169.8,153.0,168.7,272440,107907,2674
ZUARI,30-DEC-2020,105.9,107.2,99.8,101.4,235558,104574,3382
ZUARIGLOB,30-DEC-2020,78.95,79.45,70.05,72.05,624368,326982,5839
ZYDUSWELL,30-DEC-2020,2000.0,2020.0,1955.0,1966.2,32896,11765,3881
